283,328,1
283,329,1
283,330,1
283,331,1
283,332,1
283,333,1
283,334,1
283,335,1
283,336,1
282,337,1
282,338,1
282,339,1
282,340,1
282,341,1
282,342,1
282,343,1
282,344,1
282,345,1
282,346,1
282,347,1
282,348,1
282,349,1
282,350,1
282,351,1
282,352,1
282,353,1
281,354,1
281,355,1
281,356,1
281,357,1
281,358,1
281,359,1
281,360,1
281,361,1
281,362,1
281,363,1
281,364,1
281,365,1
281,366,1
280,367,1
280,368,1
280,369,1
280,370,1
280,371,1
280,372,1
280,373,1
280,374,1
280,375,1
280,376,1
279,377,1
279,378,1
279,379,1
279,380,1
279,381,1
279,382,1
279,383,1
279,384,1
279,385,1
279,386,1
279,387,1
279,388,1
279,389,1
278,390,1
278,391,1
278,392,1
278,393,1
278,394,1
278,395,1
278,396,1
278,397,1
277,398,1
277,399,1
277,400,1
277,401,1
277,402,1
277,403,1
276,404,1
276,405,1
276,406,1
276,407,1
276,408,1
276,409,1
275,410,1
275,411,1
275,412,1
274,413,1
274,414,1
274,415,1
274,416,1
273,417,1
273,418,1
273,419,1
272,420,1
272,421,1
272,422,1
271,423,1
271,424,1
270,425,1
270,426,1
269,427,1
269,428,1
268,428,1
268,429,1
267,430,1
267,431,1
266,431,1
266,432,1
265,433,1
264,434,1
263,435,1
262,436,1
261,436,1
260,437,1
259,437,1
258,438,1
257,438,1
256,438,1
255,438,1
254,439,1
253,439,1
252,439,1
251,439,1
250,439,1
250,438,1
249,438,1
248,438,1
247,438,1
247,437,1
246,437,1
245,437,1
244,436,1
243,435,1
242,435,1
242,434,1
241,434,1
241,433,1
240,433,1
239,432,1
239,431,1
238,430,1
238,429,1
238,428,1
237,428,1
237,427,1
237,426,1
237,425,1
237,424,1
237,423,1
237,422,1
237,421,1
237,420,1
237,419,1
237,418,1
237,417,1
237,416,1
238,415,1
238,414,1
239,413,1
239,412,1
240,411,1
241,410,1
241,409,1
242,408,1
243,407,1
244,406,1
244,405,1
245,405,1
246,404,1
247,403,1
248,402,1
249,402,1
250,401,1
251,401,1
251,400,1
252,400,1
253,399,1
254,399,1
255,398,1
256,398,1
257,398,1
258,397,1
259,396,1
260,396,1
261,396,1
262,395,1
263,395,1
264,395,1
265,394,1
266,394,1
267,394,1
268,394,1
269,393,1
270,393,1
271,393,1
272,392,1
273,392,1
274,392,1
275,392,1
276,391,1
277,391,1
278,391,1
279,391,1
280,391,1
281,390,1
282,390,1
283,390,1
284,390,1
285,390,1
286,390,1
287,389,1
288,389,1
289,389,1
290,389,1
291,389,1
292,389,1
293,388,1
294,388,1
295,388,1
296,388,1
297,388,1
298,388,1
299,387,1
300,387,1
301,387,1
302,387,1
303,387,1
304,387,1
305,386,1
306,386,1
307,386,1
308,386,1
309,386,1
310,385,1
311,385,1
312,385,1
313,385,1
314,385,1
315,385,1
316,385,1
317,384,1
318,384,1
319,384,1
320,384,1
321,384,1
322,384,1
323,384,1
324,383,1
325,383,1
326,383,1
327,383,1
328,383,1
329,383,1
330,383,1
331,383,1
332,382,1
333,382,1
334,382,1
335,382,1
336,382,1
337,382,1
338,382,1
339,381,1
340,381,1
341,381,1
342,381,1
343,381,1
344,381,1
345,381,1
346,380,1
347,380,1
348,380,1
349,380,1
350,380,1
351,380,1
352,380,1
353,380,1
354,379,1
355,379,1
356,379,1
357,379,1
358,379,1
359,379,1
360,379,1
361,379,1
362,378,1
363,378,1
364,378,1
365,378,1
366,378,1
367,378,1
368,378,1
369,378,1
370,377,1
371,377,1
372,377,1
373,377,1
374,377,1
375,377,1
376,376,1
377,376,1
378,376,1
379,376,1
380,376,1
381,376,1
382,375,1
383,375,1
384,375,1
385,375,1
386,375,1
387,374,1
388,374,1
389,374,1
390,374,1
391,374,1
392,373,1
393,373,1
394,373,1
395,373,1
396,372,1
397,372,1
398,372,1
399,372,1
400,371,1
401,371,1
402,371,1
403,371,1
404,370,1
405,370,1
406,370,1
407,370,1
407,369,1
408,369,1
409,369,1
410,368,1
411,368,1
412,368,1
413,367,1
414,367,1
415,367,1
416,366,1
417,366,1
418,366,1
419,365,1
420,364,1
421,364,1
422,363,1
423,363,1
424,363,1
425,362,1
426,362,1
427,361,1
428,360,1
429,360,1
430,359,1
431,359,1
432,358,1
433,358,1
434,357,1
435,356,1
436,356,1
437,355,1
438,354,1
439,354,1
439,353,1
440,352,1
441,352,1
442,351,1
443,350,1
444,350,1
444,349,1
445,348,1
446,348,1
447,347,1
448,346,1
449,345,1
450,344,1
451,343,1
452,342,1
453,341,1
454,340,1
454,339,1
455,338,1
456,338,1
457,337,1
457,336,1
458,335,1
459,334,1
460,333,1
460,332,1
461,331,1
462,330,1
462,329,1
463,329,1
463,328,1
463,327,1
464,327,1
464,326,1
465,326,1
465,325,1
466,324,1
466,323,1
466,324,1
466,325,1
466,326,1
465,326,1
465,327,1
465,328,1
465,329,1
464,329,1
464,330,1
464,331,1
463,332,1
463,333,1
463,334,1
462,335,1
462,336,1
461,337,1
461,338,1
461,339,1
460,340,1
460,341,1
460,342,1
459,343,1
459,344,1
459,345,1
459,346,1
458,347,1
458,348,1
458,349,1
457,350,1
457,351,1
457,352,1
457,353,1
456,354,1
456,355,1
456,356,1
456,357,1
455,358,1
455,359,1
455,360,1
454,361,1
454,362,1
454,363,1
454,364,1
453,365,1
453,366,1
453,367,1
453,368,1
452,369,1
452,370,1
452,371,1
452,372,1
452,373,1
451,374,1
451,375,1
451,376,1
451,377,1
450,378,1
450,379,1
450,380,1
450,381,1
450,382,1
449,383,1
449,384,1
449,385,1
449,386,1
449,387,1
448,388,1
448,389,1
448,390,1
448,391,1
448,392,1
448,393,1
447,394,1
447,395,1
447,396,1
447,397,1
447,398,1
446,399,1
446,400,1
446,401,1
446,402,1
446,403,1
446,404,1
446,405,1
445,406,1
445,407,1
445,408,1
445,409,1
445,410,1
445,411,1
445,412,1
445,413,1
444,414,1
444,415,1
444,416,1
444,417,1
444,418,1
444,419,1
444,420,1
444,421,1
444,422,1
444,423,1
444,424,1
444,425,1
444,426,1
444,427,1
444,428,1
444,429,1
443,430,1
443,431,1
443,432,1
443,433,1
443,434,1
443,435,1
443,436,1
443,437,1
443,438,1
443,439,1
444,439,1
444,440,1
444,441,1
445,441,1
511,367,0
580,291,1
580,292,1
580,293,1
580,294,1
580,295,1
580,296,1
580,297,1
580,298,1
579,299,1
579,300,1
579,301,1
579,302,1
579,303,1
579,304,1
579,305,1
579,306,1
579,307,1
579,308,1
579,309,1
578,310,1
578,311,1
578,312,1
578,313,1
578,314,1
578,315,1
578,316,1
578,317,1
578,318,1
578,319,1
577,320,1
577,321,1
577,322,1
577,323,1
577,324,1
577,325,1
577,326,1
577,327,1
576,328,1
576,329,1
576,330,1
576,331,1
576,332,1
576,333,1
576,334,1
575,335,1
575,336,1
575,337,1
575,338,1
575,339,1
574,340,1
574,341,1
574,342,1
574,343,1
574,344,1
573,345,1
573,346,1
573,347,1
573,348,1
573,349,1
572,350,1
572,351,1
572,352,1
572,353,1
571,354,1
571,355,1
571,356,1
571,357,1
570,358,1
570,359,1
570,360,1
570,361,1
569,361,1
569,362,1
569,363,1
569,364,1
568,365,1
568,366,1
568,367,1
567,368,1
567,369,1
566,369,1
566,370,1
566,371,1
565,371,1
565,372,1
564,373,1
564,374,1
563,375,1
563,376,1
562,377,1
561,378,1
560,378,1
560,377,1
559,376,1
559,375,1
559,374,1
559,373,1
558,273,0
550,161,1
551,162,1
551,163,1
552,163,1
553,164,1
553,165,1
554,166,1
555,167,1
556,168,1
556,169,1
557,170,1
558,170,1
559,171,1
559,172,1
560,173,1
561,173,1
561,174,1
562,175,1
563,176,1
563,177,1
564,177,1
565,178,1
565,179,1
566,180,1
567,180,1
567,181,1
568,182,1
569,183,1
569,184,1
570,184,1
571,185,1
571,186,1
572,187,1
573,188,1
574,189,1
575,190,1
576,191,1
576,192,1
577,193,1
578,194,1
579,194,1
579,195,1
580,196,1
581,197,1
581,198,1
582,199,1
583,199,1
584,200,1
584,201,1
585,202,1
586,203,1
587,203,1
587,204,1
588,205,1
589,206,1
589,207,1
590,208,1
591,208,1
591,209,1
592,210,1
593,211,1
594,212,1
595,213,1
596,214,1
596,215,1
597,215,1
598,216,1
599,217,1
599,218,1
600,219,1
601,219,1
601,220,1
602,221,1
603,222,1
604,223,1
605,224,1
605,225,1
606,225,1
607,226,1
607,227,1
608,228,1
609,228,1
609,229,1
610,230,1
611,231,1
612,232,1
613,233,1
614,234,1
614,235,1
615,235,1
616,236,1
617,237,1
617,238,1
618,239,1
619,239,1
619,240,1
620,241,1
621,242,1
622,243,1
623,244,1
624,245,1
625,246,1
625,247,1
626,247,1
627,248,1
628,249,1
628,250,1
629,251,1
630,251,1
631,252,1
631,253,1
632,254,1
633,255,1
634,256,1
635,257,1
636,258,1
637,259,1
638,260,1
639,261,1
639,262,1
640,262,1
641,263,1
783,279,0
933,298,1
933,299,1
934,300,1
934,301,1
934,302,1
933,302,1
932,302,1
932,301,1
931,301,1
930,301,1
929,300,1
928,300,1
927,300,1
926,299,1
925,299,1
924,299,1
923,299,1
922,298,1
921,298,1
920,298,1
919,297,1
918,297,1
917,297,1
917,296,1
916,296,1
915,296,1
914,295,1
913,295,1
912,295,1
911,294,1
910,294,1
909,294,1
908,294,1
907,293,1
906,293,1
905,293,1
904,292,1
903,292,1
902,292,1
901,292,1
900,292,1
899,291,1
898,291,1
897,291,1
896,291,1
895,291,1
894,291,1
893,290,1
892,290,1
891,290,1
890,290,1
889,290,1
888,290,1
887,290,1
886,290,1
885,290,1
884,290,1
883,290,1
882,290,1
881,290,1
880,290,1
879,290,1
878,290,1
877,290,1
876,290,1
875,290,1
874,290,1
873,290,1
872,290,1
871,291,1
870,291,1
869,291,1
868,291,1
867,292,1
866,292,1
865,292,1
864,293,1
863,293,1
862,294,1
861,294,1
860,295,1
859,296,1
858,296,1
858,297,1
857,297,1
856,298,1
855,299,1
855,300,1
854,300,1
854,301,1
854,302,1
853,302,1
853,303,1
853,304,1
853,305,1
853,306,1
853,307,1
853,308,1
853,309,1
853,310,1
853,311,1
854,312,1
854,313,1
855,314,1
856,315,1
856,316,1
857,316,1
858,317,1
858,318,1
859,318,1
860,319,1
861,320,1
862,320,1
863,321,1
864,322,1
865,322,1
866,323,1
867,323,1
868,323,1
869,324,1
870,324,1
871,324,1
872,325,1
873,325,1
874,326,1
875,326,1
876,326,1
877,326,1
878,327,1
879,327,1
880,327,1
881,327,1
882,328,1
883,328,1
884,328,1
885,328,1
886,328,1
887,329,1
888,329,1
889,329,1
890,329,1
891,329,1
892,329,1
893,330,1
894,330,1
895,330,1
896,330,1
897,330,1
898,330,1
899,331,1
900,331,1
901,331,1
902,331,1
903,331,1
904,331,1
905,332,1
906,332,1
907,332,1
908,332,1
909,332,1
910,332,1
911,332,1
912,332,1
913,333,1
914,333,1
915,333,1
916,333,1
917,333,1
918,333,1
919,333,1
920,333,1
921,333,1
922,333,1
923,333,1
924,333,1
925,333,1
926,333,1
927,333,1
928,333,1
929,333,1
930,333,1
931,333,1
930,333,1
930,332,1
929,332,1
928,332,1
927,332,1
926,332,1
925,332,1
924,332,1
923,332,1
922,332,1
921,332,1
920,333,1
919,333,1
918,333,1
917,333,1
916,333,1
915,333,1
914,333,1
913,333,1
912,334,1
911,334,1
910,334,1
909,334,1
908,334,1
907,334,1
906,335,1
905,335,1
904,335,1
903,335,1
902,335,1
901,336,1
900,336,1
899,336,1
898,336,1
897,337,1
896,337,1
895,338,1
894,338,1
893,338,1
892,339,1
891,339,1
890,339,1
889,340,1
888,340,1
887,340,1
886,341,1
885,341,1
884,342,1
883,342,1
882,342,1
881,343,1
880,343,1
880,344,1
879,344,1
878,345,1
877,345,1
876,346,1
875,346,1
874,347,1
873,347,1
872,348,1
871,349,1
870,350,1
869,350,1
868,351,1
867,352,1
866,353,1
865,354,1
864,355,1
863,356,1
863,357,1
862,357,1
862,358,1
861,359,1
861,360,1
860,361,1
859,362,1
859,363,1
859,364,1
858,365,1
858,366,1
858,367,1
858,368,1
858,369,1
858,370,1
858,371,1
859,372,1
859,373,1
859,374,1
860,374,1
860,375,1
860,376,1
861,377,1
862,378,1
862,379,1
863,379,1
863,380,1
864,381,1
865,381,1
865,382,1
866,382,1
867,383,1
868,383,1
869,384,1
870,384,1
871,385,1
872,385,1
873,386,1
874,386,1
875,386,1
876,387,1
877,387,1
878,387,1
879,387,1
880,388,1
881,388,1
882,388,1
883,388,1
884,388,1
885,388,1
886,388,1
887,388,1
888,389,1
889,389,1
890,389,1
891,389,1
892,389,1
893,389,1
894,389,1
895,389,1
896,389,1
897,389,1
898,389,1
899,389,1
900,389,1
901,389,1
902,389,1
903,389,1
904,389,1
905,389,1
906,389,1
907,389,1
908,389,1
909,389,1
910,389,1
911,389,1
912,389,1
913,389,1
914,389,1
915,389,1
916,389,1
917,389,1
918,389,1
919,389,1
920,389,1
921,388,1
922,388,1
923,388,1
924,388,1
925,388,1
926,388,1
927,388,1
928,388,1
929,388,1
930,388,1
931,388,1
932,387,1
933,387,1
934,387,1
935,387,1
936,387,1
937,387,1
938,387,1
939,386,1
940,386,1
941,386,1
942,385,1
943,385,1
944,385,1
830,374,0
724,352,1
724,353,1
724,354,1
724,355,1
724,356,1
724,357,1
724,358,1
724,359,1
724,360,1
724,361,1
724,362,1
724,363,1
724,364,1
725,365,1
726,365,1
726,364,1
727,364,1
727,363,1
727,362,1
727,361,1
728,360,1
728,359,1
728,358,1
729,357,1
729,356,1
729,355,1
729,354,1
729,353,1
730,352,1
730,351,1
730,350,1
730,349,1
730,348,1
731,347,1
731,346,1
731,345,1
732,344,1
732,343,1
732,342,1
732,341,1
733,340,1
733,339,1
733,338,1
733,337,1
734,336,1
734,335,1
734,334,1
734,333,1
735,332,1
735,331,1
735,330,1
735,329,1
736,328,1
736,327,1
736,326,1
737,325,1
737,324,1
737,323,1
738,322,1
738,321,1
738,320,1
739,319,1
739,318,1
739,317,1
740,316,1
740,315,1
740,314,1
741,313,1
741,312,1
741,311,1
742,310,1
742,309,1
742,308,1
742,307,1
743,306,1
743,305,1
743,304,1
744,303,1
744,302,1
745,301,1
745,300,1
745,299,1
746,298,1
746,297,1
746,296,1
747,295,1
747,294,1
748,293,1
748,292,1
748,291,1
749,290,1
749,289,1
750,288,1
750,287,1
750,286,1
751,285,1
751,284,1
752,283,1
752,282,1
753,281,1
753,280,1
753,279,1
754,278,1
754,277,1
755,276,1
755,275,1
755,274,1
756,273,1
756,272,1
757,271,1
758,270,1
758,269,1
758,268,1
759,267,1
759,266,1
760,265,1
760,264,1
761,263,1
761,262,1
762,261,1
763,260,1
763,259,1
764,258,1
764,257,1
765,256,1
765,255,1
766,254,1
766,253,1
767,252,1
767,251,1
768,250,1
768,249,1
769,248,1
770,248,1
770,247,1
771,246,1
771,245,1
772,244,1
772,243,1
773,242,1
774,241,1
775,240,1
775,239,1
776,238,1
776,237,1
777,236,1
778,235,1
779,234,1
780,233,1
780,232,1
781,231,1
781,230,1
782,230,1
783,229,1
783,228,1
784,227,1
785,226,1
786,225,1
787,224,1
787,223,1
788,222,1
789,222,1
789,221,1
790,220,1
791,219,1
792,219,1
792,218,1
793,217,1
794,217,1
794,216,1
795,215,1
796,214,1
797,214,1
797,213,1
798,212,1
799,212,1
800,211,1
801,210,1
802,209,1
803,208,1
804,207,1
805,207,1
805,206,1
806,206,1
807,205,1
808,204,1
809,204,1
810,203,1
810,202,1
811,202,1
812,201,1
813,201,1
814,200,1
815,200,1
816,199,1
816,198,1
817,198,1
818,197,1
819,197,1
820,196,1
821,196,1
822,195,1
823,195,1
824,194,1
825,194,1
826,193,1
827,193,1
828,193,1
829,192,1
830,192,1
831,192,1
832,191,1
833,191,1
834,190,1
835,190,1
836,190,1
837,190,1
838,190,1
839,189,1
840,189,1
841,189,1
842,189,1
843,189,1
844,189,1
845,189,1
846,189,1
847,189,1
848,188,1
849,188,1
850,188,1
851,188,1
852,188,1
853,189,1
854,189,1
855,189,1
856,189,1
857,189,1
858,189,1
859,189,1
860,189,1
861,190,1
862,190,1
863,190,1
864,190,1
865,190,1
865,191,1
866,191,1
867,191,1
868,192,1
869,192,1
870,192,1
871,193,1
872,193,1
873,193,1
874,194,1
875,194,1
875,195,1
876,195,1
877,196,1
878,196,1
879,197,1
880,197,1
880,198,1
881,199,1
882,199,1
883,200,1
884,200,1
884,201,1
885,202,1
886,202,1
887,203,1
887,204,1
888,204,1
889,205,1
890,206,1
890,207,1
891,207,1
892,208,1
892,209,1
893,209,1
894,210,1
894,211,1
895,212,1
896,212,1
896,213,1
897,214,1
898,215,1
898,216,1
899,216,1
899,217,1
900,218,1
901,219,1
901,220,1
902,220,1
902,221,1
903,222,1
903,223,1
904,224,1
904,225,1
905,226,1
906,227,1
907,228,1
907,229,1
908,230,1
908,231,1
909,232,1
909,233,1
909,234,1
910,235,1
911,236,1
911,237,1
912,238,1
912,239,1
913,240,1
913,241,1
913,242,1
914,243,1
914,244,1
915,245,1
915,246,1
915,247,1
916,248,1
916,249,1
917,250,1
917,251,1
917,252,1
917,253,1
918,254,1
918,255,1
918,256,1
918,257,1
919,258,1
1067,279,0
1220,301,1
1220,302,1
1219,303,1
1219,304,1
1218,305,1
1218,306,1
1218,307,1
1217,308,1
1217,309,1
1216,310,1
1216,311,1
1216,312,1
1215,313,1
1215,314,1
1215,315,1
1214,316,1
1214,317,1
1214,318,1
1213,319,1
1213,320,1
1213,321,1
1212,322,1
1212,323,1
1211,324,1
1211,325,1
1211,326,1
1210,326,1
1210,327,1
1209,328,1
1209,329,1
1208,330,1
1207,331,1
1206,332,1
1205,332,1
1204,333,1
1203,333,1
1202,333,1
1202,334,1
1201,334,1
1200,334,1
1199,334,1
1198,334,1
1197,334,1
1196,334,1
1195,333,1
1194,333,1
1193,333,1
1192,333,1
1191,332,1
1190,332,1
1189,331,1
1188,331,1
1187,330,1
1186,330,1
1185,330,1
1184,329,1
1183,329,1
1182,328,1
1181,328,1
1180,327,1
1179,327,1
1178,327,1
1177,326,1
1176,326,1
1175,326,1
1174,325,1
1173,325,1
1172,324,1
1171,324,1
1170,324,1
1169,324,1
1168,324,1
1167,323,1
1166,323,1
1165,323,1
1164,323,1
1163,323,1
1162,323,1
1161,323,1
1160,323,1
1159,323,1
1158,323,1
1157,323,1
1156,323,1
1155,323,1
1154,323,1
1153,323,1
1152,323,1
1151,323,1
1150,323,1
1149,323,1
1148,324,1
1147,324,1
1146,324,1
1145,324,1
1144,324,1
1143,324,1
1142,325,1
1141,325,1
1140,325,1
1139,326,1
1138,326,1
1137,326,1
1136,327,1
1135,327,1
1134,327,1
1133,328,1
1132,328,1
1131,328,1
1130,329,1
1129,329,1
1129,330,1
1128,330,1
1127,330,1
1126,331,1
1125,331,1
1124,332,1
1123,332,1
1122,333,1
1121,333,1
1120,333,1
1120,334,1
1119,334,1
1118,335,1
1117,335,1
1116,336,1
1115,336,1
1114,337,1
1113,338,1
1112,339,1
1111,339,1
1110,340,1
1109,340,1
1109,341,1
1108,341,1
1107,342,1
1106,343,1
1105,343,1
1105,344,1
1104,344,1
1103,345,1
1102,346,1
1101,346,1
1100,347,1
1100,348,1
1099,348,1
1098,349,1
1097,350,1
1096,350,1
1096,351,1
1095,352,1
1094,352,1
1093,353,1
1092,354,1
1092,355,1
1091,355,1
1090,356,1
1089,357,1
1089,358,1
1088,358,1
1087,359,1
1086,360,1
1086,361,1
1085,362,1
1084,362,1
1083,363,1
1083,364,1
1082,365,1
1081,366,1
1080,367,1
1079,368,1
1078,369,1
1078,370,1
1077,371,1
1076,372,1
1075,373,1
1074,374,1
1073,375,1
1073,376,1
1072,377,1
1072,378,1
1071,379,1
1070,380,1
1070,381,1
1069,381,1
1069,382,1
1068,383,1
1068,384,1
1067,385,1
1067,386,1
1066,387,1
1066,388,1
1065,389,1
1065,390,1
1064,391,1
1064,392,1
1064,393,1
1063,393,1
1063,394,1
1062,395,1
1062,396,1
1062,397,1
1061,398,1
1061,399,1
1061,400,1
1061,401,1
1061,402,1
1061,403,1
1060,404,1
1060,405,1
1061,406,1
1061,407,1
1061,408,1
1061,409,1
682,349,0
296,298,1
297,298,1
298,298,1
299,298,1
300,297,1
301,297,1
302,297,1
303,297,1
304,296,1
305,296,1
306,296,1
307,296,1
308,296,1
309,296,1
310,296,1
311,296,1
312,295,1
313,295,1
314,295,1
315,295,1
316,295,1
317,295,1
318,295,1
319,295,1
320,294,1
321,294,1
322,294,1
323,294,1
324,294,1
325,294,1
326,294,1
327,294,1
328,293,1
329,293,1
330,293,1
331,293,1
332,293,1
333,293,1
334,293,1
335,293,1
336,292,1
337,292,1
338,292,1
339,292,1
340,292,1
341,292,1
342,292,1
343,291,1
344,291,1
345,291,1
346,291,1
347,291,1
348,291,1
349,291,1
350,291,1
351,290,1
352,290,1
353,290,1
354,290,1
355,290,1
356,290,1
357,290,1
358,290,1
359,290,1
360,289,1
361,289,1
362,289,1
363,289,1
364,289,1
365,289,1
366,289,1
367,289,1
368,289,1
369,289,1
370,288,1
371,288,1
372,288,1
373,288,1
374,288,1
375,288,1
376,288,1
377,288,1
378,288,1
379,287,1
380,287,1
381,287,1
382,287,1
383,287,1
384,287,1
385,287,1
386,287,1
387,286,1
388,286,1
389,286,1
390,286,1
391,286,1
392,286,1
393,286,1
394,285,1
395,285,1
396,285,1
397,285,1
398,285,1
399,285,1
400,285,1
401,285,1
402,284,1
403,284,1
404,284,1
405,284,1
406,284,1
407,284,1
408,284,1
409,284,1
410,283,1
411,283,1
412,283,1
413,283,1
414,283,1
415,283,1
416,283,1
417,283,1
418,283,1
419,282,1
420,282,1
421,282,1
422,282,1
423,282,1
424,282,1
425,282,1
426,282,1
427,281,1
428,281,1
429,281,1
430,281,1
431,281,1
432,281,1
433,281,1
434,281,1
435,281,1
436,280,1
437,280,1
438,280,1
439,280,1
440,280,1
441,280,1
442,280,1
443,280,1
444,280,1
445,279,1
446,279,1
447,279,1
448,279,1
449,279,1
450,279,1
451,279,1
452,279,1
453,279,1
454,279,1
455,279,1
456,278,1
457,278,1
458,278,1
459,278,1
460,278,1
461,278,1
462,278,1
463,278,1
464,278,1
465,278,1
466,278,1
467,278,1
468,278,1
469,278,1
470,277,1
471,277,1
472,277,1
473,277,1
474,277,1
475,277,1
476,277,1
477,277,1
478,277,1
479,277,1
480,277,1
481,277,1
482,277,1
483,277,1
484,277,1
485,276,1
486,276,1
487,276,1
488,276,1
489,276,1
490,276,1
491,276,1
492,276,1
493,276,1
494,276,1
495,276,1
496,275,1
497,275,1
498,275,1
499,275,1
500,275,1
501,275,1
502,275,1
503,275,1
504,275,1
505,275,1
506,274,1
507,274,1
508,274,1
509,274,1
510,274,1
511,274,1
512,274,1
513,274,1
514,274,1
515,274,1
516,274,1
517,273,1
518,273,1
519,273,1
520,273,1
521,273,1
522,273,1
523,273,1
524,273,1
525,273,1
526,273,1
527,273,1
528,273,1
529,273,1
530,273,1
531,273,1
532,273,1
533,272,1
534,272,1
535,272,1
536,272,1
537,272,1
538,272,1
539,272,1
540,272,1
541,272,1
542,272,1
543,272,1
544,272,1
545,272,1
546,272,1
547,272,1
548,272,1
549,271,1
550,271,1
551,271,1
552,271,1
553,271,1
554,271,1
555,271,1
556,271,1
557,271,1
558,271,1
559,271,1
560,271,1
561,271,1
562,271,1
563,271,1
564,270,1
565,270,1
566,270,1
567,270,1
568,270,1
569,270,1
570,270,1
571,270,1
572,270,1
573,270,1
574,270,1
575,269,1
576,269,1
577,269,1
578,269,1
579,269,1
580,269,1
581,269,1
582,269,1
583,269,1
584,268,1
585,268,1
586,268,1
587,268,1
588,268,1
589,268,1
590,268,1
591,268,1
592,268,1
593,268,1
594,268,1
595,268,1
596,267,1
597,267,1
598,267,1
599,267,1
600,267,1
601,267,1
602,267,1
603,267,1
604,267,1
605,267,1
606,267,1
607,267,1
608,267,1
609,267,1
610,267,1
611,267,1
612,267,1
613,266,1
614,266,1
615,266,1
616,266,1
617,266,1
618,266,1
619,266,1
620,266,1
621,266,1
622,266,1
623,266,1
624,266,1
625,266,1
626,266,1
627,266,1
628,266,1
629,266,1
630,266,1
631,266,1
632,266,1
633,265,1
634,265,1
635,265,1
636,265,1
637,265,1
638,265,1
639,265,1
640,265,1
641,265,1
642,265,1
643,265,1
644,265,1
645,265,1
646,265,1
647,265,1
648,265,1
649,264,1
650,264,1
651,264,1
652,264,1
653,264,1
654,264,1
655,264,1
656,264,1
657,264,1
658,264,1
659,264,1
660,264,1
661,264,1
662,264,1
663,264,1
664,263,1
665,263,1
666,263,1
667,263,1
668,263,1
669,263,1
670,263,1
671,263,1
672,263,1
673,263,1
674,263,1
675,263,1
676,263,1
677,263,1
678,263,1
679,263,1
680,262,1
681,262,1
682,262,1
683,262,1
684,262,1
685,262,1
686,262,1
687,262,1
688,262,1
689,262,1
690,262,1
691,262,1
692,262,1
693,262,1
694,262,1
695,262,1
696,262,1
697,262,1
698,262,1
699,262,1
700,262,1
701,262,1
702,262,1
703,262,1
704,262,1
705,262,1
706,262,1
707,262,1
708,262,1
709,262,1
710,261,1
711,261,1
712,261,1
713,261,1
714,261,1
715,261,1
716,261,1
717,261,1
718,261,1
719,261,1
720,261,1
721,261,1
722,261,1
723,261,1
724,261,1
725,261,1
726,261,1
727,261,1
728,261,1
729,261,1
730,261,1
731,261,1
732,261,1
733,261,1
734,261,1
735,261,1
736,261,1
737,261,1
738,261,1
739,261,1
740,261,1
741,261,1
742,261,1
743,261,1
744,261,1
745,261,1
746,261,1
747,261,1
748,261,1
749,261,1
750,261,1
751,261,1
752,261,1
753,261,1
754,261,1
755,261,1
756,261,1
757,261,1
758,261,1
759,261,1
760,261,1
761,261,1
762,261,1
763,261,1
764,261,1
765,261,1
766,261,1
767,261,1
768,261,1
769,261,1
770,261,1
771,261,1
772,261,1
773,261,1
774,261,1
775,261,1
776,261,1
777,261,1
778,261,1
779,261,1
780,261,1
781,261,1
782,261,1
783,261,1
784,261,1
785,261,1
786,261,1
787,261,1
788,261,1
789,261,1
790,261,1
791,261,1
792,261,1
793,261,1
794,261,1
795,261,1
796,261,1
797,261,1
798,261,1
799,261,1
800,261,1
801,261,1
802,261,1
803,261,1
804,261,1
805,261,1
806,261,1
807,261,1
808,261,1
809,261,1
810,261,1
811,261,1
812,261,1
813,261,1
814,261,1
815,261,1
816,261,1
817,261,1
818,261,1
819,261,1
820,261,1
821,261,1
822,261,1
823,261,1
824,261,1
825,261,1
826,261,1
827,261,1
828,261,1
829,261,1
830,261,1
831,261,1
832,261,1
833,261,1
834,261,1
835,261,1
836,261,1
837,261,1
838,261,1
839,261,1
840,261,1
841,261,1
842,261,1
843,261,1
844,261,1
845,261,1
846,261,1
847,261,1
848,261,1
849,261,1
850,261,1
851,261,1
852,261,1
853,261,1
854,261,1
855,261,1
856,261,1
857,261,1
858,261,1
859,261,1
860,261,1
861,261,1
862,261,1
863,261,1
864,261,1
865,261,1
866,261,1
867,261,1
868,261,1
869,261,1
870,261,1
871,261,1
872,261,1
873,261,1
874,261,1
875,261,1
876,261,1
877,261,1
878,261,1
879,261,1
880,261,1
881,261,1
882,261,1
883,261,1
884,261,1
885,261,1
886,261,1
887,261,1
888,261,1
889,261,1
890,261,1
891,261,1
892,261,1
893,261,1
894,261,1
895,261,1
896,261,1
897,261,1
898,261,1
899,261,1
900,261,1
901,261,1
902,261,1
903,261,1
904,261,1
905,261,1
906,261,1
907,261,1
908,261,1
909,261,1
910,261,1
911,261,1
912,261,1
913,261,1
914,261,1
915,261,1
916,261,1
917,261,1
918,261,1
919,261,1
920,261,1
921,261,1
922,261,1
923,261,1
924,261,1
925,261,1
926,261,1
927,261,1
928,261,1
929,261,1
930,261,1
931,261,1
932,261,1
933,261,1
934,261,1
935,262,1
936,262,1
937,262,1
938,262,1
939,262,1
940,262,1
941,262,1
942,262,1
943,262,1
944,262,1
945,262,1
946,262,1
947,262,1
948,262,1
949,262,1
950,262,1
951,262,1
952,262,1
953,262,1
954,262,1
955,262,1
956,262,1
957,262,1
958,262,1
959,262,1
960,262,1
961,262,1
962,262,1
963,262,1
964,262,1
965,262,1
966,262,1
967,262,1
968,262,1
969,262,1
970,262,1
971,262,1
972,262,1
973,262,1
974,262,1
975,262,1
976,262,1
977,262,1
978,262,1
979,262,1
980,262,1
981,262,1
982,262,1
983,262,1
984,262,1
985,262,1
986,262,1
987,262,1
988,262,1
989,262,1
990,262,1
991,262,1
992,262,1
993,262,1
994,262,1
995,262,1
996,262,1
997,262,1
998,262,1
999,262,1
1000,262,1
1001,262,1
1002,262,1
1003,262,1
1004,262,1
1005,262,1
1006,262,1
1007,262,1
1008,262,1
1009,262,1
1010,262,1
1011,262,1
1012,262,1
1013,262,1
1014,262,1
1015,262,1
1016,262,1
1017,262,1
1018,262,1
1019,262,1
1020,262,1
1021,262,1
1022,262,1
1023,262,1
1024,262,1
1025,262,1
1026,262,1
1027,262,1
1028,262,1
1029,262,1
1030,262,1
1031,262,1
1032,262,1
1033,262,1
1034,262,1
1035,262,1
1036,262,1
1037,262,1
1038,262,1
1039,262,1
1040,262,1
1041,262,1
1042,262,1
1043,262,1
1044,262,1
1045,262,1
1046,262,1
1047,262,1
1048,262,1
1049,262,1
1050,262,1
1051,262,1
1052,262,1
1053,262,1
1054,262,1
1055,262,1
1056,262,1
1057,262,1
1058,262,1
1059,262,1
1060,262,1
1061,262,1
1062,262,1
1063,262,1
1064,262,1
1065,262,1
1066,262,1
1067,262,1
1068,262,1
1069,262,1
1070,262,1
1071,262,1
1072,262,1
1073,262,1
1074,262,1
1075,262,1
1076,262,1
1077,262,1
1078,262,1
1079,261,1
1080,261,1
1081,261,1
1082,261,1
1083,261,1
1084,261,1
1085,261,1
1086,261,1
1087,261,1
1088,261,1
1089,261,1
1090,261,1
1091,261,1
1092,261,1
1093,261,1
1094,261,1
1095,261,1
1096,261,1
1097,261,1
1098,261,1
1099,261,1
1100,261,1
1101,261,1
1102,261,1
1103,261,1
1104,261,1
1105,261,1
1106,261,1
1107,261,1
1108,261,1
1109,261,1
1110,261,1
1111,261,1
1112,261,1
1113,261,1
1114,261,1
1115,261,1
1116,261,1
1117,261,1
1118,261,1
1119,261,1
1120,261,1
1121,261,1
1122,261,1
1123,261,1
1124,261,1
1125,261,1
1126,261,1
1127,261,1
1128,261,1
1129,261,1
1130,261,1
1131,261,1
1132,261,1
1133,261,1
1134,261,1
1135,261,1
1136,261,1
1137,261,1
1138,261,1
1139,261,1
1140,261,1
1141,261,1
1142,261,1
1143,261,1
1144,261,1
1145,261,1
1146,261,1
1147,261,1
1148,261,1
1149,261,1
1150,261,1
1151,261,1
1152,261,1
1153,261,1
1154,261,1
1153,261,1
1152,260,1
1152,260,0
