441,466,1
441,467,1
441,468,1
441,469,1
441,470,1
441,471,1
441,472,1
441,473,1
441,474,1
441,475,1
441,476,1
441,477,1
441,478,1
441,479,1
440,480,1
440,481,1
440,482,1
440,483,1
440,484,1
440,485,1
440,486,1
440,487,1
440,488,1
440,489,1
440,490,1
440,491,1
440,492,1
440,493,1
440,494,1
440,495,1
440,496,1
440,497,1
439,498,1
439,499,1
439,500,1
439,501,1
439,502,1
439,503,1
439,504,1
439,505,1
439,506,1
439,507,1
439,508,1
439,509,1
439,510,1
438,511,1
438,512,1
438,513,1
438,514,1
438,515,1
438,516,1
438,517,1
438,518,1
438,519,1
438,520,1
438,521,1
438,522,1
438,523,1
438,524,1
438,525,1
437,526,1
437,527,1
437,528,1
437,529,1
437,530,1
437,531,1
437,532,1
437,533,1
437,534,1
437,535,1
437,536,1
437,537,1
437,538,1
437,539,1
437,540,1
437,541,1
437,542,1
437,543,1
437,544,1
437,545,1
436,546,1
436,547,1
436,548,1
436,549,1
436,550,1
436,551,1
436,552,1
436,553,1
436,554,1
436,555,1
436,556,1
436,557,1
436,558,1
436,559,1
436,560,1
436,561,1
436,562,1
436,563,1
436,564,1
436,565,1
436,566,1
436,567,1
436,568,1
436,569,1
436,570,1
436,571,1
436,572,1
436,573,1
436,574,1
436,575,1
436,576,1
436,577,1
436,578,1
436,579,1
436,580,1
435,581,1
435,582,1
435,583,1
435,584,1
435,585,1
435,586,1
435,587,1
435,588,1
435,589,1
434,590,1
434,591,1
434,592,1
434,593,1
433,594,1
433,595,1
433,596,1
432,597,1
432,598,1
431,599,1
431,600,1
430,601,1
429,602,1
428,603,1
427,603,1
427,604,1
426,604,1
425,604,1
424,604,1
423,604,1
422,603,1
421,602,1
420,601,1
420,600,1
420,599,1
419,598,1
419,597,1
419,596,1
419,595,1
419,594,1
419,593,1
420,592,1
420,591,1
420,590,1
420,589,1
421,589,1
421,588,1
421,587,1
422,587,1
422,586,1
422,585,1
423,585,1
423,584,1
424,583,1
425,582,1
425,581,1
426,581,1
427,580,1
428,579,1
429,578,1
430,578,1
430,577,1
431,577,1
432,576,1
433,576,1
433,575,1
434,575,1
435,574,1
436,574,1
436,573,1
437,573,1
438,572,1
439,572,1
440,571,1
441,571,1
441,570,1
442,570,1
443,569,1
444,569,1
445,569,1
446,568,1
447,568,1
448,567,1
449,567,1
450,566,1
451,566,1
452,565,1
453,565,1
454,565,1
455,564,1
456,564,1
457,563,1
458,563,1
459,562,1
460,562,1
461,562,1
462,561,1
463,561,1
464,561,1
464,560,1
465,560,1
466,559,1
467,559,1
468,559,1
469,558,1
470,558,1
471,557,1
472,557,1
473,556,1
474,556,1
475,556,1
476,555,1
477,555,1
478,554,1
479,554,1
480,553,1
481,553,1
482,553,1
483,552,1
484,552,1
484,551,1
485,551,1
486,550,1
487,550,1
488,550,1
489,549,1
490,549,1
490,548,1
491,548,1
492,548,1
493,547,1
494,547,1
495,546,1
496,546,1
497,545,1
498,544,1
499,544,1
500,544,1
501,543,1
502,543,1
503,542,1
504,541,1
505,541,1
506,540,1
507,540,1
508,539,1
509,539,1
510,538,1
511,538,1
512,537,1
513,537,1
513,536,1
514,536,1
515,535,1
516,535,1
517,534,1
518,533,1
519,533,1
520,532,1
521,532,1
522,531,1
523,530,1
524,530,1
525,529,1
526,528,1
527,527,1
528,527,1
529,526,1
530,526,1
530,525,1
531,524,1
532,524,1
533,523,1
534,522,1
535,521,1
536,521,1
536,520,1
537,519,1
538,519,1
539,518,1
539,517,1
540,517,1
541,516,1
541,515,1
542,515,1
543,514,1
543,513,1
544,512,1
545,512,1
545,511,1
546,510,1
546,509,1
547,509,1
548,508,1
548,507,1
549,506,1
549,505,1
550,505,1
550,504,1
551,503,1
551,502,1
552,501,1
552,500,1
553,499,1
553,498,1
554,497,1
554,496,1
555,495,1
555,494,1
555,493,1
556,493,1
556,492,1
556,491,1
557,491,1
557,490,1
558,490,1
558,491,1
558,492,1
558,493,1
558,494,1
558,495,1
558,496,1
558,497,1
558,498,1
557,498,1
557,499,1
557,500,1
557,501,1
557,502,1
557,503,1
557,504,1
557,505,1
557,506,1
557,507,1
557,508,1
557,509,1
557,510,1
557,511,1
557,512,1
557,513,1
558,514,1
558,515,1
558,516,1
558,517,1
558,518,1
558,519,1
558,520,1
558,521,1
558,522,1
558,523,1
558,524,1
558,525,1
558,526,1
558,527,1
558,528,1
558,529,1
558,530,1
558,531,1
558,532,1
558,533,1
559,534,1
559,535,1
559,536,1
559,537,1
559,538,1
559,539,1
559,540,1
559,541,1
559,542,1
559,543,1
559,544,1
559,545,1
559,546,1
559,547,1
559,548,1
559,549,1
559,550,1
559,551,1
559,552,1
559,553,1
559,554,1
559,555,1
559,556,1
559,557,1
559,558,1
559,559,1
559,560,1
559,561,1
559,562,1
559,563,1
559,564,1
559,565,1
559,566,1
559,567,1
559,568,1
559,569,1
559,570,1
559,571,1
559,572,1
559,573,1
559,574,1
559,575,1
559,576,1
559,577,1
559,578,1
559,579,1
559,580,1
559,581,1
559,582,1
559,583,1
559,584,1
559,585,1
559,586,1
559,587,1
559,588,1
559,589,1
559,590,1
559,591,1
559,592,1
559,593,1
559,594,1
559,595,1
559,596,1
559,597,1
559,598,1
559,599,1
559,600,1
559,601,1
559,602,1
559,603,1
559,604,1
559,605,1
559,606,1
559,607,1
559,608,1
559,609,1
559,610,1
559,611,1
559,612,1
559,613,1
559,614,1
559,615,1
559,616,1
559,617,1
559,618,1
559,619,1
559,620,1
559,621,1
559,622,1
559,623,1
559,624,1
559,625,1
559,626,1
559,627,1
560,628,1
560,629,1
560,630,1
560,631,1
560,632,1
560,633,1
560,634,1
560,635,1
560,636,1
560,637,1
560,638,1
560,639,1
560,640,1
560,641,1
561,642,1
561,643,1
561,644,1
561,645,1
561,646,1
561,647,1
561,648,1
562,649,1
562,650,1
562,651,1
562,652,1
562,653,1
562,654,1
563,654,1
563,655,1
563,656,1
563,657,1
564,657,1
564,658,1
564,659,1
565,660,1
565,661,1
566,661,1
567,662,1
567,663,1
568,663,1
568,664,1
569,664,1
570,664,1
570,663,1
571,662,1
571,661,1
571,660,1
571,659,1
571,658,1
572,657,1
572,656,1
573,655,1
573,654,1
614,600,0
657,527,1
657,528,1
657,529,1
657,530,1
657,531,1
657,532,1
657,533,1
657,534,1
657,535,1
658,536,1
658,537,1
658,538,1
658,539,1
658,540,1
658,541,1
658,542,1
658,543,1
658,544,1
659,545,1
659,546,1
659,547,1
659,548,1
659,549,1
659,550,1
659,551,1
659,552,1
659,553,1
659,554,1
659,555,1
659,556,1
660,557,1
660,558,1
660,559,1
660,560,1
660,561,1
660,562,1
660,563,1
660,564,1
660,565,1
660,566,1
660,567,1
660,568,1
660,569,1
660,570,1
660,571,1
660,572,1
660,573,1
660,574,1
661,575,1
661,576,1
661,577,1
661,578,1
661,579,1
661,580,1
661,581,1
661,582,1
661,583,1
661,584,1
661,585,1
661,586,1
661,587,1
661,588,1
661,589,1
661,590,1
661,591,1
661,592,1
661,593,1
661,594,1
661,595,1
661,596,1
661,597,1
661,598,1
661,599,1
661,600,1
661,601,1
661,602,1
661,603,1
661,604,1
661,605,1
661,606,1
661,607,1
661,608,1
661,609,1
661,610,1
661,611,1
661,612,1
661,613,1
660,614,1
660,615,1
660,616,1
659,617,1
658,617,1
657,617,1
595,467,0
536,319,1
535,319,1
534,320,1
533,320,1
533,321,1
532,321,1
531,322,1
530,322,1
530,323,1
529,323,1
528,324,1
527,324,1
526,325,1
525,325,1
524,326,1
523,326,1
522,326,1
521,326,1
520,326,1
519,326,1
518,326,1
517,327,1
516,327,1
515,327,1
514,327,1
513,327,1
512,327,1
511,327,1
510,327,1
509,327,1
508,327,1
507,327,1
506,327,1
505,327,1
504,326,1
503,326,1
502,326,1
501,326,1
501,325,1
500,325,1
499,325,1
498,324,1
497,324,1
496,323,1
495,322,1
494,321,1
493,320,1
493,319,1
492,319,1
492,318,1
491,317,1
491,316,1
490,315,1
490,314,1
490,313,1
490,312,1
490,311,1
490,310,1
490,309,1
490,308,1
490,307,1
490,306,1
491,305,1
491,304,1
492,303,1
492,302,1
493,302,1
493,301,1
494,300,1
495,299,1
496,298,1
497,298,1
497,297,1
498,297,1
499,296,1
500,295,1
501,295,1
502,294,1
503,294,1
504,294,1
505,293,1
506,293,1
507,292,1
508,292,1
509,292,1
510,292,1
511,291,1
512,291,1
513,291,1
514,291,1
515,291,1
516,290,1
517,290,1
518,290,1
519,290,1
520,290,1
521,290,1
522,290,1
523,290,1
524,290,1
525,290,1
526,290,1
527,290,1
528,290,1
529,290,1
530,290,1
531,290,1
532,290,1
533,290,1
534,290,1
535,290,1
536,290,1
537,290,1
538,290,1
539,290,1
540,291,1
541,291,1
542,291,1
543,291,1
544,291,1
545,291,1
546,292,1
547,292,1
548,292,1
549,292,1
550,292,1
551,293,1
552,293,1
553,293,1
554,294,1
555,294,1
556,294,1
557,294,1
558,295,1
559,295,1
560,296,1
561,296,1
562,296,1
563,297,1
564,297,1
565,297,1
566,298,1
567,298,1
568,298,1
569,299,1
570,299,1
571,300,1
572,300,1
573,301,1
574,301,1
575,301,1
576,302,1
577,302,1
578,303,1
579,303,1
580,304,1
581,304,1
581,305,1
582,305,1
583,306,1
584,306,1
585,307,1
586,307,1
587,308,1
588,309,1
589,309,1
590,310,1
591,310,1
592,311,1
593,311,1
594,312,1
595,312,1
595,313,1
596,314,1
597,314,1
598,315,1
599,316,1
600,316,1
601,317,1
602,318,1
603,318,1
603,319,1
604,319,1
605,320,1
606,321,1
607,321,1
608,322,1
609,323,1
610,324,1
611,325,1
612,325,1
613,326,1
613,327,1
614,327,1
615,328,1
616,329,1
617,330,1
618,331,1
619,332,1
620,332,1
620,333,1
621,334,1
622,335,1
623,335,1
623,336,1
624,337,1
625,338,1
626,339,1
627,340,1
628,341,1
628,342,1
629,342,1
630,343,1
630,344,1
631,345,1
632,346,1
633,347,1
634,348,1
634,349,1
635,350,1
635,351,1
636,351,1
637,352,1
637,353,1
638,354,1
638,355,1
639,356,1
640,356,1
640,357,1
641,358,1
641,359,1
642,360,1
643,361,1
643,362,1
644,363,1
645,364,1
645,365,1
646,366,1
646,367,1
647,368,1
648,368,1
648,369,1
649,370,1
649,371,1
649,372,1
650,373,1
650,374,1
651,375,1
652,376,1
652,377,1
653,378,1
653,379,1
654,380,1
654,381,1
654,382,1
655,382,1
655,383,1
656,384,1
656,385,1
656,386,1
657,387,1
657,388,1
658,389,1
658,390,1
659,391,1
659,392,1
659,393,1
660,394,1
660,395,1
661,396,1
661,397,1
661,398,1
662,399,1
662,400,1
662,401,1
662,402,1
663,403,1
663,404,1
663,405,1
664,406,1
664,407,1
761,476,0
861,544,1
861,545,1
861,546,1
861,547,1
861,548,1
861,549,1
861,550,1
861,551,1
861,552,1
861,553,1
861,554,1
861,555,1
861,556,1
861,555,1
861,554,1
861,553,1
861,552,1
861,551,1
861,550,1
861,549,1
861,548,1
861,547,1
861,546,1
861,545,1
860,544,1
860,543,1
860,542,1
860,541,1
860,540,1
860,539,1
860,538,1
860,537,1
860,536,1
860,535,1
860,534,1
860,533,1
860,532,1
860,531,1
860,530,1
860,529,1
860,528,1
860,527,1
860,526,1
860,525,1
860,524,1
860,523,1
860,522,1
860,521,1
860,520,1
860,519,1
860,518,1
860,517,1
860,516,1
860,515,1
860,514,1
860,513,1
860,512,1
860,511,1
860,510,1
860,509,1
860,508,1
860,507,1
860,506,1
860,505,1
860,504,1
860,503,1
860,502,1
860,501,1
860,500,1
860,499,1
860,498,1
860,497,1
860,496,1
860,495,1
860,494,1
861,493,1
861,492,1
861,491,1
861,490,1
861,489,1
861,488,1
861,487,1
861,486,1
861,485,1
861,484,1
861,483,1
861,482,1
861,481,1
861,480,1
861,479,1
861,478,1
861,477,1
861,476,1
861,475,1
861,474,1
861,473,1
861,472,1
861,471,1
861,470,1
862,469,1
862,468,1
862,467,1
862,466,1
862,465,1
862,464,1
862,463,1
862,462,1
862,461,1
862,460,1
862,459,1
862,458,1
862,457,1
862,456,1
862,455,1
862,454,1
862,453,1
863,452,1
863,451,1
863,450,1
863,449,1
863,448,1
863,447,1
863,446,1
863,445,1
863,444,1
863,443,1
863,442,1
863,441,1
863,440,1
863,439,1
864,438,1
864,437,1
864,436,1
864,435,1
864,434,1
864,433,1
864,432,1
864,431,1
864,430,1
864,429,1
864,428,1
864,427,1
864,426,1
864,425,1
865,424,1
865,423,1
865,422,1
865,421,1
865,420,1
865,419,1
865,418,1
865,417,1
865,416,1
865,415,1
865,414,1
866,413,1
866,412,1
866,411,1
866,410,1
866,409,1
866,408,1
866,407,1
866,406,1
866,405,1
866,404,1
867,403,1
867,402,1
867,401,1
867,400,1
867,399,1
867,398,1
867,397,1
867,396,1
868,395,1
868,394,1
868,393,1
868,392,1
868,391,1
868,390,1
868,389,1
868,388,1
869,387,1
869,386,1
869,385,1
869,384,1
869,383,1
869,382,1
869,381,1
869,380,1
869,379,1
870,378,1
870,377,1
870,376,1
870,375,1
870,374,1
870,373,1
870,372,1
871,371,1
871,370,1
871,369,1
871,368,1
871,367,1
871,366,1
871,365,1
872,364,1
872,363,1
872,362,1
872,361,1
872,360,1
873,359,1
873,358,1
873,357,1
873,356,1
873,355,1
873,354,1
874,353,1
874,352,1
874,351,1
875,350,1
875,349,1
875,348,1
875,347,1
875,346,1
876,345,1
876,344,1
876,343,1
876,342,1
877,342,1
877,341,1
877,340,1
877,339,1
878,338,1
878,337,1
878,336,1
879,335,1
879,334,1
879,333,1
880,332,1
880,331,1
881,330,1
881,329,1
881,328,1
882,327,1
882,326,1
882,325,1
883,325,1
883,324,1
884,323,1
884,322,1
885,321,1
885,320,1
886,319,1
886,318,1
887,318,1
887,317,1
888,316,1
888,315,1
889,314,1
890,314,1
890,313,1
891,312,1
891,311,1
892,311,1
893,310,1
893,309,1
894,308,1
895,308,1
895,307,1
896,306,1
897,306,1
898,305,1
899,304,1
900,304,1
901,303,1
902,302,1
903,302,1
904,301,1
905,301,1
905,300,1
906,300,1
907,300,1
908,299,1
909,299,1
910,299,1
911,299,1
912,298,1
913,298,1
914,298,1
915,298,1
916,298,1
917,298,1
918,298,1
919,298,1
920,298,1
921,298,1
922,299,1
923,299,1
924,299,1
925,299,1
926,299,1
927,300,1
928,300,1
929,300,1
930,301,1
931,301,1
932,301,1
933,302,1
934,302,1
935,303,1
936,303,1
937,304,1
938,304,1
938,305,1
939,305,1
940,306,1
941,306,1
941,307,1
942,307,1
943,308,1
944,309,1
945,310,1
946,310,1
946,311,1
947,312,1
948,312,1
948,313,1
949,314,1
950,315,1
951,316,1
952,317,1
952,318,1
953,319,1
954,320,1
954,321,1
955,322,1
956,323,1
957,324,1
957,325,1
958,326,1
958,327,1
959,328,1
959,329,1
960,329,1
960,330,1
961,331,1
961,332,1
962,333,1
962,334,1
963,335,1
963,336,1
964,337,1
964,338,1
964,339,1
965,340,1
965,341,1
966,342,1
966,343,1
966,344,1
967,345,1
967,346,1
967,347,1
968,348,1
968,349,1
968,350,1
969,351,1
969,352,1
969,353,1
970,354,1
970,355,1
970,356,1
970,357,1
970,358,1
971,359,1
971,360,1
971,361,1
971,362,1
972,363,1
972,364,1
972,365,1
972,366,1
973,367,1
973,368,1
973,369,1
973,370,1
973,371,1
974,372,1
974,373,1
974,374,1
974,375,1
974,376,1
974,377,1
974,378,1
975,379,1
975,380,1
975,381,1
975,382,1
975,383,1
975,384,1
976,385,1
976,386,1
976,387,1
976,388,1
976,389,1
976,390,1
976,391,1
976,392,1
976,393,1
976,394,1
976,395,1
977,396,1
977,397,1
977,398,1
977,399,1
977,400,1
977,401,1
977,402,1
977,403,1
977,404,1
977,405,1
977,406,1
977,407,1
977,408,1
977,409,1
977,410,1
977,411,1
977,412,1
977,413,1
977,414,1
1004,439,0
1026,481,1
1027,480,1
1028,479,1
1028,478,1
1029,477,1
1030,476,1
1030,475,1
1031,475,1
1032,474,1
1032,473,1
1033,472,1
1033,471,1
1034,470,1
1035,470,1
1035,469,1
1036,468,1
1036,467,1
1037,466,1
1038,465,1
1038,464,1
1039,463,1
1040,463,1
1040,462,1
1041,461,1
1041,460,1
1042,459,1
1042,458,1
1043,457,1
1044,457,1
1044,456,1
1045,455,1
1046,454,1
1046,453,1
1047,452,1
1047,451,1
1048,451,1
1049,450,1
1049,449,1
1050,448,1
1050,447,1
1051,446,1
1052,445,1
1052,444,1
1053,444,1
1053,443,1
1054,442,1
1055,441,1
1055,440,1
1056,439,1
1057,439,1
1057,438,1
1058,437,1
1058,436,1
1059,435,1
1060,435,1
1060,434,1
1061,433,1
1061,432,1
1062,432,1
1063,431,1
1063,430,1
1064,429,1
1065,429,1
1065,428,1
1066,427,1
1067,426,1
1068,425,1
1069,424,1
1070,424,1
1070,423,1
1071,422,1
1072,422,1
1072,421,1
1073,421,1
1074,420,1
1075,420,1
1075,419,1
1076,419,1
1077,418,1
1078,418,1
1079,417,1
1080,417,1
1081,417,1
1082,416,1
1083,416,1
1084,416,1
1085,416,1
1086,416,1
1087,416,1
1088,416,1
1088,417,1
1089,417,1
1090,417,1
1091,417,1
1091,418,1
1092,418,1
1093,419,1
1094,419,1
1095,420,1
1096,421,1
1097,422,1
1098,423,1
1098,424,1
1099,425,1
1100,426,1
1100,427,1
1101,428,1
1101,429,1
1102,430,1
1102,431,1
1102,432,1
1102,433,1
1103,434,1
1103,435,1
1103,436,1
1103,437,1
1104,438,1
1104,439,1
1104,440,1
1104,441,1
1104,442,1
1104,443,1
1105,444,1
1105,445,1
1105,446,1
1105,447,1
1105,448,1
1105,449,1
1105,450,1
1105,451,1
1105,452,1
1105,453,1
1105,454,1
1105,455,1
1106,456,1
1106,457,1
1106,458,1
1106,459,1
1106,460,1
1106,461,1
1106,462,1
1106,463,1
1106,464,1
1106,465,1
1106,466,1
1106,467,1
1106,468,1
1106,469,1
1106,470,1
1106,471,1
1105,472,1
1105,473,1
1105,474,1
1105,475,1
1105,476,1
1105,477,1
1105,478,1
1105,479,1
1105,480,1
1105,481,1
1105,482,1
1105,483,1
1105,484,1
1105,485,1
1104,486,1
1104,487,1
1104,488,1
1104,489,1
1104,490,1
1104,491,1
1104,492,1
1104,493,1
1103,494,1
1103,495,1
1103,496,1
1103,497,1
1103,498,1
1103,499,1
1103,500,1
1102,501,1
1102,502,1
1102,503,1
1102,504,1
1102,505,1
1102,506,1
1101,507,1
1101,508,1
1101,509,1
1101,510,1
1101,511,1
1101,512,1
1100,513,1
1100,514,1
1100,515,1
1100,516,1
1099,517,1
1099,518,1
1099,519,1
1099,520,1
1098,521,1
1098,522,1
1098,523,1
1098,524,1
1097,525,1
1097,526,1
1097,527,1
1097,528,1
1096,529,1
1096,530,1
1096,531,1
1095,532,1
1095,533,1
1095,534,1
1094,535,1
1094,536,1
1094,537,1
1093,538,1
1093,539,1
1093,540,1
1092,541,1
1092,542,1
1092,543,1
1091,544,1
1091,545,1
1091,546,1
1090,547,1
1090,548,1
1090,549,1
1089,550,1
1089,551,1
1089,552,1
1088,552,1
1088,553,1
1088,554,1
1087,555,1
1087,556,1
1087,557,1
1086,558,1
1086,559,1
1085,560,1
1085,561,1
1085,562,1
1084,563,1
1084,564,1
1084,565,1
1083,566,1
1083,567,1
1082,568,1
1081,569,1
1081,570,1
1081,571,1
1080,572,1
1080,573,1
1079,574,1
1079,575,1
1078,576,1
1078,577,1
1078,578,1
1077,579,1
1077,580,1
1076,581,1
1076,582,1
1075,583,1
1074,584,1
1074,585,1
1073,586,1
1073,587,1
1072,588,1
1072,589,1
1071,590,1
1070,591,1
1070,592,1
1069,593,1
1121,526,0
1169,460,1
1169,461,1
1169,462,1
1168,463,1
1168,464,1
1168,465,1
1167,466,1
1167,467,1
1167,468,1
1167,469,1
1167,470,1
1167,471,1
1167,472,1
1168,472,1
1168,473,1
1169,473,1
1169,474,1
1170,474,1
1171,475,1
1172,475,1
1173,476,1
1174,477,1
1175,477,1
1176,478,1
1177,478,1
1178,479,1
1179,479,1
1180,479,1
1181,479,1
1182,480,1
1183,480,1
1184,480,1
1185,480,1
1186,480,1
1187,480,1
1188,480,1
1189,480,1
1190,480,1
1191,480,1
1192,480,1
1193,480,1
1194,480,1
1195,479,1
1196,479,1
1197,479,1
1198,479,1
1199,479,1
1200,479,1
1201,480,1
1202,480,1
1203,480,1
1204,480,1
1205,480,1
1206,480,1
1207,480,1
1208,480,1
1209,481,1
1210,481,1
1211,481,1
1212,482,1
1213,482,1
1214,482,1
1215,483,1
1216,484,1
1217,484,1
1218,485,1
1219,486,1
1220,487,1
1220,488,1
1221,489,1
1221,490,1
1222,491,1
1222,492,1
1222,493,1
1222,494,1
1222,495,1
1222,496,1
1222,497,1
1222,498,1
1222,499,1
1222,500,1
1222,501,1
1222,502,1
1222,503,1
1221,504,1
1221,505,1
1221,506,1
1220,507,1
1220,508,1
1220,509,1
1219,510,1
1218,511,1
1218,512,1
1218,513,1
1217,514,1
1216,515,1
1216,516,1
1215,517,1
1215,518,1
1214,518,1
1214,519,1
1213,520,1
1213,521,1
1212,521,1
1212,522,1
1211,522,1
1211,523,1
1210,523,1
1210,524,1
1209,524,1
1209,523,1
1209,522,1
1210,522,1
1210,521,1
1211,520,1
1212,519,1
1212,518,1
1213,518,1
1214,517,1
1214,516,1
1215,516,1
1215,515,1
1216,514,1
1217,514,1
1217,513,1
1218,512,1
1219,512,1
1220,511,1
1221,510,1
1222,509,1
1223,509,1
1223,508,1
1224,508,1
1225,507,1
1226,506,1
1227,506,1
1227,505,1
1228,505,1
1229,504,1
1230,504,1
1231,503,1
1232,503,1
1233,503,1
1233,502,1
1234,502,1
1235,501,1
1236,501,1
1237,501,1
1238,500,1
1239,500,1
1240,500,1
1241,499,1
1242,499,1
1243,499,1
1244,499,1
1244,498,1
1245,498,1
1246,498,1
1247,498,1
1248,498,1
1249,498,1
1250,498,1
1251,498,1
1252,498,1
1253,498,1
1254,498,1
1255,498,1
1256,498,1
1257,498,1
1258,499,1
1259,499,1
1260,499,1
1261,499,1
1261,500,1
1262,500,1
1263,500,1
1264,501,1
1265,502,1
1266,502,1
1267,503,1
1268,504,1
1269,504,1
1269,505,1
1270,506,1
1271,507,1
1271,508,1
1272,509,1
1272,510,1
1273,511,1
1273,512,1
1274,513,1
1274,514,1
1274,515,1
1274,516,1
1274,517,1
1275,518,1
1275,519,1
1275,520,1
1275,521,1
1275,522,1
1274,523,1
1274,524,1
1274,525,1
1274,526,1
1274,527,1
1274,528,1
1273,529,1
1273,530,1
1273,531,1
1273,532,1
1272,533,1
1272,534,1
1271,535,1
1271,536,1
1271,537,1
1270,538,1
1269,539,1
1269,540,1
1269,541,1
1268,542,1
1267,543,1
1266,544,1
1266,545,1
1265,545,1
1265,546,1
1264,547,1
1263,547,1
1263,548,1
1262,549,1
1261,550,1
1260,551,1
1259,551,1
1259,552,1
1258,552,1
1257,553,1
1256,553,1
1256,554,1
1255,554,1
1254,555,1
1254,556,1
1253,556,1
1252,557,1
1251,557,1
1251,558,1
1250,558,1
1249,559,1
1248,559,1
1247,559,1
1246,559,1
1245,560,1
1244,560,1
1243,560,1
1242,560,1
1241,560,1
1240,559,1
1239,559,1
1238,558,1
1308,507,0
1369,446,1
1369,447,1
1369,448,1
1369,449,1
1369,450,1
1369,451,1
1369,452,1
1369,453,1
1369,454,1
1369,455,1
1368,456,1
1368,457,1
1368,458,1
1368,459,1
1368,460,1
1368,461,1
1368,462,1
1368,463,1
1368,464,1
1368,465,1
1368,466,1
1368,467,1
1368,468,1
1368,469,1
1367,470,1
1367,471,1
1367,472,1
1367,473,1
1367,474,1
1367,475,1
1367,476,1
1367,477,1
1367,478,1
1367,479,1
1367,480,1
1367,481,1
1367,482,1
1367,483,1
1367,484,1
1367,485,1
1367,486,1
1367,487,1
1367,488,1
1367,489,1
1367,490,1
1367,491,1
1367,492,1
1367,493,1
1367,494,1
1367,495,1
1367,496,1
1367,497,1
1367,498,1
1367,499,1
1367,500,1
1367,501,1
1367,502,1
1367,503,1
1367,504,1
1367,505,1
1367,506,1
1367,507,1
1367,508,1
1367,509,1
1367,510,1
1367,511,1
1367,512,1
1367,513,1
1367,514,1
1367,515,1
1367,516,1
1367,517,1
1368,518,1
1368,519,1
1368,520,1
1368,521,1
1368,522,1
1368,523,1
1368,524,1
1368,525,1
1368,526,1
1368,527,1
1368,528,1
1368,529,1
1368,530,1
1368,531,1
1368,532,1
1368,533,1
1368,534,1
1368,535,1
1368,536,1
1368,537,1
1369,538,1
1369,539,1
1369,540,1
1369,541,1
1369,542,1
1369,543,1
1369,544,1
1369,545,1
1369,546,1
1369,547,1
1369,548,1
1369,549,1
1369,550,1
1369,551,1
1369,552,1
1369,553,1
1369,554,1
1369,555,1
1369,556,1
1369,557,1
1369,558,1
1369,559,1
1369,560,1
1369,561,1
1369,562,1
1369,563,1
1369,564,1
1369,565,1
1369,566,1
1369,567,1
1370,568,1
1370,569,1
1370,570,1
1370,571,1
1370,572,1
1370,573,1
1370,574,1
1370,575,1
1370,576,1
1370,577,1
1370,578,1
1369,579,1
1369,580,1
1369,581,1
1369,582,1
1369,583,1
1369,584,1
1369,585,1
1369,586,1
1369,587,1
1369,588,1
1369,589,1
1369,590,1
1369,591,1
1368,592,1
1368,593,1
1368,594,1
1368,595,1
1368,596,1
1368,597,1
1367,598,1
1367,599,1
1367,600,1
1367,601,1
1367,602,1
1367,603,1
1367,604,1
1366,605,1
1366,606,1
1366,607,1
1365,608,1
1364,609,1
1364,610,1
1363,611,1
1362,612,1
1361,613,1
1360,614,1
882,531,0
387,459,1
388,459,1
389,459,1
390,459,1
391,458,1
392,458,1
393,458,1
394,458,1
395,458,1
396,457,1
397,457,1
398,457,1
399,457,1
400,457,1
401,457,1
402,457,1
403,456,1
404,456,1
405,456,1
406,456,1
407,456,1
408,456,1
409,456,1
410,456,1
411,455,1
412,455,1
413,455,1
414,455,1
415,455,1
416,455,1
417,455,1
418,455,1
419,454,1
420,454,1
421,454,1
422,454,1
423,454,1
424,454,1
425,454,1
426,454,1
427,453,1
428,453,1
429,453,1
430,453,1
431,453,1
432,453,1
433,453,1
434,453,1
435,452,1
436,452,1
437,452,1
438,452,1
439,452,1
440,452,1
441,452,1
442,452,1
443,452,1
444,452,1
445,451,1
446,451,1
447,451,1
448,451,1
449,451,1
450,451,1
451,451,1
452,451,1
453,451,1
454,451,1
455,450,1
456,450,1
457,450,1
458,450,1
459,450,1
460,450,1
461,450,1
462,450,1
463,450,1
464,449,1
465,449,1
466,449,1
467,449,1
468,449,1
469,449,1
470,449,1
471,449,1
472,449,1
473,448,1
474,448,1
475,448,1
476,448,1
477,448,1
478,448,1
479,448,1
480,448,1
481,448,1
482,448,1
483,448,1
484,447,1
485,447,1
486,447,1
487,447,1
488,447,1
489,447,1
490,447,1
491,446,1
492,446,1
493,446,1
494,446,1
495,446,1
496,446,1
497,446,1
498,446,1
499,445,1
500,445,1
501,445,1
502,445,1
503,445,1
504,445,1
505,445,1
506,445,1
507,445,1
508,445,1
509,444,1
510,444,1
511,444,1
512,444,1
513,444,1
514,444,1
515,444,1
516,444,1
517,443,1
518,443,1
519,443,1
520,443,1
521,443,1
522,443,1
523,443,1
524,443,1
525,442,1
526,442,1
527,442,1
528,442,1
529,442,1
530,442,1
531,442,1
532,442,1
533,442,1
534,441,1
535,441,1
536,441,1
537,441,1
538,441,1
539,441,1
540,441,1
541,441,1
542,441,1
543,441,1
544,440,1
545,440,1
546,440,1
547,440,1
548,440,1
549,440,1
550,440,1
551,440,1
552,439,1
553,439,1
554,439,1
555,439,1
556,439,1
557,439,1
558,439,1
559,439,1
560,439,1
561,439,1
562,438,1
563,438,1
564,438,1
565,438,1
566,438,1
567,438,1
568,438,1
569,438,1
570,438,1
571,438,1
572,437,1
573,437,1
574,437,1
575,437,1
576,437,1
577,437,1
578,437,1
579,437,1
580,436,1
581,436,1
582,436,1
583,436,1
584,436,1
585,436,1
586,436,1
587,436,1
588,435,1
589,435,1
590,435,1
591,435,1
592,435,1
593,435,1
594,435,1
595,435,1
596,435,1
597,435,1
598,434,1
599,434,1
600,434,1
601,434,1
602,434,1
603,434,1
604,434,1
605,434,1
606,433,1
607,433,1
608,433,1
609,433,1
610,433,1
611,433,1
612,433,1
613,433,1
614,433,1
615,432,1
616,432,1
617,432,1
618,432,1
619,432,1
620,432,1
621,432,1
622,432,1
623,432,1
624,432,1
625,431,1
626,431,1
627,431,1
628,431,1
629,431,1
630,431,1
631,431,1
632,431,1
633,431,1
634,431,1
635,430,1
636,430,1
637,430,1
638,430,1
639,430,1
640,430,1
641,430,1
642,430,1
643,430,1
644,430,1
645,429,1
646,429,1
647,429,1
648,429,1
649,429,1
650,429,1
651,429,1
652,429,1
653,429,1
654,429,1
655,429,1
656,429,1
657,428,1
658,428,1
659,428,1
660,428,1
661,428,1
662,428,1
663,428,1
664,428,1
665,428,1
666,427,1
667,427,1
668,427,1
669,427,1
670,427,1
671,427,1
672,427,1
673,427,1
674,427,1
675,427,1
676,427,1
677,426,1
678,426,1
679,426,1
680,426,1
681,426,1
682,426,1
683,426,1
684,426,1
685,426,1
686,426,1
687,425,1
688,425,1
689,425,1
690,425,1
691,425,1
692,425,1
693,425,1
694,425,1
695,425,1
696,425,1
697,425,1
698,424,1
699,424,1
700,424,1
701,424,1
702,424,1
703,424,1
704,424,1
705,424,1
706,424,1
707,424,1
708,424,1
709,424,1
710,424,1
711,423,1
712,423,1
713,423,1
714,423,1
715,423,1
716,423,1
717,423,1
718,423,1
719,423,1
720,423,1
721,423,1
722,423,1
723,423,1
724,422,1
725,422,1
726,422,1
727,422,1
728,422,1
729,422,1
730,422,1
731,422,1
732,422,1
733,422,1
734,422,1
735,422,1
736,421,1
737,421,1
738,421,1
739,421,1
740,421,1
741,421,1
742,421,1
743,421,1
744,421,1
745,421,1
746,421,1
747,421,1
748,421,1
749,421,1
750,420,1
751,420,1
752,420,1
753,420,1
754,420,1
755,420,1
756,420,1
757,420,1
758,420,1
759,420,1
760,420,1
761,420,1
762,420,1
763,420,1
764,420,1
765,420,1
766,420,1
767,420,1
768,420,1
769,420,1
770,420,1
771,419,1
772,419,1
773,419,1
774,419,1
775,419,1
776,419,1
777,419,1
778,419,1
779,419,1
780,419,1
781,419,1
782,419,1
783,419,1
784,419,1
785,419,1
786,419,1
787,418,1
788,418,1
789,418,1
790,418,1
791,418,1
792,418,1
793,418,1
794,418,1
795,418,1
796,418,1
797,418,1
798,418,1
799,418,1
800,418,1
801,418,1
802,418,1
803,418,1
804,417,1
805,417,1
806,417,1
807,417,1
808,417,1
809,417,1
810,417,1
811,417,1
812,417,1
813,417,1
814,417,1
815,417,1
816,417,1
817,417,1
818,417,1
819,417,1
820,417,1
821,416,1
822,416,1
823,416,1
824,416,1
825,416,1
826,416,1
827,416,1
828,416,1
829,416,1
830,416,1
831,416,1
832,416,1
833,416,1
834,416,1
835,416,1
836,416,1
837,416,1
838,416,1
839,415,1
840,415,1
841,415,1
842,415,1
843,415,1
844,415,1
845,415,1
846,415,1
847,415,1
848,415,1
849,415,1
850,415,1
851,415,1
852,415,1
853,415,1
854,415,1
855,415,1
856,415,1
857,415,1
858,414,1
859,414,1
860,414,1
861,414,1
862,414,1
863,414,1
864,414,1
865,414,1
866,414,1
867,414,1
868,414,1
869,414,1
870,414,1
871,414,1
872,414,1
873,414,1
874,414,1
875,414,1
876,413,1
877,413,1
878,413,1
879,413,1
880,413,1
881,413,1
882,413,1
883,413,1
884,413,1
885,413,1
886,413,1
887,413,1
888,413,1
889,413,1
890,413,1
891,413,1
892,413,1
893,413,1
894,413,1
895,413,1
896,413,1
897,413,1
898,412,1
899,412,1
900,412,1
901,412,1
902,412,1
903,412,1
904,412,1
905,412,1
906,412,1
907,412,1
908,412,1
909,412,1
910,412,1
911,412,1
912,412,1
913,412,1
914,412,1
915,412,1
916,412,1
917,412,1
918,412,1
919,411,1
920,411,1
921,411,1
922,411,1
923,411,1
924,411,1
925,411,1
926,411,1
927,411,1
928,411,1
929,411,1
930,411,1
931,411,1
932,411,1
933,411,1
934,411,1
935,411,1
936,411,1
937,411,1
938,411,1
939,411,1
940,411,1
941,411,1
942,411,1
943,411,1
944,411,1
945,411,1
946,411,1
947,411,1
948,411,1
949,411,1
950,411,1
951,411,1
952,411,1
953,411,1
954,411,1
955,411,1
956,410,1
957,410,1
958,410,1
959,410,1
960,410,1
961,410,1
962,410,1
963,410,1
964,410,1
965,410,1
966,410,1
967,410,1
968,410,1
969,410,1
970,410,1
971,410,1
972,410,1
973,410,1
974,410,1
975,410,1
976,410,1
977,410,1
978,410,1
979,410,1
980,410,1
981,410,1
982,410,1
983,410,1
984,410,1
985,410,1
986,410,1
987,410,1
988,410,1
989,410,1
990,410,1
991,410,1
992,410,1
993,410,1
994,410,1
995,410,1
996,410,1
997,410,1
998,410,1
999,410,1
1000,410,1
1001,410,1
1002,410,1
1003,410,1
1004,410,1
1005,410,1
1006,410,1
1007,410,1
1008,410,1
1009,410,1
1010,410,1
1011,410,1
1012,410,1
1013,410,1
1014,410,1
1015,410,1
1016,410,1
1017,410,1
1018,410,1
1019,410,1
1020,410,1
1021,410,1
1022,410,1
1023,410,1
1024,410,1
1025,410,1
1026,410,1
1027,410,1
1028,410,1
1029,410,1
1030,410,1
1031,410,1
1032,410,1
1033,410,1
1034,410,1
1035,410,1
1036,410,1
1037,410,1
1038,410,1
1039,410,1
1040,410,1
1041,410,1
1042,410,1
1043,410,1
1044,410,1
1045,410,1
1046,410,1
1047,410,1
1048,410,1
1049,410,1
1050,410,1
1051,410,1
1052,410,1
1053,410,1
1054,410,1
1055,410,1
1056,410,1
1057,410,1
1058,410,1
1059,410,1
1060,410,1
1061,410,1
1062,410,1
1063,410,1
1064,410,1
1065,410,1
1066,410,1
1067,410,1
1068,410,1
1069,410,1
1070,410,1
1071,410,1
1072,410,1
1073,410,1
1074,410,1
1075,410,1
1076,410,1
1077,410,1
1078,410,1
1079,410,1
1080,410,1
1081,410,1
1082,410,1
1083,410,1
1084,410,1
1085,410,1
1086,410,1
1087,410,1
1088,410,1
1089,410,1
1090,410,1
1091,410,1
1092,410,1
1093,410,1
1094,410,1
1095,410,1
1096,410,1
1097,410,1
1098,410,1
1099,410,1
1100,410,1
1101,410,1
1102,410,1
1103,410,1
1104,410,1
1105,410,1
1106,410,1
1107,410,1
1108,410,1
1109,410,1
1110,410,1
1111,410,1
1112,410,1
1113,410,1
1114,410,1
1115,410,1
1116,410,1
1117,410,1
1118,410,1
1119,410,1
1120,410,1
1121,410,1
1122,410,1
1123,410,1
1124,410,1
1125,410,1
1126,410,1
1127,410,1
1128,410,1
1129,410,1
1130,410,1
1131,410,1
1132,410,1
1133,410,1
1134,410,1
1135,410,1
1136,410,1
1137,410,1
1138,410,1
1139,410,1
1140,410,1
1141,410,1
1142,410,1
1143,410,1
1144,410,1
1145,410,1
1146,410,1
1147,410,1
1148,410,1
1149,410,1
1150,410,1
1151,410,1
1152,410,1
1153,410,1
1154,410,1
1155,410,1
1156,410,1
1157,410,1
1158,410,1
1159,410,1
1160,410,1
1161,410,1
1162,410,1
1163,410,1
1164,410,1
1165,410,1
1166,410,1
1167,410,1
1168,410,1
1169,410,1
1170,410,1
1171,410,1
1172,410,1
1173,410,1
1174,410,1
1175,410,1
1176,410,1
1177,410,1
1178,410,1
1179,410,1
1180,410,1
1181,410,1
1182,410,1
1183,410,1
1184,410,1
1185,410,1
1186,410,1
1187,410,1
1188,410,1
1189,410,1
1190,410,1
1191,410,1
1192,410,1
1193,410,1
1194,410,1
1195,410,1
1196,410,1
1197,410,1
1198,410,1
1199,410,1
1200,410,1
1201,410,1
1202,410,1
1203,410,1
1204,410,1
1205,410,1
1206,410,1
1207,410,1
1208,410,1
1209,410,1
1210,410,1
1211,410,1
1212,410,1
1213,410,1
1214,410,1
1215,410,1
1216,410,1
1217,410,1
1218,410,1
1219,410,1
1220,410,1
1221,410,1
1222,410,1
1223,410,1
1224,410,1
1225,410,1
1226,410,1
1227,410,1
1228,410,1
1229,410,1
1230,410,1
1231,410,1
1232,410,1
1233,410,1
1234,410,1
1235,410,1
1236,410,1
1237,410,1
1238,410,1
1239,410,1
1240,410,1
1241,410,1
1242,410,1
1243,410,1
1244,410,1
1245,410,1
1246,410,1
1247,410,1
1248,410,1
1249,410,1
1250,410,1
1251,410,1
1252,410,1
1253,410,1
1254,410,1
1255,410,1
1256,410,1
1257,410,1
1258,410,1
1259,410,1
1260,410,1
1261,410,1
1262,410,1
1263,410,1
1264,410,1
1265,410,1
1266,410,1
1267,410,1
1268,410,1
1269,410,1
1270,410,1
1271,410,1
1272,410,1
1273,410,1
1274,410,1
1275,410,1
1276,410,1
1277,410,1
1278,410,1
1279,410,1
1280,410,1
1281,410,1
1282,410,1
1283,410,1
1284,410,1
1285,410,1
1286,410,1
1287,410,1
1288,410,1
1289,410,1
1290,410,1
1291,410,1
1292,410,1
1293,410,1
1294,410,1
1295,410,1
1296,410,1
1297,410,1
1298,410,1
1299,410,1
1300,410,1
1301,410,1
1302,410,1
1303,410,1
1304,410,1
1305,410,1
1306,410,1
1307,410,1
1308,410,1
1309,410,1
1310,410,1
1311,410,1
1312,410,1
1313,409,1
1314,409,1
1315,409,1
1316,409,1
1317,409,1
1318,409,1
1319,409,1
1320,409,1
1321,409,1
1322,409,1
1323,409,1
1324,409,1
1325,409,1
1326,409,1
1327,409,1
1328,409,1
1329,409,1
1330,409,1
1331,409,1
1332,409,1
1333,409,1
1334,409,1
1335,409,1
1336,409,1
1337,409,1
1338,409,1
1339,409,1
1340,409,1
1341,409,1
1342,408,1
1343,408,1
1344,408,1
1345,408,1
1346,408,1
1347,408,1
1348,408,1
1349,408,1
1350,408,1
1351,408,1
1352,408,1
1353,408,1
1354,408,1
1355,408,1
1356,408,1
1357,408,1
1358,408,1
1359,408,1
1360,408,1
1361,408,1
1362,408,1
1363,407,1
1364,407,1
1365,407,1
1366,407,1
1367,407,1
1368,407,1
1369,407,1
1370,407,1
1371,407,1
1372,407,1
1373,407,1
1374,407,1
1375,407,1
1376,407,1
1377,407,1
1378,407,1
1379,407,1
1380,407,1
1381,407,1
1382,407,1
1383,407,1
1384,407,1
1385,407,1
1386,407,1
1387,407,1
1388,407,1
1389,407,1
1390,406,1
1391,406,1
1392,406,1
1393,406,1
1394,406,1
1395,406,1
1396,406,1
1397,406,1
1398,406,1
1399,406,1
1400,406,1
1401,406,1
1402,406,1
1403,406,1
1404,406,1
1405,406,1
1406,406,1
1407,406,1
1408,405,1
1409,405,1
1410,405,1
1411,405,1
1412,405,1
1413,405,1
1414,405,1
1415,405,1
1416,405,1
1417,405,1
1418,405,1
1419,405,1
1420,405,1
1421,405,1
1422,405,1
1423,405,1
1424,404,1
1425,404,1
1426,404,1
1427,404,1
1428,404,1
1429,404,1
1430,404,1
1431,404,1
1432,404,1
1433,404,1
1434,404,1
1435,404,1
1436,404,1
1437,404,1
1438,403,1
1439,403,1
1440,403,1
1441,403,1
1442,403,1
1443,403,1
1444,403,1
1445,403,1
1446,403,1
1447,403,1
1448,403,1
1449,403,1
1450,403,1
1451,403,1
1452,402,1
1453,402,1
1454,402,1
1455,402,1
1456,402,1
1457,402,1
1458,402,1
1459,402,1
1460,402,1
1461,402,1
1462,402,1
1463,402,1
1464,402,1
1465,401,1
1466,401,1
1467,401,1
1468,401,1
1469,401,1
1470,401,1
1471,401,1
1472,401,1
1473,401,1
1474,401,1
1475,401,1
1476,401,1
1477,400,1
1478,400,1
1479,400,1
1480,400,1
1481,400,1
1481,400,0
