278,285,1
278,286,1
278,287,1
278,288,1
278,289,1
278,290,1
278,291,1
279,292,1
279,293,1
279,294,1
279,295,1
279,296,1
279,297,1
279,298,1
280,299,1
280,300,1
280,301,1
280,302,1
280,303,1
280,304,1
280,305,1
280,306,1
280,307,1
279,308,1
279,309,1
279,310,1
279,311,1
278,312,1
278,313,1
277,314,1
276,315,1
275,315,1
275,316,1
274,316,1
273,316,1
272,316,1
271,316,1
270,316,1
269,316,1
268,315,1
267,314,1
266,313,1
265,312,1
265,311,1
264,311,1
264,310,1
263,309,1
263,308,1
263,307,1
262,306,1
262,305,1
262,304,1
262,303,1
262,302,1
262,301,1
262,300,1
262,299,1
262,298,1
262,297,1
263,296,1
263,295,1
263,294,1
264,293,1
264,292,1
265,291,1
266,290,1
267,289,1
267,288,1
268,288,1
268,287,1
269,286,1
270,286,1
270,285,1
271,285,1
272,284,1
272,283,1
273,283,1
274,282,1
275,282,1
275,281,1
276,281,1
277,280,1
278,280,1
278,279,1
279,279,1
280,278,1
281,278,1
282,277,1
283,276,1
284,276,1
285,276,1
286,275,1
287,274,1
288,274,1
289,273,1
290,273,1
291,272,1
292,272,1
293,272,1
294,271,1
295,270,1
296,270,1
297,270,1
298,269,1
299,268,1
300,268,1
301,268,1
302,267,1
303,267,1
304,266,1
305,266,1
306,265,1
307,265,1
308,264,1
309,264,1
309,263,1
310,263,1
311,262,1
312,262,1
312,261,1
313,261,1
314,261,1
315,260,1
316,259,1
317,259,1
317,258,1
318,257,1
319,257,1
320,256,1
321,255,1
322,255,1
322,254,1
323,253,1
324,253,1
325,252,1
325,251,1
326,251,1
326,250,1
327,249,1
328,249,1
328,248,1
329,248,1
330,247,1
330,246,1
331,246,1
331,245,1
332,245,1
332,244,1
333,243,1
334,243,1
334,242,1
335,242,1
335,241,1
336,241,1
337,240,1
338,240,1
338,239,1
339,239,1
340,239,1
341,239,1
342,240,1
343,241,1
343,242,1
344,242,1
344,243,1
344,244,1
345,245,1
345,246,1
345,247,1
345,248,1
345,249,1
345,250,1
346,250,1
346,251,1
346,252,1
346,253,1
346,254,1
346,255,1
346,256,1
346,257,1
346,258,1
346,259,1
346,260,1
346,261,1
346,262,1
347,262,1
347,263,1
347,264,1
347,265,1
347,266,1
347,267,1
347,268,1
347,269,1
347,270,1
347,271,1
347,272,1
347,273,1
348,274,1
348,275,1
348,276,1
348,277,1
348,278,1
348,279,1
348,280,1
348,281,1
348,282,1
348,283,1
348,284,1
348,285,1
348,286,1
348,287,1
348,288,1
349,289,1
349,290,1
349,291,1
349,292,1
349,293,1
349,294,1
349,295,1
349,296,1
349,297,1
350,298,1
350,299,1
350,300,1
350,301,1
350,302,1
350,303,1
350,304,1
350,305,1
350,306,1
350,307,1
350,308,1
350,309,1
350,310,1
351,311,1
351,312,1
351,313,1
351,314,1
352,315,1
352,316,1
352,317,1
352,318,1
353,318,1
353,319,1
353,320,1
354,321,1
354,322,1
355,322,1
374,280,0
394,238,1
394,239,1
394,240,1
394,241,1
395,242,1
395,243,1
395,244,1
395,245,1
395,246,1
395,247,1
395,248,1
395,249,1
396,250,1
396,251,1
396,252,1
396,253,1
396,254,1
396,255,1
396,256,1
397,257,1
397,258,1
397,259,1
397,260,1
397,261,1
397,262,1
397,263,1
397,264,1
398,265,1
398,266,1
398,267,1
398,268,1
398,269,1
398,270,1
398,271,1
398,272,1
398,273,1
398,274,1
398,275,1
399,276,1
399,277,1
399,278,1
399,279,1
399,280,1
399,281,1
399,282,1
400,283,1
400,284,1
400,285,1
400,286,1
400,287,1
400,288,1
401,289,1
401,290,1
401,291,1
401,292,1
401,293,1
401,294,1
401,295,1
402,296,1
402,297,1
402,298,1
402,299,1
402,300,1
402,301,1
402,302,1
402,303,1
402,304,1
402,305,1
402,306,1
403,306,1
403,307,1
403,308,1
403,309,1
403,310,1
403,311,1
403,312,1
403,313,1
403,314,1
404,314,1
404,315,1
404,316,1
404,317,1
404,318,1
404,319,1
404,320,1
403,321,1
365,233,0
330,148,1
329,148,1
328,149,1
327,149,1
326,149,1
326,150,1
325,150,1
324,150,1
323,150,1
322,150,1
322,151,1
321,151,1
320,151,1
319,151,1
318,150,1
317,150,1
316,150,1
315,150,1
315,149,1
314,149,1
313,148,1
312,147,1
312,146,1
311,146,1
311,145,1
310,144,1
310,143,1
309,143,1
309,142,1
308,141,1
308,140,1
308,139,1
307,139,1
307,138,1
307,137,1
307,136,1
307,135,1
307,134,1
307,133,1
307,132,1
307,131,1
307,130,1
307,129,1
307,128,1
308,127,1
308,126,1
309,125,1
309,124,1
310,123,1
310,122,1
311,121,1
311,120,1
312,120,1
312,119,1
313,118,1
314,117,1
315,116,1
316,116,1
316,115,1
317,115,1
318,114,1
319,114,1
320,113,1
321,113,1
322,113,1
323,113,1
324,113,1
325,113,1
326,113,1
327,113,1
328,113,1
329,113,1
330,113,1
331,114,1
332,114,1
333,115,1
334,115,1
334,116,1
335,116,1
336,116,1
336,117,1
337,117,1
338,118,1
339,119,1
340,120,1
341,121,1
342,121,1
342,122,1
343,123,1
344,124,1
345,125,1
346,126,1
346,127,1
347,127,1
348,128,1
348,129,1
349,129,1
349,130,1
350,131,1
351,132,1
351,133,1
352,133,1
353,134,1
353,135,1
354,136,1
355,137,1
355,138,1
356,138,1
356,139,1
357,140,1
358,141,1
358,142,1
359,143,1
360,144,1
360,145,1
361,146,1
362,147,1
362,148,1
363,148,1
363,149,1
364,150,1
365,151,1
365,152,1
366,153,1
367,154,1
367,155,1
368,156,1
369,157,1
369,158,1
370,159,1
371,160,1
371,161,1
372,162,1
373,163,1
373,164,1
374,165,1
375,166,1
375,167,1
376,168,1
377,169,1
377,170,1
378,171,1
378,172,1
379,173,1
379,174,1
380,174,1
380,175,1
381,176,1
381,177,1
382,177,1
382,178,1
382,179,1
383,180,1
384,181,1
384,182,1
385,183,1
386,184,1
386,185,1
386,186,1
387,187,1
388,188,1
388,189,1
389,190,1
390,191,1
390,192,1
390,193,1
391,194,1
392,195,1
392,196,1
393,197,1
393,198,1
394,198,1
394,199,1
394,200,1
395,201,1
395,202,1
396,202,1
396,203,1
397,204,1
397,205,1
398,206,1
399,207,1
399,208,1
400,209,1
400,210,1
401,211,1
401,212,1
402,213,1
402,214,1
403,214,1
403,215,1
404,216,1
404,217,1
405,218,1
406,219,1
406,220,1
407,221,1
407,222,1
408,222,1
408,223,1
409,224,1
409,225,1
410,226,1
456,234,0
504,241,1
504,242,1
504,243,1
504,244,1
505,245,1
505,246,1
505,247,1
505,248,1
505,249,1
505,250,1
505,251,1
506,252,1
506,253,1
506,254,1
506,255,1
506,256,1
506,257,1
506,258,1
506,259,1
506,260,1
506,261,1
506,262,1
506,263,1
506,264,1
506,265,1
506,266,1
507,266,1
507,267,1
507,268,1
507,269,1
507,270,1
507,271,1
507,272,1
507,273,1
507,274,1
508,274,1
508,275,1
508,276,1
508,277,1
508,278,1
508,279,1
508,280,1
508,281,1
509,281,1
509,282,1
509,283,1
509,284,1
509,285,1
509,286,1
510,286,1
510,287,1
510,286,1
511,285,1
511,284,1
511,283,1
511,282,1
511,281,1
511,280,1
511,279,1
511,278,1
511,277,1
511,276,1
511,275,1
511,274,1
512,274,1
512,273,1
512,272,1
512,271,1
512,270,1
512,269,1
512,268,1
512,267,1
512,266,1
512,265,1
512,264,1
512,263,1
512,262,1
512,261,1
512,260,1
512,259,1
512,258,1
513,258,1
513,257,1
513,256,1
513,255,1
513,254,1
513,253,1
513,252,1
513,251,1
513,250,1
513,249,1
513,248,1
513,247,1
513,246,1
513,245,1
513,244,1
513,243,1
513,242,1
513,241,1
513,240,1
514,239,1
514,238,1
514,237,1
514,236,1
514,235,1
514,234,1
514,233,1
514,232,1
514,231,1
514,230,1
514,229,1
514,228,1
514,227,1
514,226,1
514,225,1
514,224,1
514,223,1
514,222,1
514,221,1
514,220,1
514,219,1
514,218,1
514,217,1
514,216,1
514,215,1
514,214,1
514,213,1
514,212,1
514,211,1
514,210,1
514,209,1
514,208,1
514,207,1
514,206,1
514,205,1
514,204,1
514,203,1
514,202,1
514,201,1
514,200,1
514,199,1
514,198,1
514,197,1
514,196,1
514,195,1
514,194,1
514,193,1
514,192,1
514,191,1
514,190,1
514,189,1
514,188,1
514,187,1
514,186,1
514,185,1
514,184,1
514,183,1
514,182,1
514,181,1
514,180,1
514,179,1
514,178,1
514,177,1
514,176,1
514,175,1
514,174,1
514,173,1
514,172,1
514,171,1
514,170,1
514,169,1
514,168,1
514,167,1
514,166,1
514,165,1
514,164,1
514,163,1
514,162,1
514,161,1
514,160,1
514,159,1
514,158,1
514,157,1
514,156,1
514,155,1
514,154,1
514,153,1
514,152,1
514,151,1
514,150,1
514,149,1
514,148,1
514,147,1
514,146,1
515,146,1
515,145,1
515,144,1
515,143,1
515,142,1
515,141,1
515,140,1
515,139,1
515,138,1
515,137,1
515,136,1
515,135,1
516,134,1
516,133,1
516,132,1
516,131,1
516,130,1
516,129,1
517,128,1
517,127,1
517,126,1
517,125,1
517,124,1
517,123,1
518,122,1
518,121,1
518,120,1
518,119,1
519,118,1
519,117,1
519,116,1
520,115,1
520,114,1
521,113,1
521,112,1
521,111,1
522,111,1
522,110,1
522,109,1
523,108,1
524,107,1
524,106,1
525,106,1
525,105,1
526,104,1
527,104,1
527,103,1
528,102,1
529,101,1
530,101,1
530,100,1
531,100,1
532,99,1
533,99,1
534,98,1
535,98,1
536,98,1
536,97,1
537,97,1
538,97,1
539,97,1
540,97,1
541,97,1
542,97,1
543,97,1
544,97,1
545,97,1
546,97,1
547,97,1
548,98,1
549,98,1
550,98,1
551,99,1
552,99,1
553,100,1
554,100,1
555,101,1
556,101,1
557,102,1
558,103,1
559,104,1
560,105,1
560,106,1
561,106,1
562,107,1
562,108,1
563,108,1
564,109,1
564,110,1
565,111,1
566,112,1
566,113,1
567,114,1
568,115,1
568,116,1
569,117,1
569,118,1
570,118,1
570,119,1
571,120,1
571,121,1
572,122,1
572,123,1
573,124,1
573,125,1
573,126,1
574,126,1
574,127,1
574,128,1
575,129,1
575,130,1
576,131,1
576,132,1
576,133,1
576,134,1
577,134,1
577,135,1
577,136,1
578,137,1
578,138,1
578,139,1
579,140,1
579,141,1
579,142,1
580,143,1
580,144,1
580,145,1
580,146,1
581,147,1
581,148,1
581,149,1
581,150,1
582,150,1
582,151,1
582,152,1
582,153,1
582,154,1
583,154,1
583,155,1
583,156,1
583,157,1
583,158,1
584,158,1
584,159,1
593,189,0
602,226,1
603,225,1
603,224,1
604,223,1
604,222,1
605,222,1
605,221,1
606,220,1
607,220,1
607,219,1
608,218,1
608,217,1
609,217,1
609,216,1
610,215,1
611,215,1
611,214,1
612,213,1
613,213,1
613,212,1
614,212,1
615,211,1
615,210,1
616,210,1
616,209,1
617,208,1
618,208,1
619,207,1
619,206,1
620,206,1
621,205,1
622,204,1
623,203,1
624,202,1
625,202,1
625,201,1
626,200,1
627,200,1
627,199,1
628,199,1
629,198,1
630,197,1
631,197,1
631,196,1
632,195,1
633,195,1
633,194,1
634,194,1
635,193,1
636,192,1
637,192,1
637,191,1
638,191,1
639,191,1
639,190,1
640,190,1
641,189,1
642,188,1
643,188,1
644,188,1
645,187,1
646,187,1
647,187,1
648,187,1
649,186,1
650,186,1
651,186,1
652,187,1
653,187,1
654,187,1
655,188,1
656,188,1
657,189,1
658,190,1
658,191,1
659,191,1
659,192,1
660,193,1
660,194,1
660,195,1
661,195,1
661,196,1
661,197,1
661,198,1
662,199,1
662,200,1
662,201,1
662,202,1
662,203,1
662,204,1
662,205,1
662,206,1
662,207,1
662,208,1
662,209,1
662,210,1
662,211,1
662,212,1
662,213,1
662,214,1
662,215,1
662,216,1
662,217,1
662,218,1
662,219,1
662,220,1
663,221,1
663,222,1
663,223,1
663,224,1
663,225,1
663,226,1
663,227,1
663,228,1
663,229,1
663,230,1
663,231,1
663,232,1
663,233,1
663,234,1
663,235,1
663,236,1
663,237,1
663,238,1
663,239,1
663,240,1
663,241,1
663,242,1
663,243,1
663,244,1
663,245,1
663,246,1
663,247,1
663,248,1
663,249,1
663,250,1
663,251,1
663,252,1
663,253,1
663,254,1
663,255,1
663,256,1
663,257,1
663,258,1
664,259,1
664,260,1
664,261,1
664,262,1
664,263,1
664,264,1
664,265,1
664,266,1
664,267,1
664,268,1
664,269,1
664,270,1
664,271,1
665,272,1
665,273,1
665,274,1
665,275,1
665,276,1
665,277,1
666,278,1
666,279,1
666,280,1
666,281,1
667,282,1
667,283,1
667,284,1
668,285,1
669,286,1
690,246,0
716,206,1
715,206,1
714,207,1
714,208,1
713,209,1
712,210,1
711,211,1
711,212,1
711,213,1
711,214,1
711,215,1
711,216,1
712,217,1
713,217,1
714,217,1
714,218,1
715,218,1
716,218,1
717,218,1
718,218,1
719,218,1
720,218,1
721,218,1
722,218,1
723,218,1
724,218,1
725,218,1
726,218,1
727,218,1
728,218,1
729,218,1
730,218,1
731,218,1
732,218,1
733,218,1
733,219,1
734,219,1
735,219,1
736,219,1
737,220,1
738,221,1
739,221,1
740,222,1
741,223,1
741,224,1
742,225,1
742,226,1
743,226,1
743,227,1
743,228,1
744,228,1
744,229,1
744,230,1
744,231,1
745,231,1
745,232,1
745,233,1
745,234,1
745,235,1
745,236,1
745,237,1
745,238,1
745,239,1
745,240,1
745,241,1
745,242,1
745,243,1
745,244,1
745,245,1
745,246,1
745,247,1
745,248,1
745,249,1
745,250,1
744,250,1
744,251,1
744,252,1
744,253,1
744,254,1
744,255,1
744,256,1
744,257,1
744,258,1
744,259,1
744,260,1
744,261,1
745,261,1
745,262,1
746,262,1
747,261,1
748,261,1
748,260,1
749,260,1
749,259,1
750,258,1
751,257,1
752,256,1
752,255,1
753,254,1
754,254,1
754,253,1
755,252,1
756,251,1
756,250,1
757,250,1
757,249,1
758,248,1
758,247,1
759,247,1
760,246,1
760,245,1
761,245,1
761,244,1
762,243,1
763,243,1
763,242,1
764,241,1
765,241,1
765,240,1
766,240,1
766,239,1
767,238,1
768,238,1
768,237,1
769,237,1
770,236,1
771,235,1
772,234,1
773,234,1
774,233,1
775,233,1
775,232,1
776,232,1
777,231,1
778,231,1
779,230,1
780,230,1
781,230,1
782,229,1
783,229,1
784,229,1
785,229,1
786,228,1
787,228,1
788,228,1
789,228,1
790,228,1
790,229,1
791,229,1
792,229,1
793,229,1
794,230,1
795,230,1
795,231,1
796,231,1
797,231,1
797,232,1
798,233,1
798,234,1
799,235,1
799,236,1
799,237,1
799,238,1
799,239,1
799,240,1
799,241,1
799,242,1
799,243,1
799,244,1
799,245,1
798,245,1
798,246,1
798,247,1
797,247,1
797,248,1
797,249,1
796,249,1
796,250,1
796,251,1
795,251,1
795,252,1
794,252,1
794,253,1
793,254,1
792,254,1
791,255,1
790,256,1
789,256,1
789,257,1
788,257,1
787,258,1
786,259,1
785,259,1
784,260,1
783,260,1
783,261,1
782,261,1
781,261,1
780,261,1
780,262,1
779,262,1
778,262,1
778,263,1
777,263,1
776,263,1
775,263,1
774,263,1
774,262,1
773,262,1
772,262,1
771,262,1
770,262,1
770,261,1
769,261,1
769,260,1
769,259,1
769,258,1
808,232,0
846,198,1
846,199,1
846,200,1
846,201,1
846,202,1
846,203,1
846,204,1
846,205,1
846,206,1
846,207,1
846,208,1
846,209,1
846,210,1
846,211,1
846,212,1
846,213,1
846,214,1
846,215,1
846,216,1
846,217,1
846,218,1
846,219,1
846,220,1
846,221,1
846,222,1
846,223,1
846,224,1
846,225,1
846,226,1
845,227,1
845,228,1
845,229,1
845,230,1
845,231,1
845,232,1
845,233,1
845,234,1
845,235,1
845,236,1
845,237,1
845,238,1
845,239,1
845,240,1
845,241,1
845,242,1
845,243,1
845,244,1
845,245,1
845,246,1
845,247,1
845,248,1
845,249,1
845,250,1
844,251,1
844,252,1
844,253,1
844,254,1
844,255,1
844,256,1
844,257,1
844,258,1
844,259,1
844,260,1
844,261,1
844,262,1
843,263,1
843,264,1
843,265,1
843,266,1
843,267,1
843,268,1
843,269,1
842,270,1
842,271,1
842,272,1
842,273,1
842,274,1
842,275,1
841,275,1
841,276,1
841,277,1
841,278,1
840,279,1
840,280,1
840,281,1
839,281,1
839,282,1
839,283,1
838,283,1
838,284,1
837,284,1
837,285,1
836,285,1
835,286,1
834,287,1
833,287,1
832,287,1
831,287,1
830,287,1
523,234,0
210,181,1
211,181,1
212,181,1
213,181,1
214,181,1
214,180,1
215,180,1
216,180,1
217,180,1
218,180,1
219,180,1
220,180,1
221,180,1
222,180,1
223,180,1
224,179,1
225,179,1
226,179,1
227,179,1
228,179,1
229,179,1
230,179,1
231,179,1
232,179,1
233,179,1
234,179,1
234,178,1
235,178,1
236,178,1
237,178,1
238,178,1
239,178,1
240,178,1
241,178,1
242,178,1
243,178,1
244,178,1
245,178,1
246,178,1
247,178,1
248,178,1
249,178,1
250,178,1
251,178,1
252,178,1
253,178,1
254,178,1
255,177,1
256,177,1
257,177,1
258,177,1
259,177,1
260,177,1
261,177,1
262,177,1
263,177,1
264,177,1
265,177,1
266,177,1
266,176,1
267,176,1
268,176,1
269,176,1
270,176,1
271,176,1
272,176,1
273,176,1
274,176,1
275,176,1
276,176,1
277,176,1
278,176,1
278,175,1
279,175,1
280,175,1
281,175,1
282,175,1
283,175,1
284,175,1
285,175,1
286,175,1
287,175,1
288,175,1
289,175,1
290,175,1
290,174,1
291,174,1
292,174,1
293,174,1
294,174,1
295,174,1
296,174,1
297,174,1
298,174,1
299,174,1
300,174,1
301,174,1
302,174,1
303,174,1
304,174,1
305,174,1
306,174,1
307,174,1
308,174,1
309,174,1
310,174,1
311,174,1
312,174,1
313,174,1
314,174,1
315,174,1
316,173,1
317,173,1
318,173,1
319,173,1
320,173,1
321,173,1
322,173,1
323,173,1
324,173,1
325,173,1
326,173,1
327,173,1
328,173,1
329,173,1
330,172,1
331,172,1
332,172,1
333,172,1
334,172,1
335,172,1
336,172,1
337,172,1
338,172,1
339,172,1
340,172,1
341,172,1
342,172,1
342,171,1
343,171,1
344,171,1
345,171,1
346,171,1
347,171,1
348,171,1
349,171,1
350,171,1
351,171,1
352,171,1
353,171,1
354,171,1
355,171,1
356,170,1
357,170,1
358,170,1
359,170,1
360,170,1
361,170,1
362,170,1
363,170,1
364,170,1
365,170,1
366,170,1
367,170,1
368,170,1
369,170,1
370,170,1
371,170,1
372,170,1
373,170,1
374,170,1
375,170,1
376,170,1
377,170,1
378,170,1
379,170,1
380,170,1
381,170,1
382,170,1
383,170,1
384,170,1
385,170,1
386,170,1
386,169,1
387,169,1
388,169,1
389,169,1
390,169,1
391,169,1
392,169,1
393,169,1
394,169,1
395,169,1
396,169,1
397,169,1
398,169,1
399,169,1
400,169,1
401,169,1
402,169,1
403,169,1
404,169,1
405,168,1
406,168,1
407,168,1
408,168,1
409,168,1
410,168,1
411,168,1
412,168,1
413,168,1
414,168,1
415,168,1
416,168,1
417,168,1
418,168,1
419,168,1
420,168,1
421,168,1
422,168,1
423,168,1
424,168,1
425,168,1
426,167,1
427,167,1
428,167,1
429,167,1
430,167,1
431,167,1
432,167,1
433,167,1
434,167,1
435,167,1
436,167,1
437,167,1
438,167,1
439,167,1
440,167,1
441,167,1
442,167,1
443,167,1
444,167,1
445,167,1
446,167,1
446,166,1
447,166,1
448,166,1
449,166,1
450,166,1
451,166,1
452,166,1
453,166,1
454,166,1
455,166,1
456,166,1
457,166,1
458,166,1
459,166,1
460,166,1
461,166,1
462,166,1
463,166,1
464,166,1
465,166,1
466,166,1
467,166,1
468,166,1
469,166,1
470,166,1
471,166,1
472,166,1
473,166,1
474,166,1
475,166,1
476,166,1
477,166,1
478,166,1
479,166,1
480,166,1
481,166,1
482,166,1
482,165,1
483,165,1
484,165,1
485,165,1
486,165,1
487,165,1
488,165,1
489,165,1
490,165,1
491,165,1
492,165,1
493,165,1
494,165,1
495,165,1
496,165,1
497,165,1
498,165,1
499,165,1
500,165,1
501,165,1
502,165,1
503,164,1
504,164,1
505,164,1
506,164,1
507,164,1
508,164,1
509,164,1
510,164,1
511,164,1
512,164,1
513,164,1
514,164,1
515,164,1
516,164,1
517,164,1
518,164,1
519,164,1
520,164,1
521,164,1
522,164,1
523,164,1
524,164,1
525,164,1
526,164,1
527,163,1
528,163,1
529,163,1
530,163,1
531,163,1
532,163,1
533,163,1
534,163,1
535,163,1
536,163,1
537,163,1
538,163,1
539,163,1
540,163,1
541,163,1
542,163,1
543,163,1
544,163,1
545,163,1
546,163,1
547,163,1
548,163,1
549,163,1
550,163,1
551,163,1
552,163,1
553,163,1
554,163,1
555,163,1
556,163,1
557,163,1
558,163,1
559,163,1
560,163,1
561,163,1
562,163,1
563,163,1
564,163,1
565,163,1
566,163,1
566,162,1
567,162,1
568,162,1
569,162,1
570,162,1
571,162,1
572,162,1
573,162,1
574,162,1
575,162,1
576,162,1
577,162,1
578,162,1
579,162,1
580,162,1
581,162,1
582,162,1
583,162,1
584,162,1
585,162,1
586,162,1
587,162,1
588,162,1
589,162,1
590,162,1
591,162,1
592,162,1
593,162,1
594,162,1
595,162,1
596,162,1
597,162,1
598,162,1
599,162,1
600,162,1
601,162,1
602,162,1
603,162,1
604,162,1
605,162,1
606,162,1
607,162,1
608,162,1
609,162,1
610,162,1
611,162,1
612,162,1
613,162,1
614,162,1
615,162,1
616,162,1
617,162,1
618,162,1
619,162,1
620,162,1
621,162,1
622,162,1
623,162,1
624,162,1
625,162,1
626,162,1
627,162,1
628,162,1
629,162,1
630,161,1
631,161,1
632,161,1
633,161,1
634,161,1
635,161,1
636,161,1
637,161,1
638,161,1
639,161,1
640,161,1
641,161,1
642,161,1
643,161,1
644,161,1
645,161,1
646,161,1
647,161,1
648,161,1
649,161,1
650,161,1
651,161,1
652,161,1
653,161,1
654,161,1
655,161,1
656,161,1
657,161,1
658,161,1
659,161,1
660,161,1
661,161,1
662,161,1
663,161,1
664,161,1
665,160,1
666,160,1
667,160,1
668,160,1
669,160,1
670,160,1
671,160,1
672,160,1
673,160,1
674,160,1
675,160,1
676,160,1
677,160,1
678,160,1
679,160,1
680,160,1
681,160,1
682,160,1
683,160,1
684,160,1
685,160,1
686,160,1
687,160,1
688,160,1
689,160,1
690,160,1
691,160,1
692,160,1
693,160,1
694,160,1
695,159,1
696,159,1
697,159,1
698,159,1
699,159,1
700,159,1
701,159,1
702,159,1
703,159,1
704,159,1
705,159,1
706,159,1
707,159,1
708,159,1
709,159,1
710,159,1
711,159,1
712,159,1
713,159,1
714,159,1
715,159,1
716,159,1
717,159,1
718,159,1
719,158,1
720,158,1
721,158,1
722,158,1
723,158,1
724,158,1
725,158,1
726,158,1
727,158,1
728,158,1
729,158,1
730,158,1
731,158,1
732,158,1
733,158,1
734,158,1
735,158,1
736,158,1
737,158,1
738,158,1
739,158,1
740,158,1
741,158,1
742,158,1
743,158,1
744,158,1
745,158,1
746,158,1
747,158,1
748,158,1
749,158,1
750,158,1
751,158,1
752,158,1
753,158,1
754,158,1
755,158,1
756,158,1
757,158,1
758,158,1
759,158,1
760,158,1
761,158,1
762,158,1
763,158,1
764,158,1
765,158,1
766,158,1
767,158,1
768,157,1
769,157,1
770,157,1
771,157,1
772,157,1
773,157,1
774,157,1
775,157,1
776,157,1
777,157,1
778,157,1
779,157,1
780,157,1
781,157,1
782,157,1
783,157,1
784,157,1
785,157,1
786,157,1
787,157,1
788,156,1
789,156,1
790,156,1
791,156,1
792,156,1
793,156,1
794,156,1
795,156,1
796,156,1
797,156,1
798,156,1
799,156,1
800,156,1
801,156,1
802,156,1
803,156,1
804,156,1
805,156,1
806,156,1
806,155,1
807,155,1
808,155,1
809,155,1
810,155,1
811,155,1
812,155,1
813,155,1
814,155,1
815,155,1
816,155,1
817,155,1
818,155,1
819,155,1
820,155,1
821,155,1
822,155,1
823,155,1
824,155,1
825,155,1
826,154,1
827,154,1
828,154,1
829,154,1
830,154,1
831,154,1
832,154,1
833,154,1
834,154,1
835,154,1
836,154,1
837,154,1
838,154,1
839,154,1
840,154,1
841,154,1
842,154,1
843,154,1
844,154,1
845,154,1
846,154,1
847,154,1
848,154,1
849,154,1
850,154,1
851,154,1
852,154,1
853,154,1
854,154,1
855,154,1
856,154,1
857,154,1
858,154,1
859,154,1
860,154,1
861,154,1
862,154,1
863,154,1
864,154,1
865,154,1
866,154,1
867,154,1
868,154,1
869,154,1
870,153,1
871,153,1
872,153,1
873,153,1
874,153,1
875,153,1
876,153,1
877,153,1
878,153,1
879,153,1
880,153,1
881,153,1
882,153,1
883,153,1
884,153,1
885,153,1
886,153,1
887,153,1
888,153,1
889,153,1
890,153,1
891,153,1
892,153,1
893,153,1
892,154,1
891,154,1
891,154,0
