747,923,1
746,923,1
745,923,1
744,923,1
743,923,1
742,923,1
741,923,1
740,923,1
739,923,1
738,923,1
737,923,1
736,924,1
735,924,1
734,924,1
733,925,1
732,925,1
731,925,1
730,926,1
729,926,1
729,927,1
728,927,1
727,928,1
726,928,1
725,929,1
724,930,1
723,931,1
722,932,1
721,933,1
720,934,1
719,935,1
719,936,1
718,937,1
718,938,1
717,939,1
717,940,1
717,941,1
716,942,1
716,943,1
716,944,1
715,944,1
715,945,1
715,946,1
715,947,1
715,948,1
715,949,1
715,950,1
715,951,1
715,952,1
715,953,1
715,954,1
715,955,1
715,956,1
716,957,1
716,958,1
716,959,1
716,960,1
715,961,1
715,962,1
715,963,1
715,964,1
715,965,1
716,966,1
716,967,1
716,968,1
716,969,1
716,970,1
717,970,1
717,971,1
717,972,1
718,973,1
718,974,1
719,975,1
719,976,1
720,976,1
720,977,1
721,978,1
721,979,1
722,979,1
722,980,1
723,980,1
724,981,1
725,982,1
726,982,1
726,983,1
727,983,1
727,984,1
728,984,1
729,985,1
730,985,1
731,986,1
732,986,1
733,986,1
734,987,1
735,987,1
736,987,1
737,988,1
738,988,1
739,988,1
740,988,1
741,988,1
742,989,1
743,989,1
744,989,1
745,989,1
746,989,1
747,989,1
748,989,1
749,989,1
750,989,1
751,989,1
752,989,1
753,989,1
754,989,1
755,988,1
756,988,1
757,988,1
758,988,1
759,988,1
760,988,1
761,988,1
762,988,1
762,987,1
763,987,1
764,987,1
765,987,1
766,987,1
767,987,1
768,987,1
768,986,1
769,986,1
770,986,1
771,986,1
772,986,1
773,986,1
774,985,1
775,985,1
776,985,1
777,985,1
778,985,1
779,985,1
780,985,1
781,985,1
782,985,1
783,985,1
784,985,1
785,984,1
786,984,1
787,984,1
788,984,1
789,984,1
790,985,1
791,985,1
792,985,1
793,985,1
794,985,1
795,985,1
796,985,1
797,986,1
798,986,1
799,986,1
799,987,1
800,987,1
801,987,1
801,988,1
802,988,1
803,988,1
803,989,1
804,989,1
804,990,1
805,990,1
805,991,1
805,992,1
806,992,1
806,993,1
807,993,1
807,994,1
807,995,1
807,996,1
808,997,1
808,998,1
808,999,1
808,1000,1
808,1001,1
808,1002,1
809,1003,1
809,1004,1
809,1005,1
810,1006,1
810,1007,1
810,1008,1
810,1009,1
810,1010,1
810,1011,1
809,1012,1
809,1013,1
809,1014,1
809,1015,1
808,1016,1
808,1017,1
808,1018,1
808,1019,1
807,1020,1
807,1021,1
807,1022,1
806,1023,1
806,1024,1
806,1025,1
805,1026,1
805,1027,1
805,1028,1
804,1029,1
804,1030,1
804,1031,1
804,1032,1
803,1033,1
803,1034,1
803,1035,1
803,1036,1
802,1037,1
802,1038,1
801,1039,1
801,1040,1
801,1041,1
800,1042,1
800,1043,1
800,1044,1
799,1045,1
799,1046,1
799,1047,1
798,1048,1
798,1049,1
798,1050,1
797,1051,1
797,1052,1
796,1053,1
796,1054,1
795,1055,1
794,1056,1
793,1057,1
859,1014,0
897,983,1
898,983,1
899,983,1
900,984,1
901,985,1
902,985,1
903,986,1
904,986,1
905,987,1
906,988,1
907,988,1
908,988,1
908,989,1
909,989,1
910,990,1
911,991,1
911,992,1
912,993,1
912,994,1
913,995,1
913,996,1
913,997,1
913,998,1
913,999,1
913,1000,1
913,1001,1
913,1002,1
913,1003,1
913,1004,1
913,1005,1
913,1006,1
913,1007,1
913,1008,1
912,1009,1
912,1010,1
912,1011,1
912,1012,1
911,1013,1
911,1014,1
911,1015,1
910,1015,1
910,1016,1
909,1017,1
909,1018,1
908,1019,1
908,1020,1
907,1021,1
907,1022,1
906,1023,1
906,1024,1
906,1025,1
907,1026,1
907,1027,1
907,1028,1
906,1028,1
906,1029,1
906,1030,1
906,1031,1
906,1032,1
905,1033,1
905,1034,1
905,1035,1
904,1036,1
904,1037,1
903,1038,1
903,1039,1
902,1040,1
901,1041,1
901,1042,1
901,1043,1
900,1043,1
900,1044,1
899,1045,1
899,1046,1
898,1046,1
898,1047,1
897,1048,1
897,1049,1
896,1050,1
895,1051,1
894,1052,1
893,1053,1
892,1054,1
891,1054,1
890,1055,1
889,1055,1
888,1056,1
887,1057,1
886,1057,1
886,1058,1
885,1058,1
884,1059,1
883,1060,1
882,1060,1
881,1060,1
880,1061,1
879,1061,1
878,1062,1
877,1063,1
877,1063,0
773,1113,0
1000,1067,1
999,1068,1
998,1069,1
997,1069,1
996,1069,1
995,1070,1
994,1070,1
993,1071,1
992,1071,1
991,1072,1
990,1072,1
989,1073,1
988,1073,1
987,1073,1
986,1074,1
985,1074,1
984,1074,1
983,1074,1
982,1074,1
981,1075,1
980,1075,1
979,1074,1
978,1074,1
977,1074,1
976,1074,1
975,1073,1
975,1072,1
974,1072,1
974,1071,1
974,1070,1
974,1069,1
975,1069,1
975,1068,1
976,1067,1
977,1066,1
977,1065,1
978,1065,1
979,1064,1
980,1064,1
980,1063,1
981,1063,1
982,1063,1
982,1062,1
983,1062,1
984,1061,1
985,1061,1
985,1060,1
986,1060,1
986,1059,1
987,1059,1
988,1058,1
989,1058,1
989,1057,1
990,1057,1
991,1056,1
992,1056,1
992,1055,1
993,1055,1
994,1055,1
994,1054,1
995,1054,1
996,1054,1
996,1053,1
997,1053,1
998,1053,1
998,1052,1
999,1052,1
1000,1052,1
1000,1051,1
1001,1051,1
1002,1051,1
1003,1051,1
1004,1050,1
1005,1050,1
1006,1049,1
1007,1049,1
1008,1049,1
1009,1048,1
1010,1048,1
1011,1048,1
1012,1047,1
1013,1047,1
1014,1047,1
1015,1047,1
1016,1046,1
1017,1046,1
1018,1046,1
1019,1045,1
1020,1045,1
1021,1045,1
1022,1045,1
1023,1044,1
1024,1044,1
1025,1044,1
1026,1043,1
1027,1043,1
1028,1043,1
1029,1043,1
1030,1042,1
1031,1042,1
1032,1042,1
1033,1042,1
1034,1041,1
1035,1041,1
1036,1041,1
1037,1040,1
1038,1040,1
1039,1040,1
1040,1040,1
1041,1039,1
1042,1039,1
1043,1039,1
1044,1039,1
1045,1038,1
1046,1038,1
1047,1038,1
1048,1038,1
1049,1037,1
1050,1037,1
1051,1037,1
1052,1037,1
1053,1036,1
1054,1036,1
1055,1036,1
1056,1035,1
1057,1035,1
1058,1035,1
1059,1035,1
1060,1034,1
1061,1034,1
1062,1034,1
1063,1034,1
1064,1033,1
1065,1033,1
1066,1033,1
1067,1032,1
1068,1032,1
1069,1032,1
1070,1032,1
1071,1031,1
1072,1031,1
1073,1031,1
1074,1030,1
1075,1030,1
1076,1030,1
1077,1030,1
1078,1029,1
1079,1029,1
1080,1029,1
1081,1029,1
1082,1028,1
1083,1028,1
1084,1028,1
1085,1028,1
1086,1028,1
1087,1027,1
1088,1027,1
1089,1027,1
1090,1027,1
1091,1026,1
1092,1026,1
1093,1026,1
1094,1026,1
1095,1026,1
1096,1026,1
1097,1026,1
1097,1025,1
1098,1025,1
1099,1025,1
1100,1025,1
1101,1025,1
1102,1025,1
1103,1025,1
1104,1025,1
1105,1025,1
1106,1024,1
1107,1024,1
1108,1024,1
1109,1024,1
1110,1024,1
1111,1024,1
1112,1024,1
1113,1024,1
1114,1024,1
1115,1024,1
1116,1024,1
1117,1025,1
1118,1025,1
1119,1025,1
1120,1025,1
1121,1025,1
1122,1025,1
1122,1026,1
1123,1026,1
1124,1026,1
1125,1027,1
1126,1027,1
1127,1027,1
1127,1028,1
1128,1028,1
1129,1029,1
1130,1029,1
1130,1030,1
1131,1030,1
1131,1031,1
1132,1031,1
1132,1032,1
1133,1032,1
1133,1033,1
1134,1033,1
1134,1034,1
1135,1034,1
1135,1035,1
1135,1036,1
1136,1036,1
1136,1037,1
1136,1038,1
1137,1039,1
1137,1040,1
1138,1041,1
1138,1042,1
1138,1043,1
1138,1044,1
1139,1045,1
1139,1046,1
1139,1047,1
1139,1048,1
1139,1049,1
1139,1050,1
1140,1050,1
1140,1051,1
1140,1052,1
1140,1053,1
1140,1054,1
1140,1055,1
1140,1056,1
1140,1057,1
1140,1058,1
1140,1059,1
1140,1060,1
1140,1061,1
1140,1062,1
1140,1063,1
1140,1064,1
1140,1065,1
1140,1066,1
1140,1067,1
1140,1068,1
1140,1069,1
1140,1070,1
1140,1071,1
1139,1072,1
1139,1073,1
1139,1074,1
1139,1075,1
1139,1076,1
1139,1077,1
1138,1077,1
1138,1078,1
1138,1079,1
1138,1080,1
1138,1081,1
1138,1082,1
1138,1083,1
1138,1084,1
1137,1085,1
1137,1086,1
1137,1087,1
1137,1088,1
1137,1089,1
1137,1090,1
1136,1091,1
1136,1092,1
1136,1093,1
1136,1094,1
1136,1095,1
1136,1096,1
1136,1097,1
1135,1098,1
1135,1099,1
1135,1100,1
1135,1101,1
1135,1102,1
1134,1103,1
1134,1104,1
1134,1105,1
1134,1106,1
1133,1107,1
1133,1108,1
1133,1109,1
1133,1110,1
1132,1111,1
1132,1112,1
1132,1113,1
1132,1114,1
1132,1115,1
1131,1115,1
1131,1116,1
1131,1117,1
1130,1118,1
1130,1119,1
1130,1120,1
1199,1102,0
1267,1083,1
1267,1084,1
1267,1085,1
1267,1086,1
1267,1087,1
1267,1088,1
1266,1089,1
1265,1090,1
1265,1091,1
1265,1092,1
1265,1093,1
1265,1094,1
1264,1095,1
1264,1096,1
1264,1097,1
1264,1098,1
1264,1099,1
1263,1100,1
1263,1101,1
1263,1102,1
1263,1103,1
1263,1104,1
1263,1105,1
1263,1106,1
1263,1107,1
1263,1108,1
1263,1109,1
1263,1110,1
1316,1084,0
1370,1057,1
1370,1058,1
1370,1059,1
1369,1060,1
1369,1061,1
1368,1062,1
1368,1063,1
1368,1064,1
1368,1065,1
1368,1066,1
1368,1067,1
1368,1068,1
1368,1069,1
1368,1070,1
1368,1071,1
1367,1072,1
1368,1073,1
1368,1074,1
1368,1075,1
1368,1076,1
1368,1077,1
1368,1078,1
1368,1079,1
1369,1080,1
1369,1081,1
1369,1082,1
1369,1083,1
1370,1084,1
1370,1085,1
1371,1086,1
1371,1087,1
1371,1088,1
1372,1089,1
1372,1090,1
1373,1091,1
1373,1092,1
1374,1093,1
1375,1094,1
1375,1095,1
1376,1096,1
1376,1097,1
1377,1098,1
1377,1099,1
1378,1100,1
1378,1101,1
1379,1102,1
1380,1103,1
1380,1104,1
1381,1105,1
1381,1106,1
1382,1107,1
1382,1108,1
1383,1109,1
1383,1110,1
1384,1110,1
1384,1111,1
1385,1112,1
1385,1113,1
1386,1114,1
1387,1115,1
1387,1116,1
1388,1117,1
1388,1118,1
1389,1119,1
1389,1120,1
1390,1121,1
1390,1122,1
1391,1123,1
1391,1124,1
1392,1124,1
1392,1125,1
1392,1126,1
1393,1127,1
1393,1128,1
1394,1129,1
1394,1130,1
1395,1131,1
1396,1132,1
1396,1133,1
1397,1133,1
1397,1134,1
1398,1135,1
1398,1136,1
1399,1137,1
1399,1138,1
1400,1139,1
1400,1140,1
1401,1140,1
1402,1141,1
1402,1142,1
1403,1143,1
1403,1144,1
1404,1145,1
1404,1146,1
1405,1146,1
1406,1147,1
1406,1148,1
1407,1149,1
1407,1150,1
1408,1151,1
1409,1151,1
1409,1152,1
1410,1153,1
1410,1154,1
1411,1155,1
1412,1156,1
1413,1157,1
1413,1158,1
1414,1159,1
1415,1160,1
1416,1161,1
1416,1162,1
1417,1163,1
1418,1164,1
1418,1165,1
1419,1165,1
1419,1166,1
1420,1167,1
1421,1168,1
1421,1169,1
1422,1169,1
1422,1170,1
1423,1171,1
1424,1172,1
1424,1173,1
1425,1174,1
1426,1175,1
1426,1176,1
1427,1177,1
1428,1178,1
1429,1179,1
1429,1180,1
1430,1181,1
1430,1182,1
1431,1183,1
1432,1183,1
1432,1184,1
1433,1185,1
1433,1186,1
1434,1187,1
1435,1188,1
1436,1189,1
1436,1190,1
1437,1191,1
1437,1192,1
1438,1192,1
1438,1193,1
1439,1194,1
1439,1195,1
1440,1196,1
1440,1197,1
1441,1197,1
1442,1198,1
1442,1199,1
1443,1200,1
1443,1201,1
1444,1201,1
1445,1202,1
1445,1203,1
1446,1204,1
1446,1205,1
1447,1205,1
1447,1206,1
1448,1207,1
1449,1208,1
1449,1209,1
1450,1210,1
1451,1211,1
1451,1212,1
1452,1213,1
1453,1213,1
1453,1214,1
1454,1215,1
1454,1216,1
1455,1217,1
1456,1218,1
1456,1219,1
1457,1220,1
1458,1220,1
1458,1221,1
1459,1222,1
1459,1223,1
1460,1224,1
1460,1225,1
1461,1225,1
1461,1226,1
1462,1227,1
1462,1228,1
1463,1229,1
1463,1230,1
1464,1231,1
1464,1232,1
1465,1233,1
1465,1234,1
1466,1235,1
1466,1236,1
1466,1237,1
1467,1238,1
1467,1239,1
1467,1240,1
1467,1241,1
1467,1242,1
1467,1243,1
1467,1244,1
1467,1245,1
1467,1246,1
1467,1247,1
1457,1063,0
1427,907,1
1428,907,1
1429,907,1
1430,907,1
1431,907,1
1432,907,1
1433,907,1
1434,907,1
1435,907,1
1436,907,1
1437,907,1
1438,907,1
1439,907,1
1440,907,1
1441,907,1
1442,907,1
1443,907,1
1444,907,1
1445,907,1
1446,907,1
1447,907,1
1448,907,1
1449,907,1
1450,907,1
1451,907,1
1452,907,1
1453,907,1
1454,907,1
1455,907,1
1456,907,1
1457,907,1
1458,907,1
1459,907,1
1460,907,1
1461,907,1
1462,907,1
1463,907,1
1464,907,1
1465,907,1
1466,907,1
1467,907,1
1468,907,1
1469,907,1
1470,907,1
1471,907,1
1472,907,1
1473,907,1
1474,907,1
1475,907,1
1476,907,1
1477,907,1
1478,907,1
1479,907,1
1480,907,1
1481,907,1
1482,907,1
1483,907,1
1484,907,1
1485,907,1
1486,907,1
1487,907,1
1488,907,1
1489,907,1
1490,907,1
1491,907,1
1492,907,1
1493,907,1
1494,907,1
1495,907,1
1496,907,1
1497,907,1
1498,907,1
1499,907,1
1500,907,1
1501,907,1
1502,907,1
1503,907,1
1504,907,1
1505,907,1
1506,907,1
1507,907,1
1508,907,1
1509,907,1
1510,907,1
1511,907,1
1512,907,1
1513,907,1
1514,907,1
1515,907,1
1516,907,1
1517,907,1
1518,907,1
1519,907,1
1520,907,1
1521,907,1
1522,907,1
1523,907,1
1524,907,1
1525,907,1
1526,907,1
1527,907,1
1528,907,1
1529,907,1
1530,907,1
1531,907,1
1532,907,1
1533,907,1
1534,907,1
1535,907,1
1536,907,1
1537,907,1
1538,907,1
1539,907,1
1540,907,1
1541,907,1
1542,907,1
1543,907,1
1544,907,1
1545,907,1
1546,907,1
1547,907,1
1548,907,1
1549,907,1
1550,907,1
1551,907,1
1552,907,1
1553,907,1
1554,907,1
1555,907,1
1556,907,1
1557,907,1
1558,907,1
1559,907,1
1560,907,1
1561,907,1
1562,907,1
1563,907,1
1564,907,1
1565,907,1
1566,907,1
1567,907,1
1568,907,1
1569,907,1
1570,907,1
1571,907,1
1572,907,1
1573,907,1
1574,907,1
1575,907,1
1576,907,1
1577,907,1
1578,907,1
1579,907,1
1580,907,1
1581,907,1
1582,907,1
1583,907,1
1584,907,1
1585,907,1
1586,907,1
1587,907,1
1588,907,1
1589,907,1
1590,907,1
1591,907,1
1592,907,1
1593,907,1
1594,907,1
1595,907,1
1596,907,1
1595,907,1
1594,907,1
1593,907,1
1592,907,1
1591,907,1
1590,907,1
1659,981,0
1737,1077,1
1736,1076,1
1735,1075,1
1734,1074,1
1733,1073,1
1733,1072,1
1732,1071,1
1731,1070,1
1731,1069,1
1731,1068,1
1731,1067,1
1731,1066,1
1731,1065,1
1731,1064,1
1732,1063,1
1732,1062,1
1733,1061,1
1733,1060,1
1734,1060,1
1734,1059,1
1735,1059,1
1735,1058,1
1736,1058,1
1737,1057,1
1738,1056,1
1739,1056,1
1739,1055,1
1740,1055,1
1741,1054,1
1742,1054,1
1743,1053,1
1744,1053,1
1745,1053,1
1746,1052,1
1747,1052,1
1748,1051,1
1749,1051,1
1750,1051,1
1751,1050,1
1752,1050,1
1753,1049,1
1754,1049,1
1755,1049,1
1756,1049,1
1757,1048,1
1758,1048,1
1759,1048,1
1760,1047,1
1761,1047,1
1762,1047,1
1763,1047,1
1764,1046,1
1765,1046,1
1766,1046,1
1767,1046,1
1768,1046,1
1768,1045,1
1769,1045,1
1770,1044,1
1771,1044,1
1772,1044,1
1773,1043,1
1774,1043,1
1775,1042,1
1776,1042,1
1777,1042,1
1778,1042,1
1779,1041,1
1780,1041,1
1781,1041,1
1782,1040,1
1783,1040,1
1784,1040,1
1785,1040,1
1786,1040,1
1787,1039,1
1788,1039,1
1789,1039,1
1790,1039,1
1791,1039,1
1792,1039,1
1793,1038,1
1794,1038,1
1795,1038,1
1796,1038,1
1797,1038,1
1798,1037,1
1799,1037,1
1800,1037,1
1801,1037,1
1802,1037,1
1803,1037,1
1804,1036,1
1805,1036,1
1806,1036,1
1807,1036,1
1808,1036,1
1809,1036,1
1810,1036,1
1811,1036,1
1812,1035,1
1813,1035,1
1814,1035,1
1815,1035,1
1816,1035,1
1817,1035,1
1818,1035,1
1819,1035,1
1820,1034,1
1821,1034,1
1822,1034,1
1823,1034,1
1824,1034,1
1825,1034,1
1826,1034,1
1827,1034,1
1828,1034,1
1829,1034,1
1830,1033,1
1831,1033,1
1832,1033,1
1833,1033,1
1834,1033,1
1835,1033,1
1836,1033,1
1837,1033,1
1838,1033,1
1839,1033,1
1840,1033,1
1841,1032,1
1842,1032,1
1843,1032,1
1844,1032,1
1845,1032,1
1846,1032,1
1847,1032,1
1848,1032,1
1849,1032,1
1850,1032,1
1851,1032,1
1852,1032,1
1853,1031,1
1854,1031,1
1855,1031,1
1856,1031,1
1857,1031,1
1858,1031,1
1859,1031,1
1860,1031,1
1861,1031,1
1862,1031,1
1863,1031,1
1864,1031,1
1865,1030,1
1866,1030,1
1867,1030,1
1868,1030,1
1869,1030,1
1870,1030,1
1871,1030,1
1872,1030,1
1873,1030,1
1874,1030,1
1875,1030,1
1876,1030,1
1877,1030,1
1878,1029,1
1879,1029,1
1880,1029,1
1881,1029,1
1882,1029,1
1883,1029,1
1884,1029,1
1885,1029,1
1886,1029,1
1887,1029,1
1888,1028,1
1889,1028,1
1890,1028,1
1891,1028,1
1892,1028,1
1893,1028,1
1894,1028,1
1895,1028,1
1896,1028,1
1897,1027,1
1898,1027,1
1899,1027,1
1900,1027,1
1901,1027,1
1902,1027,1
1903,1027,1
1904,1026,1
1905,1026,1
1906,1026,1
1907,1026,1
1908,1026,1
1909,1026,1
1910,1026,1
1911,1025,1
1912,1025,1
1913,1025,1
1914,1025,1
1915,1025,1
1916,1024,1
1917,1024,1
1918,1024,1
1919,1024,1
1920,1024,1
1921,1024,1
1922,1023,1
1923,1023,1
1924,1023,1
1925,1023,1
1926,1023,1
1927,1022,1
1928,1022,1
1929,1022,1
1930,1022,1
1931,1022,1
1932,1021,1
1933,1021,1
1934,1021,1
1935,1020,1
1936,1020,1
1937,1020,1
1938,1020,1
1939,1020,1
1940,1019,1
1941,1019,1
1942,1019,1
1943,1018,1
1944,1018,1
1945,1018,1
1946,1018,1
1947,1017,1
1948,1017,1
1949,1017,1
1950,1017,1
1951,1016,1
1952,1016,1
1953,1016,1
1954,1015,1
1955,1015,1
1956,1015,1
1957,1014,1
1958,1014,1
1959,1013,1
1960,1013,1
1961,1013,1
1962,1013,1
1963,1012,1
1964,1012,1
1965,1012,1
1966,1011,1
1967,1011,1
1968,1011,1
1969,1011,1
1970,1010,1
1971,1010,1
1972,1010,1
1973,1010,1
1974,1009,1
1975,1009,1
1976,1009,1
1977,1009,1
1978,1008,1
1979,1008,1
1980,1008,1
1981,1008,1
1982,1007,1
1983,1007,1
1984,1007,1
1985,1007,1
1986,1007,1
1987,1007,1
1988,1007,1
1989,1007,1
1990,1007,1
1990,1006,1
1991,1006,1
1992,1006,1
1992,1007,1
1993,1007,1
1994,1007,1
1995,1007,1
1996,1007,1
1997,1007,1
1998,1008,1
1999,1008,1
1999,1009,1
2000,1009,1
2000,1010,1
2001,1010,1
2001,1011,1
2001,1012,1
2001,1013,1
2001,1014,1
2001,1015,1
2001,1016,1
2001,1017,1
2001,1018,1
2001,1019,1
2001,1020,1
2000,1020,1
2000,1021,1
2000,1022,1
2000,1023,1
1999,1024,1
1999,1025,1
1998,1026,1
1998,1027,1
1998,1028,1
1997,1029,1
1997,1030,1
1996,1031,1
1996,1032,1
1995,1033,1
1995,1034,1
1994,1035,1
1994,1036,1
1993,1037,1
1992,1038,1
1992,1039,1
1991,1040,1
1991,1041,1
1990,1042,1
1989,1043,1
1989,1044,1
1988,1045,1
1988,1046,1
1987,1046,1
1987,1047,1
1986,1048,1
1986,1049,1
1985,1050,1
1985,1051,1
1984,1051,1
1984,1052,1
1983,1053,1
1983,1054,1
1982,1055,1
1982,1056,1
1981,1056,1
1980,1057,1
1980,1058,1
1979,1059,1
1979,1060,1
1978,1061,1
1978,1062,1
1977,1063,1
1976,1064,1
1976,1065,1
1975,1066,1
1975,1067,1
1974,1068,1
1973,1069,1
1972,1070,1
1972,1071,1
1971,1072,1
1971,1073,1
1970,1073,1
1970,1074,1
1969,1075,1
1968,1076,1
1968,1077,1
1967,1078,1
1967,1079,1
1966,1079,1
1966,1080,1
1965,1081,1
1965,1082,1
1964,1083,1
1964,1084,1
1963,1085,1
1962,1086,1
1962,1087,1
1961,1088,1
1961,1089,1
1960,1090,1
1959,1091,1
1958,1092,1
1957,1093,1
2017,1067,0
2070,1040,1
2069,1041,1
2068,1042,1
2068,1043,1
2068,1044,1
2067,1045,1
2067,1046,1
2066,1046,1
2066,1047,1
2065,1048,1
2065,1049,1
2064,1050,1
2064,1051,1
2063,1052,1
2063,1053,1
2063,1054,1
2062,1055,1
2062,1056,1
2062,1057,1
2062,1058,1
2061,1059,1
2061,1060,1
2060,1061,1
2060,1062,1
2060,1063,1
2060,1064,1
2059,1065,1
2059,1066,1
2059,1067,1
2059,1068,1
2058,1069,1
2058,1070,1
2058,1071,1
2058,1072,1
2058,1073,1
2058,1074,1
2058,1075,1
2058,1076,1
2058,1077,1
2058,1078,1
2058,1079,1
2058,1080,1
2058,1081,1
2057,1082,1
2057,1083,1
2057,1084,1
2057,1085,1
2057,1086,1
2057,1087,1
2057,1088,1
2057,1089,1
2058,1090,1
2058,1091,1
2058,1092,1
2058,1093,1
2058,1094,1
2058,1095,1
2058,1096,1
2058,1097,1
2058,1098,1
2058,1099,1
2058,1100,1
2058,1101,1
2058,1102,1
2058,1103,1
2058,1104,1
2058,1105,1
2058,1106,1
2058,1107,1
2058,1108,1
2058,1109,1
2058,1110,1
2058,1111,1
2058,1112,1
2058,1113,1
2058,1114,1
2058,1115,1
2058,1116,1
2058,1117,1
2058,1118,1
2058,1119,1
2058,1120,1
2059,1121,1
2059,1122,1
2059,1123,1
2059,1124,1
2059,1125,1
2059,1126,1
2059,1127,1
2059,1128,1
2060,1129,1
2060,1130,1
2060,1131,1
2060,1132,1
2060,1133,1
2060,1134,1
2060,1135,1
2061,1136,1
2061,1137,1
2061,1138,1
2061,1139,1
2061,1140,1
2062,1141,1
2062,1142,1
2062,1143,1
2063,1144,1
2063,1145,1
2063,1146,1
2063,1147,1
2064,1148,1
2064,1149,1
2064,1150,1
2064,1151,1
2065,1152,1
2065,1153,1
2065,1154,1
2066,1155,1
2066,1156,1
2066,1157,1
2067,1158,1
2067,1159,1
2068,1160,1
2068,1161,1
2068,1162,1
2069,1163,1
2069,1164,1
2069,1165,1
2070,1166,1
2070,1167,1
2070,1168,1
2071,1169,1
2071,1170,1
2071,1171,1
2072,1171,1
2072,1172,1
2072,1173,1
2073,1174,1
2073,1175,1
2073,1176,1
2074,1177,1
2074,1178,1
2074,1179,1
2075,1180,1
2075,1181,1
2075,1182,1
2076,1183,1
2076,1184,1
2076,1185,1
2077,1186,1
2077,1187,1
2078,1188,1
2078,1189,1
2078,1190,1
2079,1191,1
2079,1192,1
2080,1193,1
2080,1194,1
2080,1195,1
2081,1196,1
2081,1197,1
2082,1197,1
2082,1198,1
2083,1199,1
2083,1200,1
2084,1201,1
2084,1202,1
2085,1203,1
2085,1204,1
2086,1205,1
2087,1206,1
2087,1207,1
2088,1208,1
2088,1209,1
2089,1210,1
2090,1211,1
2090,1212,1
2091,1213,1
2091,1214,1
2092,1215,1
2093,1215,1
2093,1216,1
2094,1217,1
2094,1218,1
2095,1219,1
2095,1220,1
2096,1221,1
2097,1221,1
2097,1222,1
2098,1223,1
2098,1224,1
2099,1225,1
2100,1226,1
2100,1227,1
2101,1228,1
2102,1229,1
2103,1230,1
2063,1067,0
2023,907,1
2024,908,1
2025,908,1
2025,909,1
2026,910,1
2027,911,1
2028,912,1
2028,913,1
2029,914,1
2029,915,1
2030,915,1
2030,916,1
2031,917,1
2031,918,1
2032,919,1
2033,920,1
2033,921,1
2034,922,1
2035,923,1
2035,924,1
2036,924,1
2037,925,1
2037,926,1
2038,927,1
2038,928,1
2039,929,1
2040,930,1
2041,931,1
2042,932,1
2042,933,1
2043,934,1
2044,935,1
2045,936,1
2045,937,1
2046,938,1
2047,939,1
2048,940,1
2048,941,1
2049,942,1
2049,943,1
2050,944,1
2051,945,1
2052,946,1
2053,947,1
2053,948,1
2054,949,1
2055,949,1
2055,950,1
2056,951,1
2057,952,1
2058,953,1
2058,954,1
2059,955,1
2060,956,1
2061,957,1
2062,958,1
2063,959,1
2064,960,1
2065,961,1
2065,962,1
2066,962,1
2067,963,1
2105,1029,0
2173,1140,1
2172,1140,1
2171,1140,1
2170,1140,1
2169,1140,1
2168,1139,1
2167,1139,1
2167,1138,1
2166,1138,1
2165,1137,1
2164,1136,1
2163,1135,1
2163,1134,1
2162,1133,1
2162,1132,1
2162,1131,1
2161,1130,1
2161,1129,1
2161,1128,1
2161,1127,1
2161,1126,1
2161,1125,1
2161,1124,1
2161,1123,1
2161,1122,1
2161,1121,1
2162,1121,1
2162,1120,1
2162,1119,1
2162,1118,1
2163,1117,1
2164,1116,1
2164,1115,1
2165,1114,1
2165,1113,1
2166,1112,1
2167,1111,1
2167,1110,1
2168,1110,1
2168,1109,1
2169,1108,1
2170,1107,1
2170,1106,1
2171,1106,1
2172,1105,1
2173,1104,1
2173,1103,1
2174,1103,1
2175,1102,1
2176,1101,1
2177,1101,1
2177,1100,1
2178,1100,1
2179,1099,1
2180,1099,1
2180,1098,1
2181,1097,1
2181,1096,1
2182,1096,1
2182,1095,1
2183,1095,1
2183,1094,1
2184,1093,1
2185,1092,1
2186,1091,1
2187,1091,1
2187,1090,1
2188,1090,1
2189,1089,1
2190,1088,1
2191,1088,1
2191,1087,1
2192,1087,1
2193,1086,1
2194,1085,1
2195,1085,1
2196,1084,1
2197,1083,1
2198,1083,1
2199,1083,1
2199,1082,1
2200,1082,1
2201,1081,1
2202,1081,1
2203,1081,1
2203,1080,1
2204,1080,1
2205,1079,1
2206,1079,1
2207,1079,1
2208,1078,1
2209,1078,1
2210,1078,1
2211,1077,1
2212,1077,1
2213,1077,1
2214,1076,1
2215,1076,1
2216,1076,1
2217,1075,1
2218,1075,1
2219,1075,1
2220,1075,1
2221,1074,1
2222,1074,1
2223,1074,1
2224,1073,1
2225,1073,1
2226,1073,1
2227,1073,1
2228,1073,1
2229,1072,1
2230,1072,1
2231,1072,1
2232,1072,1
2233,1072,1
2233,1071,1
2234,1071,1
2235,1071,1
2236,1071,1
2237,1071,1
2238,1071,1
2239,1070,1
2240,1070,1
2241,1070,1
2242,1070,1
2243,1070,1
2244,1070,1
2245,1070,1
2246,1070,1
2247,1070,1
2248,1069,1
2249,1069,1
2250,1069,1
2251,1069,1
2252,1069,1
2253,1069,1
2254,1069,1
2255,1069,1
2256,1069,1
2257,1069,1
2258,1069,1
2259,1069,1
2260,1069,1
2261,1069,1
2262,1069,1
2263,1069,1
2264,1069,1
2265,1069,1
2266,1069,1
2267,1069,1
2268,1069,1
2269,1069,1
2270,1069,1
2271,1069,1
2272,1069,1
2273,1069,1
2274,1069,1
2275,1069,1
2276,1069,1
2277,1069,1
2278,1069,1
2279,1069,1
2280,1069,1
2281,1069,1
2282,1069,1
2283,1069,1
2284,1069,1
2285,1069,1
2286,1069,1
2287,1069,1
2288,1069,1
2289,1069,1
2290,1069,1
2291,1069,1
2292,1069,1
2293,1070,1
2294,1070,1
2295,1070,1
2296,1070,1
2297,1070,1
2298,1070,1
2299,1070,1
2300,1070,1
2301,1070,1
2302,1070,1
2303,1071,1
2304,1071,1
2305,1071,1
2306,1071,1
2307,1071,1
2308,1071,1
2309,1071,1
2310,1071,1
2311,1071,1
2312,1071,1
2313,1072,1
2314,1072,1
2315,1072,1
2316,1072,1
2317,1072,1
2318,1072,1
2319,1072,1
2320,1072,1
2321,1073,1
2322,1073,1
2323,1073,1
2324,1073,1
2325,1073,1
2326,1073,1
2327,1073,1
2328,1073,1
2329,1073,1
2330,1074,1
2331,1074,1
2332,1074,1
2333,1074,1
2334,1074,1
2335,1074,1
2336,1074,1
2337,1075,1
2338,1075,1
2339,1075,1
2340,1075,1
2341,1075,1
2342,1075,1
2343,1075,1
2344,1075,1
2345,1076,1
2346,1076,1
2347,1076,1
2348,1076,1
2349,1076,1
2350,1076,1
2351,1077,1
2352,1077,1
2353,1077,1
2354,1077,1
2355,1077,1
2356,1077,1
2357,1078,1
2358,1078,1
2359,1078,1
2360,1078,1
2361,1078,1
2362,1079,1
2363,1079,1
2364,1079,1
2365,1079,1
2366,1080,1
2367,1080,1
2368,1080,1
2369,1080,1
2370,1080,1
2371,1081,1
2372,1081,1
2373,1081,1
2374,1081,1
2375,1081,1
2375,1082,1
2376,1082,1
2377,1082,1
2378,1082,1
2379,1083,1
2380,1083,1
2381,1083,1
2382,1083,1
2383,1083,1
2375,1104,0
2373,1120,1
2374,1121,1
2375,1121,1
2375,1122,1
2376,1122,1
2377,1122,1
2377,1123,1
2378,1124,1
2379,1124,1
2379,1125,1
2380,1125,1
2381,1125,1
2382,1126,1
2383,1127,1
2384,1127,1
2385,1128,1
2386,1128,1
2386,1129,1
2387,1129,1
2388,1129,1
2389,1130,1
2390,1130,1
2391,1130,1
2392,1131,1
2393,1131,1
2394,1131,1
2395,1131,1
2396,1131,1
2397,1131,1
2398,1131,1
2399,1131,1
2400,1131,1
2401,1131,1
2402,1130,1
2403,1130,1
2404,1130,1
2405,1129,1
2406,1129,1
2407,1129,1
2408,1128,1
2409,1128,1
2410,1127,1
2411,1127,1
2412,1126,1
2413,1126,1
2414,1126,1
2414,1125,1
2415,1125,1
2416,1124,1
2417,1124,1
2418,1124,1
2419,1125,1
2420,1125,1
2421,1125,1
2422,1125,1
2423,1125,1
2424,1126,1
2425,1126,1
2426,1126,1
2426,1127,1
2427,1127,1
2427,1128,1
2427,1129,1
2427,1130,1
2427,1131,1
2427,1132,1
2427,1133,1
2426,1134,1
2426,1135,1
2426,1136,1
2426,1137,1
2425,1137,1
2425,1138,1
2425,1139,1
2425,1140,1
2425,1141,1
2424,1141,1
2424,1142,1
2424,1143,1
2424,1144,1
2423,1145,1
2423,1146,1
2423,1147,1
2422,1148,1
2422,1149,1
2422,1150,1
2421,1150,1
2421,1151,1
2421,1152,1
2421,1153,1
2420,1154,1
2420,1155,1
2420,1156,1
2419,1157,1
2419,1158,1
2419,1159,1
2418,1160,1
2418,1161,1
2418,1162,1
2418,1163,1
2418,1164,1
2417,1165,1
2417,1166,1
2417,1167,1
2416,1168,1
2416,1169,1
2416,1170,1
2416,1171,1
2416,1172,1
2415,1173,1
2415,1174,1
2415,1175,1
2414,1176,1
2414,1177,1
2414,1178,1
2414,1179,1
2414,1180,1
2413,1181,1
2413,1182,1
2413,1183,1
2413,1184,1
2413,1185,1
2412,1186,1
2412,1187,1
2412,1188,1
2412,1189,1
2412,1190,1
2412,1191,1
2412,1192,1
2411,1193,1
2411,1194,1
2411,1195,1
2411,1196,1
2411,1197,1
2411,1198,1
2411,1199,1
2411,1200,1
2411,1201,1
2411,1202,1
2411,1203,1
2410,1204,1
2410,1205,1
2410,1206,1
2410,1207,1
2410,1208,1
2410,1209,1
2410,1210,1
2410,1211,1
2409,1212,1
2409,1213,1
2409,1214,1
2409,1215,1
2409,1216,1
2409,1217,1
2408,1218,1
2408,1219,1
2408,1220,1
2408,1221,1
2408,1222,1
2408,1223,1
2407,1224,1
2407,1225,1
2407,1226,1
2406,1226,1
2406,1227,1
2405,1228,1
2405,1229,1
2404,1229,1
2403,1230,1
2312,1195,0
2243,1180,1
2242,1180,1
2241,1180,1
2240,1181,1
2239,1181,1
2238,1182,1
2237,1182,1
2236,1182,1
2235,1182,1
2234,1182,1
2233,1183,1
2232,1183,1
2231,1183,1
2230,1184,1
2229,1184,1
2228,1184,1
2227,1185,1
2226,1185,1
2225,1185,1
2224,1185,1
2223,1186,1
2222,1186,1
2221,1186,1
2220,1187,1
2219,1187,1
2218,1187,1
2217,1187,1
2217,1188,1
2216,1188,1
2215,1188,1
2214,1188,1
2213,1189,1
2212,1189,1
2211,1189,1
2210,1189,1
2209,1190,1
2208,1190,1
2207,1190,1
2206,1191,1
2205,1191,1
2204,1191,1
2203,1191,1
2202,1192,1
2201,1192,1
2200,1192,1
2199,1192,1
2199,1193,1
2198,1193,1
2197,1193,1
2196,1194,1
2195,1194,1
2194,1194,1
2193,1194,1
2192,1195,1
2191,1195,1
2190,1195,1
2189,1195,1
2188,1196,1
2187,1196,1
2186,1196,1
2185,1196,1
2184,1197,1
2183,1197,1
2182,1198,1
2181,1198,1
2180,1198,1
2179,1198,1
2178,1199,1
2177,1199,1
2176,1199,1
2175,1199,1
2174,1199,1
2173,1200,1
2172,1200,1
2171,1200,1
2170,1200,1
2169,1200,1
2168,1200,1
2167,1200,1
2317,1084,0
2407,977,1
2408,977,1
2409,977,1
2410,977,1
2411,977,1
2412,977,1
2413,977,1
2414,977,1
2415,977,1
2416,977,1
2417,977,1
2418,976,1
2419,976,1
2420,976,1
2421,976,1
2422,975,1
2423,975,1
2424,975,1
2425,975,1
2426,975,1
2427,975,1
2428,975,1
2429,975,1
2430,975,1
2431,975,1
2432,974,1
2433,974,1
2434,974,1
2435,974,1
2436,974,1
2437,974,1
2438,974,1
2439,974,1
2440,974,1
2441,974,1
2442,974,1
2443,974,1
2444,974,1
2445,974,1
2446,974,1
2447,974,1
2448,974,1
2449,974,1
2450,974,1
2451,974,1
2452,974,1
2453,974,1
2454,974,1
2455,974,1
2456,974,1
2457,974,1
2458,974,1
2459,974,1
2460,974,1
2461,974,1
2462,974,1
2463,974,1
2464,974,1
2465,974,1
2466,974,1
2467,974,1
2468,974,1
2469,974,1
2470,974,1
2471,974,1
2472,973,1
2473,973,1
2474,973,1
2475,973,1
2476,973,1
2477,973,1
2478,973,1
2479,973,1
2480,973,1
2481,973,1
2482,973,1
2483,973,1
2484,973,1
2485,973,1
2486,973,1
2487,973,1
2488,973,1
2489,973,1
2490,973,1
2491,973,1
2492,973,1
2493,973,1
2494,973,1
2495,973,1
2496,973,1
2497,973,1
2498,973,1
2499,973,1
2500,973,1
2501,973,1
2502,973,1
2503,973,1
2504,973,1
2505,973,1
2506,973,1
2507,973,1
2508,973,1
2509,973,1
2510,973,1
2511,973,1
2512,973,1
2513,973,1
2514,973,1
2515,973,1
2516,973,1
2517,973,1
2518,973,1
2519,973,1
2520,973,1
2521,973,1
2522,973,1
2523,973,1
2524,973,1
2525,973,1
2526,973,1
2527,973,1
2528,973,1
2529,973,1
2530,972,1
2531,972,1
2532,972,1
2533,972,1
2534,972,1
2535,972,1
2535,971,1
2536,971,1
2537,970,1
2688,1032,0
2840,1087,1
2841,1087,1
2842,1087,1
2843,1088,1
2844,1088,1
2845,1088,1
2845,1089,1
2846,1089,1
2847,1089,1
2848,1089,1
2849,1089,1
2850,1089,1
2851,1090,1
2852,1090,1
2853,1090,1
2854,1090,1
2855,1090,1
2856,1091,1
2857,1091,1
2858,1091,1
2859,1091,1
2860,1091,1
2861,1091,1
2862,1091,1
2863,1091,1
2864,1091,1
2865,1091,1
2866,1091,1
2867,1091,1
2868,1091,1
2869,1091,1
2870,1091,1
2871,1091,1
2872,1091,1
2873,1091,1
2874,1091,1
2875,1091,1
2876,1091,1
2877,1091,1
2878,1090,1
2879,1090,1
2880,1090,1
2881,1090,1
2882,1090,1
2883,1090,1
2884,1090,1
2885,1089,1
2886,1089,1
2887,1089,1
2888,1089,1
2889,1089,1
2890,1088,1
2891,1088,1
2892,1088,1
2893,1088,1
2894,1087,1
2895,1087,1
2896,1087,1
2897,1087,1
2898,1086,1
2899,1086,1
2900,1086,1
2901,1086,1
2902,1086,1
2903,1085,1
2904,1085,1
2905,1085,1
2906,1085,1
2907,1084,1
2908,1084,1
2909,1084,1
2910,1084,1
2911,1083,1
2912,1083,1
2913,1083,1
2914,1083,1
2915,1083,1
2916,1082,1
2917,1082,1
2918,1082,1
2918,1081,1
2919,1081,1
2920,1081,1
2921,1081,1
2922,1080,1
2923,1080,1
2924,1080,1
2925,1079,1
2926,1079,1
2927,1078,1
2928,1078,1
2929,1078,1
2930,1077,1
2931,1077,1
2932,1077,1
2932,1076,1
2933,1076,1
2934,1076,1
2935,1075,1
2936,1075,1
2936,1074,1
2937,1074,1
2938,1074,1
2939,1073,1
2940,1073,1
2940,1072,1
2941,1072,1
2942,1071,1
2943,1071,1
2944,1070,1
2945,1070,1
2946,1069,1
2947,1069,1
2948,1068,1
2949,1067,1
2950,1067,1
2951,1066,1
2952,1066,1
2952,1065,1
2953,1065,1
2954,1064,1
2955,1064,1
2956,1063,1
2957,1063,1
2957,1062,1
2958,1062,1
2959,1061,1
2960,1061,1
2960,1060,1
2961,1060,1
2962,1060,1
2962,1059,1
2963,1059,1
2964,1058,1
2965,1058,1
2965,1057,1
2966,1057,1
2966,1058,1
2966,1059,1
2965,1059,1
2965,1060,1
2965,1061,1
2964,1061,1
2964,1062,1
2963,1063,1
2963,1064,1
2962,1065,1
2962,1066,1
2961,1066,1
2961,1067,1
2960,1068,1
2960,1069,1
2959,1069,1
2959,1070,1
2959,1071,1
2958,1072,1
2958,1073,1
2957,1074,1
2956,1075,1
2956,1076,1
2955,1077,1
2955,1078,1
2954,1079,1
2954,1080,1
2953,1081,1
2953,1082,1
2952,1083,1
2952,1084,1
2951,1084,1
2951,1085,1
2951,1086,1
2950,1087,1
2950,1088,1
2949,1089,1
2949,1090,1
2948,1091,1
2948,1092,1
2948,1093,1
2947,1094,1
2946,1095,1
2946,1096,1
2946,1097,1
2945,1098,1
2945,1099,1
2945,1100,1
2944,1100,1
2944,1101,1
2943,1102,1
2943,1103,1
2943,1104,1
2942,1105,1
2941,1106,1
2941,1107,1
2941,1108,1
2940,1109,1
2940,1110,1
2940,1111,1
2939,1111,1
2939,1112,1
2939,1113,1
2938,1114,1
2938,1115,1
2938,1116,1
2937,1117,1
2937,1118,1
2936,1119,1
2936,1120,1
2936,1121,1
2935,1122,1
2935,1123,1
2935,1124,1
2934,1125,1
2934,1126,1
2934,1127,1
2933,1128,1
2933,1129,1
2933,1130,1
2932,1131,1
2932,1132,1
2932,1133,1
2932,1134,1
2931,1135,1
2931,1136,1
2931,1137,1
2930,1138,1
2930,1139,1
2930,1140,1
2929,1141,1
2929,1142,1
2928,1143,1
2928,1144,1
2928,1145,1
2927,1146,1
2927,1147,1
2927,1148,1
2927,1149,1
2926,1149,1
2926,1150,1
2925,1151,1
2925,1152,1
2924,1153,1
2923,1154,1
2923,1155,1
2923,1156,1
2923,1157,1
2836,1141,0
2767,1143,1
2766,1143,1
2765,1143,1
2764,1143,1
2763,1144,1
2762,1145,1
2761,1145,1
2760,1146,1
2759,1146,1
2759,1147,1
2758,1147,1
2757,1147,1
2756,1147,1
2755,1148,1
2754,1148,1
2753,1148,1
2752,1149,1
2751,1149,1
2750,1150,1
2749,1150,1
2748,1150,1
2747,1151,1
2746,1151,1
2745,1151,1
2744,1152,1
2743,1152,1
2742,1152,1
2741,1152,1
2740,1153,1
2739,1153,1
2738,1153,1
2737,1154,1
2736,1154,1
2735,1154,1
2734,1155,1
2733,1155,1
2732,1156,1
2731,1156,1
2730,1156,1
2729,1156,1
2728,1157,1
2727,1157,1
2726,1157,1
2725,1158,1
2724,1158,1
2723,1158,1
2722,1158,1
2721,1159,1
2720,1159,1
2719,1159,1
2718,1160,1
2717,1160,1
2716,1160,1
2715,1160,1
2714,1161,1
2713,1161,1
2712,1161,1
2711,1162,1
2710,1162,1
2709,1162,1
2708,1162,1
2707,1163,1
2706,1163,1
2705,1163,1
2704,1163,1
2703,1163,1
2865,1131,0
3000,1080,1
3000,1081,1
3000,1082,1
2999,1083,1
2999,1084,1
2999,1085,1
2998,1085,1
2998,1086,1
2997,1087,1
2997,1088,1
2997,1089,1
2996,1089,1
2996,1090,1
2996,1091,1
2996,1092,1
2995,1093,1
2995,1094,1
2995,1095,1
2995,1096,1
2995,1097,1
2995,1098,1
2995,1099,1
2995,1100,1
2995,1101,1
2995,1102,1
2996,1103,1
2996,1104,1
2996,1105,1
2996,1106,1
2997,1107,1
2997,1108,1
2997,1109,1
2997,1110,1
2998,1111,1
2998,1112,1
2998,1113,1
2998,1114,1
2999,1115,1
2999,1116,1
3000,1117,1
3000,1118,1
3001,1119,1
3001,1120,1
3002,1121,1
3002,1122,1
3002,1123,1
3003,1124,1
3003,1125,1
3003,1126,1
3004,1126,1
3004,1127,1
3005,1128,1
3005,1129,1
3005,1130,1
3006,1131,1
3006,1132,1
3007,1133,1
3007,1134,1
3008,1135,1
3008,1136,1
3008,1137,1
3009,1138,1
3009,1139,1
3009,1140,1
3010,1141,1
3010,1142,1
3011,1143,1
3011,1144,1
3011,1145,1
3012,1146,1
3012,1147,1
3013,1148,1
3013,1149,1
3014,1150,1
3014,1151,1
3015,1152,1
3015,1153,1
3016,1154,1
3016,1155,1
3017,1156,1
3017,1157,1
3018,1158,1
3018,1159,1
3019,1160,1
3019,1161,1
3020,1161,1
3020,1162,1
3021,1163,1
3021,1164,1
3022,1165,1
3022,1166,1
3023,1166,1
3023,1167,1
3024,1168,1
3024,1169,1
3025,1170,1
3025,1171,1
3026,1171,1
3026,1172,1
3027,1173,1
3027,1174,1
3028,1175,1
3028,1176,1
3029,1176,1
3029,1177,1
3030,1178,1
3030,1179,1
3031,1180,1
3031,1181,1
3032,1181,1
3032,1182,1
3033,1183,1
3033,1184,1
3034,1185,1
3034,1186,1
3035,1186,1
3035,1187,1
3036,1188,1
3036,1189,1
3037,1190,1
3037,1191,1
3038,1192,1
3038,1193,1
3039,1193,1
3039,1194,1
3040,1195,1
3041,1196,1
3041,1197,1
3042,1198,1
3043,1199,1
3044,1200,1
3044,1201,1
3045,1202,1
3046,1203,1
3047,1204,1
3048,1205,1
3049,1206,1
3049,1207,1
3050,1208,1
3051,1209,1
3052,1210,1
3052,1211,1
3053,1211,1
3053,1212,1
3054,1213,1
3054,1214,1
3055,1214,1
3056,1215,1
3056,1216,1
3057,1217,1
3058,1218,1
3059,1219,1
3060,1220,1
3086,1131,0
3103,1073,1
3104,1073,1
3105,1073,1
3106,1073,1
3107,1073,1
3108,1073,1
3109,1073,1
3110,1073,1
3111,1072,1
3112,1072,1
3113,1072,1
3114,1072,1
3115,1072,1
3115,1071,1
3116,1071,1
3117,1071,1
3118,1071,1
3119,1070,1
3120,1070,1
3121,1070,1
3122,1070,1
3123,1069,1
3124,1069,1
3125,1069,1
3126,1068,1
3127,1068,1
3128,1068,1
3128,1067,1
3129,1067,1
3130,1067,1
3131,1066,1
3132,1066,1
3133,1066,1
3134,1065,1
3135,1065,1
3136,1065,1
3137,1065,1
3138,1065,1
3139,1065,1
3140,1065,1
3141,1065,1
3142,1065,1
3143,1065,1
3144,1066,1
3145,1066,1
3145,1067,1
3146,1067,1
3146,1068,1
3147,1068,1
3147,1069,1
3147,1070,1
3148,1070,1
3148,1071,1
3148,1072,1
3149,1073,1
3150,1074,1
3151,1074,1
3151,1075,1
3152,1075,1
3152,1076,1
3153,1077,1
3153,1078,1
3154,1078,1
3154,1079,1
3154,1080,1
3154,1081,1
3155,1081,1
3155,1082,1
3155,1083,1
3155,1084,1
3155,1085,1
3155,1086,1
3155,1087,1
3155,1088,1
3155,1089,1
3156,1090,1
3156,1091,1
3156,1092,1
3156,1093,1
3156,1094,1
3156,1095,1
3156,1096,1
3156,1097,1
3156,1098,1
3156,1099,1
3155,1099,1
3155,1100,1
3155,1101,1
3154,1102,1
3154,1103,1
3154,1104,1
3153,1105,1
3152,1106,1
3152,1107,1
3152,1108,1
3151,1109,1
3151,1110,1
3150,1111,1
3150,1112,1
3149,1112,1
3149,1113,1
3148,1114,1
3148,1115,1
3148,1116,1
3147,1117,1
3147,1118,1
3146,1118,1
3146,1119,1
3145,1120,1
3145,1121,1
3144,1122,1
3144,1123,1
3144,1124,1
3143,1125,1
3143,1126,1
3142,1126,1
3142,1127,1
3142,1128,1
3141,1129,1
3141,1130,1
3140,1131,1
3140,1132,1
3140,1133,1
3139,1134,1
3139,1135,1
3138,1135,1
3138,1136,1
3138,1137,1
3137,1138,1
3137,1139,1
3137,1140,1
3172,1128,0
3207,1117,1
3207,1118,1
3207,1119,1
3206,1120,1
3205,1121,1
3205,1122,1
3205,1123,1
3204,1124,1
3203,1125,1
3203,1126,1
3203,1127,1
3203,1128,1
3203,1129,1
3203,1130,1
3266,1105,0
3333,1080,1
3332,1081,1
3331,1082,1
3331,1083,1
3331,1084,1
3330,1084,1
3330,1085,1
3329,1086,1
3328,1087,1
3328,1088,1
3327,1089,1
3327,1090,1
3326,1091,1
3326,1092,1
3326,1093,1
3326,1094,1
3326,1095,1
3327,1095,1
3327,1096,1
3327,1097,1
3327,1098,1
3328,1099,1
3328,1100,1
3329,1100,1
3329,1101,1
3330,1102,1
3331,1103,1
3332,1104,1
3333,1104,1
3333,1105,1
3334,1105,1
3335,1106,1
3336,1107,1
3337,1107,1
3338,1108,1
3339,1108,1
3339,1109,1
3340,1109,1
3341,1110,1
3342,1110,1
3343,1111,1
3344,1111,1
3345,1111,1
3346,1112,1
3347,1112,1
3348,1113,1
3349,1113,1
3350,1113,1
3351,1114,1
3352,1114,1
3353,1114,1
3354,1114,1
3355,1115,1
3356,1115,1
3357,1116,1
3358,1116,1
3359,1117,1
3360,1117,1
3361,1118,1
3362,1118,1
3363,1119,1
3364,1119,1
3365,1119,1
3366,1120,1
3367,1120,1
3368,1120,1
3369,1121,1
3370,1121,1
3371,1121,1
3372,1121,1
3373,1122,1
3374,1122,1
3375,1122,1
3376,1122,1
3377,1122,1
3378,1122,1
3379,1122,1
3380,1123,1
3381,1123,1
3382,1123,1
3383,1123,1
3384,1123,1
3385,1123,1
3386,1123,1
3387,1123,1
3388,1123,1
3389,1123,1
3390,1123,1
3391,1123,1
3392,1123,1
3393,1123,1
3394,1123,1
3395,1123,1
3396,1123,1
3397,1123,1
3398,1122,1
3399,1122,1
3400,1122,1
3401,1122,1
3402,1122,1
3403,1122,1
3404,1122,1
3405,1121,1
3406,1121,1
3407,1121,1
3408,1121,1
3409,1121,1
3410,1121,1
3411,1120,1
3412,1120,1
3413,1120,1
3414,1120,1
3415,1120,1
3416,1120,1
3416,1119,1
3417,1119,1
3418,1119,1
3419,1119,1
3420,1119,1
3421,1119,1
3422,1119,1
3423,1119,1
3423,1118,1
3424,1118,1
3425,1118,1
3426,1118,1
3427,1118,1
3428,1118,1
3429,1118,1
3430,1118,1
3431,1118,1
3432,1118,1
3433,1118,1
3433,1119,1
3434,1119,1
3435,1119,1
3435,1120,1
3435,1121,1
3436,1121,1
3436,1122,1
3436,1123,1
3436,1124,1
3436,1125,1
3436,1126,1
3435,1127,1
3435,1128,1
3435,1129,1
3435,1130,1
3435,1131,1
3434,1131,1
3434,1132,1
3434,1133,1
3434,1134,1
3434,1135,1
3433,1135,1
3433,1136,1
3433,1137,1
3433,1138,1
3432,1139,1
3432,1140,1
3432,1141,1
3432,1142,1
3431,1143,1
3431,1144,1
3431,1145,1
3431,1146,1
3431,1147,1
3430,1148,1
3430,1149,1
3430,1150,1
3429,1151,1
3429,1152,1
3429,1153,1
3428,1154,1
3428,1155,1
3427,1156,1
3427,1157,1
3427,1158,1
3427,1159,1
3426,1159,1
3426,1160,1
3426,1161,1
3426,1162,1
3426,1163,1
3426,1164,1
3425,1165,1
3425,1166,1
3425,1167,1
3425,1168,1
3425,1169,1
3425,1170,1
3425,1171,1
3425,1172,1
3425,1173,1
3425,1174,1
3425,1175,1
3425,1176,1
3425,1177,1
3425,1178,1
3425,1179,1
3425,1180,1
3425,1181,1
3425,1182,1
3426,1183,1
3426,1184,1
3426,1185,1
3427,1186,1
3427,1187,1
3427,1188,1
3428,1189,1
3428,1190,1
3429,1191,1
3429,1192,1
3430,1193,1
3431,1194,1
3432,1195,1
3433,1196,1
3434,1197,1
3435,1198,1
3436,1198,1
3436,1199,1
3437,1199,1
3438,1200,1
3439,1200,1
3440,1200,1
3442,1076,0
3430,973,1
3431,973,1
3432,973,1
3433,973,1
3434,973,1
3435,973,1
3436,973,1
3437,973,1
3438,973,1
3439,973,1
3440,973,1
3441,973,1
3442,973,1
3443,974,1
3444,974,1
3445,974,1
3446,974,1
3447,975,1
3448,975,1
3449,975,1
3450,975,1
3451,975,1
3452,975,1
3453,975,1
3454,975,1
3455,975,1
3456,975,1
3457,975,1
3458,976,1
3459,976,1
3460,976,1
3461,976,1
3462,976,1
3463,976,1
3464,976,1
3465,976,1
3466,977,1
3467,977,1
3468,977,1
3469,977,1
3470,977,1
3471,977,1
3472,977,1
3473,977,1
3474,977,1
3475,977,1
3476,977,1
3477,977,1
3478,977,1
3479,977,1
3480,978,1
3481,978,1
3482,978,1
3483,978,1
3484,978,1
3485,978,1
3486,978,1
3487,978,1
3488,978,1
3489,978,1
3490,978,1
3491,979,1
3492,979,1
3493,979,1
3494,979,1
3495,979,1
3496,979,1
3497,979,1
3498,979,1
3499,979,1
3500,979,1
3501,979,1
3502,979,1
3503,979,1
3503,980,1
3504,980,1
3505,980,1
3506,980,1
3507,980,1
3508,980,1
3509,980,1
3510,980,1
3511,980,1
3512,980,1
3513,980,1
3514,980,1
3515,980,1
3516,980,1
3517,980,1
3518,981,1
3519,981,1
3520,981,1
3521,981,1
3522,981,1
3523,981,1
3524,981,1
3525,981,1
3526,981,1
3527,981,1
3528,981,1
3529,981,1
3530,982,1
3531,982,1
3532,982,1
3533,982,1
3534,982,1
3535,982,1
3536,982,1
3537,982,1
3538,982,1
3539,982,1
3540,982,1
3541,982,1
3542,982,1
3543,982,1
3544,982,1
3545,982,1
3546,982,1
3547,982,1
3548,983,1
3549,983,1
3550,983,1
3551,983,1
3552,983,1
3553,983,1
3554,983,1
3555,983,1
3556,983,1
3557,983,1
3558,983,1
3559,983,1
3560,983,1
3561,983,1
3562,983,1
3563,983,1
3564,983,1
3564,982,1
3563,982,1
3562,982,1
3561,981,1
3560,980,1
3560,980,0
