1575,2692,1
1574,2692,1
1573,2692,1
1572,2692,1
1571,2692,1
1570,2692,1
1569,2693,1
1568,2693,1
1567,2694,1
1566,2694,1
1566,2695,1
1565,2695,1
1564,2696,1
1563,2696,1
1562,2696,1
1561,2696,1
1560,2697,1
1559,2697,1
1558,2697,1
1557,2697,1
1556,2698,1
1555,2698,1
1554,2698,1
1554,2699,1
1553,2699,1
1552,2699,1
1551,2700,1
1550,2700,1
1549,2700,1
1548,2701,1
1547,2701,1
1546,2702,1
1545,2702,1
1544,2703,1
1543,2703,1
1542,2704,1
1541,2704,1
1540,2704,1
1539,2705,1
1538,2705,1
1537,2706,1
1536,2707,1
1535,2707,1
1534,2708,1
1533,2708,1
1533,2709,1
1532,2709,1
1531,2710,1
1530,2710,1
1529,2711,1
1528,2712,1
1527,2712,1
1527,2713,1
1526,2714,1
1525,2714,1
1525,2715,1
1524,2715,1
1523,2716,1
1523,2717,1
1522,2717,1
1521,2718,1
1520,2719,1
1520,2720,1
1519,2720,1
1519,2721,1
1519,2722,1
1518,2723,1
1518,2724,1
1517,2725,1
1517,2726,1
1516,2727,1
1516,2728,1
1516,2729,1
1516,2730,1
1516,2731,1
1516,2732,1
1516,2733,1
1516,2734,1
1516,2735,1
1516,2736,1
1516,2737,1
1517,2737,1
1517,2738,1
1517,2739,1
1517,2740,1
1518,2740,1
1518,2741,1
1519,2742,1
1519,2743,1
1520,2744,1
1521,2745,1
1522,2746,1
1523,2747,1
1524,2748,1
1525,2749,1
1526,2749,1
1526,2750,1
1527,2750,1
1528,2751,1
1529,2751,1
1530,2752,1
1531,2752,1
1532,2752,1
1533,2753,1
1534,2753,1
1535,2753,1
1535,2754,1
1536,2754,1
1537,2754,1
1538,2754,1
1538,2755,1
1539,2755,1
1540,2755,1
1541,2755,1
1542,2756,1
1543,2756,1
1544,2757,1
1545,2757,1
1546,2757,1
1546,2758,1
1547,2758,1
1548,2758,1
1549,2758,1
1550,2759,1
1551,2759,1
1552,2759,1
1553,2760,1
1554,2760,1
1555,2760,1
1556,2761,1
1557,2761,1
1558,2761,1
1558,2762,1
1559,2762,1
1560,2762,1
1561,2762,1
1562,2763,1
1563,2763,1
1564,2763,1
1564,2764,1
1565,2764,1
1566,2764,1
1567,2765,1
1568,2765,1
1569,2765,1
1570,2765,1
1571,2766,1
1572,2766,1
1573,2766,1
1574,2767,1
1575,2767,1
1576,2767,1
1576,2768,1
1577,2768,1
1578,2768,1
1579,2769,1
1580,2769,1
1581,2769,1
1582,2770,1
1583,2770,1
1584,2770,1
1585,2770,1
1586,2771,1
1587,2771,1
1588,2771,1
1589,2771,1
1589,2772,1
1590,2772,1
1591,2772,1
1592,2772,1
1593,2772,1
1594,2773,1
1595,2773,1
1596,2773,1
1597,2773,1
1598,2774,1
1599,2774,1
1600,2774,1
1601,2774,1
1602,2774,1
1603,2775,1
1604,2775,1
1605,2775,1
1606,2775,1
1607,2776,1
1608,2776,1
1609,2776,1
1610,2776,1
1610,2777,1
1611,2777,1
1612,2777,1
1613,2777,1
1613,2778,1
1614,2778,1
1615,2778,1
1615,2779,1
1616,2779,1
1617,2779,1
1617,2780,1
1618,2780,1
1619,2780,1
1619,2781,1
1620,2781,1
1621,2782,1
1622,2782,1
1622,2783,1
1623,2783,1
1623,2784,1
1624,2784,1
1625,2785,1
1626,2785,1
1626,2786,1
1627,2787,1
1628,2788,1
1629,2789,1
1630,2790,1
1630,2791,1
1631,2791,1
1631,2792,1
1632,2792,1
1632,2793,1
1633,2794,1
1633,2795,1
1634,2795,1
1634,2796,1
1635,2797,1
1635,2798,1
1636,2799,1
1636,2800,1
1637,2801,1
1637,2802,1
1638,2803,1
1638,2804,1
1638,2805,1
1639,2805,1
1639,2806,1
1639,2807,1
1640,2807,1
1640,2808,1
1641,2808,1
1641,2809,1
1642,2810,1
1643,2811,1
1643,2812,1
1644,2812,1
1644,2813,1
1645,2813,1
1646,2814,1
1647,2815,1
1648,2816,1
1649,2816,1
1649,2817,1
1650,2817,1
1650,2818,1
1651,2818,1
1652,2819,1
1653,2819,1
1654,2820,1
1655,2820,1
1655,2821,1
1656,2821,1
1657,2822,1
1658,2822,1
1659,2823,1
1660,2823,1
1661,2824,1
1662,2824,1
1663,2825,1
1664,2825,1
1665,2825,1
1665,2826,1
1666,2826,1
1667,2826,1
1668,2827,1
1669,2827,1
1670,2827,1
1670,2828,1
1671,2828,1
1672,2828,1
1673,2828,1
1673,2829,1
1674,2829,1
1675,2829,1
1676,2829,1
1677,2830,1
1678,2830,1
1679,2830,1
1680,2830,1
1681,2831,1
1682,2831,1
1683,2831,1
1684,2832,1
1685,2832,1
1686,2832,1
1687,2832,1
1688,2833,1
1689,2833,1
1690,2833,1
1691,2834,1
1692,2834,1
1693,2834,1
1694,2834,1
1695,2835,1
1696,2835,1
1697,2835,1
1698,2835,1
1698,2836,1
1699,2836,1
1700,2836,1
1701,2837,1
1702,2837,1
1703,2837,1
1704,2838,1
1705,2838,1
1706,2838,1
1707,2839,1
1708,2839,1
1709,2840,1
1710,2840,1
1711,2841,1
1712,2841,1
1713,2842,1
1714,2842,1
1715,2843,1
1716,2843,1
1716,2844,1
1717,2844,1
1718,2845,1
1719,2845,1
1719,2846,1
1720,2846,1
1721,2847,1
1722,2847,1
1722,2848,1
1723,2848,1
1724,2849,1
1725,2850,1
1726,2850,1
1726,2851,1
1727,2851,1
1728,2852,1
1729,2853,1
1730,2853,1
1730,2854,1
1731,2854,1
1731,2855,1
1732,2855,1
1732,2856,1
1733,2856,1
1734,2857,1
1734,2858,1
1735,2858,1
1735,2859,1
1736,2859,1
1736,2860,1
1737,2860,1
1737,2861,1
1738,2862,1
1739,2863,1
1739,2864,1
1740,2864,1
1740,2865,1
1740,2866,1
1741,2866,1
1741,2867,1
1741,2868,1
1742,2868,1
1742,2869,1
1742,2870,1
1742,2871,1
1742,2872,1
1742,2873,1
1742,2874,1
1742,2875,1
1742,2876,1
1742,2877,1
1742,2878,1
1742,2879,1
1741,2880,1
1741,2881,1
1741,2882,1
1741,2883,1
1740,2883,1
1740,2884,1
1740,2885,1
1739,2886,1
1739,2887,1
1738,2888,1
1738,2889,1
1737,2890,1
1737,2891,1
1736,2892,1
1736,2893,1
1735,2894,1
1735,2895,1
1735,2896,1
1734,2897,1
1734,2898,1
1733,2899,1
1733,2900,1
1733,2901,1
1732,2902,1
1732,2903,1
1731,2904,1
1731,2905,1
1731,2906,1
1730,2906,1
1730,2907,1
1729,2908,1
1729,2909,1
1728,2910,1
1728,2911,1
1728,2912,1
1727,2913,1
1727,2914,1
1726,2915,1
1726,2916,1
1725,2917,1
1725,2918,1
1725,2919,1
1724,2920,1
1724,2921,1
1723,2922,1
1723,2923,1
1722,2924,1
1722,2925,1
1722,2926,1
1721,2927,1
1721,2928,1
1720,2929,1
1720,2930,1
1720,2931,1
1719,2932,1
1718,2933,1
1718,2934,1
1718,2935,1
1717,2936,1
1717,2937,1
1716,2938,1
1716,2939,1
1715,2940,1
1715,2941,1
1714,2942,1
1714,2943,1
1714,2944,1
1713,2944,1
1713,2945,1
1712,2946,1
1712,2947,1
1711,2948,1
1711,2949,1
1710,2950,1
1710,2951,1
1709,2952,1
1709,2953,1
1709,2954,1
1708,2954,1
1707,2955,1
1707,2956,1
1706,2957,1
1706,2958,1
1706,2959,1
1705,2959,1
1705,2960,1
1705,2961,1
1704,2962,1
1703,2963,1
1703,2964,1
1702,2965,1
1701,2965,1
1701,2966,1
1700,2967,1
1836,2831,0
1908,2692,1
1909,2692,1
1910,2692,1
1911,2692,1
1912,2692,1
1913,2692,1
1914,2692,1
1915,2693,1
1916,2694,1
1917,2694,1
1918,2695,1
1919,2696,1
1920,2697,1
1921,2698,1
1922,2699,1
1923,2699,1
1924,2700,1
1925,2701,1
1926,2702,1
1927,2703,1
1927,2704,1
1928,2705,1
1929,2706,1
1929,2707,1
1930,2708,1
1930,2709,1
1931,2710,1
1931,2711,1
1932,2712,1
1932,2713,1
1933,2714,1
1933,2715,1
1934,2715,1
1934,2716,1
1935,2717,1
1935,2718,1
1936,2719,1
1936,2720,1
1936,2721,1
1936,2722,1
1936,2723,1
1937,2724,1
1937,2725,1
1937,2726,1
1937,2727,1
1937,2728,1
1937,2729,1
1937,2730,1
1937,2731,1
1937,2732,1
1938,2733,1
1938,2734,1
1938,2735,1
1938,2736,1
1938,2737,1
1938,2738,1
1937,2739,1
1937,2740,1
1938,2741,1
1938,2742,1
1938,2743,1
1938,2744,1
1938,2745,1
1938,2746,1
1938,2747,1
1938,2748,1
1938,2749,1
1938,2750,1
1938,2751,1
1938,2752,1
1938,2753,1
1938,2754,1
1938,2755,1
1937,2756,1
1937,2757,1
1937,2758,1
1937,2759,1
1937,2760,1
1937,2761,1
1937,2762,1
1937,2763,1
1937,2764,1
1937,2765,1
1936,2766,1
1936,2767,1
1936,2768,1
1936,2769,1
1936,2770,1
1936,2771,1
1936,2772,1
1935,2773,1
1935,2774,1
1935,2775,1
1935,2776,1
1934,2777,1
1934,2778,1
1934,2779,1
1934,2780,1
1933,2781,1
1933,2782,1
1933,2783,1
1932,2784,1
1932,2785,1
1932,2786,1
1932,2787,1
1931,2788,1
1931,2789,1
1931,2790,1
1930,2791,1
1930,2792,1
1930,2793,1
1930,2794,1
1930,2795,1
1931,2796,1
1931,2797,1
1931,2798,1
1931,2799,1
1931,2800,1
1931,2801,1
1931,2802,1
1931,2803,1
1931,2804,1
1931,2805,1
1931,2806,1
1931,2807,1
1931,2808,1
1931,2809,1
1930,2810,1
1930,2811,1
1930,2812,1
1930,2813,1
1930,2814,1
1930,2815,1
1930,2816,1
1930,2817,1
1929,2818,1
1929,2819,1
1929,2820,1
1928,2821,1
1928,2822,1
1928,2823,1
1928,2824,1
1927,2825,1
1927,2826,1
1927,2827,1
1927,2828,1
1926,2829,1
1926,2830,1
1926,2831,1
1926,2832,1
1926,2833,1
1925,2834,1
1925,2835,1
1925,2836,1
1924,2837,1
1924,2838,1
1924,2839,1
1923,2840,1
1923,2841,1
1923,2842,1
1923,2843,1
1922,2844,1
1922,2845,1
1922,2846,1
1921,2847,1
1921,2848,1
1921,2849,1
1920,2850,1
1920,2851,1
1919,2852,1
1919,2853,1
1918,2854,1
1918,2855,1
1917,2856,1
1917,2857,1
1917,2858,1
1916,2859,1
1916,2860,1
1915,2861,1
1914,2862,1
1914,2863,1
1913,2864,1
1913,2865,1
1912,2866,1
1911,2867,1
1911,2868,1
1910,2869,1
1910,2870,1
1909,2871,1
1908,2872,1
1908,2873,1
1907,2874,1
1906,2875,1
1906,2876,1
1905,2876,1
1904,2877,1
1904,2878,1
1903,2878,1
1903,2879,1
1902,2880,1
1902,2881,1
1901,2882,1
1900,2883,1
1900,2884,1
1899,2884,1
1898,2885,1
1897,2886,1
1896,2887,1
1895,2888,1
1895,2889,1
1894,2890,1
1893,2890,1
1893,2891,1
1892,2892,1
1892,2892,0
1650,3008,0
2358,2650,1
2359,2650,1
2360,2650,1
2361,2650,1
2362,2650,1
2363,2650,1
2364,2650,1
2365,2650,1
2366,2650,1
2367,2650,1
2368,2650,1
2369,2649,1
2370,2649,1
2371,2648,1
2372,2648,1
2373,2648,1
2374,2647,1
2375,2647,1
2376,2647,1
2377,2646,1
2378,2646,1
2379,2645,1
2380,2645,1
2381,2644,1
2382,2644,1
2382,2643,1
2383,2642,1
2384,2642,1
2385,2641,1
2386,2641,1
2387,2640,1
2388,2640,1
2389,2639,1
2390,2639,1
2391,2638,1
2392,2638,1
2393,2638,1
2394,2637,1
2395,2637,1
2396,2637,1
2397,2637,1
2398,2637,1
2399,2637,1
2399,2638,1
2400,2638,1
2401,2638,1
2402,2639,1
2403,2640,1
2403,2641,1
2404,2641,1
2404,2642,1
2404,2643,1
2405,2644,1
2405,2645,1
2405,2646,1
2406,2647,1
2406,2648,1
2406,2649,1
2406,2650,1
2406,2651,1
2406,2652,1
2406,2653,1
2406,2654,1
2406,2655,1
2406,2656,1
2406,2657,1
2406,2658,1
2406,2659,1
2407,2660,1
2407,2661,1
2407,2662,1
2407,2663,1
2407,2664,1
2407,2665,1
2407,2666,1
2407,2667,1
2407,2668,1
2407,2669,1
2407,2670,1
2407,2671,1
2407,2672,1
2407,2673,1
2406,2674,1
2406,2675,1
2406,2676,1
2406,2677,1
2406,2678,1
2406,2679,1
2406,2680,1
2406,2681,1
2406,2682,1
2406,2683,1
2406,2684,1
2406,2685,1
2406,2686,1
2405,2687,1
2405,2688,1
2405,2689,1
2405,2690,1
2405,2691,1
2405,2692,1
2405,2693,1
2405,2694,1
2405,2695,1
2404,2696,1
2404,2697,1
2404,2698,1
2404,2699,1
2404,2700,1
2404,2701,1
2403,2702,1
2403,2703,1
2403,2704,1
2403,2705,1
2403,2706,1
2403,2707,1
2402,2708,1
2402,2709,1
2402,2710,1
2402,2711,1
2402,2712,1
2401,2712,1
2401,2713,1
2401,2714,1
2401,2715,1
2401,2716,1
2401,2717,1
2400,2718,1
2400,2719,1
2400,2720,1
2400,2721,1
2400,2722,1
2400,2723,1
2399,2724,1
2399,2725,1
2399,2726,1
2399,2727,1
2399,2728,1
2398,2728,1
2398,2729,1
2398,2730,1
2398,2731,1
2398,2732,1
2398,2733,1
2399,2734,1
2399,2735,1
2399,2736,1
2400,2737,1
2400,2738,1
2400,2739,1
2400,2740,1
2400,2741,1
2400,2742,1
2400,2743,1
2400,2744,1
2400,2745,1
2400,2746,1
2400,2747,1
2400,2748,1
2400,2749,1
2400,2750,1
2400,2751,1
2400,2752,1
2400,2753,1
2399,2754,1
2399,2755,1
2399,2756,1
2399,2757,1
2399,2758,1
2398,2759,1
2398,2760,1
2398,2761,1
2398,2762,1
2398,2763,1
2397,2764,1
2397,2765,1
2397,2766,1
2397,2767,1
2397,2768,1
2396,2769,1
2396,2770,1
2396,2771,1
2396,2772,1
2396,2773,1
2396,2774,1
2395,2775,1
2395,2776,1
2395,2777,1
2395,2778,1
2395,2779,1
2394,2780,1
2394,2781,1
2394,2782,1
2394,2783,1
2394,2784,1
2393,2785,1
2393,2786,1
2393,2787,1
2393,2788,1
2392,2789,1
2392,2790,1
2392,2791,1
2392,2792,1
2391,2793,1
2391,2794,1
2391,2795,1
2391,2796,1
2391,2797,1
2390,2798,1
2390,2799,1
2390,2800,1
2390,2801,1
2390,2802,1
2389,2803,1
2389,2804,1
2389,2805,1
2389,2806,1
2389,2807,1
2388,2808,1
2388,2809,1
2388,2810,1
2388,2811,1
2387,2812,1
2387,2813,1
2387,2814,1
2387,2815,1
2386,2816,1
2386,2817,1
2386,2818,1
2385,2819,1
2385,2820,1
2385,2821,1
2385,2822,1
2384,2823,1
2384,2824,1
2384,2825,1
2383,2826,1
2383,2827,1
2383,2828,1
2383,2829,1
2382,2829,1
2382,2830,1
2382,2831,1
2382,2832,1
2381,2833,1
2381,2834,1
2381,2835,1
2380,2836,1
2380,2837,1
2380,2838,1
2379,2839,1
2379,2840,1
2379,2841,1
2378,2842,1
2378,2843,1
2378,2844,1
2378,2845,1
2377,2846,1
2377,2847,1
2377,2848,1
2376,2849,1
2376,2850,1
2376,2851,1
2375,2852,1
2375,2853,1
2375,2854,1
2374,2855,1
2374,2856,1
2374,2857,1
2373,2858,1
2373,2859,1
2373,2860,1
2372,2861,1
2372,2862,1
2372,2863,1
2372,2864,1
2371,2865,1
2371,2866,1
2371,2867,1
2371,2868,1
2371,2869,1
2370,2870,1
2370,2871,1
2370,2872,1
2370,2873,1
2369,2874,1
2369,2875,1
2369,2876,1
2368,2877,1
2368,2878,1
2367,2879,1
2366,2880,1
2366,2881,1
2365,2882,1
2365,2883,1
2365,2884,1
2364,2885,1
2364,2886,1
2363,2887,1
2362,2888,1
2361,2889,1
2360,2890,1
2359,2891,1
2358,2892,0
2583,2858,0
2917,2750,1
2917,2751,1
2917,2752,1
2917,2753,1
2917,2754,1
2917,2755,1
2916,2756,1
2916,2757,1
2915,2758,1
2914,2759,1
2914,2760,1
2913,2761,1
2913,2762,1
2912,2763,1
2912,2764,1
2911,2765,1
2911,2766,1
2910,2767,1
2910,2768,1
2909,2769,1
2909,2770,1
2908,2771,1
2908,2772,1
2908,2773,1
2907,2774,1
2907,2775,1
2907,2776,1
2906,2777,1
2906,2778,1
2905,2779,1
2905,2780,1
2905,2781,1
2904,2782,1
2904,2783,1
2903,2784,1
2903,2785,1
2903,2786,1
2903,2787,1
2902,2788,1
2902,2789,1
2902,2790,1
2902,2791,1
2901,2792,1
2901,2793,1
2901,2794,1
2901,2795,1
2900,2796,1
2900,2797,1
2900,2798,1
2900,2799,1
2900,2800,1
2900,2801,1
2900,2802,1
2900,2803,1
2900,2804,1
2900,2805,1
2900,2806,1
2900,2807,1
2900,2808,1
2900,2809,1
2900,2810,1
2900,2811,1
2900,2812,1
2900,2813,1
2901,2814,1
2901,2815,1
2901,2816,1
2901,2817,1
2901,2818,1
2901,2819,1
2901,2820,1
2902,2821,1
2902,2822,1
2902,2823,1
2902,2824,1
2903,2825,1
2903,2826,1
2903,2827,1
2903,2828,1
2904,2829,1
2904,2830,1
2904,2831,1
2905,2831,1
2905,2832,1
2905,2833,1
2906,2834,1
2906,2835,1
2906,2836,1
2906,2837,1
2907,2838,1
2907,2839,1
2908,2840,1
2908,2841,1
2909,2842,1
2909,2843,1
2910,2844,1
2910,2845,1
2911,2846,1
2911,2847,1
2912,2848,1
2912,2849,1
2912,2850,1
2913,2851,1
2914,2852,1
2914,2853,1
2914,2854,1
2915,2855,1
2915,2856,1
2916,2857,1
2917,2858,1
2917,2859,1
2918,2860,1
2918,2861,1
2919,2862,1
2919,2863,1
2920,2864,1
2920,2865,1
2921,2866,1
2921,2867,1
2922,2867,1
2922,2868,1
2923,2869,1
2923,2870,1
2924,2871,1
2925,2872,1
2925,2873,1
2926,2874,1
2926,2875,1
2927,2876,1
2928,2877,1
2928,2878,1
2929,2879,1
2929,2880,1
2930,2880,1
2930,2881,1
2931,2882,1
2931,2883,1
2931,2884,1
2932,2884,1
2932,2885,1
2933,2886,1
2933,2887,1
2934,2888,1
2934,2889,1
2935,2889,1
2935,2890,1
2936,2891,1
2936,2892,1
2937,2893,1
2938,2894,1
2938,2895,1
2939,2896,1
2939,2897,1
2940,2897,1
2940,2898,1
2941,2899,1
2941,2900,1
2942,2901,1
2943,2902,1
2943,2903,1
2944,2904,1
2944,2905,1
2945,2905,1
2945,2906,1
2945,2907,1
2946,2908,1
2946,2909,1
2947,2910,1
2948,2911,1
2948,2912,1
2949,2913,1
2949,2914,1
2950,2915,1
2951,2916,1
2951,2917,1
2952,2918,1
2952,2919,1
2953,2920,1
2954,2921,1
2954,2922,1
2955,2923,1
2955,2924,1
2956,2924,1
2956,2925,1
2957,2926,1
2957,2927,1
2958,2928,1
2959,2929,1
2959,2930,1
2960,2931,1
2960,2932,1
2961,2933,1
2962,2934,1
2962,2935,1
2963,2936,1
2964,2937,1
2965,2938,1
2965,2939,1
2966,2940,1
2966,2941,1
2967,2941,1
2967,2942,1
2968,2943,1
2968,2944,1
2969,2945,1
2970,2945,1
2970,2946,1
2971,2947,1
2971,2948,1
2972,2949,1
2973,2950,1
2973,2951,1
2974,2952,1
2974,2953,1
2975,2954,1
2976,2954,1
2976,2955,1
2977,2956,1
2977,2957,1
2978,2958,1
2979,2959,1
2980,2960,1
2980,2961,1
2981,2962,1
2982,2963,1
2982,2964,1
2983,2965,1
2983,2966,1
2984,2966,1
2985,2967,1
2985,2968,1
2986,2969,1
2986,2970,1
2987,2970,1
2987,2971,1
2988,2972,1
2989,2973,1
2989,2974,1
2990,2974,1
2990,2975,1
2991,2976,1
2991,2977,1
2992,2978,1
2993,2979,1
2994,2980,1
2994,2981,1
2995,2982,1
2996,2983,1
2996,2984,1
2997,2985,1
2997,2986,1
2998,2986,1
2999,2987,1
2999,2988,1
3000,2989,1
3000,2990,1
3001,2991,1
3002,2992,1
3002,2993,1
3003,2994,1
3004,2995,1
3004,2996,1
3005,2996,1
3005,2997,1
3006,2998,1
3006,2999,1
3007,3000,1
3007,3001,1
3008,3001,1
3008,3002,1
3009,3003,1
3009,3004,1
3010,3005,1
3010,3006,1
3011,3007,1
3011,3008,1
3012,3009,1
3012,3010,1
3013,3011,1
3013,3012,1
3014,3013,1
3014,3014,1
3014,3015,1
3015,3016,1
3015,3017,1
3016,3018,1
3016,3019,1
3016,3020,1
3017,3021,1
3017,3022,1
3018,3023,1
3018,3024,1
3019,3025,1
3019,3026,1
3020,3027,1
3020,3028,1
3021,3029,1
3021,3030,1
3022,3031,1
3022,3032,1
3023,3033,1
3023,3034,1
3024,3034,1
3024,3035,1
3025,3036,1
3025,3037,1
3026,3038,1
3026,3039,1
3027,3039,1
3027,3040,1
3028,3041,1
3028,3042,1
3029,3043,1
3029,3044,1
3030,3044,1
3030,3045,1
3031,3046,1
3031,3047,1
3032,3048,1
3033,3049,1
3034,3050,1
3034,3051,1
3035,3052,1
3035,3053,1
3036,3053,1
3036,3054,1
3037,3055,1
3037,3056,1
3038,3057,1
3039,3058,1
3040,3059,1
3040,3060,1
3041,3060,1
3041,3061,1
3042,3062,1
3042,3063,1
3043,3064,1
3044,3064,1
3044,3065,1
3045,3066,1
3045,3067,1
3046,3068,1
3047,3069,1
3048,3070,1
3048,3071,1
3049,3072,1
3050,3073,1
3051,3074,1
3051,3075,1
3052,3076,1
3053,3077,1
3053,3078,1
3054,3079,1
3055,3080,1
3056,3081,1
3056,3082,1
3057,3083,1
3058,3084,1
3059,3085,1
3059,3086,1
3060,3087,1
3061,3088,1
3061,3089,1
3062,3090,1
3062,3091,1
3063,3091,1
3064,3092,1
3064,3093,1
3065,3094,1
3065,3095,1
3066,3095,1
3066,3096,1
3067,3097,1
3067,3098,1
3068,3099,1
3069,3099,1
3069,3100,1
3070,3101,1
3070,3102,1
3071,3103,1
3072,3104,1
3072,3105,1
3073,3106,1
3074,3107,1
3075,3108,1
3075,3109,1
3076,3110,1
3076,3111,1
3077,3111,1
3077,3112,1
3078,3113,1
3078,3114,1
3079,3115,1
3080,3115,1
3080,3116,1
3081,3117,1
3081,3118,1
3082,3119,1
3082,3120,1
3083,3120,1
3083,3121,1
3084,3122,1
3085,3123,1
3085,3124,1
3086,3124,1
3086,3125,1
3087,3126,1
3087,3127,1
3088,3128,1
3088,3129,1
3089,3129,1
3089,3130,1
3090,3131,1
3090,3132,1
3091,3133,1
3092,3133,1
3092,3134,1
3093,3135,1
3093,3136,1
3094,3137,1
3095,3138,1
3095,3139,1
3096,3140,1
3097,3141,1
3097,3142,1
3098,3142,1
3098,3143,1
3099,3144,1
3100,3145,1
3100,3146,1
3101,3147,1
3102,3148,1
3103,3149,1
3103,3150,1
3104,3151,1
3105,3152,1
3106,3153,1
3106,3154,1
3107,3155,1
3107,3156,1
3108,3156,1
3109,3157,1
3109,3158,1
3110,3159,1
3111,3160,1
3112,3161,1
3112,3162,1
3113,3163,1
3114,3164,1
3115,3165,1
3115,3166,1
3116,3167,1
3117,3168,1
3118,3169,1
3118,3170,1
3119,3171,1
3120,3172,1
3121,3173,1
3121,3174,1
3122,3175,1
3123,3176,1
3124,3177,1
3124,3178,1
3125,3179,1
3126,3180,1
3126,3181,1
3127,3182,1
3127,3183,1
3128,3183,1
3128,3184,1
3129,3185,1
3130,3186,1
3130,3187,1
3131,3188,1
3131,3189,1
3132,3189,1
3132,3190,1
3133,3191,1
3133,3192,1
3134,3193,1
3134,3194,1
3135,3195,1
3136,3196,1
3136,3197,1
3137,3198,1
3137,3199,1
3138,3200,1
3139,3201,1
3139,3202,1
3140,3203,1
3140,3204,1
3140,3205,1
3141,3205,1
3141,3206,1
3142,3207,1
3142,3208,1
3143,3209,1
3143,3210,1
3143,3211,1
3144,3212,1
3144,3213,1
3144,3214,1
3145,3215,1
3146,3216,1
3146,3217,1
3146,3218,1
3147,3219,1
3147,3220,1
3147,3221,1
3148,3222,1
3148,3223,1
3148,3224,1
3149,3225,1
3149,3226,1
3149,3227,1
3149,3228,1
3150,3229,1
3150,3230,1
3150,3231,1
3150,3232,1
3150,3233,1
3151,3234,1
3151,3235,1
3151,3236,1
3151,3237,1
3151,3238,1
3151,3239,1
3151,3240,1
3151,3241,1
3151,3242,1
3150,3242,1
3150,3243,1
3150,3244,1
3149,3245,1
3149,3246,1
3148,3246,1
3148,3247,1
3147,3248,1
3146,3248,1
3145,3249,1
3144,3249,1
3143,3250,1
3142,3250,1
3141,3250,1
3140,3250,1
3139,3250,1
3138,3250,1
3137,3250,1
3136,3250,1
3135,3250,1
3134,3250,1
3133,3250,1
3074,2751,0
2850,2475,1
2851,2475,1
2852,2475,1
2853,2475,1
2854,2475,1
2855,2475,1
2856,2475,1
2857,2475,1
2858,2475,1
2859,2475,1
2860,2475,1
2861,2475,1
2862,2475,1
2863,2475,1
2864,2475,1
2865,2475,1
2866,2475,1
2867,2475,1
2868,2475,1
2869,2475,1
2870,2475,1
2871,2475,1
2872,2475,1
2873,2475,1
2874,2475,1
2875,2475,1
2876,2475,1
2877,2475,1
2878,2475,1
2879,2475,1
2880,2475,1
2881,2475,1
2882,2475,1
2883,2475,1
2884,2475,1
2885,2475,1
2886,2475,1
2887,2475,1
2888,2475,1
2889,2475,1
2890,2475,1
2891,2475,1
2892,2475,1
2893,2475,1
2894,2475,1
2895,2475,1
2896,2475,1
2897,2475,1
2898,2475,1
2899,2475,1
2900,2475,1
2901,2475,1
2902,2475,1
2903,2475,1
2904,2475,1
2905,2475,1
2906,2475,1
2907,2475,1
2908,2475,1
2909,2475,1
2910,2475,1
2911,2475,1
2912,2475,1
2913,2475,1
2914,2475,1
2915,2475,1
2916,2475,1
2917,2475,1
2918,2475,1
2919,2475,1
2920,2475,1
2921,2475,1
2922,2475,1
2923,2475,1
2924,2475,1
2925,2475,1
2926,2475,1
2927,2475,1
2928,2475,1
2929,2475,1
2930,2475,1
2931,2475,1
2932,2475,1
2933,2475,1
2934,2475,1
2935,2475,1
2936,2475,1
2937,2475,1
2938,2475,1
2939,2475,1
2940,2475,1
2941,2475,1
2942,2475,1
2943,2475,1
2944,2475,1
2945,2475,1
2946,2475,1
2947,2475,1
2948,2475,1
2949,2475,1
2950,2475,1
2951,2475,1
2952,2475,1
2953,2475,1
2954,2475,1
2955,2475,1
2956,2475,1
2957,2475,1
2958,2475,1
2959,2475,1
2960,2475,1
2961,2475,1
2962,2475,1
2963,2475,1
2964,2475,1
2965,2475,1
2966,2475,1
2967,2475,1
2968,2475,1
2969,2475,1
2970,2475,1
2971,2475,1
2972,2475,1
2973,2475,1
2974,2475,1
2975,2475,1
2976,2475,1
2977,2475,1
2978,2475,1
2979,2475,1
2980,2475,1
2981,2475,1
2982,2475,1
2983,2475,1
2984,2475,1
2985,2475,1
2986,2475,1
2987,2475,1
2988,2475,1
2989,2475,1
2990,2475,1
2991,2475,1
2992,2475,1
2993,2475,1
2994,2475,1
2995,2475,1
2996,2475,1
2997,2475,1
2998,2475,1
2999,2475,1
3000,2475,1
3001,2475,1
3002,2475,1
3003,2475,1
3004,2475,1
3005,2475,1
3006,2475,1
3007,2475,1
3008,2475,1
3009,2475,1
3010,2475,1
3011,2475,1
3012,2474,1
3013,2474,1
3014,2474,1
3015,2474,1
3016,2474,1
3017,2474,1
3018,2474,1
3019,2474,1
3020,2474,1
3021,2474,1
3022,2474,1
3023,2474,1
3024,2474,1
3025,2474,1
3026,2474,1
3027,2474,1
3028,2474,1
3029,2474,1
3030,2474,1
3031,2474,1
3032,2474,1
3033,2474,1
3034,2474,1
3035,2474,1
3036,2474,1
3037,2473,1
3038,2473,1
3039,2473,1
3040,2473,1
3041,2473,1
3042,2473,1
3043,2473,1
3044,2473,1
3045,2473,1
3046,2473,1
3047,2473,1
3048,2473,1
3049,2473,1
3050,2473,1
3051,2473,1
3052,2473,1
3053,2473,1
3054,2473,1
3055,2473,1
3056,2473,1
3057,2473,1
3058,2473,1
3059,2473,1
3060,2473,1
3061,2473,1
3062,2473,1
3063,2473,1
3064,2473,1
3065,2473,1
3066,2473,1
3067,2473,1
3068,2473,1
3069,2473,1
3070,2473,1
3071,2472,1
3072,2472,1
3073,2472,1
3074,2472,1
3075,2472,1
3076,2472,1
3077,2472,1
3078,2472,1
3079,2472,1
3080,2472,1
3081,2472,1
3082,2472,1
3083,2472,1
3084,2472,1
3085,2472,1
3086,2472,1
3087,2472,1
3088,2472,1
3089,2472,1
3090,2472,1
3091,2472,1
3092,2472,1
3093,2472,1
3094,2472,1
3095,2472,1
3096,2472,1
3097,2472,1
3098,2472,1
3099,2472,1
3100,2472,1
3101,2472,1
3102,2472,1
3103,2472,1
3104,2472,1
3105,2472,1
3106,2472,1
3107,2472,1
3108,2472,1
3109,2472,1
3110,2472,1
3111,2472,1
3112,2472,1
3113,2472,1
3114,2472,1
3115,2472,1
3116,2472,1
3117,2472,1
3118,2472,1
3119,2472,1
3120,2472,1
3121,2471,1
3122,2471,1
3123,2471,1
3124,2471,1
3125,2471,1
3126,2471,1
3127,2471,1
3128,2471,1
3129,2471,1
3130,2471,1
3131,2471,1
3132,2471,1
3133,2471,1
3134,2471,1
3135,2471,1
3136,2471,1
3137,2471,1
3138,2471,1
3139,2471,1
3140,2471,1
3141,2471,1
3142,2471,1
3143,2471,1
3144,2471,1
3145,2471,1
3146,2471,1
3147,2471,1
3148,2471,1
3149,2471,1
3150,2471,1
3151,2471,1
3152,2471,1
3153,2471,1
3154,2471,1
3155,2471,1
3156,2471,1
3157,2471,1
3158,2471,1
3159,2471,1
3160,2471,1
3161,2471,1
3162,2471,1
3163,2471,1
3164,2471,1
3165,2471,1
3166,2471,1
3167,2471,1
3168,2471,1
3169,2471,1
3170,2471,1
3171,2471,1
3172,2471,1
3173,2471,1
3174,2471,1
3175,2471,1
3176,2471,1
3177,2471,1
3178,2471,1
3179,2471,1
3180,2471,1
3181,2471,1
3182,2471,1
3183,2471,1
3184,2471,1
3185,2470,1
3186,2470,1
3187,2470,1
3188,2470,1
3189,2470,1
3190,2470,1
3191,2470,1
3192,2470,1
3193,2470,1
3194,2470,1
3195,2470,1
3196,2470,1
3197,2470,1
3198,2470,1
3199,2470,1
3200,2470,1
3201,2470,1
3202,2470,1
3203,2470,1
3204,2470,1
3205,2470,1
3206,2470,1
3207,2470,1
3208,2470,1
3209,2470,1
3210,2470,1
3211,2470,1
3212,2470,1
3213,2470,1
3214,2470,1
3215,2470,1
3216,2470,1
3217,2470,1
3218,2470,1
3219,2470,1
3220,2470,1
3221,2470,1
3222,2470,1
3223,2470,1
3224,2470,1
3225,2470,1
3226,2470,1
3227,2470,1
3228,2470,1
3229,2469,1
3230,2469,1
3231,2469,1
3232,2469,1
3233,2469,1
3234,2469,1
3235,2469,1
3236,2469,1
3237,2469,1
3238,2469,1
3239,2469,1
3240,2469,1
3241,2469,1
3242,2469,1
3243,2469,1
3244,2469,1
3245,2469,1
3246,2469,1
3247,2469,1
3248,2469,1
3249,2469,1
3250,2469,1
3251,2469,1
3252,2469,1
3253,2469,1
3254,2469,1
3255,2469,1
3256,2469,1
3257,2469,1
3258,2469,1
3259,2469,1
3260,2468,1
3261,2468,1
3262,2468,1
3263,2468,1
3264,2468,1
3265,2468,1
3266,2468,1
3267,2468,1
3268,2468,1
3269,2468,1
3270,2468,1
3271,2468,1
3272,2468,1
3273,2468,1
3274,2468,1
3275,2468,1
3276,2468,1
3277,2468,1
3278,2468,1
3279,2468,1
3280,2468,1
3281,2468,1
3282,2468,1
3283,2467,1
3284,2467,1
3285,2467,1
3286,2467,1
3287,2467,1
3288,2467,1
3289,2467,1
3290,2467,1
3291,2467,1
3292,2467,1
3293,2467,1
3294,2467,1
3295,2467,1
3296,2467,1
3297,2467,1
3298,2467,1
3299,2467,1
3300,2467,1
3301,2467,1
3302,2467,1
3303,2467,1
3304,2467,1
3305,2467,1
3306,2467,1
3307,2467,1
3308,2467,1
3309,2467,1
3310,2467,1
3311,2467,1
3312,2467,1
3313,2467,1
3314,2467,1
3315,2467,1
3316,2467,1
3317,2467,1
3318,2467,1
3319,2467,1
3320,2467,1
3321,2467,1
3322,2467,1
3323,2467,1
3324,2467,1
3325,2467,1
3326,2467,1
3327,2467,1
3328,2467,1
3329,2467,1
3330,2467,1
3331,2467,1
3332,2467,1
3333,2467,1
3334,2467,1
3335,2467,1
3336,2467,1
3337,2467,1
3338,2467,1
3339,2467,1
3340,2467,1
3341,2467,1
3342,2467,1
3343,2467,1
3344,2467,1
3345,2467,1
3346,2467,1
3347,2467,1
3348,2467,1
3349,2467,1
3350,2467,1
3351,2467,1
3352,2467,1
3353,2467,1
3354,2467,1
3355,2467,1
3356,2467,1
3357,2467,1
3358,2467,1
3359,2467,1
3360,2467,1
3361,2467,1
3362,2467,1
3363,2467,1
3364,2467,1
3365,2467,1
3366,2467,1
3367,2467,1
3368,2467,1
3369,2467,1
3370,2467,1
3371,2467,1
3372,2467,1
3373,2467,1
3374,2467,1
3375,2467,1
3376,2467,1
3377,2467,1
3378,2467,1
3379,2467,1
3380,2467,1
3381,2467,1
3382,2467,1
3383,2467,1
3384,2467,1
3385,2467,1
3386,2467,1
3387,2467,1
3388,2467,1
3389,2467,1
3390,2467,1
3391,2467,1
3392,2467,1
3393,2467,1
3394,2467,1
3395,2467,1
3396,2467,1
3397,2467,1
3396,2467,1
3395,2467,1
3394,2467,1
3393,2467,1
3392,2467,1
3391,2467,1
3390,2467,1
3389,2467,1
3388,2467,1
3387,2467,1
3386,2467,1
3385,2467,1
3384,2467,1
3383,2467,1
3685,2628,0
4192,2892,1
4191,2892,1
4190,2892,1
4189,2892,1
4188,2892,1
4187,2892,1
4186,2892,1
4185,2892,1
4184,2892,1
4183,2892,1
4182,2892,1
4181,2892,1
4180,2892,1
4179,2892,1
4178,2892,1
4177,2892,1
4176,2891,1
4175,2891,1
4174,2890,1
4173,2890,1
4172,2890,1
4171,2889,1
4170,2889,1
4169,2889,1
4168,2889,1
4167,2888,1
4166,2888,1
4165,2888,1
4164,2888,1
4163,2888,1
4162,2887,1
4161,2887,1
4160,2887,1
4159,2887,1
4158,2886,1
4157,2886,1
4156,2886,1
4155,2885,1
4154,2885,1
4153,2885,1
4152,2884,1
4151,2884,1
4150,2884,1
4149,2883,1
4148,2883,1
4147,2883,1
4146,2882,1
4145,2882,1
4144,2882,1
4143,2881,1
4142,2881,1
4141,2881,1
4141,2880,1
4140,2880,1
4139,2879,1
4138,2879,1
4137,2878,1
4136,2878,1
4135,2877,1
4134,2877,1
4133,2876,1
4132,2875,1
4131,2875,1
4130,2874,1
4129,2873,1
4128,2872,1
4127,2872,1
4127,2871,1
4126,2871,1
4126,2870,1
4125,2869,1
4124,2868,1
4124,2867,1
4123,2867,1
4123,2866,1
4122,2865,1
4122,2864,1
4121,2863,1
4121,2862,1
4120,2861,1
4120,2860,1
4120,2859,1
4119,2859,1
4119,2858,1
4119,2857,1
4119,2856,1
4119,2855,1
4119,2854,1
4118,2854,1
4118,2853,1
4118,2852,1
4118,2851,1
4118,2850,1
4118,2849,1
4119,2849,1
4119,2848,1
4119,2847,1
4119,2846,1
4119,2845,1
4120,2845,1
4120,2844,1
4120,2843,1
4121,2842,1
4121,2841,1
4122,2841,1
4122,2840,1
4122,2839,1
4123,2839,1
4123,2838,1
4124,2838,1
4124,2837,1
4125,2837,1
4125,2836,1
4126,2835,1
4127,2834,1
4128,2833,1
4129,2833,1
4129,2832,1
4130,2831,1
4131,2830,1
4132,2829,1
4133,2829,1
4133,2828,1
4134,2828,1
4134,2827,1
4135,2827,1
4135,2826,1
4136,2826,1
4136,2825,1
4137,2825,1
4137,2824,1
4138,2824,1
4139,2823,1
4140,2822,1
4141,2822,1
4141,2821,1
4142,2821,1
4142,2820,1
4143,2820,1
4144,2819,1
4145,2818,1
4146,2818,1
4147,2817,1
4148,2816,1
4149,2816,1
4149,2815,1
4150,2815,1
4151,2815,1
4151,2814,1
4152,2814,1
4152,2813,1
4153,2813,1
4154,2812,1
4155,2812,1
4156,2811,1
4157,2811,1
4157,2810,1
4158,2810,1
4159,2809,1
4160,2809,1
4161,2808,1
4162,2808,1
4163,2807,1
4164,2806,1
4165,2806,1
4166,2805,1
4167,2805,1
4168,2804,1
4169,2804,1
4170,2803,1
4171,2803,1
4172,2802,1
4173,2802,1
4174,2801,1
4175,2801,1
4176,2800,1
4177,2800,1
4178,2799,1
4179,2799,1
4180,2798,1
4181,2798,1
4182,2798,1
4183,2797,1
4184,2797,1
4185,2796,1
4186,2796,1
4187,2795,1
4188,2795,1
4189,2795,1
4190,2794,1
4191,2794,1
4192,2793,1
4193,2793,1
4194,2792,1
4195,2792,1
4196,2792,1
4196,2791,1
4197,2791,1
4198,2791,1
4199,2791,1
4199,2790,1
4200,2790,1
4201,2790,1
4202,2789,1
4203,2789,1
4204,2789,1
4205,2788,1
4206,2788,1
4207,2787,1
4208,2787,1
4209,2787,1
4210,2786,1
4211,2786,1
4212,2785,1
4213,2785,1
4214,2785,1
4215,2785,1
4215,2784,1
4216,2784,1
4217,2784,1
4218,2783,1
4219,2783,1
4220,2783,1
4221,2782,1
4222,2782,1
4223,2782,1
4224,2781,1
4225,2781,1
4226,2781,1
4226,2780,1
4227,2780,1
4228,2780,1
4229,2780,1
4230,2779,1
4231,2779,1
4232,2779,1
4233,2778,1
4234,2778,1
4235,2777,1
4236,2777,1
4237,2777,1
4238,2777,1
4238,2776,1
4239,2776,1
4240,2776,1
4241,2775,1
4242,2775,1
4243,2775,1
4244,2774,1
4245,2774,1
4246,2774,1
4247,2773,1
4248,2773,1
4249,2773,1
4250,2772,1
4251,2772,1
4252,2772,1
4252,2771,1
4253,2771,1
4254,2771,1
4255,2771,1
4256,2770,1
4257,2770,1
4258,2770,1
4259,2769,1
4260,2769,1
4261,2769,1
4261,2768,1
4262,2768,1
4263,2768,1
4264,2768,1
4265,2767,1
4266,2767,1
4267,2767,1
4268,2766,1
4269,2766,1
4270,2766,1
4270,2765,1
4271,2765,1
4272,2765,1
4273,2765,1
4274,2764,1
4275,2764,1
4276,2763,1
4277,2763,1
4278,2763,1
4279,2763,1
4279,2762,1
4280,2762,1
4281,2762,1
4282,2762,1
4283,2761,1
4284,2761,1
4285,2761,1
4286,2760,1
4287,2760,1
4288,2760,1
4289,2760,1
4290,2759,1
4291,2759,1
4292,2758,1
4293,2758,1
4294,2758,1
4295,2757,1
4296,2757,1
4297,2757,1
4298,2757,1
4299,2756,1
4300,2756,1
4301,2756,1
4302,2755,1
4303,2755,1
4304,2755,1
4305,2754,1
4306,2754,1
4307,2754,1
4308,2754,1
4309,2753,1
4310,2753,1
4311,2753,1
4312,2752,1
4313,2752,1
4314,2752,1
4315,2752,1
4315,2751,1
4316,2751,1
4317,2751,1
4318,2751,1
4319,2751,1
4320,2750,1
4321,2750,1
4322,2750,1
4323,2750,1
4324,2749,1
4325,2749,1
4326,2749,1
4327,2749,1
4328,2749,1
4329,2748,1
4330,2748,1
4331,2748,1
4332,2748,1
4333,2747,1
4334,2747,1
4335,2747,1
4336,2747,1
4337,2746,1
4338,2746,1
4339,2746,1
4340,2746,1
4341,2746,1
4342,2745,1
4343,2745,1
4344,2745,1
4345,2745,1
4346,2745,1
4346,2744,1
4347,2744,1
4348,2744,1
4349,2744,1
4350,2744,1
4351,2744,1
4352,2743,1
4353,2743,1
4354,2743,1
4355,2743,1
4356,2743,1
4357,2743,1
4357,2742,1
4358,2742,1
4359,2742,1
4360,2742,1
4361,2742,1
4362,2742,1
4363,2742,1
4364,2742,1
4365,2742,1
4366,2742,1
4367,2742,1
4368,2742,1
4369,2741,1
4370,2741,1
4371,2741,1
4372,2741,1
4373,2741,1
4374,2741,1
4375,2741,1
4376,2741,1
4377,2742,1
4378,2742,1
4379,2742,1
4380,2742,1
4381,2742,1
4382,2742,1
4383,2742,1
4384,2742,1
4385,2742,1
4386,2743,1
4387,2743,1
4388,2743,1
4389,2743,1
4390,2743,1
4391,2744,1
4392,2744,1
4393,2744,1
4394,2744,1
4394,2745,1
4395,2745,1
4396,2745,1
4397,2746,1
4398,2746,1
4399,2746,1
4399,2747,1
4400,2747,1
4401,2747,1
4402,2746,1
4403,2746,1
4403,2745,1
4404,2745,1
4405,2744,1
4406,2744,1
4407,2743,1
4408,2743,1
4408,2742,1
4409,2742,1
4410,2742,1
4410,2741,1
4411,2741,1
4412,2740,1
4413,2740,1
4414,2739,1
4415,2739,1
4415,2738,1
4416,2738,1
4417,2738,1
4418,2737,1
4419,2737,1
4420,2737,1
4420,2736,1
4421,2736,1
4422,2736,1
4422,2735,1
4423,2735,1
4424,2735,1
4425,2734,1
4426,2734,1
4427,2734,1
4427,2733,1
4428,2733,1
4429,2733,1
4430,2733,1
4430,2732,1
4431,2732,1
4432,2732,1
4433,2731,1
4434,2731,1
4435,2731,1
4436,2730,1
4437,2730,1
4438,2730,1
4439,2729,1
4440,2729,1
4441,2729,1
4442,2729,1
4443,2728,1
4444,2728,1
4445,2728,1
4446,2727,1
4447,2727,1
4448,2727,1
4449,2727,1
4450,2727,1
4451,2726,1
4452,2726,1
4453,2726,1
4454,2726,1
4455,2725,1
4456,2725,1
4457,2725,1
4458,2725,1
4459,2725,1
4460,2724,1
4461,2724,1
4462,2724,1
4463,2724,1
4464,2723,1
4465,2723,1
4466,2723,1
4467,2723,1
4468,2723,1
4469,2722,1
4470,2722,1
4471,2722,1
4472,2722,1
4473,2722,1
4474,2721,1
4475,2721,1
4476,2721,1
4477,2721,1
4478,2721,1
4479,2721,1
4479,2720,1
4480,2720,1
4481,2720,1
4482,2720,1
4483,2720,1
4484,2719,1
4485,2719,1
4486,2719,1
4487,2719,1
4488,2719,1
4489,2719,1
4490,2718,1
4491,2718,1
4492,2718,1
4493,2718,1
4494,2718,1
4495,2717,1
4496,2717,1
4497,2717,1
4498,2717,1
4499,2717,1
4500,2717,1
4501,2716,1
4502,2716,1
4503,2716,1
4504,2716,1
4505,2716,1
4506,2716,1
4507,2715,1
4508,2715,1
4509,2715,1
4510,2715,1
4511,2715,1
4512,2715,1
4513,2714,1
4514,2714,1
4515,2714,1
4516,2714,1
4517,2714,1
4518,2714,1
4519,2714,1
4520,2713,1
4521,2713,1
4522,2713,1
4523,2713,1
4524,2713,1
4525,2713,1
4526,2713,1
4527,2713,1
4528,2712,1
4529,2712,1
4530,2712,1
4531,2712,1
4532,2712,1
4533,2712,1
4534,2712,1
4535,2712,1
4536,2712,1
4537,2711,1
4538,2711,1
4539,2711,1
4540,2711,1
4541,2711,1
4542,2711,1
4543,2711,1
4544,2711,1
4545,2711,1
4545,2710,1
4546,2710,1
4547,2710,1
4548,2710,1
4549,2710,1
4550,2710,1
4551,2710,1
4552,2710,1
4553,2710,1
4554,2710,1
4555,2710,1
4556,2709,1
4557,2709,1
4558,2709,1
4559,2709,1
4560,2709,1
4561,2709,1
4562,2709,1
4563,2709,1
4564,2709,1
4565,2709,1
4566,2709,1
4567,2709,1
4568,2709,1
4569,2708,1
4570,2708,1
4571,2708,1
4572,2708,1
4573,2708,1
4574,2708,1
4575,2708,1
4576,2708,1
4577,2708,1
4578,2708,1
4579,2708,1
4580,2708,1
4581,2708,1
4582,2708,1
4583,2708,1
4584,2708,1
4585,2708,1
4586,2708,1
4587,2707,1
4588,2707,1
4589,2707,1
4590,2707,1
4591,2707,1
4592,2707,1
4593,2707,1
4594,2707,1
4595,2707,1
4596,2707,1
4597,2707,1
4598,2707,1
4599,2707,1
4600,2707,1
4601,2707,1
4602,2707,1
4603,2707,1
4604,2707,1
4605,2707,1
4606,2707,1
4607,2707,1
4608,2707,1
4609,2707,1
4610,2707,1
4611,2707,1
4612,2707,1
4612,2708,1
4613,2708,1
4614,2708,1
4615,2708,1
4616,2708,1
4617,2708,1
4618,2708,1
4619,2708,1
4620,2708,1
4621,2708,1
4622,2709,1
4623,2709,1
4624,2709,1
4625,2709,1
4626,2709,1
4626,2710,1
4627,2710,1
4628,2710,1
4629,2710,1
4630,2710,1
4630,2711,1
4631,2711,1
4632,2711,1
4633,2711,1
4633,2712,1
4634,2712,1
4635,2712,1
4636,2713,1
4637,2713,1
4638,2713,1
4639,2714,1
4640,2714,1
4640,2715,1
4641,2715,1
4642,2715,1
4642,2716,1
4643,2716,1
4643,2717,1
4644,2717,1
4645,2718,1
4646,2719,1
4647,2720,1
4648,2721,1
4649,2722,1
4649,2723,1
4650,2723,1
4650,2724,1
4650,2725,1
4651,2725,1
4651,2726,1
4652,2727,1
4652,2728,1
4652,2729,1
4652,2730,1
4653,2730,1
4653,2731,1
4653,2732,1
4653,2733,1
4653,2734,1
4653,2735,1
4653,2736,1
4653,2737,1
4653,2738,1
4653,2739,1
4653,2740,1
4653,2741,1
4652,2742,1
4652,2743,1
4652,2744,1
4652,2745,1
4651,2746,1
4651,2747,1
4651,2748,1
4650,2749,1
4650,2750,1
4649,2751,1
4649,2752,1
4649,2753,1
4648,2754,1
4647,2755,1
4647,2756,1
4647,2757,1
4646,2758,1
4646,2759,1
4646,2760,1
4645,2760,1
4645,2761,1
4644,2762,1
4644,2763,1
4644,2764,1
4643,2765,1
4643,2766,1
4643,2767,1
4642,2768,1
4641,2769,1
4641,2770,1
4641,2771,1
4640,2772,1
4640,2773,1
4639,2774,1
4639,2775,1
4638,2776,1
4638,2777,1
4638,2778,1
4637,2779,1
4636,2780,1
4636,2781,1
4636,2782,1
4635,2783,1
4635,2784,1
4634,2785,1
4634,2786,1
4634,2787,1
4633,2788,1
4633,2789,1
4632,2790,1
4632,2791,1
4631,2792,1
4631,2793,1
4631,2794,1
4630,2795,1
4630,2796,1
4630,2797,1
4629,2798,1
4629,2799,1
4628,2799,1
4628,2800,1
4628,2801,1
4627,2802,1
4627,2803,1
4626,2804,1
4626,2805,1
4625,2806,1
4625,2807,1
4624,2808,1
4624,2809,1
4623,2810,1
4623,2811,1
4622,2812,1
4622,2813,1
4621,2814,1
4621,2815,1
4621,2816,1
4620,2817,1
4620,2818,1
4619,2819,1
4619,2820,1
4619,2821,1
4618,2822,1
4618,2823,1
4617,2824,1
4617,2825,1
4617,2826,1
4616,2826,1
4616,2827,1
4615,2828,1
4615,2829,1
4615,2830,1
4614,2831,1
4614,2832,1
4614,2833,1
4613,2834,1
4613,2835,1
4613,2836,1
4613,2837,1
4612,2838,1
4612,2839,1
4611,2840,1
4611,2841,1
4610,2842,1
4609,2843,1
4609,2844,1
4608,2845,1
4608,2846,1
4608,2847,1
4608,2848,1
4608,2849,1
4608,2850,1
4845,2805,0
5008,2758,1
5008,2759,1
5008,2760,1
5008,2761,1
5008,2762,1
5008,2763,1
5008,2764,1
5008,2765,1
5008,2766,1
5008,2767,1
5008,2768,1
5008,2769,1
5008,2770,1
5008,2771,1
5008,2772,1
5008,2773,1
5008,2774,1
5008,2775,1
5008,2776,1
5008,2777,1
5008,2778,1
5008,2779,1
5008,2780,1
5008,2781,1
5008,2782,1
5008,2783,1
5008,2784,1
5008,2785,1
5008,2786,1
5008,2787,1
5008,2788,1
5008,2789,1
5008,2790,1
5008,2791,1
5009,2792,1
5009,2793,1
5009,2794,1
5009,2795,1
5009,2796,1
5010,2797,1
5010,2798,1
5010,2799,1
5011,2800,1
5011,2801,1
5011,2802,1
5012,2803,1
5012,2804,1
5012,2805,1
5012,2806,1
5013,2807,1
5013,2808,1
5013,2809,1
5014,2810,1
5014,2811,1
5014,2812,1
5014,2813,1
5015,2814,1
5015,2815,1
5015,2816,1
5016,2817,1
5016,2818,1
5016,2819,1
5017,2820,1
5017,2821,1
5018,2822,1
5018,2823,1
5018,2824,1
5019,2825,1
5019,2826,1
5019,2827,1
5020,2828,1
5020,2829,1
5020,2830,1
5021,2831,1
5021,2832,1
5021,2833,1
5022,2834,1
5022,2835,1
5022,2836,1
5023,2837,1
5023,2838,1
5024,2839,1
5024,2840,1
5024,2841,1
5025,2841,1
5025,2842,1
5026,2843,1
5026,2844,1
5026,2845,1
5027,2846,1
5027,2847,1
5027,2848,1
5028,2849,1
5028,2850,1
5029,2851,1
5030,2852,1
5030,2853,1
5031,2854,1
5031,2855,1
5031,2856,1
5032,2857,1
5032,2858,1
5033,2858,1
5033,2859,1
5034,2860,1
5034,2861,1
5035,2862,1
5035,2863,1
5036,2863,1
5036,2864,1
5037,2865,1
5037,2866,1
5038,2867,1
5038,2868,1
5039,2869,1
5039,2870,1
5039,2871,1
5039,2872,1
5040,2873,1
5040,2874,1
5040,2875,1
5041,2876,1
5041,2877,1
5041,2878,1
5041,2879,1
5042,2879,1
5042,2880,1
5042,2881,1
5043,2882,1
5043,2883,1
5043,2884,1
5044,2885,1
5044,2886,1
5045,2887,1
5045,2888,1
5046,2889,1
5046,2890,1
5046,2891,1
5047,2892,1
5047,2893,1
5048,2894,1
5048,2895,1
5049,2895,1
5049,2896,1
5050,2897,1
5050,2898,1
5050,2899,1
5051,2900,1
5051,2901,1
5052,2902,1
5052,2903,1
5053,2904,1
5053,2905,1
5054,2906,1
5054,2907,1
5055,2908,1
5055,2909,1
5055,2910,1
5056,2910,1
5056,2911,1
5057,2912,1
5057,2913,1
5058,2914,1
5058,2915,1
5059,2916,1
5059,2917,1
5060,2917,1
5060,2918,1
5061,2919,1
5061,2920,1
5061,2921,1
5062,2922,1
5062,2923,1
5063,2923,1
5064,2924,1
5064,2925,1
5065,2926,1
5065,2927,1
5065,2928,1
5066,2929,1
5067,2930,1
5067,2931,1
5068,2932,1
5069,2933,1
5069,2934,1
5070,2935,1
5071,2935,1
5071,2936,1
5072,2937,1
5072,2938,1
5073,2939,1
5074,2939,1
5074,2940,1
5075,2941,1
5075,2942,1
5076,2942,1
5076,2943,1
5077,2944,1
5078,2945,1
5079,2946,1
5080,2947,1
5081,2948,1
5082,2949,1
5083,2950,1
5083,2951,1
5084,2951,1
5084,2952,1
5085,2952,1
5086,2953,1
5086,2954,1
5087,2954,1
5088,2954,1
5089,2955,1
5090,2955,1
5091,2955,1
5092,2956,1
5092,2957,1
5093,2957,1
5094,2957,1
5095,2958,1
5096,2958,1
5097,2958,1
5098,2958,1
5099,2958,1
5100,2958,1
4839,2398,0
4558,1975,1
4558,1974,1
4558,1973,1
4558,1972,1
4558,1971,1
4558,1970,1
4558,1969,1
4558,1968,1
4558,1967,1
4558,1966,1
4558,1965,1
4558,1964,1
4558,1963,1
4558,1962,1
4558,1961,1
4558,1960,1
4559,1959,1
4559,1958,1
4560,1957,1
4560,1956,1
4561,1955,1
4561,1954,1
4562,1953,1
4563,1952,1
4563,1951,1
4564,1951,1
4564,1950,1
4565,1949,1
4566,1948,1
4566,1947,1
4567,1947,1
4568,1946,1
4569,1945,1
4570,1945,1
4570,1944,1
4571,1943,1
4572,1942,1
4573,1942,1
4574,1941,1
4575,1940,1
4576,1939,1
4577,1939,1
4577,1938,1
4578,1937,1
4579,1937,1
4580,1936,1
4581,1935,1
4582,1934,1
4583,1933,1
4584,1933,1
4585,1933,1
4586,1932,1
4587,1931,1
4588,1931,1
4589,1930,1
4590,1930,1
4591,1929,1
4592,1929,1
4593,1929,1
4594,1928,1
4595,1928,1
4596,1928,1
4596,1927,1
4597,1927,1
4598,1927,1
4599,1927,1
4600,1927,1
4601,1926,1
4602,1926,1
4603,1926,1
4604,1926,1
4605,1926,1
4606,1926,1
4607,1926,1
4608,1925,1
4609,1925,1
4610,1925,1
4611,1925,1
4612,1925,1
4613,1925,1
4614,1925,1
4615,1925,1
4616,1925,1
4617,1925,1
4618,1925,1
4619,1925,1
4620,1925,1
4621,1925,1
4621,1926,1
4622,1926,1
4623,1926,1
4624,1926,1
4625,1926,1
4626,1926,1
4627,1926,1
4628,1926,1
4628,1927,1
4629,1927,1
4630,1927,1
4631,1927,1
4632,1927,1
4633,1928,1
4634,1928,1
4635,1928,1
4636,1928,1
4637,1929,1
4638,1929,1
4639,1929,1
4640,1929,1
4641,1930,1
4642,1930,1
4643,1930,1
4644,1930,1
4644,1931,1
4645,1931,1
4646,1931,1
4647,1931,1
4648,1932,1
4649,1932,1
4650,1933,1
4651,1933,1
4652,1933,1
4653,1934,1
4654,1934,1
4655,1934,1
4655,1935,1
4656,1935,1
4657,1935,1
4658,1936,1
4659,1936,1
4660,1936,1
4661,1937,1
4662,1938,1
4663,1938,1
4664,1938,1
4665,1939,1
4666,1939,1
4667,1940,1
4668,1940,1
4669,1941,1
4670,1941,1
4671,1942,1
4672,1942,1
4673,1943,1
4674,1944,1
4675,1944,1
4676,1945,1
4677,1945,1
4678,1945,1
4678,1946,1
4679,1946,1
4680,1947,1
4681,1947,1
4682,1948,1
4683,1948,1
4684,1949,1
4685,1949,1
4686,1950,1
4687,1950,1
4688,1951,1
4689,1951,1
4690,1952,1
4691,1952,1
4691,1953,1
4692,1953,1
4693,1954,1
4694,1954,1
4695,1955,1
4696,1955,1
4697,1956,1
4698,1957,1
4699,1957,1
4700,1958,1
4701,1958,1
4702,1959,1
4703,1959,1
4704,1960,1
4705,1961,1
4706,1961,1
4707,1962,1
4708,1962,1
4709,1963,1
4710,1963,1
4711,1964,1
4712,1965,1
4713,1965,1
4714,1966,1
4715,1966,1
4716,1967,1
4717,1967,1
4717,1968,1
4718,1968,1
4719,1969,1
4720,1969,1
4721,1970,1
4722,1971,1
4723,1971,1
4724,1972,1
4725,1973,1
4726,1973,1
4727,1974,1
4728,1974,1
4729,1975,1
4730,1975,1
4730,1976,1
4731,1977,1
4732,1977,1
4733,1978,1
4734,1978,1
4735,1979,1
4736,1979,1
4736,1980,1
4737,1981,1
4738,1981,1
4739,1982,1
4740,1982,1
4741,1983,1
4742,1983,1
4742,1984,1
4743,1985,1
4744,1985,1
4745,1986,1
4746,1986,1
4747,1987,1
4747,1988,1
4748,1988,1
4749,1989,1
4750,1989,1
4751,1990,1
4752,1991,1
4753,1991,1
4753,1992,1
4754,1992,1
4755,1993,1
4756,1994,1
4757,1994,1
4758,1995,1
4759,1995,1
4759,1996,1
4760,1997,1
4761,1997,1
4762,1998,1
4763,1999,1
4764,1999,1
4764,2000,1
4765,2000,1
4766,2001,1
4767,2002,1
4768,2002,1
4768,2003,1
4769,2004,1
4770,2004,1
4771,2005,1
4772,2005,1
4773,2006,1
4773,2007,1
4774,2007,1
4775,2008,1
4776,2009,1
4777,2009,1
4778,2010,1
4779,2011,1
4780,2012,1
4781,2012,1
4782,2013,1
4782,2014,1
4783,2014,1
4784,2015,1
4785,2016,1
4786,2016,1
4786,2017,1
4787,2017,1
4788,2018,1
4789,2019,1
4790,2019,1
4790,2020,1
4791,2021,1
4792,2021,1
4793,2022,1
4794,2023,1
4795,2024,1
4796,2024,1
4797,2025,1
4798,2026,1
4799,2027,1
4800,2028,1
4801,2028,1
4802,2029,1
4802,2030,1
4803,2030,1
4804,2031,1
4805,2032,1
4806,2032,1
4806,2033,1
4807,2034,1
4808,2034,1
4809,2035,1
4809,2036,1
4810,2036,1
4811,2037,1
4812,2038,1
4813,2038,1
4813,2039,1
4814,2040,1
4815,2040,1
4816,2041,1
4816,2042,1
4817,2042,1
4818,2043,1
4819,2044,1
4820,2044,1
4820,2045,1
4821,2046,1
4822,2046,1
4823,2047,1
4824,2048,1
4825,2049,1
4826,2050,1
4827,2050,1
4827,2051,1
4828,2052,1
4829,2052,1
4830,2053,1
4830,2054,1
4831,2054,1
4832,2055,1
4833,2056,1
4834,2056,1
4834,2057,1
4835,2058,1
4836,2058,1
4837,2059,1
4837,2060,1
4838,2060,1
4839,2061,1
4840,2062,1
4841,2063,1
4842,2064,1
4843,2065,1
4844,2065,1
4844,2066,1
4845,2067,1
4846,2067,1
4847,2068,1
4847,2069,1
4848,2070,1
4849,2070,1
4850,2071,1
4851,2072,1
4852,2073,1
4853,2074,1
4854,2074,1
4854,2075,1
4855,2076,1
4856,2076,1
4857,2077,1
4857,2078,1
4858,2078,1
4859,2079,1
4860,2080,1
4860,2081,1
4861,2081,1
4862,2082,1
4863,2083,1
4864,2084,1
4865,2085,1
4866,2085,1
4866,2086,1
4867,2087,1
4868,2087,1
4869,2088,1
4869,2089,1
4870,2090,1
4871,2090,1
4872,2091,1
4872,2092,1
4873,2092,1
4874,2093,1
4875,2094,1
4876,2095,1
4877,2096,1
4878,2096,1
4878,2097,1
4879,2098,1
4880,2098,1
4881,2099,1
4881,2100,1
4882,2100,1
4883,2100,1
4884,2101,1
4885,2101,1
4886,2102,1
4887,2102,1
4888,2102,1
4889,2103,1
4890,2103,1
4891,2104,1
4892,2104,1
4893,2105,1
4894,2105,1
4895,2106,1
4896,2106,1
4897,2107,1
4898,2107,1
4899,2107,1
4899,2108,1
4900,2108,1
4901,2109,1
4902,2109,1
4903,2110,1
4904,2110,1
4904,2111,1
4905,2111,1
4906,2112,1
4907,2112,1
4908,2113,1
4909,2113,1
4909,2114,1
4910,2114,1
4911,2115,1
4912,2115,1
4913,2116,1
4914,2116,1
4914,2117,1
4915,2117,1
4916,2118,1
4917,2118,1
4918,2119,1
4919,2120,1
4920,2121,1
4921,2121,1
4922,2122,1
4923,2122,1
4924,2123,1
4924,2124,1
4925,2124,1
4926,2125,1
4927,2125,1
4928,2126,1
4929,2127,1
4930,2128,1
4931,2129,1
4932,2129,1
4933,2130,1
4934,2130,1
4934,2131,1
4935,2132,1
4936,2132,1
4937,2133,1
4938,2134,1
4939,2135,1
4940,2136,1
4941,2136,1
4942,2137,1
4943,2138,1
4944,2139,1
4945,2140,1
4946,2140,1
4947,2141,1
4947,2142,1
4948,2142,1
4949,2143,1
4950,2144,1
4951,2144,1
4951,2145,1
4952,2146,1
4953,2146,1
4954,2147,1
4955,2148,1
4956,2148,1
4956,2149,1
4957,2150,1
4958,2150,1
4959,2151,1
4960,2152,1
4960,2153,1
4961,2153,1
4962,2154,1
4963,2155,1
4964,2155,1
4964,2156,1
4965,2157,1
4966,2157,1
4967,2158,1
4968,2159,1
4969,2159,1
4969,2160,1
4970,2161,1
4971,2162,1
4972,2162,1
4972,2163,1
4973,2164,1
4974,2164,1
4975,2165,1
4976,2166,1
4977,2167,1
4978,2168,1
4979,2169,1
4980,2169,1
4980,2170,1
4981,2171,1
4982,2172,1
4983,2172,1
4984,2173,1
4984,2174,1
4985,2174,1
4986,2175,1
4987,2176,1
4988,2176,1
4988,2177,1
4989,2178,1
4990,2179,1
4991,2179,1
4992,2180,1
4992,2181,1
4993,2182,1
4994,2182,1
4995,2183,1
4996,2184,1
4997,2185,1
4998,2186,1
4999,2187,1
5000,2187,1
5000,2188,1
5001,2189,1
5002,2189,1
5003,2190,1
5004,2191,1
5004,2192,1
5005,2192,1
5006,2193,1
5007,2194,1
5008,2194,1
5008,2195,1
5009,2196,1
5010,2197,1
5011,2197,1
5011,2198,1
5012,2199,1
5013,2199,1
5014,2200,1
5015,2201,1
5015,2202,1
5016,2202,1
5017,2203,1
5018,2204,1
5018,2205,1
5019,2205,1
5020,2206,1
5021,2207,1
5022,2207,1
5022,2208,1
5023,2209,1
5024,2210,1
5025,2210,1
5025,2211,1
5026,2212,1
5027,2213,1
5028,2213,1
5028,2214,1
5029,2215,1
5030,2216,1
5031,2216,1
5032,2217,1
5032,2218,1
5033,2219,1
5034,2219,1
5035,2220,1
5035,2221,1
5036,2222,1
5037,2222,1
5038,2223,1
5038,2224,1
5039,2225,1
5040,2225,1
5040,2226,1
5041,2227,1
5042,2228,1
5043,2228,1
5043,2229,1
5044,2230,1
5045,2231,1
5046,2231,1
5046,2232,1
5047,2233,1
5048,2234,1
5049,2234,1
5049,2235,1
5050,2236,1
5051,2237,1
5052,2238,1
5053,2239,1
5054,2240,1
5054,2241,1
5055,2241,1
5056,2242,1
5056,2243,1
5057,2244,1
5058,2244,1
5059,2245,1
5059,2246,1
5060,2247,1
5061,2247,1
5062,2248,1
5062,2249,1
5063,2250,1
5064,2250,1
5064,2251,1
5065,2252,1
5066,2253,1
5067,2254,1
5068,2255,1
5069,2256,1
5070,2257,1
5071,2258,1
5072,2259,1
5073,2260,1
5074,2261,1
5074,2262,1
5075,2262,1
5076,2263,1
5076,2264,1
5077,2265,1
5078,2265,1
5079,2266,1
5079,2267,1
5080,2268,1
5081,2269,1
5082,2270,1
5083,2271,1
5084,2272,1
5085,2273,1
5085,2274,1
5086,2274,1
5087,2275,1
5087,2276,1
5088,2277,1
5089,2277,1
5090,2278,1
5090,2279,1
5091,2280,1
5092,2280,1
5092,2281,1
5093,2282,1
5094,2283,1
5094,2284,1
5095,2284,1
5096,2285,1
5096,2286,1
5097,2287,1
5098,2287,1
5098,2288,1
5099,2289,1
5100,2289,1
5101,2290,1
5101,2291,1
5102,2292,1
5103,2292,1
5103,2293,1
5104,2294,1
5105,2295,1
5106,2296,1
5107,2297,1
5107,2298,1
5108,2299,1
5109,2299,1
5110,2300,1
5110,2301,1
5111,2302,1
5112,2303,1
5113,2304,1
5114,2305,1
5115,2306,1
5116,2307,1
5117,2308,1
5117,2309,1
5118,2310,1
5119,2310,1
5119,2311,1
5120,2312,1
5121,2313,1
5122,2313,1
5122,2314,1
5123,2315,1
5124,2316,1
5125,2317,1
5126,2318,1
5127,2319,1
5128,2320,1
5129,2321,1
5129,2322,1
5130,2322,1
5131,2323,1
5131,2324,1
5132,2325,1
5133,2326,1
5134,2327,1
5135,2328,1
5135,2329,1
5136,2329,1
5137,2330,1
5137,2331,1
5138,2332,1
5139,2332,1
5140,2333,1
5140,2334,1
5141,2335,1
5142,2335,1
5142,2336,1
5143,2337,1
5144,2338,1
5145,2338,1
5145,2339,1
5146,2340,1
5147,2341,1
5148,2342,1
5149,2343,1
5150,2344,1
5151,2345,1
5152,2346,1
5153,2347,1
5154,2348,1
5154,2349,1
5155,2349,1
5156,2350,1
5156,2351,1
5157,2351,1
5158,2352,1
5158,2353,1
5159,2353,1
5160,2354,1
5161,2355,1
5162,2356,1
5162,2357,1
5163,2357,1
5164,2358,1
5164,2359,1
5165,2360,1
5166,2360,1
5166,2361,1
5167,2362,1
5168,2362,1
5169,2363,1
5170,2363,1
5170,2364,1
5171,2365,1
5172,2365,1
5173,2366,1
5174,2367,1
5175,2368,1
5176,2369,1
5176,2370,1
5177,2371,1
5178,2371,1
5178,2372,1
5179,2372,1
5180,2373,1
5181,2373,1
5182,2374,1
5183,2375,1
5184,2375,1
5184,2376,1
5185,2377,1
5186,2378,1
5187,2379,1
5188,2380,1
5189,2380,1
5190,2381,1
5190,2382,1
5191,2382,1
5192,2383,1
5229,2360,0
5275,2625,1
5274,2624,1
5273,2623,1
5272,2622,1
5271,2621,1
5270,2620,1
5269,2620,1
5268,2619,1
5267,2619,1
5266,2619,1
5265,2618,1
5264,2617,1
5263,2616,1
5263,2615,1
5262,2614,1
5261,2614,1
5261,2613,1
5260,2612,1
5260,2611,1
5259,2610,1
5259,2609,1
5258,2609,1
5258,2608,1
5258,2607,1
5258,2606,1
5257,2605,1
5257,2604,1
5257,2603,1
5257,2602,1
5257,2601,1
5257,2600,1
5257,2599,1
5257,2598,1
5257,2597,1
5258,2596,1
5258,2595,1
5258,2594,1
5259,2593,1
5259,2592,1
5259,2591,1
5260,2590,1
5260,2589,1
5261,2588,1
5261,2587,1
5261,2586,1
5262,2586,1
5263,2585,1
5263,2584,1
5264,2583,1
5264,2582,1
5265,2582,1
5265,2581,1
5266,2580,1
5266,2579,1
5267,2579,1
5268,2578,1
5268,2577,1
5269,2577,1
5270,2576,1
5270,2575,1
5271,2575,1
5272,2574,1
5272,2573,1
5273,2573,1
5274,2572,1
5275,2571,1
5276,2570,1
5277,2569,1
5278,2569,1
5279,2568,1
5280,2568,1
5281,2567,1
5282,2567,1
5283,2566,1
5284,2565,1
5285,2565,1
5286,2565,1
5286,2564,1
5287,2564,1
5288,2563,1
5289,2563,1
5290,2562,1
5291,2562,1
5292,2561,1
5293,2561,1
5294,2560,1
5295,2560,1
5296,2560,1
5296,2559,1
5297,2559,1
5298,2559,1
5299,2558,1
5300,2558,1
5301,2558,1
5302,2557,1
5303,2557,1
5304,2556,1
5305,2556,1
5306,2556,1
5307,2556,1
5308,2555,1
5309,2555,1
5310,2554,1
5311,2554,1
5312,2554,1
5313,2554,1
5314,2553,1
5315,2553,1
5316,2553,1
5317,2553,1
5318,2553,1
5318,2552,1
5319,2552,1
5320,2552,1
5321,2552,1
5322,2551,1
5323,2551,1
5324,2551,1
5325,2551,1
5326,2551,1
5327,2550,1
5328,2550,1
5329,2550,1
5330,2550,1
5331,2549,1
5332,2549,1
5333,2549,1
5334,2549,1
5335,2549,1
5336,2549,1
5337,2549,1
5338,2548,1
5339,2548,1
5340,2548,1
5341,2548,1
5342,2548,1
5343,2548,1
5344,2548,1
5345,2548,1
5346,2548,1
5347,2547,1
5348,2547,1
5349,2547,1
5350,2547,1
5351,2547,1
5352,2547,1
5353,2546,1
5354,2546,1
5355,2546,1
5356,2546,1
5357,2546,1
5358,2546,1
5359,2546,1
5360,2546,1
5361,2545,1
5362,2545,1
5363,2545,1
5364,2545,1
5365,2545,1
5366,2545,1
5367,2545,1
5368,2545,1
5369,2544,1
5370,2544,1
5371,2544,1
5372,2544,1
5373,2544,1
5374,2544,1
5375,2544,1
5376,2544,1
5377,2544,1
5378,2543,1
5379,2543,1
5380,2543,1
5381,2543,1
5382,2543,1
5383,2543,1
5384,2543,1
5385,2543,1
5386,2543,1
5387,2543,1
5388,2542,1
5389,2542,1
5390,2542,1
5391,2542,1
5392,2542,1
5393,2542,1
5394,2542,1
5395,2542,1
5396,2542,1
5397,2542,1
5398,2542,1
5399,2542,1
5399,2541,1
5400,2541,1
5401,2541,1
5402,2541,1
5403,2541,1
5404,2541,1
5405,2541,1
5406,2541,1
5407,2541,1
5408,2541,1
5409,2541,1
5410,2541,1
5411,2541,1
5412,2540,1
5413,2540,1
5414,2540,1
5415,2540,1
5416,2540,1
5417,2540,1
5418,2540,1
5419,2540,1
5420,2540,1
5421,2540,1
5422,2540,1
5423,2540,1
5424,2540,1
5425,2540,1
5426,2540,1
5427,2540,1
5428,2540,1
5429,2540,1
5430,2540,1
5431,2539,1
5432,2539,1
5433,2539,1
5434,2539,1
5435,2539,1
5436,2539,1
5437,2539,1
5438,2539,1
5439,2539,1
5440,2539,1
5441,2539,1
5442,2539,1
5443,2539,1
5444,2539,1
5445,2539,1
5446,2539,1
5447,2539,1
5448,2539,1
5449,2539,1
5450,2539,1
5451,2539,1
5452,2539,1
5453,2539,1
5454,2539,1
5455,2539,1
5456,2539,1
5457,2539,1
5458,2539,1
5459,2539,1
5460,2539,1
5461,2539,1
5462,2539,1
5463,2539,1
5464,2539,1
5465,2539,1
5466,2539,1
5467,2539,1
5468,2539,1
5469,2539,1
5470,2539,1
5471,2539,1
5472,2539,1
5473,2539,1
5474,2539,1
5475,2539,1
5476,2539,1
5477,2539,1
5478,2539,1
5479,2540,1
5480,2540,1
5481,2540,1
5482,2540,1
5483,2540,1
5484,2540,1
5485,2540,1
5486,2540,1
5487,2540,1
5488,2540,1
5489,2540,1
5490,2540,1
5491,2540,1
5492,2540,1
5493,2540,1
5494,2540,1
5495,2540,1
5496,2540,1
5497,2540,1
5498,2540,1
5499,2540,1
5500,2540,1
5501,2540,1
5502,2540,1
5503,2540,1
5504,2540,1
5505,2540,1
5506,2540,1
5507,2540,1
5508,2540,1
5509,2540,1
5510,2541,1
5511,2541,1
5512,2541,1
5513,2541,1
5514,2541,1
5515,2540,1
5516,2540,1
5517,2540,1
5518,2539,1
5519,2539,1
5520,2539,1
5521,2539,1
5521,2538,1
5522,2538,1
5523,2538,1
5524,2538,1
5525,2538,1
5526,2537,1
5527,2537,1
5528,2537,1
5529,2536,1
5530,2536,1
5531,2536,1
5532,2536,1
5533,2536,1
5534,2536,1
5535,2535,1
5536,2535,1
5537,2535,1
5538,2535,1
5539,2535,1
5540,2534,1
5541,2534,1
5542,2534,1
5543,2534,1
5544,2534,1
5545,2534,1
5546,2534,1
5547,2534,1
5548,2534,1
5549,2533,1
5550,2533,1
5551,2533,1
5552,2533,1
5553,2533,1
5554,2533,1
5555,2533,1
5556,2533,1
5557,2533,1
5558,2533,1
5559,2533,1
5560,2533,1
5561,2533,1
5562,2533,1
5563,2533,1
5564,2533,1
5565,2533,1
5566,2533,1
5567,2533,1
5568,2533,1
5569,2533,1
5570,2533,1
5571,2533,1
5572,2533,1
5573,2533,1
5574,2532,1
5575,2532,1
5576,2532,1
5577,2532,1
5578,2532,1
5579,2532,1
5580,2532,1
5581,2532,1
5582,2532,1
5583,2532,1
5584,2532,1
5585,2532,1
5586,2532,1
5587,2532,1
5588,2532,1
5589,2532,1
5590,2532,1
5591,2532,1
5592,2532,1
5593,2532,1
5594,2532,1
5595,2533,1
5596,2533,1
5597,2533,1
5598,2533,1
5599,2533,1
5600,2533,1
5601,2533,1
5602,2533,1
5603,2533,1
5604,2533,1
5605,2533,1
5606,2533,1
5607,2533,1
5608,2533,1
5609,2533,1
5610,2533,1
5611,2533,1
5612,2533,1
5613,2533,1
5614,2533,1
5615,2533,1
5616,2533,1
5617,2533,1
5618,2533,1
5619,2533,1
5620,2533,1
5621,2533,1
5622,2533,1
5623,2533,1
5624,2534,1
5625,2534,1
5626,2534,1
5627,2534,1
5628,2534,1
5629,2534,1
5630,2534,1
5631,2534,1
5632,2534,1
5633,2534,1
5634,2534,1
5635,2534,1
5636,2534,1
5637,2534,1
5638,2534,1
5639,2534,1
5640,2534,1
5641,2534,1
5642,2534,1
5643,2534,1
5644,2534,1
5645,2535,1
5646,2535,1
5647,2535,1
5648,2535,1
5649,2535,1
5650,2535,1
5651,2535,1
5652,2535,1
5653,2535,1
5654,2535,1
5655,2535,1
5656,2535,1
5657,2535,1
5658,2535,1
5659,2535,1
5660,2535,1
5661,2535,1
5662,2535,1
5663,2535,1
5664,2535,1
5665,2535,1
5666,2535,1
5667,2535,1
5668,2535,1
5669,2535,1
5670,2535,1
5671,2535,1
5672,2535,1
5673,2536,1
5674,2536,1
5675,2536,1
5676,2536,1
5677,2536,1
5678,2536,1
5679,2536,1
5680,2536,1
5681,2536,1
5682,2536,1
5683,2536,1
5684,2536,1
5685,2536,1
5686,2536,1
5687,2536,1
5688,2537,1
5689,2537,1
5690,2537,1
5691,2537,1
5692,2537,1
5693,2537,1
5694,2537,1
5695,2537,1
5696,2537,1
5697,2537,1
5698,2538,1
5699,2538,1
5700,2538,1
5701,2538,1
5702,2538,1
5703,2538,1
5704,2538,1
5705,2538,1
5706,2538,1
5707,2538,1
5708,2538,1
5709,2539,1
5710,2539,1
5711,2539,1
5712,2539,1
5713,2539,1
5714,2539,1
5715,2539,1
5716,2539,1
5717,2540,1
5718,2540,1
5719,2540,1
5720,2540,1
5721,2540,1
5722,2540,1
5723,2540,1
5724,2540,1
5725,2541,1
5726,2541,1
5727,2541,1
5728,2541,1
5729,2541,1
5730,2541,1
5731,2541,1
5732,2542,1
5733,2542,1
5734,2542,1
5735,2542,1
5736,2542,1
5737,2543,1
5738,2543,1
5739,2543,1
5740,2543,1
5741,2543,1
5742,2543,1
5743,2543,1
5744,2543,1
5745,2544,1
5746,2544,1
5747,2544,1
5748,2544,1
5749,2544,1
5750,2544,1
5751,2544,1
5752,2545,1
5753,2545,1
5754,2545,1
5755,2545,1
5756,2545,1
5757,2545,1
5758,2546,1
5759,2546,1
5760,2546,1
5761,2546,1
5762,2546,1
5763,2546,1
5764,2546,1
5765,2547,1
5766,2547,1
5767,2547,1
5768,2547,1
5769,2547,1
5770,2547,1
5771,2547,1
5772,2547,1
5773,2547,1
5774,2547,1
5775,2547,1
5776,2548,1
5777,2548,1
5778,2548,1
5779,2548,1
5780,2548,1
5781,2548,1
5782,2548,1
5783,2548,1
5784,2548,1
5785,2549,1
5786,2549,1
5787,2549,1
5788,2549,1
5789,2549,1
5790,2549,1
5791,2549,1
5792,2550,1
5793,2550,1
5794,2550,1
5795,2550,1
5796,2550,1
5797,2550,1
5798,2550,1
5799,2550,1
5800,2550,1
5801,2550,1
5802,2550,1
5803,2550,1
5804,2550,1
5805,2550,1
5806,2550,1
5807,2550,1
5808,2550,1
5809,2550,1
5810,2550,1
5811,2550,1
5812,2550,1
5813,2550,1
5814,2550,1
5815,2550,1
5816,2550,1
5817,2550,1
5818,2550,1
5819,2550,1
5820,2550,1
5821,2550,1
5822,2550,1
5823,2550,1
5824,2550,1
5825,2550,1
5826,2550,1
5827,2550,1
5828,2550,1
5829,2550,1
5830,2550,1
5831,2550,1
5832,2550,1
5833,2550,1
5806,2662,0
5967,2700,1
5968,2700,1
5969,2700,1
5970,2700,1
5971,2700,1
5972,2700,1
5973,2701,1
5974,2701,1
5975,2702,1
5976,2703,1
5977,2703,1
5978,2704,1
5979,2704,1
5980,2704,1
5981,2705,1
5982,2705,1
5983,2706,1
5984,2706,1
5985,2707,1
5986,2708,1
5987,2708,1
5988,2709,1
5989,2709,1
5990,2709,1
5991,2710,1
5992,2710,1
5993,2710,1
5994,2710,1
5995,2711,1
5996,2711,1
5997,2711,1
5998,2711,1
5999,2712,1
6000,2712,1
6001,2712,1
6002,2712,1
6003,2712,1
6004,2712,1
6005,2712,1
6006,2712,1
6007,2713,1
6008,2713,1
6009,2713,1
6010,2713,1
6011,2713,1
6012,2713,1
6013,2713,1
6014,2713,1
6015,2713,1
6016,2713,1
6017,2713,1
6018,2713,1
6019,2714,1
6020,2714,1
6021,2714,1
6022,2714,1
6023,2714,1
6024,2714,1
6025,2714,1
6026,2713,1
6027,2713,1
6028,2713,1
6029,2713,1
6030,2713,1
6031,2713,1
6032,2713,1
6033,2713,1
6034,2712,1
6035,2712,1
6036,2712,1
6037,2712,1
6038,2712,1
6039,2711,1
6040,2711,1
6041,2711,1
6042,2710,1
6043,2710,1
6044,2709,1
6045,2709,1
6046,2708,1
6047,2708,1
6048,2708,1
6048,2707,1
6049,2707,1
6050,2707,1
6051,2706,1
6052,2706,1
6053,2706,1
6053,2707,1
6054,2707,1
6054,2708,1
6055,2708,1
6055,2709,1
6056,2709,1
6056,2710,1
6056,2711,1
6057,2711,1
6057,2712,1
6057,2713,1
6058,2714,1
6058,2715,1
6058,2716,1
6058,2717,1
6058,2718,1
6058,2719,1
6058,2720,1
6058,2721,1
6058,2722,1
6058,2723,1
6058,2724,1
6058,2725,1
6057,2725,1
6057,2726,1
6057,2727,1
6057,2728,1
6056,2729,1
6056,2730,1
6056,2731,1
6056,2732,1
6055,2733,1
6055,2734,1
6055,2735,1
6054,2736,1
6054,2737,1
6054,2738,1
6054,2739,1
6053,2739,1
6053,2740,1
6053,2741,1
6053,2742,1
6053,2743,1
6052,2743,1
6052,2744,1
6052,2745,1
6052,2746,1
6051,2747,1
6051,2748,1
6051,2749,1
6051,2750,1
6050,2751,1
6050,2752,1
6050,2753,1
6050,2754,1
6049,2755,1
6049,2756,1
6049,2757,1
6049,2758,1
6049,2759,1
6048,2759,1
6048,2760,1
6048,2761,1
6048,2762,1
6048,2763,1
6048,2764,1
6047,2765,1
6047,2766,1
6047,2767,1
6047,2768,1
6047,2769,1
6047,2770,1
6046,2771,1
6046,2772,1
6046,2773,1
6046,2774,1
6046,2775,1
6046,2776,1
6046,2777,1
6045,2777,1
6045,2778,1
6045,2779,1
6045,2780,1
6045,2781,1
6045,2782,1
6045,2783,1
6045,2784,1
6045,2785,1
6045,2786,1
6044,2787,1
6044,2788,1
6044,2789,1
6044,2790,1
6044,2791,1
6044,2792,1
6045,2792,1
6045,2793,1
6046,2794,1
6046,2795,1
6047,2795,1
6047,2796,1
6048,2797,1
6048,2798,1
6049,2798,1
6049,2799,1
6049,2800,1
6050,2800,1
6050,2801,1
6050,2802,1
6050,2803,1
6051,2803,1
6051,2804,1
6051,2805,1
6051,2806,1
6051,2807,1
6051,2808,1
6051,2809,1
6051,2810,1
6051,2811,1
6050,2812,1
6050,2813,1
6050,2814,1
6050,2815,1
6049,2815,1
6049,2816,1
6049,2817,1
6048,2818,1
6048,2819,1
6048,2820,1
6047,2821,1
6047,2822,1
6047,2823,1
6046,2823,1
6046,2824,1
6046,2825,1
6045,2825,1
6045,2826,1
6045,2827,1
6045,2828,1
6044,2829,1
6044,2830,1
6043,2831,1
6043,2832,1
6043,2833,1
6042,2834,1
6042,2835,1
6042,2836,1
6041,2837,1
6041,2838,1
6041,2839,1
6040,2840,1
6040,2841,1
6040,2842,1
6039,2843,1
6039,2844,1
6039,2845,1
6039,2846,1
6039,2847,1
6038,2847,1
6038,2848,1
6038,2849,1
6038,2850,1
6037,2851,1
6037,2852,1
6037,2853,1
6037,2854,1
6036,2855,1
6036,2856,1
6036,2857,1
6035,2858,1
6035,2859,1
6035,2860,1
6035,2861,1
6034,2861,1
6034,2862,1
6034,2863,1
6033,2864,1
6033,2865,1
6033,2866,1
6032,2867,1
6032,2868,1
6032,2869,1
6031,2870,1
6031,2871,1
6030,2872,1
6030,2873,1
6030,2874,1
6029,2874,1
6029,2875,1
6029,2876,1
6028,2877,1
6028,2878,1
6028,2879,1
6027,2880,1
6027,2881,1
6027,2882,1
6026,2883,1
6026,2884,1
6026,2885,1
6026,2886,1
6025,2887,1
6025,2888,1
6025,2889,1
6024,2890,1
6024,2891,1
6024,2892,1
6024,2893,1
6024,2894,1
6023,2895,1
6023,2896,1
6023,2897,1
6023,2898,1
6023,2899,1
6023,2900,1
6022,2901,1
6022,2902,1
6022,2903,1
6022,2904,1
6022,2905,1
6022,2906,1
6022,2907,1
6021,2908,1
6021,2909,1
6021,2910,1
6021,2911,1
6021,2912,1
6021,2913,1
6021,2914,1
6021,2915,1
6021,2916,1
6021,2917,1
6021,2918,1
6021,2919,1
6021,2920,1
6021,2921,1
6020,2922,1
6020,2923,1
6020,2924,1
6020,2925,1
6020,2926,1
6020,2927,1
6020,2928,1
6020,2929,1
6020,2930,1
6020,2931,1
6020,2932,1
6020,2933,1
6020,2934,1
6020,2935,1
6020,2936,1
6020,2937,1
6020,2938,1
6020,2939,1
6020,2940,1
6020,2941,1
6020,2942,1
6021,2943,1
6021,2944,1
6021,2945,1
6021,2946,1
6021,2947,1
6021,2948,1
6021,2949,1
6021,2950,1
6021,2951,1
6021,2952,1
6021,2953,1
6021,2954,1
6021,2955,1
6022,2956,1
6022,2957,1
6022,2958,1
6022,2959,1
6022,2960,1
6022,2961,1
6022,2962,1
6022,2963,1
6023,2964,1
6023,2965,1
6023,2966,1
6023,2967,1
6023,2968,1
6023,2969,1
6024,2970,1
6024,2971,1
6024,2972,1
6024,2973,1
6025,2974,1
6025,2975,1
6025,2976,1
6026,2977,1
6026,2978,1
6026,2979,1
6026,2980,1
6026,2981,1
6026,2982,1
6026,2983,1
6026,2984,1
6026,2985,1
6026,2986,1
6026,2987,1
6026,2988,1
6027,2989,1
6027,2990,1
6027,2991,1
6027,2992,1
6027,2993,1
6028,2994,1
6028,2995,1
6029,2996,1
6030,2997,1
6031,2998,1
6032,2999,1
6033,3000,1
5791,2915,0
5625,2875,1
5624,2875,1
5623,2875,1
5622,2875,1
5621,2875,1
5620,2875,1
5619,2876,1
5618,2876,1
5617,2877,1
5616,2877,1
5616,2878,1
5615,2878,1
5614,2879,1
5613,2879,1
5612,2879,1
5611,2879,1
5610,2880,1
5609,2880,1
5608,2880,1
5607,2880,1
5606,2881,1
5605,2881,1
5604,2882,1
5603,2882,1
5602,2882,1
5601,2883,1
5600,2883,1
5599,2883,1
5598,2884,1
5597,2884,1
5596,2885,1
5595,2885,1
5594,2885,1
5593,2886,1
5592,2886,1
5591,2886,1
5590,2887,1
5589,2887,1
5588,2887,1
5587,2888,1
5586,2888,1
5585,2888,1
5584,2889,1
5583,2889,1
5582,2889,1
5581,2889,1
5580,2890,1
5579,2890,1
5578,2890,1
5578,2891,1
5577,2891,1
5576,2891,1
5575,2892,1
5574,2892,1
5573,2892,1
5572,2893,1
5571,2893,1
5570,2893,1
5569,2894,1
5568,2894,1
5567,2894,1
5566,2895,1
5565,2895,1
5564,2895,1
5563,2896,1
5562,2896,1
5561,2896,1
5560,2897,1
5559,2897,1
5558,2898,1
5557,2898,1
5556,2898,1
5555,2899,1
5554,2899,1
5553,2899,1
5552,2899,1
5551,2900,1
5550,2900,1
5549,2900,1
5548,2901,1
5547,2901,1
5546,2901,1
5545,2902,1
5544,2902,1
5543,2903,1
5542,2903,1
5541,2903,1
5540,2903,1
5539,2904,1
5538,2904,1
5537,2905,1
5536,2905,1
5535,2905,1
5534,2906,1
5533,2906,1
5532,2906,1
5531,2907,1
5530,2907,1
5529,2907,1
5528,2907,1
5527,2908,1
5526,2908,1
5525,2908,1
5524,2908,1
5524,2909,1
5523,2909,1
5522,2910,1
5521,2910,1
5520,2910,1
5519,2911,1
5518,2911,1
5517,2911,1
5516,2912,1
5515,2912,1
5514,2912,1
5513,2912,1
5512,2913,1
5511,2913,1
5510,2914,1
5509,2914,1
5508,2915,1
5507,2916,1
5506,2916,1
5505,2917,1
5504,2917,1
5503,2917,1
5502,2917,1
5501,2917,1
5500,2917,1
5831,2652,0
6033,2408,1
6034,2408,1
6035,2408,1
6036,2408,1
6037,2408,1
6038,2408,1
6039,2408,1
6040,2408,1
6041,2408,1
6042,2408,1
6043,2408,1
6044,2408,1
6045,2408,1
6046,2408,1
6047,2408,1
6048,2408,1
6049,2408,1
6050,2408,1
6051,2408,1
6052,2408,1
6053,2408,1
6054,2408,1
6055,2408,1
6056,2408,1
6057,2408,1
6058,2408,1
6059,2408,1
6060,2408,1
6061,2408,1
6062,2408,1
6063,2408,1
6064,2408,1
6065,2408,1
6066,2408,1
6067,2408,1
6068,2408,1
6069,2408,1
6070,2408,1
6071,2408,1
6072,2408,1
6073,2408,1
6074,2408,1
6075,2408,1
6076,2408,1
6077,2408,1
6078,2408,1
6079,2408,1
6080,2408,1
6081,2408,1
6082,2408,1
6083,2408,1
6084,2408,1
6085,2408,1
6086,2408,1
6087,2408,1
6088,2408,1
6089,2408,1
6090,2408,1
6091,2408,1
6092,2408,1
6093,2408,1
6094,2408,1
6095,2408,1
6096,2408,1
6097,2408,1
6098,2408,1
6099,2408,1
6100,2408,1
6101,2408,1
6102,2408,1
6103,2408,1
6104,2408,1
6105,2408,1
6106,2408,1
6107,2408,1
6108,2408,1
6109,2408,1
6110,2408,1
6111,2408,1
6112,2408,1
6113,2408,1
6114,2408,1
6115,2408,1
6116,2408,1
6117,2408,1
6118,2408,1
6119,2408,1
6120,2408,1
6121,2408,1
6122,2408,1
6123,2408,1
6124,2408,1
6125,2408,1
6126,2408,1
6127,2408,1
6128,2408,1
6129,2408,1
6130,2408,1
6131,2408,1
6132,2408,1
6133,2408,1
6134,2408,1
6135,2408,1
6136,2408,1
6137,2408,1
6138,2408,1
6139,2408,1
6140,2408,1
6141,2408,1
6142,2408,1
6143,2408,1
6144,2408,1
6145,2408,1
6146,2408,1
6147,2408,1
6148,2408,1
6149,2408,1
6150,2408,1
6151,2408,1
6152,2408,1
6153,2408,1
6154,2408,1
6155,2408,1
6156,2408,1
6157,2408,1
6158,2408,1
6159,2408,1
6160,2408,1
6161,2408,1
6162,2408,1
6163,2408,1
6164,2408,1
6165,2408,1
6166,2408,1
6167,2408,1
6168,2408,1
6169,2408,1
6170,2408,1
6171,2408,1
6172,2408,1
6173,2408,1
6174,2408,1
6175,2408,1
6176,2408,1
6177,2408,1
6178,2408,1
6179,2408,1
6180,2408,1
6181,2408,1
6182,2408,1
6183,2408,1
6184,2408,1
6185,2408,1
6186,2408,1
6187,2408,1
6188,2408,1
6189,2408,1
6190,2408,1
6191,2408,1
6192,2408,1
6193,2408,1
6194,2408,1
6195,2408,1
6196,2407,1
6197,2407,1
6198,2407,1
6199,2407,1
6200,2407,1
6201,2407,1
6202,2407,1
6203,2407,1
6204,2407,1
6205,2407,1
6206,2407,1
6207,2407,1
6208,2407,1
6209,2407,1
6210,2407,1
6211,2407,1
6212,2407,1
6213,2407,1
6214,2407,1
6215,2407,1
6216,2407,1
6217,2407,1
6218,2407,1
6219,2407,1
6220,2407,1
6221,2406,1
6222,2406,1
6223,2406,1
6224,2406,1
6225,2406,1
6226,2406,1
6227,2406,1
6228,2406,1
6229,2406,1
6230,2406,1
6231,2406,1
6232,2406,1
6233,2406,1
6234,2406,1
6235,2406,1
6236,2406,1
6237,2406,1
6238,2406,1
6239,2406,1
6240,2406,1
6241,2406,1
6242,2406,1
6243,2406,1
6244,2406,1
6245,2406,1
6246,2406,1
6247,2406,1
6248,2406,1
6249,2406,1
6250,2406,1
6251,2406,1
6252,2406,1
6253,2406,1
6254,2405,1
6255,2405,1
6256,2405,1
6257,2405,1
6258,2405,1
6259,2405,1
6260,2405,1
6261,2405,1
6262,2405,1
6263,2405,1
6264,2405,1
6265,2405,1
6266,2405,1
6267,2405,1
6268,2405,1
6269,2405,1
6270,2405,1
6271,2405,1
6272,2405,1
6273,2405,1
6274,2405,1
6275,2405,1
6276,2405,1
6277,2405,1
6278,2405,1
6279,2405,1
6280,2405,1
6281,2405,1
6282,2405,1
6283,2405,1
6284,2405,1
6285,2405,1
6286,2405,1
6287,2405,1
6288,2405,1
6289,2405,1
6290,2405,1
6291,2405,1
6292,2405,1
6293,2405,1
6294,2405,1
6295,2405,1
6296,2405,1
6297,2404,1
6298,2404,1
6299,2404,1
6300,2404,1
6301,2404,1
6302,2404,1
6303,2404,1
6304,2404,1
6305,2404,1
6306,2404,1
6307,2404,1
6308,2404,1
6309,2404,1
6310,2404,1
6311,2404,1
6312,2404,1
6313,2404,1
6314,2404,1
6315,2404,1
6316,2404,1
6317,2404,1
6318,2404,1
6319,2404,1
6320,2403,1
6321,2403,1
6322,2403,1
6323,2403,1
6324,2403,1
6325,2403,1
6326,2403,1
6327,2403,1
6328,2403,1
6329,2403,1
6330,2403,1
6331,2403,1
6332,2403,1
6333,2403,1
6334,2403,1
6335,2403,1
6336,2403,1
6337,2403,1
6338,2403,1
6339,2403,1
6340,2403,1
6341,2403,1
6342,2403,1
6343,2403,1
6344,2403,1
6345,2403,1
6346,2403,1
6347,2403,1
6348,2403,1
6349,2403,1
6350,2403,1
6351,2403,1
6352,2403,1
6353,2403,1
6354,2403,1
6355,2403,1
6356,2403,1
6357,2403,1
6358,2403,1
6359,2403,1
6360,2403,1
6361,2403,1
6362,2403,1
6363,2403,1
6364,2403,1
6365,2403,1
6366,2403,1
6367,2402,1
6368,2402,1
6369,2402,1
6370,2402,1
6371,2402,1
6372,2402,1
6373,2402,1
6374,2402,1
6375,2402,1
6376,2402,1
6377,2402,1
6378,2402,1
6379,2402,1
6380,2402,1
6381,2402,1
6382,2402,1
6383,2402,1
6384,2402,1
6385,2402,1
6386,2402,1
6387,2402,1
6388,2402,1
6389,2402,1
6390,2402,1
6391,2402,1
6392,2402,1
6393,2402,1
6394,2402,1
6395,2402,1
6396,2402,1
6397,2402,1
6398,2402,1
6399,2402,1
6400,2402,1
6401,2402,1
6402,2402,1
6403,2402,1
6404,2402,1
6405,2401,1
6406,2401,1
6407,2401,1
6408,2401,1
6409,2401,1
6410,2401,1
6411,2401,1
6412,2401,1
6413,2401,1
6414,2401,1
6415,2401,1
6416,2401,1
6417,2401,1
6418,2401,1
6419,2401,1
6420,2401,1
6421,2401,1
6422,2401,1
6423,2401,1
6424,2401,1
6425,2401,1
6426,2401,1
6427,2401,1
6428,2401,1
6429,2401,1
6430,2401,1
6431,2401,1
6432,2401,1
6433,2400,1
6434,2400,1
6435,2400,1
6436,2400,1
6437,2400,1
6438,2400,1
6439,2400,1
6440,2400,1
6441,2400,1
6442,2400,1
6443,2400,1
6444,2400,1
6445,2400,1
6446,2400,1
6447,2400,1
6448,2400,1
6449,2400,1
6450,2400,1
6451,2400,1
6452,2400,1
6453,2400,1
6454,2399,1
6455,2399,1
6456,2399,1
6457,2399,1
6458,2399,1
6459,2399,1
6460,2399,1
6461,2399,1
6462,2399,1
6463,2399,1
6464,2399,1
6465,2399,1
6466,2399,1
6467,2399,1
6468,2399,1
6469,2399,1
6470,2399,1
6471,2398,1
6472,2398,1
6473,2398,1
6474,2398,1
6475,2398,1
6476,2398,1
6477,2398,1
6478,2398,1
6479,2398,1
6480,2398,1
6481,2398,1
6482,2398,1
6483,2398,1
6484,2398,1
6485,2398,1
6486,2398,1
6487,2398,1
6488,2398,1
6489,2398,1
6490,2398,1
6491,2398,1
6492,2398,1
6493,2398,1
6494,2398,1
6495,2398,1
6496,2398,1
6497,2398,1
6498,2398,1
6499,2398,1
6500,2398,1
6501,2398,1
6502,2398,1
6503,2398,1
6504,2398,1
6505,2398,1
6506,2398,1
6507,2398,1
6508,2398,1
6509,2398,1
6510,2398,1
6511,2398,1
6512,2398,1
6513,2397,1
6514,2397,1
6515,2397,1
6516,2397,1
6517,2397,1
6518,2397,1
6519,2397,1
6520,2397,1
6521,2397,1
6522,2397,1
6523,2397,1
6524,2397,1
6525,2397,1
6526,2397,1
6527,2397,1
6528,2397,1
6529,2397,1
6530,2397,1
6531,2397,1
6532,2397,1
6533,2397,1
6534,2397,1
6535,2397,1
6536,2397,1
6537,2397,1
6538,2397,1
6539,2397,1
6540,2397,1
6541,2396,1
6542,2396,1
6543,2396,1
6544,2396,1
6545,2396,1
6546,2396,1
6547,2396,1
6548,2396,1
6549,2396,1
6550,2396,1
6551,2396,1
6552,2396,1
6553,2396,1
6554,2396,1
6555,2396,1
6556,2395,1
6557,2395,1
6558,2395,1
6559,2395,1
6560,2395,1
6561,2395,1
6562,2395,1
6563,2395,1
6564,2395,1
6565,2394,1
6566,2394,1
6567,2394,1
6568,2394,1
6569,2394,1
6570,2394,1
6571,2393,1
6572,2393,1
6573,2393,1
6574,2393,1
6574,2392,1
6575,2392,1
6576,2392,1
6577,2392,1
6578,2392,1
6579,2392,1
6580,2392,1
6581,2392,1
6580,2392,1
6579,2392,1
6578,2392,1
6577,2392,1
6576,2392,1
6575,2392,1
6574,2392,1
6573,2392,1
6572,2392,1
6571,2392,1
6570,2392,1
6569,2392,1
6568,2392,1
6567,2392,1
6938,2569,0
7375,2733,1
7376,2733,1
7377,2733,1
7378,2733,1
7379,2733,1
7380,2733,1
7381,2733,1
7382,2733,1
7383,2733,1
7384,2733,1
7385,2733,1
7386,2734,1
7387,2734,1
7388,2734,1
7388,2735,1
7389,2735,1
7390,2736,1
7391,2736,1
7392,2736,1
7393,2737,1
7394,2737,1
7395,2737,1
7396,2737,1
7397,2738,1
7398,2738,1
7399,2738,1
7400,2738,1
7401,2738,1
7402,2738,1
7403,2738,1
7404,2738,1
7405,2738,1
7406,2738,1
7407,2738,1
7408,2738,1
7408,2737,1
7409,2737,1
7410,2737,1
7411,2737,1
7412,2737,1
7413,2737,1
7414,2737,1
7415,2737,1
7416,2737,1
7417,2737,1
7418,2736,1
7419,2736,1
7420,2736,1
7421,2736,1
7422,2735,1
7423,2735,1
7424,2735,1
7425,2735,1
7426,2735,1
7427,2734,1
7428,2734,1
7429,2734,1
7430,2734,1
7431,2733,1
7432,2733,1
7433,2733,1
7434,2732,1
7435,2732,1
7436,2732,1
7437,2731,1
7438,2731,1
7439,2731,1
7440,2730,1
7441,2730,1
7442,2730,1
7443,2729,1
7444,2729,1
7445,2729,1
7445,2728,1
7446,2728,1
7447,2728,1
7448,2727,1
7449,2727,1
7450,2727,1
7451,2726,1
7452,2726,1
7453,2725,1
7454,2725,1
7455,2724,1
7456,2723,1
7457,2723,1
7458,2722,1
7459,2722,1
7460,2721,1
7461,2721,1
7462,2720,1
7463,2719,1
7464,2719,1
7465,2718,1
7466,2718,1
7467,2717,1
7468,2716,1
7469,2716,1
7470,2715,1
7471,2715,1
7471,2714,1
7472,2714,1
7473,2713,1
7474,2712,1
7475,2712,1
7476,2711,1
7477,2711,1
7478,2710,1
7479,2710,1
7480,2710,1
7481,2709,1
7482,2709,1
7483,2709,1
7484,2709,1
7485,2708,1
7486,2708,1
7487,2708,1
7488,2707,1
7489,2707,1
7490,2707,1
7491,2706,1
7492,2706,1
7493,2706,1
7494,2706,1
7495,2705,1
7496,2705,1
7497,2705,1
7498,2705,1
7498,2706,1
7499,2706,1
7500,2706,1
7500,2707,1
7501,2707,1
7501,2708,1
7502,2709,1
7502,2710,1
7502,2711,1
7502,2712,1
7503,2712,1
7503,2713,1
7503,2714,1
7503,2715,1
7503,2716,1
7503,2717,1
7503,2718,1
7503,2719,1
7503,2720,1
7503,2721,1
7503,2722,1
7503,2723,1
7503,2724,1
7503,2725,1
7502,2726,1
7502,2727,1
7502,2728,1
7502,2729,1
7502,2730,1
7502,2731,1
7502,2732,1
7501,2732,1
7501,2733,1
7501,2734,1
7501,2735,1
7501,2736,1
7501,2737,1
7502,2737,1
7503,2737,1
7504,2737,1
7505,2737,1
7506,2737,1
7507,2737,1
7508,2737,1
7509,2737,1
7510,2737,1
7511,2737,1
7512,2737,1
7512,2736,1
7513,2736,1
7514,2736,1
7515,2736,1
7516,2736,1
7517,2736,1
7518,2737,1
7519,2737,1
7520,2737,1
7521,2737,1
7522,2737,1
7523,2737,1
7524,2737,1
7524,2738,1
7525,2738,1
7525,2739,1
7526,2739,1
7526,2740,1
7526,2741,1
7526,2742,1
7526,2743,1
7526,2744,1
7526,2745,1
7526,2746,1
7526,2747,1
7526,2748,1
7525,2748,1
7525,2749,1
7525,2750,1
7525,2751,1
7524,2752,1
7524,2753,1
7524,2754,1
7524,2755,1
7523,2756,1
7523,2757,1
7523,2758,1
7522,2759,1
7522,2760,1
7522,2761,1
7521,2762,1
7521,2763,1
7520,2764,1
7520,2765,1
7519,2766,1
7519,2767,1
7518,2768,1
7518,2769,1
7518,2770,1
7517,2770,1
7517,2771,1
7516,2772,1
7516,2773,1
7515,2774,1
7515,2775,1
7514,2776,1
7514,2777,1
7513,2778,1
7513,2779,1
7512,2780,1
7512,2781,1
7511,2782,1
7511,2783,1
7510,2784,1
7510,2785,1
7510,2786,1
7509,2787,1
7509,2788,1
7508,2789,1
7508,2790,1
7507,2791,1
7507,2792,1
7507,2793,1
7506,2794,1
7506,2795,1
7505,2795,1
7505,2796,1
7505,2797,1
7504,2798,1
7504,2799,1
7503,2800,1
7503,2801,1
7503,2802,1
7502,2803,1
7502,2804,1
7501,2805,1
7501,2806,1
7501,2807,1
7500,2808,1
7500,2809,1
7500,2810,1
7499,2811,1
7499,2812,1
7498,2813,1
7498,2814,1
7497,2815,1
7497,2816,1
7496,2817,1
7496,2818,1
7496,2819,1
7495,2820,1
7495,2821,1
7495,2822,1
7494,2823,1
7494,2824,1
7493,2825,1
7493,2826,1
7493,2827,1
7492,2828,1
7492,2829,1
7491,2830,1
7491,2831,1
7491,2832,1
7490,2833,1
7490,2834,1
7489,2835,1
7489,2836,1
7489,2837,1
7488,2838,1
7488,2839,1
7488,2840,1
7487,2841,1
7487,2842,1
7487,2843,1
7486,2844,1
7486,2845,1
7485,2846,1
7485,2847,1
7484,2848,1
7484,2849,1
7483,2850,1
7483,2851,1
7482,2852,1
7482,2853,1
7481,2854,1
7481,2855,1
7481,2856,1
7480,2857,1
7480,2858,1
7480,2859,1
7480,2860,1
7479,2861,1
7479,2862,1
7479,2863,1
7478,2864,1
7478,2865,1
7478,2866,1
7477,2867,1
7476,2867,1
7476,2868,1
7476,2869,1
7475,2870,1
7475,2871,1
7475,2872,1
7475,2873,1
7475,2874,1
7475,2875,1
7272,2811,0
7133,2825,1
7132,2825,1
7131,2825,1
7130,2825,1
7129,2825,1
7128,2825,1
7127,2825,1
7126,2825,1
7125,2825,1
7124,2825,1
7123,2825,1
7122,2826,1
7121,2826,1
7120,2827,1
7119,2827,1
7118,2828,1
7117,2828,1
7116,2828,1
7115,2829,1
7114,2829,1
7113,2829,1
7112,2829,1
7111,2829,1
7110,2829,1
7109,2830,1
7108,2830,1
7107,2830,1
7106,2830,1
7105,2830,1
7104,2831,1
7103,2831,1
7102,2832,1
7101,2832,1
7100,2832,1
7099,2833,1
7098,2833,1
7097,2833,1
7096,2833,1
7095,2833,1
7094,2834,1
7093,2834,1
7092,2834,1
7091,2835,1
7090,2835,1
7089,2836,1
7088,2836,1
7087,2836,1
7086,2836,1
7085,2837,1
7084,2837,1
7083,2837,1
7082,2837,1
7081,2838,1
7080,2838,1
7079,2838,1
7078,2838,1
7077,2838,1
7076,2839,1
7075,2839,1
7074,2839,1
7073,2839,1
7072,2840,1
7071,2840,1
7070,2840,1
7069,2840,1
7069,2841,1
7068,2841,1
7067,2841,1
7066,2841,1
7065,2842,1
7064,2842,1
7063,2842,1
7062,2842,1
7061,2842,1
7060,2843,1
7059,2843,1
7058,2843,1
7057,2844,1
7056,2844,1
7055,2844,1
7054,2844,1
7053,2845,1
7052,2845,1
7051,2845,1
7050,2846,1
7049,2846,1
7048,2846,1
7047,2846,1
7046,2846,1
7045,2847,1
7044,2847,1
7043,2847,1
7042,2847,1
7042,2848,1
7041,2848,1
7040,2848,1
7039,2848,1
7038,2849,1
7037,2849,1
7036,2849,1
7035,2849,1
7034,2850,1
7033,2850,1
7032,2850,1
7031,2850,1
7030,2851,1
7029,2851,1
7028,2851,1
7027,2851,1
7026,2851,1
7025,2852,1
7024,2852,1
7023,2852,1
7022,2852,1
7021,2853,1
7020,2853,1
7019,2853,1
7018,2853,1
7017,2854,1
7016,2854,1
7015,2854,1
7014,2854,1
7013,2855,1
7012,2855,1
7011,2855,1
7010,2856,1
7009,2856,1
7008,2856,1
7007,2856,1
7006,2857,1
7005,2857,1
7004,2857,1
7003,2857,1
7002,2858,1
7001,2858,1
7000,2858,1
6999,2858,1
6998,2859,1
6997,2859,1
6996,2859,1
6995,2859,1
6994,2860,1
6993,2860,1
6992,2860,1
6991,2860,1
6990,2861,1
6989,2861,1
6988,2861,1
6987,2861,1
6986,2862,1
6985,2862,1
6984,2862,1
6983,2862,1
6982,2862,1
6981,2863,1
6980,2863,1
6979,2863,1
6978,2863,1
6977,2864,1
6976,2864,1
6975,2864,1
6974,2864,1
6973,2865,1
6972,2865,1
6971,2865,1
6970,2865,1
6969,2866,1
6968,2866,1
6967,2866,1
6966,2867,1
6965,2867,1
6964,2867,1
6963,2867,1
6962,2868,1
6961,2868,1
6960,2868,1
6959,2868,1
6958,2869,1
6957,2869,1
6956,2869,1
6955,2869,1
6954,2870,1
6953,2870,1
6952,2870,1
6951,2870,1
6950,2871,1
6949,2871,1
6948,2871,1
6947,2871,1
6946,2871,1
6945,2871,1
6944,2871,1
6943,2871,1
6942,2872,1
6941,2872,1
6940,2872,1
6939,2872,1
6938,2872,1
6937,2873,1
6936,2873,1
6935,2873,1
6934,2874,1
6933,2874,1
6932,2875,1
6931,2875,1
6930,2875,1
6929,2875,1
6928,2875,1
6927,2875,1
6926,2875,1
6925,2875,1
6924,2875,1
6923,2875,1
6922,2875,1
6921,2875,1
6920,2875,1
6919,2875,1
6918,2875,1
6917,2875,1
7320,2812,0
7633,2667,1
7632,2668,1
7631,2669,1
7630,2670,1
7629,2671,1
7628,2672,1
7627,2673,1
7626,2674,1
7625,2675,1
7624,2676,1
7623,2677,1
7622,2678,1
7621,2679,1
7620,2680,1
7619,2681,1
7618,2682,1
7617,2683,1
7616,2684,1
7615,2685,1
7614,2686,1
7614,2687,1
7613,2688,1
7612,2689,1
7612,2690,1
7611,2691,1
7610,2692,1
7610,2693,1
7609,2694,1
7608,2695,1
7608,2696,1
7607,2697,1
7607,2698,1
7606,2698,1
7606,2699,1
7606,2700,1
7605,2701,1
7605,2702,1
7604,2703,1
7604,2704,1
7604,2705,1
7604,2706,1
7603,2707,1
7603,2708,1
7603,2709,1
7602,2710,1
7602,2711,1
7602,2712,1
7602,2713,1
7602,2714,1
7601,2715,1
7601,2716,1
7601,2717,1
7601,2718,1
7601,2719,1
7601,2720,1
7600,2721,1
7600,2722,1
7600,2723,1
7600,2724,1
7600,2725,1
7600,2726,1
7600,2727,1
7600,2728,1
7600,2729,1
7600,2730,1
7600,2731,1
7600,2732,1
7600,2733,1
7600,2734,1
7601,2735,1
7601,2736,1
7601,2737,1
7601,2738,1
7601,2739,1
7601,2740,1
7602,2741,1
7602,2742,1
7602,2743,1
7602,2744,1
7602,2745,1
7603,2746,1
7603,2747,1
7604,2748,1
7604,2749,1
7604,2750,1
7604,2751,1
7605,2752,1
7605,2753,1
7605,2754,1
7606,2755,1
7606,2756,1
7607,2757,1
7607,2758,1
7607,2759,1
7608,2760,1
7608,2761,1
7609,2762,1
7609,2763,1
7610,2764,1
7610,2765,1
7611,2765,1
7611,2766,1
7612,2767,1
7612,2768,1
7613,2769,1
7613,2770,1
7614,2771,1
7614,2772,1
7615,2773,1
7615,2774,1
7616,2775,1
7616,2776,1
7617,2777,1
7618,2778,1
7618,2779,1
7619,2780,1
7619,2781,1
7620,2782,1
7620,2783,1
7621,2784,1
7622,2785,1
7622,2786,1
7623,2787,1
7623,2788,1
7624,2789,1
7624,2790,1
7625,2791,1
7626,2792,1
7626,2793,1
7627,2794,1
7627,2795,1
7628,2796,1
7628,2797,1
7629,2797,1
7629,2798,1
7630,2799,1
7630,2800,1
7631,2801,1
7631,2802,1
7632,2803,1
7632,2804,1
7633,2804,1
7633,2805,1
7634,2806,1
7634,2807,1
7635,2808,1
7635,2809,1
7636,2809,1
7636,2810,1
7637,2811,1
7638,2812,1
7638,2813,1
7639,2814,1
7640,2815,1
7640,2816,1
7641,2817,1
7641,2818,1
7642,2819,1
7643,2820,1
7644,2821,1
7644,2822,1
7645,2823,1
7646,2824,1
7646,2825,1
7647,2826,1
7648,2827,1
7649,2828,1
7649,2829,1
7650,2830,1
7651,2831,1
7652,2832,1
7652,2833,1
7653,2834,1
7654,2835,1
7655,2836,1
7656,2837,1
7656,2838,1
7657,2838,1
7657,2839,1
7658,2840,1
7659,2841,1
7660,2842,1
7661,2843,1
7661,2844,1
7662,2844,1
7663,2845,1
7663,2846,1
7664,2847,1
7665,2848,1
7666,2849,1
7666,2850,1
7667,2850,1
7668,2851,1
7668,2852,1
7669,2853,1
7670,2853,1
7670,2854,1
7671,2855,1
7672,2856,1
7673,2857,1
7674,2858,1
7675,2859,1
7676,2860,1
7676,2861,1
7677,2861,1
7678,2862,1
7678,2863,1
7679,2864,1
7680,2864,1
7680,2865,1
7681,2866,1
7682,2866,1
7682,2867,1
7683,2868,1
7684,2869,1
7685,2870,1
7685,2871,1
7686,2871,1
7686,2872,1
7686,2873,1
7687,2874,1
7687,2875,1
7687,2876,1
7687,2877,1
7688,2877,1
7688,2878,1
7688,2879,1
7689,2880,1
7689,2881,1
7689,2882,1
7690,2883,1
7691,2884,1
7691,2885,1
7691,2886,1
7692,2887,1
7692,2888,1
7693,2889,1
7694,2890,1
7694,2891,1
7694,2892,1
7695,2893,1
7695,2894,1
7696,2894,1
7696,2895,1
7697,2896,1
7697,2897,1
7698,2898,1
7699,2899,1
7699,2900,1
7700,2900,1
7700,2901,1
7701,2902,1
7701,2903,1
7702,2904,1
7703,2905,1
7703,2906,1
7704,2907,1
7705,2908,1
7705,2909,1
7706,2909,1
7706,2910,1
7707,2911,1
7708,2912,1
7708,2913,1
7709,2913,1
7710,2914,1
7710,2915,1
7711,2916,1
7711,2917,1
7712,2917,1
7713,2918,1
7713,2919,1
7714,2920,1
7715,2921,1
7716,2922,1
7717,2923,1
7717,2924,1
7718,2924,1
7719,2925,1
7720,2926,1
7720,2927,1
7721,2927,1
7722,2928,1
7722,2929,1
7723,2930,1
7724,2930,1
7724,2931,1
7725,2932,1
7726,2933,1
7726,2934,1
7727,2934,1
7728,2935,1
7728,2936,1
7729,2937,1
7730,2938,1
7731,2938,1
7731,2939,1
7732,2940,1
7733,2941,1
7734,2942,1
7735,2943,1
7736,2944,1
7737,2945,1
7738,2946,1
7738,2947,1
7739,2948,1
7740,2948,1
7740,2949,1
7741,2950,1
7742,2950,1
7742,2951,1
7743,2952,1
7744,2953,1
7745,2954,1
7746,2955,1
7746,2956,1
7747,2956,1
7748,2957,1
7748,2958,1
7749,2959,1
7750,2960,1
7751,2961,1
7751,2962,1
7752,2962,1
7753,2963,1
7753,2964,1
7754,2965,1
7755,2965,1
7755,2966,1
7756,2967,1
7757,2967,1
7758,2968,1
7758,2969,1
7759,2970,1
7760,2970,1
7760,2971,1
7761,2972,1
7762,2972,1
7762,2973,1
7763,2974,1
7764,2974,1
7765,2975,1
7765,2976,1
7766,2976,1
7767,2977,1
7768,2978,1
7769,2979,1
7770,2980,1
7771,2980,1
7771,2981,1
7772,2982,1
7773,2982,1
7774,2983,1
7774,2984,1
7775,2984,1
7776,2985,1
7777,2985,1
7778,2986,1
7778,2987,1
7779,2987,1
7780,2988,1
7781,2989,1
7782,2990,1
7783,2991,1
7784,2991,1
7784,2992,1
7785,2992,1
7786,2993,1
7787,2994,1
7788,2994,1
7789,2995,1
7790,2996,1
7791,2997,1
7792,2997,1
7793,2998,1
7794,2999,1
7795,3000,1
7796,3000,1
7797,3001,1
7798,3001,1
7798,3002,1
7799,3003,1
7800,3003,1
7801,3004,1
7802,3004,1
7802,3005,1
7803,3005,1
7804,3006,1
7805,3006,1
7805,3007,1
7806,3008,1
7807,3008,1
7808,3009,1
7809,3010,1
7810,3011,1
7811,3012,1
7812,3013,1
7813,3014,1
7814,3014,1
7815,3015,1
7816,3016,1
7817,3017,1
7818,3017,1
7819,3018,1
7820,3018,1
7820,3019,1
7821,3020,1
7822,3020,1
7823,3021,1
7823,3022,1
7824,3022,1
7825,3023,1
7825,3024,1
7826,3024,1
7827,3025,1
7828,3025,1
7828,3026,1
7829,3026,1
7829,3027,1
7829,3028,1
7830,3029,1
7831,3029,1
7831,3030,1
7831,3031,1
7831,3032,1
7830,3032,1
7830,3033,1
7829,3033,1
7828,3033,1
7827,3033,1
7826,3033,1
7825,3033,1
7836,2818,0
7867,2708,1
7868,2708,1
7869,2708,1
7870,2708,1
7871,2708,1
7872,2708,1
7873,2708,1
7874,2708,1
7875,2708,1
7876,2708,1
7877,2708,1
7878,2707,1
7879,2707,1
7880,2706,1
7881,2706,1
7882,2705,1
7883,2705,1
7884,2705,1
7885,2704,1
7886,2704,1
7887,2704,1
7888,2704,1
7889,2704,1
7890,2704,1
7891,2703,1
7892,2703,1
7893,2703,1
7894,2703,1
7895,2703,1
7896,2703,1
7897,2703,1
7898,2703,1
7899,2702,1
7900,2702,1
7901,2702,1
7902,2701,1
7903,2701,1
7904,2701,1
7905,2701,1
7906,2701,1
7907,2700,1
7908,2700,1
7909,2700,1
7910,2700,1
7910,2699,1
7911,2699,1
7912,2699,1
7913,2699,1
7914,2698,1
7915,2698,1
7916,2698,1
7917,2697,1
7918,2697,1
7919,2697,1
7920,2696,1
7921,2696,1
7922,2696,1
7923,2695,1
7924,2695,1
7925,2695,1
7926,2694,1
7927,2694,1
7928,2693,1
7929,2693,1
7930,2692,1
7931,2692,1
7932,2692,1
7933,2691,1
7934,2691,1
7935,2690,1
7936,2690,1
7937,2690,1
7938,2689,1
7939,2689,1
7940,2689,1
7941,2688,1
7942,2688,1
7943,2688,1
7944,2688,1
7945,2688,1
7946,2688,1
7947,2688,1
7948,2688,1
7949,2688,1
7950,2688,1
7951,2688,1
7952,2688,1
7953,2688,1
7954,2689,1
7955,2689,1
7956,2689,1
7956,2690,1
7957,2690,1
7958,2690,1
7958,2691,1
7959,2691,1
7960,2692,1
7961,2692,1
7962,2693,1
7963,2693,1
7964,2694,1
7965,2694,1
7965,2695,1
7966,2695,1
7967,2696,1
7968,2696,1
7968,2697,1
7969,2697,1
7969,2698,1
7970,2698,1
7970,2699,1
7971,2699,1
7971,2700,1
7972,2701,1
7973,2702,1
7973,2703,1
7974,2703,1
7974,2704,1
7974,2705,1
7975,2705,1
7975,2706,1
7975,2707,1
7976,2708,1
7976,2709,1
7976,2710,1
7976,2711,1
7977,2711,1
7977,2712,1
7977,2713,1
7977,2714,1
7977,2715,1
7978,2716,1
7978,2717,1
7978,2718,1
7978,2719,1
7978,2720,1
7978,2721,1
7978,2722,1
7978,2723,1
7978,2724,1
7978,2725,1
7978,2726,1
7978,2727,1
7978,2728,1
7978,2729,1
7978,2730,1
7978,2731,1
7978,2732,1
7978,2733,1
7978,2734,1
7978,2735,1
7978,2736,1
7978,2737,1
7978,2738,1
7977,2739,1
7977,2740,1
7977,2741,1
7977,2742,1
7977,2743,1
7978,2743,1
7978,2744,1
7979,2744,1
7980,2744,1
7981,2744,1
7981,2745,1
7982,2745,1
7983,2745,1
7984,2746,1
7985,2746,1
7986,2747,1
7987,2747,1
7987,2748,1
7988,2748,1
7989,2749,1
7990,2749,1
7990,2750,1
7991,2750,1
7991,2751,1
7992,2751,1
7992,2752,1
7993,2752,1
7993,2753,1
7994,2753,1
7994,2754,1
7995,2754,1
7995,2755,1
7996,2756,1
7996,2757,1
7996,2758,1
7997,2758,1
7997,2759,1
7997,2760,1
7998,2761,1
7998,2762,1
7998,2763,1
7998,2764,1
7998,2765,1
7998,2766,1
7999,2767,1
7999,2768,1
7999,2769,1
7999,2770,1
7999,2771,1
7999,2772,1
7999,2773,1
7999,2774,1
7999,2775,1
7999,2776,1
7998,2777,1
7998,2778,1
7998,2779,1
7998,2780,1
7998,2781,1
7998,2782,1
7998,2783,1
7998,2784,1
7998,2785,1
7998,2786,1
7997,2786,1
7997,2787,1
7997,2788,1
7997,2789,1
7997,2790,1
7997,2791,1
7997,2792,1
7997,2793,1
7997,2794,1
7997,2795,1
7997,2796,1
7997,2797,1
7996,2798,1
7996,2799,1
7996,2800,1
7996,2801,1
7996,2802,1
7996,2803,1
7996,2804,1
7995,2804,1
7995,2805,1
7995,2806,1
7995,2807,1
7994,2808,1
7994,2809,1
7994,2810,1
7993,2811,1
7993,2812,1
7993,2813,1
7992,2814,1
7992,2815,1
7991,2815,1
7991,2816,1
7991,2817,1
7990,2818,1
7990,2819,1
7989,2820,1
7989,2821,1
7988,2822,1
7988,2823,1
7987,2824,1
7987,2825,1
7986,2826,1
7986,2827,1
7985,2828,1
7985,2829,1
7984,2830,1
7984,2831,1
7984,2832,1
7983,2833,1
7982,2834,1
7982,2835,1
7982,2836,1
7981,2837,1
7981,2838,1
7980,2839,1
7980,2840,1
7979,2841,1
7979,2842,1
7979,2843,1
7978,2843,1
7978,2844,1
7977,2845,1
7977,2846,1
7976,2847,1
7976,2848,1
7975,2849,1
7975,2850,1
7974,2851,1
7974,2852,1
7973,2852,1
7973,2853,1
7972,2854,1
7972,2855,1
7971,2856,1
7971,2857,1
7970,2858,1
7970,2859,1
7969,2860,1
7968,2861,1
7967,2862,1
7967,2863,1
7966,2864,1
7966,2865,1
7965,2866,1
7964,2867,1
7964,2868,1
7963,2869,1
7963,2870,1
7962,2871,1
7961,2872,1
7961,2873,1
7960,2874,1
7960,2875,1
7959,2876,1
7959,2877,1
7958,2877,1
7958,2878,1
7957,2879,1
7956,2880,1
7956,2881,1
7956,2882,1
7955,2882,1
7955,2883,1
7954,2883,1
7953,2883,1
7952,2883,1
7951,2883,1
7950,2883,1
8043,2854,0
8133,2817,1
8133,2818,1
8133,2819,1
8133,2820,1
8133,2821,1
8133,2822,1
8132,2823,1
8132,2824,1
8131,2825,1
8130,2826,1
8130,2827,1
8129,2828,1
8129,2829,1
8129,2830,1
8128,2831,1
8128,2832,1
8127,2833,1
8127,2834,1
8126,2835,1
8125,2836,1
8125,2837,1
8125,2838,1
8125,2839,1
8125,2840,1
8125,2841,1
8125,2842,1
8246,2800,0
8367,2758,1
8367,2759,1
8367,2760,1
8367,2761,1
8367,2762,1
8367,2763,1
8367,2764,1
8366,2765,1
8366,2766,1
8365,2767,1
8364,2767,1
8364,2768,1
8363,2769,1
8363,2770,1
8363,2771,1
8362,2772,1
8362,2773,1
8362,2774,1
8361,2775,1
8361,2776,1
8361,2777,1
8360,2778,1
8360,2779,1
8359,2780,1
8359,2781,1
8359,2782,1
8358,2783,1
8358,2784,1
8358,2785,1
8358,2786,1
8357,2787,1
8357,2788,1
8357,2789,1
8357,2790,1
8357,2791,1
8356,2792,1
8356,2793,1
8356,2794,1
8356,2795,1
8356,2796,1
8356,2797,1
8355,2798,1
8355,2799,1
8355,2800,1
8355,2801,1
8355,2802,1
8355,2803,1
8355,2804,1
8355,2805,1
8355,2806,1
8356,2807,1
8356,2808,1
8356,2809,1
8356,2810,1
8356,2811,1
8357,2812,1
8357,2813,1
8357,2814,1
8358,2815,1
8358,2816,1
8358,2817,1
8359,2817,1
8359,2818,1
8359,2819,1
8359,2820,1
8360,2820,1
8360,2821,1
8360,2822,1
8361,2822,1
8361,2823,1
8362,2823,1
8362,2824,1
8363,2825,1
8364,2826,1
8364,2827,1
8365,2827,1
8365,2828,1
8366,2828,1
8366,2829,1
8367,2829,1
8367,2830,1
8368,2831,1
8369,2832,1
8370,2832,1
8370,2833,1
8371,2833,1
8371,2834,1
8372,2835,1
8373,2835,1
8373,2836,1
8374,2836,1
8375,2837,1
8376,2837,1
8376,2838,1
8377,2838,1
8378,2839,1
8379,2839,1
8379,2840,1
8380,2840,1
8381,2840,1
8381,2841,1
8382,2841,1
8383,2842,1
8384,2843,1
8385,2843,1
8385,2844,1
8386,2844,1
8387,2844,1
8388,2845,1
8389,2846,1
8390,2846,1
8391,2846,1
8391,2847,1
8392,2847,1
8393,2847,1
8394,2848,1
8395,2848,1
8396,2849,1
8397,2849,1
8398,2849,1
8399,2850,1
8400,2850,1
8401,2850,1
8402,2851,1
8403,2851,1
8404,2851,1
8405,2851,1
8406,2851,1
8407,2852,1
8408,2852,1
8409,2852,1
8410,2852,1
8411,2852,1
8412,2853,1
8413,2853,1
8414,2853,1
8415,2853,1
8416,2853,1
8417,2853,1
8418,2854,1
8419,2854,1
8420,2854,1
8421,2854,1
8422,2854,1
8423,2854,1
8424,2855,1
8425,2855,1
8426,2855,1
8427,2855,1
8428,2855,1
8429,2855,1
8430,2855,1
8431,2856,1
8432,2856,1
8433,2856,1
8434,2856,1
8435,2856,1
8436,2856,1
8437,2856,1
8438,2856,1
8439,2857,1
8440,2857,1
8441,2857,1
8442,2857,1
8443,2857,1
8444,2857,1
8445,2858,1
8446,2858,1
8447,2858,1
8448,2858,1
8449,2858,1
8450,2858,1
8451,2859,1
8452,2859,1
8453,2859,1
8454,2859,1
8455,2859,1
8456,2859,1
8457,2860,1
8458,2860,1
8459,2860,1
8460,2860,1
8461,2860,1
8462,2861,1
8463,2861,1
8464,2861,1
8465,2861,1
8466,2862,1
8467,2862,1
8468,2862,1
8469,2862,1
8470,2862,1
8471,2862,1
8472,2863,1
8473,2863,1
8474,2863,1
8475,2863,1
8476,2864,1
8477,2864,1
8478,2864,1
8479,2864,1
8480,2865,1
8481,2865,1
8482,2865,1
8483,2866,1
8484,2866,1
8485,2866,1
8486,2867,1
8487,2867,1
8488,2868,1
8489,2868,1
8490,2869,1
8491,2869,1
8492,2870,1
8493,2870,1
8493,2871,1
8494,2871,1
8495,2872,1
8496,2872,1
8496,2873,1
8497,2873,1
8498,2874,1
8499,2875,1
8500,2875,1
8500,2876,1
8501,2876,1
8501,2877,1
8502,2877,1
8502,2878,1
8503,2878,1
8503,2879,1
8504,2879,1
8504,2880,1
8505,2880,1
8505,2881,1
8506,2881,1
8506,2882,1
8507,2882,1
8507,2883,1
8508,2883,1
8508,2884,1
8509,2884,1
8509,2885,1
8510,2885,1
8510,2886,1
8511,2886,1
8511,2887,1
8512,2887,1
8512,2888,1
8513,2889,1
8514,2890,1
8515,2890,1
8515,2891,1
8516,2892,1
8517,2893,1
8518,2894,1
8518,2895,1
8519,2895,1
8519,2896,1
8520,2896,1
8520,2897,1
8521,2897,1
8521,2898,1
8522,2899,1
8523,2900,1
8524,2901,1
8525,2902,1
8526,2903,1
8527,2904,1
8528,2904,1
8528,2905,1
8529,2905,1
8529,2906,1
8530,2906,1
8530,2907,1
8531,2907,1
8532,2908,1
8533,2908,1
8534,2909,1
8535,2910,1
8536,2910,1
8537,2911,1
8538,2911,1
8539,2912,1
8540,2912,1
8540,2913,1
8541,2913,1
8542,2913,1
8542,2914,1
8543,2914,1
8544,2914,1
8544,2915,1
8545,2915,1
8546,2915,1
8546,2916,1
8547,2916,1
8548,2916,1
8549,2917,1
8550,2917,1
8551,2917,1
8551,2918,1
8552,2918,1
8553,2918,1
8554,2919,1
8555,2919,1
8556,2919,1
8557,2920,1
8558,2920,1
8559,2920,1
8560,2921,1
8561,2921,1
8562,2921,1
8563,2922,1
8564,2922,1
8565,2922,1
8566,2923,1
8567,2923,1
8568,2923,1
8569,2924,1
8570,2924,1
8571,2924,1
8572,2924,1
8573,2925,1
8574,2925,1
8575,2925,1
8576,2926,1
8577,2926,1
8578,2926,1
8579,2926,1
8580,2927,1
8581,2927,1
8582,2927,1
8583,2928,1
8584,2928,1
8585,2928,1
8586,2928,1
8586,2929,1
8587,2929,1
8588,2929,1
8589,2929,1
8590,2930,1
8591,2930,1
8592,2930,1
8593,2931,1
8594,2931,1
8595,2931,1
8596,2932,1
8597,2932,1
8598,2932,1
8599,2932,1
8599,2933,1
8600,2933,1
8601,2933,1
8602,2933,1
8603,2934,1
8604,2934,1
8605,2934,1
8605,2935,1
8606,2935,1
8607,2935,1
8607,2936,1
8608,2936,1
8609,2936,1
8610,2937,1
8611,2937,1
8611,2938,1
8612,2938,1
8613,2939,1
8614,2939,1
8614,2940,1
8615,2940,1
8616,2941,1
8617,2941,1
8617,2942,1
8618,2942,1
8619,2943,1
8619,2944,1
8620,2944,1
8621,2945,1
8622,2946,1
8622,2947,1
8623,2947,1
8623,2948,1
8624,2948,1
8624,2949,1
8625,2949,1
8625,2950,1
8626,2951,1
8626,2952,1
8627,2953,1
8627,2954,1
8628,2954,1
8628,2955,1
8628,2956,1
8629,2956,1
8629,2957,1
8629,2958,1
8630,2958,1
8630,2959,1
8630,2960,1
8630,2961,1
8631,2962,1
8631,2963,1
8631,2964,1
8631,2965,1
8632,2966,1
8632,2967,1
8632,2968,1
8632,2969,1
8632,2970,1
8632,2971,1
8632,2972,1
8632,2973,1
8632,2974,1
8632,2975,1
8632,2976,1
8631,2977,1
8631,2978,1
8631,2979,1
8631,2980,1
8631,2981,1
8631,2982,1
8631,2983,1
8631,2984,1
8631,2985,1
8631,2986,1
8631,2987,1
8631,2988,1
8631,2989,1
8631,2990,1
8631,2991,1
8631,2992,1
8631,2993,1
8631,2994,1
8632,2995,1
8632,2996,1
8632,2997,1
8632,2998,1
8632,2999,1
8632,3000,1
8633,3001,1
8633,3002,1
8633,3003,1
8633,3004,1
8634,3005,1
8634,3006,1
8634,3007,1
8634,3008,1
8634,3009,1
8635,3010,1
8635,3011,1
8635,3012,1
8636,3013,1
8636,3014,1
8636,3015,1
8637,3016,1
8637,3017,1
8637,3018,1
8637,3019,1
8638,3020,1
8638,3021,1
8639,3022,1
8639,3023,1
8640,3024,1
8640,3025,1
8641,3026,1
8641,3027,1
8642,3028,1
8642,3029,1
8643,3030,1
8643,3031,1
8644,3032,1
8644,3033,1
8645,3034,1
8645,3035,1
8646,3036,1
8646,3037,1
8647,3037,1
8647,3038,1
8648,3039,1
8648,3040,1
8649,3041,1
8649,3042,1
8650,3042,1
8650,3043,1
8651,3044,1
8651,3045,1
8652,3046,1
8653,3047,1
8653,3048,1
8654,3049,1
8654,3050,1
8655,3051,1
8656,3052,1
8656,3053,1
8657,3054,1
8657,3055,1
8658,3056,1
8659,3057,1
8659,3058,1
8660,3059,1
8660,3060,1
8661,3061,1
8662,3062,1
8663,3063,1
8664,3064,1
8665,3065,1
8666,3066,1
8667,3067,1
8668,3068,1
8669,3069,1
8670,3070,1
8671,3071,1
8672,3072,1
8673,3073,1
8674,3074,1
8675,3075,1
8737,2722,0
8650,2508,1
8651,2508,1
8652,2508,1
8653,2508,1
8654,2508,1
8655,2508,1
8656,2508,1
8657,2508,1
8658,2508,1
8659,2508,1
8660,2508,1
8661,2508,1
8662,2508,1
8663,2508,1
8664,2508,1
8665,2508,1
8666,2508,1
8667,2508,1
8668,2508,1
8669,2508,1
8670,2508,1
8671,2508,1
8672,2508,1
8673,2508,1
8674,2508,1
8675,2508,1
8676,2508,1
8677,2508,1
8678,2508,1
8679,2508,1
8680,2508,1
8681,2508,1
8682,2508,1
8683,2509,1
8684,2509,1
8685,2509,1
8686,2509,1
8687,2509,1
8688,2510,1
8689,2510,1
8690,2510,1
8691,2510,1
8692,2510,1
8693,2510,1
8694,2511,1
8695,2511,1
8696,2511,1
8697,2511,1
8698,2511,1
8699,2511,1
8700,2511,1
8701,2511,1
8702,2512,1
8703,2512,1
8704,2512,1
8705,2512,1
8706,2512,1
8707,2512,1
8708,2512,1
8709,2512,1
8710,2512,1
8711,2512,1
8712,2512,1
8713,2513,1
8714,2513,1
8715,2513,1
8716,2513,1
8717,2513,1
8718,2513,1
8719,2513,1
8720,2513,1
8721,2513,1
8722,2513,1
8723,2513,1
8724,2513,1
8725,2513,1
8726,2513,1
8727,2513,1
8728,2513,1
8729,2513,1
8730,2513,1
8731,2514,1
8732,2514,1
8733,2514,1
8734,2514,1
8735,2514,1
8736,2514,1
8737,2514,1
8738,2514,1
8739,2514,1
8740,2514,1
8741,2514,1
8742,2514,1
8743,2514,1
8744,2514,1
8745,2514,1
8746,2514,1
8747,2514,1
8748,2514,1
8749,2514,1
8750,2514,1
8751,2514,1
8752,2514,1
8753,2514,1
8754,2514,1
8755,2514,1
8756,2514,1
8757,2514,1
8758,2514,1
8759,2514,1
8760,2514,1
8761,2514,1
8762,2514,1
8763,2515,1
8764,2515,1
8765,2515,1
8766,2515,1
8767,2515,1
8768,2515,1
8769,2515,1
8770,2515,1
8771,2515,1
8772,2515,1
8773,2515,1
8774,2515,1
8775,2515,1
8776,2515,1
8777,2515,1
8778,2515,1
8779,2515,1
8780,2515,1
8781,2515,1
8782,2515,1
8783,2515,1
8784,2515,1
8785,2515,1
8786,2515,1
8787,2515,1
8788,2515,1
8789,2515,1
8790,2515,1
8791,2515,1
8792,2515,1
8793,2515,1
8794,2515,1
8795,2515,1
8796,2515,1
8797,2515,1
8798,2515,1
8799,2515,1
8800,2515,1
8801,2515,1
8802,2515,1
8803,2515,1
8804,2515,1
8805,2516,1
8806,2516,1
8807,2516,1
8808,2516,1
8809,2516,1
8810,2516,1
8811,2516,1
8812,2516,1
8813,2516,1
8814,2516,1
8815,2516,1
8816,2516,1
8817,2516,1
8818,2516,1
8819,2516,1
8820,2516,1
8821,2516,1
8822,2516,1
8823,2517,1
8824,2517,1
8825,2517,1
8826,2517,1
8827,2517,1
8828,2517,1
8829,2517,1
8830,2517,1
8831,2517,1
8832,2517,1
8833,2517,1
8834,2517,1
8835,2517,1
8836,2517,1
8837,2517,1
8838,2517,1
8839,2517,1
8840,2517,1
8841,2517,1
8842,2517,1
8843,2517,1
8844,2517,1
8845,2517,1
8846,2518,1
8847,2518,1
8848,2518,1
8849,2518,1
8850,2518,1
8851,2518,1
8852,2518,1
8853,2518,1
8854,2518,1
8855,2518,1
8856,2518,1
8857,2518,1
8858,2518,1
8859,2518,1
8860,2518,1
8861,2518,1
8862,2518,1
8863,2518,1
8864,2518,1
8865,2518,1
8866,2518,1
8867,2518,1
8868,2518,1
8869,2518,1
8870,2518,1
8871,2518,1
8872,2518,1
8873,2518,1
8874,2518,1
8875,2518,1
8876,2519,1
8877,2519,1
8878,2519,1
8879,2519,1
8880,2519,1
8881,2519,1
8882,2519,1
8883,2519,1
8884,2519,1
8885,2519,1
8886,2519,1
8887,2519,1
8888,2519,1
8889,2519,1
8890,2519,1
8891,2519,1
8892,2519,1
8893,2519,1
8894,2519,1
8895,2519,1
8896,2519,1
8897,2519,1
8898,2519,1
8899,2519,1
8900,2519,1
8901,2519,1
8902,2519,1
8903,2519,1
8904,2519,1
8905,2519,1
8906,2519,1
8907,2519,1
8908,2519,1
8909,2519,1
8910,2519,1
8911,2520,1
8912,2520,1
8913,2520,1
8914,2520,1
8915,2520,1
8916,2520,1
8917,2520,1
8918,2520,1
8919,2520,1
8920,2520,1
8921,2520,1
8922,2520,1
8923,2520,1
8924,2520,1
8925,2520,1
8926,2520,1
8927,2520,1
8928,2520,1
8929,2520,1
8930,2521,1
8931,2521,1
8932,2521,1
8933,2521,1
8934,2521,1
8935,2521,1
8936,2521,1
8937,2521,1
8938,2521,1
8939,2521,1
8940,2521,1
8941,2521,1
8942,2521,1
8943,2521,1
8944,2521,1
8945,2521,1
8946,2521,1
8947,2521,1
8948,2521,1
8949,2521,1
8950,2521,1
8951,2521,1
8952,2521,1
8953,2521,1
8954,2521,1
8955,2521,1
8956,2521,1
8957,2521,1
8958,2521,1
8959,2521,1
8960,2521,1
8961,2521,1
8962,2521,1
8963,2521,1
8964,2521,1
8965,2521,1
8966,2521,1
8967,2521,1
8968,2521,1
8969,2521,1
8970,2522,1
8971,2522,1
8972,2522,1
8973,2522,1
8974,2522,1
8975,2522,1
8976,2522,1
8977,2522,1
8978,2522,1
8979,2522,1
8980,2522,1
8981,2522,1
8982,2522,1
8983,2522,1
8984,2522,1
8985,2522,1
8986,2522,1
8987,2522,1
8988,2522,1
8989,2522,1
8990,2522,1
8991,2522,1
8992,2522,1
8993,2522,1
8994,2522,1
8995,2522,1
8996,2522,1
8997,2522,1
8998,2522,1
8999,2522,1
9000,2522,1
9001,2522,1
9002,2522,1
9003,2522,1
9004,2523,1
9005,2523,1
9006,2523,1
9007,2523,1
9008,2523,1
9009,2523,1
9010,2523,1
9011,2523,1
9012,2523,1
9013,2523,1
9014,2523,1
9015,2523,1
9016,2523,1
9017,2523,1
9018,2523,1
9019,2523,1
9020,2523,1
9021,2523,1
9022,2523,1
9023,2523,1
9024,2523,1
9025,2523,1
9026,2523,1
9027,2523,1
9028,2524,1
9029,2524,1
9030,2524,1
9031,2524,1
9032,2524,1
9033,2524,1
9034,2524,1
9035,2524,1
9036,2524,1
9037,2524,1
9038,2524,1
9039,2524,1
9040,2524,1
9041,2524,1
9042,2524,1
9043,2524,1
9044,2524,1
9045,2524,1
9046,2525,1
9047,2525,1
9048,2525,1
9049,2525,1
9050,2525,1
9051,2525,1
9052,2525,1
9053,2525,1
9054,2525,1
9055,2525,1
9056,2525,1
9057,2525,1
9058,2525,1
9059,2525,1
9060,2525,1
9061,2525,1
9062,2525,1
9063,2525,1
9064,2525,1
9065,2525,1
9066,2525,1
9067,2525,1
9068,2525,1
9069,2525,1
9070,2525,1
9071,2525,1
9072,2525,1
9073,2525,1
9074,2525,1
9075,2525,1
9076,2525,1
9077,2525,1
9078,2525,1
9079,2525,1
9080,2525,1
9081,2525,1
9082,2525,1
9083,2525,1
9084,2525,1
9085,2525,1
9086,2525,1
9087,2525,1
9088,2525,1
9089,2525,1
9090,2525,1
9091,2525,1
9092,2525,1
9093,2525,1
9094,2525,1
9095,2525,1
9096,2525,1
9097,2525,1
9098,2525,1
9099,2525,1
9100,2525,1
9101,2525,1
9102,2525,1
9103,2525,1
9104,2525,1
9105,2525,1
9106,2525,1
9107,2525,1
9108,2525,1
9109,2525,1
9110,2525,1
9111,2525,1
9112,2525,1
9113,2525,1
9114,2525,1
9115,2525,1
9116,2525,1
9117,2525,1
9118,2525,1
9119,2525,1
9120,2525,1
9121,2525,1
9122,2525,1
9123,2525,1
9124,2525,1
9125,2525,1
9126,2525,1
9127,2525,1
9128,2525,1
9129,2525,1
9130,2525,1
9131,2525,1
9132,2525,1
9133,2525,1
9134,2525,1
9135,2525,1
9136,2525,1
9137,2525,1
9138,2525,1
9139,2525,1
9140,2525,1
9141,2525,1
9142,2525,1
9143,2525,1
9144,2525,1
9145,2525,1
9146,2525,1
9145,2525,1
9144,2525,1
9143,2525,1
9142,2525,1
9142,2525,0
