547,318,1
547,319,1
547,320,1
547,321,1
547,322,1
548,323,1
548,324,1
548,325,1
548,326,1
548,327,1
548,328,1
548,329,1
548,330,1
548,331,1
548,332,1
549,333,1
549,334,1
549,335,1
549,336,1
549,337,1
549,338,1
549,339,1
549,340,1
549,341,1
549,342,1
549,343,1
549,344,1
549,345,1
549,346,1
549,347,1
549,348,1
549,349,1
549,350,1
549,351,1
549,352,1
549,353,1
549,354,1
549,355,1
549,356,1
549,357,1
549,358,1
549,359,1
549,360,1
549,361,1
549,362,1
549,363,1
549,364,1
549,365,1
549,366,1
549,367,1
549,368,1
550,369,1
550,370,1
550,371,1
550,372,1
550,373,1
550,374,1
550,375,1
550,376,1
550,377,1
550,378,1
550,379,1
550,380,1
550,381,1
550,382,1
550,383,1
550,384,1
550,385,1
550,386,1
550,387,1
550,388,1
550,389,1
550,390,1
550,391,1
550,392,1
550,393,1
550,394,1
550,395,1
550,396,1
550,397,1
550,398,1
550,399,1
550,400,1
550,401,1
550,402,1
550,403,1
550,404,1
550,405,1
550,406,1
551,407,1
551,408,1
551,409,1
551,410,1
551,411,1
551,412,1
551,413,1
551,414,1
551,415,1
551,416,1
551,417,1
551,418,1
551,419,1
551,420,1
551,421,1
551,422,1
552,423,1
552,424,1
552,425,1
552,426,1
552,427,1
552,428,1
552,429,1
552,430,1
552,431,1
552,432,1
552,433,1
552,434,1
552,435,1
553,436,1
553,437,1
553,438,1
553,439,1
553,440,1
553,441,1
553,442,1
553,443,1
553,444,1
553,445,1
553,446,1
553,447,1
553,448,1
554,449,1
554,450,1
554,451,1
554,452,1
554,453,1
554,454,1
554,455,1
554,456,1
554,457,1
554,458,1
554,459,1
554,460,1
554,461,1
554,462,1
555,463,1
555,464,1
555,465,1
555,466,1
555,467,1
555,468,1
555,469,1
555,470,1
555,471,1
555,472,1
555,473,1
556,474,1
556,475,1
556,476,1
556,477,1
556,478,1
556,479,1
556,480,1
556,481,1
556,482,1
557,483,1
557,484,1
557,485,1
557,486,1
557,487,1
558,488,1
558,489,1
558,488,1
558,487,1
518,431,0
491,378,1
490,378,1
489,378,1
488,378,1
487,379,1
486,379,1
485,379,1
484,379,1
483,379,1
482,380,1
481,380,1
480,380,1
479,380,1
478,380,1
477,381,1
476,381,1
475,381,1
474,381,1
473,382,1
472,382,1
471,382,1
470,382,1
469,382,1
468,383,1
467,383,1
466,383,1
465,383,1
464,384,1
463,384,1
462,384,1
461,384,1
460,385,1
459,385,1
458,385,1
457,385,1
456,386,1
455,386,1
454,386,1
453,386,1
452,387,1
451,387,1
450,387,1
449,387,1
448,387,1
447,388,1
446,388,1
445,388,1
444,388,1
444,389,1
443,389,1
442,389,1
441,389,1
440,390,1
439,390,1
438,390,1
437,390,1
436,391,1
435,391,1
434,391,1
433,391,1
432,391,1
431,392,1
430,392,1
429,392,1
428,393,1
427,393,1
426,393,1
425,393,1
424,394,1
423,394,1
422,394,1
421,394,1
420,395,1
419,395,1
418,395,1
417,396,1
416,396,1
415,396,1
414,397,1
413,397,1
412,397,1
411,397,1
410,398,1
409,398,1
408,398,1
407,398,1
407,399,1
406,399,1
405,399,1
404,399,1
403,400,1
402,400,1
401,400,1
400,400,1
399,401,1
398,401,1
397,401,1
396,402,1
395,402,1
394,402,1
394,403,1
393,403,1
392,403,1
391,403,1
390,404,1
389,404,1
388,404,1
387,405,1
386,405,1
385,405,1
384,406,1
383,406,1
382,406,1
381,407,1
380,407,1
379,407,1
378,408,1
377,409,1
376,409,1
375,409,1
374,410,1
373,410,1
372,410,1
371,411,1
370,411,1
369,412,1
368,412,1
367,412,1
366,413,1
365,413,1
364,414,1
363,415,1
362,415,1
361,415,1
360,416,1
359,416,1
358,417,1
357,417,1
356,418,1
355,419,1
354,419,1
353,420,1
352,421,1
351,421,1
351,422,1
350,422,1
349,423,1
348,423,1
347,424,1
347,425,1
346,425,1
345,426,1
344,426,1
344,427,1
343,428,1
342,429,1
341,430,1
341,431,1
340,431,1
340,432,1
339,433,1
338,434,1
338,435,1
338,436,1
337,436,1
337,437,1
337,438,1
336,438,1
336,439,1
336,440,1
336,441,1
336,442,1
336,443,1
336,444,1
336,445,1
337,446,1
337,447,1
338,447,1
338,448,1
339,449,1
340,449,1
340,450,1
341,450,1
342,450,1
343,450,1
344,450,1
345,450,1
345,449,1
346,449,1
347,448,1
348,447,1
349,446,1
349,445,1
350,444,1
350,443,1
350,442,1
350,441,1
350,440,1
349,440,1
349,439,1
349,438,1
348,438,1
348,437,1
347,436,1
346,435,1
345,434,1
344,434,1
343,433,1
342,433,1
341,432,1
340,432,1
339,432,1
338,431,1
337,431,1
336,431,1
336,430,1
335,430,1
334,430,1
333,429,1
332,429,1
331,429,1
330,429,1
329,429,1
328,429,1
327,429,1
326,429,1
325,430,1
324,430,1
323,430,1
322,431,1
321,431,1
320,432,1
319,432,1
319,433,1
318,433,1
415,455,0
509,474,1
509,475,1
508,475,1
507,476,1
506,477,1
505,478,1
504,479,1
503,480,1
503,481,1
502,481,1
502,482,1
501,483,1
501,484,1
500,485,1
500,486,1
500,487,1
500,488,1
500,489,1
500,490,1
500,491,1
500,492,1
500,493,1
499,494,1
499,495,1
499,496,1
499,497,1
499,498,1
499,499,1
499,500,1
499,501,1
500,501,1
500,502,1
500,503,1
500,504,1
500,505,1
501,506,1
501,507,1
502,508,1
502,509,1
503,510,1
503,511,1
504,512,1
505,513,1
505,514,1
506,514,1
506,515,1
507,516,1
508,516,1
508,517,1
509,518,1
510,518,1
510,519,1
511,519,1
512,520,1
513,521,1
514,522,1
515,523,1
516,523,1
517,524,1
518,524,1
519,525,1
520,525,1
521,526,1
522,526,1
523,527,1
524,527,1
525,528,1
526,528,1
527,528,1
528,529,1
529,529,1
530,529,1
531,529,1
532,530,1
533,530,1
534,530,1
535,530,1
536,531,1
537,531,1
538,531,1
539,531,1
540,531,1
541,531,1
542,532,1
543,532,1
544,532,1
545,532,1
546,532,1
547,532,1
548,532,1
549,532,1
550,532,1
551,532,1
552,532,1
553,532,1
554,532,1
555,532,1
556,533,1
557,533,1
558,533,1
559,533,1
560,533,1
561,533,1
562,533,1
563,533,1
564,533,1
565,533,1
566,532,1
567,532,1
568,532,1
569,532,1
570,532,1
571,532,1
572,532,1
573,532,1
574,532,1
575,532,1
576,532,1
577,532,1
578,532,1
579,532,1
580,532,1
581,532,1
582,532,1
583,531,1
584,531,1
585,531,1
586,531,1
587,531,1
588,531,1
589,531,1
590,531,1
591,531,1
592,530,1
593,530,1
594,530,1
595,530,1
596,530,1
597,530,1
598,530,1
599,529,1
600,529,1
601,529,1
602,529,1
603,529,1
604,529,1
605,529,1
606,528,1
607,528,1
608,528,1
609,528,1
610,528,1
611,528,1
612,528,1
613,527,1
614,527,1
615,527,1
616,527,1
617,527,1
618,526,1
619,526,1
620,526,1
621,526,1
622,526,1
623,526,1
624,525,1
625,525,1
626,525,1
627,525,1
628,524,1
629,524,1
630,524,1
631,524,1
632,524,1
633,523,1
634,523,1
635,523,1
636,523,1
637,523,1
638,522,1
639,522,1
640,522,1
641,522,1
642,522,1
643,521,1
644,521,1
645,521,1
646,521,1
646,520,1
647,520,1
648,520,1
649,519,1
650,519,1
651,519,1
652,519,1
653,518,1
683,430,0
719,329,1
719,330,1
719,331,1
720,332,1
720,333,1
721,334,1
721,335,1
721,336,1
722,337,1
722,338,1
723,339,1
723,340,1
724,340,1
724,341,1
725,342,1
725,343,1
726,343,1
727,344,1
727,345,1
728,345,1
729,346,1
730,347,1
731,347,1
731,348,1
732,349,1
733,349,1
733,350,1
734,350,1
735,351,1
736,352,1
737,352,1
738,353,1
739,354,1
740,354,1
741,355,1
742,355,1
743,355,1
743,356,1
744,356,1
745,356,1
746,357,1
747,357,1
748,357,1
749,357,1
750,357,1
751,358,1
752,358,1
753,358,1
754,358,1
755,358,1
756,358,1
757,358,1
758,358,1
759,358,1
760,358,1
761,358,1
762,358,1
763,358,1
764,358,1
765,357,1
766,357,1
767,357,1
768,357,1
769,356,1
770,356,1
771,356,1
772,355,1
773,355,1
774,355,1
775,354,1
776,354,1
777,353,1
778,353,1
779,352,1
780,352,1
781,351,1
782,350,1
783,350,1
784,349,1
784,348,1
785,348,1
786,347,1
787,346,1
788,345,1
789,344,1
790,343,1
790,342,1
791,342,1
792,341,1
792,340,1
793,340,1
793,339,1
794,338,1
794,337,1
795,337,1
795,336,1
796,335,1
796,334,1
797,334,1
797,333,1
798,332,1
798,331,1
799,330,1
800,329,1
800,328,1
801,328,1
801,327,1
802,326,1
802,325,1
803,325,1
803,324,1
804,324,1
804,323,1
805,323,1
805,322,1
806,322,1
807,322,1
808,322,1
808,323,1
808,324,1
809,324,1
809,325,1
809,326,1
809,327,1
810,328,1
810,329,1
810,330,1
810,331,1
810,332,1
810,333,1
810,334,1
810,335,1
810,336,1
810,337,1
810,338,1
810,339,1
810,340,1
810,341,1
810,342,1
810,343,1
810,344,1
810,345,1
810,346,1
810,347,1
810,348,1
810,349,1
810,350,1
810,351,1
810,352,1
810,353,1
810,354,1
811,355,1
811,356,1
811,357,1
811,358,1
811,359,1
811,360,1
811,361,1
811,362,1
811,363,1
811,364,1
811,365,1
811,366,1
811,367,1
811,368,1
811,369,1
811,370,1
811,371,1
811,372,1
811,373,1
811,374,1
811,375,1
812,376,1
812,377,1
812,378,1
812,379,1
812,380,1
812,381,1
812,382,1
812,383,1
812,384,1
812,385,1
812,386,1
813,387,1
813,388,1
813,389,1
813,390,1
813,391,1
813,392,1
813,393,1
813,394,1
813,395,1
813,396,1
813,397,1
813,398,1
813,399,1
813,400,1
814,401,1
814,402,1
814,403,1
814,404,1
814,405,1
814,406,1
815,407,1
815,408,1
815,409,1
815,410,1
816,411,1
779,292,0
735,178,1
736,179,1
737,180,1
738,180,1
739,181,1
740,182,1
741,183,1
742,184,1
743,184,1
744,185,1
745,185,1
746,186,1
747,187,1
748,187,1
748,188,1
749,189,1
750,190,1
751,190,1
752,191,1
753,192,1
754,193,1
755,194,1
756,194,1
756,195,1
757,196,1
758,197,1
759,197,1
760,198,1
761,199,1
762,200,1
763,201,1
764,202,1
765,203,1
766,204,1
767,204,1
768,205,1
769,206,1
769,207,1
770,208,1
771,208,1
772,209,1
773,210,1
773,211,1
774,211,1
775,212,1
776,213,1
777,214,1
778,215,1
778,216,1
779,216,1
780,217,1
781,218,1
782,219,1
782,220,1
783,220,1
784,221,1
785,222,1
785,223,1
786,223,1
787,224,1
788,225,1
788,226,1
789,227,1
790,227,1
790,228,1
791,229,1
792,229,1
793,230,1
793,231,1
794,232,1
795,232,1
795,233,1
796,234,1
797,235,1
798,236,1
799,237,1
800,238,1
801,239,1
802,240,1
803,241,1
804,242,1
804,243,1
805,243,1
806,244,1
806,245,1
807,246,1
808,246,1
808,247,1
809,248,1
810,248,1
810,249,1
811,250,1
812,251,1
813,252,1
813,253,1
814,253,1
815,254,1
815,255,1
816,255,1
817,256,1
817,257,1
818,257,1
818,258,1
819,259,1
899,287,0
997,319,1
996,319,1
996,320,1
995,320,1
994,321,1
993,321,1
992,321,1
991,321,1
990,322,1
989,322,1
988,322,1
987,322,1
986,323,1
985,323,1
984,324,1
983,324,1
982,324,1
981,325,1
980,325,1
979,326,1
978,326,1
977,327,1
976,327,1
975,328,1
974,328,1
973,329,1
972,330,1
971,330,1
970,331,1
969,331,1
968,332,1
967,332,1
966,333,1
965,334,1
964,334,1
963,335,1
962,335,1
961,336,1
961,337,1
960,337,1
959,338,1
958,339,1
957,340,1
956,341,1
955,341,1
955,342,1
954,343,1
953,343,1
953,344,1
952,345,1
951,346,1
950,347,1
950,348,1
949,349,1
948,350,1
948,351,1
947,352,1
947,353,1
946,354,1
946,355,1
945,356,1
945,357,1
945,358,1
944,359,1
944,360,1
944,361,1
944,362,1
943,363,1
943,364,1
943,365,1
943,366,1
943,367,1
943,368,1
944,369,1
944,370,1
944,371,1
944,372,1
944,373,1
945,374,1
945,375,1
946,376,1
946,377,1
947,377,1
947,378,1
948,378,1
948,379,1
949,379,1
949,380,1
950,380,1
951,380,1
952,379,1
952,378,1
952,377,1
951,377,1
952,377,1
952,376,1
952,375,1
952,374,1
951,373,1
951,372,1
950,372,1
950,371,1
949,370,1
948,369,1
947,368,1
946,368,1
946,367,1
945,367,1
944,366,1
943,366,1
943,365,1
942,365,1
941,364,1
1038,354,0
1127,326,1
1127,327,1
1127,328,1
1127,329,1
1127,330,1
1127,331,1
1127,332,1
1127,333,1
1127,334,1
1128,335,1
1128,336,1
1128,337,1
1128,338,1
1128,339,1
1128,340,1
1128,341,1
1128,342,1
1128,343,1
1128,344,1
1128,345,1
1129,346,1
1129,347,1
1129,348,1
1129,349,1
1129,350,1
1129,351,1
1129,352,1
1129,353,1
1130,354,1
1130,355,1
1130,356,1
1130,357,1
1130,358,1
1130,359,1
1130,360,1
1130,361,1
1131,362,1
1131,363,1
1131,364,1
1131,365,1
1131,366,1
1131,367,1
1131,368,1
1131,369,1
1131,370,1
1131,371,1
1131,372,1
1131,373,1
1131,374,1
1131,375,1
1131,376,1
1131,377,1
1131,378,1
1130,378,1
1130,379,1
1130,380,1
1130,381,1
1130,382,1
1129,383,1
1129,384,1
1129,385,1
1128,386,1
1128,387,1
1127,388,1
1127,389,1
1127,390,1
1126,390,1
1126,391,1
1125,392,1
1124,393,1
1124,394,1
1123,394,1
1123,395,1
1122,396,1
1121,397,1
1121,398,1
1120,399,1
1119,400,1
1119,401,1
1118,401,1
1118,402,1
1117,403,1
1116,404,1
1116,405,1
1115,406,1
1114,407,1
1114,408,1
1114,409,1
1113,409,1
1113,410,1
1112,411,1
1112,412,1
1111,413,1
1111,414,1
1111,415,1
1111,416,1
1110,416,1
1110,417,1
1110,418,1
1110,419,1
1110,420,1
1110,421,1
1110,422,1
1110,423,1
1110,424,1
1110,425,1
1110,426,1
1111,427,1
1111,428,1
1111,429,1
1112,430,1
1112,431,1
1112,432,1
1113,432,1
1113,433,1
1113,434,1
1114,434,1
1114,435,1
1115,436,1
1116,437,1
1116,438,1
1117,438,1
1118,439,1
1119,439,1
1119,440,1
1120,441,1
1121,441,1
1121,442,1
1122,442,1
1122,443,1
1123,443,1
1122,443,1
1121,443,1
1120,443,1
1119,443,1
1118,443,1
1118,442,1
1117,442,1
1116,442,1
1115,442,1
1114,442,1
1113,442,1
1112,442,1
1111,442,1
1110,442,1
1109,442,1
1108,442,1
1107,442,1
1106,442,1
1105,442,1
1104,443,1
1103,443,1
1102,443,1
1101,443,1
1100,443,1
1099,443,1
1098,444,1
1097,444,1
1096,444,1
1095,445,1
1094,445,1
1093,445,1
1092,445,1
1091,446,1
1090,446,1
1089,446,1
1088,447,1
1087,447,1
1086,447,1
1085,447,1
1085,448,1
1084,448,1
1083,449,1
1082,449,1
1081,449,1
1080,450,1
1079,450,1
1078,451,1
1077,451,1
1076,451,1
1075,452,1
1074,452,1
1074,453,1
1073,453,1
1072,454,1
1071,454,1
1070,455,1
1069,455,1
1068,455,1
1067,456,1
1066,456,1
1065,457,1
1064,457,1
1063,458,1
1063,459,1
1062,459,1
1061,460,1
1060,460,1
1059,461,1
1058,461,1
1057,462,1
1056,462,1
1055,463,1
1054,464,1
1053,464,1
1052,465,1
1051,466,1
1050,466,1
1049,467,1
1048,467,1
1047,468,1
1046,469,1
1045,470,1
1044,470,1
1043,471,1
1042,472,1
1041,472,1
1041,473,1
1040,474,1
1039,474,1
1038,475,1
1037,475,1
1036,476,1
1036,477,1
1035,477,1
1034,478,1
1033,479,1
1032,479,1
1032,480,1
1031,481,1
1030,481,1
1029,482,1
1028,483,1
1027,484,1
1026,485,1
1025,485,1
1025,486,1
1024,487,1
1023,487,1
1022,488,1
1022,489,1
1021,490,1
1020,490,1
1019,491,1
1019,492,1
1018,493,1
1017,493,1
1016,494,1
1016,495,1
1015,496,1
1014,496,1
1013,497,1
1013,498,1
1012,499,1
1011,499,1
1010,500,1
1010,501,1
1009,501,1
1008,502,1
1008,503,1
1007,504,1
1006,505,1
1005,505,1
1005,506,1
1004,507,1
1003,508,1
1002,509,1
1001,510,1
1001,511,1
1000,511,1
999,512,1
998,513,1
998,514,1
997,515,1
996,515,1
996,516,1
995,517,1
994,518,1
993,519,1
992,520,1
991,521,1
991,522,1
990,523,1
989,523,1
989,524,1
988,525,1
987,526,1
987,527,1
986,527,1
985,528,1
985,529,1
984,530,1
983,531,1
983,532,1
982,532,1
981,533,1
980,534,1
980,535,1
979,536,1
978,536,1
978,537,1
977,538,1
754,392,0
512,255,1
513,255,1
514,255,1
515,255,1
516,255,1
517,255,1
518,255,1
519,255,1
520,255,1
521,255,1
522,255,1
523,255,1
524,255,1
525,255,1
526,255,1
527,255,1
528,255,1
529,255,1
530,255,1
531,255,1
532,255,1
533,255,1
534,255,1
535,255,1
536,255,1
537,255,1
538,255,1
539,255,1
540,255,1
541,255,1
542,255,1
543,255,1
544,255,1
545,255,1
546,255,1
547,255,1
548,255,1
549,255,1
550,255,1
551,255,1
552,255,1
553,255,1
554,255,1
555,255,1
556,255,1
557,255,1
558,255,1
559,255,1
560,255,1
561,255,1
562,255,1
563,255,1
564,255,1
565,255,1
566,255,1
567,255,1
568,255,1
569,255,1
570,255,1
571,255,1
572,255,1
573,255,1
574,255,1
575,255,1
576,255,1
577,255,1
578,255,1
579,254,1
580,254,1
581,254,1
582,254,1
583,254,1
584,254,1
585,254,1
586,254,1
587,254,1
588,254,1
589,254,1
590,254,1
591,254,1
592,254,1
593,254,1
594,254,1
595,254,1
596,254,1
597,254,1
598,254,1
599,254,1
600,254,1
601,254,1
602,254,1
603,254,1
604,254,1
605,254,1
606,254,1
607,254,1
608,254,1
609,254,1
610,254,1
611,254,1
612,254,1
613,254,1
614,254,1
615,254,1
616,254,1
617,254,1
618,254,1
619,253,1
620,253,1
621,253,1
622,253,1
623,253,1
624,253,1
625,253,1
626,253,1
627,253,1
628,253,1
629,253,1
630,253,1
631,253,1
632,253,1
633,253,1
634,253,1
635,253,1
636,253,1
637,253,1
638,253,1
639,253,1
640,253,1
641,253,1
642,253,1
643,253,1
644,252,1
645,252,1
646,252,1
647,252,1
648,252,1
649,252,1
650,252,1
651,252,1
652,252,1
653,252,1
654,252,1
655,252,1
656,252,1
657,252,1
658,252,1
659,252,1
660,252,1
661,252,1
662,252,1
663,252,1
664,252,1
665,252,1
666,251,1
667,251,1
668,251,1
669,251,1
670,251,1
671,251,1
672,251,1
673,251,1
674,251,1
675,251,1
676,251,1
677,251,1
678,251,1
679,251,1
680,251,1
681,251,1
682,251,1
683,251,1
684,251,1
685,251,1
686,251,1
687,251,1
688,251,1
689,251,1
690,251,1
691,251,1
692,251,1
693,251,1
694,251,1
695,251,1
696,250,1
697,250,1
698,250,1
699,250,1
700,250,1
701,250,1
702,250,1
703,250,1
704,250,1
705,250,1
706,250,1
707,250,1
708,250,1
709,250,1
710,250,1
711,250,1
712,250,1
713,250,1
714,250,1
715,250,1
716,250,1
717,250,1
718,250,1
719,250,1
720,250,1
721,250,1
722,250,1
723,250,1
724,250,1
725,250,1
726,250,1
727,250,1
728,250,1
729,250,1
730,250,1
731,250,1
732,250,1
733,250,1
734,250,1
735,250,1
736,250,1
737,250,1
738,250,1
739,250,1
740,250,1
741,250,1
742,250,1
743,250,1
744,250,1
745,250,1
746,250,1
747,250,1
748,250,1
749,250,1
750,250,1
751,250,1
752,250,1
753,250,1
754,250,1
755,250,1
756,250,1
757,250,1
758,250,1
759,250,1
760,250,1
761,250,1
762,250,1
763,250,1
764,250,1
765,250,1
766,250,1
767,250,1
768,250,1
769,249,1
770,249,1
771,249,1
772,249,1
773,249,1
774,249,1
775,249,1
776,249,1
777,249,1
778,249,1
779,249,1
780,249,1
781,249,1
782,249,1
783,249,1
784,249,1
785,249,1
786,249,1
787,249,1
788,249,1
789,249,1
790,249,1
791,249,1
792,249,1
793,249,1
794,249,1
795,248,1
796,248,1
797,248,1
798,248,1
799,248,1
800,248,1
801,248,1
802,248,1
803,248,1
804,248,1
805,248,1
806,248,1
807,248,1
808,248,1
809,248,1
810,248,1
811,248,1
812,248,1
813,248,1
814,248,1
815,248,1
816,247,1
817,247,1
818,247,1
819,247,1
820,247,1
821,247,1
822,247,1
823,247,1
824,247,1
825,247,1
826,247,1
827,247,1
828,247,1
829,247,1
830,247,1
831,247,1
832,247,1
833,247,1
834,247,1
835,246,1
836,246,1
837,246,1
838,246,1
839,246,1
840,246,1
841,246,1
842,246,1
843,246,1
844,246,1
845,246,1
846,246,1
847,246,1
848,246,1
849,246,1
850,246,1
851,246,1
852,246,1
853,246,1
854,246,1
855,246,1
856,246,1
857,246,1
858,245,1
859,245,1
860,245,1
861,245,1
862,245,1
863,245,1
864,245,1
865,245,1
866,245,1
867,245,1
868,245,1
869,245,1
870,245,1
871,245,1
872,245,1
873,245,1
874,245,1
875,245,1
876,245,1
877,245,1
878,245,1
879,244,1
880,244,1
881,244,1
882,244,1
883,244,1
884,244,1
885,244,1
886,244,1
887,244,1
888,244,1
889,244,1
890,244,1
891,244,1
892,244,1
893,244,1
894,243,1
895,243,1
896,243,1
897,243,1
898,243,1
899,243,1
900,243,1
901,243,1
902,243,1
903,243,1
904,243,1
905,243,1
906,243,1
907,243,1
908,243,1
909,243,1
910,242,1
911,242,1
912,242,1
913,242,1
914,242,1
915,242,1
916,242,1
917,242,1
918,242,1
919,242,1
920,242,1
921,242,1
922,242,1
923,242,1
924,242,1
925,242,1
926,242,1
927,242,1
928,241,1
929,241,1
930,241,1
931,241,1
932,241,1
933,241,1
934,241,1
935,241,1
936,241,1
937,241,1
938,241,1
939,241,1
940,241,1
941,241,1
942,241,1
943,241,1
944,241,1
945,241,1
946,241,1
947,241,1
948,241,1
949,241,1
950,241,1
951,241,1
952,241,1
953,240,1
954,240,1
955,240,1
956,240,1
957,240,1
958,240,1
959,240,1
960,240,1
961,240,1
962,240,1
963,240,1
964,240,1
965,240,1
966,240,1
967,240,1
968,240,1
969,239,1
970,239,1
971,239,1
972,239,1
973,239,1
974,239,1
975,239,1
976,239,1
977,239,1
978,239,1
979,239,1
980,239,1
981,239,1
982,239,1
983,239,1
984,239,1
985,239,1
986,239,1
987,238,1
988,238,1
989,238,1
990,238,1
991,238,1
992,238,1
993,238,1
994,238,1
995,238,1
996,238,1
997,238,1
998,238,1
999,238,1
1000,238,1
1001,238,1
1002,238,1
1003,238,1
1004,238,1
1005,238,1
1006,238,1
1007,238,1
1008,238,1
1009,237,1
1010,237,1
1011,237,1
1012,237,1
1013,237,1
1014,237,1
1015,237,1
1016,237,1
1017,237,1
1018,237,1
1019,237,1
1020,237,1
1021,237,1
1022,237,1
1023,237,1
1024,237,1
1025,237,1
1026,237,1
1027,237,1
1028,237,1
1029,237,1
1030,237,1
1031,237,1
1032,237,1
1033,237,1
1034,237,1
1035,237,1
1036,237,1
1037,237,1
1038,237,1
1039,237,1
1040,237,1
1041,237,1
1042,237,1
1043,237,1
1044,236,1
1045,236,1
1046,236,1
1047,236,1
1048,236,1
1049,236,1
1050,236,1
1051,236,1
1052,236,1
1053,236,1
1054,236,1
1055,236,1
1056,236,1
1057,236,1
1058,236,1
1059,236,1
1060,236,1
1061,236,1
1062,236,1
1063,236,1
1064,236,1
1065,236,1
1066,236,1
1067,236,1
1068,236,1
1069,236,1
1070,236,1
1071,236,1
1072,236,1
1073,236,1
1074,236,1
1075,236,1
1076,236,1
1077,235,1
1078,235,1
1079,235,1
1080,235,1
1081,235,1
1082,235,1
1083,235,1
1084,235,1
1085,235,1
1086,235,1
1087,235,1
1088,235,1
1089,235,1
1090,235,1
1091,235,1
1092,235,1
1093,235,1
1094,235,1
1095,235,1
1096,235,1
1097,235,1
1098,235,1
1099,234,1
1100,234,1
1101,234,1
1102,234,1
1103,234,1
1104,234,1
1105,234,1
1106,234,1
1107,234,1
1108,234,1
1109,234,1
1110,234,1
1111,234,1
1112,234,1
1113,234,1
1114,234,1
1115,234,1
1116,234,1
1117,234,1
1118,234,1
1119,234,1
1120,233,1
1121,233,1
1122,233,1
1123,233,1
1124,233,1
1125,233,1
1126,233,1
1127,233,1
1128,233,1
1129,233,1
1130,233,1
1131,233,1
1132,233,1
1133,233,1
1134,233,1
1135,233,1
1136,233,1
1137,233,1
1138,233,1
1139,233,1
1140,233,1
1141,233,1
1142,233,1
1143,233,1
1144,233,1
1145,233,1
1146,232,1
1146,233,1
1146,233,0
