535,372,1
535,373,1
535,374,1
535,375,1
535,376,1
535,377,1
535,378,1
535,379,1
535,380,1
535,381,1
535,382,1
535,383,1
535,384,1
535,385,1
535,386,1
535,387,1
535,388,1
535,389,1
535,390,1
535,391,1
535,392,1
535,393,1
535,394,1
535,395,1
535,396,1
535,397,1
535,398,1
535,399,1
535,400,1
535,401,1
535,402,1
535,403,1
535,404,1
535,405,1
535,406,1
535,407,1
535,408,1
535,409,1
535,410,1
535,411,1
534,412,1
534,413,1
534,414,1
534,415,1
534,416,1
534,417,1
534,418,1
534,419,1
534,420,1
534,421,1
534,422,1
534,423,1
534,424,1
534,425,1
534,426,1
534,427,1
534,428,1
534,429,1
534,430,1
534,431,1
534,432,1
534,433,1
534,434,1
534,435,1
534,436,1
534,437,1
534,438,1
534,439,1
534,440,1
534,441,1
534,442,1
534,443,1
534,444,1
534,445,1
534,446,1
534,447,1
534,448,1
534,449,1
534,450,1
534,451,1
534,452,1
534,453,1
534,454,1
534,455,1
534,456,1
534,457,1
534,458,1
534,459,1
534,460,1
534,461,1
534,462,1
534,463,1
534,464,1
534,465,1
534,466,1
534,467,1
534,468,1
534,469,1
534,470,1
534,471,1
534,472,1
534,473,1
534,474,1
534,475,1
534,476,1
534,477,1
534,478,1
534,479,1
534,480,1
534,481,1
534,482,1
534,483,1
534,484,1
534,485,1
534,486,1
534,487,1
534,488,1
534,489,1
534,490,1
534,491,1
534,492,1
534,493,1
534,494,1
534,495,1
535,496,1
535,497,1
535,498,1
535,499,1
535,500,1
535,501,1
535,502,1
535,503,1
535,504,1
535,505,1
535,506,1
535,507,1
535,508,1
535,509,1
535,510,1
535,511,1
535,512,1
535,513,1
536,514,1
536,515,1
536,516,1
536,517,1
536,518,1
536,519,1
536,520,1
536,521,1
536,522,1
536,523,1
536,524,1
536,525,1
537,526,1
537,527,1
537,528,1
537,529,1
537,530,1
537,531,1
537,532,1
537,533,1
538,534,1
538,535,1
538,536,1
538,537,1
538,538,1
538,539,1
538,540,1
538,541,1
539,542,1
539,543,1
539,544,1
539,545,1
539,546,1
539,547,1
539,548,1
540,549,1
540,550,1
540,551,1
540,552,1
540,553,1
540,554,1
540,555,1
540,556,1
541,557,1
541,558,1
541,559,1
541,560,1
541,561,1
542,562,1
542,563,1
542,564,1
542,565,1
542,566,1
542,567,1
542,568,1
542,569,1
543,570,1
543,571,1
543,572,1
543,573,1
542,572,1
542,571,1
497,482,0
466,402,1
465,402,1
464,402,1
463,402,1
462,402,1
461,402,1
460,402,1
459,402,1
458,402,1
457,402,1
456,402,1
455,402,1
454,402,1
453,402,1
452,402,1
451,402,1
450,402,1
449,402,1
448,402,1
447,402,1
446,402,1
445,403,1
444,403,1
443,403,1
442,403,1
441,403,1
440,403,1
439,403,1
438,403,1
437,403,1
436,403,1
435,403,1
434,403,1
433,404,1
432,404,1
431,404,1
430,404,1
429,404,1
428,404,1
427,404,1
426,404,1
425,404,1
424,404,1
423,404,1
422,405,1
421,405,1
420,405,1
419,405,1
418,405,1
417,405,1
416,405,1
415,405,1
414,405,1
413,406,1
412,406,1
411,406,1
410,406,1
409,406,1
408,406,1
407,406,1
406,406,1
405,406,1
404,407,1
403,407,1
402,407,1
401,407,1
400,407,1
399,407,1
398,407,1
397,408,1
396,408,1
395,408,1
394,408,1
393,408,1
392,408,1
391,408,1
390,409,1
389,409,1
388,409,1
387,409,1
386,409,1
385,409,1
384,409,1
383,410,1
382,410,1
381,410,1
380,410,1
379,410,1
378,410,1
377,411,1
376,411,1
375,411,1
374,411,1
373,411,1
372,412,1
371,412,1
370,412,1
369,412,1
368,412,1
367,413,1
366,413,1
365,413,1
364,413,1
363,413,1
362,414,1
361,414,1
360,414,1
359,414,1
358,415,1
357,415,1
356,415,1
355,415,1
354,416,1
353,416,1
352,416,1
351,416,1
350,417,1
349,417,1
348,417,1
347,418,1
346,418,1
345,418,1
344,418,1
343,419,1
342,419,1
341,419,1
340,420,1
339,420,1
338,420,1
337,421,1
336,421,1
335,422,1
334,422,1
333,422,1
332,423,1
331,423,1
330,424,1
329,424,1
328,424,1
327,425,1
326,425,1
325,426,1
324,426,1
323,426,1
322,427,1
321,427,1
320,428,1
319,429,1
318,429,1
317,430,1
316,430,1
315,431,1
314,431,1
313,432,1
312,433,1
311,433,1
310,434,1
309,434,1
308,435,1
308,436,1
307,436,1
306,437,1
305,437,1
304,438,1
303,439,1
302,440,1
301,440,1
301,441,1
300,441,1
299,442,1
299,443,1
298,443,1
297,444,1
297,445,1
296,445,1
296,446,1
295,447,1
294,448,1
293,449,1
293,450,1
292,451,1
292,452,1
291,453,1
291,454,1
290,454,1
290,455,1
290,456,1
290,457,1
289,458,1
289,459,1
289,460,1
289,461,1
288,462,1
288,463,1
288,464,1
288,465,1
288,466,1
289,467,1
289,468,1
289,469,1
289,470,1
289,471,1
290,472,1
290,473,1
291,474,1
291,475,1
292,476,1
292,477,1
293,477,1
293,478,1
294,478,1
294,479,1
295,480,1
296,481,1
297,482,1
298,482,1
298,483,1
299,483,1
300,484,1
301,485,1
302,485,1
303,485,1
303,486,1
304,486,1
305,486,1
306,487,1
307,487,1
308,487,1
309,487,1
310,488,1
311,488,1
312,488,1
313,488,1
314,488,1
315,487,1
316,487,1
317,487,1
318,487,1
319,487,1
319,486,1
320,486,1
321,486,1
321,485,1
322,485,1
322,484,1
323,484,1
323,483,1
324,483,1
324,482,1
324,481,1
324,480,1
324,479,1
324,478,1
324,477,1
323,476,1
323,475,1
322,475,1
322,474,1
321,473,1
320,472,1
319,472,1
319,471,1
318,471,1
317,470,1
316,469,1
315,469,1
314,468,1
313,468,1
312,468,1
312,467,1
311,467,1
310,467,1
309,467,1
308,467,1
307,466,1
306,466,1
305,466,1
304,466,1
303,465,1
302,465,1
301,465,1
300,464,1
299,464,1
298,464,1
297,464,1
296,464,1
295,464,1
294,464,1
293,464,1
292,464,1
291,464,1
290,464,1
289,464,1
288,465,1
287,465,1
286,465,1
286,466,1
285,466,1
284,466,1
283,467,1
282,468,1
281,468,1
281,469,1
280,470,1
280,471,1
385,507,0
491,545,1
490,545,1
489,545,1
488,546,1
487,546,1
486,546,1
485,547,1
484,547,1
483,548,1
482,548,1
481,548,1
481,549,1
480,549,1
479,550,1
478,550,1
477,551,1
476,552,1
475,552,1
474,553,1
474,554,1
473,554,1
472,555,1
472,556,1
471,556,1
471,557,1
470,558,1
470,559,1
469,560,1
469,561,1
468,561,1
468,562,1
467,563,1
466,564,1
466,565,1
465,565,1
465,566,1
465,567,1
464,567,1
464,568,1
464,569,1
463,570,1
463,571,1
463,572,1
462,572,1
462,573,1
462,574,1
462,575,1
462,576,1
461,577,1
461,578,1
461,579,1
461,580,1
461,581,1
461,582,1
461,583,1
461,584,1
462,585,1
462,586,1
462,587,1
463,588,1
463,589,1
463,590,1
464,591,1
464,592,1
465,593,1
465,594,1
466,594,1
466,595,1
467,596,1
467,597,1
468,597,1
468,598,1
469,598,1
469,599,1
470,600,1
471,601,1
472,601,1
472,602,1
473,602,1
473,603,1
474,603,1
475,604,1
476,604,1
477,605,1
478,605,1
478,606,1
479,606,1
480,607,1
481,607,1
482,608,1
483,608,1
484,608,1
485,609,1
486,609,1
487,609,1
488,610,1
489,610,1
490,610,1
491,611,1
492,611,1
493,611,1
494,611,1
495,612,1
496,612,1
497,612,1
498,612,1
499,612,1
500,612,1
501,613,1
502,613,1
503,613,1
504,613,1
505,613,1
506,613,1
507,613,1
508,613,1
509,613,1
510,614,1
511,614,1
512,614,1
513,614,1
514,614,1
515,614,1
516,614,1
517,614,1
518,614,1
519,614,1
520,614,1
521,614,1
522,614,1
523,614,1
524,614,1
525,614,1
526,614,1
527,614,1
528,614,1
529,614,1
530,614,1
531,614,1
532,614,1
533,614,1
534,614,1
535,614,1
536,614,1
537,614,1
538,613,1
539,613,1
540,613,1
541,613,1
542,613,1
543,613,1
544,613,1
545,613,1
546,613,1
547,613,1
548,613,1
549,613,1
550,613,1
551,612,1
552,612,1
553,612,1
554,612,1
555,612,1
556,612,1
557,612,1
558,612,1
559,612,1
560,612,1
561,611,1
562,611,1
563,611,1
564,611,1
565,611,1
566,611,1
567,611,1
568,611,1
569,611,1
570,610,1
571,610,1
572,610,1
573,610,1
574,610,1
575,610,1
576,610,1
577,609,1
578,609,1
579,609,1
580,609,1
581,609,1
582,609,1
583,609,1
584,609,1
585,608,1
586,608,1
587,608,1
588,608,1
589,608,1
590,608,1
591,607,1
592,607,1
593,607,1
594,607,1
595,607,1
596,607,1
597,606,1
598,606,1
599,606,1
600,606,1
601,606,1
602,606,1
603,605,1
604,605,1
605,605,1
606,605,1
607,605,1
608,605,1
609,604,1
610,604,1
611,604,1
612,604,1
613,604,1
613,603,1
614,603,1
615,603,1
616,603,1
617,603,1
618,603,1
619,602,1
620,602,1
621,602,1
622,602,1
623,602,1
624,601,1
625,601,1
626,601,1
627,601,1
628,601,1
629,600,1
630,600,1
631,600,1
632,600,1
633,599,1
634,599,1
635,599,1
636,599,1
637,598,1
638,598,1
639,598,1
640,598,1
641,598,1
642,597,1
643,597,1
644,597,1
645,597,1
646,596,1
647,596,1
648,596,1
649,596,1
650,596,1
651,595,1
652,595,1
653,595,1
654,595,1
655,594,1
656,594,1
657,594,1
658,594,1
659,593,1
660,593,1
661,593,1
662,593,1
663,592,1
664,592,1
665,592,1
666,591,1
667,591,1
668,591,1
669,591,1
670,590,1
726,471,0
783,338,1
784,339,1
785,340,1
785,341,1
786,342,1
787,342,1
788,343,1
789,344,1
790,344,1
790,345,1
791,345,1
792,346,1
793,346,1
794,347,1
795,347,1
796,348,1
797,348,1
798,349,1
799,349,1
800,349,1
801,350,1
802,350,1
803,350,1
804,350,1
805,350,1
806,351,1
807,351,1
808,351,1
809,351,1
810,351,1
811,351,1
812,351,1
813,351,1
814,351,1
815,352,1
816,352,1
817,352,1
818,352,1
819,352,1
820,352,1
821,352,1
822,352,1
823,352,1
824,352,1
825,352,1
826,352,1
827,351,1
828,351,1
829,351,1
830,351,1
831,351,1
832,351,1
833,350,1
834,350,1
835,350,1
836,350,1
837,349,1
838,349,1
839,349,1
840,348,1
841,348,1
842,348,1
843,347,1
844,347,1
844,346,1
845,346,1
846,346,1
847,345,1
848,345,1
849,344,1
850,344,1
851,343,1
852,342,1
853,341,1
854,341,1
855,340,1
856,339,1
857,339,1
858,338,1
859,337,1
860,336,1
861,335,1
862,334,1
863,333,1
864,332,1
865,331,1
866,330,1
867,329,1
868,328,1
868,327,1
869,326,1
870,325,1
871,324,1
871,323,1
872,323,1
872,322,1
873,321,1
873,320,1
873,319,1
874,319,1
874,318,1
875,317,1
875,316,1
875,315,1
876,315,1
876,314,1
876,313,1
877,313,1
877,312,1
877,311,1
877,310,1
878,310,1
878,309,1
878,308,1
878,307,1
877,307,1
877,308,1
877,309,1
877,310,1
876,310,1
876,311,1
876,312,1
876,313,1
875,313,1
875,314,1
875,315,1
874,316,1
874,317,1
874,318,1
874,319,1
873,320,1
873,321,1
873,322,1
873,323,1
873,324,1
872,325,1
872,326,1
872,327,1
872,328,1
872,329,1
872,330,1
871,331,1
871,332,1
871,333,1
871,334,1
871,335,1
871,336,1
871,337,1
870,338,1
870,339,1
870,340,1
870,341,1
870,342,1
870,343,1
870,344,1
870,345,1
870,346,1
870,347,1
870,348,1
869,349,1
869,350,1
869,351,1
869,352,1
869,353,1
869,354,1
869,355,1
869,356,1
869,357,1
869,358,1
869,359,1
869,360,1
869,361,1
869,362,1
869,363,1
869,364,1
868,365,1
868,366,1
868,367,1
868,368,1
868,369,1
868,370,1
868,371,1
868,372,1
868,373,1
868,374,1
868,375,1
868,376,1
868,377,1
868,378,1
868,379,1
868,380,1
868,381,1
868,382,1
868,383,1
868,384,1
868,385,1
868,386,1
868,387,1
868,388,1
868,389,1
868,390,1
868,391,1
868,392,1
868,393,1
868,394,1
868,395,1
868,396,1
868,397,1
868,398,1
868,399,1
868,400,1
868,401,1
868,402,1
868,403,1
868,404,1
868,405,1
868,406,1
868,407,1
868,408,1
868,409,1
868,410,1
868,411,1
868,412,1
868,413,1
868,414,1
868,415,1
868,416,1
868,417,1
868,418,1
868,419,1
868,420,1
868,421,1
868,422,1
868,423,1
868,424,1
869,425,1
869,426,1
869,427,1
869,428,1
869,429,1
869,430,1
869,431,1
869,432,1
869,433,1
869,434,1
869,435,1
869,436,1
869,437,1
869,438,1
869,439,1
869,440,1
869,441,1
869,442,1
869,443,1
870,444,1
870,445,1
870,446,1
870,447,1
870,448,1
870,449,1
871,450,1
871,451,1
871,452,1
871,453,1
872,454,1
794,274,0
705,108,1
706,108,1
707,108,1
708,108,1
709,108,1
710,108,1
711,108,1
712,108,1
713,108,1
714,108,1
715,108,1
716,108,1
717,109,1
718,109,1
719,109,1
720,109,1
721,109,1
722,110,1
723,110,1
724,110,1
725,111,1
726,111,1
727,111,1
728,112,1
729,113,1
730,113,1
731,114,1
732,114,1
733,115,1
734,115,1
735,116,1
736,116,1
737,116,1
738,117,1
739,117,1
740,118,1
741,119,1
742,119,1
743,120,1
744,120,1
745,121,1
746,121,1
747,122,1
748,122,1
749,123,1
750,124,1
751,124,1
752,125,1
753,126,1
754,126,1
754,127,1
755,127,1
756,128,1
757,129,1
758,129,1
759,130,1
759,131,1
760,131,1
761,132,1
762,132,1
763,133,1
764,134,1
765,135,1
766,136,1
767,137,1
768,137,1
768,138,1
769,139,1
770,139,1
771,140,1
771,141,1
772,142,1
773,142,1
774,143,1
774,144,1
775,145,1
776,145,1
777,146,1
777,147,1
778,148,1
779,148,1
780,149,1
780,150,1
781,150,1
782,151,1
782,152,1
783,153,1
784,153,1
784,154,1
785,155,1
786,156,1
786,157,1
787,157,1
788,158,1
788,159,1
789,160,1
790,160,1
790,161,1
791,162,1
792,163,1
792,164,1
793,164,1
793,165,1
794,166,1
795,167,1
795,168,1
796,168,1
797,169,1
797,170,1
798,171,1
798,172,1
799,172,1
799,173,1
800,174,1
801,175,1
801,176,1
802,177,1
803,178,1
804,179,1
804,180,1
805,181,1
805,182,1
806,182,1
806,183,1
807,184,1
807,185,1
808,186,1
809,187,1
810,188,1
810,189,1
811,190,1
812,191,1
812,192,1
813,193,1
813,194,1
814,194,1
814,195,1
815,196,1
815,197,1
816,198,1
816,199,1
817,199,1
817,200,1
818,201,1
818,202,1
819,203,1
819,204,1
820,204,1
820,205,1
821,206,1
821,207,1
822,208,1
822,209,1
823,210,1
824,211,1
825,212,1
825,213,1
826,214,1
826,215,1
827,216,1
828,217,1
828,218,1
829,219,1
829,220,1
830,221,1
831,222,1
831,223,1
832,224,1
832,225,1
833,226,1
833,227,1
834,227,1
835,228,1
835,229,1
836,230,1
836,231,1
837,232,1
837,233,1
838,234,1
839,235,1
840,236,1
840,237,1
841,238,1
842,239,1
842,240,1
843,240,1
843,241,1
844,242,1
845,243,1
963,276,0
1103,318,1
1102,318,1
1101,318,1
1100,318,1
1099,318,1
1098,318,1
1097,318,1
1096,319,1
1095,319,1
1094,319,1
1093,319,1
1092,319,1
1091,320,1
1090,320,1
1089,320,1
1088,320,1
1087,320,1
1086,321,1
1085,321,1
1084,321,1
1083,321,1
1082,322,1
1081,322,1
1080,322,1
1079,323,1
1078,323,1
1077,324,1
1076,324,1
1075,324,1
1074,325,1
1073,325,1
1072,325,1
1071,326,1
1070,326,1
1069,326,1
1068,327,1
1067,328,1
1066,328,1
1065,328,1
1064,329,1
1063,329,1
1062,330,1
1061,330,1
1060,331,1
1059,331,1
1058,332,1
1057,332,1
1056,333,1
1055,333,1
1055,334,1
1054,334,1
1053,335,1
1052,336,1
1051,336,1
1050,337,1
1049,338,1
1048,339,1
1047,339,1
1047,340,1
1046,340,1
1045,341,1
1044,342,1
1043,343,1
1042,344,1
1042,345,1
1041,345,1
1040,346,1
1040,347,1
1039,347,1
1039,348,1
1038,349,1
1037,350,1
1037,351,1
1036,351,1
1036,352,1
1036,353,1
1035,354,1
1035,355,1
1034,355,1
1034,356,1
1034,357,1
1033,358,1
1033,359,1
1032,360,1
1032,361,1
1032,362,1
1031,363,1
1031,364,1
1031,365,1
1031,366,1
1031,367,1
1031,368,1
1031,369,1
1031,370,1
1031,371,1
1031,372,1
1032,372,1
1032,373,1
1033,373,1
1033,372,1
1033,371,1
1032,371,1
1032,370,1
1032,369,1
1031,368,1
1031,367,1
1031,366,1
1031,365,1
1031,364,1
1031,363,1
1030,362,1
1029,361,1
1029,360,1
1028,360,1
1027,359,1
1027,358,1
1026,357,1
1025,357,1
1024,356,1
1024,355,1
1023,355,1
1022,354,1
1021,354,1
1020,353,1
1019,353,1
1018,352,1
1017,352,1
1016,351,1
1015,351,1
1014,351,1
1013,350,1
1122,348,0
1217,325,1
1217,326,1
1217,327,1
1217,328,1
1217,329,1
1217,330,1
1217,331,1
1217,332,1
1217,333,1
1217,334,1
1217,335,1
1217,336,1
1217,337,1
1217,338,1
1218,339,1
1218,340,1
1218,341,1
1218,342,1
1218,343,1
1219,344,1
1219,345,1
1219,346,1
1219,347,1
1219,348,1
1219,349,1
1219,350,1
1219,351,1
1219,352,1
1219,353,1
1218,353,1
1218,354,1
1218,355,1
1218,356,1
1218,357,1
1218,358,1
1218,359,1
1217,360,1
1217,361,1
1217,362,1
1217,363,1
1216,364,1
1216,365,1
1216,366,1
1215,367,1
1215,368,1
1215,369,1
1214,370,1
1214,371,1
1213,372,1
1212,373,1
1212,374,1
1211,374,1
1211,375,1
1211,376,1
1210,376,1
1210,377,1
1209,377,1
1209,378,1
1208,379,1
1207,379,1
1207,380,1
1206,380,1
1206,381,1
1205,382,1
1204,382,1
1204,383,1
1203,383,1
1202,384,1
1202,385,1
1201,385,1
1201,386,1
1200,386,1
1199,387,1
1199,388,1
1198,388,1
1197,389,1
1197,390,1
1196,390,1
1195,391,1
1194,392,1
1194,393,1
1193,393,1
1192,394,1
1192,395,1
1191,395,1
1191,396,1
1190,397,1
1189,398,1
1189,399,1
1188,400,1
1187,401,1
1187,402,1
1186,403,1
1186,404,1
1185,405,1
1185,406,1
1184,407,1
1184,408,1
1184,409,1
1183,410,1
1183,411,1
1183,412,1
1183,413,1
1182,414,1
1182,415,1
1182,416,1
1182,417,1
1182,418,1
1182,419,1
1182,420,1
1182,421,1
1182,422,1
1182,423,1
1182,424,1
1182,425,1
1182,426,1
1182,427,1
1182,428,1
1182,429,1
1182,430,1
1183,430,1
1183,431,1
1183,432,1
1183,433,1
1184,434,1
1184,435,1
1185,436,1
1185,437,1
1186,438,1
1186,439,1
1187,440,1
1187,441,1
1188,441,1
1188,442,1
1189,443,1
1190,444,1
1191,445,1
1192,446,1
1192,447,1
1193,447,1
1194,448,1
1195,449,1
1196,449,1
1196,450,1
1197,450,1
1198,451,1
1199,452,1
1200,452,1
1200,453,1
1201,453,1
1202,454,1
1203,454,1
1204,455,1
1205,455,1
1206,456,1
1207,456,1
1207,457,1
1206,457,1
1205,457,1
1204,457,1
1204,458,1
1203,458,1
1202,458,1
1201,458,1
1200,458,1
1199,458,1
1198,458,1
1197,458,1
1196,458,1
1195,458,1
1194,458,1
1193,459,1
1192,459,1
1191,459,1
1190,459,1
1189,459,1
1188,460,1
1187,460,1
1186,460,1
1185,460,1
1184,461,1
1183,461,1
1182,461,1
1181,461,1
1180,462,1
1179,462,1
1178,462,1
1177,463,1
1176,463,1
1175,464,1
1174,464,1
1173,464,1
1172,465,1
1171,465,1
1170,466,1
1169,466,1
1168,467,1
1167,467,1
1166,468,1
1165,468,1
1164,469,1
1163,469,1
1162,470,1
1161,470,1
1160,470,1
1159,471,1
1158,471,1
1157,472,1
1156,473,1
1155,473,1
1154,474,1
1153,474,1
1152,475,1
1151,476,1
1150,476,1
1149,477,1
1148,477,1
1147,478,1
1146,478,1
1146,479,1
1145,479,1
1144,480,1
1143,481,1
1142,481,1
1141,482,1
1140,482,1
1139,483,1
1138,484,1
1137,484,1
1136,485,1
1135,485,1
1135,486,1
1134,487,1
1133,487,1
1132,488,1
1131,488,1
1130,489,1
1129,490,1
1128,490,1
1127,491,1
1126,492,1
1125,493,1
1124,493,1
1123,494,1
1122,495,1
1121,495,1
1120,496,1
1119,497,1
1118,498,1
1117,498,1
1116,499,1
1115,500,1
1114,500,1
1114,501,1
1113,501,1
1112,502,1
1111,503,1
1110,503,1
1109,504,1
1109,505,1
1108,505,1
1107,506,1
1106,507,1
1105,507,1
1105,508,1
1104,509,1
1103,509,1
1102,510,1
1101,511,1
1100,512,1
1099,512,1
1098,513,1
1098,514,1
1097,514,1
1096,515,1
1095,516,1
1094,517,1
1093,518,1
1092,519,1
1091,520,1
1090,520,1
1090,521,1
1089,522,1
1088,522,1
1088,523,1
1087,523,1
1086,524,1
1085,525,1
1085,526,1
1084,526,1
1083,527,1
1083,528,1
1082,528,1
1081,529,1
1080,530,1
1079,531,1
1078,532,1
1077,533,1
1076,534,1
1075,535,1
1074,536,1
1073,537,1
1072,538,1
1071,539,1
1070,540,1
1069,541,1
1069,542,1
1068,542,1
1067,543,1
1067,544,1
1066,544,1
1065,545,1
1064,546,1
1064,547,1
1063,547,1
1062,548,1
1062,549,1
1061,550,1
1060,550,1
1060,551,1
1059,552,1
1058,552,1
1058,553,1
1057,554,1
1056,555,1
1056,556,1
1055,556,1
1054,557,1
1054,558,1
1053,559,1
1052,559,1
1052,560,1
1051,561,1
1050,562,1
1049,563,1
1048,564,1
1048,565,1
1047,566,1
1046,566,1
1046,567,1
1045,568,1
1045,569,1
1044,569,1
1043,570,1
1043,571,1
1042,572,1
1041,573,1
1040,574,1
1040,575,1
1039,576,1
1038,576,1
1038,577,1
1037,578,1
1037,579,1
1036,579,1
1035,580,1
1035,581,1
1034,582,1
1033,583,1
1032,584,1
1032,585,1
1031,586,1
1030,587,1
1030,588,1
1029,588,1
1029,589,1
1028,590,1
1027,591,1
1026,592,1
1026,593,1
1025,594,1
1024,595,1
1024,596,1
1023,596,1
1023,597,1
1022,598,1
1046,528,0
1077,466,1
1076,466,1
1075,466,1
1074,467,1
1073,467,1
1072,467,1
1071,467,1
1070,467,1
1069,468,1
1068,468,1
1067,468,1
1066,468,1
1065,468,1
1064,468,1
1063,469,1
1062,469,1
1061,469,1
1060,469,1
1059,469,1
1058,469,1
1057,469,1
1056,470,1
1055,470,1
1054,470,1
1053,470,1
1052,470,1
1051,470,1
1050,470,1
1049,470,1
1048,471,1
1047,471,1
1046,471,1
1045,471,1
1044,471,1
1043,471,1
1042,471,1
1041,472,1
1040,472,1
1039,472,1
1038,472,1
1037,472,1
1036,472,1
1035,472,1
1034,472,1
1033,473,1
1032,473,1
1031,473,1
1030,473,1
1029,473,1
1028,473,1
1027,473,1
1026,474,1
1025,474,1
1024,474,1
1023,474,1
1022,474,1
1021,474,1
1020,474,1
1019,474,1
1018,475,1
1017,475,1
1016,475,1
1015,475,1
1014,475,1
1013,475,1
1012,475,1
1011,475,1
1010,476,1
1009,476,1
1008,476,1
1007,476,1
1006,476,1
1005,476,1
1004,476,1
1003,476,1
1002,477,1
1001,477,1
1000,477,1
999,477,1
998,477,1
997,477,1
996,477,1
995,477,1
994,478,1
993,478,1
992,478,1
991,478,1
990,478,1
989,478,1
988,478,1
987,479,1
986,479,1
985,479,1
984,479,1
983,479,1
982,479,1
981,479,1
980,480,1
979,480,1
978,480,1
977,480,1
976,480,1
975,480,1
974,480,1
973,480,1
972,480,1
971,481,1
970,481,1
969,481,1
968,481,1
967,481,1
966,481,1
965,481,1
964,481,1
963,482,1
962,482,1
961,482,1
960,482,1
959,482,1
958,482,1
957,482,1
956,482,1
955,483,1
954,483,1
953,483,1
952,483,1
951,483,1
950,483,1
949,483,1
948,483,1
947,483,1
946,484,1
945,484,1
944,484,1
943,484,1
942,484,1
941,484,1
940,485,1
939,485,1
938,485,1
937,485,1
936,485,1
935,485,1
706,348,0
449,214,1
450,214,1
451,214,1
452,214,1
453,214,1
454,214,1
455,214,1
456,214,1
457,214,1
458,214,1
459,214,1
460,214,1
461,214,1
462,214,1
463,213,1
464,213,1
465,213,1
466,213,1
467,213,1
468,213,1
469,213,1
470,213,1
471,213,1
472,213,1
473,213,1
474,213,1
475,213,1
476,213,1
477,213,1
478,213,1
479,213,1
480,213,1
481,213,1
482,213,1
483,213,1
484,213,1
485,212,1
486,212,1
487,212,1
488,212,1
489,212,1
490,212,1
491,212,1
492,212,1
493,212,1
494,212,1
495,212,1
496,212,1
497,212,1
498,212,1
499,212,1
500,212,1
501,212,1
502,212,1
503,212,1
504,212,1
505,212,1
506,212,1
507,212,1
508,212,1
509,212,1
510,212,1
511,212,1
512,212,1
513,212,1
514,212,1
515,212,1
516,212,1
517,212,1
518,211,1
519,211,1
520,211,1
521,211,1
522,211,1
523,211,1
524,211,1
525,211,1
526,211,1
527,211,1
528,211,1
529,211,1
530,211,1
531,211,1
532,211,1
533,211,1
534,211,1
535,211,1
536,211,1
537,211,1
538,211,1
539,211,1
540,211,1
541,211,1
542,211,1
543,211,1
544,211,1
545,211,1
546,211,1
547,211,1
548,211,1
549,211,1
550,211,1
551,211,1
552,211,1
553,211,1
554,211,1
555,211,1
556,210,1
557,210,1
558,210,1
559,210,1
560,210,1
561,210,1
562,210,1
563,210,1
564,210,1
565,210,1
566,210,1
567,210,1
568,210,1
569,210,1
570,210,1
571,210,1
572,210,1
573,210,1
574,210,1
575,210,1
576,210,1
577,210,1
578,210,1
579,210,1
580,210,1
581,210,1
582,210,1
583,210,1
584,210,1
585,209,1
586,209,1
587,209,1
588,209,1
589,209,1
590,209,1
591,209,1
592,209,1
593,209,1
594,209,1
595,209,1
596,209,1
597,209,1
598,209,1
599,209,1
600,209,1
601,209,1
602,209,1
603,209,1
604,209,1
605,209,1
606,209,1
607,209,1
608,209,1
609,209,1
610,209,1
611,209,1
612,209,1
613,209,1
614,209,1
615,209,1
616,209,1
617,209,1
618,209,1
619,209,1
620,209,1
621,209,1
622,209,1
623,209,1
624,209,1
625,209,1
626,209,1
627,209,1
628,209,1
629,209,1
630,209,1
631,209,1
632,209,1
633,209,1
634,209,1
635,208,1
636,208,1
637,208,1
638,208,1
639,208,1
640,208,1
641,208,1
642,208,1
643,208,1
644,208,1
645,208,1
646,208,1
647,208,1
648,208,1
649,208,1
650,208,1
651,208,1
652,208,1
653,208,1
654,208,1
655,208,1
656,208,1
657,208,1
658,208,1
659,208,1
660,208,1
661,208,1
662,208,1
663,208,1
664,208,1
665,208,1
666,208,1
667,208,1
668,208,1
669,208,1
670,208,1
671,208,1
672,208,1
673,208,1
674,208,1
675,208,1
676,208,1
677,208,1
678,208,1
679,208,1
680,208,1
681,208,1
682,208,1
683,208,1
684,208,1
685,208,1
686,208,1
687,208,1
688,208,1
689,208,1
690,208,1
691,208,1
692,208,1
693,208,1
694,208,1
695,208,1
696,208,1
697,208,1
698,208,1
699,208,1
700,208,1
701,208,1
702,208,1
703,208,1
704,208,1
705,208,1
706,208,1
707,208,1
708,208,1
709,208,1
710,208,1
711,208,1
712,208,1
713,208,1
714,208,1
715,208,1
716,208,1
717,208,1
718,208,1
719,208,1
720,208,1
721,208,1
722,208,1
723,208,1
724,208,1
725,208,1
726,208,1
727,208,1
728,208,1
729,208,1
730,208,1
731,208,1
732,208,1
733,208,1
734,208,1
735,208,1
736,208,1
737,208,1
738,208,1
739,208,1
740,208,1
741,208,1
742,208,1
743,208,1
744,208,1
745,208,1
746,208,1
747,208,1
748,208,1
749,208,1
750,208,1
751,208,1
752,208,1
753,208,1
754,208,1
755,208,1
756,208,1
757,208,1
758,208,1
759,208,1
760,208,1
761,208,1
762,208,1
763,208,1
764,208,1
765,208,1
766,208,1
767,208,1
768,208,1
769,208,1
770,208,1
771,208,1
772,208,1
773,208,1
774,208,1
775,208,1
776,208,1
777,208,1
778,209,1
779,209,1
780,209,1
781,209,1
782,209,1
783,209,1
784,209,1
785,209,1
786,209,1
787,209,1
788,209,1
789,209,1
790,209,1
791,209,1
792,209,1
793,209,1
794,209,1
795,209,1
796,209,1
797,209,1
798,209,1
799,209,1
800,209,1
801,209,1
802,209,1
803,209,1
804,209,1
805,209,1
806,209,1
807,209,1
808,209,1
809,209,1
810,209,1
811,209,1
812,209,1
813,209,1
814,209,1
815,209,1
816,209,1
817,209,1
818,209,1
819,209,1
820,209,1
821,209,1
822,209,1
823,209,1
824,209,1
825,209,1
826,209,1
827,209,1
828,209,1
829,209,1
830,209,1
831,209,1
832,209,1
833,209,1
834,209,1
835,209,1
836,209,1
837,209,1
838,209,1
839,209,1
840,209,1
841,209,1
842,209,1
843,209,1
844,209,1
845,209,1
846,209,1
847,209,1
848,209,1
849,209,1
850,209,1
851,209,1
852,209,1
853,209,1
854,209,1
855,209,1
856,209,1
857,209,1
858,209,1
859,209,1
860,209,1
861,209,1
862,209,1
863,209,1
864,209,1
865,209,1
866,209,1
867,209,1
868,209,1
869,209,1
870,209,1
871,209,1
872,209,1
873,209,1
874,209,1
875,209,1
876,209,1
877,209,1
878,209,1
879,209,1
880,209,1
881,209,1
882,209,1
883,209,1
884,209,1
885,209,1
886,209,1
887,209,1
888,209,1
889,209,1
890,209,1
891,209,1
892,209,1
893,209,1
894,209,1
895,209,1
896,209,1
897,209,1
898,209,1
899,209,1
900,209,1
901,209,1
902,209,1
903,209,1
904,209,1
905,209,1
906,209,1
907,210,1
908,210,1
909,210,1
910,210,1
911,210,1
912,210,1
913,210,1
914,210,1
915,210,1
916,210,1
917,210,1
918,210,1
919,210,1
920,210,1
921,210,1
922,210,1
923,210,1
924,210,1
925,210,1
926,210,1
927,210,1
928,210,1
929,210,1
930,210,1
931,210,1
932,210,1
933,210,1
934,210,1
935,210,1
936,211,1
937,211,1
938,211,1
939,211,1
940,211,1
941,211,1
942,211,1
943,211,1
944,211,1
945,211,1
946,211,1
947,211,1
948,211,1
949,211,1
950,211,1
951,211,1
952,211,1
953,211,1
954,211,1
955,211,1
956,211,1
957,211,1
958,211,1
959,211,1
960,211,1
961,211,1
962,211,1
963,211,1
964,211,1
965,211,1
966,211,1
967,211,1
968,211,1
969,211,1
970,211,1
971,211,1
972,211,1
973,211,1
974,211,1
975,211,1
976,211,1
977,211,1
978,211,1
979,211,1
980,211,1
981,211,1
982,211,1
983,211,1
984,211,1
985,211,1
986,211,1
987,211,1
988,211,1
989,211,1
990,211,1
991,211,1
992,211,1
993,211,1
994,211,1
995,211,1
996,211,1
997,211,1
998,211,1
999,211,1
1000,211,1
1001,211,1
1002,211,1
1003,211,1
1004,211,1
1005,211,1
1006,211,1
1007,211,1
1008,211,1
1009,211,1
1010,211,1
1011,211,1
1012,211,1
1013,211,1
1014,211,1
1015,211,1
1016,211,1
1017,211,1
1018,211,1
1019,211,1
1020,211,1
1021,211,1
1022,211,1
1023,211,1
1024,211,1
1025,211,1
1026,211,1
1027,211,1
1028,211,1
1029,211,1
1030,211,1
1031,211,1
1032,211,1
1033,211,1
1034,211,1
1035,211,1
1036,211,1
1037,211,1
1038,211,1
1039,211,1
1040,211,1
1041,211,1
1042,211,1
1043,211,1
1044,211,1
1045,211,1
1046,211,1
1047,211,1
1048,211,1
1049,211,1
1050,211,1
1051,211,1
1052,211,1
1053,211,1
1054,211,1
1055,211,1
1056,211,1
1057,211,1
1058,211,1
1059,211,1
1060,211,1
1061,211,1
1062,211,1
1063,211,1
1064,211,1
1065,211,1
1066,211,1
1067,211,1
1068,211,1
1069,211,1
1070,211,1
1071,211,1
1072,211,1
1073,211,1
1074,211,1
1075,211,1
1076,211,1
1077,211,1
1078,211,1
1079,211,1
1080,211,1
1081,211,1
1082,211,1
1083,211,1
1084,211,1
1085,211,1
1086,211,1
1087,211,1
1088,211,1
1089,211,1
1090,211,1
1091,211,1
1092,211,1
1093,211,1
1094,211,1
1095,211,1
1096,211,1
1097,211,1
1098,211,1
1099,211,1
1100,211,1
1101,211,1
1102,211,1
1103,211,1
1104,211,1
1105,211,1
1106,211,1
1107,211,1
1108,211,1
1109,211,1
1110,211,1
1111,211,1
1112,211,1
1113,211,1
1114,211,1
1115,211,1
1116,211,1
1117,211,1
1118,211,1
1119,211,1
1120,211,1
1121,211,1
1122,211,1
1123,211,1
1124,211,1
1125,211,1
1126,211,1
1127,211,1
1128,211,1
1129,211,1
1130,211,1
1131,211,1
1132,211,1
1133,211,1
1134,211,1
1135,211,1
1136,211,1
1137,211,1
1138,211,1
1139,211,1
1140,211,1
1141,211,1
1142,211,1
1143,211,1
1144,211,1
1145,211,1
1146,211,1
1147,211,1
1148,211,1
1149,211,1
1150,211,1
1151,211,1
1152,211,1
1153,211,1
1154,211,1
1155,211,1
1156,211,1
1157,211,1
1158,211,1
1159,211,1
1160,211,1
1161,211,1
1162,211,1
1163,211,1
1164,211,1
1165,211,1
1166,211,1
1167,211,1
1168,211,1
1169,211,1
1170,211,1
1171,211,1
1172,211,1
1173,211,1
1174,211,1
1175,211,1
1176,211,1
1177,211,1
1178,211,1
1179,211,1
1180,211,1
1181,211,1
1182,211,1
1183,211,1
1184,211,1
1185,211,1
1186,211,1
1187,211,1
1188,211,1
1189,211,1
1190,211,1
1191,211,1
1192,211,1
1193,211,1
1194,211,1
1195,211,1
1196,211,1
1197,211,1
1198,211,1
1199,211,1
1200,211,1
1201,211,1
1202,211,1
1203,211,1
1204,211,1
1205,211,1
1206,211,1
1207,211,1
1208,211,1
1209,211,1
1210,211,1
1211,211,1
1212,211,1
1213,211,1
1214,211,1
1215,211,1
1216,211,1
1217,211,1
1218,211,1
1219,211,1
1220,211,1
1221,211,1
1222,211,1
1223,211,1
1224,211,1
1225,211,1
1226,211,1
1227,211,1
1228,211,1
1229,211,1
1230,211,1
1231,211,1
1232,211,1
1233,211,1
1234,211,1
1235,211,1
1236,211,1
1237,211,1
1238,211,1
1239,211,1
1240,211,1
1241,211,1
1242,211,1
1243,211,1
1244,211,1
1245,211,1
1246,211,1
1247,211,1
1248,211,1
1249,211,1
1250,211,1
1251,211,1
1252,211,1
1253,211,1
1254,211,1
1255,211,1
1256,211,1
1257,211,1
1258,211,1
1259,211,1
1260,211,1
1261,211,1
1262,211,1
1263,211,1
1264,211,1
1265,211,1
1266,211,1
1267,211,1
1268,211,1
1269,211,1
1270,211,1
1271,211,1
1272,211,1
1273,211,1
1274,211,1
1275,211,1
1276,211,1
1277,211,1
1278,211,1
1279,211,1
1280,211,1
1281,211,1
1282,211,1
1283,211,1
1284,211,1
1285,211,1
1286,211,1
1287,211,1
1288,211,1
1289,211,1
1290,211,1
1291,211,1
1292,211,1
1293,211,1
1294,211,1
1295,211,1
1296,211,1
1297,211,1
1298,211,1
1299,211,1
1300,211,1
1301,211,1
1302,211,1
1303,211,1
1304,211,1
1305,211,1
1306,211,1
1307,211,1
1308,211,1
1309,211,1
1310,211,1
1311,211,1
1312,211,1
1313,211,1
1314,211,1
1315,211,1
1316,211,1
1317,211,1
1318,211,1
1319,212,1
1320,212,1
1321,212,1
1322,212,1
1323,212,1
1324,212,1
1325,213,1
1326,213,1
1325,214,1
1325,214,0
