1253,587,1
1253,588,1
1253,589,1
1253,590,1
1253,591,1
1253,592,1
1253,593,1
1252,594,1
1252,595,1
1252,596,1
1252,597,1
1252,598,1
1251,599,1
1251,600,1
1251,601,1
1251,602,1
1251,603,1
1251,604,1
1251,605,1
1251,606,1
1251,607,1
1251,608,1
1250,609,1
1250,610,1
1250,611,1
1250,612,1
1250,613,1
1250,614,1
1250,615,1
1250,616,1
1250,617,1
1249,618,1
1249,619,1
1249,620,1
1249,621,1
1249,622,1
1249,623,1
1249,624,1
1249,625,1
1248,625,1
1248,626,1
1248,627,1
1248,628,1
1248,629,1
1248,630,1
1248,631,1
1248,632,1
1248,633,1
1247,634,1
1247,635,1
1247,636,1
1247,637,1
1247,638,1
1247,639,1
1247,640,1
1247,641,1
1247,642,1
1247,643,1
1247,644,1
1246,645,1
1246,646,1
1246,647,1
1246,648,1
1246,649,1
1246,650,1
1246,651,1
1246,652,1
1246,653,1
1246,654,1
1246,655,1
1245,656,1
1245,657,1
1245,658,1
1245,659,1
1245,660,1
1245,661,1
1245,662,1
1245,663,1
1245,664,1
1245,665,1
1245,666,1
1245,667,1
1245,668,1
1244,669,1
1244,670,1
1244,671,1
1244,672,1
1244,673,1
1244,674,1
1244,675,1
1244,676,1
1244,677,1
1244,678,1
1244,679,1
1244,680,1
1244,681,1
1243,682,1
1243,683,1
1243,684,1
1243,685,1
1243,686,1
1243,687,1
1243,688,1
1243,689,1
1243,690,1
1243,691,1
1243,692,1
1243,693,1
1243,694,1
1242,695,1
1242,696,1
1242,697,1
1242,698,1
1242,699,1
1242,700,1
1242,701,1
1242,702,1
1242,703,1
1242,704,1
1242,705,1
1241,706,1
1241,707,1
1241,708,1
1241,709,1
1241,710,1
1241,711,1
1241,712,1
1241,713,1
1241,714,1
1241,715,1
1241,716,1
1241,717,1
1240,718,1
1240,719,1
1240,720,1
1240,721,1
1240,722,1
1240,723,1
1240,724,1
1240,725,1
1240,726,1
1240,727,1
1240,728,1
1240,729,1
1239,730,1
1239,731,1
1239,732,1
1239,733,1
1239,734,1
1239,735,1
1239,736,1
1239,737,1
1239,738,1
1239,739,1
1239,740,1
1239,741,1
1239,742,1
1239,743,1
1239,744,1
1238,745,1
1238,746,1
1238,747,1
1238,748,1
1238,749,1
1238,750,1
1238,751,1
1238,752,1
1238,753,1
1238,754,1
1238,755,1
1238,756,1
1237,757,1
1237,758,1
1237,759,1
1237,760,1
1237,761,1
1237,762,1
1237,763,1
1237,764,1
1237,765,1
1237,766,1
1237,767,1
1237,768,1
1237,769,1
1237,770,1
1237,771,1
1236,772,1
1236,773,1
1236,774,1
1236,775,1
1236,776,1
1236,777,1
1236,778,1
1236,779,1
1236,780,1
1236,781,1
1236,782,1
1236,783,1
1236,784,1
1236,785,1
1236,786,1
1236,787,1
1235,788,1
1235,789,1
1235,790,1
1235,791,1
1235,792,1
1235,793,1
1235,794,1
1235,795,1
1235,796,1
1235,797,1
1235,798,1
1235,799,1
1235,800,1
1235,801,1
1235,802,1
1234,803,1
1234,804,1
1234,805,1
1234,806,1
1234,807,1
1234,808,1
1234,809,1
1234,810,1
1234,811,1
1234,812,1
1234,813,1
1234,814,1
1234,815,1
1234,816,1
1234,817,1
1234,818,1
1233,819,1
1233,820,1
1233,821,1
1233,822,1
1233,823,1
1233,824,1
1233,825,1
1233,826,1
1233,827,1
1233,828,1
1233,829,1
1233,830,1
1233,831,1
1233,832,1
1233,833,1
1232,834,1
1232,835,1
1232,836,1
1232,837,1
1232,838,1
1232,839,1
1232,840,1
1232,841,1
1232,842,1
1232,843,1
1232,844,1
1232,845,1
1232,846,1
1232,847,1
1232,848,1
1232,849,1
1231,850,1
1231,851,1
1231,852,1
1231,853,1
1231,854,1
1231,855,1
1231,856,1
1231,857,1
1231,858,1
1231,859,1
1231,860,1
1231,861,1
1231,862,1
1231,863,1
1231,864,1
1230,865,1
1230,866,1
1230,867,1
1230,868,1
1230,869,1
1230,870,1
1230,871,1
1230,872,1
1230,873,1
1230,874,1
1230,875,1
1230,876,1
1230,877,1
1230,878,1
1229,879,1
1229,880,1
1229,881,1
1229,882,1
1229,883,1
1229,884,1
1229,885,1
1229,886,1
1229,887,1
1229,888,1
1229,889,1
1229,890,1
1229,891,1
1229,892,1
1229,893,1
1228,894,1
1228,895,1
1228,896,1
1228,897,1
1228,898,1
1228,899,1
1228,900,1
1228,901,1
1228,902,1
1228,903,1
1228,904,1
1228,905,1
1228,906,1
1228,907,1
1228,908,1
1228,909,1
1228,910,1
1227,911,1
1227,912,1
1227,913,1
1227,914,1
1227,915,1
1227,916,1
1227,917,1
1227,918,1
1227,919,1
1227,920,1
1227,921,1
1227,922,1
1227,923,1
1227,924,1
1227,925,1
1226,926,1
1226,927,1
1226,928,1
1226,929,1
1226,930,1
1226,931,1
1226,932,1
1226,933,1
1226,934,1
1226,935,1
1226,936,1
1226,937,1
1226,938,1
1226,939,1
1226,940,1
1226,941,1
1225,942,1
1225,943,1
1225,944,1
1225,945,1
1225,946,1
1225,947,1
1225,948,1
1225,949,1
1225,950,1
1225,951,1
1225,952,1
1225,953,1
1225,954,1
1225,955,1
1225,956,1
1225,957,1
1225,958,1
1225,959,1
1225,960,1
1224,961,1
1224,962,1
1224,963,1
1224,964,1
1224,965,1
1224,966,1
1224,967,1
1224,968,1
1224,969,1
1224,970,1
1224,971,1
1224,972,1
1224,973,1
1224,974,1
1224,975,1
1224,976,1
1223,977,1
1223,978,1
1223,979,1
1223,980,1
1223,981,1
1223,982,1
1223,983,1
1223,984,1
1223,985,1
1223,986,1
1223,987,1
1223,988,1
1223,989,1
1223,990,1
1223,991,1
1223,992,1
1222,993,1
1222,994,1
1222,995,1
1222,996,1
1222,997,1
1222,998,1
1222,999,1
1222,1000,1
1222,1001,1
1222,1002,1
1222,1003,1
1222,1004,1
1222,1005,1
1222,1006,1
1222,1007,1
1222,1008,1
1222,1009,1
1221,1010,1
1221,1011,1
1221,1012,1
1221,1013,1
1221,1014,1
1221,1015,1
1221,1016,1
1221,1017,1
1221,1018,1
1221,1019,1
1221,1020,1
1221,1021,1
1221,1022,1
1221,1023,1
1221,1024,1
1221,1025,1
1221,1026,1
1221,1027,1
1221,1028,1
1221,1029,1
1221,1030,1
1220,1031,1
1220,1032,1
1220,1033,1
1220,1034,1
1220,1035,1
1220,1036,1
1220,1037,1
1220,1038,1
1220,1039,1
1220,1040,1
1220,1041,1
1220,1042,1
1220,1043,1
1220,1044,1
1220,1045,1
1220,1046,1
1220,1047,1
1220,1048,1
1219,1049,1
1219,1050,1
1219,1051,1
1219,1052,1
1219,1053,1
1219,1054,1
1219,1055,1
1219,1056,1
1219,1057,1
1219,1058,1
1219,1059,1
1219,1060,1
1219,1061,1
1219,1062,1
1219,1063,1
1219,1064,1
1219,1065,1
1219,1066,1
1218,1067,1
1218,1068,1
1218,1069,1
1218,1070,1
1218,1071,1
1218,1072,1
1218,1073,1
1218,1074,1
1218,1075,1
1218,1076,1
1218,1077,1
1218,1078,1
1218,1079,1
1218,1080,1
1218,1081,1
1218,1082,1
1218,1083,1
1218,1084,1
1218,1085,1
1218,1086,1
1218,1087,1
1217,1088,1
1217,1089,1
1217,1090,1
1217,1091,1
1217,1092,1
1217,1093,1
1217,1094,1
1217,1095,1
1217,1096,1
1217,1097,1
1217,1098,1
1217,1099,1
1217,1100,1
1217,1101,1
1217,1102,1
1217,1103,1
1217,1104,1
1217,1105,1
1217,1106,1
1217,1107,1
1217,1108,1
1217,1109,1
1216,1110,1
1216,1111,1
1216,1112,1
1216,1113,1
1216,1114,1
1216,1115,1
1216,1116,1
1216,1117,1
1216,1118,1
1216,1119,1
1216,1120,1
1216,1121,1
1216,1122,1
1216,1123,1
1216,1124,1
1216,1125,1
1216,1126,1
1216,1127,1
1216,1128,1
1216,1129,1
1216,1130,1
1216,1131,1
1216,1132,1
1216,1133,1
1216,1134,1
1216,1135,1
1216,1136,1
1216,1137,1
1216,1138,1
1215,1139,1
1215,1140,1
1215,1141,1
1215,1142,1
1215,1143,1
1215,1144,1
1215,1145,1
1215,1146,1
1215,1147,1
1215,1148,1
1215,1149,1
1215,1150,1
1215,1151,1
1215,1152,1
1215,1153,1
1215,1154,1
1215,1155,1
1215,1156,1
1215,1157,1
1215,1158,1
1215,1159,1
1215,1160,1
1215,1161,1
1215,1162,1
1215,1163,1
1215,1164,1
1215,1165,1
1215,1166,1
1215,1167,1
1215,1168,1
1215,1169,1
1215,1170,1
1214,1171,1
1214,1172,1
1214,1173,1
1214,1174,1
1214,1175,1
1214,1176,1
1214,1177,1
1214,1178,1
1214,1179,1
1214,1180,1
1214,1181,1
1214,1182,1
1214,1183,1
1214,1184,1
1214,1185,1
1214,1186,1
1214,1187,1
1214,1188,1
1214,1189,1
1214,1190,1
1214,1191,1
1214,1192,1
1214,1193,1
1214,1194,1
1214,1195,1
1214,1196,1
1214,1197,1
1214,1198,1
1214,1199,1
1214,1200,1
1214,1201,1
1214,1202,1
1214,1203,1
1214,1204,1
1214,1205,1
1214,1206,1
1214,1207,1
1214,1208,1
1214,1209,1
1214,1210,1
1214,1211,1
1214,1212,1
1214,1213,1
1214,1214,1
1214,1215,1
1214,1216,1
1214,1217,1
1214,1218,1
1214,1219,1
1214,1220,1
1214,1221,1
1214,1222,1
1213,1223,1
1213,1224,1
1213,1225,1
1213,1226,1
1213,1227,1
1213,1228,1
1213,1229,1
1213,1230,1
1213,1231,1
1213,1232,1
1213,1233,1
1213,1234,1
1213,1235,1
1213,1236,1
1213,1237,1
1213,1238,1
1213,1239,1
1213,1240,1
1213,1241,1
1213,1242,1
1213,1243,1
1213,1244,1
1213,1245,1
1213,1246,1
1213,1247,1
1213,1248,1
1213,1249,1
1213,1250,1
1213,1251,1
1213,1252,1
1213,1253,1
1213,1254,1
1213,1255,1
1213,1256,1
1213,1257,1
1213,1258,1
1213,1259,1
1213,1260,1
1213,1261,1
1213,1262,1
1213,1263,1
1213,1264,1
1213,1265,1
1213,1266,1
1213,1267,1
1213,1268,1
1213,1269,1
1213,1270,1
1213,1271,1
1213,1272,1
1213,1273,1
1213,1274,1
1213,1275,1
1213,1276,1
1213,1277,1
1213,1278,1
1213,1279,1
1213,1280,1
1213,1281,1
1213,1282,1
1213,1283,1
1213,1284,1
1213,1285,1
1213,1286,1
1213,1287,1
1213,1288,1
1213,1289,1
1213,1290,1
1213,1291,1
1213,1292,1
1213,1293,1
1213,1294,1
1213,1295,1
1213,1296,1
1213,1297,1
1213,1298,1
1213,1299,1
1213,1300,1
1213,1301,1
1213,1302,1
1213,1303,1
1213,1304,1
1214,1305,1
1214,1306,1
1214,1307,1
1214,1308,1
1214,1309,1
1214,1310,1
1214,1311,1
1214,1312,1
1214,1313,1
1214,1314,1
1214,1315,1
1214,1316,1
1214,1317,1
1214,1318,1
1214,1319,1
1214,1320,1
1214,1321,1
1214,1322,1
1214,1323,1
1214,1324,1
1214,1325,1
1214,1326,1
1214,1327,1
1214,1328,1
1214,1329,1
1214,1330,1
1214,1331,1
1214,1332,1
1214,1333,1
1214,1334,1
1214,1335,1
1214,1336,1
1214,1337,1
1214,1338,1
1214,1339,1
1214,1340,1
1214,1341,1
1214,1342,1
1214,1343,1
1214,1344,1
1215,1345,1
1215,1346,1
1215,1347,1
1215,1348,1
1215,1349,1
1215,1350,1
1215,1351,1
1215,1352,1
1216,1353,1
1216,1354,1
1217,1355,1
1217,1356,1
1217,1357,1
1217,1358,1
1217,1359,1
1217,1358,1
1217,1357,1
1120,1098,0
1077,880,1
1076,880,1
1075,880,1
1074,880,1
1073,880,1
1072,880,1
1071,880,1
1070,880,1
1069,880,1
1068,880,1
1067,880,1
1066,880,1
1065,880,1
1064,880,1
1063,880,1
1062,880,1
1061,880,1
1060,880,1
1059,880,1
1058,880,1
1057,880,1
1056,880,1
1055,880,1
1054,880,1
1053,880,1
1052,880,1
1051,880,1
1050,880,1
1049,880,1
1048,880,1
1047,880,1
1046,880,1
1045,880,1
1044,880,1
1043,880,1
1042,880,1
1041,880,1
1040,880,1
1039,880,1
1038,880,1
1037,880,1
1036,880,1
1035,880,1
1034,880,1
1033,880,1
1032,880,1
1031,880,1
1030,881,1
1029,881,1
1028,881,1
1027,881,1
1026,881,1
1025,881,1
1024,881,1
1023,881,1
1022,881,1
1021,881,1
1020,881,1
1019,881,1
1018,881,1
1017,881,1
1016,881,1
1015,881,1
1014,881,1
1013,881,1
1012,881,1
1011,881,1
1010,881,1
1009,881,1
1008,881,1
1007,882,1
1006,882,1
1005,882,1
1004,882,1
1003,882,1
1002,882,1
1001,882,1
1000,882,1
999,882,1
998,882,1
997,882,1
996,882,1
995,882,1
994,882,1
993,882,1
992,883,1
991,883,1
990,883,1
989,883,1
988,883,1
987,883,1
986,883,1
985,883,1
984,883,1
983,883,1
982,883,1
981,883,1
980,883,1
979,883,1
978,883,1
977,884,1
976,884,1
975,884,1
974,884,1
973,884,1
972,884,1
971,884,1
970,884,1
969,884,1
968,884,1
967,884,1
966,884,1
965,884,1
964,884,1
963,884,1
962,884,1
961,884,1
960,885,1
959,885,1
958,885,1
957,885,1
956,885,1
955,885,1
954,885,1
953,885,1
952,885,1
951,885,1
950,885,1
949,885,1
948,885,1
947,885,1
946,885,1
945,885,1
944,886,1
943,886,1
942,886,1
941,886,1
940,886,1
939,886,1
938,886,1
937,886,1
936,886,1
935,886,1
934,886,1
933,886,1
932,886,1
931,886,1
930,887,1
929,887,1
928,887,1
927,887,1
926,887,1
925,887,1
924,887,1
923,887,1
922,887,1
921,887,1
920,887,1
919,887,1
918,888,1
917,888,1
916,888,1
915,888,1
914,888,1
913,888,1
912,888,1
911,888,1
910,888,1
909,888,1
908,888,1
907,889,1
906,889,1
905,889,1
904,889,1
903,889,1
902,889,1
901,889,1
900,889,1
899,889,1
898,889,1
897,889,1
896,890,1
895,890,1
894,890,1
893,890,1
892,890,1
891,890,1
890,890,1
889,890,1
888,890,1
887,890,1
886,890,1
885,891,1
884,891,1
883,891,1
882,891,1
881,891,1
880,891,1
879,891,1
878,891,1
877,891,1
876,891,1
875,892,1
874,892,1
873,892,1
872,892,1
871,892,1
870,892,1
869,892,1
868,892,1
867,892,1
866,893,1
865,893,1
864,893,1
863,893,1
862,893,1
861,893,1
860,893,1
859,893,1
858,893,1
857,894,1
856,894,1
855,894,1
854,894,1
853,894,1
852,894,1
851,894,1
850,894,1
849,895,1
848,895,1
847,895,1
846,895,1
845,895,1
844,895,1
843,895,1
842,895,1
841,896,1
840,896,1
839,896,1
838,896,1
837,896,1
836,896,1
835,896,1
834,896,1
833,896,1
832,897,1
831,897,1
830,897,1
829,897,1
828,897,1
827,897,1
826,897,1
825,897,1
824,898,1
823,898,1
822,898,1
821,898,1
820,898,1
819,898,1
818,898,1
817,899,1
816,899,1
815,899,1
814,899,1
813,899,1
812,899,1
811,899,1
810,900,1
809,900,1
808,900,1
807,900,1
806,900,1
805,900,1
804,900,1
803,901,1
802,901,1
801,901,1
800,901,1
799,901,1
798,901,1
797,902,1
796,902,1
795,902,1
794,902,1
793,902,1
792,902,1
791,902,1
790,903,1
789,903,1
788,903,1
787,903,1
786,903,1
785,903,1
784,904,1
783,904,1
782,904,1
781,904,1
780,904,1
779,904,1
778,905,1
777,905,1
776,905,1
775,905,1
774,905,1
773,905,1
772,906,1
771,906,1
770,906,1
769,906,1
768,906,1
767,907,1
766,907,1
765,907,1
764,907,1
763,907,1
762,908,1
761,908,1
760,908,1
759,908,1
758,908,1
757,909,1
756,909,1
755,909,1
754,909,1
753,909,1
752,910,1
751,910,1
750,910,1
749,910,1
748,910,1
747,910,1
746,911,1
745,911,1
744,911,1
743,911,1
742,911,1
741,912,1
740,912,1
739,912,1
738,913,1
737,913,1
736,913,1
735,913,1
734,913,1
733,914,1
732,914,1
731,914,1
730,914,1
729,914,1
728,915,1
727,915,1
726,915,1
725,915,1
724,915,1
723,916,1
722,916,1
721,916,1
720,916,1
719,917,1
718,917,1
717,917,1
716,917,1
715,918,1
714,918,1
713,918,1
712,918,1
711,919,1
710,919,1
709,919,1
708,919,1
707,920,1
706,920,1
705,920,1
704,920,1
703,920,1
702,921,1
701,921,1
700,921,1
699,921,1
698,922,1
697,922,1
696,922,1
695,923,1
694,923,1
693,923,1
692,923,1
691,924,1
690,924,1
689,924,1
688,924,1
687,925,1
686,925,1
685,925,1
684,926,1
683,926,1
682,926,1
681,926,1
680,927,1
679,927,1
678,927,1
677,928,1
676,928,1
675,928,1
674,928,1
673,929,1
672,929,1
671,929,1
670,930,1
669,930,1
668,930,1
667,930,1
666,931,1
665,931,1
664,931,1
663,931,1
662,932,1
661,932,1
660,932,1
660,933,1
659,933,1
658,933,1
657,934,1
656,934,1
655,934,1
654,934,1
653,935,1
652,935,1
651,935,1
650,936,1
649,936,1
648,936,1
647,937,1
646,937,1
645,937,1
644,938,1
643,938,1
642,938,1
641,938,1
640,939,1
639,939,1
638,940,1
637,940,1
636,940,1
635,941,1
634,941,1
633,941,1
632,942,1
631,942,1
630,942,1
629,943,1
628,943,1
627,943,1
626,944,1
625,945,1
624,945,1
623,945,1
622,946,1
621,946,1
620,946,1
619,947,1
618,947,1
617,947,1
616,948,1
615,948,1
614,948,1
613,949,1
612,950,1
611,950,1
610,950,1
609,951,1
608,951,1
607,951,1
606,952,1
605,952,1
604,953,1
603,953,1
602,954,1
601,954,1
600,955,1
599,955,1
598,955,1
597,956,1
596,956,1
595,957,1
594,957,1
593,958,1
592,958,1
591,959,1
590,959,1
589,959,1
588,960,1
587,960,1
587,961,1
586,961,1
585,962,1
584,962,1
583,962,1
582,963,1
581,963,1
580,964,1
579,965,1
578,965,1
577,965,1
576,966,1
575,966,1
575,967,1
574,967,1
573,968,1
572,968,1
571,969,1
570,969,1
569,970,1
568,970,1
567,971,1
566,971,1
565,972,1
564,973,1
563,973,1
562,974,1
561,974,1
561,975,1
560,975,1
559,976,1
558,976,1
558,977,1
557,977,1
556,978,1
555,978,1
555,979,1
554,979,1
553,980,1
552,980,1
552,981,1
551,981,1
550,982,1
549,982,1
549,983,1
548,983,1
547,984,1
547,985,1
546,985,1
545,986,1
544,986,1
544,987,1
543,987,1
542,988,1
541,989,1
540,990,1
539,991,1
538,992,1
537,992,1
537,993,1
536,994,1
535,995,1
534,995,1
534,996,1
533,996,1
533,997,1
532,998,1
531,999,1
530,1000,1
530,1001,1
529,1001,1
529,1002,1
528,1002,1
528,1003,1
527,1004,1
526,1005,1
525,1006,1
525,1007,1
524,1007,1
524,1008,1
523,1009,1
523,1010,1
522,1010,1
522,1011,1
521,1012,1
521,1013,1
520,1014,1
520,1015,1
519,1016,1
519,1017,1
518,1018,1
518,1019,1
517,1019,1
517,1020,1
517,1021,1
516,1022,1
516,1023,1
516,1024,1
515,1024,1
515,1025,1
515,1026,1
515,1027,1
514,1027,1
514,1028,1
514,1029,1
514,1030,1
514,1031,1
513,1032,1
513,1033,1
513,1034,1
513,1035,1
513,1036,1
513,1037,1
513,1038,1
513,1039,1
513,1040,1
513,1041,1
513,1042,1
513,1043,1
513,1044,1
514,1045,1
514,1046,1
514,1047,1
514,1048,1
514,1049,1
515,1049,1
515,1050,1
515,1051,1
515,1052,1
516,1053,1
516,1054,1
517,1055,1
517,1056,1
518,1057,1
518,1058,1
519,1059,1
519,1060,1
520,1060,1
520,1061,1
521,1062,1
521,1063,1
522,1063,1
522,1064,1
523,1064,1
523,1065,1
524,1066,1
525,1067,1
526,1068,1
526,1069,1
527,1069,1
528,1070,1
529,1071,1
530,1072,1
531,1073,1
532,1073,1
533,1074,1
534,1075,1
535,1075,1
535,1076,1
536,1076,1
537,1077,1
538,1077,1
538,1078,1
539,1078,1
540,1078,1
540,1079,1
541,1079,1
542,1080,1
543,1080,1
544,1081,1
545,1081,1
546,1082,1
547,1082,1
548,1083,1
549,1083,1
550,1084,1
551,1084,1
552,1084,1
553,1085,1
554,1085,1
555,1086,1
556,1086,1
557,1086,1
558,1087,1
559,1087,1
560,1087,1
561,1087,1
562,1088,1
563,1088,1
564,1088,1
565,1088,1
566,1089,1
567,1089,1
568,1089,1
569,1089,1
570,1089,1
571,1090,1
572,1090,1
573,1090,1
574,1090,1
575,1090,1
576,1090,1
577,1091,1
578,1091,1
579,1091,1
580,1091,1
581,1091,1
582,1091,1
583,1091,1
584,1091,1
585,1091,1
586,1091,1
587,1091,1
588,1091,1
589,1091,1
590,1091,1
590,1092,1
591,1092,1
592,1092,1
593,1092,1
594,1092,1
595,1092,1
596,1092,1
597,1092,1
598,1091,1
599,1091,1
600,1091,1
601,1091,1
602,1091,1
603,1091,1
604,1091,1
605,1091,1
606,1091,1
607,1091,1
608,1091,1
609,1091,1
610,1091,1
611,1091,1
612,1091,1
613,1090,1
614,1090,1
615,1090,1
616,1090,1
617,1090,1
618,1090,1
619,1089,1
620,1089,1
621,1089,1
622,1089,1
623,1089,1
624,1088,1
625,1088,1
626,1088,1
627,1088,1
628,1087,1
629,1087,1
630,1087,1
631,1086,1
632,1086,1
633,1086,1
634,1085,1
635,1085,1
636,1085,1
637,1084,1
638,1084,1
639,1084,1
640,1083,1
641,1083,1
642,1082,1
643,1082,1
644,1081,1
645,1081,1
646,1080,1
647,1080,1
648,1079,1
649,1079,1
650,1078,1
651,1078,1
651,1077,1
652,1077,1
653,1076,1
654,1076,1
654,1075,1
655,1075,1
655,1074,1
656,1074,1
657,1073,1
658,1073,1
658,1072,1
659,1072,1
660,1071,1
661,1070,1
661,1069,1
662,1069,1
662,1068,1
663,1068,1
664,1067,1
664,1066,1
665,1066,1
665,1065,1
666,1065,1
666,1064,1
667,1063,1
667,1062,1
668,1062,1
668,1061,1
669,1060,1
669,1059,1
670,1058,1
670,1057,1
670,1056,1
671,1056,1
671,1055,1
671,1054,1
671,1053,1
672,1053,1
672,1052,1
672,1051,1
672,1050,1
672,1049,1
672,1048,1
673,1048,1
673,1047,1
673,1046,1
673,1045,1
673,1044,1
672,1043,1
672,1042,1
672,1041,1
672,1040,1
672,1039,1
672,1038,1
671,1038,1
671,1037,1
671,1036,1
670,1035,1
670,1034,1
670,1033,1
669,1033,1
669,1032,1
668,1031,1
668,1030,1
667,1029,1
667,1028,1
667,1027,1
667,1026,1
667,1025,1
666,1025,1
666,1024,1
666,1023,1
666,1022,1
666,1021,1
665,1020,1
665,1019,1
664,1018,1
664,1017,1
664,1016,1
663,1015,1
663,1014,1
662,1014,1
662,1013,1
661,1012,1
660,1011,1
659,1010,1
658,1009,1
657,1008,1
656,1007,1
655,1006,1
654,1005,1
653,1004,1
652,1004,1
652,1003,1
651,1003,1
650,1002,1
649,1002,1
648,1001,1
647,1001,1
646,1000,1
645,1000,1
644,999,1
643,999,1
642,999,1
641,999,1
640,998,1
639,998,1
638,998,1
637,998,1
636,997,1
635,997,1
634,997,1
633,997,1
632,997,1
631,997,1
630,996,1
629,996,1
628,996,1
627,996,1
626,996,1
625,996,1
624,996,1
623,996,1
622,996,1
621,996,1
620,996,1
619,996,1
618,996,1
617,996,1
616,996,1
615,996,1
615,997,1
614,997,1
613,997,1
612,997,1
611,998,1
610,998,1
609,998,1
608,999,1
607,999,1
606,1000,1
605,1000,1
604,1000,1
603,1001,1
602,1002,1
601,1003,1
600,1004,1
600,1005,1
600,1006,1
600,1007,1
860,1125,0
1123,1240,1
1122,1240,1
1121,1240,1
1120,1240,1
1119,1240,1
1118,1241,1
1117,1241,1
1116,1241,1
1115,1241,1
1115,1242,1
1114,1242,1
1113,1242,1
1112,1242,1
1111,1242,1
1110,1242,1
1109,1242,1
1108,1242,1
1107,1242,1
1106,1243,1
1105,1243,1
1104,1243,1
1103,1243,1
1102,1243,1
1101,1244,1
1100,1244,1
1099,1244,1
1098,1244,1
1097,1245,1
1096,1245,1
1095,1245,1
1094,1245,1
1093,1245,1
1092,1246,1
1091,1246,1
1090,1246,1
1089,1246,1
1088,1247,1
1087,1247,1
1086,1247,1
1085,1247,1
1084,1248,1
1083,1248,1
1082,1248,1
1081,1249,1
1080,1249,1
1079,1249,1
1078,1250,1
1077,1250,1
1076,1250,1
1075,1250,1
1074,1251,1
1073,1251,1
1072,1251,1
1071,1252,1
1070,1252,1
1070,1253,1
1069,1253,1
1068,1253,1
1067,1254,1
1066,1254,1
1065,1254,1
1064,1255,1
1063,1255,1
1062,1256,1
1061,1257,1
1060,1257,1
1059,1257,1
1058,1258,1
1057,1258,1
1056,1259,1
1055,1260,1
1054,1260,1
1053,1261,1
1052,1261,1
1051,1262,1
1050,1263,1
1049,1263,1
1048,1264,1
1047,1264,1
1046,1265,1
1045,1266,1
1044,1266,1
1043,1267,1
1042,1267,1
1042,1268,1
1041,1268,1
1040,1269,1
1039,1269,1
1039,1270,1
1038,1270,1
1037,1271,1
1036,1272,1
1035,1273,1
1034,1273,1
1033,1274,1
1032,1275,1
1031,1276,1
1030,1276,1
1029,1277,1
1028,1277,1
1027,1278,1
1026,1278,1
1026,1279,1
1025,1279,1
1024,1280,1
1023,1281,1
1022,1282,1
1021,1282,1
1020,1283,1
1019,1284,1
1018,1284,1
1017,1285,1
1016,1286,1
1015,1286,1
1014,1287,1
1013,1288,1
1012,1289,1
1011,1290,1
1010,1290,1
1010,1291,1
1009,1291,1
1008,1292,1
1007,1293,1
1006,1294,1
1005,1294,1
1005,1295,1
1004,1296,1
1003,1297,1
1002,1298,1
1001,1299,1
1000,1299,1
1000,1300,1
999,1301,1
998,1301,1
998,1302,1
997,1303,1
996,1304,1
995,1305,1
994,1306,1
994,1307,1
993,1307,1
993,1308,1
992,1309,1
991,1310,1
991,1311,1
990,1311,1
989,1312,1
989,1313,1
988,1314,1
987,1315,1
987,1316,1
986,1317,1
986,1318,1
985,1319,1
984,1320,1
984,1321,1
983,1321,1
983,1322,1
983,1323,1
982,1324,1
981,1325,1
981,1326,1
981,1327,1
980,1327,1
980,1328,1
979,1329,1
979,1330,1
978,1331,1
978,1332,1
978,1333,1
977,1333,1
977,1334,1
977,1335,1
976,1336,1
976,1337,1
976,1338,1
975,1339,1
975,1340,1
975,1341,1
974,1342,1
974,1343,1
974,1344,1
973,1345,1
973,1346,1
973,1347,1
973,1348,1
972,1349,1
972,1350,1
972,1351,1
972,1352,1
972,1353,1
971,1354,1
971,1355,1
971,1356,1
971,1357,1
971,1358,1
971,1359,1
971,1360,1
971,1361,1
971,1362,1
971,1363,1
971,1364,1
971,1365,1
971,1366,1
971,1367,1
971,1368,1
971,1369,1
971,1370,1
971,1371,1
971,1372,1
971,1373,1
971,1374,1
971,1375,1
971,1376,1
971,1377,1
971,1378,1
971,1379,1
971,1380,1
972,1381,1
972,1382,1
972,1383,1
972,1384,1
972,1385,1
973,1385,1
973,1386,1
973,1387,1
973,1388,1
973,1389,1
974,1390,1
974,1391,1
974,1392,1
975,1393,1
975,1394,1
975,1395,1
976,1396,1
976,1397,1
976,1398,1
977,1399,1
977,1400,1
977,1401,1
978,1402,1
978,1403,1
979,1404,1
979,1405,1
980,1405,1
980,1406,1
980,1407,1
981,1407,1
981,1408,1
981,1409,1
982,1410,1
983,1411,1
983,1412,1
984,1413,1
984,1414,1
985,1415,1
986,1416,1
986,1417,1
987,1418,1
988,1419,1
988,1420,1
989,1420,1
989,1421,1
990,1422,1
991,1423,1
991,1424,1
992,1424,1
992,1425,1
993,1426,1
994,1427,1
995,1428,1
996,1429,1
996,1430,1
997,1430,1
997,1431,1
998,1432,1
999,1432,1
999,1433,1
1000,1434,1
1001,1434,1
1001,1435,1
1002,1435,1
1002,1436,1
1003,1437,1
1004,1437,1
1004,1438,1
1005,1438,1
1006,1439,1
1006,1440,1
1007,1440,1
1008,1441,1
1009,1442,1
1010,1442,1
1010,1443,1
1011,1444,1
1012,1444,1
1013,1445,1
1014,1446,1
1015,1446,1
1015,1447,1
1016,1447,1
1017,1448,1
1018,1448,1
1018,1449,1
1019,1449,1
1020,1450,1
1021,1450,1
1021,1451,1
1022,1452,1
1023,1452,1
1024,1453,1
1025,1454,1
1026,1454,1
1027,1454,1
1027,1455,1
1028,1455,1
1029,1456,1
1030,1456,1
1031,1457,1
1032,1458,1
1033,1458,1
1034,1459,1
1035,1459,1
1035,1460,1
1036,1460,1
1037,1460,1
1038,1461,1
1039,1461,1
1040,1462,1
1041,1462,1
1042,1463,1
1043,1463,1
1044,1464,1
1045,1464,1
1046,1465,1
1047,1465,1
1048,1466,1
1049,1466,1
1050,1466,1
1051,1467,1
1052,1468,1
1053,1468,1
1054,1468,1
1055,1469,1
1056,1469,1
1057,1469,1
1058,1470,1
1059,1470,1
1060,1471,1
1061,1471,1
1062,1471,1
1063,1472,1
1064,1472,1
1065,1472,1
1066,1473,1
1067,1473,1
1068,1474,1
1069,1474,1
1070,1474,1
1071,1474,1
1072,1475,1
1073,1475,1
1074,1475,1
1075,1476,1
1076,1476,1
1077,1476,1
1078,1477,1
1079,1477,1
1080,1477,1
1081,1477,1
1082,1478,1
1083,1478,1
1084,1478,1
1085,1478,1
1086,1479,1
1087,1479,1
1088,1479,1
1089,1480,1
1090,1480,1
1091,1480,1
1092,1480,1
1093,1480,1
1094,1481,1
1095,1481,1
1096,1481,1
1097,1481,1
1098,1482,1
1099,1482,1
1100,1482,1
1101,1482,1
1102,1483,1
1103,1483,1
1104,1483,1
1105,1483,1
1106,1483,1
1107,1484,1
1108,1484,1
1109,1484,1
1110,1484,1
1111,1484,1
1112,1484,1
1113,1485,1
1114,1485,1
1115,1485,1
1116,1485,1
1117,1485,1
1118,1486,1
1119,1486,1
1120,1486,1
1121,1486,1
1122,1486,1
1123,1486,1
1124,1486,1
1125,1487,1
1126,1487,1
1127,1487,1
1128,1487,1
1129,1487,1
1130,1487,1
1131,1487,1
1132,1488,1
1133,1488,1
1134,1488,1
1135,1488,1
1136,1488,1
1137,1488,1
1138,1488,1
1139,1488,1
1140,1489,1
1141,1489,1
1142,1489,1
1143,1489,1
1144,1489,1
1145,1489,1
1146,1489,1
1147,1489,1
1148,1489,1
1149,1489,1
1150,1489,1
1151,1490,1
1152,1490,1
1153,1490,1
1154,1490,1
1155,1490,1
1156,1490,1
1157,1490,1
1158,1490,1
1159,1490,1
1160,1490,1
1161,1490,1
1162,1491,1
1163,1491,1
1164,1491,1
1165,1491,1
1166,1491,1
1167,1491,1
1168,1491,1
1169,1491,1
1170,1491,1
1171,1491,1
1172,1491,1
1173,1491,1
1174,1491,1
1175,1491,1
1176,1491,1
1177,1491,1
1178,1491,1
1179,1492,1
1180,1492,1
1181,1492,1
1182,1492,1
1183,1492,1
1184,1492,1
1185,1492,1
1186,1492,1
1187,1492,1
1188,1492,1
1189,1492,1
1190,1492,1
1191,1492,1
1192,1492,1
1193,1492,1
1194,1492,1
1195,1492,1
1196,1492,1
1197,1492,1
1198,1492,1
1199,1492,1
1200,1492,1
1201,1492,1
1202,1492,1
1203,1492,1
1204,1492,1
1205,1492,1
1206,1492,1
1207,1492,1
1208,1492,1
1209,1492,1
1210,1492,1
1211,1492,1
1212,1492,1
1213,1492,1
1214,1492,1
1215,1492,1
1216,1492,1
1217,1492,1
1218,1492,1
1219,1492,1
1220,1492,1
1221,1492,1
1222,1492,1
1223,1492,1
1224,1492,1
1225,1492,1
1226,1492,1
1227,1492,1
1228,1492,1
1229,1492,1
1230,1492,1
1231,1492,1
1232,1492,1
1233,1492,1
1234,1492,1
1235,1492,1
1236,1492,1
1237,1492,1
1238,1492,1
1239,1492,1
1240,1492,1
1241,1492,1
1242,1492,1
1243,1492,1
1244,1492,1
1245,1492,1
1246,1492,1
1247,1492,1
1248,1492,1
1249,1492,1
1250,1492,1
1251,1492,1
1252,1492,1
1253,1492,1
1253,1491,1
1254,1491,1
1255,1491,1
1256,1491,1
1257,1491,1
1258,1491,1
1259,1491,1
1260,1491,1
1261,1491,1
1262,1491,1
1263,1491,1
1264,1491,1
1265,1491,1
1266,1491,1
1267,1491,1
1268,1491,1
1269,1491,1
1270,1491,1
1271,1491,1
1272,1491,1
1273,1491,1
1274,1490,1
1275,1490,1
1276,1490,1
1277,1490,1
1278,1490,1
1279,1490,1
1280,1490,1
1281,1490,1
1282,1490,1
1283,1490,1
1284,1490,1
1285,1490,1
1286,1490,1
1287,1490,1
1288,1490,1
1289,1490,1
1290,1490,1
1291,1489,1
1292,1489,1
1293,1489,1
1294,1489,1
1295,1489,1
1296,1489,1
1297,1489,1
1298,1489,1
1299,1489,1
1300,1489,1
1301,1489,1
1302,1489,1
1303,1489,1
1304,1488,1
1305,1488,1
1306,1488,1
1307,1488,1
1308,1488,1
1309,1488,1
1310,1488,1
1311,1488,1
1312,1488,1
1313,1488,1
1314,1488,1
1315,1488,1
1316,1488,1
1317,1487,1
1318,1487,1
1319,1487,1
1320,1487,1
1321,1487,1
1322,1487,1
1323,1487,1
1324,1487,1
1325,1487,1
1326,1487,1
1327,1487,1
1328,1487,1
1329,1486,1
1330,1486,1
1331,1486,1
1332,1486,1
1333,1486,1
1334,1486,1
1335,1486,1
1336,1486,1
1337,1486,1
1338,1486,1
1339,1485,1
1340,1485,1
1341,1485,1
1342,1485,1
1343,1485,1
1344,1485,1
1345,1485,1
1346,1485,1
1347,1485,1
1348,1485,1
1349,1484,1
1350,1484,1
1351,1484,1
1352,1484,1
1353,1484,1
1354,1484,1
1355,1484,1
1356,1484,1
1357,1484,1
1358,1483,1
1359,1483,1
1360,1483,1
1361,1483,1
1362,1483,1
1363,1483,1
1364,1483,1
1365,1483,1
1366,1482,1
1367,1482,1
1368,1482,1
1369,1482,1
1370,1482,1
1371,1482,1
1372,1482,1
1373,1482,1
1374,1481,1
1375,1481,1
1376,1481,1
1377,1481,1
1378,1481,1
1379,1481,1
1380,1481,1
1381,1481,1
1382,1480,1
1383,1480,1
1384,1480,1
1385,1480,1
1386,1480,1
1387,1480,1
1388,1480,1
1389,1479,1
1390,1479,1
1391,1479,1
1392,1479,1
1393,1479,1
1394,1479,1
1395,1479,1
1396,1479,1
1397,1478,1
1398,1478,1
1399,1478,1
1400,1478,1
1401,1478,1
1402,1478,1
1403,1478,1
1404,1477,1
1405,1477,1
1406,1477,1
1407,1477,1
1408,1477,1
1409,1477,1
1410,1477,1
1411,1476,1
1412,1476,1
1413,1476,1
1414,1476,1
1415,1476,1
1416,1476,1
1417,1476,1
1418,1475,1
1419,1475,1
1420,1475,1
1421,1475,1
1422,1475,1
1423,1475,1
1424,1475,1
1425,1474,1
1426,1474,1
1427,1474,1
1428,1474,1
1429,1474,1
1430,1474,1
1431,1474,1
1432,1473,1
1433,1473,1
1434,1473,1
1435,1473,1
1436,1473,1
1437,1473,1
1438,1473,1
1439,1472,1
1440,1472,1
1441,1472,1
1442,1472,1
1443,1472,1
1444,1472,1
1445,1472,1
1446,1471,1
1447,1471,1
1448,1471,1
1449,1471,1
1450,1471,1
1451,1470,1
1452,1470,1
1453,1470,1
1454,1470,1
1455,1470,1
1456,1470,1
1457,1469,1
1458,1469,1
1459,1469,1
1460,1469,1
1461,1469,1
1462,1469,1
1463,1469,1
1464,1468,1
1465,1468,1
1466,1468,1
1467,1468,1
1468,1468,1
1469,1468,1
1470,1467,1
1471,1467,1
1472,1467,1
1473,1467,1
1474,1467,1
1475,1467,1
1476,1466,1
1477,1466,1
1478,1466,1
1479,1466,1
1480,1466,1
1481,1466,1
1482,1465,1
1483,1465,1
1484,1465,1
1485,1465,1
1486,1465,1
1487,1465,1
1488,1464,1
1489,1464,1
1490,1464,1
1491,1464,1
1492,1464,1
1493,1464,1
1494,1464,1
1495,1463,1
1496,1463,1
1497,1463,1
1498,1463,1
1499,1463,1
1500,1462,1
1501,1462,1
1502,1462,1
1503,1462,1
1504,1462,1
1505,1461,1
1506,1461,1
1507,1461,1
1508,1461,1
1509,1461,1
1510,1461,1
1511,1460,1
1512,1460,1
1513,1460,1
1514,1460,1
1515,1460,1
1516,1460,1
1517,1459,1
1518,1459,1
1519,1459,1
1520,1459,1
1521,1459,1
1522,1459,1
1523,1458,1
1524,1458,1
1525,1458,1
1526,1458,1
1527,1458,1
1528,1458,1
1529,1457,1
1530,1457,1
1531,1457,1
1532,1457,1
1533,1457,1
1534,1457,1
1535,1456,1
1536,1456,1
1537,1456,1
1538,1456,1
1539,1456,1
1540,1455,1
1541,1455,1
1542,1455,1
1543,1455,1
1544,1455,1
1545,1455,1
1546,1454,1
1547,1454,1
1548,1454,1
1549,1454,1
1550,1454,1
1551,1454,1
1552,1453,1
1553,1453,1
1554,1453,1
1555,1453,1
1556,1453,1
1557,1453,1
1558,1452,1
1559,1452,1
1560,1452,1
1561,1452,1
1562,1452,1
1563,1451,1
1564,1451,1
1565,1451,1
1566,1451,1
1567,1451,1
1568,1451,1
1569,1450,1
1570,1450,1
1571,1450,1
1572,1450,1
1573,1450,1
1574,1449,1
1575,1449,1
1576,1449,1
1577,1449,1
1578,1449,1
1579,1449,1
1580,1448,1
1581,1448,1
1582,1448,1
1583,1448,1
1584,1448,1
1585,1447,1
1586,1447,1
1587,1447,1
1588,1447,1
1589,1447,1
1590,1447,1
1591,1446,1
1592,1446,1
1593,1446,1
1594,1446,1
1595,1446,1
1596,1446,1
1597,1445,1
1598,1445,1
1599,1445,1
1600,1445,1
1601,1445,1
1602,1445,1
1603,1444,1
1604,1444,1
1605,1444,1
1606,1444,1
1607,1444,1
1608,1443,1
1609,1443,1
1610,1443,1
1611,1443,1
1612,1443,1
1613,1443,1
1614,1442,1
1615,1442,1
1616,1442,1
1617,1442,1
1618,1442,1
1619,1441,1
1620,1441,1
1621,1441,1
1622,1441,1
1623,1441,1
1624,1441,1
1625,1440,1
1626,1440,1
1627,1440,1
1628,1440,1
1629,1440,1
1630,1440,1
1631,1439,1
1632,1439,1
1633,1439,1
1634,1439,1
1635,1439,1
1636,1439,1
1637,1438,1
1638,1438,1
1639,1438,1
1640,1438,1
1641,1437,1
1642,1437,1
1643,1437,1
1644,1437,1
1645,1437,1
1646,1437,1
1647,1436,1
1648,1436,1
1649,1436,1
1650,1436,1
1651,1436,1
1652,1436,1
1653,1435,1
1654,1435,1
1655,1435,1
1656,1435,1
1657,1435,1
1658,1435,1
1659,1434,1
1660,1434,1
1661,1434,1
1662,1434,1
1663,1434,1
1664,1434,1
1665,1433,1
1666,1433,1
1667,1433,1
1668,1433,1
1669,1433,1
1670,1433,1
1671,1432,1
1672,1432,1
1673,1432,1
1674,1432,1
1675,1432,1
1676,1431,1
1677,1431,1
1678,1431,1
1679,1431,1
1680,1431,1
1681,1430,1
1682,1430,1
1683,1430,1
1684,1430,1
1685,1430,1
1686,1430,1
1687,1430,1
1688,1429,1
1689,1429,1
1690,1429,1
1691,1429,1
1692,1429,1
1693,1428,1
1694,1428,1
1695,1428,1
1696,1428,1
1697,1428,1
1698,1427,1
1699,1427,1
1700,1427,1
1701,1427,1
1702,1427,1
1703,1427,1
1704,1426,1
1705,1426,1
1706,1426,1
1707,1426,1
1708,1426,1
1709,1426,1
1710,1425,1
1711,1425,1
1712,1425,1
1713,1425,1
1714,1425,1
1715,1424,1
1716,1424,1
1717,1424,1
1718,1424,1
1719,1424,1
1720,1423,1
1721,1423,1
1722,1423,1
1723,1423,1
1724,1423,1
1725,1422,1
1726,1422,1
1727,1422,1
1728,1422,1
1729,1422,1
1730,1422,1
1731,1421,1
1732,1421,1
1733,1421,1
1734,1421,1
1735,1421,1
1736,1421,1
1737,1420,1
1738,1420,1
1739,1420,1
1740,1420,1
1741,1420,1
1742,1420,1
1743,1419,1
1744,1419,1
1745,1419,1
1746,1419,1
1747,1419,1
1748,1418,1
1749,1418,1
1750,1418,1
1751,1418,1
1752,1418,1
1753,1417,1
1754,1417,1
1755,1417,1
1756,1417,1
1757,1417,1
1758,1417,1
1759,1416,1
1760,1416,1
1761,1416,1
1762,1416,1
1763,1416,1
1764,1416,1
1765,1415,1
1766,1415,1
1767,1415,1
1768,1415,1
1769,1415,1
1770,1415,1
1771,1414,1
1772,1414,1
1773,1414,1
1774,1414,1
1775,1414,1
1776,1413,1
1777,1413,1
1778,1413,1
1779,1413,1
1780,1413,1
1781,1412,1
1782,1412,1
1783,1412,1
1784,1412,1
1785,1412,1
1786,1411,1
1787,1411,1
1788,1411,1
1789,1411,1
1790,1411,1
1791,1410,1
1792,1410,1
1793,1410,1
1794,1410,1
1795,1409,1
1796,1409,1
1797,1409,1
1798,1409,1
1799,1408,1
1800,1408,1
1801,1408,1
1802,1407,1
1803,1407,1
1804,1407,1
1805,1407,1
1806,1406,1
1807,1406,1
1808,1406,1
1809,1405,1
1810,1404,1
1811,1404,1
1811,1403,1
1811,1402,1
1812,1401,1
1813,1400,1
1778,1128,0
1773,797,1
1773,798,1
1773,799,1
1773,800,1
1773,801,1
1773,802,1
1773,803,1
1773,804,1
1773,805,1
1774,806,1
1774,807,1
1774,808,1
1775,809,1
1775,810,1
1775,811,1
1775,812,1
1776,813,1
1776,814,1
1776,815,1
1776,816,1
1777,817,1
1777,818,1
1777,819,1
1778,820,1
1778,821,1
1778,822,1
1779,822,1
1779,823,1
1779,824,1
1780,825,1
1780,826,1
1781,827,1
1781,828,1
1782,829,1
1782,830,1
1783,831,1
1783,832,1
1784,833,1
1784,834,1
1785,834,1
1786,835,1
1786,836,1
1787,837,1
1788,837,1
1788,838,1
1789,839,1
1790,840,1
1791,841,1
1791,842,1
1792,842,1
1793,843,1
1794,844,1
1795,845,1
1796,846,1
1797,846,1
1797,847,1
1798,847,1
1799,848,1
1800,848,1
1800,849,1
1801,849,1
1802,850,1
1803,850,1
1804,851,1
1805,852,1
1806,852,1
1807,852,1
1808,853,1
1809,854,1
1810,854,1
1811,855,1
1812,855,1
1813,856,1
1814,856,1
1815,856,1
1816,857,1
1817,858,1
1818,858,1
1819,858,1
1820,858,1
1821,859,1
1822,859,1
1823,859,1
1824,860,1
1825,860,1
1826,860,1
1827,861,1
1828,861,1
1829,861,1
1830,861,1
1831,861,1
1831,862,1
1832,862,1
1833,862,1
1834,863,1
1835,864,1
1836,864,1
1837,864,1
1837,865,1
1838,865,1
1839,865,1
1839,866,1
1840,866,1
1841,866,1
1842,866,1
1843,867,1
1844,867,1
1845,868,1
1846,868,1
1847,868,1
1848,869,1
1849,869,1
1850,869,1
1851,869,1
1852,870,1
1853,870,1
1854,870,1
1855,870,1
1856,871,1
1857,871,1
1858,871,1
1859,871,1
1860,871,1
1861,871,1
1861,872,1
1862,872,1
1863,872,1
1864,872,1
1865,872,1
1866,872,1
1867,872,1
1868,872,1
1869,872,1
1870,872,1
1871,873,1
1872,873,1
1873,873,1
1874,873,1
1875,873,1
1876,873,1
1877,873,1
1878,873,1
1879,873,1
1880,873,1
1881,873,1
1882,873,1
1883,873,1
1884,872,1
1885,872,1
1886,872,1
1887,872,1
1888,872,1
1889,872,1
1890,872,1
1891,872,1
1892,871,1
1893,871,1
1894,871,1
1895,871,1
1896,871,1
1897,870,1
1898,870,1
1899,870,1
1900,870,1
1901,870,1
1902,869,1
1903,869,1
1904,869,1
1905,868,1
1906,868,1
1907,868,1
1908,868,1
1908,867,1
1909,867,1
1910,867,1
1911,866,1
1912,866,1
1913,866,1
1914,865,1
1915,865,1
1916,865,1
1916,864,1
1917,864,1
1918,863,1
1919,863,1
1920,863,1
1920,862,1
1921,862,1
1922,862,1
1923,861,1
1924,860,1
1925,860,1
1926,860,1
1927,859,1
1928,858,1
1929,858,1
1930,857,1
1931,857,1
1932,856,1
1933,856,1
1933,855,1
1934,855,1
1935,854,1
1936,853,1
1937,853,1
1938,852,1
1939,851,1
1940,851,1
1940,850,1
1941,850,1
1942,849,1
1943,849,1
1943,848,1
1944,848,1
1945,847,1
1945,846,1
1946,846,1
1947,845,1
1948,844,1
1949,844,1
1949,843,1
1950,842,1
1951,842,1
1952,841,1
1953,840,1
1954,839,1
1955,838,1
1955,837,1
1956,837,1
1957,836,1
1958,835,1
1959,834,1
1960,833,1
1961,832,1
1961,831,1
1962,831,1
1962,830,1
1963,829,1
1964,829,1
1964,828,1
1965,827,1
1966,826,1
1967,825,1
1967,824,1
1968,824,1
1968,823,1
1969,822,1
1970,821,1
1971,820,1
1971,819,1
1972,819,1
1972,818,1
1973,817,1
1973,816,1
1974,816,1
1975,815,1
1975,814,1
1976,813,1
1977,812,1
1977,811,1
1978,810,1
1979,809,1
1979,808,1
1980,807,1
1980,806,1
1981,806,1
1981,805,1
1982,804,1
1982,803,1
1983,802,1
1984,801,1
1984,800,1
1985,799,1
1985,798,1
1986,798,1
1986,797,1
1987,796,1
1987,795,1
1987,794,1
1988,794,1
1988,793,1
1989,792,1
1989,791,1
1990,790,1
1991,789,1
1991,788,1
1991,787,1
1992,786,1
1992,785,1
1993,785,1
1993,784,1
1994,783,1
1994,782,1
1994,781,1
1995,780,1
1996,779,1
1996,778,1
1997,777,1
1997,776,1
1997,775,1
1998,775,1
1998,774,1
1999,773,1
1999,772,1
1999,771,1
2000,771,1
2000,770,1
2001,769,1
2001,768,1
2002,767,1
2002,766,1
2003,765,1
2003,764,1
2004,763,1
2004,762,1
2005,761,1
2006,760,1
2006,759,1
2007,758,1
2007,757,1
2008,756,1
2008,755,1
2009,754,1
2009,753,1
2010,752,1
2010,751,1
2011,751,1
2011,750,1
2011,749,1
2012,749,1
2012,748,1
2013,747,1
2013,746,1
2014,746,1
2014,745,1
2014,744,1
2015,744,1
2015,743,1
2016,742,1
2016,741,1
2017,741,1
2017,740,1
2018,739,1
2018,738,1
2019,738,1
2019,737,1
2020,737,1
2020,736,1
2021,736,1
2021,735,1
2022,735,1
2023,735,1
2024,735,1
2025,735,1
2025,736,1
2026,736,1
2026,737,1
2026,738,1
2027,738,1
2027,739,1
2027,740,1
2027,741,1
2028,741,1
2028,742,1
2028,743,1
2028,744,1
2028,745,1
2028,746,1
2029,747,1
2029,748,1
2029,749,1
2029,750,1
2029,751,1
2029,752,1
2029,753,1
2029,754,1
2029,755,1
2029,756,1
2030,756,1
2030,757,1
2030,758,1
2030,759,1
2030,760,1
2030,761,1
2030,762,1
2030,763,1
2030,764,1
2030,765,1
2030,766,1
2030,767,1
2030,768,1
2030,769,1
2030,770,1
2030,771,1
2030,772,1
2030,773,1
2030,774,1
2030,775,1
2030,776,1
2030,777,1
2030,778,1
2030,779,1
2030,780,1
2030,781,1
2030,782,1
2030,783,1
2030,784,1
2030,785,1
2030,786,1
2030,787,1
2030,788,1
2030,789,1
2030,790,1
2030,791,1
2030,792,1
2030,793,1
2030,794,1
2030,795,1
2030,796,1
2030,797,1
2030,798,1
2030,799,1
2030,800,1
2030,801,1
2030,802,1
2030,803,1
2030,804,1
2030,805,1
2030,806,1
2030,807,1
2030,808,1
2030,809,1
2030,810,1
2030,811,1
2030,812,1
2030,813,1
2030,814,1
2030,815,1
2030,816,1
2030,817,1
2029,818,1
2029,819,1
2029,820,1
2029,821,1
2029,822,1
2029,823,1
2029,824,1
2029,825,1
2029,826,1
2029,827,1
2029,828,1
2029,829,1
2029,830,1
2029,831,1
2029,832,1
2029,833,1
2029,834,1
2029,835,1
2029,836,1
2029,837,1
2029,838,1
2029,839,1
2029,840,1
2029,841,1
2029,842,1
2029,843,1
2028,844,1
2028,845,1
2028,846,1
2028,847,1
2028,848,1
2028,849,1
2028,850,1
2028,851,1
2028,852,1
2028,853,1
2028,854,1
2028,855,1
2028,856,1
2028,857,1
2028,858,1
2028,859,1
2028,860,1
2028,861,1
2028,862,1
2028,863,1
2028,864,1
2028,865,1
2028,866,1
2028,867,1
2028,868,1
2028,869,1
2028,870,1
2028,871,1
2028,872,1
2027,873,1
2027,874,1
2027,875,1
2027,876,1
2027,877,1
2027,878,1
2027,879,1
2027,880,1
2027,881,1
2027,882,1
2027,883,1
2027,884,1
2027,885,1
2027,886,1
2027,887,1
2027,888,1
2027,889,1
2027,890,1
2027,891,1
2027,892,1
2027,893,1
2027,894,1
2027,895,1
2027,896,1
2027,897,1
2027,898,1
2027,899,1
2027,900,1
2027,901,1
2027,902,1
2026,903,1
2026,904,1
2026,905,1
2026,906,1
2026,907,1
2026,908,1
2026,909,1
2026,910,1
2026,911,1
2026,912,1
2026,913,1
2026,914,1
2026,915,1
2026,916,1
2026,917,1
2026,918,1
2026,919,1
2026,920,1
2026,921,1
2026,922,1
2026,923,1
2026,924,1
2026,925,1
2026,926,1
2026,927,1
2026,928,1
2026,929,1
2026,930,1
2026,931,1
2025,932,1
2025,933,1
2025,934,1
2025,935,1
2025,936,1
2025,937,1
2025,938,1
2025,939,1
2025,940,1
2025,941,1
2025,942,1
2025,943,1
2025,944,1
2025,945,1
2025,946,1
2025,947,1
2025,948,1
2025,949,1
2025,950,1
2025,951,1
2025,952,1
2025,953,1
2025,954,1
2025,955,1
2024,956,1
2024,957,1
2024,958,1
2024,959,1
2024,960,1
2024,961,1
2024,962,1
2024,963,1
2024,964,1
2024,965,1
2024,966,1
2024,967,1
2024,968,1
2024,969,1
2024,970,1
2024,971,1
2024,972,1
2024,973,1
2024,974,1
2024,975,1
2024,976,1
2024,977,1
2024,978,1
2024,979,1
2024,980,1
2024,981,1
2024,982,1
2023,983,1
2023,984,1
2023,985,1
2023,986,1
2023,987,1
2023,988,1
2023,989,1
2023,990,1
2023,991,1
2023,992,1
2023,993,1
2023,994,1
2023,995,1
2023,996,1
2023,997,1
2023,998,1
2023,999,1
2023,1000,1
2023,1001,1
2023,1002,1
2023,1003,1
2023,1004,1
2023,1005,1
2023,1006,1
2023,1007,1
2023,1008,1
2023,1009,1
2023,1010,1
2023,1011,1
2022,1012,1
2022,1013,1
2022,1014,1
2022,1015,1
2022,1016,1
2022,1017,1
2022,1018,1
2022,1019,1
2022,1020,1
2022,1021,1
2022,1022,1
2022,1023,1
2022,1024,1
2022,1025,1
2022,1026,1
2022,1027,1
2022,1028,1
2022,1029,1
2022,1030,1
2022,1031,1
2022,1032,1
2022,1033,1
2022,1034,1
2022,1035,1
2022,1036,1
2022,1037,1
2022,1038,1
2022,1039,1
2022,1040,1
2022,1041,1
2022,1042,1
2022,1043,1
2022,1044,1
2022,1045,1
2021,1045,1
2021,1046,1
2021,1047,1
2021,1048,1
2021,1049,1
2021,1050,1
2021,1051,1
2021,1052,1
2021,1053,1
2021,1054,1
2021,1055,1
2021,1056,1
2021,1057,1
2021,1058,1
2021,1059,1
2021,1060,1
2021,1061,1
2021,1062,1
2021,1063,1
2021,1064,1
2021,1065,1
2021,1066,1
2021,1067,1
2021,1068,1
2021,1069,1
2021,1070,1
2021,1071,1
2021,1072,1
2021,1073,1
2021,1074,1
2021,1075,1
2021,1076,1
2021,1077,1
2021,1078,1
2021,1079,1
2021,1080,1
2021,1081,1
2021,1082,1
2021,1083,1
2021,1084,1
2021,1085,1
2021,1086,1
2021,1087,1
2021,1088,1
2021,1089,1
2021,1090,1
2021,1091,1
2021,1092,1
2021,1093,1
2021,1094,1
2021,1095,1
2021,1096,1
2021,1097,1
2020,1098,1
2020,1099,1
2020,1100,1
2020,1101,1
2020,1102,1
2020,1103,1
2020,1104,1
2020,1105,1
2020,1106,1
2020,1107,1
2020,1108,1
2020,1109,1
2020,1110,1
2020,1111,1
2020,1112,1
2020,1113,1
2020,1114,1
2020,1115,1
2020,1116,1
2020,1117,1
2020,1118,1
2020,1119,1
2020,1120,1
2020,1121,1
2020,1122,1
2020,1123,1
2020,1124,1
2020,1125,1
2020,1126,1
2020,1127,1
2020,1128,1
2020,1129,1
2020,1130,1
2020,1131,1
2020,1132,1
2020,1133,1
2020,1134,1
2020,1135,1
2020,1136,1
2020,1137,1
2020,1138,1
2020,1139,1
2020,1140,1
2020,1141,1
2020,1142,1
2020,1143,1
2020,1144,1
2020,1145,1
2020,1146,1
2020,1147,1
2020,1148,1
2020,1149,1
2020,1150,1
2020,1151,1
2020,1152,1
2020,1153,1
2020,1154,1
2020,1155,1
2020,1156,1
2020,1157,1
2020,1158,1
2020,1159,1
2020,1160,1
2020,1161,1
2020,1162,1
2021,1162,1
2021,1163,1
2021,1164,1
2021,1165,1
2022,1165,1
2022,1164,1
2023,1163,1
1829,666,0
1593,237,1
1594,236,1
1595,235,1
1596,234,1
1596,233,1
1597,233,1
1597,232,1
1598,231,1
1599,230,1
1600,230,1
1601,229,1
1601,228,1
1602,227,1
1603,226,1
1604,225,1
1605,224,1
1606,223,1
1607,223,1
1608,222,1
1609,221,1
1610,221,1
1611,220,1
1612,220,1
1613,219,1
1614,218,1
1615,218,1
1616,218,1
1617,217,1
1618,217,1
1619,216,1
1620,216,1
1621,215,1
1622,215,1
1623,215,1
1624,214,1
1625,214,1
1626,214,1
1627,214,1
1628,213,1
1629,213,1
1630,213,1
1631,213,1
1632,212,1
1633,212,1
1634,212,1
1635,212,1
1636,212,1
1637,211,1
1638,211,1
1639,211,1
1640,211,1
1641,211,1
1642,211,1
1643,211,1
1644,211,1
1645,211,1
1646,210,1
1647,210,1
1648,210,1
1649,210,1
1650,210,1
1651,210,1
1652,210,1
1653,210,1
1654,210,1
1655,210,1
1656,210,1
1657,210,1
1658,210,1
1659,210,1
1660,210,1
1661,210,1
1662,211,1
1663,211,1
1664,211,1
1665,211,1
1666,211,1
1667,211,1
1668,211,1
1669,211,1
1670,211,1
1671,211,1
1672,211,1
1673,211,1
1674,212,1
1675,212,1
1676,212,1
1677,212,1
1678,212,1
1679,212,1
1680,212,1
1681,213,1
1682,213,1
1683,213,1
1684,213,1
1685,213,1
1686,213,1
1687,214,1
1688,214,1
1689,214,1
1690,214,1
1691,214,1
1692,214,1
1693,214,1
1694,214,1
1695,214,1
1696,214,1
1697,214,1
1698,215,1
1699,215,1
1700,215,1
1701,215,1
1702,215,1
1703,215,1
1704,215,1
1705,215,1
1706,215,1
1707,215,1
1708,215,1
1709,216,1
1710,216,1
1711,216,1
1712,216,1
1713,216,1
1714,216,1
1715,217,1
1716,217,1
1717,217,1
1718,217,1
1719,217,1
1720,217,1
1721,218,1
1722,218,1
1723,218,1
1724,218,1
1725,219,1
1726,219,1
1727,219,1
1728,219,1
1729,219,1
1730,220,1
1731,220,1
1732,220,1
1733,221,1
1734,221,1
1735,221,1
1736,222,1
1737,222,1
1738,222,1
1739,222,1
1740,223,1
1741,223,1
1742,223,1
1743,224,1
1744,224,1
1745,224,1
1746,225,1
1747,225,1
1748,225,1
1749,226,1
1750,226,1
1751,226,1
1752,227,1
1753,227,1
1754,227,1
1754,228,1
1755,228,1
1756,228,1
1757,229,1
1758,229,1
1759,230,1
1760,230,1
1761,230,1
1762,231,1
1763,231,1
1764,232,1
1765,232,1
1766,233,1
1767,233,1
1768,233,1
1769,234,1
1770,234,1
1770,235,1
1771,235,1
1772,235,1
1773,236,1
1774,236,1
1775,237,1
1776,237,1
1777,238,1
1778,238,1
1779,239,1
1780,239,1
1781,240,1
1782,240,1
1783,241,1
1784,242,1
1785,242,1
1786,243,1
1787,243,1
1788,244,1
1789,244,1
1790,245,1
1791,245,1
1792,246,1
1793,246,1
1793,247,1
1794,247,1
1795,248,1
1796,248,1
1797,249,1
1798,249,1
1798,250,1
1799,250,1
1800,251,1
1801,251,1
1802,252,1
1803,253,1
1804,253,1
1805,254,1
1806,254,1
1806,255,1
1807,255,1
1808,256,1
1809,256,1
1810,257,1
1810,258,1
1811,258,1
1812,259,1
1813,259,1
1813,260,1
1814,260,1
1815,261,1
1816,261,1
1817,262,1
1818,263,1
1819,263,1
1820,264,1
1820,265,1
1821,265,1
1822,266,1
1823,266,1
1823,267,1
1824,268,1
1825,268,1
1826,269,1
1827,270,1
1828,270,1
1829,271,1
1829,272,1
1830,272,1
1831,273,1
1832,273,1
1832,274,1
1833,275,1
1834,275,1
1835,276,1
1836,277,1
1837,278,1
1838,279,1
1839,280,1
1840,280,1
1840,281,1
1841,281,1
1842,282,1
1842,283,1
1843,283,1
1844,284,1
1845,285,1
1846,286,1
1847,286,1
1847,287,1
1848,288,1
1849,288,1
1849,289,1
1850,290,1
1851,290,1
1851,291,1
1852,292,1
1853,292,1
1853,293,1
1854,294,1
1855,294,1
1855,295,1
1856,296,1
1857,296,1
1858,297,1
1858,298,1
1859,298,1
1860,299,1
1860,300,1
1861,300,1
1862,301,1
1862,302,1
1863,302,1
1864,303,1
1864,304,1
1865,304,1
1866,305,1
1866,306,1
1867,306,1
1868,307,1
1868,308,1
1869,309,1
1870,309,1
1870,310,1
1871,311,1
1872,312,1
1873,313,1
1873,314,1
1874,314,1
1875,315,1
1875,316,1
1876,316,1
1877,317,1
1877,318,1
1878,319,1
1879,319,1
1879,320,1
1880,321,1
1881,322,1
1882,323,1
1882,324,1
1883,324,1
1884,325,1
1884,326,1
1885,327,1
1886,328,1
1887,329,1
1888,330,1
1889,331,1
1889,332,1
1890,332,1
1890,333,1
1891,334,1
1892,335,1
1893,336,1
1893,337,1
1894,338,1
1895,338,1
1895,339,1
1896,340,1
1896,341,1
1897,341,1
1898,342,1
1898,343,1
1899,344,1
1900,345,1
1901,346,1
1901,347,1
1902,347,1
1902,348,1
1903,349,1
1904,350,1
1905,351,1
1905,352,1
1906,353,1
1907,353,1
1907,354,1
1908,355,1
1908,356,1
1909,357,1
1910,357,1
1910,358,1
1911,359,1
1911,360,1
1912,360,1
1913,361,1
1913,362,1
1914,363,1
1915,364,1
1915,365,1
1916,366,1
1917,367,1
1918,368,1
1918,369,1
1919,370,1
1920,370,1
1920,371,1
1921,372,1
1921,373,1
1922,374,1
1923,375,1
1924,376,1
1924,377,1
1925,377,1
1925,378,1
1926,379,1
1927,380,1
1927,381,1
1928,381,1
1928,382,1
1929,383,1
1929,384,1
1930,384,1
1931,385,1
1931,386,1
1932,387,1
1932,388,1
1933,388,1
1934,389,1
1934,390,1
1935,391,1
1936,392,1
1936,393,1
1937,394,1
1938,395,1
1939,396,1
1939,397,1
1940,398,1
1941,398,1
1941,399,1
1942,400,1
1942,401,1
1943,402,1
1944,403,1
1945,404,1
1945,405,1
1946,406,1
1947,407,1
1948,408,1
1948,409,1
1949,410,1
1950,411,1
1951,412,1
1951,413,1
1952,414,1
1953,415,1
1954,416,1
1954,417,1
1955,418,1
1956,419,1
1957,420,1
1957,421,1
1958,422,1
1959,423,1
1960,424,1
1961,425,1
1961,426,1
1962,427,1
1962,428,1
1963,428,1
1964,429,1
1964,430,1
1965,431,1
1965,432,1
1966,432,1
1967,433,1
1967,434,1
1968,435,1
1969,436,1
1970,437,1
1970,438,1
1971,439,1
1972,440,1
1972,441,1
1973,441,1
1974,442,1
1974,443,1
1975,444,1
1975,445,1
1976,445,1
1977,446,1
1977,447,1
1978,448,1
1979,449,1
1979,450,1
1980,450,1
1980,451,1
1981,452,1
1982,453,1
1982,454,1
1983,454,1
1984,455,1
1984,456,1
1985,457,1
1986,458,1
1987,459,1
1987,460,1
1988,461,1
1989,462,1
1990,463,1
1991,464,1
1991,465,1
1992,465,1
1992,466,1
1993,467,1
1994,468,1
1994,469,1
1995,469,1
1996,470,1
1996,471,1
1997,472,1
1997,473,1
1998,473,1
1999,474,1
1999,475,1
2000,476,1
2001,477,1
2002,478,1
2003,479,1
2003,480,1
2004,480,1
2004,481,1
2005,482,1
2006,483,1
2006,484,1
2007,484,1
2008,485,1
2008,486,1
2009,487,1
2010,488,1
2011,489,1
2012,490,1
2012,491,1
2013,491,1
2014,492,1
2014,493,1
2015,494,1
2015,495,1
2016,495,1
2017,496,1
2017,497,1
2018,498,1
2019,498,1
2019,499,1
2020,500,1
2021,501,1
2022,502,1
2023,503,1
2023,504,1
2024,505,1
2025,505,1
2025,506,1
2026,507,1
2027,508,1
2028,509,1
2029,510,1
2030,511,1
2031,512,1
2032,513,1
2032,514,1
2033,514,1
2034,515,1
2034,516,1
2035,517,1
2036,517,1
2036,518,1
2037,519,1
2038,520,1
2039,520,1
2039,521,1
2040,522,1
2041,523,1
2042,524,1
2043,525,1
2043,526,1
2044,526,1
2045,527,1
2046,528,1
2047,529,1
2048,530,1
2048,531,1
2049,531,1
2050,532,1
2051,533,1
2052,534,1
2053,535,1
2053,536,1
2054,536,1
2055,537,1
2056,538,1
2057,539,1
2058,540,1
2058,541,1
2059,541,1
2060,542,1
2061,543,1
2062,544,1
2063,545,1
2063,546,1
2064,546,1
2065,547,1
2066,548,1
2067,549,1
2068,550,1
2068,551,1
2069,552,1
2070,552,1
2071,553,1
2071,554,1
2072,555,1
2073,555,1
2073,556,1
2074,557,1
2075,558,1
2076,559,1
2077,560,1
2078,560,1
2078,561,1
2079,562,1
2080,562,1
2080,563,1
2081,564,1
2082,565,1
2083,566,1
2084,567,1
2085,568,1
2086,569,1
2087,569,1
2087,570,1
2088,571,1
2089,572,1
2090,573,1
2091,574,1
2092,575,1
2093,576,1
2094,576,1
2094,577,1
2095,578,1
2096,578,1
2097,579,1
2097,580,1
2098,580,1
2099,581,1
2100,582,1
2101,583,1
2102,584,1
2103,584,1
2103,585,1
2104,585,1
2105,586,1
2106,587,1
2107,588,1
2108,589,1
2109,589,1
2109,590,1
2110,590,1
2111,591,1
2112,591,1
2112,592,1
2113,593,1
2114,593,1
2115,594,1
2116,594,1
2116,595,1
2117,596,1
2118,596,1
2119,597,1
2120,597,1
2120,598,1
2121,598,1
2122,599,1
2123,599,1
2123,600,1
2124,601,1
2125,601,1
2126,602,1
2127,603,1
2128,603,1
2128,604,1
2129,604,1
2130,605,1
2131,606,1
2132,606,1
2132,607,1
2133,607,1
2134,608,1
2135,609,1
2136,609,1
2136,610,1
2137,610,1
2138,610,1
2139,610,1
2140,610,1
2464,696,0
2877,810,1
2876,810,1
2875,810,1
2874,810,1
2873,810,1
2872,810,1
2871,810,1
2870,810,1
2869,810,1
2868,810,1
2867,810,1
2866,810,1
2865,810,1
2864,810,1
2863,809,1
2862,809,1
2861,809,1
2860,809,1
2859,809,1
2858,809,1
2857,809,1
2856,809,1
2855,809,1
2855,808,1
2854,808,1
2853,808,1
2852,808,1
2851,808,1
2850,808,1
2849,808,1
2848,808,1
2847,808,1
2846,808,1
2845,808,1
2844,808,1
2843,808,1
2842,808,1
2841,808,1
2840,808,1
2839,808,1
2838,808,1
2837,808,1
2836,808,1
2835,808,1
2834,808,1
2833,808,1
2832,808,1
2831,808,1
2830,808,1
2829,808,1
2828,808,1
2827,808,1
2826,808,1
2825,808,1
2824,808,1
2823,808,1
2822,808,1
2821,808,1
2820,808,1
2819,808,1
2818,808,1
2817,809,1
2816,809,1
2815,809,1
2814,809,1
2813,809,1
2812,809,1
2811,809,1
2810,809,1
2809,809,1
2808,809,1
2807,809,1
2806,810,1
2805,810,1
2804,810,1
2803,810,1
2802,810,1
2801,810,1
2800,810,1
2799,810,1
2798,810,1
2797,811,1
2796,811,1
2795,811,1
2794,811,1
2793,811,1
2792,811,1
2791,811,1
2790,811,1
2789,812,1
2788,812,1
2787,812,1
2786,812,1
2785,812,1
2784,812,1
2783,813,1
2782,813,1
2781,813,1
2780,813,1
2779,813,1
2778,814,1
2777,814,1
2776,814,1
2775,814,1
2774,814,1
2773,814,1
2772,815,1
2771,815,1
2770,815,1
2769,815,1
2768,815,1
2767,815,1
2766,815,1
2765,816,1
2764,816,1
2763,816,1
2762,816,1
2761,816,1
2760,816,1
2759,817,1
2758,817,1
2757,817,1
2756,817,1
2755,817,1
2754,817,1
2753,818,1
2752,818,1
2751,818,1
2750,818,1
2749,818,1
2749,819,1
2748,819,1
2747,819,1
2746,819,1
2745,819,1
2744,820,1
2743,820,1
2742,820,1
2741,820,1
2740,821,1
2739,821,1
2738,821,1
2737,821,1
2736,822,1
2735,822,1
2734,822,1
2733,823,1
2732,823,1
2731,823,1
2730,823,1
2729,824,1
2728,824,1
2727,824,1
2726,824,1
2725,825,1
2724,825,1
2723,826,1
2722,826,1
2721,826,1
2720,827,1
2719,827,1
2718,827,1
2717,828,1
2716,828,1
2715,828,1
2714,829,1
2713,829,1
2712,830,1
2711,830,1
2710,831,1
2709,831,1
2708,831,1
2707,832,1
2706,832,1
2705,833,1
2704,833,1
2703,834,1
2702,834,1
2701,835,1
2700,835,1
2699,836,1
2698,836,1
2697,837,1
2696,837,1
2696,838,1
2695,838,1
2694,839,1
2693,839,1
2692,840,1
2691,840,1
2691,841,1
2690,841,1
2689,842,1
2688,842,1
2687,843,1
2686,844,1
2685,844,1
2685,845,1
2684,845,1
2683,846,1
2682,847,1
2681,848,1
2680,848,1
2679,849,1
2678,850,1
2677,851,1
2676,851,1
2676,852,1
2675,852,1
2675,853,1
2674,853,1
2673,854,1
2672,854,1
2672,855,1
2671,855,1
2671,856,1
2670,856,1
2669,857,1
2668,857,1
2668,858,1
2667,858,1
2666,859,1
2665,860,1
2664,860,1
2663,861,1
2662,861,1
2662,862,1
2661,862,1
2660,863,1
2659,863,1
2659,864,1
2658,864,1
2657,865,1
2656,865,1
2655,866,1
2654,866,1
2653,867,1
2652,867,1
2652,868,1
2651,868,1
2650,868,1
2649,868,1
2649,869,1
2648,869,1
2647,869,1
2646,869,1
2646,870,1
2645,870,1
2644,870,1
2643,870,1
2642,871,1
2641,871,1
2640,871,1
2639,871,1
2638,871,1
2637,871,1
2636,872,1
2635,872,1
2634,872,1
2633,872,1
2632,872,1
2631,872,1
2630,872,1
2629,872,1
2628,872,1
2627,872,1
2626,872,1
2625,872,1
2624,872,1
2623,871,1
2622,871,1
2621,871,1
2620,871,1
2619,871,1
2618,871,1
2617,871,1
2617,870,1
2616,870,1
2616,869,1
2615,869,1
2615,868,1
2614,868,1
2614,867,1
2613,867,1
2613,866,1
2612,865,1
2611,864,1
2610,863,1
2610,862,1
2609,862,1
2609,861,1
2608,861,1
2607,860,1
2606,860,1
2605,859,1
2604,858,1
2603,858,1
2603,857,1
2602,857,1
2601,856,1
2600,856,1
2599,855,1
2598,855,1
2597,854,1
2596,854,1
2595,853,1
2594,853,1
2593,853,1
2592,853,1
2591,852,1
2590,852,1
2589,852,1
2589,851,1
2588,851,1
2587,851,1
2586,851,1
2585,851,1
2584,850,1
2583,850,1
2582,850,1
2581,850,1
2580,850,1
2579,850,1
2578,850,1
2577,850,1
2576,850,1
2575,850,1
2574,850,1
2573,850,1
2572,850,1
2571,850,1
2570,850,1
2569,850,1
2568,850,1
2567,850,1
2566,850,1
2565,850,1
2564,850,1
2563,850,1
2562,850,1
2561,850,1
2560,851,1
2559,851,1
2558,851,1
2557,851,1
2556,851,1
2555,851,1
2554,851,1
2553,851,1
2552,851,1
2551,852,1
2550,852,1
2549,853,1
2548,853,1
2547,853,1
2923,819,0
3267,753,1
3267,754,1
3267,755,1
3267,756,1
3267,757,1
3267,758,1
3267,759,1
3267,760,1
3267,761,1
3267,762,1
3266,763,1
3266,764,1
3266,765,1
3265,766,1
3265,767,1
3265,768,1
3265,769,1
3265,770,1
3265,771,1
3265,772,1
3265,773,1
3264,774,1
3264,775,1
3264,776,1
3264,777,1
3263,778,1
3263,779,1
3262,780,1
3261,781,1
3261,782,1
3260,782,1
3259,782,1
3258,783,1
3257,783,1
3256,783,1
3255,783,1
3254,783,1
3253,783,1
3252,783,1
3251,783,1
3250,783,1
3249,783,1
3248,783,1
3247,783,1
3246,783,1
3245,783,1
3244,783,1
3243,783,1
3242,783,1
3241,783,1
3240,783,1
3239,783,1
3238,783,1
3237,783,1
3236,783,1
3235,783,1
3234,783,1
3233,783,1
3232,783,1
3231,783,1
3230,783,1
3229,783,1
3228,783,1
3227,783,1
3226,783,1
3225,783,1
3224,783,1
3223,783,1
3222,783,1
3221,783,1
3220,782,1
3219,782,1
3218,782,1
3217,782,1
3216,782,1
3215,782,1
3214,782,1
3213,782,1
3212,782,1
3211,782,1
3210,782,1
3209,781,1
3208,781,1
3207,781,1
3206,781,1
3205,781,1
3204,781,1
3203,781,1
3202,782,1
3201,782,1
3200,782,1
3199,782,1
3198,782,1
3197,782,1
3196,782,1
3195,782,1
3194,782,1
3193,782,1
3192,782,1
3191,782,1
3190,782,1
3189,782,1
3188,782,1
3187,782,1
3186,782,1
3185,782,1
3184,782,1
3183,782,1
3182,782,1
3181,782,1
3180,782,1
3179,782,1
3178,782,1
3177,782,1
3176,782,1
3175,782,1
3174,782,1
3173,782,1
3172,782,1
3171,782,1
3170,782,1
3169,782,1
3168,782,1
3167,782,1
3166,782,1
3165,782,1
3164,782,1
3163,782,1
3163,781,1
3162,781,1
3161,781,1
3160,781,1
3159,781,1
3158,781,1
3157,781,1
3156,781,1
3155,781,1
3154,781,1
3153,781,1
3152,781,1
3151,781,1
3150,781,1
3149,781,1
3148,781,1
3147,781,1
3146,781,1
3145,781,1
3144,781,1
3143,781,1
3142,781,1
3141,781,1
3140,781,1
3139,781,1
3138,781,1
3137,781,1
3136,781,1
3135,781,1
3134,781,1
3133,781,1
3132,781,1
3131,781,1
3130,781,1
3129,781,1
3128,781,1
3127,782,1
3126,782,1
3125,782,1
3124,782,1
3123,782,1
3122,782,1
3121,782,1
3120,782,1
3119,782,1
3118,782,1
3117,783,1
3116,783,1
3115,783,1
3114,783,1
3113,783,1
3112,783,1
3111,783,1
3110,784,1
3109,784,1
3108,784,1
3107,784,1
3106,784,1
3105,784,1
3104,785,1
3103,785,1
3102,785,1
3101,785,1
3100,785,1
3099,786,1
3098,786,1
3097,786,1
3096,786,1
3095,786,1
3094,787,1
3093,787,1
3092,787,1
3091,787,1
3090,788,1
3089,788,1
3088,788,1
3087,788,1
3086,789,1
3085,789,1
3084,789,1
3083,789,1
3082,790,1
3081,790,1
3080,790,1
3079,791,1
3078,791,1
3077,791,1
3076,791,1
3076,792,1
3075,792,1
3074,792,1
3073,793,1
3072,793,1
3071,793,1
3070,794,1
3069,794,1
3068,794,1
3067,795,1
3066,795,1
3065,796,1
3064,796,1
3063,797,1
3062,797,1
3061,798,1
3060,798,1
3059,799,1
3058,799,1
3057,799,1
3057,800,1
3056,800,1
3055,801,1
3054,801,1
3053,802,1
3052,802,1
3051,803,1
3050,804,1
3049,804,1
3048,805,1
3047,805,1
3046,806,1
3045,807,1
3044,807,1
3044,808,1
3043,808,1
3042,809,1
3041,810,1
3040,810,1
3040,811,1
3039,812,1
3038,812,1
3038,813,1
3037,813,1
3036,814,1
3035,815,1
3034,815,1
3034,816,1
3033,817,1
3032,818,1
3031,818,1
3031,819,1
3030,820,1
3029,821,1
3028,821,1
3028,822,1
3027,823,1
3026,824,1
3026,825,1
3025,825,1
3025,826,1
3024,826,1
3023,827,1
3023,828,1
3022,828,1
3022,829,1
3021,830,1
3020,831,1
3020,832,1
3019,832,1
3019,833,1
3018,834,1
3017,835,1
3017,836,1
3016,837,1
3016,838,1
3015,839,1
3014,840,1
3014,841,1
3013,842,1
3013,843,1
3012,844,1
3011,845,1
3011,846,1
3011,847,1
3010,847,1
3010,848,1
3010,849,1
3009,850,1
3009,851,1
3008,852,1
3008,853,1
3007,854,1
3007,855,1
3007,856,1
3006,856,1
3006,857,1
3006,858,1
3006,859,1
3005,860,1
3005,861,1
3005,862,1
3004,863,1
3004,864,1
3004,865,1
3003,866,1
3003,867,1
3003,868,1
3003,869,1
3002,870,1
3002,871,1
3002,872,1
3002,873,1
3002,874,1
3002,875,1
3001,875,1
3001,876,1
3001,877,1
3001,878,1
3001,879,1
3001,880,1
3001,881,1
3001,882,1
3001,883,1
3000,884,1
3000,885,1
3000,886,1
3000,887,1
3000,888,1
3000,889,1
3000,890,1
3000,891,1
3000,892,1
3000,893,1
3000,894,1
3000,895,1
3000,896,1
3000,897,1
3001,897,1
3001,898,1
3001,899,1
3001,900,1
3001,901,1
3001,902,1
3001,903,1
3001,904,1
3001,905,1
3001,906,1
3001,907,1
3002,907,1
3002,908,1
3002,909,1
3002,910,1
3002,911,1
3002,912,1
3003,913,1
3003,914,1
3003,915,1
3003,916,1
3003,917,1
3004,918,1
3004,919,1
3004,920,1
3004,921,1
3004,922,1
3005,922,1
3005,923,1
3005,924,1
3005,925,1
3006,926,1
3006,927,1
3006,928,1
3007,929,1
3007,930,1
3007,931,1
3008,931,1
3008,932,1
3008,933,1
3008,934,1
3009,935,1
3009,936,1
3010,937,1
3010,938,1
3010,939,1
3011,940,1
3011,941,1
3012,942,1
3012,943,1
3013,944,1
3013,945,1
3014,946,1
3014,947,1
3015,948,1
3015,949,1
3016,950,1
3016,951,1
3017,951,1
3017,952,1
3018,953,1
3018,954,1
3019,955,1
3019,956,1
3020,957,1
3020,958,1
3021,958,1
3021,959,1
3022,960,1
3023,961,1
3023,962,1
3024,963,1
3025,964,1
3025,965,1
3026,966,1
3027,967,1
3027,968,1
3028,968,1
3028,969,1
3029,970,1
3030,971,1
3031,972,1
3031,973,1
3032,973,1
3032,974,1
3033,975,1
3034,975,1
3034,976,1
3035,977,1
3036,978,1
3037,979,1
3038,980,1
3038,981,1
3039,981,1
3040,982,1
3040,983,1
3041,983,1
3041,984,1
3042,985,1
3043,985,1
3043,986,1
3044,987,1
3045,987,1
3045,988,1
3046,988,1
3047,989,1
3047,990,1
3048,990,1
3049,991,1
3050,992,1
3051,993,1
3052,994,1
3053,994,1
3054,995,1
3054,996,1
3055,996,1
3056,997,1
3057,998,1
3058,998,1
3058,999,1
3059,1000,1
3060,1000,1
3061,1001,1
3062,1002,1
3063,1002,1
3064,1003,1
3065,1004,1
3066,1005,1
3067,1006,1
3068,1006,1
3069,1007,1
3070,1007,1
3070,1008,1
3071,1008,1
3072,1009,1
3073,1009,1
3073,1010,1
3074,1010,1
3075,1011,1
3076,1011,1
3077,1012,1
3078,1013,1
3079,1013,1
3080,1014,1
3081,1015,1
3082,1015,1
3083,1016,1
3084,1016,1
3084,1017,1
3085,1017,1
3086,1018,1
3087,1018,1
3088,1019,1
3089,1019,1
3089,1020,1
3090,1020,1
3091,1021,1
3092,1021,1
3093,1022,1
3094,1022,1
3095,1023,1
3096,1023,1
3097,1024,1
3098,1025,1
3099,1025,1
3100,1026,1
3101,1026,1
3102,1027,1
3103,1027,1
3104,1028,1
3105,1028,1
3106,1029,1
3107,1030,1
3108,1030,1
3109,1030,1
3110,1031,1
3111,1032,1
3112,1032,1
3113,1033,1
3114,1033,1
3115,1033,1
3115,1034,1
3116,1034,1
3117,1035,1
3118,1035,1
3119,1035,1
3119,1036,1
3120,1036,1
3121,1037,1
3122,1037,1
3123,1038,1
3124,1038,1
3125,1039,1
3126,1039,1
3127,1040,1
3128,1040,1
3129,1041,1
3130,1041,1
3131,1042,1
3132,1042,1
3133,1043,1
3134,1043,1
3135,1044,1
3136,1044,1
3137,1045,1
3138,1045,1
3139,1046,1
3140,1046,1
3140,1047,1
3141,1047,1
3142,1047,1
3143,1048,1
3144,1048,1
3144,1049,1
3145,1049,1
3146,1049,1
3147,1050,1
3148,1051,1
3149,1051,1
3150,1052,1
3151,1052,1
3152,1053,1
3153,1053,1
3154,1054,1
3155,1055,1
3156,1055,1
3157,1055,1
3157,1056,1
3158,1056,1
3159,1057,1
3160,1057,1
3160,1058,1
3161,1058,1
3162,1059,1
3163,1059,1
3164,1060,1
3165,1061,1
3166,1061,1
3166,1062,1
3167,1062,1
3168,1063,1
3169,1064,1
3170,1064,1
3171,1065,1
3172,1066,1
3173,1066,1
3173,1067,1
3174,1067,1
3174,1068,1
3175,1068,1
3176,1069,1
3177,1070,1
3178,1071,1
3179,1071,1
3179,1072,1
3180,1072,1
3180,1073,1
3181,1073,1
3181,1074,1
3182,1074,1
3182,1075,1
3183,1075,1
3183,1076,1
3184,1076,1
3184,1077,1
3185,1077,1
3185,1078,1
3186,1079,1
3186,1080,1
3187,1080,1
3187,1081,1
3188,1081,1
3188,1082,1
3188,1083,1
3189,1083,1
3189,1084,1
3189,1085,1
3190,1085,1
3190,1086,1
3190,1087,1
3191,1087,1
3191,1088,1
3191,1089,1
3191,1090,1
3191,1091,1
3191,1092,1
3192,1092,1
3192,1093,1
3192,1094,1
3191,1094,1
3191,1095,1
3191,1096,1
3191,1097,1
3191,1098,1
3191,1099,1
3190,1099,1
3190,1100,1
3190,1101,1
3189,1101,1
3189,1102,1
3188,1103,1
3188,1104,1
3187,1104,1
3187,1105,1
3186,1105,1
3186,1106,1
3185,1106,1
3185,1107,1
3184,1107,1
3183,1108,1
3182,1109,1
3181,1109,1
3181,1110,1
3180,1110,1
3179,1110,1
3179,1111,1
3178,1111,1
3177,1111,1
3177,1112,1
3176,1112,1
3175,1112,1
3174,1113,1
3173,1113,1
3172,1114,1
3171,1114,1
3170,1114,1
3169,1115,1
3168,1115,1
3167,1115,1
3166,1116,1
3165,1116,1
3164,1116,1
3163,1116,1
3162,1117,1
3161,1117,1
3160,1117,1
3159,1117,1
3158,1118,1
3157,1118,1
3156,1118,1
3155,1118,1
3154,1118,1
3153,1119,1
3152,1119,1
3151,1119,1
3150,1119,1
3149,1119,1
3148,1119,1
3147,1119,1
3147,1120,1
3146,1120,1
3145,1120,1
3144,1120,1
3143,1120,1
3142,1120,1
3141,1120,1
3140,1120,1
3139,1120,1
3138,1120,1
3137,1121,1
3136,1121,1
3135,1121,1
3134,1121,1
3133,1121,1
3132,1121,1
3131,1121,1
3130,1121,1
3129,1121,1
3128,1121,1
3127,1121,1
3126,1121,1
3125,1121,1
3124,1121,1
3123,1121,1
3122,1121,1
3121,1121,1
3120,1121,1
3119,1121,1
3118,1121,1
3117,1121,1
3116,1121,1
3115,1121,1
3114,1121,1
3113,1121,1
3112,1121,1
3111,1121,1
3110,1121,1
3109,1121,1
3108,1122,1
3107,1122,1
3106,1122,1
3105,1122,1
3104,1122,1
3103,1122,1
3102,1122,1
3101,1122,1
3100,1122,1
3099,1122,1
3098,1122,1
3097,1122,1
3096,1122,1
3095,1122,1
3094,1122,1
3093,1122,1
3092,1122,1
3091,1122,1
3090,1122,1
3089,1122,1
3088,1122,1
3087,1122,1
3086,1122,1
3085,1122,1
3084,1122,1
3083,1122,1
3082,1122,1
3081,1122,1
3080,1122,1
3079,1122,1
3078,1122,1
3077,1123,1
3076,1123,1
3075,1123,1
3074,1123,1
3073,1123,1
3072,1123,1
3071,1123,1
3070,1123,1
3069,1123,1
3068,1123,1
3067,1123,1
3066,1123,1
3065,1123,1
3064,1123,1
3063,1123,1
3062,1123,1
3061,1124,1
3060,1124,1
3059,1124,1
3058,1124,1
3057,1124,1
3056,1124,1
3055,1124,1
3054,1124,1
3053,1124,1
3052,1124,1
3051,1124,1
3050,1125,1
3049,1125,1
3048,1125,1
3047,1125,1
3046,1125,1
3045,1125,1
3044,1125,1
3043,1125,1
3042,1126,1
3041,1126,1
3040,1126,1
3039,1126,1
3038,1126,1
3037,1126,1
3036,1126,1
3035,1127,1
3034,1127,1
3033,1127,1
3032,1127,1
3031,1127,1
3030,1127,1
3029,1127,1
3028,1128,1
3027,1128,1
3026,1128,1
3025,1128,1
3024,1128,1
3023,1129,1
3022,1129,1
3021,1129,1
3020,1129,1
3019,1129,1
3018,1130,1
3017,1130,1
3016,1130,1
3015,1130,1
3014,1130,1
3013,1131,1
3012,1131,1
3011,1131,1
3010,1131,1
3009,1131,1
3008,1132,1
3007,1132,1
3006,1132,1
3005,1133,1
3004,1133,1
3003,1133,1
3002,1133,1
3001,1133,1
3000,1134,1
2999,1134,1
2998,1134,1
2997,1134,1
2996,1135,1
2995,1135,1
2994,1135,1
2993,1136,1
2992,1136,1
2991,1136,1
2990,1136,1
2990,1137,1
2989,1137,1
2988,1137,1
2987,1137,1
2986,1138,1
2985,1138,1
2984,1138,1
2983,1139,1
2982,1139,1
2981,1139,1
2980,1140,1
2979,1140,1
2978,1140,1
2977,1140,1
2976,1141,1
2975,1141,1
2974,1142,1
2973,1142,1
2972,1142,1
2971,1143,1
2970,1143,1
2969,1143,1
2968,1144,1
2967,1144,1
2966,1144,1
2965,1145,1
2964,1145,1
2963,1146,1
2962,1146,1
2961,1146,1
2960,1147,1
2959,1147,1
2958,1148,1
2957,1148,1
2956,1148,1
2955,1149,1
2954,1149,1
2953,1149,1
2952,1150,1
2951,1150,1
2950,1151,1
2949,1151,1
2948,1152,1
2947,1152,1
2946,1152,1
2945,1153,1
2944,1153,1
2943,1154,1
2942,1154,1
2941,1155,1
2940,1155,1
2939,1155,1
2938,1156,1
2937,1156,1
2936,1157,1
2935,1157,1
2934,1157,1
2933,1158,1
2932,1159,1
2931,1159,1
2930,1159,1
2929,1160,1
2928,1160,1
2927,1161,1
2926,1161,1
2925,1162,1
2924,1162,1
2923,1163,1
2922,1163,1
2921,1164,1
2920,1164,1
2919,1164,1
2918,1165,1
2917,1165,1
2916,1166,1
2915,1166,1
2914,1167,1
2913,1167,1
2912,1168,1
2911,1168,1
2910,1169,1
2909,1169,1
2908,1170,1
2907,1170,1
2906,1171,1
2905,1171,1
2904,1172,1
2903,1172,1
2902,1173,1
2901,1173,1
2900,1174,1
2899,1174,1
2898,1175,1
2897,1175,1
2896,1176,1
2895,1176,1
2894,1177,1
2893,1177,1
2892,1178,1
2891,1178,1
2890,1179,1
2889,1179,1
2888,1180,1
2887,1181,1
2886,1181,1
2885,1182,1
2884,1182,1
2883,1182,1
2882,1183,1
2881,1183,1
2880,1184,1
2879,1184,1
2878,1185,1
2877,1186,1
2876,1186,1
2875,1187,1
2874,1187,1
2873,1188,1
2872,1188,1
2871,1189,1
2870,1189,1
2870,1190,1
2869,1190,1
2868,1190,1
2867,1191,1
2866,1191,1
2865,1192,1
2864,1192,1
2863,1193,1
2862,1193,1
2862,1194,1
2861,1194,1
2860,1195,1
2859,1195,1
2858,1196,1
2857,1196,1
2856,1197,1
2855,1197,1
2854,1198,1
2853,1198,1
2853,1199,1
2852,1199,1
2851,1200,1
2850,1200,1
2849,1201,1
2848,1201,1
2847,1202,1
2846,1202,1
2845,1203,1
2844,1204,1
2843,1204,1
2842,1204,1
2841,1205,1
2840,1205,1
2839,1206,1
2838,1206,1
2838,1207,1
2837,1207,1
2836,1208,1
2835,1208,1
2834,1209,1
2833,1209,1
2832,1210,1
2831,1210,1
2831,1211,1
2830,1211,1
2829,1212,1
2828,1212,1
2827,1213,1
2826,1213,1
2825,1214,1
2824,1214,1
2824,1215,1
2823,1215,1
2822,1216,1
2821,1216,1
2820,1217,1
2819,1217,1
2818,1218,1
2817,1218,1
2817,1219,1
2816,1219,1
2815,1220,1
2814,1220,1
2813,1221,1
2812,1221,1
2811,1222,1
2810,1222,1
2810,1223,1
2809,1223,1
2808,1224,1
2807,1224,1
2806,1225,1
2805,1225,1
2804,1226,1
2803,1227,1
2802,1227,1
2801,1228,1
2800,1228,1
2799,1229,1
2798,1229,1
2797,1230,1
2796,1231,1
2795,1231,1
2794,1232,1
2793,1232,1
2792,1233,1
2791,1233,1
2791,1234,1
2790,1234,1
2789,1235,1
2788,1235,1
2787,1236,1
2786,1236,1
2785,1237,1
2784,1237,1
2784,1238,1
2783,1238,1
2782,1239,1
2781,1239,1
2780,1240,1
2779,1240,1
2778,1241,1
2777,1241,1
2776,1242,1
2775,1243,1
2774,1243,1
2773,1244,1
2772,1245,1
2771,1245,1
2770,1246,1
2769,1246,1
2769,1247,1
2768,1247,1
2767,1248,1
2766,1248,1
2765,1249,1
2764,1249,1
2763,1250,1
2762,1250,1
2762,1251,1
2761,1251,1
2760,1252,1
2759,1252,1
2758,1253,1
2757,1253,1
2756,1254,1
2755,1254,1
2755,1255,1
2754,1255,1
2753,1256,1
2752,1256,1
2751,1257,1
2750,1257,1
2749,1258,1
2748,1258,1
2748,1259,1
2747,1259,1
2746,1260,1
2745,1261,1
2744,1261,1
2743,1262,1
2742,1262,1
2741,1263,1
2740,1264,1
2739,1264,1
2738,1265,1
2737,1265,1
2736,1266,1
2735,1266,1
2734,1267,1
2733,1268,1
2732,1268,1
2731,1269,1
2730,1269,1
2729,1270,1
2728,1270,1
2727,1271,1
2726,1272,1
2725,1273,1
2724,1273,1
2723,1274,1
2722,1274,1
2721,1275,1
2720,1275,1
2719,1276,1
2718,1277,1
2717,1277,1
2716,1278,1
2715,1278,1
2714,1279,1
2713,1279,1
2712,1280,1
2711,1281,1
2710,1281,1
2709,1282,1
2708,1282,1
2707,1283,1
2706,1284,1
2705,1284,1
2705,1285,1
2704,1285,1
2703,1286,1
2702,1286,1
2701,1287,1
2700,1287,1
2699,1288,1
2698,1289,1
2697,1289,1
2696,1290,1
2695,1290,1
2694,1291,1
2693,1291,1
2692,1292,1
2691,1293,1
2690,1293,1
2689,1294,1
2688,1294,1
2687,1295,1
2686,1295,1
2685,1296,1
2684,1297,1
2683,1297,1
2682,1298,1
2681,1299,1
2680,1299,1
2679,1300,1
2678,1300,1
2678,1301,1
2677,1301,1
2676,1302,1
2675,1302,1
2674,1303,1
2673,1303,1
2672,1304,1
2671,1304,1
2671,1305,1
2670,1305,1
2669,1306,1
2668,1306,1
2667,1307,1
2666,1308,1
2665,1308,1
2664,1309,1
2663,1309,1
2663,1310,1
2662,1310,1
2661,1311,1
2660,1311,1
2659,1312,1
2658,1312,1
2657,1313,1
2656,1313,1
2656,1314,1
2655,1314,1
2654,1315,1
2653,1315,1
2652,1316,1
2651,1317,1
2650,1317,1
2649,1318,1
2648,1319,1
2647,1319,1
2646,1320,1
2645,1320,1
2644,1321,1
2643,1321,1
2642,1322,1
2641,1322,1
2641,1323,1
2640,1323,1
2639,1324,1
2638,1324,1
2637,1325,1
2636,1325,1
2635,1326,1
2634,1326,1
2634,1327,1
2633,1328,1
2632,1328,1
2631,1329,1
2630,1329,1
2629,1330,1
2628,1330,1
2627,1331,1
2626,1332,1
2625,1332,1
2624,1333,1
2623,1333,1
2622,1334,1
2621,1334,1
2620,1335,1
2619,1335,1
2618,1336,1
2618,1337,1
2617,1337,1
2616,1338,1
2615,1338,1
2614,1339,1
2613,1339,1
2612,1340,1
2611,1340,1
2610,1341,1
2609,1342,1
2608,1342,1
2607,1343,1
2606,1343,1
2605,1344,1
2604,1344,1
2603,1345,1
2602,1345,1
2602,1346,1
2601,1347,1
2600,1347,1
2599,1348,1
2598,1348,1
2597,1349,1
2596,1349,1
2596,1350,1
2595,1350,1
2594,1351,1
2593,1351,1
2592,1352,1
2591,1352,1
2590,1353,1
2589,1353,1
2588,1354,1
2587,1355,1
2586,1356,1
2585,1356,1
2584,1357,1
2583,1357,1
2582,1358,1
2581,1358,1
2580,1359,1
2579,1360,1
2578,1360,1
2577,1361,1
2576,1361,1
2575,1362,1
2574,1362,1
2573,1363,1
2572,1364,1
2571,1364,1
2570,1365,1
2569,1365,1
2568,1366,1
2567,1366,1
2567,1367,1
2566,1367,1
2565,1368,1
2564,1369,1
2563,1369,1
2562,1370,1
2561,1370,1
2560,1371,1
2559,1371,1
2559,1372,1
2558,1372,1
2557,1373,1
2556,1373,1
2555,1374,1
2554,1374,1
2553,1375,1
2552,1375,1
2551,1376,1
2551,1377,1
2550,1377,1
2549,1378,1
2548,1378,1
2547,1379,1
2546,1379,1
2545,1380,1
2544,1380,1
2543,1381,1
2542,1382,1
2541,1382,1
2540,1382,1
2539,1383,1
2538,1383,1
2537,1384,1
2536,1385,1
2535,1385,1
2534,1386,1
2533,1386,1
2533,1387,1
2532,1387,1
2531,1388,1
2530,1388,1
2529,1389,1
2528,1389,1
2527,1390,1
2526,1390,1
2525,1391,1
2524,1392,1
2523,1392,1
2522,1393,1
2521,1393,1
2521,1394,1
2520,1394,1
2519,1395,1
2518,1395,1
2517,1396,1
2516,1397,1
2515,1397,1
2514,1397,1
2513,1397,1
1885,884,0
1160,397,1
1161,397,1
1162,397,1
1163,397,1
1164,397,1
1165,397,1
1166,397,1
1167,397,1
1168,397,1
1169,397,1
1170,397,1
1171,397,1
1172,397,1
1173,397,1
1174,397,1
1175,397,1
1176,397,1
1177,397,1
1178,397,1
1179,397,1
1180,397,1
1181,397,1
1182,397,1
1183,397,1
1184,397,1
1185,397,1
1186,397,1
1187,397,1
1188,397,1
1189,397,1
1190,397,1
1191,397,1
1192,397,1
1193,397,1
1194,397,1
1195,397,1
1196,397,1
1197,397,1
1198,397,1
1199,397,1
1200,397,1
1201,397,1
1202,397,1
1203,397,1
1204,397,1
1205,397,1
1206,397,1
1207,397,1
1208,397,1
1209,397,1
1210,397,1
1211,397,1
1212,397,1
1213,397,1
1214,397,1
1215,397,1
1216,397,1
1217,397,1
1218,397,1
1219,397,1
1220,397,1
1221,397,1
1222,397,1
1223,397,1
1224,397,1
1225,397,1
1226,397,1
1227,397,1
1228,397,1
1229,397,1
1230,397,1
1231,397,1
1232,397,1
1233,397,1
1234,397,1
1235,397,1
1236,397,1
1237,397,1
1238,397,1
1239,398,1
1240,398,1
1241,398,1
1242,398,1
1243,398,1
1244,398,1
1245,398,1
1246,398,1
1247,398,1
1248,398,1
1249,398,1
1250,398,1
1251,398,1
1252,398,1
1253,398,1
1254,398,1
1255,398,1
1256,398,1
1257,398,1
1258,398,1
1259,398,1
1260,398,1
1261,398,1
1262,398,1
1263,398,1
1264,398,1
1265,398,1
1266,398,1
1267,398,1
1268,398,1
1269,398,1
1270,398,1
1271,398,1
1272,398,1
1273,398,1
1274,398,1
1275,398,1
1276,398,1
1277,398,1
1278,398,1
1279,398,1
1280,398,1
1281,398,1
1282,398,1
1283,398,1
1284,398,1
1285,398,1
1286,398,1
1287,398,1
1288,398,1
1289,399,1
1290,399,1
1291,399,1
1292,399,1
1293,399,1
1294,399,1
1295,399,1
1296,399,1
1297,399,1
1298,399,1
1299,399,1
1300,399,1
1301,399,1
1302,399,1
1303,399,1
1304,399,1
1305,399,1
1306,399,1
1307,399,1
1308,399,1
1309,399,1
1310,399,1
1311,399,1
1312,399,1
1313,399,1
1314,399,1
1315,399,1
1316,399,1
1317,399,1
1318,399,1
1319,399,1
1320,399,1
1321,399,1
1322,399,1
1323,400,1
1324,400,1
1325,400,1
1326,400,1
1327,400,1
1328,400,1
1329,400,1
1330,400,1
1331,400,1
1332,400,1
1333,400,1
1334,400,1
1335,400,1
1336,400,1
1337,400,1
1338,400,1
1339,400,1
1340,400,1
1341,400,1
1342,400,1
1343,400,1
1344,400,1
1345,400,1
1346,400,1
1347,400,1
1348,400,1
1349,400,1
1350,400,1
1351,400,1
1352,400,1
1353,400,1
1354,400,1
1355,401,1
1356,401,1
1357,401,1
1358,401,1
1359,401,1
1360,401,1
1361,401,1
1362,401,1
1363,401,1
1364,401,1
1365,401,1
1366,401,1
1367,401,1
1368,401,1
1369,401,1
1370,401,1
1371,401,1
1372,401,1
1373,401,1
1374,401,1
1375,401,1
1376,402,1
1377,402,1
1378,402,1
1379,402,1
1380,402,1
1381,402,1
1382,402,1
1383,402,1
1384,402,1
1385,402,1
1386,402,1
1387,402,1
1388,402,1
1389,402,1
1390,402,1
1391,402,1
1392,402,1
1393,402,1
1394,402,1
1395,402,1
1396,402,1
1397,403,1
1398,403,1
1399,403,1
1400,403,1
1401,403,1
1402,403,1
1403,403,1
1404,403,1
1405,403,1
1406,403,1
1407,403,1
1408,403,1
1409,403,1
1410,403,1
1411,403,1
1412,403,1
1413,403,1
1414,403,1
1415,403,1
1416,403,1
1417,403,1
1418,403,1
1419,403,1
1420,403,1
1421,403,1
1422,403,1
1423,403,1
1424,404,1
1425,404,1
1426,404,1
1427,404,1
1428,404,1
1429,404,1
1430,404,1
1431,404,1
1432,404,1
1433,404,1
1434,404,1
1435,404,1
1436,404,1
1437,404,1
1438,404,1
1439,404,1
1440,404,1
1441,404,1
1442,404,1
1443,404,1
1444,405,1
1445,405,1
1446,405,1
1447,405,1
1448,405,1
1449,405,1
1450,405,1
1451,405,1
1452,405,1
1453,405,1
1454,405,1
1455,405,1
1456,405,1
1457,405,1
1458,405,1
1459,405,1
1460,405,1
1461,405,1
1462,405,1
1463,405,1
1464,405,1
1465,406,1
1466,406,1
1467,406,1
1468,406,1
1469,406,1
1470,406,1
1471,406,1
1472,406,1
1473,406,1
1474,406,1
1475,406,1
1476,406,1
1477,406,1
1478,406,1
1479,406,1
1480,406,1
1481,406,1
1482,406,1
1483,406,1
1484,406,1
1485,406,1
1486,407,1
1487,407,1
1488,407,1
1489,407,1
1490,407,1
1491,407,1
1492,407,1
1493,407,1
1494,407,1
1495,407,1
1496,407,1
1497,407,1
1498,407,1
1499,407,1
1500,407,1
1501,407,1
1502,407,1
1503,407,1
1504,407,1
1505,407,1
1506,407,1
1507,407,1
1508,407,1
1509,407,1
1510,407,1
1511,407,1
1512,408,1
1513,408,1
1514,408,1
1515,408,1
1516,408,1
1517,408,1
1518,408,1
1519,408,1
1520,408,1
1521,408,1
1522,408,1
1523,408,1
1524,408,1
1525,408,1
1526,408,1
1527,408,1
1528,408,1
1529,408,1
1530,408,1
1531,408,1
1532,408,1
1533,408,1
1534,409,1
1535,409,1
1536,409,1
1537,409,1
1538,409,1
1539,409,1
1540,409,1
1541,409,1
1542,409,1
1543,409,1
1544,409,1
1545,409,1
1546,409,1
1547,409,1
1548,409,1
1549,409,1
1550,409,1
1551,409,1
1552,409,1
1553,409,1
1554,409,1
1555,410,1
1556,410,1
1557,410,1
1558,410,1
1559,410,1
1560,410,1
1561,410,1
1562,410,1
1563,410,1
1564,410,1
1565,410,1
1566,410,1
1567,410,1
1568,410,1
1569,410,1
1570,410,1
1571,410,1
1572,410,1
1573,410,1
1574,410,1
1575,410,1
1576,410,1
1577,410,1
1578,410,1
1579,410,1
1580,410,1
1581,410,1
1582,410,1
1583,410,1
1584,410,1
1585,410,1
1586,411,1
1587,411,1
1588,411,1
1589,411,1
1590,411,1
1591,411,1
1592,411,1
1593,411,1
1594,411,1
1595,411,1
1596,411,1
1597,411,1
1598,411,1
1599,411,1
1600,411,1
1601,411,1
1602,411,1
1603,411,1
1604,411,1
1605,411,1
1606,411,1
1607,411,1
1608,411,1
1609,411,1
1610,411,1
1611,411,1
1612,411,1
1613,411,1
1614,411,1
1615,411,1
1616,411,1
1617,411,1
1618,411,1
1619,411,1
1620,411,1
1621,412,1
1622,412,1
1623,412,1
1624,412,1
1625,412,1
1626,412,1
1627,412,1
1628,412,1
1629,412,1
1630,412,1
1631,412,1
1632,412,1
1633,412,1
1634,412,1
1635,412,1
1636,412,1
1637,412,1
1638,412,1
1639,412,1
1640,412,1
1641,412,1
1642,412,1
1643,412,1
1644,412,1
1645,412,1
1646,412,1
1647,412,1
1648,412,1
1649,412,1
1650,412,1
1651,412,1
1652,412,1
1653,412,1
1654,412,1
1655,412,1
1656,412,1
1657,412,1
1658,412,1
1659,412,1
1660,412,1
1661,412,1
1662,412,1
1663,412,1
1664,412,1
1665,412,1
1666,412,1
1667,412,1
1668,412,1
1669,412,1
1670,412,1
1671,412,1
1672,412,1
1673,412,1
1674,412,1
1675,412,1
1676,412,1
1677,412,1
1678,412,1
1679,412,1
1680,412,1
1681,412,1
1682,412,1
1683,412,1
1684,412,1
1685,412,1
1686,412,1
1687,412,1
1688,413,1
1689,413,1
1690,413,1
1691,413,1
1692,413,1
1693,413,1
1694,413,1
1695,413,1
1696,413,1
1697,413,1
1698,413,1
1699,413,1
1700,413,1
1701,413,1
1702,413,1
1703,413,1
1704,413,1
1705,413,1
1706,413,1
1707,413,1
1708,413,1
1709,413,1
1710,413,1
1711,413,1
1712,413,1
1713,413,1
1714,413,1
1715,413,1
1716,413,1
1717,413,1
1718,413,1
1719,413,1
1720,413,1
1721,413,1
1722,413,1
1723,413,1
1724,413,1
1725,413,1
1726,413,1
1727,413,1
1728,413,1
1729,413,1
1730,413,1
1731,413,1
1732,413,1
1733,413,1
1734,413,1
1735,414,1
1736,414,1
1737,414,1
1738,414,1
1739,414,1
1740,414,1
1741,414,1
1742,414,1
1743,414,1
1744,414,1
1745,414,1
1746,414,1
1747,414,1
1748,414,1
1749,414,1
1750,414,1
1751,414,1
1752,414,1
1753,414,1
1754,414,1
1755,414,1
1756,414,1
1757,414,1
1758,414,1
1759,414,1
1760,414,1
1761,414,1
1762,414,1
1763,414,1
1764,414,1
1765,414,1
1766,414,1
1767,414,1
1768,414,1
1769,414,1
1770,414,1
1771,414,1
1772,414,1
1773,414,1
1774,414,1
1775,414,1
1776,414,1
1777,414,1
1778,414,1
1779,414,1
1780,414,1
1781,414,1
1782,414,1
1783,414,1
1784,414,1
1785,414,1
1786,415,1
1787,415,1
1788,415,1
1789,415,1
1790,415,1
1791,415,1
1792,415,1
1793,415,1
1794,415,1
1795,415,1
1796,415,1
1797,415,1
1798,415,1
1799,415,1
1800,415,1
1801,415,1
1802,415,1
1803,415,1
1804,415,1
1805,415,1
1806,415,1
1807,415,1
1808,415,1
1809,415,1
1810,415,1
1811,415,1
1812,415,1
1813,415,1
1814,415,1
1815,415,1
1816,415,1
1817,415,1
1818,415,1
1819,415,1
1820,415,1
1821,415,1
1822,415,1
1823,416,1
1824,416,1
1825,416,1
1826,416,1
1827,416,1
1828,416,1
1829,416,1
1830,416,1
1831,416,1
1832,416,1
1833,416,1
1834,416,1
1835,416,1
1836,416,1
1837,416,1
1838,416,1
1839,416,1
1840,416,1
1841,416,1
1842,416,1
1843,416,1
1844,416,1
1845,416,1
1846,416,1
1847,416,1
1848,416,1
1849,416,1
1850,416,1
1851,416,1
1852,417,1
1853,417,1
1854,417,1
1855,417,1
1856,417,1
1857,417,1
1858,417,1
1859,417,1
1860,417,1
1861,417,1
1862,417,1
1863,417,1
1864,417,1
1865,417,1
1866,417,1
1867,417,1
1868,417,1
1869,417,1
1870,417,1
1871,417,1
1872,417,1
1873,417,1
1874,417,1
1875,417,1
1876,418,1
1877,418,1
1878,418,1
1879,418,1
1880,418,1
1881,418,1
1882,418,1
1883,418,1
1884,418,1
1885,418,1
1886,418,1
1887,418,1
1888,418,1
1889,418,1
1890,418,1
1891,418,1
1892,418,1
1893,418,1
1894,418,1
1895,418,1
1896,418,1
1897,419,1
1898,419,1
1899,419,1
1900,419,1
1901,419,1
1902,419,1
1903,419,1
1904,419,1
1905,419,1
1906,419,1
1907,419,1
1908,419,1
1909,419,1
1910,419,1
1911,419,1
1912,419,1
1913,419,1
1914,419,1
1915,419,1
1916,419,1
1917,419,1
1918,420,1
1919,420,1
1920,420,1
1921,420,1
1922,420,1
1923,420,1
1924,420,1
1925,420,1
1926,420,1
1927,420,1
1928,420,1
1929,420,1
1930,420,1
1931,420,1
1932,420,1
1933,420,1
1934,420,1
1935,420,1
1936,420,1
1937,420,1
1938,420,1
1939,421,1
1940,421,1
1941,421,1
1942,421,1
1943,421,1
1944,421,1
1945,421,1
1946,421,1
1947,421,1
1948,421,1
1949,421,1
1950,421,1
1951,421,1
1952,421,1
1953,421,1
1954,421,1
1955,421,1
1956,421,1
1957,421,1
1958,422,1
1959,422,1
1960,422,1
1961,422,1
1962,422,1
1963,422,1
1964,422,1
1965,422,1
1966,422,1
1967,422,1
1968,422,1
1969,422,1
1970,422,1
1971,422,1
1972,422,1
1973,422,1
1974,422,1
1975,422,1
1976,422,1
1977,423,1
1978,423,1
1979,423,1
1980,423,1
1981,423,1
1982,423,1
1983,423,1
1984,423,1
1985,423,1
1986,423,1
1987,423,1
1988,423,1
1989,423,1
1990,423,1
1991,423,1
1992,423,1
1993,424,1
1994,424,1
1995,424,1
1996,424,1
1997,424,1
1998,424,1
1999,424,1
2000,424,1
2001,424,1
2002,424,1
2003,424,1
2004,424,1
2005,424,1
2006,424,1
2007,424,1
2008,425,1
2009,425,1
2010,425,1
2011,425,1
2012,425,1
2013,425,1
2014,425,1
2015,425,1
2016,425,1
2017,425,1
2018,425,1
2019,425,1
2020,425,1
2021,425,1
2022,425,1
2023,425,1
2024,425,1
2025,425,1
2026,425,1
2027,425,1
2028,426,1
2029,426,1
2030,426,1
2031,426,1
2032,426,1
2033,426,1
2034,426,1
2035,426,1
2036,426,1
2037,426,1
2038,426,1
2039,426,1
2040,426,1
2041,426,1
2042,426,1
2043,426,1
2044,427,1
2045,427,1
2046,427,1
2047,427,1
2048,427,1
2049,427,1
2050,427,1
2051,427,1
2052,427,1
2053,427,1
2054,427,1
2055,427,1
2056,427,1
2057,427,1
2058,427,1
2059,427,1
2060,428,1
2061,428,1
2062,428,1
2063,428,1
2064,428,1
2065,428,1
2066,428,1
2067,428,1
2068,428,1
2069,428,1
2070,428,1
2071,428,1
2072,428,1
2073,428,1
2074,428,1
2075,428,1
2076,428,1
2077,428,1
2078,429,1
2079,429,1
2080,429,1
2081,429,1
2082,429,1
2083,429,1
2084,429,1
2085,429,1
2086,429,1
2087,429,1
2088,429,1
2089,429,1
2090,429,1
2091,429,1
2092,429,1
2093,429,1
2094,429,1
2095,430,1
2096,430,1
2097,430,1
2098,430,1
2099,430,1
2100,430,1
2101,430,1
2102,430,1
2103,430,1
2104,430,1
2105,430,1
2106,430,1
2107,430,1
2108,430,1
2109,430,1
2110,431,1
2111,431,1
2112,431,1
2113,431,1
2114,431,1
2115,431,1
2116,431,1
2117,431,1
2118,431,1
2119,431,1
2120,431,1
2121,431,1
2122,431,1
2123,431,1
2124,431,1
2125,431,1
2126,432,1
2127,432,1
2128,432,1
2129,432,1
2130,432,1
2131,432,1
2132,432,1
2133,432,1
2134,432,1
2135,432,1
2136,432,1
2137,432,1
2138,432,1
2139,432,1
2140,432,1
2141,432,1
2142,432,1
2143,432,1
2144,432,1
2145,432,1
2146,433,1
2147,433,1
2148,433,1
2149,433,1
2150,433,1
2151,433,1
2152,433,1
2153,433,1
2154,433,1
2155,433,1
2156,433,1
2157,433,1
2158,433,1
2159,433,1
2160,433,1
2161,433,1
2162,433,1
2163,433,1
2164,433,1
2165,433,1
2166,434,1
2167,434,1
2168,434,1
2169,434,1
2170,434,1
2171,434,1
2172,434,1
2173,434,1
2174,434,1
2175,434,1
2176,434,1
2177,434,1
2178,434,1
2179,434,1
2180,434,1
2181,434,1
2182,434,1
2183,434,1
2184,434,1
2185,434,1
2186,434,1
2187,434,1
2188,435,1
2189,435,1
2190,435,1
2191,435,1
2192,435,1
2193,435,1
2194,435,1
2195,435,1
2196,435,1
2197,435,1
2198,435,1
2199,435,1
2200,435,1
2201,435,1
2202,435,1
2203,435,1
2204,435,1
2205,435,1
2206,435,1
2207,435,1
2208,436,1
2209,436,1
2210,436,1
2211,436,1
2212,436,1
2213,436,1
2214,436,1
2215,436,1
2216,436,1
2217,436,1
2218,436,1
2219,436,1
2220,436,1
2221,436,1
2222,436,1
2223,436,1
2224,436,1
2225,436,1
2226,436,1
2227,436,1
2228,436,1
2229,437,1
2230,437,1
2231,437,1
2232,437,1
2233,437,1
2234,437,1
2235,437,1
2236,437,1
2237,437,1
2238,437,1
2239,437,1
2240,437,1
2241,437,1
2242,437,1
2243,437,1
2244,437,1
2245,437,1
2246,437,1
2247,437,1
2248,437,1
2249,437,1
2250,437,1
2251,437,1
2252,437,1
2253,437,1
2254,437,1
2255,437,1
2256,437,1
2257,438,1
2258,438,1
2259,438,1
2260,438,1
2261,438,1
2262,438,1
2263,438,1
2264,438,1
2265,438,1
2266,438,1
2267,438,1
2268,438,1
2269,438,1
2270,438,1
2271,438,1
2272,438,1
2273,438,1
2274,438,1
2275,438,1
2276,438,1
2277,438,1
2278,438,1
2279,438,1
2280,438,1
2281,438,1
2282,438,1
2283,438,1
2284,438,1
2285,438,1
2286,439,1
2287,439,1
2288,439,1
2289,439,1
2290,439,1
2291,439,1
2292,439,1
2293,439,1
2294,439,1
2295,439,1
2296,439,1
2297,439,1
2298,439,1
2299,439,1
2300,439,1
2301,439,1
2302,439,1
2303,439,1
2304,439,1
2305,439,1
2306,439,1
2307,439,1
2308,439,1
2309,439,1
2310,439,1
2311,439,1
2312,439,1
2313,439,1
2314,439,1
2315,439,1
2316,439,1
2317,439,1
2318,439,1
2319,439,1
2320,439,1
2321,439,1
2322,439,1
2323,439,1
2324,439,1
2325,439,1
2326,439,1
2327,439,1
2328,439,1
2329,439,1
2330,439,1
2331,439,1
2332,439,1
2333,439,1
2334,439,1
2335,439,1
2336,439,1
2337,439,1
2338,439,1
2339,439,1
2340,439,1
2341,439,1
2342,440,1
2343,440,1
2344,440,1
2345,440,1
2346,440,1
2347,440,1
2348,440,1
2349,440,1
2350,440,1
2351,440,1
2352,440,1
2353,440,1
2354,440,1
2355,440,1
2356,440,1
2357,440,1
2358,440,1
2359,440,1
2360,440,1
2361,440,1
2362,440,1
2363,440,1
2364,440,1
2365,440,1
2366,440,1
2367,440,1
2368,440,1
2369,440,1
2370,440,1
2371,440,1
2372,440,1
2373,440,1
2374,440,1
2375,440,1
2376,441,1
2377,441,1
2378,441,1
2379,441,1
2380,441,1
2381,441,1
2382,441,1
2383,441,1
2384,441,1
2385,441,1
2386,441,1
2387,441,1
2388,441,1
2389,441,1
2390,441,1
2391,441,1
2392,441,1
2393,441,1
2394,441,1
2395,441,1
2396,441,1
2397,441,1
2398,441,1
2399,441,1
2400,441,1
2401,441,1
2402,441,1
2403,441,1
2404,441,1
2405,441,1
2406,441,1
2407,441,1
2408,441,1
2409,441,1
2410,441,1
2411,441,1
2412,441,1
2413,441,1
2414,441,1
2415,441,1
2416,441,1
2417,441,1
2418,441,1
2419,441,1
2420,441,1
2421,441,1
2422,441,1
2423,441,1
2424,441,1
2425,441,1
2426,441,1
2427,441,1
2428,441,1
2429,441,1
2430,441,1
2431,441,1
2432,441,1
2433,441,1
2434,441,1
2435,441,1
2436,441,1
2437,441,1
2438,441,1
2439,442,1
2440,442,1
2441,442,1
2442,442,1
2443,442,1
2444,442,1
2445,442,1
2446,442,1
2447,442,1
2448,442,1
2449,442,1
2450,442,1
2451,442,1
2452,442,1
2453,442,1
2454,442,1
2455,442,1
2456,442,1
2457,442,1
2458,442,1
2459,442,1
2460,442,1
2461,442,1
2462,442,1
2463,442,1
2464,442,1
2465,442,1
2466,442,1
2467,442,1
2468,442,1
2469,442,1
2470,443,1
2471,443,1
2472,443,1
2473,443,1
2474,443,1
2475,443,1
2476,443,1
2477,443,1
2478,443,1
2479,443,1
2480,443,1
2481,443,1
2482,443,1
2483,443,1
2484,443,1
2485,443,1
2486,443,1
2487,443,1
2488,443,1
2489,443,1
2490,443,1
2491,443,1
2492,443,1
2493,443,1
2494,443,1
2495,443,1
2496,443,1
2497,443,1
2498,443,1
2499,443,1
2500,444,1
2501,444,1
2502,444,1
2503,444,1
2504,444,1
2505,444,1
2506,444,1
2507,444,1
2508,444,1
2509,444,1
2510,444,1
2511,444,1
2512,444,1
2513,444,1
2514,444,1
2515,444,1
2516,444,1
2517,444,1
2518,444,1
2519,444,1
2520,444,1
2521,444,1
2522,444,1
2523,445,1
2524,445,1
2525,445,1
2526,445,1
2527,445,1
2528,445,1
2529,445,1
2530,445,1
2531,445,1
2532,445,1
2533,445,1
2534,445,1
2535,445,1
2536,445,1
2537,445,1
2538,445,1
2539,445,1
2540,445,1
2541,445,1
2542,445,1
2543,445,1
2544,446,1
2545,446,1
2546,446,1
2547,446,1
2548,446,1
2549,446,1
2550,446,1
2551,446,1
2552,446,1
2553,446,1
2554,446,1
2555,446,1
2556,446,1
2557,446,1
2558,446,1
2559,446,1
2560,446,1
2561,446,1
2562,446,1
2563,446,1
2564,446,1
2565,446,1
2566,446,1
2567,446,1
2568,446,1
2569,447,1
2570,447,1
2571,447,1
2572,447,1
2573,447,1
2574,447,1
2575,447,1
2576,447,1
2577,447,1
2578,447,1
2579,447,1
2580,447,1
2581,447,1
2582,447,1
2583,447,1
2584,447,1
2585,447,1
2586,447,1
2587,447,1
2588,447,1
2589,447,1
2590,448,1
2591,448,1
2592,448,1
2593,448,1
2594,448,1
2595,448,1
2596,448,1
2597,448,1
2598,448,1
2599,448,1
2600,448,1
2601,448,1
2602,448,1
2603,448,1
2604,448,1
2605,448,1
2606,448,1
2607,448,1
2608,449,1
2609,449,1
2610,449,1
2611,449,1
2612,449,1
2613,449,1
2614,449,1
2615,449,1
2616,449,1
2617,449,1
2618,449,1
2619,449,1
2620,449,1
2621,449,1
2622,450,1
2623,450,1
2624,450,1
2625,450,1
2626,450,1
2627,450,1
2628,450,1
2629,450,1
2630,450,1
2631,450,1
2632,450,1
2633,450,1
2634,450,1
2635,450,1
2636,450,1
2637,451,1
2638,451,1
2639,451,1
2640,451,1
2641,451,1
2642,451,1
2643,451,1
2644,451,1
2645,451,1
2646,451,1
2647,451,1
2648,451,1
2649,451,1
2650,452,1
2651,452,1
2652,452,1
2653,452,1
2654,452,1
2655,452,1
2656,452,1
2657,452,1
2658,452,1
2659,452,1
2660,452,1
2661,452,1
2662,452,1
2663,452,1
2664,453,1
2665,453,1
2666,453,1
2667,453,1
2668,453,1
2669,453,1
2670,453,1
2671,453,1
2672,453,1
2673,453,1
2674,453,1
2675,453,1
2676,453,1
2677,453,1
2678,453,1
2679,453,1
2680,454,1
2681,454,1
2682,454,1
2683,454,1
2684,454,1
2685,454,1
2686,454,1
2687,454,1
2688,454,1
2689,454,1
2690,454,1
2691,454,1
2692,454,1
2693,455,1
2694,455,1
2695,455,1
2696,455,1
2697,455,1
2698,455,1
2699,455,1
2700,455,1
2701,455,1
2702,455,1
2703,455,1
2704,455,1
2705,456,1
2706,456,1
2707,456,1
2708,456,1
2709,456,1
2710,456,1
2711,456,1
2712,456,1
2713,456,1
2714,456,1
2715,456,1
2716,456,1
2717,456,1
2718,457,1
2719,457,1
2720,457,1
2721,457,1
2722,457,1
2723,457,1
2724,457,1
2725,457,1
2726,457,1
2727,457,1
2728,457,1
2729,457,1
2730,458,1
2731,458,1
2732,458,1
2733,458,1
2734,458,1
2735,458,1
2736,458,1
2737,458,1
2738,458,1
2739,458,1
2740,458,1
2741,458,1
2742,459,1
2743,459,1
2744,459,1
2745,459,1
2746,459,1
2747,459,1
2748,459,1
2749,459,1
2750,459,1
2751,459,1
2752,459,1
2753,459,1
2753,460,1
2754,460,1
2755,460,1
2756,460,1
2757,460,1
2758,460,1
2759,460,1
2760,460,1
2761,460,1
2762,460,1
2763,460,1
2764,461,1
2765,461,1
2766,461,1
2767,461,1
2768,461,1
2769,461,1
2770,461,1
2771,461,1
2772,461,1
2773,461,1
2774,461,1
2775,461,1
2776,462,1
2777,462,1
2778,462,1
2779,462,1
2780,462,1
2781,462,1
2782,462,1
2783,462,1
2784,462,1
2785,462,1
2786,462,1
2787,462,1
2788,463,1
2789,463,1
2790,463,1
2791,463,1
2792,463,1
2793,463,1
2794,463,1
2795,463,1
2796,463,1
2797,463,1
2798,463,1
2799,463,1
2800,464,1
2801,464,1
2802,464,1
2803,464,1
2804,464,1
2805,464,1
2806,464,1
2807,464,1
2808,464,1
2809,464,1
2810,464,1
2811,464,1
2812,465,1
2813,465,1
2814,465,1
2815,465,1
2816,465,1
2817,465,1
2818,465,1
2819,465,1
2820,465,1
2821,465,1
2822,465,1
2823,465,1
2824,465,1
2825,466,1
2826,466,1
2827,466,1
2828,466,1
2829,466,1
2830,466,1
2831,466,1
2832,466,1
2833,466,1
2834,466,1
2835,466,1
2836,466,1
2837,466,1
2838,467,1
2839,467,1
2840,467,1
2841,467,1
2842,467,1
2843,467,1
2844,467,1
2845,467,1
2846,467,1
2847,467,1
2848,467,1
2849,467,1
2850,467,1
2851,467,1
2852,468,1
2853,468,1
2854,468,1
2855,468,1
2856,468,1
2857,468,1
2858,468,1
2859,468,1
2860,468,1
2861,468,1
2862,468,1
2863,468,1
2864,469,1
2865,469,1
2866,469,1
2867,469,1
2868,469,1
2869,469,1
2870,469,1
2871,469,1
2872,469,1
2873,469,1
2874,469,1
2875,469,1
2876,470,1
2877,470,1
2878,470,1
2879,470,1
2880,470,1
2881,470,1
2882,470,1
2883,470,1
2884,470,1
2885,470,1
2886,470,1
2887,470,1
2888,470,1
2889,471,1
2890,471,1
2891,471,1
2892,471,1
2893,471,1
2894,471,1
2895,471,1
2896,471,1
2897,471,1
2898,471,1
2899,471,1
2900,471,1
2901,471,1
2902,471,1
2903,472,1
2904,472,1
2905,472,1
2906,472,1
2907,472,1
2908,472,1
2909,472,1
2910,472,1
2911,472,1
2912,472,1
2913,472,1
2914,472,1
2915,472,1
2916,473,1
2917,473,1
2918,473,1
2919,473,1
2920,473,1
2921,473,1
2922,473,1
2923,473,1
2924,473,1
2925,473,1
2926,473,1
2927,473,1
2928,473,1
2929,473,1
2930,473,1
2931,473,1
2932,474,1
2933,474,1
2934,474,1
2935,474,1
2936,474,1
2937,474,1
2938,474,1
2939,474,1
2940,474,1
2941,474,1
2942,474,1
2943,474,1
2944,474,1
2945,474,1
2946,474,1
2947,474,1
2948,475,1
2949,475,1
2950,475,1
2951,475,1
2952,475,1
2953,475,1
2954,475,1
2955,475,1
2956,475,1
2957,475,1
2958,475,1
2959,475,1
2960,475,1
2961,475,1
2962,475,1
2963,475,1
2964,476,1
2965,476,1
2966,476,1
2967,476,1
2968,476,1
2969,476,1
2970,476,1
2971,476,1
2972,476,1
2973,476,1
2974,476,1
2975,476,1
2976,476,1
2977,476,1
2978,476,1
2979,476,1
2980,476,1
2981,476,1
2982,477,1
2983,477,1
2984,477,1
2985,477,1
2986,477,1
2987,477,1
2988,477,1
2989,477,1
2990,477,1
2991,477,1
2992,477,1
2993,477,1
2994,477,1
2995,477,1
2996,477,1
2997,478,1
2998,478,1
2999,478,1
3000,478,1
3001,478,1
3002,478,1
3003,478,1
3004,478,1
3005,478,1
3006,478,1
3007,478,1
3008,478,1
3009,478,1
3010,478,1
3011,478,1
3012,478,1
3013,478,1
3014,478,1
3015,478,1
3016,479,1
3017,479,1
3018,479,1
3019,479,1
3020,479,1
3021,479,1
3022,479,1
3023,479,1
3024,479,1
3025,479,1
3026,479,1
3027,479,1
3028,479,1
3029,479,1
3030,479,1
3031,479,1
3032,479,1
3033,479,1
3034,479,1
3035,479,1
3036,479,1
3037,480,1
3038,480,1
3039,480,1
3040,480,1
3041,480,1
3042,480,1
3043,480,1
3044,480,1
3045,480,1
3046,480,1
3047,480,1
3048,480,1
3049,480,1
3050,480,1
3051,480,1
3052,480,1
3053,480,1
3054,480,1
3055,480,1
3056,481,1
3057,481,1
3058,481,1
3059,481,1
3060,481,1
3061,481,1
3062,481,1
3063,481,1
3064,481,1
3065,481,1
3066,481,1
3067,481,1
3068,481,1
3069,481,1
3070,481,1
3071,481,1
3072,481,1
3073,481,1
3074,481,1
3075,481,1
3076,481,1
3077,482,1
3078,482,1
3079,482,1
3080,482,1
3081,482,1
3082,482,1
3083,482,1
3084,482,1
3085,482,1
3086,482,1
3087,482,1
3088,482,1
3089,482,1
3090,482,1
3091,482,1
3092,482,1
3093,482,1
3094,482,1
3095,482,1
3096,482,1
3097,482,1
3098,483,1
3099,483,1
3100,483,1
3101,483,1
3102,483,1
3103,483,1
3104,483,1
3105,483,1
3106,483,1
3107,483,1
3108,483,1
3109,483,1
3110,483,1
3111,483,1
3112,483,1
3113,483,1
3114,483,1
3115,483,1
3116,483,1
3117,483,1
3118,483,1
3119,483,1
3120,484,1
3121,484,1
3122,484,1
3123,484,1
3124,484,1
3125,484,1
3126,484,1
3127,484,1
3128,484,1
3129,484,1
3130,484,1
3131,484,1
3132,484,1
3133,484,1
3134,484,1
3135,484,1
3136,484,1
3137,484,1
3138,484,1
3139,484,1
3140,484,1
3141,484,1
3142,484,1
3143,484,1
3144,484,1
3145,484,1
3146,484,1
3147,484,1
3148,485,1
3149,485,1
3150,485,1
3151,485,1
3152,485,1
3153,485,1
3154,485,1
3155,485,1
3156,485,1
3157,485,1
3158,485,1
3159,485,1
3160,485,1
3161,485,1
3162,485,1
3163,485,1
3164,485,1
3165,485,1
3166,485,1
3167,485,1
3168,485,1
3169,486,1
3170,486,1
3171,486,1
3172,486,1
3173,486,1
3174,486,1
3175,486,1
3176,486,1
3177,486,1
3178,486,1
3179,486,1
3180,486,1
3181,486,1
3182,486,1
3183,486,1
3184,486,1
3185,486,1
3186,486,1
3187,486,1
3188,486,1
3189,486,1
3190,486,1
3191,486,1
3192,486,1
3193,486,1
3194,486,1
3195,486,1
3196,487,1
3197,487,1
3198,487,1
3199,487,1
3200,487,1
3201,487,1
3202,487,1
3203,487,1
3204,487,1
3205,487,1
3206,487,1
3207,487,1
3208,487,1
3209,487,1
3210,487,1
3211,487,1
3212,487,1
3213,487,1
3214,487,1
3215,487,1
3216,487,1
3217,487,1
3218,487,1
3219,487,1
3220,487,1
3221,487,1
3222,487,1
3223,487,1
3224,487,1
3225,488,1
3226,488,1
3227,488,1
3228,488,1
3229,488,1
3230,488,1
3231,488,1
3232,488,1
3233,488,1
3234,488,1
3235,488,1
3236,488,1
3237,488,1
3238,488,1
3239,488,1
3240,488,1
3241,488,1
3242,488,1
3243,488,1
3244,488,1
3245,488,1
3246,488,1
3247,488,1
3248,488,1
3249,488,1
3250,488,1
3251,488,1
3252,488,1
3253,489,1
3254,489,1
3255,489,1
3256,489,1
3257,489,1
3258,489,1
3259,489,1
3260,489,1
3261,489,1
3262,489,1
3263,489,1
3264,489,1
3265,489,1
3266,489,1
3267,489,1
3268,489,1
3269,489,1
3270,489,1
3271,489,1
3272,489,1
3273,489,1
3274,489,1
3275,489,1
3276,489,1
3277,489,1
3278,489,1
3279,489,1
3280,489,1
3281,489,1
3282,489,1
3283,489,1
3284,489,1
3285,489,1
3286,489,1
3287,489,1
3288,489,1
3289,489,1
3290,489,1
3291,490,1
3292,490,1
3293,490,1
3294,490,1
3295,490,1
3296,490,1
3297,490,1
3298,490,1
3299,490,1
3300,490,1
3301,490,1
3302,490,1
3303,490,1
3304,490,1
3305,490,1
3306,490,1
3307,490,1
3308,490,1
3309,490,1
3310,490,1
3311,490,1
3312,490,1
3313,490,1
3314,490,1
3315,490,1
3316,490,1
3317,490,1
3318,490,1
3319,490,1
3320,490,1
3321,490,1
3322,490,1
3323,490,1
3324,490,1
3325,490,1
3326,490,1
3327,490,1
3328,490,1
3329,490,1
3330,490,1
3331,490,1
3332,490,1
3333,490,1
3334,490,1
3335,490,1
3336,490,1
3337,490,1
3338,490,1
3339,490,1
3340,490,1
3341,490,1
3342,490,1
3343,490,1
3344,490,1
3344,489,1
3345,489,1
3346,489,1
3347,489,1
3347,488,1
3347,487,1
3347,487,0
