763,415,1
763,416,1
763,417,1
763,418,1
763,419,1
763,420,1
763,421,1
763,422,1
763,423,1
763,424,1
763,425,1
764,426,1
764,427,1
764,428,1
764,429,1
764,430,1
764,431,1
764,432,1
764,433,1
764,434,1
764,435,1
764,436,1
764,437,1
764,438,1
764,439,1
764,440,1
764,441,1
764,442,1
764,443,1
765,444,1
765,445,1
765,446,1
765,447,1
765,448,1
765,449,1
765,450,1
765,451,1
765,452,1
765,453,1
765,454,1
765,455,1
765,456,1
765,457,1
765,458,1
765,459,1
766,460,1
766,461,1
766,462,1
766,463,1
766,464,1
766,465,1
766,466,1
766,467,1
766,468,1
766,469,1
766,470,1
766,471,1
766,472,1
766,473,1
766,474,1
766,475,1
766,476,1
766,477,1
766,478,1
766,479,1
766,480,1
766,481,1
766,482,1
766,483,1
766,484,1
766,485,1
767,486,1
767,487,1
767,488,1
767,489,1
767,490,1
767,491,1
767,492,1
767,493,1
767,494,1
767,495,1
767,496,1
767,497,1
767,498,1
767,499,1
767,500,1
767,501,1
768,502,1
768,503,1
768,504,1
768,505,1
768,506,1
768,507,1
768,508,1
768,509,1
768,510,1
768,511,1
768,512,1
768,513,1
768,514,1
768,515,1
768,516,1
768,517,1
768,518,1
768,519,1
768,520,1
768,521,1
768,522,1
768,523,1
768,524,1
768,525,1
769,526,1
769,527,1
769,528,1
769,529,1
769,530,1
769,531,1
769,532,1
769,533,1
769,534,1
769,535,1
769,536,1
769,537,1
769,538,1
769,539,1
769,540,1
769,541,1
769,542,1
769,543,1
769,544,1
769,545,1
770,546,1
770,547,1
770,548,1
770,549,1
770,550,1
770,551,1
770,552,1
770,553,1
770,554,1
770,555,1
770,556,1
770,557,1
770,558,1
770,559,1
770,560,1
770,561,1
770,562,1
770,563,1
770,564,1
770,565,1
771,566,1
771,567,1
771,568,1
771,569,1
771,570,1
771,571,1
771,572,1
771,573,1
771,574,1
771,575,1
771,576,1
771,577,1
772,578,1
772,579,1
772,580,1
772,581,1
772,582,1
772,583,1
772,584,1
772,585,1
772,586,1
772,587,1
772,588,1
772,589,1
772,590,1
773,591,1
773,592,1
773,593,1
773,594,1
773,595,1
773,596,1
773,597,1
773,598,1
773,599,1
773,600,1
774,601,1
774,602,1
774,603,1
774,604,1
774,605,1
774,606,1
774,607,1
774,608,1
775,609,1
775,610,1
775,611,1
775,612,1
775,613,1
775,614,1
775,615,1
775,616,1
775,617,1
775,618,1
776,619,1
776,620,1
776,621,1
776,622,1
776,623,1
776,624,1
776,625,1
776,626,1
776,627,1
777,628,1
777,629,1
777,630,1
777,631,1
777,632,1
777,633,1
777,634,1
778,635,1
778,636,1
778,637,1
778,638,1
778,639,1
778,640,1
778,641,1
778,642,1
778,643,1
727,551,0
691,472,1
690,472,1
689,472,1
688,472,1
687,472,1
686,472,1
685,472,1
684,472,1
683,473,1
682,473,1
681,473,1
680,473,1
679,473,1
678,473,1
677,474,1
676,474,1
675,474,1
674,474,1
673,474,1
672,474,1
671,474,1
670,474,1
669,475,1
668,475,1
667,475,1
666,475,1
665,475,1
664,475,1
663,475,1
662,476,1
661,476,1
660,476,1
659,476,1
658,476,1
657,476,1
656,476,1
655,476,1
654,477,1
653,477,1
652,477,1
651,477,1
650,477,1
649,477,1
648,477,1
647,477,1
646,478,1
645,478,1
644,478,1
643,478,1
642,478,1
641,478,1
640,478,1
639,478,1
638,479,1
637,479,1
636,479,1
635,479,1
634,479,1
633,479,1
632,479,1
631,479,1
630,480,1
629,480,1
628,480,1
627,480,1
626,480,1
625,480,1
624,480,1
623,480,1
622,481,1
621,481,1
620,481,1
619,481,1
618,481,1
617,481,1
616,481,1
615,481,1
614,482,1
613,482,1
612,482,1
611,482,1
610,482,1
609,482,1
608,482,1
607,483,1
606,483,1
605,483,1
604,483,1
603,483,1
602,483,1
601,483,1
600,484,1
599,484,1
598,484,1
597,484,1
596,484,1
595,484,1
594,484,1
593,485,1
592,485,1
591,485,1
590,485,1
589,485,1
588,485,1
587,485,1
586,486,1
585,486,1
584,486,1
583,486,1
582,486,1
581,486,1
580,487,1
579,487,1
578,487,1
577,487,1
576,487,1
575,488,1
574,488,1
573,488,1
572,488,1
571,488,1
570,488,1
569,489,1
568,489,1
567,489,1
566,489,1
565,489,1
564,489,1
563,490,1
562,490,1
561,490,1
560,490,1
559,490,1
558,490,1
557,491,1
556,491,1
555,491,1
554,491,1
553,491,1
552,491,1
551,492,1
550,492,1
549,492,1
548,492,1
547,492,1
546,493,1
545,493,1
544,493,1
543,493,1
542,493,1
541,494,1
540,494,1
539,494,1
538,494,1
537,494,1
536,494,1
535,495,1
534,495,1
533,495,1
532,495,1
531,496,1
530,496,1
529,496,1
528,496,1
527,497,1
526,497,1
525,497,1
524,497,1
523,497,1
522,498,1
521,498,1
520,498,1
519,498,1
518,498,1
517,499,1
516,499,1
515,499,1
514,499,1
513,500,1
512,500,1
511,500,1
510,500,1
509,500,1
508,501,1
507,501,1
506,501,1
505,501,1
504,502,1
503,502,1
502,502,1
501,503,1
500,503,1
499,503,1
498,503,1
497,504,1
496,504,1
495,504,1
494,505,1
493,505,1
492,505,1
491,505,1
490,506,1
489,506,1
488,506,1
487,507,1
486,507,1
485,507,1
484,508,1
483,508,1
482,508,1
481,508,1
480,509,1
479,509,1
478,509,1
477,510,1
476,510,1
475,510,1
474,511,1
473,511,1
472,511,1
472,512,1
471,512,1
470,513,1
469,513,1
468,513,1
467,514,1
466,514,1
465,514,1
464,515,1
463,515,1
462,516,1
461,516,1
460,516,1
459,517,1
458,517,1
457,517,1
456,518,1
455,518,1
454,519,1
453,519,1
453,520,1
452,520,1
451,520,1
450,521,1
449,521,1
448,522,1
447,522,1
446,523,1
445,523,1
444,524,1
443,525,1
442,525,1
441,526,1
440,526,1
439,527,1
438,527,1
438,528,1
437,528,1
436,529,1
435,529,1
434,530,1
433,531,1
432,532,1
431,532,1
430,533,1
429,534,1
428,535,1
427,536,1
426,536,1
426,537,1
425,538,1
424,538,1
424,539,1
423,540,1
422,540,1
422,541,1
421,542,1
421,543,1
420,543,1
419,544,1
419,545,1
418,546,1
417,547,1
417,548,1
416,549,1
416,550,1
415,551,1
415,552,1
414,553,1
414,554,1
414,555,1
414,556,1
413,557,1
413,558,1
413,559,1
413,560,1
413,561,1
413,562,1
413,563,1
413,564,1
413,565,1
413,566,1
414,566,1
414,567,1
414,568,1
414,569,1
415,570,1
415,571,1
415,572,1
416,572,1
416,573,1
417,574,1
418,575,1
419,576,1
419,577,1
420,577,1
421,578,1
422,579,1
423,580,1
424,580,1
425,581,1
426,581,1
427,582,1
428,582,1
428,583,1
429,583,1
430,583,1
431,584,1
432,584,1
433,584,1
434,585,1
435,585,1
436,585,1
437,586,1
438,586,1
439,586,1
440,586,1
441,587,1
442,587,1
443,587,1
444,587,1
445,587,1
446,587,1
447,588,1
448,588,1
449,588,1
450,588,1
451,588,1
452,588,1
453,588,1
454,588,1
455,588,1
456,588,1
457,588,1
458,588,1
459,588,1
460,588,1
461,588,1
462,588,1
463,588,1
464,588,1
465,588,1
466,588,1
467,587,1
468,587,1
469,587,1
470,587,1
471,587,1
472,587,1
473,587,1
474,586,1
475,586,1
476,586,1
477,586,1
478,586,1
479,586,1
480,585,1
481,585,1
482,585,1
483,585,1
484,584,1
485,584,1
486,584,1
487,583,1
488,583,1
489,583,1
490,582,1
491,582,1
492,582,1
493,582,1
494,581,1
495,581,1
496,581,1
496,580,1
497,580,1
498,579,1
499,579,1
500,579,1
501,578,1
502,577,1
503,577,1
504,576,1
505,575,1
506,575,1
507,574,1
508,573,1
509,572,1
510,571,1
511,571,1
511,570,1
512,569,1
513,568,1
513,567,1
514,567,1
514,566,1
515,565,1
515,564,1
516,563,1
516,562,1
517,561,1
517,560,1
517,559,1
518,558,1
518,557,1
518,556,1
518,555,1
518,554,1
518,553,1
518,552,1
518,551,1
517,551,1
517,550,1
517,549,1
517,548,1
516,547,1
516,546,1
515,545,1
515,544,1
514,543,1
513,542,1
513,541,1
512,541,1
512,540,1
511,540,1
511,539,1
510,539,1
509,538,1
508,537,1
507,537,1
507,536,1
506,536,1
505,536,1
504,535,1
503,534,1
502,534,1
501,534,1
500,534,1
500,533,1
499,533,1
498,533,1
497,533,1
496,533,1
495,533,1
494,533,1
494,532,1
493,532,1
492,532,1
491,532,1
490,532,1
489,532,1
488,532,1
487,531,1
486,531,1
485,531,1
484,531,1
483,531,1
482,531,1
481,531,1
480,531,1
479,532,1
478,532,1
477,532,1
476,532,1
475,533,1
474,533,1
473,533,1
472,534,1
471,535,1
470,535,1
469,536,1
468,537,1
468,538,1
467,538,1
467,539,1
466,540,1
591,572,0
719,609,1
718,609,1
717,609,1
716,609,1
715,610,1
714,610,1
713,610,1
712,610,1
711,611,1
710,611,1
709,611,1
708,611,1
707,612,1
706,612,1
705,613,1
704,613,1
703,613,1
702,614,1
701,614,1
700,614,1
699,614,1
698,615,1
697,615,1
696,615,1
695,616,1
694,616,1
693,616,1
692,617,1
691,617,1
690,618,1
689,618,1
688,619,1
687,619,1
686,619,1
685,620,1
684,620,1
683,620,1
682,621,1
681,621,1
680,621,1
679,622,1
678,622,1
677,622,1
676,623,1
675,623,1
674,624,1
673,624,1
672,624,1
671,625,1
670,625,1
669,626,1
668,626,1
667,627,1
666,627,1
665,628,1
664,628,1
663,629,1
662,629,1
661,629,1
660,630,1
659,630,1
658,631,1
657,631,1
656,632,1
655,632,1
654,633,1
653,634,1
652,634,1
651,635,1
650,635,1
649,636,1
648,636,1
647,637,1
646,637,1
645,638,1
644,638,1
644,639,1
643,639,1
642,640,1
641,641,1
640,641,1
639,642,1
638,643,1
637,643,1
636,644,1
635,645,1
634,646,1
633,646,1
632,647,1
632,648,1
631,648,1
630,649,1
629,650,1
628,651,1
627,652,1
626,653,1
625,654,1
625,655,1
624,656,1
623,657,1
623,658,1
622,659,1
621,660,1
621,661,1
620,661,1
620,662,1
620,663,1
619,664,1
619,665,1
619,666,1
618,667,1
618,668,1
618,669,1
618,670,1
618,671,1
617,672,1
617,673,1
617,674,1
617,675,1
617,676,1
617,677,1
618,677,1
618,678,1
618,679,1
618,680,1
618,681,1
619,682,1
619,683,1
619,684,1
620,685,1
620,686,1
621,687,1
621,688,1
622,688,1
622,689,1
623,690,1
624,691,1
624,692,1
625,692,1
625,693,1
626,694,1
627,694,1
627,695,1
628,695,1
628,696,1
629,697,1
630,697,1
631,698,1
632,699,1
633,699,1
634,700,1
635,701,1
636,701,1
637,701,1
638,702,1
639,702,1
639,703,1
640,703,1
641,703,1
642,704,1
643,704,1
644,705,1
645,705,1
646,705,1
647,705,1
648,706,1
649,706,1
650,706,1
650,707,1
651,707,1
652,707,1
653,707,1
654,707,1
655,708,1
656,708,1
657,708,1
658,708,1
659,708,1
660,708,1
661,708,1
662,709,1
663,709,1
664,709,1
665,709,1
666,709,1
667,709,1
668,709,1
669,709,1
670,709,1
671,709,1
672,709,1
673,709,1
674,709,1
675,709,1
676,709,1
677,709,1
678,709,1
679,709,1
680,709,1
681,709,1
682,709,1
683,709,1
684,709,1
685,709,1
686,709,1
687,709,1
688,709,1
689,709,1
690,709,1
691,709,1
692,709,1
693,709,1
694,709,1
695,709,1
696,709,1
697,709,1
698,709,1
699,709,1
700,709,1
701,708,1
702,708,1
703,708,1
704,708,1
705,708,1
706,708,1
707,708,1
708,708,1
709,707,1
710,707,1
711,707,1
712,707,1
713,707,1
714,707,1
715,706,1
716,706,1
717,706,1
718,706,1
719,706,1
720,706,1
721,706,1
722,705,1
723,705,1
724,705,1
725,705,1
726,705,1
727,705,1
728,704,1
729,704,1
730,704,1
731,704,1
732,704,1
733,703,1
734,703,1
735,703,1
736,703,1
737,703,1
738,702,1
739,702,1
740,702,1
741,702,1
742,702,1
743,701,1
744,701,1
745,701,1
746,701,1
747,700,1
748,700,1
749,700,1
750,700,1
751,699,1
752,699,1
753,699,1
754,699,1
755,699,1
756,698,1
757,698,1
758,698,1
759,697,1
760,697,1
761,697,1
762,697,1
763,696,1
764,696,1
765,696,1
766,696,1
767,695,1
768,695,1
769,695,1
770,694,1
771,694,1
772,694,1
773,693,1
774,693,1
775,693,1
776,693,1
777,692,1
778,692,1
779,692,1
780,691,1
781,691,1
782,691,1
783,690,1
784,690,1
785,690,1
786,689,1
787,689,1
788,689,1
789,688,1
790,688,1
791,688,1
792,687,1
793,687,1
794,686,1
795,686,1
796,685,1
797,685,1
798,685,1
799,684,1
800,684,1
801,683,1
802,683,1
875,561,0
952,422,1
953,423,1
953,424,1
954,425,1
955,426,1
955,427,1
956,427,1
957,428,1
958,429,1
958,430,1
959,431,1
960,431,1
961,432,1
962,433,1
963,433,1
964,434,1
965,434,1
966,434,1
967,434,1
968,435,1
969,435,1
970,435,1
971,435,1
972,435,1
973,435,1
974,435,1
975,434,1
976,434,1
977,434,1
978,434,1
979,434,1
980,434,1
981,434,1
982,434,1
983,434,1
984,434,1
985,434,1
986,433,1
987,433,1
988,433,1
989,433,1
990,433,1
991,432,1
992,432,1
993,432,1
994,431,1
995,431,1
996,430,1
997,430,1
998,429,1
999,429,1
999,428,1
1000,428,1
1001,427,1
1002,427,1
1003,426,1
1004,425,1
1005,424,1
1006,424,1
1006,423,1
1007,422,1
1008,422,1
1008,421,1
1009,421,1
1010,420,1
1011,419,1
1011,418,1
1012,418,1
1013,417,1
1013,416,1
1014,416,1
1015,415,1
1015,414,1
1016,414,1
1016,413,1
1017,412,1
1018,411,1
1019,410,1
1019,409,1
1020,409,1
1020,408,1
1021,407,1
1022,406,1
1023,405,1
1023,404,1
1024,403,1
1025,402,1
1025,401,1
1026,400,1
1027,399,1
1027,398,1
1028,397,1
1029,396,1
1029,395,1
1030,395,1
1030,394,1
1031,393,1
1031,392,1
1032,392,1
1032,391,1
1033,391,1
1034,391,1
1034,392,1
1035,392,1
1035,393,1
1035,394,1
1035,395,1
1035,396,1
1035,397,1
1035,398,1
1035,399,1
1035,400,1
1035,401,1
1035,402,1
1035,403,1
1035,404,1
1035,405,1
1035,406,1
1035,407,1
1035,408,1
1034,409,1
1034,410,1
1034,411,1
1034,412,1
1034,413,1
1034,414,1
1034,415,1
1034,416,1
1034,417,1
1034,418,1
1034,419,1
1034,420,1
1034,421,1
1034,422,1
1033,423,1
1033,424,1
1033,425,1
1033,426,1
1033,427,1
1033,428,1
1033,429,1
1033,430,1
1033,431,1
1033,432,1
1033,433,1
1033,434,1
1033,435,1
1033,436,1
1033,437,1
1033,438,1
1033,439,1
1032,440,1
1032,441,1
1032,442,1
1032,443,1
1032,444,1
1032,445,1
1032,446,1
1032,447,1
1032,448,1
1032,449,1
1032,450,1
1032,451,1
1032,452,1
1032,453,1
1032,454,1
1032,455,1
1032,456,1
1032,457,1
1032,458,1
1032,459,1
1032,460,1
1032,461,1
1032,462,1
1032,463,1
1032,464,1
1032,465,1
1032,466,1
1032,467,1
1032,468,1
1032,469,1
1032,470,1
1032,471,1
1032,472,1
1032,473,1
1032,474,1
1032,475,1
1032,476,1
1032,477,1
1032,478,1
1032,479,1
1032,480,1
1032,481,1
1032,482,1
1032,483,1
1032,484,1
1032,485,1
1032,486,1
1032,487,1
1032,488,1
1032,489,1
1032,490,1
1032,491,1
1032,492,1
1033,493,1
1033,494,1
1033,495,1
1033,496,1
1033,497,1
1033,498,1
1033,499,1
1033,500,1
1033,501,1
1034,502,1
1034,503,1
1034,504,1
1034,505,1
1034,506,1
1034,507,1
1035,508,1
1035,509,1
1035,510,1
1036,510,1
1036,511,1
1037,511,1
974,347,0
902,187,1
903,188,1
904,188,1
905,189,1
906,190,1
907,191,1
908,191,1
909,192,1
910,192,1
911,193,1
912,193,1
912,194,1
913,194,1
914,195,1
915,196,1
916,197,1
917,197,1
918,198,1
919,199,1
920,200,1
921,200,1
921,201,1
922,202,1
923,203,1
924,204,1
925,205,1
926,206,1
927,207,1
928,208,1
929,209,1
930,210,1
931,211,1
932,212,1
933,213,1
934,214,1
935,215,1
936,216,1
937,217,1
938,218,1
939,219,1
940,220,1
941,221,1
942,222,1
943,223,1
943,224,1
944,225,1
945,225,1
946,226,1
946,227,1
947,228,1
948,229,1
949,230,1
949,231,1
950,232,1
951,232,1
952,233,1
952,234,1
953,235,1
954,236,1
955,237,1
955,238,1
956,239,1
957,239,1
957,240,1
958,241,1
959,242,1
959,243,1
960,244,1
961,245,1
962,246,1
963,247,1
963,248,1
964,249,1
965,250,1
965,251,1
966,251,1
966,252,1
967,253,1
968,254,1
968,255,1
969,256,1
970,256,1
970,257,1
971,258,1
971,259,1
972,260,1
973,261,1
974,262,1
974,263,1
975,264,1
976,265,1
976,266,1
977,267,1
978,268,1
979,269,1
979,270,1
980,271,1
980,272,1
981,272,1
982,273,1
982,274,1
983,275,1
983,276,1
984,277,1
984,278,1
985,278,1
986,279,1
986,280,1
987,281,1
987,282,1
988,283,1
989,284,1
989,285,1
990,286,1
991,287,1
991,288,1
992,289,1
993,290,1
994,291,1
994,292,1
995,293,1
995,294,1
996,295,1
997,296,1
998,297,1
998,298,1
999,299,1
1155,353,0
1335,419,1
1334,419,1
1333,419,1
1332,419,1
1331,419,1
1330,420,1
1329,420,1
1328,420,1
1327,420,1
1326,420,1
1325,420,1
1324,420,1
1323,420,1
1322,421,1
1321,421,1
1320,421,1
1319,421,1
1318,422,1
1317,422,1
1316,422,1
1315,422,1
1314,423,1
1313,423,1
1312,423,1
1311,424,1
1310,424,1
1309,424,1
1308,425,1
1307,425,1
1306,425,1
1305,426,1
1304,426,1
1303,426,1
1302,427,1
1301,427,1
1300,427,1
1299,428,1
1298,429,1
1297,429,1
1296,429,1
1295,430,1
1294,430,1
1293,430,1
1292,431,1
1291,431,1
1290,432,1
1289,432,1
1288,432,1
1288,433,1
1287,433,1
1286,434,1
1285,434,1
1284,435,1
1283,435,1
1282,436,1
1281,436,1
1280,437,1
1279,437,1
1279,438,1
1278,438,1
1277,439,1
1276,439,1
1275,440,1
1274,440,1
1273,441,1
1272,442,1
1271,443,1
1270,443,1
1269,444,1
1268,444,1
1268,445,1
1267,446,1
1266,446,1
1265,447,1
1264,448,1
1263,449,1
1262,450,1
1261,450,1
1260,451,1
1260,452,1
1259,453,1
1258,453,1
1258,454,1
1257,455,1
1256,456,1
1255,456,1
1255,457,1
1254,458,1
1253,459,1
1252,460,1
1252,461,1
1251,462,1
1250,463,1
1250,464,1
1249,464,1
1249,465,1
1248,466,1
1247,467,1
1247,468,1
1246,469,1
1246,470,1
1245,470,1
1245,471,1
1245,472,1
1244,473,1
1244,474,1
1243,475,1
1243,476,1
1243,477,1
1242,478,1
1242,479,1
1242,480,1
1241,481,1
1241,482,1
1241,483,1
1240,484,1
1240,485,1
1240,486,1
1240,487,1
1240,488,1
1240,489,1
1240,490,1
1239,491,1
1239,492,1
1239,493,1
1239,494,1
1239,495,1
1239,496,1
1239,497,1
1238,498,1
1238,499,1
1238,500,1
1238,501,1
1237,502,1
1237,503,1
1236,503,1
1235,503,1
1234,503,1
1234,502,1
1233,502,1
1232,502,1
1232,501,1
1231,501,1
1230,500,1
1229,500,1
1229,499,1
1228,499,1
1227,498,1
1226,497,1
1225,497,1
1224,496,1
1223,496,1
1223,495,1
1222,495,1
1221,494,1
1220,494,1
1219,494,1
1219,493,1
1218,493,1
1217,493,1
1216,492,1
1215,492,1
1214,492,1
1213,491,1
1212,491,1
1211,491,1
1210,491,1
1209,491,1
1209,490,1
1208,490,1
1207,490,1
1206,489,1
1205,489,1
1204,489,1
1203,488,1
1202,488,1
1201,488,1
1200,488,1
1199,488,1
1198,488,1
1197,488,1
1196,488,1
1195,488,1
1194,488,1
1193,488,1
1192,488,1
1191,488,1
1190,489,1
1189,489,1
1188,489,1
1188,490,1
1187,490,1
1186,491,1
1185,491,1
1185,492,1
1184,493,1
1183,494,1
1183,495,1
1183,496,1
1351,442,0
1507,381,1
1507,382,1
1507,383,1
1507,384,1
1507,385,1
1507,386,1
1507,387,1
1507,388,1
1507,389,1
1507,390,1
1507,391,1
1507,392,1
1507,393,1
1507,394,1
1507,395,1
1507,396,1
1507,397,1
1507,398,1
1508,399,1
1508,400,1
1508,401,1
1508,402,1
1508,403,1
1508,404,1
1509,405,1
1509,406,1
1509,407,1
1510,408,1
1510,409,1
1510,410,1
1511,411,1
1511,412,1
1511,413,1
1511,414,1
1512,415,1
1512,416,1
1512,417,1
1512,418,1
1513,419,1
1513,420,1
1513,421,1
1513,422,1
1514,423,1
1514,424,1
1514,425,1
1515,426,1
1515,427,1
1515,428,1
1516,429,1
1516,430,1
1516,431,1
1517,431,1
1517,432,1
1518,433,1
1518,434,1
1518,435,1
1519,436,1
1519,437,1
1519,438,1
1520,439,1
1520,440,1
1520,441,1
1521,442,1
1521,443,1
1521,444,1
1521,445,1
1522,445,1
1522,446,1
1522,447,1
1522,448,1
1522,449,1
1522,450,1
1522,451,1
1522,452,1
1522,453,1
1522,454,1
1522,455,1
1522,456,1
1522,457,1
1522,458,1
1521,458,1
1521,459,1
1521,460,1
1520,460,1
1520,461,1
1519,462,1
1519,463,1
1518,463,1
1518,464,1
1517,465,1
1516,466,1
1516,467,1
1515,467,1
1515,468,1
1514,468,1
1513,469,1
1512,470,1
1511,471,1
1510,472,1
1509,473,1
1508,473,1
1507,474,1
1506,475,1
1505,476,1
1504,477,1
1503,477,1
1502,478,1
1502,479,1
1501,479,1
1500,480,1
1500,481,1
1499,481,1
1498,482,1
1497,483,1
1496,484,1
1496,485,1
1495,485,1
1494,486,1
1494,487,1
1493,488,1
1493,489,1
1492,489,1
1491,490,1
1491,491,1
1490,492,1
1490,493,1
1489,494,1
1489,495,1
1488,496,1
1488,497,1
1487,498,1
1487,499,1
1487,500,1
1486,501,1
1486,502,1
1486,503,1
1485,504,1
1485,505,1
1485,506,1
1484,507,1
1484,508,1
1484,509,1
1484,510,1
1484,511,1
1484,512,1
1483,513,1
1483,514,1
1483,515,1
1483,516,1
1483,517,1
1483,518,1
1483,519,1
1483,520,1
1483,521,1
1483,522,1
1483,523,1
1483,524,1
1484,525,1
1484,526,1
1484,527,1
1484,528,1
1484,529,1
1484,530,1
1485,531,1
1485,532,1
1485,533,1
1485,534,1
1486,534,1
1486,535,1
1486,536,1
1486,537,1
1487,538,1
1487,539,1
1487,540,1
1488,541,1
1489,542,1
1489,543,1
1489,544,1
1490,545,1
1491,546,1
1491,547,1
1492,547,1
1492,548,1
1493,549,1
1494,550,1
1494,551,1
1495,551,1
1495,552,1
1496,552,1
1496,553,1
1497,553,1
1497,554,1
1498,554,1
1498,555,1
1499,555,1
1499,556,1
1500,557,1
1499,557,1
1499,558,1
1498,558,1
1498,557,1
1497,557,1
1496,557,1
1495,557,1
1494,557,1
1493,557,1
1492,557,1
1491,557,1
1490,557,1
1489,557,1
1488,557,1
1487,557,1
1486,557,1
1485,557,1
1484,557,1
1483,557,1
1482,558,1
1481,558,1
1480,558,1
1479,558,1
1478,558,1
1477,559,1
1476,559,1
1475,559,1
1474,559,1
1473,560,1
1472,560,1
1471,560,1
1470,561,1
1469,561,1
1468,561,1
1467,562,1
1466,562,1
1465,563,1
1464,563,1
1463,564,1
1462,564,1
1461,564,1
1460,565,1
1459,565,1
1458,566,1
1457,566,1
1456,567,1
1455,567,1
1454,568,1
1453,568,1
1452,569,1
1451,569,1
1450,569,1
1449,570,1
1448,570,1
1448,571,1
1447,571,1
1446,571,1
1445,572,1
1444,572,1
1443,573,1
1442,573,1
1441,574,1
1440,574,1
1439,574,1
1438,575,1
1437,575,1
1436,576,1
1435,576,1
1434,576,1
1433,577,1
1432,577,1
1431,577,1
1430,578,1
1429,578,1
1428,578,1
1427,578,1
1426,579,1
1425,579,1
1424,579,1
1423,580,1
1422,580,1
1421,580,1
1420,580,1
1419,580,1
1418,581,1
1417,581,1
1416,581,1
1415,581,1
1414,581,1
1413,581,1
1412,581,1
1411,582,1
1410,582,1
1409,582,1
1408,582,1
1407,582,1
1406,582,1
1405,582,1
1404,582,1
1403,582,1
1402,582,1
1401,582,1
1400,582,1
1399,582,1
1398,582,1
1397,582,1
1396,582,1
1395,582,1
1394,582,1
1393,582,1
1392,582,1
1391,582,1
1390,582,1
1389,582,1
1388,581,1
1387,581,1
1386,581,1
1385,581,1
1384,581,1
1383,581,1
1382,581,1
1381,581,1
1380,581,1
1379,580,1
1378,580,1
1377,580,1
1376,580,1
1375,580,1
1374,580,1
1373,580,1
1372,580,1
1371,579,1
1370,579,1
1369,579,1
1368,579,1
1367,579,1
1366,579,1
1365,579,1
1364,579,1
1363,579,1
1362,579,1
1361,579,1
1360,579,1
1359,579,1
1358,578,1
1357,578,1
1356,578,1
1355,578,1
1354,578,1
1353,578,1
1352,578,1
1351,578,1
1350,578,1
1349,578,1
1348,578,1
1347,578,1
1346,578,1
1345,578,1
1344,578,1
1343,578,1
1342,578,1
1341,578,1
1340,578,1
1339,578,1
1338,578,1
1337,578,1
1336,578,1
1335,578,1
1334,578,1
1333,578,1
1332,578,1
1331,579,1
1330,579,1
1329,579,1
1328,579,1
1327,579,1
1326,579,1
1325,579,1
1324,579,1
1323,579,1
1322,579,1
1321,580,1
1320,580,1
1319,580,1
1318,580,1
1317,580,1
1316,580,1
1315,580,1
1314,581,1
1313,581,1
1312,581,1
1311,581,1
1310,581,1
1309,582,1
1308,582,1
1307,582,1
1306,582,1
1305,582,1
1304,582,1
1303,582,1
1302,583,1
1301,583,1
1300,583,1
1299,583,1
1298,583,1
1297,584,1
1296,584,1
1295,584,1
1294,584,1
1293,585,1
1292,585,1
1291,585,1
1290,585,1
1289,585,1
1288,586,1
1287,586,1
1286,586,1
1285,586,1
1284,586,1
1283,587,1
1282,587,1
1281,587,1
1280,587,1
1279,587,1
1278,588,1
1277,588,1
1276,588,1
1275,588,1
1274,589,1
1273,589,1
1272,589,1
1271,589,1
1270,589,1
1269,590,1
1268,590,1
1267,590,1
1266,590,1
1265,591,1
1264,591,1
1263,591,1
1262,591,1
1261,592,1
1260,592,1
1259,592,1
1258,592,1
1257,593,1
1256,593,1
1255,593,1
1254,593,1
1253,594,1
1252,594,1
1251,594,1
1250,594,1
1249,595,1
1248,595,1
1247,595,1
1246,595,1
1245,596,1
1244,596,1
1243,596,1
1242,597,1
1241,597,1
1240,597,1
1239,597,1
1238,598,1
1237,598,1
1236,598,1
1235,598,1
1234,599,1
1233,599,1
1232,599,1
1231,599,1
1230,600,1
1229,600,1
1228,600,1
1227,601,1
1226,601,1
1225,601,1
1224,601,1
1223,602,1
1222,602,1
1221,602,1
1220,602,1
1220,603,1
1219,603,1
1218,603,1
1217,604,1
1216,604,1
1215,604,1
1214,605,1
1213,605,1
1212,605,1
1211,606,1
1210,606,1
1209,606,1
1208,607,1
1207,607,1
1206,607,1
1205,607,1
1204,608,1
1203,608,1
1202,608,1
1201,609,1
1200,609,1
1199,609,1
1198,610,1
1197,610,1
1196,610,1
1195,611,1
1194,611,1
1193,611,1
1192,612,1
1191,612,1
1190,612,1
1189,613,1
1188,613,1
1187,613,1
1186,614,1
1185,614,1
1184,614,1
1183,615,1
1182,615,1
1181,615,1
1180,616,1
1179,616,1
1178,616,1
1177,617,1
1176,617,1
1175,618,1
1174,618,1
1173,618,1
1172,619,1
1171,619,1
1170,619,1
1169,620,1
1168,620,1
1167,621,1
1166,621,1
1165,621,1
1164,622,1
1163,622,1
1162,622,1
1161,623,1
1160,623,1
1159,624,1
1158,624,1
1157,624,1
1156,625,1
1155,625,1
1154,626,1
1153,626,1
1152,627,1
1151,627,1
1150,627,1
1149,628,1
1148,628,1
1147,629,1
1146,629,1
1145,630,1
1144,630,1
1143,631,1
955,424,0
737,226,1
738,226,1
739,226,1
740,226,1
741,226,1
742,226,1
743,226,1
744,226,1
745,225,1
746,225,1
747,225,1
748,225,1
749,225,1
750,225,1
751,225,1
752,225,1
753,225,1
754,225,1
755,225,1
756,225,1
757,225,1
758,224,1
759,224,1
760,224,1
761,224,1
762,224,1
763,224,1
764,224,1
765,224,1
766,224,1
767,224,1
768,224,1
769,224,1
770,224,1
771,223,1
772,223,1
773,223,1
774,223,1
775,223,1
776,223,1
777,223,1
778,223,1
779,223,1
780,223,1
781,223,1
782,223,1
783,223,1
784,223,1
785,223,1
786,223,1
787,223,1
788,223,1
789,223,1
790,223,1
791,222,1
792,222,1
793,222,1
794,222,1
795,222,1
796,222,1
797,222,1
798,222,1
799,222,1
800,222,1
801,222,1
802,222,1
803,222,1
804,222,1
805,222,1
806,222,1
807,221,1
808,221,1
809,221,1
810,221,1
811,221,1
812,221,1
813,221,1
814,221,1
815,221,1
816,221,1
817,221,1
818,221,1
819,221,1
820,221,1
821,221,1
822,221,1
823,221,1
824,221,1
825,221,1
826,221,1
827,221,1
828,221,1
829,221,1
830,221,1
831,221,1
832,221,1
833,221,1
834,221,1
835,220,1
836,220,1
837,220,1
838,220,1
839,220,1
840,220,1
841,220,1
842,220,1
843,220,1
844,220,1
845,220,1
846,220,1
847,220,1
848,220,1
849,220,1
850,220,1
851,220,1
852,220,1
853,220,1
854,220,1
855,220,1
856,220,1
857,220,1
858,220,1
859,220,1
860,220,1
861,220,1
862,220,1
863,220,1
864,220,1
865,220,1
866,220,1
867,220,1
868,220,1
869,220,1
870,220,1
871,220,1
872,220,1
873,220,1
874,220,1
875,220,1
876,220,1
877,220,1
878,220,1
879,220,1
880,220,1
881,220,1
882,220,1
883,220,1
884,220,1
885,220,1
886,220,1
887,220,1
888,220,1
889,220,1
890,220,1
891,220,1
892,220,1
893,220,1
894,220,1
895,220,1
896,220,1
897,220,1
898,220,1
899,220,1
900,220,1
901,220,1
902,220,1
903,220,1
904,220,1
905,220,1
906,220,1
907,220,1
908,220,1
909,220,1
910,220,1
911,220,1
912,220,1
913,220,1
914,220,1
915,220,1
916,220,1
917,220,1
918,220,1
919,220,1
920,220,1
921,220,1
922,220,1
923,220,1
924,220,1
925,220,1
926,220,1
927,220,1
928,220,1
929,220,1
930,220,1
931,220,1
932,220,1
933,220,1
934,220,1
935,220,1
936,220,1
937,220,1
938,220,1
939,220,1
940,220,1
941,220,1
942,220,1
943,220,1
944,220,1
945,220,1
946,220,1
947,220,1
948,220,1
949,220,1
950,220,1
951,220,1
952,220,1
953,220,1
954,220,1
955,220,1
956,220,1
957,220,1
958,220,1
959,220,1
960,221,1
961,221,1
962,221,1
963,221,1
964,221,1
965,221,1
966,221,1
967,221,1
968,221,1
969,221,1
970,221,1
971,221,1
972,221,1
973,221,1
974,221,1
975,221,1
976,221,1
977,221,1
978,221,1
979,221,1
980,221,1
981,221,1
982,221,1
983,221,1
984,221,1
985,221,1
986,221,1
987,221,1
988,221,1
989,221,1
990,221,1
991,222,1
992,222,1
993,222,1
994,222,1
995,222,1
996,222,1
997,222,1
998,222,1
999,222,1
1000,222,1
1001,222,1
1002,222,1
1003,222,1
1004,222,1
1005,222,1
1006,222,1
1007,222,1
1008,222,1
1009,222,1
1010,222,1
1011,222,1
1012,222,1
1013,222,1
1014,223,1
1015,223,1
1016,223,1
1017,223,1
1018,223,1
1019,223,1
1020,223,1
1021,223,1
1022,223,1
1023,223,1
1024,223,1
1025,223,1
1026,223,1
1027,223,1
1028,223,1
1029,223,1
1030,223,1
1031,223,1
1032,223,1
1033,223,1
1034,223,1
1035,223,1
1036,223,1
1037,223,1
1038,223,1
1039,223,1
1040,223,1
1041,223,1
1042,223,1
1043,223,1
1044,223,1
1045,224,1
1046,224,1
1047,224,1
1048,224,1
1049,224,1
1050,224,1
1051,224,1
1052,224,1
1053,224,1
1054,224,1
1055,224,1
1056,224,1
1057,224,1
1058,224,1
1059,224,1
1060,225,1
1061,225,1
1062,225,1
1063,225,1
1064,225,1
1065,225,1
1066,225,1
1067,225,1
1068,225,1
1069,225,1
1070,225,1
1071,225,1
1072,225,1
1073,225,1
1074,225,1
1075,225,1
1076,225,1
1077,225,1
1078,225,1
1079,225,1
1080,225,1
1081,225,1
1082,225,1
1083,225,1
1084,225,1
1085,225,1
1086,226,1
1087,226,1
1088,226,1
1089,226,1
1090,226,1
1091,226,1
1092,226,1
1093,226,1
1094,226,1
1095,226,1
1096,226,1
1097,226,1
1098,226,1
1099,226,1
1100,226,1
1101,226,1
1102,227,1
1103,227,1
1104,227,1
1105,227,1
1106,227,1
1107,227,1
1108,227,1
1109,227,1
1110,227,1
1111,227,1
1112,227,1
1113,227,1
1114,227,1
1115,227,1
1116,227,1
1117,227,1
1118,227,1
1119,227,1
1120,227,1
1121,228,1
1122,228,1
1123,228,1
1124,228,1
1125,228,1
1126,228,1
1127,228,1
1128,228,1
1129,228,1
1130,228,1
1131,228,1
1132,228,1
1133,228,1
1134,228,1
1135,228,1
1136,229,1
1137,229,1
1138,229,1
1139,229,1
1140,229,1
1141,229,1
1142,229,1
1143,229,1
1144,229,1
1145,229,1
1146,229,1
1147,229,1
1148,229,1
1149,229,1
1150,229,1
1151,229,1
1152,229,1
1153,229,1
1154,230,1
1155,230,1
1156,230,1
1157,230,1
1158,230,1
1159,230,1
1160,230,1
1161,230,1
1162,230,1
1163,230,1
1164,230,1
1165,230,1
1166,230,1
1167,230,1
1168,230,1
1169,230,1
1170,230,1
1171,230,1
1172,230,1
1173,230,1
1174,230,1
1175,230,1
1176,231,1
1177,231,1
1178,231,1
1179,231,1
1180,231,1
1181,231,1
1182,231,1
1183,231,1
1184,231,1
1185,231,1
1186,231,1
1187,231,1
1188,231,1
1189,231,1
1190,231,1
1191,231,1
1192,231,1
1193,231,1
1194,231,1
1195,231,1
1196,231,1
1197,231,1
1198,231,1
1199,231,1
1200,232,1
1201,232,1
1202,232,1
1203,232,1
1204,232,1
1205,232,1
1206,232,1
1207,232,1
1208,232,1
1209,232,1
1210,232,1
1211,232,1
1212,232,1
1213,232,1
1214,232,1
1215,232,1
1216,232,1
1217,232,1
1218,232,1
1219,232,1
1220,232,1
1221,232,1
1222,232,1
1223,232,1
1224,233,1
1225,233,1
1226,233,1
1227,233,1
1228,233,1
1229,233,1
1230,233,1
1231,233,1
1232,233,1
1233,233,1
1234,233,1
1235,233,1
1236,233,1
1237,233,1
1238,233,1
1239,233,1
1240,234,1
1241,234,1
1242,234,1
1243,234,1
1244,234,1
1245,234,1
1246,234,1
1247,234,1
1248,234,1
1249,234,1
1250,234,1
1251,234,1
1252,234,1
1253,234,1
1254,234,1
1255,234,1
1256,234,1
1257,234,1
1258,234,1
1259,234,1
1260,234,1
1261,234,1
1262,234,1
1263,235,1
1264,235,1
1265,235,1
1266,235,1
1267,235,1
1268,235,1
1269,235,1
1270,235,1
1271,235,1
1272,235,1
1273,235,1
1274,235,1
1275,235,1
1276,235,1
1277,235,1
1278,235,1
1279,236,1
1280,236,1
1281,236,1
1282,236,1
1283,236,1
1284,236,1
1285,236,1
1286,236,1
1287,236,1
1288,236,1
1289,236,1
1290,236,1
1291,236,1
1292,236,1
1293,236,1
1294,236,1
1295,236,1
1296,236,1
1297,236,1
1298,236,1
1299,236,1
1300,236,1
1301,237,1
1302,237,1
1303,237,1
1304,237,1
1305,237,1
1306,237,1
1307,237,1
1308,237,1
1309,237,1
1310,237,1
1311,237,1
1312,237,1
1313,237,1
1314,237,1
1315,237,1
1316,237,1
1317,238,1
1318,238,1
1319,238,1
1320,238,1
1321,238,1
1322,238,1
1323,238,1
1324,238,1
1325,238,1
1326,238,1
1327,238,1
1328,238,1
1329,238,1
1330,238,1
1331,238,1
1332,238,1
1333,238,1
1334,238,1
1335,238,1
1336,239,1
1337,239,1
1338,239,1
1339,239,1
1340,239,1
1341,239,1
1342,239,1
1343,239,1
1344,239,1
1345,239,1
1346,239,1
1347,239,1
1348,239,1
1349,239,1
1350,239,1
1351,239,1
1352,240,1
1353,240,1
1354,240,1
1355,240,1
1356,240,1
1357,240,1
1358,240,1
1359,240,1
1360,240,1
1361,240,1
1362,240,1
1363,240,1
1364,240,1
1365,240,1
1366,240,1
1367,240,1
1368,240,1
1369,240,1
1370,241,1
1371,241,1
1372,241,1
1373,241,1
1374,241,1
1375,241,1
1376,241,1
1377,241,1
1378,241,1
1379,241,1
1380,241,1
1381,241,1
1382,241,1
1383,241,1
1384,241,1
1385,241,1
1386,242,1
1387,242,1
1388,242,1
1389,242,1
1390,242,1
1391,242,1
1392,242,1
1393,242,1
1394,242,1
1395,242,1
1396,242,1
1397,242,1
1398,242,1
1399,242,1
1400,242,1
1401,242,1
1402,242,1
1403,242,1
1404,242,1
1405,242,1
1406,242,1
1407,243,1
1408,243,1
1409,243,1
1410,243,1
1411,243,1
1412,243,1
1413,243,1
1414,243,1
1415,243,1
1416,243,1
1417,243,1
1418,243,1
1419,243,1
1420,243,1
1421,243,1
1422,243,1
1423,243,1
1424,243,1
1425,243,1
1426,243,1
1427,243,1
1428,243,1
1429,243,1
1430,243,1
1431,244,1
1432,244,1
1433,244,1
1434,244,1
1435,244,1
1436,244,1
1437,244,1
1438,244,1
1439,244,1
1440,244,1
1441,244,1
1442,244,1
1443,244,1
1444,244,1
1445,244,1
1446,244,1
1447,244,1
1448,244,1
1449,244,1
1450,244,1
1451,244,1
1452,244,1
1453,244,1
1454,244,1
1455,244,1
1456,244,1
1457,244,1
1458,244,1
1459,244,1
1460,244,1
1461,245,1
1462,245,1
1463,245,1
1464,245,1
1465,245,1
1466,245,1
1467,245,1
1468,245,1
1469,245,1
1470,245,1
1471,245,1
1472,245,1
1473,245,1
1474,245,1
1475,245,1
1476,245,1
1477,245,1
1478,245,1
1479,245,1
1480,245,1
1481,245,1
1482,245,1
1483,245,1
1484,245,1
1485,245,1
1486,245,1
1487,246,1
1488,246,1
1489,246,1
1490,246,1
1491,246,1
1492,246,1
1493,246,1
1494,246,1
1495,246,1
1496,246,1
1497,246,1
1498,246,1
1499,246,1
1500,246,1
1501,247,1
1502,247,1
1503,247,1
1504,247,1
1505,247,1
1506,247,1
1507,247,1
1508,247,1
1509,247,1
1510,247,1
1511,247,1
1512,247,1
1513,248,1
1514,248,1
1515,248,1
1516,248,1
1517,248,1
1518,248,1
1519,248,1
1520,248,1
1521,248,1
1522,248,1
1523,249,1
1524,249,1
1525,249,1
1526,249,1
1527,249,1
1528,250,1
1529,250,1
1530,250,1
1531,250,1
1532,251,1
1533,251,1
1533,252,1
1533,253,1
1533,254,1
1533,254,0
