239,488,1
239,489,1
239,490,1
239,491,1
239,492,1
239,493,1
239,494,1
239,495,1
239,496,1
239,497,1
239,498,1
240,499,1
240,500,1
240,501,1
240,502,1
240,503,1
240,504,1
240,505,1
240,506,1
240,507,1
240,508,1
240,509,1
240,510,1
240,511,1
240,512,1
240,513,1
240,514,1
240,515,1
240,516,1
240,517,1
240,518,1
240,519,1
240,520,1
240,521,1
240,522,1
240,523,1
240,524,1
240,525,1
240,526,1
240,527,1
240,528,1
240,529,1
240,530,1
240,531,1
240,532,1
240,533,1
240,534,1
240,535,1
240,536,1
240,537,1
240,538,1
240,539,1
240,540,1
240,541,1
240,542,1
240,543,1
240,544,1
240,545,1
240,546,1
240,547,1
240,548,1
239,549,1
239,550,1
239,551,1
239,552,1
239,553,1
239,554,1
239,555,1
239,556,1
239,557,1
239,558,1
239,559,1
239,560,1
239,561,1
239,562,1
239,563,1
239,564,1
239,565,1
238,566,1
238,567,1
238,568,1
238,569,1
238,570,1
238,571,1
238,572,1
238,573,1
238,574,1
238,575,1
238,576,1
238,577,1
238,578,1
237,579,1
237,580,1
237,581,1
237,582,1
237,583,1
237,584,1
237,585,1
236,586,1
236,587,1
236,588,1
235,589,1
235,590,1
235,591,1
234,592,1
234,593,1
233,593,1
233,594,1
232,594,1
231,594,1
231,593,1
230,593,1
230,592,1
229,592,1
229,591,1
229,590,1
228,590,1
228,589,1
228,588,1
227,587,1
227,586,1
227,585,1
227,584,1
227,583,1
227,582,1
226,581,1
226,580,1
226,579,1
226,578,1
226,577,1
226,576,1
226,575,1
225,574,1
225,573,1
225,572,1
225,571,1
225,570,1
225,569,1
225,568,1
225,567,1
225,566,1
225,565,1
225,564,1
225,563,1
224,562,1
224,561,1
224,560,1
224,559,1
224,558,1
224,557,1
224,556,1
224,555,1
224,554,1
224,553,1
224,552,1
224,551,1
224,550,1
224,549,1
224,548,1
224,547,1
224,546,1
224,545,1
224,544,1
224,543,1
224,542,1
224,541,1
224,540,1
224,539,1
224,538,1
224,537,1
224,536,1
224,535,1
224,534,1
224,533,1
224,532,1
224,531,1
224,530,1
224,529,1
224,528,1
224,527,1
224,526,1
224,525,1
224,524,1
224,523,1
224,522,1
224,521,1
224,520,1
224,519,1
224,518,1
224,517,1
224,516,1
224,515,1
224,514,1
225,513,1
225,512,1
225,511,1
225,510,1
225,509,1
225,508,1
225,507,1
225,506,1
225,505,1
225,504,1
225,503,1
225,502,1
226,501,1
226,500,1
226,499,1
226,498,1
226,497,1
226,496,1
226,495,1
226,494,1
226,493,1
227,492,1
227,491,1
227,490,1
227,489,1
227,488,1
227,487,1
227,486,1
227,485,1
227,484,1
228,483,1
228,482,1
228,481,1
228,480,1
228,479,1
228,478,1
229,477,1
229,476,1
229,475,1
229,474,1
229,473,1
229,472,1
229,471,1
230,470,1
230,469,1
230,468,1
230,467,1
231,466,1
231,465,1
231,464,1
231,463,1
231,462,1
232,461,1
232,460,1
232,459,1
232,458,1
232,457,1
233,456,1
233,455,1
233,454,1
233,453,1
234,452,1
234,451,1
234,450,1
234,449,1
235,448,1
235,447,1
235,446,1
235,445,1
236,444,1
236,443,1
236,442,1
237,441,1
237,440,1
237,439,1
238,438,1
238,437,1
238,436,1
239,435,1
239,434,1
239,433,1
240,432,1
240,431,1
240,430,1
241,429,1
241,428,1
241,427,1
242,426,1
242,425,1
242,424,1
243,423,1
243,422,1
244,421,1
244,420,1
245,419,1
245,418,1
245,417,1
246,416,1
246,415,1
247,414,1
247,413,1
247,412,1
248,411,1
249,410,1
249,409,1
250,408,1
250,407,1
251,406,1
251,405,1
252,404,1
252,403,1
252,402,1
253,402,1
253,401,1
254,400,1
254,399,1
255,398,1
255,397,1
256,396,1
256,395,1
257,394,1
258,394,1
258,393,1
259,392,1
259,391,1
260,390,1
260,389,1
261,389,1
261,388,1
262,387,1
262,386,1
263,385,1
263,384,1
264,384,1
265,383,1
265,382,1
266,381,1
266,380,1
267,379,1
268,378,1
269,377,1
270,376,1
270,375,1
271,374,1
272,373,1
273,372,1
273,371,1
274,370,1
275,370,1
275,369,1
276,368,1
277,367,1
278,366,1
279,365,1
279,364,1
280,364,1
281,363,1
282,362,1
282,361,1
283,361,1
284,360,1
284,359,1
285,358,1
286,358,1
287,357,1
287,356,1
288,356,1
289,355,1
290,354,1
291,353,1
292,352,1
293,351,1
294,351,1
295,350,1
296,349,1
297,348,1
298,348,1
299,347,1
299,346,1
300,346,1
301,345,1
302,345,1
303,344,1
303,343,1
304,343,1
305,342,1
306,342,1
307,341,1
308,340,1
309,340,1
310,339,1
311,338,1
312,337,1
313,337,1
314,336,1
315,336,1
316,335,1
317,335,1
318,334,1
319,334,1
320,333,1
321,333,1
322,332,1
323,332,1
324,331,1
325,330,1
326,330,1
327,330,1
328,329,1
329,329,1
330,328,1
331,328,1
332,328,1
333,327,1
334,327,1
335,327,1
336,326,1
337,326,1
338,326,1
339,325,1
340,325,1
341,325,1
342,324,1
343,324,1
344,324,1
345,324,1
346,324,1
347,323,1
348,323,1
349,323,1
350,323,1
351,323,1
352,323,1
353,323,1
354,323,1
355,323,1
356,322,1
357,322,1
358,322,1
359,323,1
360,323,1
361,323,1
362,323,1
363,323,1
364,323,1
365,323,1
366,323,1
367,324,1
368,324,1
369,324,1
370,324,1
371,325,1
372,325,1
373,325,1
374,326,1
375,326,1
376,326,1
377,327,1
378,327,1
379,328,1
380,328,1
380,329,1
381,329,1
382,330,1
383,330,1
384,331,1
385,331,1
386,332,1
387,333,1
388,334,1
389,334,1
390,335,1
391,336,1
392,337,1
393,337,1
393,338,1
394,339,1
395,340,1
396,341,1
397,342,1
397,343,1
398,343,1
399,344,1
399,345,1
400,346,1
401,347,1
401,348,1
402,348,1
402,349,1
403,350,1
403,351,1
404,352,1
404,353,1
405,353,1
405,354,1
406,355,1
406,356,1
407,357,1
407,358,1
408,359,1
408,360,1
409,361,1
410,362,1
410,363,1
411,364,1
411,365,1
411,366,1
412,367,1
412,368,1
412,369,1
413,370,1
413,371,1
413,372,1
414,373,1
414,374,1
414,375,1
415,376,1
415,377,1
416,378,1
416,379,1
416,380,1
416,381,1
417,382,1
417,383,1
417,384,1
417,385,1
418,386,1
418,387,1
418,388,1
418,389,1
419,390,1
419,391,1
419,392,1
419,393,1
420,394,1
420,395,1
420,396,1
420,397,1
420,398,1
421,399,1
421,400,1
421,401,1
421,402,1
421,403,1
422,404,1
422,405,1
422,406,1
422,407,1
422,408,1
423,409,1
423,410,1
423,411,1
423,412,1
423,413,1
423,414,1
424,415,1
424,416,1
424,417,1
424,418,1
424,419,1
424,420,1
425,421,1
425,422,1
425,423,1
425,424,1
425,425,1
425,426,1
426,427,1
426,428,1
426,429,1
426,430,1
426,431,1
426,432,1
426,433,1
427,434,1
427,435,1
427,436,1
427,437,1
427,438,1
427,439,1
427,440,1
427,441,1
428,442,1
428,443,1
428,444,1
428,445,1
428,446,1
428,447,1
428,448,1
428,449,1
428,450,1
428,451,1
428,452,1
429,453,1
429,454,1
429,455,1
429,456,1
429,457,1
429,458,1
429,459,1
429,460,1
429,461,1
429,462,1
430,463,1
430,464,1
430,465,1
430,466,1
430,467,1
430,468,1
430,469,1
430,470,1
430,471,1
430,472,1
430,473,1
430,474,1
430,475,1
431,476,1
431,477,1
431,478,1
431,479,1
431,480,1
431,481,1
431,482,1
431,483,1
431,484,1
431,485,1
431,486,1
431,487,1
431,488,1
431,489,1
431,490,1
431,491,1
431,492,1
431,493,1
431,494,1
432,495,1
432,496,1
432,497,1
432,498,1
432,499,1
432,500,1
432,501,1
432,502,1
432,503,1
432,504,1
432,505,1
432,506,1
432,507,1
432,508,1
432,509,1
432,510,1
432,511,1
432,512,1
432,513,1
432,514,1
432,515,1
432,516,1
432,517,1
432,518,1
432,519,1
432,520,1
432,521,1
432,522,1
432,523,1
431,524,1
431,525,1
431,526,1
431,527,1
431,528,1
431,529,1
431,530,1
431,531,1
431,532,1
431,533,1
431,534,1
431,535,1
431,536,1
432,536,1
432,535,1
432,534,1
432,533,1
431,532,1
431,531,1
431,530,1
431,529,1
431,528,1
431,527,1
431,526,1
431,525,1
430,524,1
430,523,1
430,522,1
430,521,1
430,520,1
429,519,1
429,518,1
429,517,1
429,516,1
428,515,1
427,514,1
427,513,1
427,512,1
426,511,1
426,510,1
425,509,1
425,508,1
424,508,1
424,507,1
423,506,1
423,505,1
422,504,1
421,503,1
421,502,1
420,501,1
419,501,1
419,500,1
418,499,1
417,498,1
416,497,1
415,497,1
414,496,1
414,495,1
413,495,1
412,494,1
411,493,1
410,492,1
409,492,1
408,491,1
407,491,1
406,490,1
405,489,1
404,489,1
403,489,1
402,488,1
401,488,1
400,487,1
399,487,1
398,487,1
397,486,1
396,486,1
395,485,1
394,485,1
393,485,1
392,485,1
391,484,1
390,484,1
389,484,1
388,484,1
387,483,1
386,483,1
385,483,1
384,483,1
383,483,1
382,483,1
381,482,1
380,482,1
379,482,1
378,482,1
377,482,1
376,482,1
375,482,1
374,482,1
373,482,1
372,482,1
371,482,1
370,482,1
369,482,1
368,482,1
367,482,1
366,482,1
366,483,1
365,483,1
364,483,1
363,483,1
362,483,1
361,483,1
360,483,1
359,484,1
358,484,1
357,484,1
356,484,1
355,485,1
354,485,1
353,485,1
352,485,1
351,486,1
350,486,1
349,486,1
348,487,1
347,487,1
346,487,1
345,488,1
344,488,1
343,489,1
342,489,1
341,489,1
340,490,1
339,490,1
338,491,1
337,491,1
336,491,1
335,492,1
334,493,1
333,493,1
332,494,1
331,494,1
330,495,1
329,495,1
328,496,1
327,496,1
326,497,1
325,498,1
324,498,1
323,499,1
322,500,1
321,500,1
320,501,1
319,502,1
318,502,1
317,503,1
316,504,1
315,505,1
314,505,1
313,506,1
312,507,1
311,508,1
310,509,1
309,509,1
308,510,1
307,511,1
306,512,1
305,512,1
305,513,1
304,514,1
303,514,1
302,515,1
302,516,1
301,516,1
300,517,1
299,518,1
299,519,1
298,519,1
297,520,1
296,521,1
295,522,1
294,523,1
294,524,1
293,524,1
292,525,1
292,526,1
291,527,1
290,528,1
289,529,1
288,530,1
288,531,1
287,532,1
286,533,1
286,534,1
285,535,1
284,536,1
283,537,1
283,538,1
283,539,1
282,540,1
282,541,1
281,542,1
281,543,1
281,544,1
281,545,1
280,546,1
280,547,1
281,548,1
281,549,1
281,550,1
282,550,1
282,551,1
283,552,1
284,552,1
284,553,1
285,553,1
286,553,1
287,554,1
288,554,1
289,554,1
290,554,1
291,554,1
292,553,1
293,553,1
294,553,1
295,553,1
296,552,1
297,552,1
298,551,1
299,551,1
300,550,1
301,549,1
302,549,1
302,548,1
303,548,1
304,547,1
305,546,1
305,545,1
306,545,1
306,544,1
307,543,1
307,542,1
308,542,1
308,541,1
308,540,1
309,539,1
309,538,1
309,537,1
309,536,1
309,535,1
309,534,1
309,533,1
309,532,1
309,531,1
309,530,1
308,530,1
308,529,1
308,528,1
307,527,1
306,526,1
306,525,1
305,525,1
305,524,1
304,523,1
303,522,1
302,522,1
302,521,1
301,520,1
300,520,1
299,519,1
298,518,1
297,518,1
296,518,1
295,517,1
294,517,1
293,516,1
292,516,1
291,516,1
290,515,1
289,515,1
288,515,1
287,515,1
286,514,1
285,514,1
284,514,1
283,514,1
282,514,1
281,514,1
280,513,1
279,513,1
278,513,1
277,513,1
276,513,1
275,513,1
274,513,1
273,513,1
272,513,1
271,513,1
270,513,1
269,513,1
269,514,1
268,514,1
268,515,1
512,466,0
752,411,1
752,412,1
752,413,1
752,414,1
751,415,1
751,416,1
751,417,1
751,418,1
751,419,1
750,420,1
750,421,1
750,422,1
750,423,1
750,424,1
749,425,1
749,426,1
749,427,1
749,428,1
749,429,1
749,430,1
748,431,1
748,432,1
748,433,1
748,434,1
748,435,1
747,436,1
747,437,1
747,438,1
747,439,1
747,440,1
747,441,1
746,442,1
746,443,1
746,444,1
746,445,1
746,446,1
745,447,1
745,448,1
745,449,1
745,450,1
745,451,1
744,452,1
744,453,1
744,454,1
744,455,1
744,456,1
743,457,1
743,458,1
743,459,1
743,460,1
743,461,1
743,462,1
742,463,1
742,464,1
742,465,1
742,466,1
742,467,1
741,468,1
741,469,1
741,470,1
741,471,1
741,472,1
740,473,1
740,474,1
740,475,1
740,476,1
740,477,1
739,478,1
739,479,1
739,480,1
739,481,1
739,482,1
739,483,1
738,484,1
738,485,1
738,486,1
738,487,1
738,488,1
738,489,1
737,490,1
737,491,1
737,492,1
737,493,1
737,494,1
737,495,1
736,496,1
736,497,1
736,498,1
736,499,1
736,500,1
736,501,1
735,502,1
735,503,1
735,504,1
735,505,1
735,506,1
734,507,1
734,508,1
734,509,1
734,510,1
734,511,1
734,512,1
733,513,1
733,514,1
733,515,1
733,516,1
733,517,1
732,518,1
732,519,1
732,520,1
731,520,1
731,521,1
731,522,1
730,522,1
730,523,1
729,523,1
729,524,1
728,524,1
727,524,1
726,524,1
726,523,1
725,523,1
725,522,1
725,521,1
724,521,1
724,520,1
724,519,1
723,519,1
723,518,1
723,517,1
722,516,1
722,515,1
721,514,1
721,513,1
721,512,1
720,511,1
720,510,1
720,509,1
719,509,1
719,508,1
719,507,1
718,506,1
718,505,1
717,504,1
717,503,1
716,502,1
716,501,1
715,500,1
715,499,1
714,498,1
714,497,1
713,497,1
713,496,1
713,495,1
712,494,1
711,493,1
710,492,1
710,491,1
709,490,1
709,489,1
708,489,1
708,488,1
707,487,1
706,486,1
706,485,1
705,485,1
704,484,1
704,483,1
703,482,1
702,482,1
702,481,1
701,480,1
700,480,1
700,479,1
699,478,1
698,478,1
697,477,1
696,476,1
695,475,1
694,474,1
693,474,1
693,473,1
692,473,1
691,472,1
690,472,1
689,471,1
688,470,1
687,470,1
686,469,1
685,469,1
684,468,1
683,468,1
682,467,1
681,467,1
680,467,1
679,466,1
678,466,1
677,466,1
676,465,1
675,465,1
674,464,1
673,464,1
672,464,1
671,464,1
670,463,1
669,463,1
668,463,1
667,463,1
666,463,1
665,463,1
664,463,1
663,463,1
662,463,1
661,463,1
660,463,1
659,463,1
658,463,1
657,463,1
656,463,1
655,463,1
654,463,1
653,463,1
652,463,1
651,463,1
650,463,1
649,463,1
648,463,1
647,463,1
646,464,1
645,464,1
644,464,1
643,464,1
642,465,1
641,465,1
640,465,1
639,465,1
638,466,1
637,466,1
636,466,1
636,467,1
635,467,1
634,467,1
633,468,1
632,468,1
631,468,1
630,469,1
629,469,1
628,470,1
627,470,1
626,470,1
626,471,1
625,471,1
624,472,1
623,472,1
622,473,1
621,473,1
620,474,1
619,474,1
619,475,1
618,475,1
617,476,1
616,476,1
615,477,1
614,477,1
613,478,1
612,479,1
611,480,1
610,480,1
609,481,1
608,482,1
607,482,1
607,483,1
606,484,1
605,484,1
604,485,1
603,486,1
602,487,1
601,488,1
600,489,1
599,490,1
598,490,1
598,491,1
597,492,1
596,493,1
595,494,1
594,495,1
593,496,1
592,497,1
592,498,1
591,499,1
590,500,1
589,501,1
588,502,1
587,503,1
587,504,1
586,505,1
586,506,1
585,507,1
584,508,1
584,509,1
583,509,1
583,510,1
582,511,1
582,512,1
582,513,1
581,514,1
581,515,1
580,516,1
580,517,1
580,518,1
579,519,1
579,520,1
578,521,1
578,522,1
578,523,1
577,524,1
577,525,1
577,526,1
577,527,1
576,528,1
576,529,1
576,530,1
576,531,1
576,532,1
576,533,1
575,534,1
575,535,1
575,536,1
575,537,1
575,538,1
575,539,1
575,540,1
575,541,1
575,542,1
576,543,1
576,544,1
576,545,1
577,546,1
577,547,1
578,548,1
578,549,1
578,550,1
578,551,1
579,552,1
579,553,1
580,554,1
581,555,1
582,556,1
583,556,1
584,556,1
585,556,1
586,556,1
587,556,1
588,555,1
576,423,0
579,292,1
578,292,1
577,292,1
576,292,1
575,292,1
574,292,1
573,292,1
572,292,1
571,292,1
570,292,1
569,292,1
568,292,1
567,291,1
566,291,1
565,291,1
564,291,1
563,290,1
562,290,1
561,290,1
560,290,1
559,289,1
558,289,1
557,289,1
557,288,1
556,288,1
555,288,1
554,287,1
553,287,1
552,286,1
551,286,1
550,285,1
549,284,1
548,284,1
547,283,1
546,282,1
545,282,1
545,281,1
544,280,1
543,280,1
543,279,1
543,278,1
542,278,1
542,277,1
541,276,1
541,275,1
541,274,1
541,273,1
541,272,1
541,271,1
541,270,1
541,269,1
542,268,1
542,267,1
543,267,1
543,266,1
544,266,1
544,265,1
545,265,1
545,264,1
546,264,1
547,263,1
548,263,1
549,263,1
550,262,1
551,262,1
552,262,1
553,261,1
554,261,1
555,261,1
556,261,1
557,261,1
558,261,1
559,261,1
560,261,1
561,261,1
562,261,1
563,261,1
564,261,1
565,261,1
566,261,1
567,261,1
568,262,1
569,262,1
570,262,1
571,262,1
572,262,1
573,263,1
574,263,1
575,263,1
576,263,1
577,264,1
578,264,1
579,264,1
580,265,1
581,265,1
582,265,1
583,265,1
584,266,1
585,266,1
586,266,1
587,267,1
588,267,1
589,268,1
590,268,1
591,268,1
591,269,1
592,269,1
593,269,1
594,270,1
595,270,1
596,271,1
597,271,1
598,272,1
599,272,1
600,273,1
601,273,1
602,274,1
603,274,1
604,274,1
605,275,1
606,275,1
606,276,1
607,276,1
608,277,1
609,277,1
610,278,1
611,279,1
612,279,1
613,280,1
614,280,1
615,281,1
616,281,1
616,282,1
617,282,1
618,283,1
619,283,1
620,284,1
621,285,1
622,285,1
623,286,1
624,286,1
625,287,1
625,288,1
626,288,1
627,289,1
628,290,1
629,290,1
630,291,1
631,291,1
632,292,1
632,293,1
633,293,1
634,294,1
635,295,1
636,295,1
636,296,1
637,297,1
638,297,1
639,298,1
640,299,1
641,299,1
641,300,1
642,301,1
643,301,1
644,302,1
644,303,1
645,304,1
646,304,1
647,305,1
647,306,1
648,306,1
649,307,1
650,308,1
651,309,1
652,310,1
653,310,1
653,311,1
654,312,1
655,312,1
655,313,1
656,314,1
657,314,1
657,315,1
658,316,1
659,316,1
659,317,1
660,318,1
661,319,1
662,320,1
663,321,1
664,322,1
665,323,1
665,324,1
666,324,1
667,325,1
667,326,1
668,327,1
669,327,1
669,328,1
670,329,1
671,330,1
671,331,1
672,331,1
673,332,1
673,333,1
674,334,1
675,335,1
676,336,1
677,337,1
677,338,1
678,339,1
679,339,1
679,340,1
680,341,1
681,342,1
681,343,1
682,344,1
683,345,1
684,346,1
685,347,1
685,348,1
686,349,1
687,350,1
687,351,1
688,351,1
689,352,1
689,353,1
690,354,1
691,355,1
691,356,1
692,356,1
693,357,1
693,358,1
694,359,1
694,360,1
695,361,1
696,361,1
696,362,1
697,363,1
698,364,1
698,365,1
699,365,1
699,366,1
700,367,1
701,368,1
701,369,1
702,370,1
703,371,1
704,371,1
704,372,1
749,375,0
800,391,1
800,390,1
799,389,1
798,388,1
798,387,1
799,386,1
799,385,1
800,384,1
801,384,1
802,383,1
803,383,1
804,383,1
805,384,1
806,383,1
807,383,1
808,383,1
809,383,1
810,383,1
811,384,1
812,384,1
813,384,1
814,385,1
815,385,1
816,385,1
817,386,1
818,386,1
819,387,1
820,388,1
821,388,1
822,389,1
823,390,1
824,391,1
825,392,1
826,393,1
827,394,1
828,395,1
828,396,1
829,396,1
829,397,1
830,398,1
830,399,1
831,399,1
831,400,1
832,401,1
832,402,1
833,403,1
833,404,1
834,405,1
834,406,1
834,407,1
834,408,1
835,409,1
835,410,1
835,411,1
835,412,1
836,413,1
836,414,1
836,415,1
836,416,1
836,417,1
836,418,1
836,419,1
836,420,1
836,421,1
836,422,1
836,423,1
836,424,1
836,425,1
836,426,1
836,427,1
836,428,1
836,429,1
836,430,1
836,431,1
836,432,1
835,433,1
835,434,1
835,435,1
835,436,1
835,437,1
835,438,1
834,439,1
834,440,1
834,441,1
834,442,1
833,443,1
833,444,1
833,445,1
832,446,1
832,447,1
832,448,1
831,449,1
831,450,1
831,451,1
830,452,1
830,453,1
830,454,1
829,454,1
829,455,1
828,456,1
828,457,1
828,458,1
827,459,1
827,460,1
826,461,1
826,462,1
825,463,1
824,464,1
824,465,1
823,466,1
823,467,1
822,468,1
822,469,1
821,469,1
821,470,1
820,471,1
820,472,1
819,473,1
818,474,1
818,475,1
817,476,1
817,477,1
816,478,1
815,479,1
814,480,1
814,481,1
813,481,1
813,482,1
812,483,1
812,484,1
811,484,1
810,485,1
810,486,1
809,487,1
808,487,1
808,488,1
807,489,1
807,490,1
806,490,1
805,491,1
805,492,1
804,493,1
803,493,1
803,494,1
802,495,1
801,496,1
800,496,1
800,497,1
799,498,1
798,498,1
797,499,1
797,500,1
796,500,1
795,501,1
794,502,1
793,503,1
792,504,1
791,504,1
791,505,1
790,505,1
789,506,1
788,507,1
787,507,1
787,508,1
786,509,1
785,509,1
784,510,1
783,510,1
782,511,1
782,512,1
781,512,1
780,513,1
779,513,1
778,514,1
777,514,1
776,515,1
775,515,1
775,516,1
774,516,1
773,517,1
772,517,1
771,518,1
770,518,1
769,518,1
768,519,1
767,519,1
766,520,1
765,520,1
764,521,1
763,521,1
762,521,1
761,522,1
760,522,1
759,522,1
758,522,1
757,523,1
756,523,1
755,523,1
754,523,1
753,523,1
752,523,1
751,523,1
750,523,1
749,523,1
748,523,1
747,523,1
746,523,1
745,523,1
744,523,1
743,522,1
742,522,1
742,521,1
741,521,1
740,520,1
740,519,1
739,519,1
739,518,1
739,517,1
739,516,1
739,515,1
739,514,1
740,513,1
740,512,1
741,512,1
741,511,1
742,510,1
743,509,1
744,508,1
745,508,1
745,507,1
746,507,1
747,506,1
748,506,1
748,505,1
749,505,1
750,505,1
751,504,1
752,504,1
753,504,1
754,504,1
755,503,1
756,503,1
757,503,1
758,503,1
758,502,1
759,502,1
760,502,1
761,502,1
762,502,1
763,502,1
764,502,1
765,502,1
766,501,1
767,501,1
768,501,1
769,501,1
770,501,1
771,501,1
772,501,1
773,501,1
774,501,1
775,501,1
776,502,1
777,502,1
778,502,1
779,502,1
780,502,1
781,502,1
782,502,1
783,502,1
784,502,1
785,502,1
786,503,1
787,503,1
788,503,1
789,503,1
790,503,1
791,503,1
792,503,1
793,504,1
794,504,1
795,504,1
796,504,1
797,504,1
798,505,1
799,505,1
800,505,1
801,505,1
802,505,1
803,506,1
804,506,1
805,506,1
806,506,1
807,506,1
808,507,1
809,507,1
810,507,1
811,507,1
812,508,1
813,508,1
814,508,1
815,508,1
816,509,1
817,509,1
818,509,1
819,509,1
820,509,1
821,510,1
822,510,1
823,510,1
824,511,1
825,511,1
826,511,1
827,511,1
828,512,1
829,512,1
830,512,1
831,512,1
832,513,1
833,513,1
834,513,1
835,513,1
835,514,1
836,514,1
837,514,1
838,514,1
839,515,1
840,515,1
841,515,1
842,515,1
843,516,1
844,516,1
845,516,1
846,516,1
847,516,1
848,517,1
849,517,1
850,517,1
851,517,1
851,518,1
852,518,1
853,518,1
854,518,1
855,518,1
856,519,1
857,519,1
858,519,1
859,519,1
860,519,1
861,519,1
862,519,1
863,519,1
864,519,1
865,519,1
907,467,0
957,407,1
957,408,1
957,409,1
957,410,1
957,411,1
957,412,1
957,413,1
957,414,1
957,415,1
957,416,1
957,417,1
957,418,1
957,419,1
957,420,1
957,421,1
956,422,1
956,423,1
956,424,1
956,425,1
956,426,1
956,427,1
956,428,1
956,429,1
956,430,1
955,431,1
955,432,1
955,433,1
955,434,1
955,435,1
955,436,1
955,437,1
954,438,1
954,439,1
954,440,1
954,441,1
954,442,1
953,443,1
953,444,1
953,445,1
953,446,1
952,447,1
952,448,1
952,449,1
952,450,1
952,451,1
951,452,1
951,453,1
951,454,1
951,455,1
950,456,1
950,457,1
950,458,1
950,459,1
949,460,1
949,461,1
949,462,1
948,463,1
948,464,1
948,465,1
948,466,1
947,467,1
947,468,1
947,469,1
946,470,1
946,471,1
945,472,1
945,473,1
945,474,1
944,474,1
944,475,1
944,476,1
943,477,1
943,478,1
943,479,1
942,480,1
942,481,1
941,481,1
941,482,1
941,483,1
940,484,1
940,485,1
939,486,1
938,487,1
938,488,1
937,489,1
937,490,1
936,491,1
936,491,0
1028,299,0
140,439,1
141,439,1
142,439,1
143,439,1
144,439,1
145,439,1
146,439,1
147,439,1
148,439,1
149,439,1
150,439,1
151,439,1
152,439,1
153,439,1
154,439,1
155,439,1
156,439,1
157,438,1
158,438,1
159,438,1
160,438,1
161,438,1
162,438,1
163,438,1
164,438,1
165,438,1
166,438,1
167,438,1
168,438,1
169,438,1
170,438,1
171,438,1
172,437,1
173,437,1
174,437,1
175,437,1
176,437,1
177,437,1
178,437,1
179,437,1
180,437,1
181,437,1
182,437,1
183,437,1
184,437,1
185,437,1
186,437,1
187,436,1
188,436,1
189,436,1
190,436,1
191,436,1
192,436,1
193,436,1
194,436,1
195,436,1
196,436,1
197,436,1
198,436,1
199,436,1
200,436,1
201,436,1
202,436,1
203,436,1
204,436,1
205,436,1
206,436,1
207,436,1
208,436,1
209,435,1
210,435,1
211,435,1
212,435,1
213,435,1
214,435,1
215,435,1
216,435,1
217,435,1
218,435,1
219,435,1
220,435,1
221,435,1
222,435,1
223,435,1
224,435,1
225,434,1
226,434,1
227,434,1
228,434,1
229,434,1
230,434,1
231,434,1
232,434,1
233,434,1
234,434,1
235,434,1
236,434,1
237,434,1
238,434,1
239,434,1
240,433,1
241,433,1
242,433,1
243,433,1
244,433,1
245,433,1
246,433,1
247,433,1
248,433,1
249,433,1
250,433,1
251,433,1
252,433,1
253,433,1
254,433,1
255,433,1
256,433,1
257,433,1
258,433,1
259,432,1
260,432,1
261,432,1
262,432,1
263,432,1
264,432,1
265,432,1
266,432,1
267,432,1
268,432,1
269,432,1
270,432,1
271,432,1
272,432,1
273,432,1
274,432,1
275,432,1
276,432,1
277,432,1
278,432,1
279,432,1
280,432,1
281,432,1
282,432,1
283,432,1
284,431,1
285,431,1
286,431,1
287,431,1
288,431,1
289,431,1
290,431,1
291,431,1
292,431,1
293,431,1
294,431,1
295,431,1
296,431,1
297,431,1
298,431,1
299,431,1
300,431,1
301,431,1
302,431,1
303,431,1
304,431,1
305,430,1
306,430,1
307,430,1
308,430,1
309,430,1
310,430,1
311,430,1
312,430,1
313,430,1
314,430,1
315,430,1
316,430,1
317,430,1
318,430,1
319,430,1
320,430,1
321,429,1
322,429,1
323,429,1
324,429,1
325,429,1
326,429,1
327,429,1
328,429,1
329,429,1
330,429,1
331,429,1
332,429,1
333,429,1
334,429,1
335,429,1
336,429,1
337,429,1
338,429,1
339,429,1
340,428,1
341,428,1
342,428,1
343,428,1
344,428,1
345,428,1
346,428,1
347,428,1
348,428,1
349,428,1
350,428,1
351,428,1
352,428,1
353,428,1
354,428,1
355,428,1
356,428,1
357,428,1
358,428,1
359,428,1
360,428,1
361,428,1
362,428,1
363,428,1
364,428,1
365,427,1
366,427,1
367,427,1
368,427,1
369,427,1
370,427,1
371,427,1
372,427,1
373,427,1
374,427,1
375,427,1
376,427,1
377,427,1
378,426,1
379,426,1
380,426,1
381,426,1
382,426,1
383,426,1
384,426,1
385,426,1
386,426,1
387,426,1
388,426,1
389,425,1
390,425,1
391,425,1
392,425,1
393,425,1
394,425,1
395,425,1
396,425,1
397,425,1
398,425,1
399,425,1
400,424,1
401,424,1
402,424,1
403,424,1
404,424,1
405,424,1
406,424,1
407,424,1
408,424,1
409,424,1
410,424,1
411,424,1
412,424,1
413,424,1
414,424,1
415,424,1
416,423,1
417,423,1
418,423,1
419,423,1
420,423,1
421,423,1
422,423,1
423,423,1
424,423,1
425,423,1
426,423,1
427,422,1
428,422,1
429,422,1
430,422,1
431,422,1
432,422,1
433,422,1
434,422,1
435,422,1
436,422,1
437,421,1
438,421,1
439,421,1
440,421,1
441,421,1
442,421,1
443,421,1
444,421,1
445,421,1
446,421,1
447,420,1
448,420,1
449,420,1
450,420,1
451,420,1
452,420,1
453,420,1
454,420,1
455,420,1
456,420,1
457,420,1
458,420,1
459,420,1
460,419,1
461,419,1
462,419,1
463,419,1
464,419,1
465,419,1
466,419,1
467,419,1
468,419,1
469,419,1
470,418,1
471,418,1
472,418,1
473,418,1
474,418,1
475,418,1
476,418,1
477,418,1
478,418,1
479,417,1
480,417,1
481,417,1
482,417,1
483,417,1
484,417,1
485,417,1
486,417,1
487,417,1
488,416,1
489,416,1
490,416,1
491,416,1
492,416,1
493,416,1
494,416,1
495,416,1
496,415,1
497,415,1
498,415,1
499,415,1
500,415,1
501,415,1
502,415,1
503,415,1
504,414,1
505,414,1
506,414,1
507,414,1
508,414,1
509,414,1
510,414,1
511,413,1
512,413,1
513,413,1
514,413,1
515,413,1
516,413,1
517,413,1
518,413,1
519,412,1
520,412,1
521,412,1
522,412,1
523,412,1
524,412,1
525,412,1
526,411,1
527,411,1
528,411,1
529,411,1
530,411,1
531,411,1
532,411,1
533,411,1
534,410,1
535,410,1
536,410,1
537,410,1
538,410,1
539,410,1
540,410,1
541,409,1
542,409,1
543,409,1
544,409,1
545,409,1
546,409,1
547,409,1
548,409,1
549,408,1
550,408,1
551,408,1
552,408,1
553,408,1
554,408,1
555,408,1
556,407,1
557,407,1
558,407,1
559,407,1
560,407,1
561,407,1
562,407,1
563,407,1
564,406,1
565,406,1
566,406,1
567,406,1
568,406,1
569,406,1
570,406,1
571,406,1
572,405,1
573,405,1
574,405,1
575,405,1
576,405,1
577,405,1
578,405,1
579,405,1
580,404,1
581,404,1
582,404,1
583,404,1
584,404,1
585,404,1
586,404,1
587,403,1
588,403,1
589,403,1
590,403,1
591,403,1
592,403,1
593,403,1
594,403,1
595,402,1
596,402,1
597,402,1
598,402,1
599,402,1
600,402,1
601,402,1
602,402,1
603,401,1
604,401,1
605,401,1
606,401,1
607,401,1
608,401,1
609,401,1
610,400,1
611,400,1
612,400,1
613,400,1
614,400,1
615,400,1
616,400,1
617,399,1
618,399,1
619,399,1
620,399,1
621,399,1
622,399,1
623,399,1
624,398,1
625,398,1
626,398,1
627,398,1
628,398,1
629,398,1
630,398,1
631,397,1
632,397,1
633,397,1
634,397,1
635,397,1
636,397,1
637,397,1
638,396,1
639,396,1
640,396,1
641,396,1
642,396,1
643,395,1
644,395,1
645,395,1
646,395,1
647,395,1
648,395,1
649,395,1
650,394,1
651,394,1
652,394,1
653,394,1
654,394,1
655,394,1
656,393,1
657,393,1
658,393,1
659,393,1
660,393,1
661,393,1
662,393,1
663,392,1
664,392,1
665,392,1
666,392,1
667,392,1
668,391,1
669,391,1
670,391,1
671,391,1
672,391,1
673,391,1
674,391,1
675,390,1
676,390,1
677,390,1
678,390,1
679,390,1
680,390,1
681,389,1
682,389,1
683,389,1
684,389,1
685,389,1
686,389,1
687,388,1
688,388,1
689,388,1
690,388,1
691,388,1
692,387,1
693,387,1
694,387,1
695,387,1
696,387,1
697,387,1
698,386,1
699,386,1
700,386,1
701,386,1
702,386,1
703,385,1
704,385,1
705,385,1
706,385,1
707,385,1
708,385,1
709,384,1
710,384,1
711,384,1
712,384,1
713,384,1
714,383,1
715,383,1
716,383,1
717,383,1
718,383,1
719,383,1
720,382,1
721,382,1
722,382,1
723,382,1
724,382,1
725,382,1
726,381,1
727,381,1
728,381,1
729,381,1
730,381,1
731,381,1
732,380,1
733,380,1
734,380,1
735,380,1
736,380,1
737,379,1
738,379,1
739,379,1
740,379,1
741,379,1
742,379,1
743,378,1
744,378,1
745,378,1
746,378,1
747,378,1
748,377,1
749,377,1
750,377,1
751,377,1
752,377,1
753,377,1
754,376,1
755,376,1
756,376,1
757,376,1
758,376,1
759,375,1
760,375,1
761,375,1
762,375,1
763,375,1
764,375,1
765,375,1
766,374,1
767,374,1
768,374,1
769,374,1
770,374,1
771,373,1
772,373,1
773,373,1
774,373,1
775,373,1
776,373,1
777,373,1
778,372,1
779,372,1
780,372,1
781,372,1
782,372,1
783,372,1
784,371,1
785,371,1
786,371,1
787,371,1
788,371,1
789,371,1
790,370,1
791,370,1
792,370,1
793,370,1
794,370,1
795,370,1
796,369,1
797,369,1
798,369,1
799,369,1
800,369,1
801,369,1
802,368,1
803,368,1
804,368,1
805,368,1
806,368,1
807,368,1
808,367,1
809,367,1
810,367,1
811,367,1
812,367,1
813,367,1
814,366,1
815,366,1
816,366,1
817,366,1
818,366,1
819,366,1
820,365,1
821,365,1
822,365,1
823,365,1
824,365,1
825,365,1
826,365,1
827,364,1
828,364,1
829,364,1
830,364,1
831,364,1
832,363,1
833,363,1
834,363,1
835,363,1
836,363,1
837,363,1
838,363,1
839,362,1
840,362,1
841,362,1
842,362,1
843,362,1
844,362,1
845,361,1
846,361,1
847,361,1
848,361,1
849,361,1
850,361,1
851,360,1
852,360,1
853,360,1
854,360,1
855,360,1
856,360,1
857,359,1
858,359,1
859,359,1
860,359,1
861,359,1
862,358,1
863,358,1
864,358,1
865,358,1
866,358,1
867,358,1
868,357,1
869,357,1
870,357,1
871,357,1
872,357,1
873,357,1
874,356,1
875,356,1
876,356,1
877,356,1
878,356,1
879,356,1
880,355,1
881,355,1
882,355,1
883,355,1
884,355,1
885,355,1
886,355,1
887,354,1
888,354,1
889,354,1
890,354,1
891,354,1
892,354,1
893,353,1
894,353,1
895,353,1
896,353,1
897,353,1
898,353,1
899,353,1
900,352,1
901,352,1
902,352,1
903,352,1
904,352,1
905,352,1
906,351,1
907,351,1
908,351,1
909,351,1
910,351,1
911,351,1
912,351,1
913,351,1
914,350,1
915,350,1
916,350,1
917,350,1
918,350,1
919,350,1
920,350,1
921,349,1
922,349,1
923,349,1
924,349,1
925,349,1
926,349,1
927,349,1
928,349,1
929,348,1
930,348,1
931,348,1
932,348,1
933,348,1
934,348,1
935,348,1
936,348,1
937,348,1
938,348,1
939,347,1
940,347,1
941,347,1
942,347,1
943,347,1
944,347,1
945,347,1
946,347,1
947,347,1
948,346,1
949,346,1
950,346,1
951,346,1
952,346,1
953,346,1
954,346,1
955,346,1
956,345,1
957,345,1
958,345,1
959,345,1
960,345,1
961,345,1
962,345,1
963,345,1
964,345,1
965,345,1
966,344,1
967,344,1
968,344,1
969,344,1
970,344,1
971,344,1
972,344,1
973,344,1
974,344,1
975,344,1
976,344,1
977,344,1
978,344,1
979,344,1
980,343,1
981,343,1
982,343,1
983,343,1
984,343,1
985,343,1
986,343,1
987,343,1
988,343,1
989,343,1
990,343,1
991,342,1
992,342,1
993,342,1
994,342,1
995,342,1
996,342,1
997,342,1
998,342,1
999,342,1
1000,342,1
1001,341,1
1002,341,1
1003,341,1
1004,341,1
1005,341,1
1006,341,1
1007,341,1
1008,341,1
1009,341,1
1010,341,1
1011,341,1
1012,341,1
1013,340,1
1014,340,1
1015,340,1
1016,340,1
1017,340,1
1018,340,1
1019,340,1
1020,340,1
1021,340,1
1022,340,1
1023,340,1
1024,340,1
1025,340,1
1026,340,1
1027,340,1
1028,340,1
1029,340,1
1030,340,1
1031,340,1
1032,340,1
1033,340,1
1034,340,1
1035,340,1
1036,340,1
1037,340,1
1038,340,1
1039,339,1
1040,339,1
1041,339,1
1042,339,1
1043,339,1
1044,339,1
1045,339,1
1046,339,1
1047,339,1
1048,339,1
1049,339,1
1050,339,1
1051,339,1
1052,339,1
1053,339,1
1054,339,1
1055,339,1
1056,339,1
1057,339,1
1058,339,1
1059,339,1
1060,339,1
1061,339,1
1062,339,1
1063,339,1
1064,339,1
1065,339,1
1066,339,1
1067,339,1
1068,339,1
1069,339,1
1070,339,1
1071,339,1
1072,339,1
1073,339,1
1074,339,1
1075,339,1
1076,339,1
1077,340,1
1078,340,1
1079,340,1
1080,340,1
1079,341,1
1078,341,1
1077,341,1
1076,341,1
1075,341,1
1075,341,0
