121,226,1
121,227,1
121,228,1
120,229,1
120,230,1
120,231,1
120,232,1
120,233,1
120,234,1
120,235,1
120,236,1
120,237,1
120,238,1
120,239,1
120,240,1
120,241,1
120,242,1
119,242,1
119,243,1
119,244,1
119,245,1
119,246,1
119,247,1
119,246,1
119,245,1
119,244,1
119,243,1
119,242,1
119,241,1
119,240,1
119,239,1
120,238,1
120,237,1
120,236,1
120,235,1
120,234,1
120,233,1
120,232,1
120,231,1
120,230,1
121,229,1
121,228,1
121,227,1
121,226,1
121,225,1
121,224,1
121,223,1
121,222,1
122,222,1
122,221,1
122,220,1
122,219,1
122,218,1
122,217,1
123,216,1
123,215,1
123,214,1
123,213,1
123,212,1
124,211,1
124,210,1
124,209,1
124,208,1
125,207,1
125,206,1
125,205,1
125,204,1
126,204,1
126,203,1
126,202,1
126,201,1
127,201,1
127,200,1
127,199,1
127,198,1
128,197,1
128,196,1
128,195,1
129,195,1
129,194,1
129,193,1
129,192,1
130,192,1
130,191,1
131,190,1
131,189,1
131,188,1
132,188,1
132,187,1
132,186,1
133,186,1
133,185,1
134,185,1
134,184,1
134,183,1
135,183,1
135,182,1
136,181,1
136,180,1
137,179,1
137,178,1
138,177,1
138,176,1
139,176,1
139,175,1
140,175,1
140,174,1
140,173,1
141,173,1
141,172,1
142,171,1
142,170,1
143,170,1
143,169,1
144,169,1
144,168,1
145,168,1
145,167,1
146,166,1
146,165,1
147,165,1
147,164,1
148,164,1
148,163,1
149,162,1
150,162,1
150,161,1
151,161,1
151,160,1
152,160,1
152,159,1
153,159,1
153,158,1
154,158,1
154,157,1
155,157,1
156,156,1
157,156,1
157,155,1
158,155,1
159,154,1
160,154,1
160,153,1
161,153,1
162,152,1
163,152,1
164,152,1
164,151,1
165,151,1
166,150,1
167,150,1
168,150,1
169,149,1
170,149,1
171,149,1
172,149,1
172,148,1
173,148,1
174,148,1
175,148,1
176,148,1
177,148,1
177,147,1
178,147,1
179,147,1
180,147,1
181,147,1
182,147,1
183,148,1
184,148,1
185,148,1
186,148,1
187,148,1
188,149,1
189,149,1
190,150,1
191,150,1
192,151,1
193,151,1
193,152,1
194,152,1
195,153,1
196,154,1
197,155,1
198,156,1
199,157,1
199,158,1
200,158,1
200,159,1
201,159,1
201,160,1
202,160,1
202,161,1
202,162,1
203,162,1
203,163,1
203,164,1
204,164,1
204,165,1
204,166,1
204,167,1
205,168,1
205,169,1
205,170,1
205,171,1
205,172,1
206,172,1
206,173,1
206,174,1
206,175,1
206,176,1
206,177,1
206,178,1
206,179,1
206,180,1
206,181,1
206,182,1
206,183,1
206,184,1
206,185,1
206,186,1
206,187,1
206,188,1
206,189,1
206,190,1
206,191,1
206,192,1
205,192,1
205,193,1
205,194,1
205,195,1
205,196,1
205,197,1
205,198,1
205,199,1
204,200,1
204,201,1
204,202,1
204,203,1
204,204,1
204,205,1
203,206,1
203,207,1
203,208,1
203,209,1
203,210,1
202,211,1
202,212,1
202,213,1
202,214,1
202,215,1
201,215,1
201,216,1
201,217,1
201,218,1
201,219,1
201,220,1
200,220,1
200,221,1
200,222,1
199,223,1
199,224,1
199,225,1
199,226,1
199,227,1
198,228,1
198,229,1
198,230,1
198,231,1
198,232,1
197,232,1
197,233,1
197,234,1
197,235,1
197,236,1
197,237,1
196,238,1
196,239,1
196,240,1
196,241,1
196,242,1
195,243,1
196,243,1
196,242,1
196,241,1
197,241,1
197,240,1
197,239,1
197,238,1
198,237,1
198,236,1
198,235,1
198,234,1
199,233,1
199,232,1
199,231,1
199,230,1
199,229,1
200,229,1
200,228,1
200,227,1
201,227,1
201,226,1
201,225,1
201,224,1
201,223,1
201,222,1
202,222,1
202,221,1
202,220,1
202,219,1
202,218,1
202,217,1
202,216,1
202,215,1
202,214,1
202,213,1
202,212,1
201,211,1
201,210,1
201,209,1
200,209,1
199,208,1
198,207,1
197,207,1
197,206,1
196,206,1
195,206,1
195,205,1
194,205,1
193,205,1
192,205,1
191,205,1
190,205,1
189,205,1
188,205,1
187,205,1
186,205,1
185,205,1
184,205,1
183,205,1
182,205,1
181,205,1
180,206,1
179,206,1
178,206,1
177,206,1
176,207,1
175,207,1
174,207,1
173,207,1
173,208,1
172,208,1
171,208,1
170,209,1
169,209,1
168,210,1
167,210,1
166,211,1
165,211,1
165,212,1
164,212,1
163,213,1
162,214,1
161,214,1
161,215,1
160,216,1
160,217,1
159,217,1
159,218,1
159,219,1
158,219,1
158,220,1
158,221,1
158,222,1
158,223,1
158,224,1
158,225,1
158,226,1
159,226,1
159,227,1
160,227,1
161,227,1
161,228,1
162,228,1
163,228,1
164,228,1
165,228,1
166,228,1
167,228,1
168,228,1
169,227,1
170,227,1
171,226,1
172,226,1
172,225,1
173,224,1
173,223,1
173,222,1
173,221,1
173,220,1
172,219,1
171,218,1
170,218,1
169,218,1
169,217,1
168,217,1
167,217,1
166,217,1
165,217,1
164,217,1
163,217,1
162,217,1
161,217,1
160,217,1
159,217,1
158,217,1
158,218,1
157,218,1
156,218,1
155,218,1
154,219,1
154,220,1
226,208,0
299,195,1
299,196,1
298,196,1
298,197,1
298,198,1
298,199,1
298,200,1
298,201,1
297,202,1
297,203,1
297,204,1
297,205,1
296,206,1
296,207,1
296,208,1
296,209,1
295,210,1
295,211,1
295,212,1
295,213,1
294,214,1
294,215,1
294,216,1
294,217,1
293,218,1
293,219,1
293,220,1
292,221,1
292,222,1
292,223,1
291,224,1
291,225,1
290,225,1
289,225,1
289,224,1
288,224,1
288,223,1
288,222,1
287,222,1
287,221,1
287,220,1
286,219,1
286,218,1
286,217,1
285,217,1
285,216,1
285,215,1
284,215,1
284,214,1
283,214,1
283,213,1
282,212,1
282,211,1
281,211,1
280,210,1
279,209,1
278,208,1
277,208,1
277,207,1
276,207,1
275,206,1
274,206,1
273,205,1
272,205,1
271,205,1
270,204,1
269,204,1
268,204,1
267,204,1
266,204,1
265,204,1
264,204,1
263,204,1
262,204,1
262,205,1
261,205,1
260,205,1
259,206,1
258,206,1
257,207,1
256,207,1
256,208,1
255,208,1
254,209,1
253,210,1
252,211,1
251,212,1
251,213,1
250,213,1
250,214,1
250,215,1
249,215,1
249,216,1
249,217,1
248,218,1
248,219,1
248,220,1
248,221,1
248,222,1
248,223,1
248,224,1
248,225,1
248,226,1
249,226,1
249,227,1
249,228,1
249,229,1
249,230,1
250,230,1
250,231,1
250,232,1
251,233,1
251,234,1
252,235,1
253,236,1
254,236,1
257,190,0
262,144,1
261,144,1
260,144,1
259,144,1
258,144,1
257,144,1
256,144,1
255,144,1
254,144,1
253,144,1
252,143,1
251,143,1
251,142,1
250,142,1
249,142,1
249,141,1
248,141,1
248,140,1
247,140,1
247,139,1
247,138,1
247,137,1
247,136,1
247,135,1
248,135,1
248,134,1
249,133,1
250,132,1
251,132,1
251,131,1
252,131,1
253,131,1
253,130,1
254,130,1
255,130,1
256,130,1
257,130,1
258,130,1
258,129,1
259,129,1
260,129,1
261,129,1
262,129,1
263,129,1
264,129,1
264,130,1
265,130,1
266,130,1
267,130,1
268,130,1
269,130,1
270,131,1
271,131,1
272,131,1
272,132,1
273,132,1
274,132,1
275,133,1
276,134,1
277,134,1
278,135,1
279,135,1
279,136,1
280,136,1
281,137,1
282,138,1
283,138,1
283,139,1
284,139,1
284,140,1
285,140,1
285,141,1
286,141,1
286,142,1
287,142,1
287,143,1
288,143,1
288,144,1
289,144,1
289,145,1
290,146,1
291,147,1
291,148,1
292,149,1
292,150,1
293,150,1
293,151,1
293,152,1
294,152,1
294,153,1
295,154,1
295,155,1
296,156,1
296,157,1
296,158,1
297,159,1
297,160,1
297,161,1
298,161,1
298,162,1
298,163,1
298,164,1
299,164,1
299,165,1
299,166,1
299,167,1
299,168,1
300,168,1
300,169,1
300,170,1
301,170,1
301,171,1
301,172,1
301,173,1
301,174,1
302,174,1
302,175,1
302,176,1
302,177,1
303,177,1
303,178,1
303,179,1
303,180,1
304,180,1
304,181,1
304,182,1
305,182,1
306,181,1
324,190,0
343,199,1
342,200,1
342,201,1
341,202,1
341,203,1
340,203,1
340,204,1
339,205,1
338,205,1
338,206,1
337,207,1
336,208,1
335,209,1
334,210,1
333,211,1
332,211,1
332,212,1
331,212,1
330,213,1
329,214,1
328,214,1
328,215,1
327,215,1
327,216,1
326,216,1
325,217,1
324,217,1
323,218,1
322,218,1
321,219,1
320,219,1
319,219,1
319,220,1
318,220,1
317,220,1
316,220,1
315,220,1
314,220,1
313,220,1
312,220,1
312,219,1
311,219,1
311,218,1
311,217,1
311,216,1
312,216,1
312,215,1
313,215,1
313,214,1
314,214,1
315,214,1
315,213,1
316,213,1
317,213,1
318,213,1
318,212,1
319,212,1
320,212,1
321,212,1
322,212,1
323,212,1
324,212,1
325,212,1
326,212,1
327,212,1
328,212,1
329,212,1
330,212,1
331,212,1
332,212,1
333,212,1
334,212,1
335,212,1
336,212,1
336,213,1
337,213,1
338,213,1
339,213,1
340,213,1
340,214,1
341,214,1
342,214,1
343,214,1
343,215,1
344,215,1
345,215,1
346,216,1
347,216,1
348,217,1
349,217,1
350,217,1
350,218,1
351,218,1
352,218,1
353,219,1
354,219,1
355,219,1
355,220,1
356,220,1
357,220,1
357,221,1
358,221,1
359,221,1
360,221,1
360,222,1
361,222,1
362,222,1
363,222,1
376,206,0
390,189,1
390,190,1
390,191,1
390,192,1
390,193,1
390,194,1
390,195,1
389,196,1
389,197,1
389,198,1
389,199,1
389,200,1
388,201,1
388,202,1
388,203,1
388,204,1
387,204,1
387,205,1
387,206,1
387,207,1
386,208,1
386,209,1
386,210,1
385,210,1
385,211,1
384,212,1
384,213,1
383,213,1
382,214,1
261,196,0
137,178,1
138,178,1
139,178,1
140,178,1
141,178,1
142,177,1
143,177,1
144,177,1
145,177,1
146,177,1
147,177,1
148,177,1
149,177,1
150,177,1
151,177,1
152,177,1
153,177,1
154,176,1
155,176,1
156,176,1
157,176,1
158,176,1
159,176,1
160,176,1
161,176,1
162,176,1
163,176,1
164,176,1
165,176,1
166,176,1
167,175,1
168,175,1
169,175,1
170,175,1
171,175,1
172,175,1
173,175,1
174,175,1
175,175,1
176,175,1
177,175,1
178,175,1
179,175,1
180,175,1
180,174,1
181,174,1
182,174,1
183,174,1
184,174,1
185,174,1
186,174,1
187,174,1
188,174,1
189,174,1
190,174,1
191,174,1
192,174,1
193,173,1
194,173,1
195,173,1
196,173,1
197,173,1
198,173,1
199,173,1
200,173,1
201,173,1
202,173,1
203,173,1
204,172,1
205,172,1
206,172,1
207,172,1
208,172,1
209,172,1
210,172,1
211,172,1
212,172,1
213,172,1
214,172,1
215,171,1
216,171,1
217,171,1
218,171,1
219,171,1
220,171,1
221,171,1
222,171,1
223,171,1
224,171,1
225,171,1
226,171,1
227,171,1
227,170,1
228,170,1
229,170,1
230,170,1
231,170,1
232,170,1
233,170,1
234,170,1
235,170,1
236,170,1
237,170,1
238,170,1
239,170,1
239,169,1
240,169,1
241,169,1
242,169,1
243,169,1
244,169,1
245,169,1
246,169,1
247,169,1
248,169,1
249,169,1
250,169,1
251,169,1
252,169,1
253,168,1
254,168,1
255,168,1
256,168,1
257,168,1
258,168,1
259,168,1
260,168,1
261,168,1
262,168,1
263,168,1
264,168,1
265,168,1
265,167,1
266,167,1
267,167,1
268,167,1
269,167,1
270,167,1
271,167,1
272,167,1
273,167,1
273,166,1
274,166,1
275,166,1
276,166,1
277,166,1
278,166,1
279,166,1
280,166,1
281,166,1
282,166,1
283,166,1
284,166,1
285,166,1
286,166,1
287,166,1
288,166,1
289,166,1
290,166,1
291,166,1
292,166,1
293,165,1
294,165,1
295,165,1
296,165,1
297,165,1
298,165,1
299,165,1
300,165,1
301,165,1
302,165,1
303,165,1
304,165,1
305,165,1
306,165,1
307,165,1
308,165,1
309,165,1
310,165,1
311,165,1
312,165,1
313,165,1
314,165,1
314,164,1
315,164,1
316,164,1
317,164,1
318,164,1
319,164,1
320,164,1
321,164,1
322,164,1
323,164,1
324,164,1
325,164,1
326,164,1
327,164,1
328,164,1
329,164,1
330,164,1
331,164,1
332,164,1
332,163,1
333,163,1
334,163,1
335,163,1
336,163,1
337,163,1
338,163,1
339,163,1
340,163,1
341,163,1
342,163,1
343,163,1
344,163,1
345,163,1
346,163,1
347,163,1
348,162,1
349,162,1
350,162,1
351,162,1
352,162,1
353,162,1
354,162,1
355,162,1
356,162,1
357,162,1
358,162,1
359,162,1
360,162,1
361,162,1
362,162,1
363,162,1
364,162,1
365,162,1
366,162,1
367,162,1
368,162,1
369,162,1
370,162,1
371,162,1
372,162,1
373,162,1
374,162,1
375,162,1
376,162,1
376,161,1
377,161,1
378,161,1
379,161,1
380,161,1
381,161,1
382,161,1
383,161,1
384,161,1
385,161,1
386,161,1
387,161,1
388,161,1
389,161,1
390,161,1
391,161,1
392,161,1
393,161,1
394,161,1
395,161,1
396,161,1
397,161,1
398,161,1
399,161,1
399,162,1
398,162,1
398,163,1
398,163,0
