910,694,1
911,694,1
912,694,1
913,694,1
914,694,1
915,694,1
916,694,1
917,694,1
918,694,1
919,694,1
920,694,1
921,694,1
922,694,1
923,695,1
924,695,1
925,695,1
926,695,1
927,695,1
928,696,1
929,696,1
930,696,1
931,697,1
932,697,1
933,698,1
934,698,1
935,699,1
936,699,1
937,700,1
938,701,1
939,702,1
940,702,1
941,703,1
942,704,1
943,705,1
944,706,1
945,707,1
946,707,1
946,708,1
947,709,1
948,710,1
949,711,1
950,712,1
951,713,1
952,714,1
952,715,1
953,716,1
954,716,1
955,717,1
955,718,1
956,719,1
956,720,1
957,720,1
958,721,1
958,722,1
959,723,1
960,724,1
960,725,1
961,725,1
961,726,1
962,727,1
963,728,1
963,729,1
964,730,1
964,731,1
965,732,1
966,733,1
966,734,1
967,735,1
967,736,1
968,737,1
968,738,1
969,739,1
969,740,1
970,741,1
970,742,1
971,742,1
971,743,1
972,744,1
972,745,1
973,746,1
973,747,1
973,748,1
974,749,1
974,750,1
975,751,1
975,752,1
975,753,1
976,754,1
976,755,1
977,756,1
977,757,1
978,758,1
978,759,1
978,760,1
979,761,1
979,762,1
979,763,1
980,764,1
980,765,1
981,766,1
982,767,1
982,768,1
983,769,1
983,770,1
984,771,1
985,772,1
985,773,1
985,774,1
986,775,1
986,776,1
987,777,1
987,778,1
988,778,1
988,779,1
988,780,1
989,781,1
989,782,1
990,783,1
990,784,1
990,785,1
991,786,1
991,787,1
991,788,1
992,789,1
992,790,1
993,790,1
993,791,1
993,792,1
994,793,1
994,794,1
994,795,1
995,796,1
995,797,1
995,798,1
995,799,1
996,800,1
996,801,1
996,802,1
997,803,1
997,804,1
997,805,1
997,806,1
998,807,1
998,808,1
998,809,1
998,810,1
999,811,1
999,812,1
999,813,1
999,814,1
999,815,1
1000,815,1
1000,816,1
1000,817,1
1000,818,1
1001,819,1
1001,820,1
1001,821,1
1001,822,1
1001,823,1
1002,824,1
1002,825,1
1002,826,1
1002,827,1
1002,828,1
1003,829,1
1003,830,1
1003,831,1
1003,832,1
1003,833,1
1003,834,1
1003,835,1
1004,836,1
1004,837,1
1004,838,1
1004,839,1
1004,840,1
1004,841,1
1004,842,1
1005,843,1
1005,844,1
1005,845,1
1005,846,1
1005,847,1
1005,848,1
1005,849,1
1005,850,1
1006,851,1
1006,852,1
1006,853,1
1006,854,1
1006,855,1
1006,856,1
1006,857,1
1006,858,1
1006,859,1
1006,860,1
1006,861,1
1006,862,1
1006,863,1
1006,864,1
1006,865,1
1006,866,1
1006,867,1
1007,868,1
1007,869,1
1007,870,1
1007,871,1
1007,872,1
1007,873,1
1007,874,1
1007,875,1
1007,876,1
1007,877,1
1007,878,1
1007,879,1
1007,880,1
1007,881,1
1007,882,1
1007,883,1
1006,884,1
1006,885,1
1006,886,1
1006,887,1
1006,888,1
1006,889,1
1006,890,1
1006,891,1
1006,892,1
1006,893,1
1006,894,1
1006,895,1
1006,896,1
1006,897,1
1006,898,1
1006,899,1
1006,900,1
1006,901,1
1005,902,1
1005,903,1
1005,904,1
1005,905,1
1005,906,1
1005,907,1
1005,908,1
1005,909,1
1005,910,1
1005,911,1
1004,912,1
1004,913,1
1004,914,1
1004,915,1
1004,916,1
1004,917,1
1004,918,1
1003,919,1
1003,920,1
1003,921,1
1003,922,1
1003,923,1
1003,924,1
1003,925,1
1002,926,1
1002,927,1
1002,928,1
1002,929,1
1002,930,1
1002,931,1
1001,932,1
1001,933,1
1001,934,1
1001,935,1
1001,936,1
1000,937,1
1000,938,1
1000,939,1
1000,940,1
1000,941,1
999,942,1
999,943,1
999,944,1
999,945,1
998,945,1
998,946,1
998,947,1
998,948,1
997,949,1
997,950,1
997,951,1
997,952,1
996,953,1
996,954,1
996,955,1
996,956,1
995,957,1
995,958,1
995,959,1
995,960,1
994,961,1
994,962,1
994,963,1
994,964,1
993,965,1
993,966,1
993,967,1
992,968,1
992,969,1
992,970,1
991,971,1
991,972,1
991,973,1
990,974,1
990,975,1
990,976,1
990,977,1
989,977,1
989,978,1
989,979,1
988,980,1
988,981,1
987,982,1
987,983,1
987,984,1
986,985,1
986,986,1
986,987,1
985,988,1
985,989,1
985,990,1
984,991,1
984,992,1
983,993,1
983,994,1
983,995,1
982,995,1
982,996,1
982,997,1
981,998,1
981,999,1
980,1000,1
980,1001,1
980,1002,1
979,1003,1
979,1004,1
978,1005,1
978,1006,1
978,1007,1
977,1008,1
977,1009,1
976,1009,1
976,1010,1
975,1011,1
975,1012,1
975,1013,1
974,1014,1
974,1015,1
973,1016,1
973,1017,1
972,1018,1
972,1019,1
971,1019,1
971,1020,1
970,1021,1
970,1022,1
969,1023,1
969,1024,1
968,1025,1
968,1026,1
967,1027,1
966,1028,1
966,1029,1
965,1030,1
965,1031,1
964,1032,1
964,1033,1
963,1034,1
962,1035,1
962,1036,1
961,1037,1
961,1038,1
960,1039,1
960,1040,1
959,1041,1
958,1041,1
958,1042,1
957,1043,1
957,1044,1
956,1045,1
956,1046,1
955,1047,1
954,1047,1
954,1048,1
953,1049,1
953,1050,1
952,1051,1
952,1052,1
951,1052,1
950,1053,1
950,1054,1
949,1055,1
949,1056,1
948,1056,1
947,1057,1
947,1058,1
946,1059,1
945,1060,1
945,1061,1
944,1061,1
944,1062,1
943,1063,1
942,1064,1
942,1065,1
941,1065,1
940,1066,1
940,1067,1
939,1068,1
938,1068,1
938,1069,1
937,1070,1
937,1071,1
936,1072,1
935,1072,1
935,1073,1
934,1074,1
933,1075,1
932,1076,1
931,1077,1
930,1078,1
929,1079,1
928,1080,1
927,1081,1
926,1082,1
926,1083,1
925,1083,1
924,1084,1
923,1085,1
922,1086,1
921,1087,1
921,1088,1
920,1088,1
919,1089,1
918,1090,1
917,1091,1
916,1092,1
915,1092,1
915,1093,1
914,1094,1
913,1094,1
912,1095,1
911,1096,1
910,1097,1
909,1097,1
909,1098,1
908,1099,1
907,1099,1
906,1100,1
905,1100,1
905,1101,1
904,1102,1
903,1102,1
902,1103,1
901,1104,1
900,1105,1
899,1105,1
898,1106,1
897,1107,1
896,1107,1
895,1108,1
894,1109,1
893,1110,1
892,1110,1
891,1111,1
890,1111,1
889,1112,1
888,1113,1
887,1113,1
886,1114,1
885,1114,1
884,1115,1
883,1116,1
882,1116,1
881,1117,1
880,1117,1
879,1117,1
879,1118,1
878,1118,1
877,1119,1
876,1119,1
875,1120,1
874,1120,1
873,1120,1
872,1121,1
871,1122,1
870,1122,1
869,1122,1
868,1123,1
867,1123,1
866,1124,1
865,1124,1
864,1125,1
863,1125,1
862,1125,1
861,1125,1
860,1126,1
859,1126,1
858,1126,1
857,1127,1
856,1127,1
855,1127,1
854,1128,1
853,1128,1
852,1128,1
851,1128,1
850,1128,1
849,1129,1
848,1129,1
847,1129,1
846,1129,1
845,1130,1
844,1130,1
843,1130,1
842,1130,1
841,1130,1
840,1130,1
839,1130,1
838,1131,1
837,1131,1
836,1131,1
835,1131,1
834,1131,1
833,1131,1
832,1131,1
831,1131,1
830,1131,1
829,1131,1
828,1131,1
827,1131,1
826,1131,1
825,1131,1
824,1131,1
823,1131,1
822,1131,1
821,1131,1
820,1131,1
819,1131,1
818,1131,1
817,1131,1
816,1131,1
815,1130,1
814,1130,1
813,1130,1
812,1130,1
811,1130,1
810,1129,1
809,1129,1
808,1129,1
807,1129,1
807,1128,1
806,1128,1
805,1128,1
804,1128,1
803,1127,1
802,1127,1
801,1127,1
801,1126,1
800,1126,1
799,1126,1
799,1125,1
798,1125,1
797,1125,1
797,1124,1
796,1124,1
795,1123,1
794,1123,1
793,1122,1
792,1122,1
792,1121,1
791,1121,1
790,1120,1
789,1119,1
788,1118,1
787,1118,1
787,1117,1
786,1116,1
785,1115,1
784,1115,1
784,1114,1
783,1113,1
783,1112,1
782,1112,1
782,1111,1
781,1110,1
781,1109,1
780,1109,1
780,1108,1
779,1107,1
779,1106,1
778,1105,1
778,1104,1
777,1103,1
777,1102,1
777,1101,1
777,1100,1
776,1100,1
776,1099,1
776,1098,1
776,1097,1
776,1096,1
775,1096,1
775,1095,1
775,1094,1
775,1093,1
775,1092,1
775,1091,1
775,1090,1
775,1089,1
775,1088,1
776,1087,1
776,1086,1
776,1085,1
776,1084,1
776,1083,1
777,1083,1
777,1082,1
777,1081,1
777,1080,1
778,1080,1
778,1079,1
778,1078,1
779,1077,1
779,1076,1
780,1075,1
780,1074,1
781,1074,1
781,1073,1
782,1072,1
782,1071,1
783,1071,1
783,1070,1
784,1070,1
784,1069,1
785,1069,1
785,1068,1
786,1068,1
786,1067,1
787,1067,1
787,1066,1
788,1066,1
788,1065,1
789,1065,1
790,1064,1
791,1063,1
792,1063,1
792,1062,1
793,1062,1
794,1062,1
794,1061,1
795,1061,1
796,1060,1
797,1060,1
798,1059,1
799,1059,1
800,1058,1
801,1058,1
802,1057,1
803,1057,1
804,1056,1
805,1056,1
806,1056,1
807,1056,1
808,1055,1
809,1055,1
810,1055,1
811,1054,1
812,1054,1
813,1054,1
814,1054,1
815,1054,1
816,1053,1
817,1053,1
818,1053,1
819,1053,1
820,1053,1
821,1053,1
822,1053,1
823,1053,1
824,1053,1
825,1053,1
826,1053,1
827,1053,1
828,1053,1
829,1053,1
830,1053,1
831,1053,1
832,1053,1
833,1053,1
834,1053,1
835,1053,1
836,1053,1
837,1053,1
838,1053,1
839,1053,1
840,1053,1
840,1054,1
841,1054,1
842,1054,1
843,1054,1
844,1054,1
845,1054,1
846,1054,1
847,1055,1
848,1055,1
849,1055,1
850,1055,1
851,1056,1
852,1056,1
853,1056,1
854,1056,1
854,1057,1
855,1057,1
856,1057,1
857,1057,1
858,1058,1
859,1058,1
860,1058,1
861,1059,1
862,1059,1
863,1060,1
864,1060,1
865,1060,1
866,1061,1
867,1061,1
868,1061,1
868,1062,1
869,1062,1
870,1062,1
871,1063,1
872,1063,1
873,1064,1
874,1064,1
875,1064,1
875,1065,1
876,1065,1
877,1066,1
878,1066,1
879,1067,1
880,1067,1
881,1067,1
881,1068,1
882,1068,1
883,1069,1
884,1069,1
885,1070,1
886,1070,1
887,1071,1
888,1072,1
889,1072,1
890,1073,1
891,1073,1
892,1074,1
893,1074,1
893,1075,1
894,1076,1
895,1076,1
896,1077,1
897,1077,1
898,1078,1
899,1079,1
900,1079,1
901,1080,1
902,1081,1
903,1081,1
903,1082,1
904,1082,1
905,1083,1
906,1084,1
907,1084,1
908,1085,1
909,1086,1
910,1087,1
911,1087,1
912,1088,1
913,1088,1
913,1089,1
914,1090,1
915,1090,1
916,1091,1
917,1092,1
918,1093,1
919,1094,1
920,1094,1
920,1095,1
921,1096,1
922,1096,1
923,1097,1
924,1098,1
924,1099,1
925,1099,1
926,1100,1
927,1101,1
928,1102,1
929,1103,1
930,1104,1
931,1105,1
932,1106,1
933,1107,1
934,1108,1
935,1109,1
936,1110,1
937,1111,1
938,1112,1
939,1113,1
940,1114,1
941,1115,1
942,1116,1
942,1117,1
943,1117,1
944,1118,1
944,1119,1
945,1120,1
946,1121,1
947,1121,1
947,1122,1
948,1123,1
949,1124,1
949,1125,1
950,1125,1
951,1126,1
951,1127,1
952,1128,1
953,1129,1
953,1130,1
954,1130,1
955,1131,1
956,1132,1
956,1133,1
957,1134,1
958,1135,1
959,1136,1
960,1137,1
960,1138,1
961,1139,1
962,1140,1
962,1141,1
963,1141,1
964,1142,1
964,1143,1
965,1144,1
966,1145,1
966,1146,1
967,1147,1
968,1148,1
969,1149,1
970,1150,1
970,1151,1
971,1152,1
972,1153,1
972,1154,1
973,1155,1
974,1155,1
974,1156,1
975,1157,1
975,1158,1
976,1159,1
977,1160,1
977,1161,1
978,1162,1
979,1162,1
979,1163,1
980,1164,1
980,1165,1
981,1166,1
982,1167,1
982,1168,1
983,1169,1
984,1170,1
985,1171,1
985,1172,1
986,1173,1
987,1174,1
987,1175,1
988,1176,1
989,1177,1
989,1178,1
990,1178,1
990,1179,1
991,1180,1
992,1181,1
992,1182,1
993,1183,1
993,1184,1
994,1185,1
995,1186,1
995,1187,1
996,1187,1
997,1188,1
997,1189,1
998,1190,1
998,1191,1
999,1192,1
1000,1193,1
1000,1194,1
1001,1195,1
1001,1196,1
1002,1196,1
1003,1197,1
1003,1198,1
1004,1199,1
1004,1200,1
1005,1201,1
1006,1202,1
1006,1203,1
1007,1203,1
1007,1204,1
1008,1205,1
1009,1206,1
1009,1207,1
1010,1208,1
1010,1209,1
1011,1210,1
1012,1210,1
1012,1211,1
1013,1212,1
1013,1213,1
1014,1214,1
1015,1215,1
1015,1216,1
1016,1217,1
1017,1218,1
1018,1219,1
1018,1220,1
1019,1221,1
1019,1222,1
1020,1222,1
1021,1223,1
1021,1224,1
1022,1225,1
1022,1226,1
1023,1227,1
1024,1227,1
1024,1228,1
1025,1229,1
1026,1230,1
1026,1231,1
1027,1232,1
1028,1233,1
1029,1234,1
1029,1235,1
1030,1236,1
1031,1237,1
1032,1238,1
1032,1239,1
1033,1240,1
1033,1241,1
1034,1241,1
1035,1242,1
1035,1243,1
1036,1244,1
1037,1245,1
1037,1246,1
1038,1246,1
1039,1247,1
1039,1248,1
1040,1249,1
1040,1250,1
1041,1250,1
1042,1251,1
1042,1252,1
1043,1253,1
1044,1254,1
1044,1255,1
1045,1255,1
1046,1256,1
1046,1257,1
1047,1258,1
1048,1258,1
1048,1259,1
1049,1260,1
1049,1261,1
1050,1262,1
1051,1262,1
1051,1263,1
1052,1264,1
1053,1265,1
1054,1266,1
1055,1267,1
1056,1268,1
1057,1269,1
1058,1270,1
1059,1271,1
1060,1272,1
1060,1273,1
1061,1273,1
1062,1274,1
1062,1275,1
1063,1275,1
1064,1276,1
1065,1277,1
1066,1278,1
1067,1279,1
1068,1280,1
1069,1280,1
1070,1281,1
1070,1282,1
1071,1282,1
1072,1283,1
1073,1284,1
1074,1284,1
1075,1285,1
1075,1286,1
1076,1286,1
1077,1287,1
1078,1287,1
1078,1288,1
1079,1288,1
1080,1289,1
1081,1290,1
1082,1290,1
1083,1290,1
1083,1291,1
1084,1291,1
1085,1292,1
1086,1292,1
1086,1293,1
1087,1294,1
1088,1294,1
1088,1295,1
1089,1296,1
1090,1296,1
1091,1297,1
1091,1298,1
1092,1298,1
1093,1299,1
1093,1300,1
1094,1300,1
1095,1301,1
1096,1302,1
1097,1303,1
1098,1303,1
1098,1304,1
1099,1305,1
1100,1305,1
1101,1306,1
1102,1307,1
1103,1307,1
1104,1308,1
1105,1309,1
1106,1309,1
1107,1310,1
1108,1311,1
1109,1311,1
1110,1312,1
1111,1312,1
1111,1313,1
1112,1313,1
1113,1314,1
1114,1314,1
1115,1315,1
1116,1315,1
1117,1316,1
1118,1316,1
1119,1316,1
1119,1317,1
1120,1317,1
1121,1318,1
1122,1318,1
1123,1318,1
1123,1319,1
1124,1319,1
1125,1320,1
1126,1320,1
1127,1320,1
1128,1321,1
1129,1321,1
1130,1322,1
1131,1322,1
1132,1322,1
1133,1323,1
1134,1323,1
1135,1323,1
1136,1323,1
1137,1323,1
1138,1323,1
1139,1323,1
1140,1323,1
1141,1324,1
1141,1323,1
1142,1323,1
1143,1323,1
1144,1323,1
1145,1323,1
1146,1323,1
1147,1323,1
1148,1322,1
1149,1322,1
1150,1322,1
1151,1321,1
1152,1321,1
1153,1320,1
1154,1320,1
1155,1319,1
1156,1319,1
1156,1318,1
1157,1318,1
1158,1317,1
1159,1316,1
1160,1316,1
1161,1315,1
1162,1314,1
1163,1313,1
1164,1313,1
1165,1312,1
1166,1311,1
1167,1310,1
1168,1309,1
1169,1308,1
1170,1307,1
1171,1306,1
1194,1150,0
1265,931,1
1265,932,1
1265,933,1
1265,934,1
1265,935,1
1265,936,1
1264,937,1
1264,938,1
1263,939,1
1263,940,1
1263,941,1
1263,942,1
1263,943,1
1263,944,1
1262,945,1
1262,946,1
1262,947,1
1262,948,1
1262,949,1
1262,950,1
1262,951,1
1262,952,1
1262,953,1
1262,954,1
1262,955,1
1262,956,1
1262,957,1
1262,958,1
1262,959,1
1262,960,1
1262,961,1
1262,962,1
1262,963,1
1262,964,1
1262,965,1
1262,966,1
1262,967,1
1262,968,1
1262,969,1
1262,970,1
1262,971,1
1262,972,1
1262,973,1
1262,974,1
1263,975,1
1263,976,1
1263,977,1
1263,978,1
1263,979,1
1263,980,1
1263,981,1
1263,982,1
1264,983,1
1264,984,1
1264,985,1
1264,986,1
1264,987,1
1264,988,1
1265,989,1
1265,990,1
1265,991,1
1265,992,1
1265,993,1
1266,994,1
1266,995,1
1266,996,1
1266,997,1
1267,998,1
1267,999,1
1267,1000,1
1268,1001,1
1268,1002,1
1268,1003,1
1268,1004,1
1269,1005,1
1269,1006,1
1269,1007,1
1269,1008,1
1270,1009,1
1270,1010,1
1270,1011,1
1271,1012,1
1271,1013,1
1272,1014,1
1272,1015,1
1273,1016,1
1273,1017,1
1273,1018,1
1274,1019,1
1274,1020,1
1275,1021,1
1275,1022,1
1276,1023,1
1276,1024,1
1277,1025,1
1277,1026,1
1278,1027,1
1278,1028,1
1279,1029,1
1279,1030,1
1280,1031,1
1280,1032,1
1280,1033,1
1281,1034,1
1281,1035,1
1281,1036,1
1282,1037,1
1282,1038,1
1283,1039,1
1283,1040,1
1284,1041,1
1284,1042,1
1284,1043,1
1285,1044,1
1286,1045,1
1286,1046,1
1286,1047,1
1287,1048,1
1287,1049,1
1288,1049,1
1288,1050,1
1289,1051,1
1289,1052,1
1290,1053,1
1290,1054,1
1291,1055,1
1291,1056,1
1292,1057,1
1292,1058,1
1293,1058,1
1293,1059,1
1294,1060,1
1294,1061,1
1295,1061,1
1295,1062,1
1296,1063,1
1296,1064,1
1297,1065,1
1298,1066,1
1298,1067,1
1299,1068,1
1300,1068,1
1300,1069,1
1301,1070,1
1302,1071,1
1302,1072,1
1303,1073,1
1304,1073,1
1304,1074,1
1305,1075,1
1306,1076,1
1306,1077,1
1307,1077,1
1308,1078,1
1308,1079,1
1309,1079,1
1310,1080,1
1310,1081,1
1311,1081,1
1311,1082,1
1312,1082,1
1313,1083,1
1313,1084,1
1314,1084,1
1315,1085,1
1316,1086,1
1317,1087,1
1318,1088,1
1319,1089,1
1320,1089,1
1320,1090,1
1321,1090,1
1322,1091,1
1323,1092,1
1324,1092,1
1324,1093,1
1325,1093,1
1326,1094,1
1327,1094,1
1327,1095,1
1328,1095,1
1329,1096,1
1330,1096,1
1331,1097,1
1332,1097,1
1332,1098,1
1333,1098,1
1334,1098,1
1334,1099,1
1335,1099,1
1336,1100,1
1337,1100,1
1338,1101,1
1339,1101,1
1340,1101,1
1340,1102,1
1341,1102,1
1342,1102,1
1343,1103,1
1344,1103,1
1345,1103,1
1346,1104,1
1347,1104,1
1348,1104,1
1349,1105,1
1350,1105,1
1351,1105,1
1352,1105,1
1353,1106,1
1354,1106,1
1355,1106,1
1356,1106,1
1357,1106,1
1358,1107,1
1359,1107,1
1360,1107,1
1361,1107,1
1362,1107,1
1363,1107,1
1364,1108,1
1365,1108,1
1366,1108,1
1367,1108,1
1368,1108,1
1369,1108,1
1370,1108,1
1371,1108,1
1372,1108,1
1373,1108,1
1374,1108,1
1375,1108,1
1376,1108,1
1377,1108,1
1378,1107,1
1379,1107,1
1380,1107,1
1381,1107,1
1382,1107,1
1383,1107,1
1384,1106,1
1385,1106,1
1386,1106,1
1387,1106,1
1388,1105,1
1389,1105,1
1390,1105,1
1391,1105,1
1392,1104,1
1393,1104,1
1394,1103,1
1395,1103,1
1396,1103,1
1397,1102,1
1398,1102,1
1399,1101,1
1400,1101,1
1401,1101,1
1401,1100,1
1402,1100,1
1403,1100,1
1404,1099,1
1405,1098,1
1406,1098,1
1407,1097,1
1408,1097,1
1409,1096,1
1410,1095,1
1411,1095,1
1411,1094,1
1412,1094,1
1413,1094,1
1413,1093,1
1414,1093,1
1415,1092,1
1416,1091,1
1417,1091,1
1417,1090,1
1418,1090,1
1419,1089,1
1420,1088,1
1421,1088,1
1421,1087,1
1422,1087,1
1423,1086,1
1423,1085,1
1424,1085,1
1424,1084,1
1425,1084,1
1426,1083,1
1426,1082,1
1427,1082,1
1427,1081,1
1428,1081,1
1429,1080,1
1429,1079,1
1430,1079,1
1430,1078,1
1431,1077,1
1432,1077,1
1432,1076,1
1433,1076,1
1434,1075,1
1434,1074,1
1435,1074,1
1435,1073,1
1436,1072,1
1437,1072,1
1437,1071,1
1438,1070,1
1439,1069,1
1440,1069,1
1440,1068,1
1441,1067,1
1442,1066,1
1443,1065,1
1444,1064,1
1445,1063,1
1445,1062,1
1446,1062,1
1447,1061,1
1448,1060,1
1448,1059,1
1449,1059,1
1449,1058,1
1450,1058,1
1451,1057,1
1452,1056,1
1452,1055,1
1453,1055,1
1453,1054,1
1454,1054,1
1454,1053,1
1455,1053,1
1456,1052,1
1456,1051,1
1457,1051,1
1457,1050,1
1458,1050,1
1458,1049,1
1459,1049,1
1460,1048,1
1461,1047,1
1462,1046,1
1463,1045,1
1464,1045,1
1464,1044,1
1465,1044,1
1465,1043,1
1466,1043,1
1466,1042,1
1467,1042,1
1467,1041,1
1468,1041,1
1469,1040,1
1470,1039,1
1471,1038,1
1472,1038,1
1472,1037,1
1473,1037,1
1473,1036,1
1474,1036,1
1475,1036,1
1475,1035,1
1476,1035,1
1476,1034,1
1477,1034,1
1478,1033,1
1479,1032,1
1480,1032,1
1481,1031,1
1482,1031,1
1482,1030,1
1483,1030,1
1484,1029,1
1485,1029,1
1485,1028,1
1486,1028,1
1487,1028,1
1488,1027,1
1489,1027,1
1489,1026,1
1490,1026,1
1491,1025,1
1492,1025,1
1493,1025,1
1493,1024,1
1494,1024,1
1495,1024,1
1496,1023,1
1497,1023,1
1498,1023,1
1499,1022,1
1500,1022,1
1501,1022,1
1501,1021,1
1502,1021,1
1503,1021,1
1504,1021,1
1505,1021,1
1505,1020,1
1506,1020,1
1507,1020,1
1508,1020,1
1509,1019,1
1510,1019,1
1511,1019,1
1512,1019,1
1513,1019,1
1514,1019,1
1514,1018,1
1515,1018,1
1516,1018,1
1517,1018,1
1518,1018,1
1519,1018,1
1520,1018,1
1521,1018,1
1522,1017,1
1523,1017,1
1524,1017,1
1525,1017,1
1526,1017,1
1527,1017,1
1528,1017,1
1529,1017,1
1530,1017,1
1531,1017,1
1532,1017,1
1533,1017,1
1534,1017,1
1535,1017,1
1536,1017,1
1537,1017,1
1538,1017,1
1539,1017,1
1540,1017,1
1541,1017,1
1542,1017,1
1543,1017,1
1544,1017,1
1545,1017,1
1546,1017,1
1547,1017,1
1548,1017,1
1549,1017,1
1550,1017,1
1551,1017,1
1552,1017,1
1553,1017,1
1554,1017,1
1555,1017,1
1556,1017,1
1557,1017,1
1558,1017,1
1559,1017,1
1560,1017,1
1561,1017,1
1562,1017,1
1563,1017,1
1564,1018,1
1565,1018,1
1566,1018,1
1567,1018,1
1568,1018,1
1569,1018,1
1570,1018,1
1571,1018,1
1572,1018,1
1573,1018,1
1574,1018,1
1575,1018,1
1576,1018,1
1577,1018,1
1578,1018,1
1579,1018,1
1580,1018,1
1581,1018,1
1582,1018,1
1583,1017,1
1584,1017,1
1585,1017,1
1586,1017,1
1587,1017,1
1588,1017,1
1589,1017,1
1590,1017,1
1591,1017,1
1592,1017,1
1593,1017,1
1594,1016,1
1595,1016,1
1596,1016,1
1597,1016,1
1598,1016,1
1599,1016,1
1600,1015,1
1601,1015,1
1602,1015,1
1603,1015,1
1604,1015,1
1605,1015,1
1605,1014,1
1606,1014,1
1607,1014,1
1608,1014,1
1609,1014,1
1610,1013,1
1611,1013,1
1612,1013,1
1613,1012,1
1614,1012,1
1615,1012,1
1616,1012,1
1617,1011,1
1618,1011,1
1619,1010,1
1620,1010,1
1621,1010,1
1622,1010,1
1622,1009,1
1623,1009,1
1624,1009,1
1625,1008,1
1626,1008,1
1627,1008,1
1627,1007,1
1628,1007,1
1629,1006,1
1630,1006,1
1631,1006,1
1632,1005,1
1633,1004,1
1634,1004,1
1635,1004,1
1636,1003,1
1637,1002,1
1638,1002,1
1639,1001,1
1640,1001,1
1641,1000,1
1642,1000,1
1643,999,1
1644,998,1
1645,998,1
1646,997,1
1647,996,1
1648,996,1
1649,995,1
1649,994,1
1650,994,1
1651,993,1
1652,993,1
1652,992,1
1653,992,1
1654,991,1
1655,991,1
1655,990,1
1656,989,1
1657,989,1
1658,988,1
1659,987,1
1660,987,1
1660,986,1
1661,985,1
1662,985,1
1662,984,1
1663,983,1
1664,983,1
1664,982,1
1665,982,1
1666,981,1
1666,980,1
1667,980,1
1668,979,1
1668,978,1
1669,978,1
1670,977,1
1670,976,1
1671,976,1
1672,975,1
1672,974,1
1673,974,1
1673,973,1
1674,972,1
1675,972,1
1675,971,1
1676,970,1
1677,969,1
1678,969,1
1678,968,1
1679,967,1
1680,966,1
1681,966,1
1681,965,1
1682,964,1
1683,963,1
1684,962,1
1685,961,1
1685,960,1
1686,960,1
1686,959,1
1687,959,1
1687,958,1
1688,958,1
1688,957,1
1689,957,1
1689,956,1
1690,956,1
1690,955,1
1691,955,1
1691,954,1
1692,954,1
1693,953,1
1694,952,1
1694,951,1
1695,951,1
1696,950,1
1697,949,1
1698,948,1
1699,948,1
1699,947,1
1700,947,1
1700,946,1
1701,946,1
1701,945,1
1702,945,1
1702,944,1
1703,944,1
1704,943,1
1705,943,1
1705,942,1
1706,942,1
1707,941,1
1708,941,1
1708,940,1
1709,940,1
1710,940,1
1711,940,1
1711,939,1
1712,939,1
1713,939,1
1714,939,1
1714,940,1
1715,940,1
1716,940,1
1716,941,1
1717,941,1
1717,942,1
1718,942,1
1718,943,1
1718,944,1
1719,944,1
1719,945,1
1719,946,1
1719,947,1
1720,947,1
1720,948,1
1720,949,1
1720,950,1
1720,951,1
1720,952,1
1721,952,1
1721,953,1
1721,954,1
1721,955,1
1721,956,1
1721,957,1
1721,958,1
1721,959,1
1721,960,1
1721,961,1
1721,962,1
1721,963,1
1722,963,1
1722,964,1
1722,965,1
1722,966,1
1722,967,1
1722,968,1
1722,969,1
1722,970,1
1722,971,1
1722,972,1
1722,973,1
1722,974,1
1722,975,1
1722,976,1
1722,977,1
1722,978,1
1722,979,1
1722,980,1
1722,981,1
1722,982,1
1722,983,1
1722,984,1
1722,985,1
1722,986,1
1722,987,1
1722,988,1
1722,989,1
1722,990,1
1722,991,1
1722,992,1
1722,993,1
1722,994,1
1722,995,1
1722,996,1
1722,997,1
1722,998,1
1722,999,1
1722,1000,1
1722,1001,1
1722,1002,1
1722,1003,1
1722,1004,1
1722,1005,1
1722,1006,1
1722,1007,1
1722,1008,1
1722,1009,1
1722,1010,1
1722,1011,1
1722,1012,1
1722,1013,1
1722,1014,1
1722,1015,1
1722,1016,1
1722,1017,1
1722,1018,1
1722,1019,1
1722,1020,1
1722,1021,1
1722,1022,1
1722,1023,1
1722,1024,1
1722,1025,1
1722,1026,1
1722,1027,1
1722,1028,1
1722,1029,1
1722,1030,1
1722,1031,1
1722,1032,1
1722,1033,1
1722,1034,1
1722,1035,1
1722,1036,1
1722,1037,1
1722,1038,1
1722,1039,1
1722,1040,1
1722,1041,1
1722,1042,1
1722,1043,1
1722,1044,1
1722,1045,1
1722,1046,1
1722,1047,1
1722,1048,1
1722,1049,1
1722,1050,1
1722,1051,1
1722,1052,1
1722,1053,1
1722,1054,1
1722,1055,1
1722,1056,1
1722,1057,1
1722,1058,1
1722,1059,1
1722,1060,1
1723,1061,1
1723,1062,1
1723,1063,1
1723,1064,1
1723,1065,1
1723,1066,1
1723,1067,1
1723,1068,1
1723,1069,1
1723,1070,1
1723,1071,1
1723,1072,1
1723,1073,1
1723,1074,1
1723,1075,1
1723,1076,1
1723,1077,1
1723,1078,1
1723,1079,1
1723,1080,1
1723,1081,1
1723,1082,1
1723,1083,1
1723,1084,1
1723,1085,1
1723,1086,1
1723,1087,1
1723,1088,1
1723,1089,1
1723,1090,1
1723,1091,1
1723,1092,1
1723,1093,1
1723,1094,1
1723,1095,1
1723,1096,1
1723,1097,1
1723,1098,1
1723,1099,1
1723,1100,1
1724,1101,1
1724,1102,1
1724,1103,1
1724,1104,1
1724,1105,1
1724,1106,1
1724,1107,1
1724,1108,1
1724,1109,1
1724,1110,1
1724,1111,1
1724,1112,1
1724,1113,1
1724,1114,1
1724,1115,1
1724,1116,1
1724,1117,1
1724,1118,1
1724,1119,1
1724,1120,1
1724,1121,1
1724,1122,1
1724,1123,1
1724,1124,1
1724,1125,1
1724,1126,1
1724,1127,1
1724,1128,1
1724,1129,1
1724,1130,1
1724,1131,1
1724,1132,1
1724,1133,1
1724,1134,1
1724,1135,1
1724,1136,1
1725,1137,1
1725,1138,1
1725,1139,1
1725,1140,1
1725,1141,1
1725,1142,1
1725,1143,1
1725,1144,1
1725,1145,1
1725,1146,1
1725,1147,1
1725,1148,1
1725,1149,1
1725,1150,1
1725,1151,1
1725,1152,1
1725,1153,1
1725,1154,1
1725,1155,1
1725,1156,1
1725,1157,1
1725,1158,1
1725,1159,1
1725,1160,1
1725,1161,1
1725,1162,1
1725,1163,1
1725,1164,1
1726,1165,1
1726,1166,1
1726,1167,1
1726,1168,1
1726,1169,1
1726,1170,1
1726,1171,1
1726,1172,1
1726,1173,1
1726,1174,1
1726,1175,1
1726,1176,1
1726,1177,1
1726,1178,1
1726,1179,1
1727,1180,1
1727,1181,1
1727,1182,1
1727,1183,1
1727,1184,1
1727,1185,1
1727,1186,1
1727,1187,1
1727,1188,1
1727,1189,1
1727,1190,1
1727,1191,1
1727,1192,1
1727,1193,1
1727,1194,1
1727,1195,1
1727,1196,1
1727,1197,1
1727,1198,1
1727,1199,1
1727,1200,1
1727,1201,1
1727,1202,1
1727,1203,1
1727,1204,1
1727,1205,1
1727,1206,1
1727,1207,1
1727,1208,1
1727,1209,1
1728,1210,1
1728,1211,1
1728,1212,1
1728,1213,1
1728,1214,1
1728,1215,1
1728,1216,1
1728,1217,1
1729,1216,1
1729,1215,1
1729,1214,1
1729,1213,1
1730,1212,1
1731,1211,1
1731,1210,1
1731,1209,1
1731,1208,1
1919,1054,0
2061,927,1
2062,927,1
2063,927,1
2064,927,1
2065,927,1
2066,927,1
2067,927,1
2068,927,1
2069,927,1
2070,927,1
2071,927,1
2072,926,1
2073,926,1
2074,926,1
2075,925,1
2076,925,1
2077,925,1
2078,925,1
2079,925,1
2080,925,1
2081,924,1
2082,924,1
2083,924,1
2084,924,1
2085,924,1
2086,924,1
2087,924,1
2088,924,1
2089,923,1
2090,923,1
2091,923,1
2092,923,1
2093,923,1
2094,923,1
2095,922,1
2096,922,1
2097,922,1
2098,922,1
2099,922,1
2100,922,1
2101,922,1
2102,921,1
2103,921,1
2104,921,1
2105,921,1
2106,921,1
2107,921,1
2108,921,1
2109,920,1
2110,920,1
2111,920,1
2112,920,1
2113,920,1
2114,920,1
2115,920,1
2116,919,1
2117,919,1
2118,919,1
2119,919,1
2120,919,1
2121,919,1
2122,919,1
2123,918,1
2124,918,1
2125,918,1
2126,918,1
2127,918,1
2128,918,1
2129,918,1
2130,918,1
2131,917,1
2132,917,1
2133,917,1
2134,917,1
2135,917,1
2136,917,1
2137,916,1
2138,916,1
2139,916,1
2140,916,1
2141,916,1
2142,916,1
2143,916,1
2144,915,1
2145,915,1
2146,915,1
2147,915,1
2148,915,1
2149,915,1
2150,915,1
2151,914,1
2152,914,1
2153,914,1
2154,914,1
2155,914,1
2156,914,1
2157,914,1
2158,913,1
2159,913,1
2160,913,1
2161,913,1
2162,913,1
2163,913,1
2164,912,1
2165,912,1
2166,912,1
2167,912,1
2168,912,1
2169,912,1
2170,912,1
2171,911,1
2172,911,1
2173,911,1
2174,911,1
2175,911,1
2176,911,1
2177,911,1
2178,910,1
2179,910,1
2180,910,1
2181,910,1
2182,910,1
2183,910,1
2184,910,1
2185,909,1
2186,909,1
2187,909,1
2188,909,1
2189,909,1
2190,909,1
2191,909,1
2192,908,1
2193,908,1
2194,908,1
2195,908,1
2196,908,1
2197,908,1
2198,908,1
2199,907,1
2200,907,1
2201,907,1
2202,907,1
2203,907,1
2204,907,1
2205,907,1
2206,906,1
2207,906,1
2208,906,1
2209,906,1
2210,906,1
2211,906,1
2212,906,1
2213,905,1
2214,905,1
2215,905,1
2216,905,1
2217,905,1
2218,905,1
2219,904,1
2220,904,1
2221,904,1
2222,904,1
2223,904,1
2224,904,1
2225,904,1
2226,903,1
2227,903,1
2228,903,1
2229,903,1
2230,903,1
2231,903,1
2232,902,1
2233,902,1
2234,902,1
2235,902,1
2236,902,1
2237,902,1
2238,901,1
2239,901,1
2240,901,1
2241,901,1
2242,901,1
2243,901,1
2244,901,1
2245,900,1
2246,900,1
2247,900,1
2248,900,1
2249,900,1
2250,900,1
2251,899,1
2252,899,1
2253,899,1
2254,899,1
2255,899,1
2256,899,1
2257,898,1
2258,898,1
2259,898,1
2260,898,1
2261,898,1
2262,898,1
2263,898,1
2263,897,1
2264,897,1
2265,897,1
2266,897,1
2267,897,1
2268,897,1
2269,897,1
2269,896,1
2269,895,1
2269,894,1
2252,911,0
2278,869,1
2278,870,1
2278,871,1
2278,872,1
2279,873,1
2279,874,1
2280,875,1
2280,876,1
2280,877,1
2281,878,1
2281,879,1
2281,880,1
2281,881,1
2281,882,1
2281,883,1
2281,884,1
2281,885,1
2281,886,1
2281,887,1
2281,888,1
2281,889,1
2281,890,1
2281,891,1
2281,892,1
2281,893,1
2281,894,1
2281,895,1
2281,896,1
2281,897,1
2281,898,1
2282,899,1
2282,900,1
2282,901,1
2282,902,1
2282,903,1
2282,904,1
2282,905,1
2282,906,1
2282,907,1
2282,908,1
2282,909,1
2282,910,1
2282,911,1
2282,912,1
2282,913,1
2282,914,1
2282,915,1
2282,916,1
2282,917,1
2282,918,1
2282,919,1
2282,920,1
2282,921,1
2282,922,1
2282,923,1
2282,924,1
2282,925,1
2282,926,1
2282,927,1
2282,928,1
2282,929,1
2282,930,1
2282,931,1
2282,932,1
2282,933,1
2282,934,1
2282,935,1
2282,936,1
2282,937,1
2282,938,1
2282,939,1
2282,940,1
2282,941,1
2282,942,1
2282,943,1
2282,944,1
2282,945,1
2282,946,1
2282,947,1
2282,948,1
2282,949,1
2282,950,1
2282,951,1
2282,952,1
2282,953,1
2283,954,1
2283,955,1
2283,956,1
2283,957,1
2283,958,1
2283,959,1
2283,960,1
2283,961,1
2283,962,1
2283,963,1
2283,964,1
2283,965,1
2283,966,1
2283,967,1
2283,968,1
2283,969,1
2283,970,1
2283,971,1
2283,972,1
2283,973,1
2283,974,1
2283,975,1
2283,976,1
2283,977,1
2283,978,1
2283,979,1
2283,980,1
2283,981,1
2283,982,1
2283,983,1
2283,984,1
2284,985,1
2284,986,1
2284,987,1
2284,988,1
2284,989,1
2284,990,1
2284,991,1
2284,992,1
2284,993,1
2284,994,1
2284,995,1
2284,996,1
2284,997,1
2284,998,1
2284,999,1
2284,1000,1
2284,1001,1
2284,1002,1
2284,1003,1
2284,1004,1
2284,1005,1
2284,1006,1
2284,1007,1
2284,1008,1
2284,1009,1
2284,1010,1
2284,1011,1
2284,1012,1
2285,1013,1
2285,1014,1
2285,1015,1
2285,1016,1
2285,1017,1
2285,1018,1
2285,1019,1
2285,1020,1
2285,1021,1
2285,1022,1
2285,1023,1
2285,1024,1
2285,1025,1
2285,1026,1
2285,1027,1
2285,1028,1
2285,1029,1
2285,1030,1
2285,1031,1
2285,1032,1
2285,1033,1
2285,1034,1
2285,1035,1
2285,1036,1
2285,1037,1
2285,1038,1
2285,1039,1
2285,1040,1
2285,1041,1
2285,1042,1
2285,1043,1
2285,1044,1
2286,1045,1
2286,1046,1
2286,1047,1
2286,1048,1
2286,1049,1
2286,1050,1
2286,1051,1
2286,1052,1
2286,1053,1
2286,1054,1
2286,1055,1
2286,1056,1
2286,1057,1
2286,1058,1
2286,1059,1
2286,1060,1
2286,1061,1
2286,1062,1
2286,1063,1
2286,1064,1
2286,1065,1
2287,1066,1
2287,1067,1
2287,1068,1
2287,1069,1
2287,1070,1
2287,1071,1
2287,1072,1
2287,1073,1
2287,1074,1
2287,1075,1
2287,1076,1
2287,1077,1
2287,1078,1
2287,1079,1
2287,1080,1
2287,1081,1
2287,1082,1
2287,1083,1
2287,1084,1
2287,1085,1
2287,1086,1
2287,1087,1
2287,1088,1
2287,1089,1
2287,1090,1
2288,1091,1
2288,1092,1
2288,1093,1
2288,1094,1
2288,1095,1
2288,1096,1
2288,1097,1
2288,1098,1
2288,1099,1
2288,1100,1
2288,1101,1
2288,1102,1
2288,1103,1
2288,1104,1
2288,1105,1
2288,1106,1
2289,1107,1
2289,1108,1
2289,1109,1
2289,1110,1
2288,1111,1
2288,1112,1
2288,1111,1
2287,1111,1
2287,1110,1
2287,1109,1
2287,1108,1
2286,1107,1
2286,1106,1
2286,1105,1
2285,1104,1
2285,1103,1
2285,1102,1
2285,1101,1
2284,1100,1
2283,1099,1
2282,1098,1
2288,854,0
2282,669,1
2282,668,1
2282,667,1
2282,666,1
2282,665,1
2282,664,1
2282,663,1
2282,662,1
2282,661,1
2282,660,1
2282,659,1
2282,658,1
2282,657,1
2282,656,1
2282,655,1
2282,654,1
2282,653,1
2282,652,1
2282,651,1
2282,650,1
2283,649,1
2283,648,1
2283,647,1
2283,646,1
2283,645,1
2283,644,1
2283,643,1
2283,642,1
2284,641,1
2284,640,1
2284,639,1
2284,638,1
2284,637,1
2284,636,1
2285,635,1
2285,634,1
2285,633,1
2285,632,1
2285,631,1
2285,630,1
2286,629,1
2286,628,1
2286,627,1
2286,626,1
2286,625,1
2287,624,1
2287,623,1
2287,622,1
2287,621,1
2288,620,1
2288,619,1
2288,618,1
2288,617,1
2288,616,1
2289,615,1
2289,614,1
2289,613,1
2290,612,1
2290,611,1
2290,610,1
2290,609,1
2291,608,1
2291,607,1
2291,606,1
2292,605,1
2292,604,1
2292,603,1
2292,602,1
2293,601,1
2293,600,1
2293,599,1
2294,598,1
2294,597,1
2294,596,1
2295,595,1
2295,594,1
2295,593,1
2296,592,1
2296,591,1
2297,591,1
2297,590,1
2297,589,1
2298,588,1
2298,587,1
2298,586,1
2299,585,1
2299,584,1
2300,583,1
2301,582,1
2301,581,1
2302,580,1
2302,579,1
2303,578,1
2303,577,1
2304,577,1
2304,576,1
2305,575,1
2305,574,1
2306,573,1
2307,572,1
2307,571,1
2308,570,1
2308,569,1
2309,569,1
2309,568,1
2310,567,1
2310,566,1
2310,565,1
2311,564,1
2312,563,1
2312,562,1
2313,561,1
2313,560,1
2314,560,1
2314,559,1
2315,558,1
2315,557,1
2316,556,1
2317,555,1
2317,554,1
2318,553,1
2319,552,1
2319,551,1
2320,551,1
2320,550,1
2321,549,1
2321,548,1
2322,548,1
2322,547,1
2323,546,1
2324,546,1
2324,545,1
2325,544,1
2326,543,1
2326,542,1
2327,542,1
2328,541,1
2329,540,1
2329,539,1
2330,539,1
2331,538,1
2332,537,1
2332,536,1
2333,536,1
2334,535,1
2335,534,1
2336,534,1
2336,533,1
2337,533,1
2337,532,1
2338,532,1
2339,531,1
2340,530,1
2341,530,1
2341,529,1
2342,529,1
2343,528,1
2344,527,1
2345,527,1
2346,526,1
2347,526,1
2347,525,1
2348,525,1
2349,525,1
2349,524,1
2350,524,1
2351,524,1
2352,523,1
2353,523,1
2354,522,1
2355,522,1
2356,522,1
2356,521,1
2357,521,1
2358,521,1
2359,521,1
2359,520,1
2360,520,1
2361,520,1
2362,519,1
2363,519,1
2364,519,1
2365,519,1
2366,519,1
2367,518,1
2368,518,1
2369,518,1
2370,518,1
2371,518,1
2372,518,1
2373,518,1
2374,518,1
2375,518,1
2376,517,1
2377,517,1
2378,517,1
2379,517,1
2380,517,1
2381,518,1
2382,518,1
2383,518,1
2384,518,1
2385,518,1
2386,518,1
2387,518,1
2388,518,1
2389,518,1
2390,519,1
2391,519,1
2392,519,1
2393,519,1
2394,519,1
2394,520,1
2395,520,1
2396,520,1
2397,520,1
2398,521,1
2399,521,1
2400,521,1
2401,522,1
2402,522,1
2403,522,1
2404,523,1
2405,523,1
2406,524,1
2407,524,1
2408,524,1
2408,525,1
2409,525,1
2410,525,1
2411,526,1
2412,527,1
2413,527,1
2414,528,1
2415,528,1
2416,529,1
2417,529,1
2418,530,1
2419,530,1
2419,531,1
2420,531,1
2421,532,1
2422,533,1
2423,533,1
2423,534,1
2424,534,1
2425,535,1
2426,535,1
2426,536,1
2427,537,1
2428,537,1
2428,538,1
2429,538,1
2430,539,1
2431,540,1
2431,541,1
2432,541,1
2433,542,1
2434,543,1
2435,544,1
2436,545,1
2437,546,1
2438,547,1
2438,548,1
2439,548,1
2440,549,1
2440,550,1
2441,550,1
2442,551,1
2442,552,1
2443,552,1
2443,553,1
2444,554,1
2444,555,1
2445,555,1
2446,556,1
2446,557,1
2447,558,1
2448,559,1
2448,560,1
2449,561,1
2450,561,1
2450,562,1
2451,563,1
2451,564,1
2452,565,1
2453,566,1
2453,567,1
2454,568,1
2454,569,1
2455,569,1
2455,570,1
2456,571,1
2456,572,1
2457,573,1
2457,574,1
2458,574,1
2458,575,1
2459,576,1
2459,577,1
2460,578,1
2460,579,1
2460,580,1
2461,580,1
2461,581,1
2462,582,1
2462,583,1
2463,584,1
2463,585,1
2464,586,1
2464,587,1
2465,588,1
2465,589,1
2466,590,1
2466,591,1
2466,592,1
2467,593,1
2467,594,1
2468,594,1
2468,595,1
2468,596,1
2469,597,1
2469,598,1
2469,599,1
2470,600,1
2470,601,1
2471,602,1
2471,603,1
2471,604,1
2472,605,1
2472,606,1
2473,607,1
2473,608,1
2473,609,1
2474,610,1
2474,611,1
2474,612,1
2475,613,1
2475,614,1
2475,615,1
2475,616,1
2476,617,1
2476,618,1
2477,619,1
2477,620,1
2477,621,1
2477,622,1
2478,623,1
2478,624,1
2478,625,1
2478,626,1
2479,627,1
2479,628,1
2479,629,1
2480,630,1
2480,631,1
2480,632,1
2481,633,1
2481,634,1
2481,635,1
2481,636,1
2482,637,1
2482,638,1
2482,639,1
2482,640,1
2482,641,1
2483,642,1
2483,643,1
2483,644,1
2483,645,1
2484,646,1
2484,647,1
2484,648,1
2484,649,1
2484,650,1
2485,651,1
2485,652,1
2485,653,1
2485,654,1
2486,655,1
2486,656,1
2486,657,1
2486,658,1
2486,659,1
2487,660,1
2487,661,1
2487,662,1
2487,663,1
2487,664,1
2487,665,1
2488,666,1
2488,667,1
2488,668,1
2488,669,1
2488,670,1
2488,671,1
2489,672,1
2489,673,1
2489,674,1
2489,675,1
2489,676,1
2489,677,1
2489,678,1
2490,679,1
2490,680,1
2490,681,1
2490,682,1
2490,683,1
2490,684,1
2491,685,1
2491,686,1
2491,687,1
2491,688,1
2491,689,1
2491,690,1
2491,691,1
2491,692,1
2492,693,1
2492,694,1
2492,695,1
2492,696,1
2492,697,1
2492,698,1
2492,699,1
2492,700,1
2492,701,1
2492,702,1
2493,703,1
2493,704,1
2493,705,1
2493,706,1
2493,707,1
2493,708,1
2493,709,1
2493,710,1
2493,711,1
2493,712,1
2494,713,1
2494,714,1
2494,715,1
2494,716,1
2494,717,1
2494,718,1
2494,719,1
2494,720,1
2494,721,1
2494,722,1
2494,723,1
2494,724,1
2494,725,1
2495,726,1
2495,727,1
2495,728,1
2495,729,1
2495,730,1
2495,731,1
2495,732,1
2495,733,1
2495,734,1
2495,735,1
2495,736,1
2495,737,1
2495,738,1
2495,739,1
2495,740,1
2495,741,1
2495,742,1
2495,743,1
2495,744,1
2495,745,1
2495,746,1
2495,747,1
2495,748,1
2496,749,1
2496,750,1
2496,751,1
2496,752,1
2496,753,1
2496,754,1
2496,755,1
2496,756,1
2496,757,1
2496,758,1
2496,759,1
2496,760,1
2496,761,1
2496,762,1
2496,763,1
2496,764,1
2496,765,1
2496,766,1
2496,767,1
2496,768,1
2496,769,1
2496,770,1
2496,771,1
2496,772,1
2496,773,1
2496,774,1
2496,775,1
2496,776,1
2496,777,1
2496,778,1
2496,779,1
2496,780,1
2496,781,1
2496,782,1
2496,783,1
2496,784,1
2496,785,1
2496,786,1
2496,787,1
2496,788,1
2496,789,1
2496,790,1
2496,791,1
2496,792,1
2496,793,1
2496,794,1
2496,795,1
2496,796,1
2496,797,1
2496,798,1
2496,799,1
2496,800,1
2496,801,1
2496,802,1
2496,803,1
2496,804,1
2496,805,1
2496,806,1
2496,807,1
2496,808,1
2496,809,1
2496,810,1
2496,811,1
2496,812,1
2496,813,1
2496,814,1
2496,815,1
2496,816,1
2496,817,1
2496,818,1
2496,819,1
2496,820,1
2496,821,1
2496,822,1
2496,823,1
2496,824,1
2496,825,1
2496,826,1
2496,827,1
2496,828,1
2496,829,1
2496,830,1
2496,831,1
2496,832,1
2496,833,1
2496,834,1
2496,835,1
2496,836,1
2496,837,1
2496,838,1
2496,839,1
2496,840,1
2496,841,1
2496,842,1
2496,843,1
2495,844,1
2495,845,1
2495,846,1
2495,847,1
2495,848,1
2495,849,1
2495,850,1
2495,851,1
2495,852,1
2495,853,1
2495,854,1
2495,855,1
2495,856,1
2495,857,1
2495,858,1
2495,859,1
2495,860,1
2495,861,1
2495,862,1
2495,863,1
2495,864,1
2495,865,1
2495,866,1
2495,867,1
2495,868,1
2495,869,1
2494,870,1
2494,871,1
2494,872,1
2494,873,1
2494,874,1
2494,875,1
2494,876,1
2494,877,1
2494,878,1
2494,879,1
2494,880,1
2494,881,1
2494,882,1
2494,883,1
2494,884,1
2494,885,1
2494,886,1
2494,887,1
2494,888,1
2494,889,1
2494,890,1
2494,891,1
2494,892,1
2494,893,1
2494,894,1
2493,895,1
2493,896,1
2493,897,1
2493,898,1
2493,899,1
2493,900,1
2493,901,1
2493,902,1
2493,903,1
2493,904,1
2493,905,1
2493,906,1
2493,907,1
2493,908,1
2493,909,1
2493,910,1
2493,911,1
2493,912,1
2493,913,1
2493,914,1
2493,915,1
2493,916,1
2493,917,1
2493,918,1
2493,919,1
2493,920,1
2492,921,1
2492,922,1
2492,923,1
2492,924,1
2492,925,1
2492,926,1
2492,927,1
2492,928,1
2492,929,1
2492,930,1
2492,931,1
2492,932,1
2492,933,1
2492,934,1
2492,935,1
2492,936,1
2492,937,1
2492,938,1
2492,939,1
2492,940,1
2492,941,1
2492,942,1
2492,943,1
2492,944,1
2492,945,1
2492,946,1
2492,947,1
2492,948,1
2492,949,1
2492,950,1
2492,951,1
2492,952,1
2492,953,1
2492,954,1
2492,955,1
2492,956,1
2492,957,1
2492,958,1
2491,959,1
2491,960,1
2491,961,1
2491,962,1
2491,963,1
2491,964,1
2491,965,1
2491,966,1
2491,967,1
2491,968,1
2491,969,1
2491,970,1
2491,971,1
2491,972,1
2491,973,1
2491,974,1
2491,975,1
2491,976,1
2491,977,1
2491,978,1
2491,979,1
2491,980,1
2491,981,1
2491,982,1
2491,983,1
2491,984,1
2491,985,1
2491,986,1
2491,987,1
2491,988,1
2491,989,1
2491,990,1
2491,991,1
2491,992,1
2491,993,1
2491,994,1
2491,995,1
2491,996,1
2491,997,1
2491,998,1
2491,999,1
2491,1000,1
2491,1001,1
2491,1002,1
2491,1003,1
2491,1004,1
2491,1005,1
2491,1006,1
2491,1007,1
2491,1008,1
2491,1009,1
2491,1010,1
2491,1011,1
2491,1012,1
2491,1013,1
2491,1014,1
2491,1015,1
2491,1016,1
2491,1017,1
2491,1018,1
2491,1019,1
2491,1020,1
2491,1021,1
2491,1022,1
2491,1023,1
2491,1024,1
2491,1025,1
2491,1026,1
2491,1027,1
2491,1028,1
2491,1029,1
2491,1030,1
2491,1031,1
2491,1032,1
2491,1033,1
2491,1034,1
2491,1035,1
2491,1036,1
2491,1037,1
2491,1038,1
2491,1039,1
2491,1040,1
2491,1041,1
2491,1042,1
2491,1043,1
2491,1044,1
2491,1045,1
2491,1046,1
2491,1047,1
2491,1048,1
2491,1049,1
2491,1050,1
2491,1051,1
2491,1052,1
2491,1053,1
2491,1054,1
2491,1055,1
2491,1056,1
2491,1057,1
2491,1058,1
2491,1059,1
2491,1060,1
2491,1061,1
2491,1062,1
2491,1063,1
2491,1064,1
2491,1065,1
2491,1066,1
2492,1066,1
2492,1067,1
2492,1068,1
2492,1069,1
2492,1070,1
2492,1071,1
2493,1071,1
2493,1070,1
2494,1069,1
2494,1068,1
2494,1067,1
2494,1066,1
2494,1065,1
2494,1064,1
2494,1063,1
2494,1062,1
2494,1061,1
2494,1060,1
2494,1059,1
2494,1058,1
2494,1057,1
2619,999,0
2780,906,1
2780,907,1
2780,908,1
2780,909,1
2779,910,1
2778,911,1
2778,912,1
2778,913,1
2777,914,1
2776,915,1
2775,916,1
2775,917,1
2774,918,1
2773,919,1
2773,920,1
2772,921,1
2771,921,1
2771,922,1
2770,923,1
2770,924,1
2769,925,1
2768,926,1
2768,927,1
2767,928,1
2766,928,1
2766,929,1
2765,930,1
2764,931,1
2764,932,1
2763,933,1
2762,933,1
2762,934,1
2761,935,1
2760,936,1
2760,937,1
2759,937,1
2758,938,1
2757,939,1
2756,940,1
2755,941,1
2754,942,1
2753,943,1
2753,944,1
2752,944,1
2751,945,1
2750,946,1
2749,947,1
2748,948,1
2747,949,1
2746,949,1
2746,950,1
2745,951,1
2744,951,1
2743,952,1
2742,953,1
2741,954,1
2740,955,1
2739,955,1
2738,956,1
2738,957,1
2737,957,1
2736,958,1
2735,959,1
2734,959,1
2734,960,1
2733,961,1
2732,961,1
2731,962,1
2730,962,1
2729,963,1
2729,964,1
2728,964,1
2727,965,1
2726,965,1
2725,966,1
2724,967,1
2723,968,1
2722,968,1
2721,969,1
2720,969,1
2719,970,1
2718,971,1
2717,971,1
2717,972,1
2716,972,1
2715,973,1
2714,973,1
2713,973,1
2712,974,1
2711,974,1
2710,975,1
2709,975,1
2709,976,1
2708,976,1
2707,976,1
2706,977,1
2705,977,1
2704,978,1
2703,978,1
2702,979,1
2701,980,1
2700,980,1
2699,981,1
2698,981,1
2697,982,1
2696,982,1
2696,983,1
2695,983,1
2694,984,1
2693,984,1
2692,984,1
2691,985,1
2690,985,1
2690,986,1
2689,986,1
2688,987,1
2687,987,1
2686,987,1
2685,988,1
2684,988,1
2683,989,1
2682,989,1
2681,990,1
2680,990,1
2679,990,1
2678,991,1
2677,991,1
2676,992,1
2675,992,1
2674,992,1
2673,993,1
2672,993,1
2671,993,1
2670,994,1
2669,994,1
2668,994,1
2667,994,1
2666,995,1
2665,995,1
2664,995,1
2663,996,1
2662,996,1
2661,996,1
2660,996,1
2659,997,1
2658,997,1
2657,997,1
2656,997,1
2655,997,1
2654,997,1
2653,997,1
2652,998,1
2651,998,1
2650,998,1
2649,998,1
2648,998,1
2647,998,1
2646,998,1
2645,998,1
2644,998,1
2643,998,1
2642,998,1
2641,998,1
2640,998,1
2639,998,1
2638,998,1
2637,998,1
2636,998,1
2635,998,1
2634,997,1
2633,997,1
2632,997,1
2631,997,1
2630,997,1
2629,997,1
2629,996,1
2628,996,1
2627,996,1
2626,995,1
2625,995,1
2624,995,1
2624,994,1
2623,994,1
2622,994,1
2621,993,1
2620,993,1
2619,992,1
2618,991,1
2617,991,1
2617,990,1
2616,990,1
2615,989,1
2614,989,1
2614,988,1
2613,987,1
2612,986,1
2612,985,1
2611,985,1
2611,984,1
2610,984,1
2610,983,1
2610,982,1
2609,981,1
2609,980,1
2609,979,1
2608,978,1
2608,977,1
2608,976,1
2608,975,1
2608,974,1
2608,973,1
2608,972,1
2609,972,1
2609,971,1
2609,970,1
2609,969,1
2610,969,1
2610,968,1
2610,967,1
2611,966,1
2611,965,1
2612,965,1
2612,964,1
2613,963,1
2614,962,1
2614,961,1
2615,961,1
2615,960,1
2616,960,1
2617,959,1
2618,958,1
2619,957,1
2620,957,1
2621,956,1
2622,955,1
2623,955,1
2624,954,1
2625,954,1
2626,953,1
2627,953,1
2628,953,1
2628,952,1
2629,952,1
2630,952,1
2631,952,1
2631,951,1
2632,951,1
2633,951,1
2634,951,1
2635,950,1
2636,950,1
2637,950,1
2638,950,1
2639,949,1
2640,949,1
2641,949,1
2642,949,1
2643,949,1
2644,949,1
2645,948,1
2646,948,1
2647,948,1
2648,948,1
2649,948,1
2650,948,1
2651,948,1
2652,948,1
2653,948,1
2654,948,1
2655,948,1
2656,948,1
2657,948,1
2658,948,1
2659,948,1
2660,948,1
2661,948,1
2662,948,1
2663,948,1
2664,948,1
2665,949,1
2666,949,1
2667,949,1
2668,949,1
2669,949,1
2670,949,1
2670,950,1
2671,950,1
2672,950,1
2673,950,1
2674,950,1
2675,950,1
2676,951,1
2677,951,1
2678,951,1
2679,952,1
2680,952,1
2681,952,1
2682,952,1
2682,953,1
2683,953,1
2684,953,1
2685,953,1
2686,954,1
2687,954,1
2688,954,1
2688,955,1
2689,955,1
2690,955,1
2691,956,1
2692,956,1
2693,956,1
2693,957,1
2694,957,1
2695,957,1
2696,958,1
2697,958,1
2698,959,1
2699,959,1
2700,959,1
2700,960,1
2701,960,1
2702,961,1
2703,961,1
2704,962,1
2705,962,1
2706,962,1
2706,963,1
2707,963,1
2708,964,1
2709,964,1
2710,965,1
2711,965,1
2712,966,1
2713,966,1
2713,967,1
2714,967,1
2715,968,1
2716,968,1
2717,969,1
2718,969,1
2719,970,1
2720,970,1
2720,971,1
2721,971,1
2722,972,1
2723,973,1
2724,973,1
2725,974,1
2726,974,1
2727,975,1
2728,975,1
2728,976,1
2729,977,1
2730,977,1
2731,978,1
2732,978,1
2733,979,1
2734,980,1
2735,980,1
2735,981,1
2736,981,1
2737,982,1
2738,983,1
2739,983,1
2740,984,1
2741,985,1
2742,985,1
2742,986,1
2743,986,1
2744,987,1
2745,988,1
2746,988,1
2747,989,1
2748,990,1
2749,991,1
2750,992,1
2751,992,1
2752,993,1
2753,993,1
2754,994,1
2754,995,1
2755,995,1
2756,996,1
2757,997,1
2758,997,1
2759,998,1
2759,999,1
2760,999,1
2761,1000,1
2762,1000,1
2763,1001,1
2764,1002,1
2765,1002,1
2765,1003,1
2766,1004,1
2767,1004,1
2768,1005,1
2769,1006,1
2770,1006,1
2771,1007,1
2771,1008,1
2772,1008,1
2773,1009,1
2774,1010,1
2775,1010,1
2776,1011,1
2777,1012,1
2778,1013,1
2779,1013,1
2780,1014,1
2781,1015,1
2782,1015,1
2782,1016,1
2783,1017,1
2784,1017,1
2785,1018,1
2786,1019,1
2787,1019,1
2788,1020,1
2788,1021,1
2789,1021,1
2790,1022,1
2791,1022,1
2792,1023,1
2793,1024,1
2794,1025,1
2795,1025,1
2796,1026,1
2797,1027,1
2798,1027,1
2799,1028,1
2800,1029,1
2801,1030,1
2802,1030,1
2803,1031,1
2804,1031,1
2804,1032,1
2805,1032,1
2806,1033,1
2807,1034,1
2808,1034,1
2809,1035,1
2810,1036,1
2811,1036,1
2812,1037,1
2813,1037,1
2814,1038,1
2815,1038,1
2816,1039,1
2816,1040,1
2817,1040,1
2818,1041,1
2819,1041,1
2820,1042,1
2821,1042,1
2822,1043,1
2823,1044,1
2824,1044,1
2825,1045,1
2826,1045,1
2827,1046,1
2828,1046,1
2829,1047,1
2830,1048,1
2831,1048,1
2832,1048,1
2833,1049,1
2834,1049,1
2835,1050,1
2836,1050,1
2836,1051,1
2837,1051,1
2838,1051,1
2839,1052,1
2840,1052,1
2841,1053,1
2842,1053,1
2843,1053,1
2844,1054,1
2845,1054,1
2846,1055,1
2847,1055,1
2848,1055,1
2849,1056,1
2850,1056,1
2851,1056,1
2852,1057,1
2853,1057,1
2854,1058,1
2855,1058,1
2856,1058,1
2857,1058,1
2858,1059,1
2859,1059,1
2860,1059,1
2861,1059,1
2862,1060,1
2863,1060,1
2864,1060,1
2865,1061,1
2866,1061,1
2867,1061,1
2868,1061,1
2869,1061,1
2870,1061,1
2871,1062,1
2872,1062,1
2873,1062,1
2874,1062,1
2875,1062,1
2876,1062,1
2877,1062,1
2878,1063,1
2879,1063,1
2880,1063,1
2881,1063,1
2882,1063,1
2883,1063,1
2884,1063,1
2885,1063,1
2886,1063,1
2887,1063,1
2888,1063,1
2889,1063,1
2890,1063,1
2891,1063,1
2892,1064,1
2893,1064,1
2894,1064,1
2895,1064,1
2896,1065,1
2897,1065,1
2898,1065,1
2899,1065,1
2900,1065,1
2901,1065,1
2902,1065,1
2903,1066,1
2904,1066,1
2905,1066,1
2906,1066,1
2907,1066,1
2908,1066,1
2909,1066,1
2910,1066,1
2911,1066,1
2912,1066,1
2913,1066,1
2914,1066,1
2915,1066,1
2916,1066,1
2917,1066,1
2918,1066,1
2919,1066,1
2920,1066,1
2921,1066,1
2922,1066,1
2923,1066,1
2924,1065,1
2925,1065,1
2926,1065,1
2927,1065,1
2928,1065,1
2929,1065,1
2930,1064,1
2931,1064,1
2932,1064,1
2933,1064,1
2934,1063,1
2935,1063,1
2936,1063,1
2937,1063,1
2938,1062,1
2939,1062,1
2940,1062,1
2940,1061,1
2941,1061,1
2942,1061,1
2943,1060,1
2944,1060,1
2945,1059,1
2946,1059,1
2947,1058,1
2948,1058,1
2949,1057,1
2950,1057,1
2951,1056,1
2952,1056,1
2953,1055,1
2954,1054,1
2955,1053,1
2956,1053,1
2957,1052,1
2958,1052,1
2959,1051,1
2960,1050,1
2961,1050,1
2962,1049,1
2963,1048,1
2964,1048,1
2965,1047,1
2966,1046,1
2966,1045,1
2967,1045,1
2968,1044,1
2969,1043,1
2970,1043,1
2971,1042,1
2971,1041,1
2972,1040,1
2973,1040,1
2973,1039,1
2974,1038,1
2975,1038,1
2975,1037,1
2975,1036,1
2976,1036,1
2977,1035,1
2977,1034,1
2977,1033,1
2978,1033,1
2979,1033,1
2980,1033,1
2956,997,0
2976,882,1
2976,883,1
2976,884,1
2976,885,1
2976,886,1
2976,887,1
2976,888,1
2976,889,1
2976,890,1
2976,891,1
2976,892,1
2976,893,1
2976,894,1
2976,895,1
2976,896,1
2976,897,1
2976,898,1
2976,899,1
2976,900,1
2976,901,1
2976,902,1
2976,903,1
2976,904,1
2976,905,1
2976,906,1
2976,907,1
2976,908,1
2976,909,1
2976,910,1
2976,911,1
2976,912,1
2976,913,1
2976,914,1
2976,915,1
2976,916,1
2976,917,1
2975,918,1
2975,919,1
2975,920,1
2975,921,1
2975,922,1
2975,923,1
2975,924,1
2975,925,1
2975,926,1
2974,927,1
2974,928,1
2974,929,1
2974,930,1
2974,931,1
2974,932,1
2974,933,1
2974,934,1
2974,935,1
2974,936,1
2974,937,1
2974,938,1
2974,939,1
2974,940,1
2974,941,1
2974,942,1
2974,943,1
2974,944,1
2974,945,1
2973,946,1
2973,947,1
2973,948,1
2973,949,1
2973,950,1
2973,951,1
2973,952,1
2973,953,1
2973,954,1
2973,955,1
2973,956,1
2973,957,1
2973,958,1
2973,959,1
2973,960,1
2973,961,1
2973,962,1
2973,963,1
2973,964,1
2973,965,1
2973,966,1
2973,967,1
2973,968,1
2973,969,1
2973,970,1
2972,971,1
2972,972,1
2972,973,1
2972,974,1
2972,975,1
2972,976,1
2972,977,1
2972,978,1
2972,979,1
2972,980,1
2972,981,1
2972,982,1
2971,983,1
2971,984,1
2971,985,1
2971,986,1
2971,987,1
2971,988,1
2971,989,1
2971,990,1
2971,991,1
2971,992,1
2971,993,1
2971,994,1
2971,995,1
2971,996,1
2971,997,1
2971,998,1
2970,999,1
2970,1000,1
2970,1001,1
2970,1002,1
2970,1003,1
2970,1004,1
2970,1005,1
2970,1006,1
2970,1007,1
2970,1008,1
2970,1009,1
2970,1010,1
2970,1011,1
2970,1012,1
2970,1013,1
2970,1014,1
2969,1015,1
2969,1016,1
2969,1017,1
2969,1018,1
2969,1019,1
2969,1020,1
2969,1021,1
2969,1022,1
2969,1023,1
2969,1024,1
2969,1025,1
2969,1026,1
2969,1027,1
2969,1028,1
2969,1029,1
2969,1030,1
2969,1031,1
2969,1032,1
2969,1033,1
2969,1034,1
2969,1035,1
2969,1036,1
2969,1037,1
2968,1038,1
2968,1039,1
2968,1040,1
2968,1041,1
2968,1042,1
2968,1043,1
2968,1044,1
2968,1045,1
2968,1046,1
2967,1047,1
2967,1048,1
2967,1049,1
2967,1050,1
2967,1051,1
2967,1052,1
2966,1053,1
2966,1054,1
2965,1055,1
2965,1056,1
2965,1057,1
2964,1057,1
2964,1058,1
2964,1059,1
2963,1059,1
2963,1060,1
2962,1060,1
2961,1060,1
2960,1060,1
2959,1060,1
2959,1059,1
2959,1058,1
2959,1057,1
2183,876,0
1347,722,1
1348,722,1
1349,722,1
1350,722,1
1351,722,1
1352,722,1
1353,723,1
1354,724,1
1355,724,1
1356,724,1
1357,724,1
1358,725,1
1359,725,1
1360,725,1
1361,725,1
1362,725,1
1363,725,1
1364,725,1
1365,726,1
1366,726,1
1367,726,1
1368,727,1
1369,727,1
1370,727,1
1371,727,1
1372,727,1
1373,727,1
1374,727,1
1375,728,1
1376,728,1
1377,728,1
1378,728,1
1379,728,1
1380,728,1
1381,728,1
1382,728,1
1383,728,1
1384,728,1
1385,729,1
1386,729,1
1387,729,1
1388,729,1
1389,729,1
1390,729,1
1391,729,1
1392,730,1
1393,730,1
1394,730,1
1395,730,1
1396,730,1
1397,730,1
1398,730,1
1399,730,1
1400,730,1
1401,731,1
1402,731,1
1403,731,1
1404,731,1
1405,731,1
1406,731,1
1407,731,1
1408,731,1
1409,732,1
1410,732,1
1411,732,1
1412,732,1
1413,732,1
1414,732,1
1415,732,1
1416,732,1
1417,732,1
1418,732,1
1419,733,1
1420,733,1
1421,733,1
1422,733,1
1423,733,1
1424,733,1
1425,733,1
1426,733,1
1427,734,1
1428,734,1
1429,734,1
1430,734,1
1431,734,1
1432,734,1
1433,734,1
1434,734,1
1435,734,1
1436,735,1
1437,735,1
1438,735,1
1439,735,1
1440,735,1
1441,735,1
1442,735,1
1443,735,1
1444,736,1
1445,736,1
1446,736,1
1447,736,1
1448,736,1
1449,736,1
1450,736,1
1451,736,1
1452,736,1
1453,737,1
1454,737,1
1455,737,1
1456,737,1
1457,737,1
1458,737,1
1459,737,1
1460,737,1
1461,738,1
1462,738,1
1463,738,1
1464,738,1
1465,738,1
1466,738,1
1467,738,1
1468,738,1
1469,738,1
1470,739,1
1471,739,1
1472,739,1
1473,739,1
1474,739,1
1475,739,1
1476,739,1
1477,739,1
1478,740,1
1479,740,1
1480,740,1
1481,740,1
1482,740,1
1483,740,1
1484,740,1
1485,740,1
1486,740,1
1487,741,1
1488,741,1
1489,741,1
1490,741,1
1491,741,1
1492,741,1
1493,741,1
1494,741,1
1495,741,1
1496,741,1
1497,742,1
1498,742,1
1499,742,1
1500,742,1
1501,742,1
1502,742,1
1503,742,1
1504,742,1
1505,743,1
1506,743,1
1507,743,1
1508,743,1
1509,743,1
1510,743,1
1511,743,1
1512,743,1
1513,743,1
1514,744,1
1515,744,1
1516,744,1
1517,744,1
1518,744,1
1519,744,1
1520,744,1
1521,744,1
1522,745,1
1523,745,1
1524,745,1
1525,745,1
1526,745,1
1527,745,1
1528,745,1
1529,745,1
1530,745,1
1531,745,1
1532,746,1
1533,746,1
1534,746,1
1535,746,1
1536,746,1
1537,746,1
1538,746,1
1539,746,1
1540,746,1
1541,747,1
1542,747,1
1543,747,1
1544,747,1
1545,747,1
1546,747,1
1547,747,1
1548,747,1
1549,747,1
1550,748,1
1551,748,1
1552,748,1
1553,748,1
1554,748,1
1555,748,1
1556,748,1
1557,748,1
1558,749,1
1559,749,1
1560,749,1
1561,749,1
1562,749,1
1563,749,1
1564,749,1
1565,749,1
1566,749,1
1567,749,1
1568,749,1
1569,750,1
1570,750,1
1571,750,1
1572,750,1
1573,750,1
1574,750,1
1575,750,1
1576,750,1
1577,750,1
1578,750,1
1579,751,1
1580,751,1
1581,751,1
1582,751,1
1583,751,1
1584,751,1
1585,751,1
1586,751,1
1587,751,1
1588,751,1
1589,752,1
1590,752,1
1591,752,1
1592,752,1
1593,752,1
1594,752,1
1595,752,1
1596,752,1
1597,752,1
1598,752,1
1599,752,1
1600,753,1
1601,753,1
1602,753,1
1603,753,1
1604,753,1
1605,753,1
1606,753,1
1607,753,1
1608,753,1
1609,753,1
1610,754,1
1611,754,1
1612,754,1
1613,754,1
1614,754,1
1615,754,1
1616,754,1
1617,754,1
1618,754,1
1619,754,1
1620,755,1
1621,755,1
1622,755,1
1623,755,1
1624,755,1
1625,755,1
1626,755,1
1627,755,1
1628,755,1
1629,755,1
1630,755,1
1631,756,1
1632,756,1
1633,756,1
1634,756,1
1635,756,1
1636,756,1
1637,756,1
1638,756,1
1639,756,1
1640,756,1
1641,756,1
1642,756,1
1643,757,1
1644,757,1
1645,757,1
1646,757,1
1647,757,1
1648,757,1
1649,757,1
1650,757,1
1651,757,1
1652,757,1
1653,757,1
1654,757,1
1655,757,1
1656,758,1
1657,758,1
1658,758,1
1659,758,1
1660,758,1
1661,758,1
1662,758,1
1663,758,1
1664,758,1
1665,758,1
1666,758,1
1667,758,1
1668,758,1
1669,758,1
1670,759,1
1671,759,1
1672,759,1
1673,759,1
1674,759,1
1675,759,1
1676,759,1
1677,759,1
1678,759,1
1679,759,1
1680,759,1
1681,759,1
1682,759,1
1683,759,1
1684,759,1
1685,759,1
1686,759,1
1687,759,1
1688,760,1
1689,760,1
1690,760,1
1691,760,1
1692,760,1
1693,760,1
1694,760,1
1695,760,1
1696,760,1
1697,760,1
1698,760,1
1699,760,1
1700,760,1
1701,760,1
1702,760,1
1703,760,1
1704,760,1
1705,760,1
1706,760,1
1707,760,1
1708,761,1
1709,761,1
1710,761,1
1711,761,1
1712,761,1
1713,761,1
1714,761,1
1715,761,1
1716,761,1
1717,761,1
1718,761,1
1719,761,1
1720,761,1
1721,761,1
1722,761,1
1723,761,1
1724,761,1
1725,761,1
1726,761,1
1727,761,1
1728,761,1
1729,761,1
1730,761,1
1731,761,1
1732,761,1
1733,761,1
1734,762,1
1735,762,1
1736,762,1
1737,762,1
1738,762,1
1739,762,1
1740,762,1
1741,762,1
1742,762,1
1743,762,1
1744,762,1
1745,762,1
1746,762,1
1747,762,1
1748,762,1
1749,762,1
1750,762,1
1751,762,1
1752,762,1
1753,762,1
1754,762,1
1755,762,1
1756,762,1
1757,762,1
1758,762,1
1759,762,1
1760,762,1
1761,762,1
1762,762,1
1763,762,1
1764,762,1
1765,762,1
1766,762,1
1767,762,1
1768,762,1
1769,762,1
1770,762,1
1771,762,1
1772,762,1
1773,762,1
1774,762,1
1775,762,1
1776,762,1
1777,762,1
1778,762,1
1779,762,1
1780,762,1
1781,762,1
1782,762,1
1783,762,1
1784,762,1
1785,762,1
1786,762,1
1787,762,1
1788,762,1
1789,762,1
1790,762,1
1791,762,1
1792,762,1
1793,762,1
1794,762,1
1795,762,1
1796,762,1
1797,762,1
1798,762,1
1799,762,1
1800,762,1
1801,762,1
1802,762,1
1803,762,1
1804,762,1
1805,762,1
1806,762,1
1807,762,1
1808,762,1
1809,762,1
1810,762,1
1811,762,1
1812,762,1
1813,762,1
1814,762,1
1815,762,1
1816,762,1
1817,762,1
1818,762,1
1819,762,1
1820,762,1
1821,762,1
1822,762,1
1823,762,1
1824,762,1
1825,762,1
1826,762,1
1827,762,1
1828,762,1
1829,762,1
1830,762,1
1831,762,1
1832,762,1
1833,762,1
1834,762,1
1835,762,1
1836,762,1
1837,762,1
1838,762,1
1839,762,1
1840,762,1
1841,762,1
1842,762,1
1843,762,1
1844,762,1
1845,762,1
1846,762,1
1847,762,1
1848,762,1
1849,762,1
1850,762,1
1851,761,1
1852,761,1
1853,761,1
1854,761,1
1855,761,1
1856,761,1
1857,761,1
1858,761,1
1859,761,1
1860,761,1
1861,761,1
1862,761,1
1863,761,1
1864,761,1
1865,761,1
1866,761,1
1867,761,1
1868,761,1
1869,761,1
1870,761,1
1871,761,1
1872,761,1
1873,761,1
1874,761,1
1875,761,1
1876,760,1
1877,760,1
1878,760,1
1879,760,1
1880,760,1
1881,760,1
1882,760,1
1883,760,1
1884,760,1
1885,760,1
1886,760,1
1887,760,1
1888,760,1
1889,760,1
1890,760,1
1891,760,1
1892,760,1
1893,760,1
1894,760,1
1895,760,1
1896,760,1
1897,760,1
1898,760,1
1899,760,1
1900,760,1
1901,760,1
1902,759,1
1903,759,1
1904,759,1
1905,759,1
1906,759,1
1907,759,1
1908,759,1
1909,759,1
1910,759,1
1911,759,1
1912,759,1
1913,759,1
1914,759,1
1915,759,1
1916,759,1
1917,759,1
1918,759,1
1919,759,1
1920,759,1
1921,759,1
1922,759,1
1923,759,1
1924,758,1
1925,758,1
1926,758,1
1927,758,1
1928,758,1
1929,758,1
1930,758,1
1931,758,1
1932,758,1
1933,758,1
1934,758,1
1935,758,1
1936,758,1
1937,758,1
1938,758,1
1939,758,1
1940,758,1
1941,757,1
1942,757,1
1943,757,1
1944,757,1
1945,757,1
1946,757,1
1947,757,1
1948,757,1
1949,757,1
1950,757,1
1951,757,1
1952,757,1
1953,757,1
1954,757,1
1955,757,1
1956,757,1
1957,757,1
1958,756,1
1959,756,1
1960,756,1
1961,756,1
1962,756,1
1963,756,1
1964,756,1
1965,756,1
1966,756,1
1967,756,1
1968,756,1
1969,756,1
1970,756,1
1971,756,1
1972,756,1
1973,756,1
1974,756,1
1975,755,1
1976,755,1
1977,755,1
1978,755,1
1979,755,1
1980,755,1
1981,755,1
1982,755,1
1983,755,1
1984,755,1
1985,755,1
1986,755,1
1987,755,1
1988,755,1
1989,755,1
1990,755,1
1991,755,1
1992,755,1
1993,754,1
1994,754,1
1995,754,1
1996,754,1
1997,754,1
1998,754,1
1999,754,1
2000,754,1
2001,754,1
2002,754,1
2003,754,1
2004,754,1
2005,754,1
2006,754,1
2007,754,1
2008,754,1
2009,754,1
2010,753,1
2011,753,1
2012,753,1
2013,753,1
2014,753,1
2015,753,1
2016,753,1
2017,753,1
2018,753,1
2019,753,1
2020,753,1
2021,753,1
2022,753,1
2023,753,1
2024,753,1
2025,753,1
2026,753,1
2027,752,1
2028,752,1
2029,752,1
2030,752,1
2031,752,1
2032,752,1
2033,752,1
2034,752,1
2035,752,1
2036,752,1
2037,752,1
2038,752,1
2039,752,1
2040,752,1
2041,752,1
2042,752,1
2043,752,1
2044,751,1
2045,751,1
2046,751,1
2047,751,1
2048,751,1
2049,751,1
2050,751,1
2051,751,1
2052,751,1
2053,751,1
2054,751,1
2055,751,1
2056,751,1
2057,751,1
2058,751,1
2059,751,1
2060,751,1
2061,751,1
2062,751,1
2063,751,1
2064,750,1
2065,750,1
2066,750,1
2067,750,1
2068,750,1
2069,750,1
2070,750,1
2071,750,1
2072,750,1
2073,750,1
2074,750,1
2075,750,1
2076,750,1
2077,750,1
2078,750,1
2079,750,1
2080,750,1
2081,750,1
2082,749,1
2083,749,1
2084,749,1
2085,749,1
2086,749,1
2087,749,1
2088,749,1
2089,749,1
2090,749,1
2091,749,1
2092,749,1
2093,749,1
2094,749,1
2095,749,1
2096,749,1
2097,749,1
2098,749,1
2099,748,1
2100,748,1
2101,748,1
2102,748,1
2103,748,1
2104,748,1
2105,748,1
2106,748,1
2107,748,1
2108,748,1
2109,748,1
2110,748,1
2111,748,1
2112,748,1
2113,748,1
2114,748,1
2115,748,1
2116,747,1
2117,747,1
2118,747,1
2119,747,1
2120,747,1
2121,747,1
2122,747,1
2123,747,1
2124,747,1
2125,747,1
2126,747,1
2127,747,1
2128,747,1
2129,747,1
2130,747,1
2131,747,1
2132,747,1
2133,747,1
2134,747,1
2135,747,1
2136,747,1
2137,747,1
2138,747,1
2139,747,1
2140,746,1
2141,746,1
2142,746,1
2143,746,1
2144,746,1
2145,746,1
2146,746,1
2147,746,1
2148,746,1
2149,746,1
2150,746,1
2151,746,1
2152,746,1
2153,746,1
2154,746,1
2155,746,1
2156,746,1
2157,746,1
2158,746,1
2159,746,1
2160,746,1
2161,746,1
2162,746,1
2163,746,1
2164,746,1
2165,745,1
2166,745,1
2167,745,1
2168,745,1
2169,745,1
2170,745,1
2171,745,1
2172,745,1
2173,745,1
2174,745,1
2175,745,1
2176,745,1
2177,745,1
2178,745,1
2179,745,1
2180,745,1
2181,745,1
2182,745,1
2183,745,1
2184,745,1
2185,745,1
2186,745,1
2187,745,1
2188,745,1
2189,745,1
2190,745,1
2191,745,1
2192,745,1
2193,745,1
2194,745,1
2195,744,1
2196,744,1
2197,744,1
2198,744,1
2199,744,1
2200,744,1
2201,744,1
2202,744,1
2203,744,1
2204,744,1
2205,744,1
2206,744,1
2207,744,1
2208,744,1
2209,744,1
2210,744,1
2211,744,1
2212,744,1
2213,744,1
2214,744,1
2215,744,1
2216,744,1
2217,744,1
2218,744,1
2219,744,1
2220,744,1
2221,744,1
2222,744,1
2223,744,1
2224,744,1
2225,744,1
2226,744,1
2227,744,1
2228,744,1
2229,744,1
2230,744,1
2231,744,1
2232,744,1
2233,744,1
2234,744,1
2235,744,1
2236,744,1
2237,744,1
2238,744,1
2239,744,1
2240,744,1
2241,744,1
2242,744,1
2243,744,1
2244,744,1
2245,744,1
2246,743,1
2247,743,1
2248,743,1
2249,743,1
2250,743,1
2251,743,1
2252,743,1
2253,743,1
2254,743,1
2255,743,1
2256,743,1
2257,743,1
2258,743,1
2259,743,1
2260,743,1
2261,743,1
2262,743,1
2263,743,1
2264,743,1
2265,743,1
2266,743,1
2267,743,1
2268,743,1
2269,743,1
2270,743,1
2271,743,1
2272,743,1
2273,743,1
2274,743,1
2275,743,1
2276,743,1
2277,743,1
2278,743,1
2279,743,1
2280,743,1
2281,743,1
2282,743,1
2283,743,1
2284,743,1
2285,743,1
2286,743,1
2287,743,1
2288,743,1
2289,743,1
2290,743,1
2291,743,1
2292,743,1
2293,743,1
2294,743,1
2295,743,1
2296,743,1
2297,743,1
2298,743,1
2299,743,1
2300,743,1
2301,743,1
2302,743,1
2303,743,1
2304,743,1
2305,743,1
2306,743,1
2307,743,1
2308,743,1
2309,743,1
2310,743,1
2311,743,1
2312,743,1
2313,743,1
2314,743,1
2315,743,1
2316,743,1
2317,743,1
2318,743,1
2319,743,1
2320,743,1
2321,743,1
2322,743,1
2323,743,1
2324,743,1
2325,743,1
2326,743,1
2327,743,1
2328,743,1
2329,743,1
2330,743,1
2331,743,1
2332,743,1
2333,743,1
2334,743,1
2335,743,1
2336,743,1
2337,743,1
2338,743,1
2339,743,1
2340,743,1
2341,743,1
2342,743,1
2343,743,1
2344,743,1
2345,743,1
2346,743,1
2347,743,1
2348,743,1
2349,743,1
2350,743,1
2351,743,1
2352,743,1
2353,743,1
2354,743,1
2355,743,1
2356,743,1
2357,743,1
2358,743,1
2359,743,1
2360,743,1
2361,743,1
2362,743,1
2363,743,1
2364,743,1
2365,743,1
2366,743,1
2367,743,1
2368,743,1
2369,743,1
2370,743,1
2371,743,1
2372,743,1
2373,743,1
2374,743,1
2375,743,1
2376,743,1
2377,743,1
2378,743,1
2379,743,1
2380,743,1
2381,743,1
2382,743,1
2383,743,1
2384,743,1
2385,743,1
2386,743,1
2387,743,1
2388,743,1
2389,743,1
2390,743,1
2391,743,1
2392,743,1
2393,743,1
2394,743,1
2395,743,1
2396,743,1
2397,743,1
2398,743,1
2399,743,1
2400,743,1
2401,743,1
2402,743,1
2403,743,1
2404,743,1
2405,743,1
2406,743,1
2407,743,1
2408,743,1
2409,743,1
2410,743,1
2411,743,1
2412,743,1
2413,743,1
2414,743,1
2415,743,1
2416,743,1
2417,743,1
2418,743,1
2419,743,1
2420,743,1
2421,743,1
2422,743,1
2423,743,1
2424,743,1
2425,743,1
2426,743,1
2427,743,1
2428,743,1
2429,743,1
2430,743,1
2431,743,1
2432,743,1
2433,743,1
2434,743,1
2435,743,1
2436,743,1
2437,743,1
2438,743,1
2439,743,1
2440,743,1
2441,743,1
2442,743,1
2443,743,1
2444,743,1
2445,743,1
2446,743,1
2447,743,1
2448,743,1
2449,743,1
2450,743,1
2451,743,1
2452,743,1
2453,743,1
2454,743,1
2455,743,1
2456,743,1
2457,743,1
2458,743,1
2459,743,1
2460,743,1
2461,743,1
2462,743,1
2463,743,1
2464,743,1
2465,743,1
2466,743,1
2467,743,1
2468,743,1
2469,743,1
2470,743,1
2471,743,1
2472,743,1
2473,743,1
2474,743,1
2475,743,1
2476,743,1
2477,743,1
2478,743,1
2479,743,1
2480,743,1
2481,743,1
2482,743,1
2483,743,1
2484,743,1
2485,743,1
2486,743,1
2487,743,1
2488,743,1
2489,743,1
2490,743,1
2491,743,1
2492,743,1
2493,743,1
2494,743,1
2495,743,1
2496,743,1
2497,743,1
2498,743,1
2499,743,1
2500,743,1
2501,743,1
2502,743,1
2503,743,1
2504,743,1
2505,743,1
2506,743,1
2507,743,1
2508,743,1
2509,743,1
2510,743,1
2511,743,1
2512,743,1
2513,743,1
2514,743,1
2515,743,1
2516,743,1
2517,743,1
2518,743,1
2519,743,1
2520,743,1
2521,743,1
2522,743,1
2523,743,1
2524,743,1
2525,743,1
2526,743,1
2527,743,1
2528,743,1
2529,743,1
2530,743,1
2531,743,1
2532,743,1
2533,743,1
2534,743,1
2535,743,1
2536,743,1
2537,743,1
2538,743,1
2539,743,1
2540,743,1
2541,743,1
2542,743,1
2543,743,1
2544,743,1
2545,743,1
2546,743,1
2547,743,1
2548,743,1
2549,743,1
2550,743,1
2551,743,1
2552,743,1
2553,743,1
2554,743,1
2555,743,1
2556,743,1
2557,743,1
2558,743,1
2559,743,1
2560,743,1
2561,743,1
2562,743,1
2563,743,1
2564,743,1
2565,743,1
2566,743,1
2567,743,1
2568,743,1
2569,743,1
2570,743,1
2571,743,1
2572,743,1
2573,743,1
2574,743,1
2575,743,1
2576,743,1
2577,743,1
2578,743,1
2579,743,1
2580,743,1
2581,743,1
2582,743,1
2583,743,1
2584,743,1
2585,743,1
2586,743,1
2587,743,1
2588,743,1
2589,743,1
2590,743,1
2591,743,1
2592,743,1
2593,743,1
2594,743,1
2595,743,1
2596,743,1
2597,743,1
2598,743,1
2599,743,1
2600,743,1
2601,743,1
2602,743,1
2603,743,1
2604,743,1
2605,743,1
2606,743,1
2607,743,1
2608,743,1
2609,743,1
2610,743,1
2611,743,1
2612,743,1
2613,743,1
2614,743,1
2615,743,1
2616,743,1
2617,743,1
2618,743,1
2619,743,1
2620,743,1
2621,743,1
2622,743,1
2623,743,1
2624,743,1
2625,743,1
2626,743,1
2627,743,1
2628,743,1
2629,743,1
2630,743,1
2631,743,1
2632,743,1
2633,743,1
2634,743,1
2635,743,1
2636,743,1
2637,743,1
2638,743,1
2639,743,1
2640,743,1
2641,743,1
2642,743,1
2643,743,1
2644,743,1
2645,743,1
2646,743,1
2647,743,1
2648,743,1
2649,743,1
2650,743,1
2651,743,1
2652,743,1
2653,743,1
2654,743,1
2655,743,1
2656,743,1
2657,743,1
2658,743,1
2659,743,1
2660,743,1
2661,743,1
2662,743,1
2663,743,1
2664,743,1
2665,743,1
2666,743,1
2667,743,1
2668,743,1
2669,743,1
2670,743,1
2671,743,1
2672,743,1
2673,743,1
2674,743,1
2675,743,1
2676,743,1
2677,743,1
2678,743,1
2679,743,1
2680,743,1
2681,743,1
2682,743,1
2683,743,1
2684,743,1
2685,743,1
2686,743,1
2687,743,1
2688,743,1
2689,743,1
2690,743,1
2691,743,1
2692,743,1
2693,743,1
2694,743,1
2695,743,1
2696,743,1
2697,743,1
2698,743,1
2699,743,1
2700,743,1
2701,743,1
2702,743,1
2703,743,1
2704,743,1
2705,743,1
2706,743,1
2707,743,1
2708,743,1
2709,743,1
2710,743,1
2711,743,1
2712,743,1
2713,743,1
2714,743,1
2715,743,1
2716,743,1
2717,743,1
2718,743,1
2719,743,1
2720,743,1
2721,743,1
2722,743,1
2723,743,1
2724,743,1
2725,743,1
2726,743,1
2727,743,1
2728,743,1
2729,743,1
2730,743,1
2731,743,1
2732,743,1
2733,743,1
2734,743,1
2735,743,1
2736,743,1
2737,743,1
2738,743,1
2739,743,1
2740,743,1
2741,743,1
2742,743,1
2743,743,1
2744,743,1
2745,743,1
2746,743,1
2747,743,1
2748,743,1
2749,743,1
2750,743,1
2751,743,1
2752,743,1
2753,743,1
2754,743,1
2755,743,1
2756,743,1
2757,743,1
2758,743,1
2759,743,1
2760,743,1
2761,743,1
2762,743,1
2763,743,1
2764,743,1
2765,743,1
2766,743,1
2767,743,1
2768,743,1
2769,743,1
2770,743,1
2771,743,1
2772,743,1
2773,743,1
2774,743,1
2775,743,1
2776,743,1
2777,743,1
2778,743,1
2779,743,1
2780,743,1
2781,743,1
2782,743,1
2783,743,1
2784,743,1
2785,743,1
2786,743,1
2787,743,1
2788,743,1
2789,743,1
2790,743,1
2791,743,1
2792,743,1
2793,743,1
2794,743,1
2795,743,1
2796,743,1
2797,743,1
2798,743,1
2799,743,1
2800,743,1
2801,743,1
2802,743,1
2803,743,1
2804,743,1
2805,743,1
2806,743,1
2807,743,1
2808,743,1
2809,743,1
2810,743,1
2811,743,1
2812,743,1
2813,743,1
2814,743,1
2815,743,1
2816,743,1
2817,743,1
2818,743,1
2819,743,1
2820,743,1
2821,743,1
2822,743,1
2823,743,1
2824,743,1
2825,743,1
2826,743,1
2827,743,1
2828,743,1
2829,743,1
2830,743,1
2831,743,1
2832,743,1
2833,743,1
2834,743,1
2835,743,1
2836,743,1
2837,743,1
2838,743,1
2839,743,1
2840,743,1
2841,743,1
2842,743,1
2843,743,1
2844,743,1
2845,743,1
2846,743,1
2847,743,1
2848,743,1
2849,743,1
2850,743,1
2851,743,1
2852,743,1
2853,743,1
2854,743,1
2855,743,1
2856,743,1
2857,743,1
2858,743,1
2859,743,1
2860,743,1
2861,743,1
2862,743,1
2863,743,1
2864,743,1
2865,743,1
2866,743,1
2867,743,1
2868,743,1
2869,743,1
2870,743,1
2871,743,1
2872,743,1
2873,743,1
2874,743,1
2875,743,1
2876,743,1
2877,743,1
2878,743,1
2879,743,1
2880,743,1
2881,743,1
2882,743,1
2883,743,1
2884,743,1
2885,743,1
2886,743,1
2887,743,1
2888,743,1
2889,743,1
2890,743,1
2891,743,1
2892,743,1
2893,743,1
2894,743,1
2895,743,1
2896,743,1
2897,743,1
2898,743,1
2899,743,1
2900,743,1
2901,743,1
2902,743,1
2903,743,1
2904,743,1
2905,743,1
2906,744,1
2907,744,1
2908,744,1
2909,744,1
2910,744,1
2911,744,1
2912,744,1
2913,744,1
2914,744,1
2915,744,1
2916,744,1
2917,744,1
2918,744,1
2919,744,1
2920,744,1
2921,744,1
2922,744,1
2923,744,1
2924,744,1
2925,744,1
2926,744,1
2927,744,1
2928,744,1
2929,744,1
2930,744,1
2931,744,1
2932,744,1
2933,744,1
2934,744,1
2935,744,1
2936,744,1
2937,744,1
2938,744,1
2939,744,1
2940,744,1
2941,744,1
2942,744,1
2943,744,1
2944,744,1
2945,744,1
2946,744,1
2947,744,1
2948,744,1
2949,744,1
2950,744,1
2951,744,1
2952,744,1
2953,744,1
2954,744,1
2955,744,1
2956,744,1
2957,745,1
2958,745,1
2959,745,1
2960,745,1
2961,745,1
2962,745,1
2963,745,1
2964,745,1
2965,745,1
2966,745,1
2967,745,1
2968,745,1
2969,745,1
2970,745,1
2971,745,1
2972,745,1
2973,745,1
2974,745,1
2975,745,1
2976,745,1
2977,745,1
2978,745,1
2979,745,1
2980,745,1
2981,745,1
2982,745,1
2983,745,1
2984,745,1
2985,745,1
2986,745,1
2987,745,1
2988,745,1
2989,745,1
2990,745,1
2991,745,1
2992,745,1
2993,745,1
2994,745,1
2995,745,1
2996,745,1
2997,745,1
2998,745,1
2999,745,1
3000,745,1
3001,745,1
3002,745,1
3003,745,1
3004,745,1
3005,745,1
3006,746,1
3007,746,1
3008,746,1
3009,746,1
3010,746,1
3011,746,1
3012,746,1
3013,746,1
3014,746,1
3015,746,1
3016,746,1
3017,746,1
3018,746,1
3019,746,1
3020,746,1
3021,746,1
3022,746,1
3023,746,1
3024,746,1
3025,746,1
3026,746,1
3027,746,1
3028,746,1
3029,746,1
3030,746,1
3031,746,1
3032,747,1
3033,747,1
3034,747,1
3035,747,1
3036,747,1
3037,747,1
3038,747,1
3039,747,1
3040,747,1
3041,747,1
3042,747,1
3043,747,1
3044,747,1
3045,747,1
3046,747,1
3047,747,1
3048,747,1
3049,747,1
3050,747,1
3051,747,1
3052,747,1
3053,747,1
3054,747,1
3055,747,1
3056,747,1
3057,747,1
3058,747,1
3059,747,1
3060,747,1
3061,747,1
3062,747,1
3063,747,1
3064,747,1
3065,747,1
3066,747,1
3067,747,1
3068,747,1
3069,747,1
3070,747,1
3071,747,1
3072,747,1
3073,747,1
3074,747,1
3075,747,1
3076,747,1
3077,747,1
3078,747,1
3079,747,1
3080,747,1
3081,747,1
3082,747,1
3083,747,1
3084,747,1
3085,747,1
3086,747,1
3087,747,1
3088,747,1
3089,747,1
3090,747,1
3091,747,1
3092,747,1
3093,747,1
3094,747,1
3095,747,1
3096,747,1
3097,747,1
3098,747,1
3098,747,0
