144,160,1
145,160,1
146,160,1
147,160,1
148,160,1
149,161,1
150,161,1
151,161,1
152,161,1
153,162,1
154,162,1
155,163,1
156,163,1
157,164,1
158,164,1
158,165,1
159,165,1
160,166,1
161,167,1
162,167,1
162,168,1
163,168,1
163,169,1
164,169,1
164,170,1
165,171,1
166,172,1
166,173,1
167,174,1
167,175,1
168,176,1
168,177,1
169,178,1
169,179,1
169,180,1
169,181,1
170,182,1
170,183,1
170,184,1
170,185,1
170,186,1
170,187,1
170,188,1
170,189,1
169,189,1
169,190,1
169,191,1
169,192,1
169,193,1
168,194,1
168,195,1
168,196,1
168,197,1
167,198,1
167,199,1
166,200,1
166,201,1
166,202,1
165,202,1
165,203,1
164,204,1
164,205,1
163,206,1
163,207,1
162,207,1
162,208,1
161,209,1
161,210,1
160,210,1
160,211,1
159,211,1
159,212,1
158,213,1
157,214,1
156,215,1
155,216,1
154,217,1
153,217,1
153,218,1
152,218,1
151,219,1
150,220,1
149,220,1
149,221,1
148,221,1
147,222,1
146,222,1
145,223,1
144,223,1
144,224,1
143,224,1
142,224,1
141,225,1
140,225,1
139,225,1
138,226,1
137,226,1
136,226,1
135,226,1
134,226,1
133,226,1
132,226,1
131,226,1
130,226,1
129,225,1
128,225,1
128,224,1
127,224,1
127,223,1
126,222,1
126,221,1
126,220,1
127,220,1
127,219,1
127,218,1
128,218,1
128,217,1
129,217,1
129,216,1
130,216,1
131,216,1
132,216,1
133,215,1
134,215,1
135,215,1
136,216,1
137,216,1
138,216,1
139,216,1
140,217,1
141,217,1
142,218,1
143,218,1
144,219,1
145,220,1
146,220,1
146,221,1
147,221,1
148,222,1
148,223,1
149,223,1
149,224,1
150,224,1
150,225,1
151,226,1
152,226,1
152,227,1
153,228,1
154,229,1
154,230,1
155,230,1
155,231,1
156,232,1
157,233,1
158,234,1
158,235,1
159,235,1
159,236,1
160,237,1
161,237,1
161,238,1
162,239,1
163,239,1
163,240,1
164,240,1
165,241,1
166,242,1
167,243,1
168,243,1
169,244,1
170,244,1
171,245,1
172,245,1
173,246,1
174,246,1
175,246,1
176,247,1
177,247,1
178,247,1
179,247,1
180,246,1
181,246,1
182,246,1
183,245,1
184,244,1
185,244,1
186,244,1
186,243,1
198,217,0
212,186,1
212,187,1
212,188,1
211,189,1
211,190,1
211,191,1
211,192,1
211,193,1
211,194,1
211,195,1
211,196,1
211,197,1
211,198,1
211,199,1
211,200,1
211,201,1
211,202,1
212,202,1
212,203,1
212,204,1
212,205,1
213,206,1
213,207,1
213,208,1
214,208,1
214,209,1
214,210,1
215,211,1
216,212,1
216,213,1
217,214,1
218,214,1
218,215,1
219,215,1
220,216,1
221,217,1
222,217,1
223,218,1
224,218,1
225,218,1
226,218,1
227,219,1
228,219,1
229,219,1
229,218,1
230,218,1
231,218,1
232,218,1
233,218,1
234,217,1
235,217,1
236,216,1
237,216,1
238,216,1
238,215,1
239,215,1
240,215,1
241,214,1
242,213,1
243,213,1
244,212,1
244,211,1
245,211,1
245,210,1
246,210,1
247,209,1
248,208,1
248,207,1
249,207,1
249,206,1
250,206,1
250,205,1
251,205,1
251,204,1
252,203,1
253,203,1
253,202,1
254,201,1
255,200,1
256,200,1
256,199,1
257,199,1
257,198,1
258,198,1
259,198,1
260,197,1
261,197,1
262,197,1
263,197,1
264,197,1
265,197,1
266,197,1
267,197,1
268,197,1
269,197,1
269,198,1
270,198,1
271,198,1
272,198,1
273,198,1
274,198,1
275,198,1
276,198,1
277,198,1
278,198,1
279,198,1
280,198,1
281,198,1
282,198,1
283,197,1
284,197,1
285,197,1
286,196,1
287,196,1
288,195,1
289,194,1
290,194,1
290,193,1
291,193,1
292,192,1
293,191,1
293,190,1
294,190,1
294,189,1
295,188,1
296,187,1
296,186,1
297,186,1
297,185,1
298,184,1
298,183,1
299,183,1
299,182,1
300,183,1
300,184,1
300,185,1
300,186,1
300,187,1
300,188,1
300,189,1
300,190,1
300,191,1
300,192,1
300,193,1
300,194,1
300,195,1
300,196,1
300,197,1
300,198,1
300,199,1
300,200,1
300,201,1
300,202,1
300,203,1
301,204,1
301,205,1
301,206,1
301,207,1
301,208,1
301,209,1
301,210,1
301,211,1
301,212,1
301,213,1
301,214,1
301,215,1
301,216,1
301,217,1
301,218,1
301,219,1
301,220,1
301,221,1
301,222,1
301,223,1
301,224,1
301,225,1
301,226,1
301,227,1
302,228,1
302,229,1
302,230,1
302,231,1
302,232,1
303,231,1
340,207,0
376,184,1
377,184,1
378,184,1
379,184,1
380,184,1
380,183,1
381,183,1
382,183,1
383,183,1
384,183,1
385,183,1
386,183,1
387,183,1
388,183,1
389,183,1
390,183,1
391,183,1
392,182,1
393,182,1
394,182,1
395,182,1
396,182,1
397,182,1
398,181,1
399,181,1
400,181,1
401,181,1
402,181,1
403,180,1
404,180,1
405,180,1
406,180,1
407,180,1
408,180,1
409,181,0
412,180,1
412,181,1
412,182,1
412,183,1
411,184,1
411,185,1
411,186,1
411,187,1
411,188,1
411,189,1
411,190,1
411,191,1
411,192,1
410,193,1
410,194,1
410,195,1
410,196,1
410,197,1
410,198,1
410,199,1
410,200,1
409,201,1
409,202,1
409,203,1
409,204,1
409,205,1
409,206,1
408,207,1
408,208,1
408,209,1
408,210,1
408,211,1
408,212,1
408,213,1
407,213,1
407,212,1
407,211,1
410,177,0
413,143,1
413,142,1
413,141,1
413,140,1
413,139,1
413,138,1
413,137,1
413,136,1
413,135,1
413,134,1
413,133,1
414,132,1
414,131,1
414,130,1
414,129,1
414,128,1
415,127,1
415,126,1
415,125,1
415,124,1
416,123,1
416,122,1
416,121,1
417,120,1
418,119,1
418,118,1
418,117,1
419,117,1
419,116,1
420,115,1
420,114,1
421,114,1
421,113,1
422,112,1
423,112,1
423,111,1
424,111,1
425,110,1
426,109,1
427,109,1
428,108,1
429,108,1
430,108,1
431,108,1
432,108,1
433,108,1
434,108,1
435,108,1
436,108,1
437,109,1
438,109,1
439,110,1
440,110,1
440,111,1
441,111,1
441,112,1
442,112,1
442,113,1
443,114,1
444,115,1
444,116,1
444,117,1
445,117,1
445,118,1
446,119,1
446,120,1
446,121,1
446,122,1
447,123,1
447,124,1
447,125,1
447,126,1
447,127,1
448,128,1
448,129,1
448,130,1
448,131,1
448,132,1
449,132,1
449,133,1
449,134,1
449,135,1
449,136,1
449,137,1
449,138,1
449,139,1
449,140,1
450,141,1
450,142,1
450,143,1
450,144,1
450,145,1
450,146,1
450,147,1
450,148,1
450,149,1
450,150,1
450,151,1
450,152,1
450,153,1
450,154,1
450,155,1
450,156,1
450,157,1
450,158,1
450,159,1
450,160,1
450,161,1
450,162,1
450,163,1
450,164,1
450,165,1
450,166,1
450,167,1
450,168,1
450,169,1
450,170,1
450,171,1
450,172,1
450,173,1
450,174,1
450,175,1
450,176,1
450,177,1
450,178,1
450,179,1
450,180,1
450,181,1
450,182,1
450,183,1
450,184,1
450,185,1
450,186,1
450,187,1
450,188,1
450,189,1
450,190,1
450,191,1
450,192,1
450,193,1
450,194,1
450,195,1
450,196,1
450,197,1
450,198,1
450,199,1
450,200,1
450,201,1
449,202,1
449,203,1
449,204,1
449,205,1
449,206,1
449,207,1
449,208,1
449,209,1
449,210,1
449,211,1
449,212,1
448,212,1
448,213,1
448,214,1
448,215,1
448,216,1
448,217,1
447,217,1
447,216,1
447,215,1
447,214,1
476,198,0
505,178,1
505,179,1
505,180,1
504,181,1
504,182,1
503,183,1
503,184,1
502,184,1
502,185,1
501,185,1
501,186,1
500,186,1
500,187,1
499,188,1
498,189,1
497,189,1
497,190,1
496,190,1
495,191,1
494,191,1
494,192,1
493,192,1
493,193,1
492,193,1
491,193,1
491,194,1
490,194,1
489,194,1
489,195,1
488,195,1
487,195,1
487,196,1
486,196,1
485,196,1
484,196,1
484,197,1
483,197,1
482,197,1
481,197,1
480,198,1
479,198,1
478,198,1
477,198,1
476,198,1
475,197,1
474,197,1
473,197,1
472,197,1
471,196,1
470,196,1
469,195,1
468,194,1
467,193,1
466,192,1
466,191,1
465,191,1
465,190,1
465,189,1
465,188,1
466,187,1
466,186,1
467,186,1
468,185,1
469,185,1
470,185,1
471,185,1
472,185,1
473,186,1
474,186,1
475,186,1
476,187,1
477,187,1
478,188,1
479,189,1
480,189,1
480,190,1
481,190,1
482,191,1
483,192,1
484,193,1
485,194,1
486,195,1
487,196,1
488,196,1
488,197,1
489,198,1
489,199,1
490,199,1
491,200,1
491,201,1
492,201,1
493,202,1
493,203,1
494,203,1
495,204,1
495,205,1
496,205,1
496,206,1
497,206,1
498,207,1
498,208,1
499,208,1
500,209,1
501,210,1
502,210,1
503,211,1
504,212,1
505,212,1
505,213,1
506,213,1
507,213,1
508,214,1
509,214,1
510,215,1
511,215,1
512,215,1
513,215,1
514,216,1
515,216,1
516,216,1
517,216,1
518,216,1
519,216,1
520,216,1
521,216,1
522,216,1
523,216,1
523,215,1
524,215,1
525,215,1
526,214,1
527,213,1
528,212,1
529,211,1
530,211,1
530,210,1
531,209,1
531,208,1
532,208,1
535,196,0
541,180,1
541,181,1
541,182,1
541,183,1
541,184,1
541,185,1
541,186,1
541,187,1
541,188,1
541,189,1
541,190,1
541,191,1
541,192,1
541,193,1
541,194,1
541,195,1
540,196,1
540,197,1
540,198,1
539,198,1
538,198,1
372,180,0
202,161,1
203,161,1
204,161,1
205,161,1
206,161,1
207,162,1
208,162,1
209,162,1
210,162,1
211,162,1
212,162,1
213,162,1
214,162,1
215,162,1
216,162,1
217,162,1
218,162,1
219,162,1
220,162,1
221,162,1
222,162,1
223,162,1
224,162,1
225,162,1
226,162,1
227,162,1
228,162,1
229,162,1
230,162,1
231,162,1
232,162,1
233,162,1
234,162,1
235,162,1
236,162,1
237,162,1
238,162,1
239,162,1
240,162,1
241,162,1
242,162,1
243,162,1
244,162,1
245,162,1
246,162,1
247,162,1
248,162,1
249,162,1
250,162,1
251,162,1
252,162,1
253,163,1
254,163,1
255,163,1
256,163,1
257,163,1
258,163,1
259,163,1
260,163,1
261,163,1
262,163,1
263,163,1
264,163,1
265,163,1
266,163,1
267,163,1
268,163,1
269,163,1
270,163,1
271,163,1
272,163,1
273,163,1
274,163,1
275,163,1
276,163,1
277,163,1
278,163,1
279,163,1
280,163,1
281,163,1
282,163,1
283,163,1
284,163,1
285,163,1
286,163,1
287,163,1
288,163,1
289,163,1
290,163,1
291,163,1
292,163,1
293,163,1
294,163,1
295,163,1
296,163,1
297,163,1
298,163,1
299,163,1
300,163,1
301,163,1
302,163,1
303,163,1
304,163,1
305,163,1
306,163,1
307,163,1
308,163,1
309,163,1
310,163,1
311,163,1
312,163,1
313,163,1
314,163,1
314,162,1
315,162,1
316,162,1
317,162,1
318,162,1
319,162,1
320,162,1
321,162,1
322,162,1
323,162,1
324,162,1
325,162,1
326,162,1
327,162,1
328,162,1
329,162,1
330,162,1
331,162,1
332,162,1
333,162,1
334,162,1
335,162,1
336,162,1
337,162,1
338,162,1
339,162,1
340,162,1
341,162,1
342,162,1
343,162,1
344,162,1
345,162,1
346,162,1
347,162,1
348,162,1
349,162,1
350,162,1
351,162,1
352,162,1
353,162,1
354,162,1
355,162,1
356,162,1
357,162,1
358,162,1
359,162,1
360,162,1
361,162,1
362,162,1
363,162,1
364,162,1
365,162,1
366,162,1
367,162,1
368,162,1
369,162,1
370,162,1
371,162,1
372,162,1
373,162,1
374,162,1
375,162,1
376,162,1
377,162,1
378,162,1
379,162,1
380,162,1
381,162,1
382,162,1
383,162,1
384,162,1
385,162,1
386,162,1
387,162,1
388,162,1
389,162,1
390,162,1
391,162,1
392,162,1
393,162,1
394,162,1
395,162,1
396,162,1
397,162,1
398,162,1
399,162,1
400,162,1
401,162,1
402,162,1
403,162,1
404,162,1
405,162,1
406,162,1
407,162,1
408,162,1
409,162,1
410,162,1
411,162,1
412,162,1
413,162,1
414,162,1
415,162,1
416,162,1
417,162,1
418,162,1
419,162,1
420,162,1
421,162,1
422,162,1
423,162,1
424,162,1
425,162,1
426,162,1
427,162,1
428,162,1
429,162,1
430,162,1
431,162,1
432,162,1
433,162,1
434,162,1
435,162,1
436,162,1
437,162,1
438,162,1
439,162,1
440,162,1
441,162,1
442,162,1
443,162,1
444,162,1
445,162,1
446,162,1
447,162,1
448,162,1
449,162,1
450,162,1
451,162,1
452,162,1
453,162,1
454,162,1
455,162,1
456,162,1
457,162,1
458,162,1
459,162,1
460,162,1
461,162,1
462,162,1
463,162,1
464,162,1
465,162,1
466,162,1
467,162,1
468,162,1
469,162,1
470,162,1
471,162,1
472,162,1
473,162,1
474,162,1
475,162,1
476,162,1
477,162,1
478,162,1
479,162,1
480,162,1
481,162,1
482,162,1
483,162,1
484,162,1
485,162,1
486,162,1
487,162,1
488,162,1
489,162,1
490,162,1
491,162,1
492,162,1
493,162,1
494,162,1
495,162,1
496,162,1
497,162,1
498,162,1
499,162,1
500,162,1
501,162,1
502,162,1
503,162,1
504,162,1
505,162,1
506,162,1
507,162,1
508,162,1
509,162,1
510,162,1
511,162,1
512,162,1
513,162,1
514,162,1
515,162,1
516,162,1
517,162,1
518,162,1
519,162,1
520,162,1
520,163,1
521,163,1
522,163,1
523,163,1
524,163,1
525,163,1
526,163,1
527,163,1
528,163,1
529,163,1
530,163,1
531,163,1
532,163,1
533,163,1
534,163,1
535,163,1
536,163,1
537,163,1
538,163,1
539,163,1
540,163,1
541,163,1
542,163,1
543,163,1
544,163,1
545,163,1
546,163,1
547,163,1
548,163,1
549,163,1
550,163,1
550,163,0
