1036,594,1
1037,594,1
1038,594,1
1039,594,1
1040,594,1
1041,594,1
1042,594,1
1043,594,1
1044,594,1
1045,594,1
1046,594,1
1047,594,1
1048,594,1
1049,595,1
1050,595,1
1051,595,1
1052,595,1
1053,596,1
1054,596,1
1055,596,1
1056,596,1
1057,597,1
1058,597,1
1059,597,1
1060,598,1
1061,598,1
1062,598,1
1063,599,1
1064,599,1
1065,600,1
1066,600,1
1067,600,1
1068,601,1
1069,601,1
1070,602,1
1071,602,1
1072,603,1
1073,603,1
1074,604,1
1075,604,1
1076,605,1
1077,605,1
1078,606,1
1079,606,1
1080,607,1
1081,607,1
1082,607,1
1083,608,1
1084,608,1
1085,609,1
1086,609,1
1087,610,1
1088,610,1
1089,611,1
1090,611,1
1091,612,1
1092,613,1
1093,613,1
1093,614,1
1094,614,1
1095,615,1
1096,615,1
1097,616,1
1098,617,1
1099,617,1
1100,618,1
1101,618,1
1102,619,1
1103,620,1
1104,620,1
1104,621,1
1105,622,1
1106,622,1
1107,623,1
1108,624,1
1109,625,1
1110,625,1
1111,626,1
1111,627,1
1112,627,1
1113,628,1
1114,629,1
1115,630,1
1116,630,1
1116,631,1
1117,632,1
1118,633,1
1119,634,1
1120,634,1
1120,635,1
1121,636,1
1122,637,1
1123,638,1
1124,639,1
1125,640,1
1125,641,1
1126,642,1
1127,643,1
1128,644,1
1129,645,1
1129,646,1
1130,647,1
1131,648,1
1131,649,1
1132,650,1
1133,650,1
1133,651,1
1134,652,1
1134,653,1
1135,654,1
1136,655,1
1136,656,1
1137,657,1
1137,658,1
1138,659,1
1139,660,1
1139,661,1
1140,662,1
1140,663,1
1140,664,1
1141,665,1
1141,666,1
1142,667,1
1142,668,1
1142,669,1
1143,670,1
1143,671,1
1144,672,1
1144,673,1
1144,674,1
1145,675,1
1145,676,1
1145,677,1
1145,678,1
1146,679,1
1146,680,1
1146,681,1
1146,682,1
1147,683,1
1147,684,1
1147,685,1
1147,686,1
1147,687,1
1148,688,1
1148,689,1
1148,690,1
1148,691,1
1148,692,1
1148,693,1
1148,694,1
1148,695,1
1148,696,1
1148,697,1
1148,698,1
1148,699,1
1148,700,1
1148,701,1
1148,702,1
1148,703,1
1148,704,1
1148,705,1
1148,706,1
1148,707,1
1148,708,1
1147,709,1
1147,710,1
1147,711,1
1147,712,1
1147,713,1
1147,714,1
1147,715,1
1146,716,1
1146,717,1
1146,718,1
1146,719,1
1146,720,1
1145,721,1
1145,722,1
1145,723,1
1145,724,1
1144,725,1
1144,726,1
1144,727,1
1143,728,1
1143,729,1
1143,730,1
1142,731,1
1142,732,1
1141,733,1
1141,734,1
1140,735,1
1140,736,1
1139,737,1
1139,738,1
1139,739,1
1138,740,1
1138,741,1
1137,742,1
1137,743,1
1136,744,1
1136,745,1
1135,746,1
1134,747,1
1134,748,1
1133,749,1
1133,750,1
1132,751,1
1132,752,1
1131,753,1
1130,754,1
1130,755,1
1129,756,1
1129,757,1
1128,758,1
1127,759,1
1127,760,1
1126,761,1
1125,762,1
1124,763,1
1123,764,1
1123,765,1
1122,766,1
1121,767,1
1121,768,1
1120,769,1
1119,770,1
1118,771,1
1118,772,1
1117,772,1
1116,773,1
1115,774,1
1115,775,1
1114,776,1
1113,777,1
1112,778,1
1112,779,1
1111,779,1
1110,780,1
1109,781,1
1108,782,1
1107,783,1
1107,784,1
1106,784,1
1105,785,1
1104,786,1
1103,787,1
1102,788,1
1101,789,1
1100,790,1
1099,791,1
1098,791,1
1097,792,1
1096,793,1
1095,794,1
1094,794,1
1093,795,1
1092,796,1
1091,796,1
1091,797,1
1090,798,1
1089,798,1
1088,799,1
1087,800,1
1086,800,1
1085,801,1
1084,801,1
1083,802,1
1082,803,1
1081,803,1
1080,804,1
1079,804,1
1078,805,1
1077,805,1
1076,806,1
1075,806,1
1074,807,1
1073,807,1
1072,808,1
1071,808,1
1070,809,1
1069,810,1
1068,810,1
1067,810,1
1066,811,1
1065,811,1
1064,812,1
1063,812,1
1062,812,1
1061,813,1
1060,813,1
1059,813,1
1058,814,1
1057,814,1
1056,814,1
1055,815,1
1054,815,1
1053,815,1
1052,815,1
1051,816,1
1050,816,1
1049,816,1
1048,816,1
1047,816,1
1046,817,1
1045,817,1
1044,817,1
1043,817,1
1042,817,1
1041,817,1
1040,817,1
1039,817,1
1038,817,1
1037,817,1
1036,817,1
1035,817,1
1034,817,1
1033,817,1
1032,817,1
1031,817,1
1030,817,1
1029,817,1
1028,817,1
1027,817,1
1026,817,1
1025,817,1
1025,816,1
1024,816,1
1023,816,1
1022,816,1
1021,816,1
1020,816,1
1020,815,1
1019,815,1
1018,815,1
1017,814,1
1016,814,1
1015,814,1
1014,813,1
1013,813,1
1012,812,1
1011,812,1
1011,811,1
1010,811,1
1009,810,1
1008,809,1
1007,808,1
1006,807,1
1005,806,1
1004,805,1
1003,804,1
1003,803,1
1002,803,1
1002,802,1
1002,801,1
1001,801,1
1001,800,1
1000,799,1
1000,798,1
1000,797,1
1000,796,1
999,795,1
999,794,1
999,793,1
999,792,1
999,791,1
999,790,1
999,789,1
1000,789,1
1000,788,1
1000,787,1
1000,786,1
1001,785,1
1001,784,1
1001,783,1
1002,783,1
1002,782,1
1002,781,1
1003,781,1
1003,780,1
1003,779,1
1004,779,1
1004,778,1
1005,777,1
1006,776,1
1007,775,1
1007,774,1
1008,774,1
1008,773,1
1009,773,1
1010,772,1
1010,771,1
1011,771,1
1012,770,1
1013,769,1
1014,769,1
1014,768,1
1015,768,1
1016,767,1
1017,767,1
1017,766,1
1018,766,1
1019,765,1
1020,765,1
1021,764,1
1022,763,1
1023,763,1
1024,763,1
1025,762,1
1026,762,1
1027,761,1
1028,761,1
1029,761,1
1030,760,1
1031,760,1
1032,760,1
1033,759,1
1034,759,1
1035,759,1
1036,758,1
1037,758,1
1038,758,1
1039,758,1
1040,757,1
1041,757,1
1042,757,1
1043,757,1
1044,757,1
1045,756,1
1046,756,1
1047,756,1
1048,756,1
1049,756,1
1050,756,1
1051,756,1
1052,756,1
1053,755,1
1054,755,1
1055,755,1
1056,755,1
1057,755,1
1058,755,1
1059,755,1
1060,755,1
1061,755,1
1062,755,1
1063,755,1
1064,755,1
1065,755,1
1066,755,1
1067,755,1
1068,755,1
1069,755,1
1070,756,1
1071,756,1
1072,756,1
1073,756,1
1074,756,1
1075,756,1
1076,756,1
1077,756,1
1078,756,1
1079,757,1
1080,757,1
1081,757,1
1082,757,1
1083,757,1
1084,758,1
1085,758,1
1086,758,1
1087,758,1
1088,759,1
1089,759,1
1090,759,1
1091,759,1
1092,760,1
1093,760,1
1094,760,1
1095,761,1
1096,761,1
1097,761,1
1098,762,1
1099,762,1
1100,763,1
1101,763,1
1102,763,1
1103,764,1
1104,764,1
1105,764,1
1106,765,1
1107,765,1
1108,766,1
1109,766,1
1110,767,1
1111,767,1
1112,768,1
1113,768,1
1114,769,1
1115,769,1
1116,770,1
1117,770,1
1118,771,1
1119,771,1
1120,772,1
1121,772,1
1122,773,1
1123,773,1
1124,774,1
1125,774,1
1126,775,1
1127,776,1
1128,776,1
1129,777,1
1130,777,1
1131,778,1
1131,779,1
1132,779,1
1133,780,1
1134,780,1
1135,781,1
1136,782,1
1137,782,1
1138,783,1
1139,784,1
1140,784,1
1141,785,1
1142,786,1
1143,787,1
1144,787,1
1145,788,1
1146,789,1
1147,789,1
1147,790,1
1148,791,1
1149,792,1
1150,792,1
1151,793,1
1152,794,1
1153,795,1
1154,795,1
1154,796,1
1155,797,1
1156,798,1
1157,799,1
1158,799,1
1159,800,1
1160,801,1
1160,802,1
1161,802,1
1162,803,1
1163,804,1
1164,805,1
1165,806,1
1165,807,1
1166,807,1
1167,808,1
1168,809,1
1169,810,1
1170,811,1
1170,812,1
1171,812,1
1172,813,1
1173,814,1
1173,815,1
1174,816,1
1175,817,1
1176,818,1
1176,819,1
1177,819,1
1178,820,1
1179,821,1
1179,822,1
1180,823,1
1181,824,1
1182,825,1
1182,826,1
1183,827,1
1184,828,1
1185,829,1
1185,830,1
1186,830,1
1187,831,1
1187,832,1
1188,833,1
1189,834,1
1190,835,1
1190,836,1
1191,837,1
1192,838,1
1192,839,1
1193,840,1
1194,841,1
1195,842,1
1196,843,1
1197,844,1
1197,845,1
1198,846,1
1199,847,1
1199,848,1
1200,849,1
1201,850,1
1202,851,1
1203,852,1
1203,853,1
1204,854,1
1205,855,1
1205,856,1
1206,856,1
1207,857,1
1207,858,1
1208,859,1
1209,860,1
1209,861,1
1210,861,1
1211,862,1
1211,863,1
1212,864,1
1213,865,1
1213,866,1
1214,866,1
1215,867,1
1216,868,1
1216,869,1
1217,869,1
1218,870,1
1218,871,1
1219,872,1
1220,872,1
1221,873,1
1221,874,1
1222,874,1
1223,875,1
1223,876,1
1224,877,1
1225,877,1
1225,878,1
1226,878,1
1227,879,1
1228,880,1
1229,881,1
1230,881,1
1231,882,1
1232,883,1
1233,884,1
1234,884,1
1235,885,1
1236,885,1
1237,886,1
1238,886,1
1239,887,1
1240,888,1
1241,888,1
1242,888,1
1243,889,1
1244,889,1
1245,890,1
1246,890,1
1247,890,1
1247,891,1
1248,891,1
1249,891,1
1250,891,1
1251,892,1
1252,892,1
1253,892,1
1254,892,1
1255,893,1
1256,893,1
1257,893,1
1258,893,1
1259,893,1
1260,893,1
1261,893,1
1262,893,1
1263,893,1
1264,893,1
1265,893,1
1266,893,1
1267,893,1
1268,893,1
1269,893,1
1270,893,1
1271,893,1
1272,893,1
1273,893,1
1274,892,1
1275,892,1
1276,892,1
1277,892,1
1278,891,1
1279,891,1
1280,891,1
1281,891,1
1282,890,1
1283,890,1
1284,889,1
1285,889,1
1286,889,1
1287,888,1
1288,888,1
1288,887,1
1289,887,1
1290,886,1
1291,886,1
1292,886,1
1293,885,1
1294,885,1
1295,884,1
1296,884,1
1297,884,1
1298,883,1
1299,883,1
1300,882,1
1301,881,1
1302,881,1
1303,880,1
1304,880,1
1305,879,1
1306,878,1
1307,877,1
1308,877,1
1309,876,1
1309,875,1
1310,875,1
1311,874,1
1312,873,1
1312,872,1
1313,872,1
1313,871,1
1314,870,1
1315,869,1
1315,868,1
1316,867,1
1316,866,1
1317,865,1
1317,864,1
1318,864,1
1318,863,1
1319,862,1
1319,861,1
1320,861,1
1321,861,1
1321,858,0
1424,582,0
1536,688,0
1373,730,1
1373,731,1
1373,732,1
1373,733,1
1373,734,1
1373,735,1
1373,736,1
1373,737,1
1373,738,1
1373,739,1
1373,740,1
1373,741,1
1373,742,1
1373,743,1
1373,744,1
1373,745,1
1373,746,1
1373,747,1
1373,748,1
1373,749,1
1373,750,1
1373,751,1
1374,752,1
1374,753,1
1374,754,1
1374,755,1
1375,756,1
1375,757,1
1375,758,1
1375,759,1
1376,760,1
1376,761,1
1376,762,1
1377,763,1
1377,764,1
1378,765,1
1378,766,1
1379,767,1
1379,768,1
1379,769,1
1380,770,1
1380,771,1
1380,772,1
1381,772,1
1381,773,1
1381,774,1
1382,775,1
1382,776,1
1383,777,1
1383,778,1
1383,779,1
1384,780,1
1385,781,1
1385,782,1
1385,783,1
1386,784,1
1386,785,1
1387,785,1
1387,786,1
1388,787,1
1388,788,1
1389,789,1
1389,790,1
1390,790,1
1390,791,1
1391,792,1
1392,793,1
1392,794,1
1393,794,1
1393,795,1
1394,796,1
1395,797,1
1396,798,1
1397,799,1
1397,800,1
1398,800,1
1399,801,1
1399,802,1
1400,802,1
1401,803,1
1401,804,1
1402,804,1
1403,805,1
1404,806,1
1405,807,1
1406,808,1
1407,808,1
1407,809,1
1408,809,1
1409,810,1
1410,810,1
1411,811,1
1411,812,1
1412,812,1
1413,813,1
1414,813,1
1415,814,1
1416,814,1
1416,815,1
1417,815,1
1418,816,1
1419,816,1
1420,817,1
1421,817,1
1422,818,1
1423,818,1
1424,819,1
1425,819,1
1426,820,1
1427,820,1
1428,820,1
1429,821,1
1430,821,1
1431,822,1
1432,822,1
1433,823,1
1434,823,1
1435,823,1
1436,823,1
1437,824,1
1438,824,1
1439,824,1
1440,825,1
1441,825,1
1442,825,1
1443,825,1
1444,826,1
1445,826,1
1446,826,1
1447,826,1
1448,826,1
1449,826,1
1450,827,1
1451,827,1
1452,827,1
1453,827,1
1454,827,1
1455,827,1
1456,827,1
1457,828,1
1458,828,1
1459,828,1
1460,828,1
1461,828,1
1462,828,1
1463,828,1
1464,828,1
1465,828,1
1466,828,1
1467,828,1
1468,828,1
1469,828,1
1470,828,1
1471,828,1
1472,828,1
1473,828,1
1474,828,1
1475,828,1
1476,828,1
1477,827,1
1478,827,1
1479,827,1
1480,827,1
1481,827,1
1482,827,1
1483,827,1
1484,827,1
1485,826,1
1486,826,1
1487,826,1
1488,826,1
1489,826,1
1490,826,1
1491,825,1
1492,825,1
1493,825,1
1494,825,1
1495,824,1
1496,824,1
1497,824,1
1498,823,1
1499,823,1
1500,823,1
1501,823,1
1502,822,1
1503,822,1
1504,821,1
1505,821,1
1506,821,1
1507,820,1
1508,820,1
1509,819,1
1510,819,1
1511,819,1
1512,818,1
1513,817,1
1514,817,1
1515,817,1
1516,816,1
1517,816,1
1518,815,1
1519,815,1
1519,814,1
1520,814,1
1521,813,1
1522,813,1
1523,812,1
1524,812,1
1524,811,1
1525,810,1
1526,810,1
1527,809,1
1528,808,1
1529,808,1
1530,807,1
1531,806,1
1532,805,1
1533,805,1
1533,804,1
1534,804,1
1535,803,1
1535,802,1
1536,802,1
1537,801,1
1537,800,1
1538,800,1
1539,799,1
1539,798,1
1540,798,1
1541,797,1
1541,796,1
1542,795,1
1543,794,1
1543,793,1
1544,792,1
1545,792,1
1545,791,1
1546,790,1
1546,789,1
1547,789,1
1547,788,1
1548,787,1
1548,786,1
1548,785,1
1549,785,1
1549,784,1
1550,783,1
1550,782,1
1551,781,1
1551,780,1
1552,779,1
1552,778,1
1553,777,1
1553,776,1
1554,775,1
1554,774,1
1555,773,1
1555,772,1
1556,772,1
1556,771,1
1557,770,1
1557,769,1
1558,768,1
1558,767,1
1559,767,1
1559,766,1
1560,765,1
1561,764,1
1561,763,1
1562,763,1
1562,762,1
1563,761,1
1564,760,1
1565,759,1
1566,758,1
1567,757,1
1568,757,1
1568,756,1
1569,756,1
1570,755,1
1571,755,1
1571,754,1
1572,754,1
1573,754,1
1574,753,1
1575,753,1
1575,752,1
1576,752,1
1577,752,1
1578,752,1
1579,751,1
1580,751,1
1581,751,1
1582,751,1
1583,751,1
1584,751,1
1585,751,1
1586,751,1
1587,751,1
1588,751,1
1589,751,1
1590,751,1
1591,751,1
1592,751,1
1593,751,1
1594,751,1
1595,751,1
1596,751,1
1597,751,1
1598,751,1
1599,752,1
1600,752,1
1601,752,1
1602,752,1
1603,752,1
1604,753,1
1605,753,1
1606,753,1
1607,753,1
1608,753,1
1609,754,1
1610,754,1
1611,754,1
1612,754,1
1613,754,1
1614,755,1
1615,755,1
1616,755,1
1617,755,1
1618,755,1
1619,755,1
1620,755,1
1621,755,1
1622,755,1
1623,756,1
1624,756,1
1625,756,1
1626,756,1
1627,756,1
1628,756,1
1629,756,1
1630,756,1
1631,756,1
1632,756,1
1633,756,1
1634,756,1
1635,756,1
1636,756,1
1637,756,1
1638,756,1
1639,756,1
1640,756,1
1641,756,1
1642,756,1
1643,756,1
1644,756,1
1645,756,1
1646,756,1
1647,756,1
1648,756,1
1649,756,1
1650,756,1
1651,756,1
1652,755,1
1653,755,1
1654,755,1
1655,755,1
1656,755,1
1657,755,1
1658,755,1
1659,754,1
1660,754,1
1661,754,1
1662,754,1
1663,754,1
1664,754,1
1665,753,1
1666,753,1
1667,753,1
1668,753,1
1669,753,1
1670,752,1
1671,752,1
1672,752,1
1673,752,1
1674,751,1
1675,751,1
1676,750,1
1677,750,1
1678,750,1
1679,750,1
1680,749,1
1681,749,1
1682,749,1
1683,748,1
1684,748,1
1685,748,1
1686,747,1
1687,747,1
1688,746,1
1689,746,1
1690,745,1
1691,745,1
1692,744,1
1693,744,1
1694,744,1
1695,743,1
1696,743,1
1697,742,1
1698,742,1
1699,741,1
1700,741,1
1701,740,1
1702,740,1
1702,739,1
1703,739,1
1704,738,1
1705,738,1
1706,737,1
1707,737,1
1708,737,1
1709,736,1
1710,736,1
1710,735,1
1711,735,1
1712,734,1
1713,734,1
1714,733,1
1715,733,1
1716,733,1
1716,732,1
1717,732,1
1718,732,1
1718,731,1
1719,731,1
1720,731,1
1721,730,1
1722,730,1
1723,730,1
1724,729,1
1725,729,1
1726,729,1
1727,729,1
1728,729,1
1729,729,1
1730,729,1
1731,729,1
1731,730,1
1732,730,1
1733,730,1
1733,731,1
1734,731,1
1734,732,1
1735,733,1
1735,734,1
1736,735,1
1736,736,1
1736,737,1
1736,738,1
1736,739,1
1737,739,1
1737,740,1
1737,741,1
1737,742,1
1737,743,1
1737,744,1
1737,745,1
1737,746,1
1737,747,1
1737,748,1
1737,749,1
1736,749,1
1736,750,1
1736,751,1
1736,752,1
1736,753,1
1736,754,1
1736,755,1
1736,756,1
1736,757,1
1736,758,1
1736,759,1
1735,760,1
1735,761,1
1735,762,1
1735,763,1
1735,764,1
1735,765,1
1735,766,1
1735,767,1
1735,768,1
1735,769,1
1734,770,1
1734,771,1
1734,772,1
1734,773,1
1734,774,1
1734,775,1
1734,776,1
1734,777,1
1734,778,1
1733,779,1
1733,780,1
1733,781,1
1733,782,1
1733,783,1
1733,784,1
1733,785,1
1733,786,1
1733,787,1
1733,788,1
1733,789,1
1733,790,1
1733,791,1
1733,792,1
1733,793,1
1732,794,1
1732,795,1
1732,796,1
1732,797,1
1732,798,1
1732,799,1
1732,800,1
1732,801,1
1732,802,1
1732,803,1
1732,804,1
1732,805,1
1732,806,1
1732,807,1
1731,808,1
1731,809,1
1731,810,1
1731,811,1
1731,812,1
1731,813,1
1731,814,1
1731,815,1
1731,816,1
1731,817,1
1731,818,1
1731,819,1
1731,820,1
1731,821,1
1732,822,1
1732,823,1
1733,823,1
1734,823,1
1735,822,1
1736,821,1
1756,775,0
1782,758,1
1781,757,1
1780,756,1
1780,755,1
1779,754,1
1779,753,1
1779,752,1
1778,751,1
1778,750,1
1778,749,1
1778,748,1
1778,747,1
1778,746,1
1778,745,1
1779,744,1
1779,743,1
1780,742,1
1780,741,1
1781,741,1
1782,740,1
1783,739,1
1784,738,1
1785,737,1
1786,737,1
1787,736,1
1788,736,1
1788,735,1
1789,735,1
1790,734,1
1791,734,1
1791,733,1
1792,733,1
1793,732,1
1794,732,1
1795,731,1
1796,731,1
1797,730,1
1798,730,1
1798,729,1
1799,729,1
1800,728,1
1800,727,1
1801,727,1
1802,727,1
1803,726,1
1804,725,1
1805,725,1
1806,724,1
1807,724,1
1807,723,1
1808,723,1
1809,723,1
1810,722,1
1811,722,1
1812,722,1
1813,721,1
1814,721,1
1815,720,1
1816,720,1
1817,719,1
1818,719,1
1819,719,1
1820,718,1
1821,718,1
1822,718,1
1823,718,1
1824,717,1
1825,717,1
1826,717,1
1827,717,1
1828,716,1
1829,716,1
1830,716,1
1831,716,1
1831,715,1
1832,715,1
1833,715,1
1834,714,1
1835,714,1
1836,714,1
1837,714,1
1838,713,1
1839,713,1
1840,713,1
1841,713,1
1842,713,1
1843,712,1
1844,712,1
1845,712,1
1846,712,1
1847,712,1
1848,711,1
1849,711,1
1850,711,1
1851,711,1
1851,710,1
1852,710,1
1853,710,1
1854,710,1
1855,710,1
1856,710,1
1857,709,1
1858,709,1
1859,709,1
1860,709,1
1861,709,1
1862,709,1
1863,708,1
1864,708,1
1865,708,1
1866,708,1
1867,708,1
1868,707,1
1869,707,1
1870,707,1
1871,707,1
1872,707,1
1873,707,1
1874,706,1
1875,706,1
1876,706,1
1877,706,1
1878,706,1
1879,706,1
1880,706,1
1881,705,1
1882,705,1
1883,705,1
1884,705,1
1885,705,1
1886,705,1
1887,704,1
1888,704,1
1889,704,1
1890,704,1
1891,704,1
1892,704,1
1893,703,1
1894,703,1
1895,703,1
1896,703,1
1897,703,1
1898,703,1
1899,703,1
1900,702,1
1901,702,1
1902,702,1
1903,702,1
1904,702,1
1905,702,1
1906,702,1
1907,701,1
1908,701,1
1909,701,1
1910,701,1
1911,701,1
1912,701,1
1913,700,1
1914,700,1
1915,700,1
1916,700,1
1917,700,1
1918,700,1
1919,700,1
1920,699,1
1921,699,1
1922,699,1
1923,699,1
1924,699,1
1925,699,1
1926,699,1
1927,698,1
1928,698,1
1929,698,1
1930,698,1
1931,698,1
1932,698,1
1933,697,1
1934,697,1
1935,697,1
1936,697,1
1937,697,1
1938,697,1
1939,697,1
1940,696,1
1941,696,1
1942,696,1
1943,696,1
1944,696,1
1945,696,1
1946,695,1
1947,695,1
1948,695,1
1949,695,1
1950,695,1
1951,695,1
1952,695,1
1953,694,1
1954,694,1
1955,694,1
1956,694,1
1957,694,1
1958,694,1
1959,693,1
1960,693,1
1961,693,1
1962,693,1
1963,693,1
1964,692,1
1965,692,1
1966,692,1
1967,692,1
1968,692,1
1969,691,1
1970,691,1
1971,691,1
1972,691,1
1973,691,1
1974,690,1
1975,690,1
1976,690,1
1977,690,1
1978,690,1
1979,689,1
1980,689,1
1981,689,1
1982,689,1
1983,689,1
1984,688,1
1985,688,1
1986,688,1
1987,688,1
1988,688,1
1989,687,1
1990,687,1
1991,687,1
1992,687,1
1993,687,1
1994,687,1
1995,687,1
1996,687,1
1997,686,1
1998,686,1
1999,686,1
2000,686,1
2001,686,1
2002,686,1
2003,686,1
2004,686,1
2005,686,1
2006,686,1
2007,686,1
2008,686,1
2009,686,1
2010,686,1
2011,686,1
2012,686,1
2013,686,1
2014,686,1
2015,686,1
2016,686,1
2017,686,1
2018,686,1
2018,687,1
2019,687,1
2020,687,1
2021,687,1
2022,688,1
2023,688,1
2024,688,1
2025,689,1
2026,689,1
2026,690,1
2027,690,1
2028,690,1
2028,691,1
2029,691,1
2029,692,1
2030,692,1
2031,693,1
2032,694,1
2033,695,1
2034,696,1
2034,697,1
2035,698,1
2036,699,1
2036,700,1
2037,701,1
2037,702,1
2038,703,1
2038,704,1
2038,705,1
2039,706,1
2039,707,1
2039,708,1
2039,709,1
2040,709,1
2040,710,1
2040,711,1
2040,712,1
2040,713,1
2040,714,1
2041,714,1
2041,715,1
2041,716,1
2041,717,1
2041,718,1
2041,719,1
2041,720,1
2041,721,1
2041,722,1
2041,723,1
2041,724,1
2042,725,1
2042,726,1
2042,727,1
2042,728,1
2042,729,1
2042,730,1
2042,731,1
2042,732,1
2042,733,1
2042,734,1
2041,735,1
2041,736,1
2041,737,1
2041,738,1
2041,739,1
2041,740,1
2041,741,1
2041,742,1
2041,743,1
2041,744,1
2041,745,1
2041,746,1
2041,747,1
2041,748,1
2041,749,1
2041,750,1
2041,751,1
2041,752,1
2041,753,1
2041,754,1
2041,755,1
2041,756,1
2041,757,1
2041,758,1
2041,759,1
2041,760,1
2041,761,1
2041,762,1
2040,763,1
2040,764,1
2040,765,1
2040,766,1
2040,767,1
2040,768,1
2040,769,1
2039,770,1
2039,771,1
2039,772,1
2039,773,1
2039,774,1
2039,775,1
2039,776,1
2039,777,1
2039,778,1
2039,779,1
2039,779,0
1991,624,0
2170,627,1
2170,628,1
2170,629,1
2170,630,1
2170,631,1
2170,632,1
2170,633,1
2170,634,1
2170,635,1
2170,636,1
2170,637,1
2170,638,1
2170,639,1
2170,640,1
2170,641,1
2170,642,1
2170,643,1
2170,644,1
2169,645,1
2169,646,1
2169,647,1
2169,648,1
2169,649,1
2169,650,1
2169,651,1
2169,652,1
2169,653,1
2169,654,1
2169,655,1
2169,656,1
2168,657,1
2168,658,1
2168,659,1
2168,660,1
2168,661,1
2168,662,1
2168,663,1
2168,664,1
2168,665,1
2168,666,1
2167,667,1
2167,668,1
2167,669,1
2167,670,1
2167,671,1
2167,672,1
2167,673,1
2167,674,1
2167,675,1
2167,676,1
2167,677,1
2167,678,1
2167,679,1
2166,680,1
2166,681,1
2166,682,1
2166,683,1
2166,684,1
2166,685,1
2166,686,1
2166,687,1
2166,688,1
2166,689,1
2166,690,1
2166,691,1
2165,692,1
2165,693,1
2165,694,1
2165,695,1
2165,696,1
2165,697,1
2165,698,1
2165,699,1
2165,700,1
2165,701,1
2165,702,1
2164,703,1
2164,704,1
2164,705,1
2164,706,1
2164,707,1
2164,708,1
2164,709,1
2164,710,1
2164,711,1
2164,712,1
2164,713,1
2164,714,1
2164,715,1
2163,716,1
2163,717,1
2163,718,1
2163,719,1
2163,720,1
2163,721,1
2163,722,1
2163,723,1
2163,724,1
2163,725,1
2163,726,1
2163,727,1
2163,728,1
2163,729,1
2162,730,1
2162,731,1
2162,732,1
2162,733,1
2162,734,1
2162,735,1
2162,736,1
2162,737,1
2162,738,1
2162,739,1
2162,740,1
2162,741,1
2162,742,1
2162,743,1
2162,744,1
2162,745,1
2162,746,1
2161,747,1
2161,748,1
2161,749,1
2161,750,1
2161,751,1
2161,752,1
2161,753,1
2161,754,1
2161,755,1
2161,756,1
2161,757,1
2161,758,1
2161,759,1
2160,760,1
2160,761,1
2160,762,1
2160,763,1
2160,764,1
2160,765,1
2160,766,1
2160,767,1
2160,768,1
2160,769,1
2160,770,1
2160,771,1
2160,772,1
2160,773,1
2160,774,1
2160,775,1
2160,776,1
2160,777,1
2160,778,1
2159,779,1
2159,780,1
2159,781,1
2159,782,1
2159,783,1
2159,784,1
2159,785,1
2159,786,1
2159,787,1
2159,788,1
2159,789,1
2159,790,1
2158,791,1
2158,792,1
2158,793,1
2158,794,1
2158,795,1
2158,796,1
2158,797,1
2158,798,1
2158,799,1
2158,800,1
2159,800,1
2159,799,1
2160,798,1
2161,797,1
2206,700,0
2261,627,1
2260,626,1
2259,625,1
2258,624,1
2257,623,1
2256,623,1
2255,622,1
2255,621,1
2254,621,1
2254,620,1
2253,619,1
2252,618,1
2252,617,1
2252,616,1
2252,615,1
2252,614,1
2252,613,1
2253,613,1
2253,612,1
2254,611,1
2255,610,1
2256,609,1
2257,608,1
2258,608,1
2258,607,1
2259,607,1
2260,607,1
2261,606,1
2262,606,1
2263,606,1
2264,606,1
2265,605,1
2266,605,1
2267,605,1
2268,605,1
2269,605,1
2270,604,1
2271,604,1
2272,604,1
2273,604,1
2274,604,1
2274,603,1
2275,603,1
2276,603,1
2277,603,1
2278,603,1
2279,604,1
2280,604,1
2281,604,1
2282,604,1
2283,604,1
2284,604,1
2284,605,1
2285,605,1
2286,605,1
2287,605,1
2288,606,1
2289,606,1
2290,607,1
2291,607,1
2292,607,1
2292,608,1
2293,608,1
2294,608,1
2295,609,1
2296,609,1
2296,610,1
2297,610,1
2298,611,1
2299,612,1
2300,613,1
2301,613,1
2301,614,1
2302,614,1
2303,615,1
2303,616,1
2304,616,1
2305,617,1
2305,618,1
2306,618,1
2306,619,1
2307,620,1
2308,620,1
2308,621,1
2309,622,1
2310,623,1
2310,624,1
2311,625,1
2311,626,1
2312,626,1
2312,627,1
2313,628,1
2313,629,1
2314,630,1
2314,631,1
2315,632,1
2315,633,1
2316,634,1
2316,635,1
2316,636,1
2317,637,1
2317,638,1
2317,639,1
2318,639,1
2318,640,1
2318,641,1
2318,642,1
2319,643,1
2319,644,1
2319,645,1
2320,646,1
2320,647,1
2320,648,1
2320,649,1
2320,650,1
2321,651,1
2321,652,1
2321,653,1
2321,654,1
2321,655,1
2321,656,1
2322,657,1
2322,658,1
2322,659,1
2322,660,1
2322,661,1
2322,662,1
2322,663,1
2322,664,1
2322,665,1
2322,666,1
2322,667,1
2322,668,1
2322,669,1
2322,670,1
2322,671,1
2322,672,1
2322,673,1
2322,674,1
2322,675,1
2322,676,1
2322,677,1
2322,678,1
2322,679,1
2322,680,1
2322,681,1
2322,682,1
2321,683,1
2321,684,1
2321,685,1
2321,686,1
2321,687,1
2321,688,1
2320,689,1
2320,690,1
2320,691,1
2320,692,1
2319,693,1
2319,694,1
2319,695,1
2319,696,1
2319,697,1
2318,698,1
2318,699,1
2318,700,1
2317,701,1
2317,702,1
2317,703,1
2317,704,1
2316,705,1
2316,706,1
2316,707,1
2315,708,1
2314,709,1
2314,710,1
2314,711,1
2313,712,1
2313,713,1
2312,714,1
2312,715,1
2312,716,1
2311,717,1
2311,718,1
2310,719,1
2309,720,1
2309,721,1
2308,722,1
2308,723,1
2307,724,1
2307,725,1
2306,726,1
2305,727,1
2304,728,1
2304,729,1
2303,730,1
2303,731,1
2302,732,1
2301,732,1
2301,733,1
2300,734,1
2300,735,1
2299,736,1
2298,737,1
2297,738,1
2296,739,1
2296,740,1
2295,740,1
2294,741,1
2294,742,1
2293,743,1
2292,743,1
2291,744,1
2291,745,1
2290,746,1
2289,746,1
2288,747,1
2288,748,1
2287,748,1
2286,749,1
2285,750,1
2284,750,1
2284,751,1
2283,752,1
2282,752,1
2281,753,1
2280,754,1
2279,755,1
2278,756,1
2277,756,1
2276,757,1
2275,757,1
2274,758,1
2273,759,1
2272,760,1
2271,760,1
2270,761,1
2269,761,1
2268,762,1
2267,762,1
2266,763,1
2265,764,1
2264,764,1
2263,764,1
2262,765,1
2261,765,1
2260,766,1
2259,766,1
2258,767,1
2257,767,1
2256,767,1
2255,768,1
2254,768,1
2253,768,1
2252,769,1
2251,769,1
2250,770,1
2249,770,1
2248,770,1
2247,770,1
2246,771,1
2245,771,1
2244,771,1
2243,771,1
2242,772,1
2241,772,1
2240,772,1
2239,772,1
2238,772,1
2237,773,1
2236,773,1
2235,773,1
2234,773,1
2233,773,1
2232,773,1
2231,773,1
2230,774,1
2229,774,1
2228,774,1
2227,774,1
2226,774,1
2225,774,1
2224,774,1
2223,774,1
2222,774,1
2221,774,1
2220,774,1
2219,774,1
2218,773,1
2217,773,1
2216,773,1
2215,773,1
2214,773,1
2213,773,1
2212,772,1
2211,772,1
2210,772,1
2209,772,1
2208,772,1
2208,771,1
2207,771,1
2206,771,1
2205,770,1
2204,770,1
2203,769,1
2202,769,1
2201,769,1
2201,768,1
2200,768,1
2199,767,1
2198,767,1
2197,766,1
2196,765,1
2195,765,1
2195,764,1
2194,764,1
2194,763,1
2193,763,1
2193,762,1
2192,762,1
2192,761,1
2191,761,1
2191,760,1
2190,759,1
2190,758,1
2189,758,1
2189,757,1
2188,757,1
2188,756,1
2188,755,1
2187,754,1
2187,753,1
2187,752,1
2186,751,1
2186,750,1
2186,749,1
2186,748,1
2186,747,1
2186,746,1
2186,745,1
2186,744,1
2186,743,1
2186,742,1
2186,741,1
2187,740,1
2187,739,1
2187,738,1
2187,737,1
2188,737,1
2188,736,1
2188,735,1
2189,735,1
2189,734,1
2190,733,1
2190,732,1
2191,731,1
2192,730,1
2193,729,1
2193,728,1
2194,728,1
2195,727,1
2196,726,1
2197,725,1
2198,725,1
2198,724,1
2199,724,1
2200,724,1
2200,723,1
2201,723,1
2202,722,1
2203,722,1
2204,721,1
2205,721,1
2206,721,1
2207,721,1
2207,720,1
2208,720,1
2209,720,1
2210,720,1
2211,720,1
2212,719,1
2213,719,1
2214,719,1
2215,719,1
2216,719,1
2217,719,1
2218,719,1
2219,719,1
2220,718,1
2221,718,1
2222,718,1
2223,718,1
2224,718,1
2225,719,1
2226,719,1
2227,719,1
2228,719,1
2229,719,1
2230,719,1
2231,719,1
2232,719,1
2232,720,1
2233,720,1
2234,720,1
2235,720,1
2236,721,1
2237,721,1
2238,721,1
2239,721,1
2240,722,1
2241,722,1
2242,723,1
2243,723,1
2244,723,1
2245,724,1
2246,724,1
2247,725,1
2248,725,1
2249,726,1
2250,726,1
2251,727,1
2252,727,1
2253,728,1
2254,729,1
2255,730,1
2256,730,1
2257,731,1
2258,732,1
2259,733,1
2260,733,1
2261,734,1
2262,735,1
2263,736,1
2264,737,1
2265,737,1
2265,738,1
2266,739,1
2267,739,1
2268,740,1
2268,741,1
2269,742,1
2270,742,1
2271,743,1
2271,744,1
2272,744,1
2273,745,1
2274,746,1
2274,747,1
2275,747,1
2276,748,1
2277,749,1
2277,750,1
2278,751,1
2279,751,1
2280,752,1
2280,753,1
2281,754,1
2282,755,1
2283,756,1
2284,757,1
2285,758,1
2285,759,1
2286,759,1
2287,760,1
2287,761,1
2288,762,1
2289,762,1
2290,763,1
2290,764,1
2291,765,1
2292,766,1
2293,766,1
2293,767,1
2294,768,1
2295,769,1
2296,769,1
2297,770,1
2297,771,1
2298,772,1
2299,772,1
2300,773,1
2300,774,1
2301,775,1
2302,775,1
2303,776,1
2304,777,1
2305,778,1
2306,779,1
2307,780,1
2308,781,1
2309,782,1
2310,782,1
2311,783,1
2312,784,1
2313,784,1
2313,785,1
2314,785,1
2315,786,1
2316,787,1
2317,787,1
2318,788,1
2319,788,1
2319,789,1
2320,789,1
2321,790,1
2322,790,1
2323,791,1
2324,791,1
2325,792,1
2326,792,1
2326,793,1
2327,793,1
2328,793,1
2329,794,1
2330,794,1
2331,795,1
2332,795,1
2333,795,1
2334,796,1
2335,796,1
2336,796,1
2336,797,1
2337,797,1
2338,797,1
2339,798,1
2340,798,1
2341,798,1
2342,798,1
2343,799,1
2344,799,1
2345,799,1
2346,799,1
2347,799,1
2348,800,1
2349,800,1
2350,800,1
2351,800,1
2352,800,1
2353,800,1
2354,800,1
2355,801,1
2356,801,1
2357,801,1
2358,801,1
2359,801,1
2360,801,1
2361,801,1
2362,801,1
2363,801,1
2364,801,1
2365,801,1
2366,801,1
2367,801,1
2368,801,1
2369,801,1
2370,801,1
2371,801,1
2372,801,1
2373,801,1
2374,801,1
2375,801,1
2376,801,1
2377,800,1
2378,800,1
2379,800,1
2380,800,1
2381,800,1
2382,800,1
2383,800,1
2384,800,1
2385,799,1
2386,799,1
2387,799,1
2388,799,1
2389,799,1
2390,799,1
2391,799,1
2392,799,1
2393,799,1
2394,798,1
2395,798,1
2396,798,1
2397,798,1
2398,798,1
2399,797,1
2400,797,1
2401,797,1
2402,797,1
2403,796,1
2404,796,1
2405,796,1
2406,796,1
2407,795,1
2408,795,1
2409,795,1
2410,795,1
2411,794,1
2412,794,1
2413,793,1
2414,793,1
2415,793,1
2416,792,1
2417,792,1
2418,792,1
2418,791,1
2419,791,1
2420,790,1
2421,790,1
2421,789,1
2421,788,1
2430,740,0
2455,664,1
2455,665,1
2455,666,1
2455,667,1
2455,668,1
2455,669,1
2455,670,1
2455,671,1
2456,672,1
2456,673,1
2456,674,1
2456,675,1
2456,676,1
2456,677,1
2457,678,1
2457,679,1
2457,680,1
2457,681,1
2457,682,1
2457,683,1
2457,684,1
2457,685,1
2457,686,1
2457,687,1
2457,688,1
2457,689,1
2457,690,1
2457,691,1
2457,692,1
2457,693,1
2457,694,1
2457,695,1
2457,696,1
2457,697,1
2457,698,1
2458,699,1
2458,700,1
2458,701,1
2458,702,1
2458,703,1
2458,704,1
2458,705,1
2458,706,1
2458,707,1
2458,708,1
2458,709,1
2458,710,1
2458,711,1
2459,712,1
2459,713,1
2459,714,1
2459,715,1
2459,716,1
2459,717,1
2459,718,1
2459,719,1
2459,720,1
2459,721,1
2459,722,1
2459,723,1
2459,724,1
2459,725,1
2459,726,1
2459,727,1
2459,728,1
2459,729,1
2459,730,1
2460,731,1
2460,732,1
2460,733,1
2460,734,1
2460,735,1
2460,736,1
2460,737,1
2460,738,1
2460,739,1
2460,740,1
2460,741,1
2460,742,1
2460,743,1
2460,744,1
2461,745,1
2461,746,1
2461,747,1
2461,748,1
2461,749,1
2461,750,1
2461,751,1
2461,752,1
2461,753,1
2461,754,1
2461,755,1
2462,756,1
2462,757,1
2462,758,1
2462,759,1
2462,760,1
2462,761,1
2462,762,1
2462,763,1
2462,764,1
2462,765,1
2463,766,1
2463,767,1
2463,768,1
2463,769,1
2463,770,1
2463,771,1
2463,772,1
2463,773,1
2463,774,1
2463,775,1
2463,776,1
2463,777,1
2463,778,1
2464,779,1
2464,780,1
2464,781,1
2464,782,1
2464,783,1
2464,784,1
2465,785,1
2465,786,1
2465,787,1
2465,788,1
2465,789,1
2465,790,1
2465,791,1
2466,792,1
2466,793,1
2466,794,1
2467,795,1
2467,796,1
2467,795,1
2467,794,1
2467,794,0
1127,600,0
1776,600,1
1777,600,1
1778,600,1
1779,600,1
1780,600,1
1781,600,1
1782,600,1
1783,600,1
1784,600,1
1785,600,1
1786,600,1
1787,600,1
1788,600,1
1789,600,1
1790,600,1
1791,600,1
1792,600,1
1793,600,1
1794,600,1
1795,600,1
1796,600,1
1797,600,1
1798,600,1
1799,600,1
1800,600,1
1801,600,1
1802,600,1
1803,600,1
1804,600,1
1805,600,1
1806,600,1
1807,600,1
1808,600,1
1809,600,1
1810,600,1
1811,600,1
1812,600,1
1813,600,1
1814,600,1
1815,600,1
1816,600,1
1817,600,1
1818,600,1
1819,600,1
1820,600,1
1821,600,1
1822,600,1
1823,600,1
1824,600,1
1825,600,1
1826,600,1
1827,600,1
1828,600,1
1829,600,1
1830,600,1
1831,600,1
1832,600,1
1833,600,1
1834,600,1
1835,600,1
1836,600,1
1837,600,1
1838,600,1
1839,600,1
1840,600,1
1841,600,1
1842,600,1
1843,600,1
1844,600,1
1845,600,1
1846,600,1
1847,600,1
1848,600,1
1849,600,1
1850,600,1
1851,600,1
1852,600,1
1853,600,1
1854,600,1
1855,600,1
1856,600,1
1857,600,1
1858,600,1
1859,600,1
1860,600,1
1861,600,1
1862,600,1
1863,600,1
1864,600,1
1865,600,1
1866,600,1
1867,600,1
1868,600,1
1869,600,1
1870,600,1
1871,600,1
1872,600,1
1873,600,1
1874,600,1
1875,600,1
1876,600,1
1877,600,1
1878,600,1
1879,600,1
1880,600,1
1881,600,1
1882,600,1
1883,599,1
1884,599,1
1885,599,1
1886,599,1
1887,599,1
1888,599,1
1889,599,1
1890,599,1
1891,599,1
1892,599,1
1893,599,1
1894,599,1
1895,599,1
1896,599,1
1897,599,1
1898,599,1
1899,599,1
1900,599,1
1901,599,1
1902,599,1
1903,599,1
1904,599,1
1905,599,1
1906,599,1
1907,599,1
1908,599,1
1909,599,1
1910,599,1
1911,598,1
1912,598,1
1913,598,1
1914,598,1
1915,598,1
1916,598,1
1917,598,1
1918,598,1
1919,598,1
1920,598,1
1921,598,1
1922,598,1
1923,598,1
1924,598,1
1925,598,1
1926,598,1
1927,598,1
1928,598,1
1929,598,1
1930,598,1
1931,598,1
1932,598,1
1933,598,1
1934,598,1
1935,598,1
1936,598,1
1937,598,1
1938,598,1
1939,597,1
1940,597,1
1941,597,1
1942,597,1
1943,597,1
1944,597,1
1945,597,1
1946,597,1
1947,597,1
1948,597,1
1949,597,1
1950,597,1
1951,597,1
1952,597,1
1953,597,1
1954,597,1
1955,597,1
1956,597,1
1957,597,1
1958,597,1
1959,597,1
1960,597,1
1961,597,1
1962,597,1
1963,597,1
1964,597,1
1965,597,1
1966,597,1
1967,597,1
1968,597,1
1969,597,1
1970,597,1
1971,597,1
1972,597,1
1973,597,1
1974,597,1
1975,597,1
1976,597,1
1977,597,1
1978,597,1
1979,597,1
1980,597,1
1981,597,1
1982,597,1
1983,597,1
1984,597,1
1985,597,1
1986,597,1
1987,597,1
1988,597,1
1989,597,1
1990,597,1
1991,597,1
1992,597,1
1993,597,1
1994,597,1
1995,597,1
1996,597,1
1997,597,1
1998,597,1
1999,597,1
2000,597,1
2001,597,1
2002,597,1
2003,597,1
2004,597,1
2005,597,1
2006,597,1
2007,597,1
2008,597,1
2009,597,1
2010,597,1
2011,597,1
2012,597,1
2013,597,1
2014,597,1
2015,597,1
2016,596,1
2017,596,1
2018,596,1
2019,596,1
2020,596,1
2021,596,1
2022,596,1
2023,596,1
2024,596,1
2025,596,1
2026,596,1
2027,596,1
2028,596,1
2029,596,1
2030,596,1
2031,596,1
2032,596,1
2033,596,1
2034,596,1
2035,596,1
2036,596,1
2037,596,1
2038,596,1
2039,596,1
2040,596,1
2041,596,1
2042,596,1
2043,596,1
2044,595,1
2045,595,1
2046,595,1
2047,595,1
2048,595,1
2049,595,1
2050,595,1
2051,595,1
2052,595,1
2053,595,1
2054,595,1
2055,595,1
2056,595,1
2057,595,1
2058,595,1
2059,594,1
2060,594,1
2061,594,1
2062,594,1
2063,594,1
2064,594,1
2065,594,1
2066,594,1
2067,594,1
2068,594,1
2069,594,1
2070,594,1
2071,594,1
2072,593,1
2073,593,1
2074,593,1
2075,593,1
2076,593,1
2077,593,1
2078,593,1
2079,593,1
2080,593,1
2081,593,1
2082,593,1
2083,593,1
2084,592,1
2085,592,1
2086,592,1
2087,592,1
2088,592,1
2089,592,1
2090,592,1
2091,592,1
2092,592,1
2093,592,1
2094,592,1
2095,592,1
2096,592,1
2097,591,1
2098,591,1
2099,591,1
2100,591,1
2101,591,1
2102,591,1
2103,591,1
2104,591,1
2105,591,1
2106,591,1
2107,591,1
2108,591,1
2109,591,1
2110,590,1
2111,590,1
2112,590,1
2113,590,1
2114,590,1
2115,590,1
2116,590,1
2117,590,1
2118,590,1
2119,590,1
2120,589,1
2121,589,1
2122,589,1
2123,589,1
2124,589,1
2125,589,1
2126,589,1
2127,589,1
2128,589,1
2129,589,1
2130,588,1
2131,588,1
2132,588,1
2133,588,1
2134,588,1
2135,588,1
2136,588,1
2137,588,1
2138,588,1
2139,588,1
2140,588,1
2141,588,1
2142,587,1
2143,587,1
2144,587,1
2145,587,1
2146,587,1
2147,587,1
2148,587,1
2149,587,1
2150,587,1
2151,587,1
2152,586,1
2153,586,1
2154,586,1
2155,586,1
2156,586,1
2157,586,1
2158,586,1
2159,586,1
2160,586,1
2161,585,1
2162,585,1
2163,585,1
2164,585,1
2165,585,1
2166,585,1
2167,585,1
2168,585,1
2169,585,1
2170,585,1
2171,585,1
2172,584,1
2173,584,1
2174,584,1
2175,584,1
2176,584,1
2177,584,1
2178,584,1
2179,584,1
2180,584,1
2181,583,1
2182,583,1
2183,583,1
2184,583,1
2185,583,1
2186,583,1
2187,583,1
2188,583,1
2189,583,1
2190,582,1
2191,582,1
2192,582,1
2193,582,1
2194,582,1
2195,582,1
2196,582,1
2197,582,1
2198,582,1
2199,581,1
2200,581,1
2201,581,1
2202,581,1
2203,581,1
2204,581,1
2205,581,1
2206,581,1
2207,581,1
2208,580,1
2209,580,1
2210,580,1
2211,580,1
2212,580,1
2213,580,1
2214,580,1
2215,580,1
2216,580,1
2217,579,1
2218,579,1
2219,579,1
2220,579,1
2221,579,1
2222,579,1
2223,579,1
2224,579,1
2225,579,1
2226,579,1
2227,578,1
2228,578,1
2229,578,1
2230,578,1
2231,578,1
2232,578,1
2233,578,1
2234,578,1
2235,578,1
2236,577,1
2237,577,1
2238,577,1
2239,577,1
2240,577,1
2241,577,1
2242,577,1
2243,577,1
2244,577,1
2245,577,1
2246,576,1
2247,576,1
2248,576,1
2249,576,1
2250,576,1
2251,576,1
2252,576,1
2253,576,1
2254,576,1
2255,576,1
2256,576,1
2257,575,1
2258,575,1
2259,575,1
2260,575,1
2261,575,1
2262,575,1
2263,575,1
2264,575,1
2265,575,1
2266,575,1
2267,575,1
2268,575,1
2269,574,1
2270,574,1
2271,574,1
2272,574,1
2273,574,1
2274,574,1
2275,574,1
2276,574,1
2277,574,1
2278,574,1
2279,573,1
2280,573,1
2281,573,1
2282,573,1
2283,573,1
2284,573,1
2285,573,1
2286,573,1
2287,573,1
2288,573,1
2289,573,1
2290,573,1
2291,573,1
2292,572,1
2293,572,1
2294,572,1
2295,572,1
2296,572,1
2297,572,1
2298,572,1
2299,572,1
2300,572,1
2301,572,1
2302,572,1
2303,572,1
2304,572,1
2305,572,1
2306,571,1
2307,571,1
2308,571,1
2309,571,1
2310,571,1
2311,571,1
2312,571,1
2313,571,1
2314,571,1
2315,571,1
2316,571,1
2317,571,1
2318,571,1
2319,571,1
2320,571,1
2321,570,1
2322,570,1
2323,570,1
2324,570,1
2325,570,1
2326,570,1
2327,570,1
2328,570,1
2329,570,1
2330,570,1
2331,570,1
2332,570,1
2333,570,1
2334,570,1
2335,569,1
2336,569,1
2337,569,1
2338,569,1
2339,569,1
2340,569,1
2341,569,1
2342,569,1
2343,569,1
2344,569,1
2345,569,1
2346,569,1
2347,569,1
2348,569,1
2349,569,1
2350,569,1
2350,568,1
2351,568,1
2352,568,1
2353,568,1
2354,568,1
2355,568,1
2356,568,1
2357,568,1
2358,568,1
2359,568,1
2360,568,1
2361,568,1
2362,568,1
2363,568,1
2364,568,1
2365,568,1
2366,568,1
2367,568,1
2368,568,1
2369,567,1
2370,567,1
2371,567,1
2372,567,1
2373,567,1
2374,567,1
2375,567,1
2376,567,1
2377,567,1
2378,567,1
2379,567,1
2380,567,1
2381,567,1
2382,567,1
2383,567,1
2384,567,1
2385,567,1
2386,567,1
2387,567,1
2388,567,1
2389,567,1
2390,567,1
2391,567,1
2392,567,1
2393,567,1
2394,567,1
2395,567,1
2396,567,1
2397,567,1
2397,567,0
2036,624,0
2215,582,0
2170,515,0
1973,573,0
2164,561,0
