1091,613,1
1091,614,1
1091,615,1
1090,616,1
1090,617,1
1089,618,1
1089,619,1
1089,620,1
1089,621,1
1088,622,1
1088,623,1
1087,624,1
1087,625,1
1087,626,1
1086,627,1
1086,628,1
1085,629,1
1085,630,1
1084,630,1
1084,631,1
1084,632,1
1083,633,1
1083,634,1
1082,635,1
1082,636,1
1081,637,1
1080,638,1
1080,639,1
1079,640,1
1078,641,1
1078,642,1
1077,642,1
1077,643,1
1076,644,1
1076,645,1
1075,646,1
1075,647,1
1074,648,1
1073,649,1
1072,650,1
1072,651,1
1071,652,1
1071,653,1
1070,653,1
1070,654,1
1069,655,1
1069,656,1
1068,657,1
1067,658,1
1066,659,1
1066,660,1
1065,661,1
1064,662,1
1063,663,1
1063,664,1
1062,665,1
1061,666,1
1060,667,1
1060,668,1
1059,669,1
1058,669,1
1058,670,1
1057,671,1
1056,672,1
1055,673,1
1055,674,1
1054,674,1
1053,675,1
1053,676,1
1052,677,1
1051,677,1
1050,678,1
1050,679,1
1049,679,1
1048,680,1
1048,681,1
1047,681,1
1046,682,1
1045,683,1
1044,684,1
1043,685,1
1042,686,1
1041,686,1
1041,687,1
1040,688,1
1039,688,1
1038,689,1
1037,690,1
1036,690,1
1036,691,1
1035,691,1
1034,692,1
1033,693,1
1032,694,1
1031,695,1
1030,696,1
1030,697,1
1029,697,1
1029,698,1
1028,698,1
1028,699,1
1027,699,1
1027,700,1
1027,701,1
1026,702,1
1026,703,1
1026,704,1
1026,705,1
1026,706,1
1026,707,1
1027,708,1
1027,709,1
1028,710,1
1029,711,1
1029,712,1
1030,712,1
1030,713,1
1031,714,1
1032,715,1
1033,716,1
1034,717,1
1035,718,1
1036,719,1
1037,720,1
1038,720,1
1038,721,1
1039,721,1
1039,722,1
1040,723,1
1041,723,1
1041,724,1
1042,724,1
1042,725,1
1043,726,1
1044,726,1
1044,727,1
1045,728,1
1046,729,1
1046,730,1
1047,730,1
1047,731,1
1048,732,1
1049,733,1
1049,734,1
1050,735,1
1051,736,1
1051,737,1
1051,738,1
1052,739,1
1053,740,1
1053,741,1
1053,742,1
1054,743,1
1055,744,1
1055,745,1
1055,746,1
1056,747,1
1056,748,1
1057,748,1
1057,749,1
1057,750,1
1058,751,1
1058,752,1
1058,753,1
1059,754,1
1059,755,1
1060,756,1
1060,757,1
1060,758,1
1061,759,1
1061,760,1
1061,761,1
1062,761,1
1062,762,1
1062,763,1
1063,764,1
1063,765,1
1063,766,1
1064,767,1
1064,768,1
1065,769,1
1065,770,1
1065,771,1
1065,772,1
1066,773,1
1066,774,1
1066,775,1
1067,776,1
1067,777,1
1068,778,1
1068,779,1
1068,780,1
1069,781,1
1069,782,1
1070,783,1
1070,784,1
1070,785,1
1071,786,1
1071,787,1
1072,787,1
1072,788,1
1072,789,1
1073,790,1
1073,791,1
1074,792,1
1074,793,1
1074,794,1
1075,795,1
1075,796,1
1076,797,1
1076,798,1
1076,799,1
1077,799,1
1077,800,1
1078,801,1
1078,802,1
1078,803,1
1079,803,1
1079,804,1
1080,805,1
1080,806,1
1081,807,1
1081,808,1
1082,808,1
1082,809,1
1083,810,1
1084,811,1
1085,812,1
1086,813,1
1087,814,1
1088,814,1
1088,815,1
1089,815,1
1090,815,1
1090,816,1
1091,816,1
1092,817,1
1093,817,1
1093,818,1
1094,818,1
1094,819,1
1095,819,1
1095,820,1
1096,820,1
1097,821,1
1098,821,1
1099,822,1
1100,822,1
1101,822,1
1102,822,1
1103,822,1
1104,822,1
1104,821,1
1105,821,1
1106,820,1
1106,819,1
1107,819,1
1108,818,1
1108,817,1
1109,816,1
1109,815,1
1109,814,1
1110,813,1
1110,812,1
1111,812,1
1111,811,1
1137,766,0
1171,693,1
1171,694,1
1171,695,1
1171,696,1
1171,697,1
1171,698,1
1171,699,1
1171,700,1
1171,701,1
1172,702,1
1172,703,1
1172,704,1
1172,705,1
1172,706,1
1172,707,1
1172,708,1
1172,709,1
1172,710,1
1172,711,1
1172,712,1
1172,713,1
1172,714,1
1172,715,1
1172,716,1
1172,717,1
1172,718,1
1172,719,1
1172,720,1
1172,721,1
1172,722,1
1172,723,1
1172,724,1
1172,725,1
1171,726,1
1171,727,1
1171,728,1
1171,729,1
1171,730,1
1171,731,1
1171,732,1
1171,733,1
1171,734,1
1171,735,1
1171,736,1
1171,737,1
1171,738,1
1171,739,1
1170,739,1
1170,740,1
1170,741,1
1170,742,1
1169,742,1
1168,741,1
1168,740,1
1168,739,1
1167,738,1
1167,737,1
1167,736,1
1167,735,1
1166,734,1
1165,733,1
1165,663,0
1160,568,1
1160,569,1
1160,570,1
1160,571,1
1160,572,1
1160,573,1
1160,574,1
1160,575,1
1160,576,1
1160,577,1
1160,578,1
1160,579,1
1160,580,1
1160,581,1
1160,582,1
1160,583,1
1160,584,1
1160,585,1
1160,586,1
1160,587,1
1160,588,1
1160,589,1
1160,590,1
1160,591,1
1160,592,1
1160,593,1
1160,594,1
1160,595,1
1160,596,1
1160,597,1
1160,598,1
1160,599,1
1160,600,1
1160,601,1
1160,602,1
1160,603,1
1160,604,1
1160,605,1
1160,606,1
1160,607,1
1160,608,1
1161,608,1
1161,609,1
1161,610,1
1161,611,1
1162,611,1
1163,611,1
1218,638,0
1285,667,1
1284,668,1
1284,669,1
1283,670,1
1282,671,1
1281,672,1
1280,672,1
1280,673,1
1279,674,1
1278,675,1
1278,676,1
1277,676,1
1277,677,1
1276,678,1
1276,679,1
1276,680,1
1276,681,1
1276,682,1
1276,683,1
1276,684,1
1276,685,1
1276,686,1
1277,687,1
1277,688,1
1277,689,1
1277,690,1
1278,691,1
1278,692,1
1278,693,1
1279,694,1
1279,695,1
1279,696,1
1279,697,1
1279,698,1
1279,699,1
1280,700,1
1280,701,1
1280,702,1
1280,703,1
1281,704,1
1281,705,1
1281,706,1
1282,707,1
1282,708,1
1283,709,1
1283,710,1
1283,711,1
1284,711,1
1284,712,1
1285,713,1
1285,714,1
1286,715,1
1286,716,1
1287,717,1
1287,718,1
1288,719,1
1288,720,1
1289,721,1
1289,722,1
1290,723,1
1290,724,1
1290,725,1
1291,725,1
1291,726,1
1292,727,1
1292,728,1
1293,729,1
1293,730,1
1294,731,1
1294,732,1
1295,733,1
1295,734,1
1296,734,1
1296,735,1
1297,736,1
1297,737,1
1297,738,1
1298,738,1
1298,739,1
1299,740,1
1299,741,1
1300,742,1
1301,743,1
1301,744,1
1302,745,1
1303,746,1
1303,747,1
1303,748,1
1304,748,1
1304,749,1
1305,750,1
1306,751,1
1306,752,1
1307,752,1
1307,753,1
1308,753,1
1308,754,1
1309,754,1
1309,755,1
1310,756,1
1311,757,1
1311,758,1
1312,758,1
1312,759,1
1313,760,1
1313,761,1
1314,762,1
1315,763,1
1316,764,1
1317,765,1
1317,766,1
1318,766,1
1318,767,1
1319,768,1
1320,769,1
1321,769,1
1322,770,1
1323,770,1
1324,770,1
1325,770,1
1326,770,1
1327,769,1
1328,768,1
1329,767,1
1330,766,1
1331,765,1
1332,764,1
1366,724,0
1413,664,1
1413,665,1
1413,666,1
1413,667,1
1413,668,1
1413,669,1
1413,670,1
1413,671,1
1413,672,1
1413,673,1
1413,674,1
1413,675,1
1413,676,1
1413,677,1
1413,678,1
1413,679,1
1413,680,1
1413,681,1
1413,682,1
1413,683,1
1413,684,1
1413,685,1
1413,686,1
1413,687,1
1413,688,1
1413,689,1
1413,690,1
1413,691,1
1413,692,1
1413,693,1
1413,694,1
1412,695,1
1412,696,1
1412,697,1
1412,698,1
1412,699,1
1412,700,1
1412,701,1
1412,702,1
1412,703,1
1412,704,1
1412,705,1
1412,706,1
1412,707,1
1412,708,1
1412,709,1
1411,710,1
1411,711,1
1411,712,1
1411,713,1
1411,714,1
1411,715,1
1411,716,1
1411,717,1
1410,718,1
1410,719,1
1410,720,1
1410,721,1
1410,722,1
1410,723,1
1409,723,1
1408,723,1
1408,722,1
1408,721,1
1408,720,1
1514,655,0
1608,597,1
1609,597,1
1610,597,1
1611,596,1
1612,595,1
1613,595,1
1614,594,1
1615,594,1
1616,593,1
1616,592,1
1617,592,1
1618,591,1
1619,590,1
1620,589,1
1621,589,1
1622,588,1
1622,587,1
1623,587,1
1623,586,1
1624,585,1
1625,584,1
1625,583,1
1626,582,1
1627,581,1
1628,618,0
1640,635,1
1640,636,1
1640,637,1
1640,638,1
1640,639,1
1640,640,1
1639,641,1
1639,642,1
1639,643,1
1638,644,1
1638,645,1
1638,646,1
1638,647,1
1638,648,1
1638,649,1
1638,650,1
1638,651,1
1637,651,1
1637,652,1
1637,653,1
1637,654,1
1637,655,1
1637,656,1
1637,657,1
1636,658,1
1636,659,1
1636,660,1
1636,661,1
1636,662,1
1635,663,1
1635,664,1
1635,665,1
1635,666,1
1635,667,1
1634,668,1
1634,669,1
1634,670,1
1634,671,1
1633,672,1
1633,673,1
1633,674,1
1633,675,1
1633,676,1
1633,677,1
1633,678,1
1632,679,1
1632,680,1
1632,681,1
1632,682,1
1631,683,1
1631,684,1
1631,685,1
1631,686,1
1630,686,1
1630,687,1
1630,688,1
1630,689,1
1630,690,1
1629,691,1
1629,692,1
1629,693,1
1628,693,1
1628,694,1
1627,695,1
1626,695,1
1625,694,1
1624,693,1
1426,636,0
1203,589,1
1204,589,1
1205,589,1
1206,589,1
1207,589,1
1208,589,1
1209,589,1
1210,589,1
1211,589,1
1212,589,1
1213,589,1
1214,589,1
1215,589,1
1216,589,1
1217,589,1
1218,589,1
1219,589,1
1220,588,1
1221,588,1
1222,588,1
1223,588,1
1224,588,1
1225,588,1
1226,588,1
1227,588,1
1228,588,1
1229,588,1
1230,588,1
1231,588,1
1232,588,1
1233,588,1
1234,587,1
1235,587,1
1236,587,1
1237,587,1
1238,587,1
1239,587,1
1240,587,1
1241,587,1
1242,587,1
1243,587,1
1244,587,1
1245,587,1
1246,586,1
1247,586,1
1248,586,1
1249,586,1
1250,586,1
1251,586,1
1252,586,1
1253,586,1
1254,586,1
1255,585,1
1256,585,1
1257,585,1
1258,585,1
1259,585,1
1260,585,1
1261,585,1
1262,585,1
1263,585,1
1264,584,1
1265,584,1
1266,584,1
1267,584,1
1268,584,1
1269,584,1
1270,584,1
1271,584,1
1272,584,1
1273,584,1
1274,584,1
1275,584,1
1276,583,1
1277,583,1
1278,583,1
1279,583,1
1280,583,1
1281,583,1
1282,583,1
1283,583,1
1284,583,1
1285,582,1
1286,582,1
1287,582,1
1288,582,1
1289,582,1
1290,582,1
1291,582,1
1292,582,1
1293,582,1
1294,581,1
1295,581,1
1296,581,1
1297,581,1
1298,581,1
1299,581,1
1300,581,1
1301,581,1
1302,581,1
1303,581,1
1304,581,1
1305,580,1
1306,580,1
1307,580,1
1308,580,1
1309,580,1
1310,580,1
1311,580,1
1312,580,1
1313,579,1
1314,579,1
1315,579,1
1316,579,1
1317,579,1
1318,579,1
1319,579,1
1320,579,1
1321,579,1
1322,579,1
1323,579,1
1324,579,1
1325,578,1
1326,578,1
1327,578,1
1328,578,1
1329,578,1
1330,578,1
1331,578,1
1332,578,1
1333,578,1
1334,578,1
1335,578,1
1336,577,1
1337,577,1
1338,577,1
1339,577,1
1340,577,1
1341,577,1
1342,577,1
1343,577,1
1344,577,1
1345,576,1
1346,576,1
1347,576,1
1348,576,1
1349,576,1
1350,576,1
1351,576,1
1352,576,1
1353,576,1
1354,576,1
1355,575,1
1356,575,1
1357,575,1
1358,575,1
1359,575,1
1360,575,1
1361,575,1
1362,575,1
1363,575,1
1364,575,1
1365,575,1
1366,574,1
1367,574,1
1368,574,1
1369,574,1
1370,574,1
1371,574,1
1372,574,1
1373,574,1
1374,574,1
1375,574,1
1376,574,1
1377,574,1
1378,573,1
1379,573,1
1380,573,1
1381,573,1
1382,573,1
1383,573,1
1384,573,1
1385,573,1
1386,573,1
1387,573,1
1388,573,1
1389,573,1
1390,573,1
1391,572,1
1392,572,1
1393,572,1
1394,572,1
1395,572,1
1396,572,1
1397,572,1
1398,572,1
1399,572,1
1400,571,1
1401,571,1
1402,571,1
1403,571,1
1404,571,1
1405,571,1
1406,571,1
1407,571,1
1408,571,1
1409,571,1
1410,571,1
1411,571,1
1412,571,1
1413,571,1
1414,570,1
1415,570,1
1416,570,1
1417,570,1
1418,570,1
1419,570,1
1420,570,1
1421,570,1
1422,570,1
1423,570,1
1424,569,1
1425,569,1
1426,569,1
1427,569,1
1428,569,1
1429,569,1
1430,569,1
1431,569,1
1432,569,1
1433,569,1
1434,568,1
1435,568,1
1436,568,1
1437,568,1
1438,568,1
1439,568,1
1440,568,1
1441,568,1
1442,568,1
1443,568,1
1444,567,1
1445,567,1
1446,567,1
1447,567,1
1448,567,1
1449,567,1
1450,567,1
1451,567,1
1452,567,1
1453,566,1
1454,566,1
1455,566,1
1456,566,1
1457,566,1
1458,566,1
1459,566,1
1460,566,1
1461,566,1
1462,565,1
1463,565,1
1464,565,1
1465,565,1
1466,565,1
1467,565,1
1468,565,1
1469,565,1
1470,565,1
1471,565,1
1472,565,1
1473,565,1
1474,564,1
1475,564,1
1476,564,1
1477,564,1
1478,564,1
1479,564,1
1480,564,1
1481,564,1
1482,563,1
1483,563,1
1484,563,1
1485,563,1
1486,563,1
1487,563,1
1488,563,1
1489,563,1
1490,563,1
1491,563,1
1492,562,1
1493,562,1
1494,562,1
1495,562,1
1496,562,1
1497,562,1
1498,562,1
1499,562,1
1500,562,1
1501,561,1
1502,561,1
1503,561,1
1504,561,1
1505,561,1
1506,561,1
1507,561,1
1508,561,1
1509,561,1
1510,560,1
1511,560,1
1512,560,1
1513,560,1
1514,560,1
1515,560,1
1516,560,1
1517,560,1
1518,560,1
1519,559,1
1520,559,1
1521,559,1
1522,559,1
1523,559,1
1524,559,1
1525,559,1
1526,559,1
1527,559,1
1528,558,1
1529,558,1
1530,558,1
1531,558,1
1532,558,1
1533,558,1
1534,558,1
1535,558,1
1536,557,1
1537,557,1
1538,557,1
1539,557,1
1540,557,1
1541,557,1
1542,557,1
1543,557,1
1544,556,1
1545,556,1
1546,556,1
1547,556,1
1548,556,1
1549,556,1
1550,556,1
1551,556,1
1552,556,1
1553,555,1
1554,555,1
1555,555,1
1556,555,1
1557,555,1
1558,555,1
1559,555,1
1560,554,1
1561,554,1
1562,554,1
1563,554,1
1564,554,1
1565,554,1
1566,554,1
1567,554,1
1568,553,1
1569,553,1
1570,553,1
1571,553,1
1572,553,1
1573,553,1
1574,553,1
1575,553,1
1576,552,1
1577,552,1
1578,552,1
1579,552,1
1580,552,1
1581,552,1
1582,552,1
1583,552,1
1584,551,1
1585,551,1
1586,551,1
1587,551,1
1588,551,1
1589,551,1
1590,551,1
1591,551,1
1592,550,1
1593,550,1
1594,550,1
1595,550,1
1596,550,1
1597,550,1
1598,550,1
1599,549,1
1600,549,1
1601,549,1
1602,549,1
1603,549,1
1604,549,1
1605,548,1
1606,548,1
1607,548,1
1608,548,1
1609,548,1
1610,548,1
1611,548,1
1612,548,1
1613,548,1
1614,547,1
1615,547,1
1616,547,1
1617,547,1
1618,547,1
1619,547,1
1620,546,1
1621,546,1
1622,546,1
1623,546,1
1624,546,1
1625,546,1
1626,545,1
1627,545,1
1628,545,1
1629,545,1
1630,545,1
1631,545,1
1632,545,1
1633,545,1
1634,544,1
1635,544,1
1636,544,1
1637,544,1
1638,544,1
1639,544,1
1640,544,1
1641,543,1
1642,543,1
1643,543,1
1644,543,1
1645,543,1
1646,543,1
1647,543,1
1648,542,1
1649,542,1
1650,542,1
1651,542,1
1652,542,1
1653,542,1
1654,541,1
1655,541,1
1656,541,1
1657,541,1
1658,541,1
1659,541,1
1660,541,1
1661,540,1
1662,540,1
1663,540,1
1664,540,1
1665,540,1
1666,540,1
1667,539,1
1668,539,1
1669,539,1
1670,539,1
1671,539,1
1672,539,1
1673,539,1
1674,538,1
1675,538,1
1676,538,1
1677,538,1
1678,538,1
1679,538,1
1680,537,1
1681,537,1
1682,537,1
1683,537,1
1684,537,1
1685,537,1
1686,537,1
1687,537,1
1688,536,1
1689,536,1
1690,536,1
1691,536,1
1692,536,1
1693,536,1
1694,535,1
1695,535,1
1696,535,1
1697,535,1
1698,535,1
1699,535,1
1700,535,1
1701,534,1
1702,534,1
1703,534,1
1704,534,1
1705,534,1
1706,534,1
1707,533,1
1708,533,1
1709,533,1
1710,533,1
1711,533,1
1712,533,1
1713,532,1
1714,532,1
1715,532,1
1716,532,1
1717,532,1
1718,532,1
1719,531,1
1720,531,1
1721,531,1
1722,531,1
1723,531,1
1724,531,1
1725,530,1
1726,530,1
1727,530,1
1728,530,1
1729,530,1
1730,530,1
1731,529,1
1732,529,1
1733,529,1
1734,529,1
1735,529,1
1736,529,1
1737,528,1
1738,528,1
1739,528,1
1740,528,1
1741,528,1
1742,528,1
1743,528,1
1744,527,1
1745,527,1
1746,527,1
1747,527,1
1748,527,1
1749,527,1
1750,526,1
1751,526,1
1752,526,1
1753,526,1
1754,526,1
1755,526,1
1756,526,1
1756,525,1
1757,525,1
1758,525,1
1759,525,1
1760,525,1
1761,525,1
1762,524,1
1763,524,1
1764,524,1
1765,524,1
1766,524,1
1767,523,1
1768,523,1
1769,523,1
1770,523,1
1771,523,1
1772,523,1
1773,523,1
1773,522,1
1774,522,1
1775,522,1
1776,522,1
1777,522,1
1778,522,1
1779,522,1
1780,521,1
1781,521,1
1782,521,1
1783,521,1
1784,521,1
1785,521,1
1786,520,1
1787,520,1
1788,520,1
1789,520,1
1789,519,1
1790,519,1
1791,519,1
1792,519,1
1793,519,1
1794,519,1
1795,519,1
1795,518,1
1796,518,1
1796,517,1
1797,517,1
1797,517,0
