524,312,1
525,312,1
526,312,1
527,312,1
528,312,1
529,312,1
530,312,1
531,313,1
532,313,1
533,314,1
534,315,1
535,316,1
536,316,1
536,317,1
537,317,1
538,318,1
539,319,1
540,320,1
541,321,1
541,322,1
542,323,1
542,324,1
543,325,1
543,326,1
544,326,1
544,327,1
544,328,1
545,329,1
545,330,1
545,331,1
546,332,1
546,333,1
546,334,1
546,335,1
546,336,1
546,337,1
546,338,1
546,339,1
546,340,1
546,341,1
546,342,1
546,343,1
546,344,1
546,345,1
546,346,1
545,347,1
545,348,1
545,349,1
545,350,1
544,351,1
544,352,1
543,353,1
543,354,1
543,355,1
542,356,1
541,357,1
541,358,1
541,359,1
540,359,1
540,360,1
539,361,1
539,362,1
538,363,1
537,364,1
537,365,1
536,365,1
535,366,1
535,367,1
534,368,1
533,369,1
532,370,1
531,371,1
530,372,1
529,373,1
528,374,1
527,375,1
526,375,1
525,376,1
524,377,1
523,378,1
522,379,1
521,379,1
521,380,1
520,381,1
520,382,1
519,383,1
519,384,1
519,385,1
518,385,1
518,386,1
518,387,1
518,388,1
518,389,1
519,389,1
519,390,1
519,391,1
519,392,1
520,392,1
520,393,1
520,394,1
521,395,1
522,396,1
522,397,1
522,398,1
523,398,1
523,399,1
524,400,1
524,401,1
524,402,1
525,402,1
525,403,1
525,404,1
526,405,1
526,406,1
526,407,1
527,408,1
527,409,1
527,410,1
528,411,1
528,412,1
528,413,1
529,414,1
529,415,1
529,416,1
529,417,1
530,418,1
530,419,1
530,420,1
530,421,1
531,422,1
531,423,1
531,424,1
532,425,1
532,426,1
532,427,1
532,428,1
533,429,1
533,430,1
533,431,1
534,432,1
534,433,1
534,434,1
535,435,1
535,436,1
536,437,1
537,438,1
537,439,1
538,438,1
556,401,0
577,361,1
577,362,1
577,363,1
577,364,1
577,365,1
577,366,1
577,367,1
577,368,1
577,369,1
577,370,1
577,371,1
577,372,1
577,373,1
577,374,1
577,375,1
577,376,1
577,377,1
577,378,1
576,379,1
576,380,1
576,381,1
576,382,1
576,383,1
576,384,1
576,385,1
576,386,1
576,387,1
576,388,1
576,389,1
576,390,1
576,391,1
576,392,1
576,393,1
576,394,1
576,395,1
575,396,1
575,397,1
575,398,1
575,399,1
575,400,1
575,401,1
575,402,1
575,403,1
575,404,1
574,405,1
574,406,1
574,407,1
574,408,1
574,409,1
574,410,1
574,411,1
574,412,1
573,413,1
573,414,1
573,415,1
573,416,1
573,417,1
573,418,1
573,419,1
573,420,1
573,421,1
572,422,1
572,423,1
572,424,1
572,425,1
572,426,1
572,427,1
572,428,1
572,429,1
572,430,1
572,431,1
572,430,1
572,429,1
567,364,0
563,292,1
563,293,1
563,294,1
563,295,1
563,296,1
563,297,1
563,298,1
563,299,1
563,300,1
563,301,1
564,302,1
564,303,1
564,304,1
564,305,1
564,306,1
564,307,1
564,308,1
565,309,1
565,310,1
565,311,1
565,312,1
565,313,1
566,314,1
566,315,1
566,316,1
567,316,1
568,315,1
599,347,0
637,376,1
636,377,1
636,378,1
635,379,1
634,379,1
633,380,1
632,380,1
631,380,1
631,381,1
630,381,1
630,382,1
629,383,1
629,384,1
629,385,1
629,386,1
629,387,1
630,388,1
630,389,1
631,390,1
632,391,1
632,392,1
632,393,1
633,394,1
633,395,1
634,396,1
634,397,1
634,398,1
635,399,1
635,400,1
636,401,1
636,402,1
636,403,1
636,404,1
637,405,1
637,406,1
637,407,1
637,408,1
637,409,1
638,410,1
638,411,1
638,412,1
638,413,1
638,414,1
639,415,1
639,416,1
639,417,1
639,418,1
639,419,1
639,420,1
640,421,1
640,422,1
640,423,1
640,424,1
640,425,1
640,426,1
641,427,1
641,428,1
641,429,1
641,430,1
642,431,1
642,432,1
642,433,1
642,434,1
643,435,1
643,436,1
643,437,1
643,438,1
644,439,1
644,440,1
645,441,1
646,442,1
647,443,1
647,444,1
648,444,1
648,445,1
649,446,1
650,446,1
651,446,1
652,446,1
652,445,1
653,444,1
653,443,1
677,417,0
705,381,1
705,382,1
705,383,1
705,384,1
705,385,1
705,386,1
705,387,1
705,388,1
705,389,1
705,390,1
705,391,1
705,392,1
705,393,1
705,394,1
705,395,1
705,396,1
705,397,1
705,398,1
705,399,1
704,400,1
704,401,1
704,402,1
704,403,1
704,404,1
704,405,1
704,406,1
704,407,1
704,408,1
704,409,1
704,410,1
704,411,1
704,412,1
704,413,1
704,414,1
704,415,1
704,416,1
704,417,1
704,418,1
704,419,1
703,419,1
703,420,1
703,421,1
703,422,1
703,423,1
703,424,1
703,425,1
703,426,1
703,427,1
702,428,1
702,429,1
702,430,1
702,431,1
701,431,1
701,430,1
701,429,1
759,394,0
811,359,1
812,359,1
813,359,1
814,359,1
815,358,1
816,357,1
817,357,1
818,356,1
819,356,1
819,355,1
820,354,1
820,353,1
823,361,0
829,360,1
829,361,1
829,362,1
829,363,1
829,364,1
828,365,1
828,366,1
828,367,1
828,368,1
828,369,1
828,370,1
828,371,1
828,372,1
828,373,1
828,374,1
828,375,1
828,376,1
828,377,1
828,378,1
828,379,1
828,380,1
828,381,1
828,382,1
828,383,1
828,384,1
828,385,1
828,386,1
828,387,1
827,388,1
827,389,1
827,390,1
827,391,1
827,392,1
827,393,1
827,394,1
827,395,1
827,396,1
827,397,1
827,398,1
827,399,1
826,400,1
826,401,1
826,402,1
826,403,1
826,404,1
826,405,1
826,406,1
826,407,1
826,408,1
825,409,1
825,410,1
825,411,1
825,412,1
825,413,1
825,414,1
824,415,1
824,416,1
824,417,1
824,418,1
824,419,1
824,420,1
824,421,1
824,422,1
824,421,1
823,420,1
703,372,0
576,325,1
577,325,1
578,325,1
579,325,1
580,325,1
581,325,1
582,325,1
583,325,1
584,325,1
585,325,1
586,325,1
587,325,1
588,325,1
589,325,1
590,325,1
591,325,1
592,325,1
593,325,1
594,325,1
595,325,1
596,325,1
597,325,1
598,325,1
599,325,1
600,325,1
601,325,1
602,325,1
603,325,1
604,325,1
605,325,1
606,325,1
607,325,1
608,325,1
609,325,1
610,325,1
611,325,1
612,325,1
613,325,1
614,325,1
615,325,1
616,325,1
617,325,1
618,325,1
619,325,1
620,325,1
621,325,1
622,325,1
623,325,1
624,325,1
625,325,1
626,325,1
627,325,1
628,325,1
629,325,1
630,325,1
631,325,1
632,325,1
633,325,1
634,325,1
635,325,1
636,325,1
637,325,1
638,325,1
639,325,1
640,325,1
641,325,1
642,325,1
643,325,1
644,325,1
645,325,1
646,325,1
647,325,1
648,325,1
649,325,1
650,325,1
651,325,1
652,325,1
653,325,1
654,325,1
655,325,1
656,325,1
657,325,1
658,325,1
659,325,1
660,325,1
661,325,1
662,325,1
663,325,1
664,325,1
665,325,1
666,325,1
667,325,1
668,325,1
669,325,1
670,325,1
671,325,1
672,325,1
673,325,1
674,325,1
675,325,1
676,325,1
677,325,1
678,325,1
679,325,1
680,325,1
681,325,1
682,325,1
683,325,1
684,325,1
685,325,1
686,325,1
687,325,1
688,325,1
689,325,1
690,325,1
691,325,1
692,325,1
693,325,1
694,325,1
695,325,1
696,325,1
697,325,1
698,325,1
699,325,1
700,325,1
701,325,1
702,325,1
703,325,1
704,325,1
705,324,1
706,324,1
707,324,1
708,324,1
709,324,1
710,324,1
711,324,1
712,324,1
713,324,1
714,324,1
715,324,1
716,324,1
717,324,1
718,324,1
719,324,1
720,324,1
721,324,1
722,324,1
723,324,1
724,324,1
725,324,1
726,324,1
727,323,1
728,323,1
729,323,1
730,323,1
731,323,1
732,323,1
733,323,1
734,323,1
735,323,1
736,323,1
737,322,1
738,322,1
739,322,1
740,322,1
741,322,1
742,322,1
743,322,1
744,322,1
745,322,1
746,322,1
747,321,1
748,321,1
749,321,1
750,321,1
751,321,1
752,321,1
753,321,1
754,321,1
755,321,1
756,320,1
757,320,1
758,320,1
759,320,1
760,320,1
761,320,1
762,320,1
763,320,1
764,320,1
765,320,1
766,320,1
767,320,1
768,320,1
769,320,1
770,320,1
771,320,1
772,320,1
773,320,1
774,320,1
775,319,1
776,319,1
777,319,1
778,319,1
779,319,1
780,319,1
781,319,1
782,319,1
783,319,1
784,319,1
785,319,1
786,319,1
787,318,1
788,318,1
789,318,1
790,318,1
791,318,1
792,318,1
793,318,1
794,318,1
795,318,1
796,318,1
797,318,1
798,317,1
799,317,1
800,317,1
801,317,1
802,317,1
803,317,1
804,317,1
805,317,1
806,317,1
807,317,1
808,317,1
809,317,1
810,317,1
811,316,1
812,316,1
813,316,1
814,316,1
815,316,1
816,316,1
817,316,1
818,316,1
819,316,1
820,316,1
821,316,1
822,316,1
823,316,1
824,315,1
825,315,1
826,315,1
827,315,1
828,315,1
829,315,1
830,315,1
831,315,1
832,314,1
833,314,1
834,314,1
835,314,1
836,314,1
837,314,1
838,314,1
839,314,1
840,314,1
841,313,1
842,313,1
843,313,1
844,313,1
845,313,1
846,313,1
847,313,1
848,313,1
849,313,1
850,313,1
851,313,1
852,312,1
853,312,1
854,312,1
855,312,1
856,312,1
857,312,1
858,312,1
859,312,1
860,312,1
861,312,1
862,312,1
863,312,1
864,312,1
865,312,1
866,312,1
867,312,1
868,311,1
869,311,1
870,311,1
871,311,1
872,311,1
873,311,1
874,311,1
875,311,1
876,311,1
877,311,1
878,311,1
879,311,1
880,310,1
881,310,1
882,310,1
883,310,1
884,310,1
885,310,1
886,310,1
887,310,1
888,310,1
889,310,1
890,309,1
891,309,1
892,309,1
893,309,1
894,309,1
895,309,1
896,309,1
897,309,1
898,309,1
899,309,1
899,308,1
899,308,0
