104,129,1
104,130,1
104,131,1
104,132,1
104,133,1
104,134,1
104,135,1
104,136,1
104,137,1
105,138,1
105,139,1
105,140,1
105,141,1
105,142,1
105,143,1
105,144,1
105,145,1
105,146,1
105,147,1
105,148,1
105,149,1
105,150,1
105,151,1
106,152,1
106,153,1
106,154,1
106,155,1
106,156,1
106,157,1
106,158,1
106,159,1
106,160,1
106,161,1
106,162,1
106,163,1
106,164,1
106,165,1
106,166,1
106,167,1
106,168,1
106,169,1
106,170,1
106,171,1
106,172,1
106,173,1
106,174,1
106,175,1
107,175,1
107,176,1
107,177,1
107,178,1
107,179,1
107,180,1
107,181,1
107,182,1
107,183,1
107,184,1
107,185,1
107,186,1
107,187,1
107,188,1
107,189,1
107,190,1
107,191,1
107,192,1
107,193,1
107,194,1
107,195,1
107,196,1
107,197,1
107,198,1
107,199,1
107,200,1
107,201,1
107,202,1
107,203,1
107,204,1
107,205,1
107,206,1
107,207,1
107,208,1
107,209,1
107,210,1
107,211,1
107,212,1
107,213,1
107,214,1
107,215,1
107,216,1
107,217,1
107,218,1
107,219,1
107,220,1
107,221,1
107,222,1
107,223,1
107,224,1
107,225,1
107,226,1
107,227,1
107,228,1
107,229,1
107,230,1
107,231,1
107,232,1
107,233,1
108,233,1
108,234,1
108,235,1
108,236,1
108,237,1
108,238,1
108,239,1
108,240,1
108,241,1
109,241,1
109,242,1
127,181,0
145,122,1
146,122,1
147,122,1
148,122,1
149,122,1
150,122,1
151,122,1
152,122,1
153,123,1
154,123,1
155,123,1
156,123,1
156,124,1
157,124,1
158,124,1
159,125,1
160,125,1
160,126,1
161,126,1
162,126,1
163,127,1
164,127,1
165,127,1
165,128,1
166,128,1
167,129,1
168,129,1
168,130,1
169,130,1
170,130,1
170,131,1
171,131,1
171,132,1
172,132,1
172,133,1
173,133,1
174,134,1
175,135,1
176,136,1
177,137,1
177,138,1
178,138,1
178,139,1
179,139,1
179,140,1
180,140,1
180,141,1
180,142,1
180,143,1
181,143,1
181,144,1
181,145,1
182,145,1
182,146,1
182,147,1
182,148,1
183,149,1
183,150,1
183,151,1
183,152,1
183,153,1
183,154,1
183,155,1
183,156,1
183,157,1
183,158,1
183,159,1
183,160,1
182,161,1
182,162,1
182,163,1
181,164,1
181,165,1
181,166,1
180,166,1
180,167,1
180,168,1
180,169,1
179,169,1
179,170,1
178,170,1
178,171,1
177,172,1
176,173,1
176,174,1
175,174,1
175,175,1
174,175,1
174,176,1
173,176,1
172,177,1
171,177,1
171,178,1
170,178,1
170,179,1
169,179,1
168,179,1
168,180,1
167,180,1
166,180,1
165,181,1
164,181,1
163,181,1
163,182,1
162,182,1
161,182,1
160,182,1
160,183,1
159,183,1
158,183,1
157,183,1
157,184,1
156,184,1
155,184,1
154,184,1
154,185,1
153,185,1
152,185,1
151,186,1
150,186,1
150,187,1
149,188,1
149,189,1
149,190,1
149,191,1
149,192,1
150,192,1
150,193,1
151,194,1
151,195,1
152,195,1
152,196,1
153,196,1
153,197,1
154,197,1
154,198,1
155,198,1
155,199,1
156,199,1
156,200,1
157,200,1
158,201,1
159,201,1
159,202,1
160,202,1
160,203,1
161,203,1
161,204,1
162,204,1
162,205,1
163,205,1
163,206,1
164,206,1
164,207,1
165,207,1
166,208,1
167,209,1
168,209,1
168,210,1
169,210,1
169,211,1
170,211,1
170,212,1
171,212,1
171,213,1
172,213,1
173,214,1
174,215,1
175,216,1
176,216,1
176,217,1
177,218,1
178,218,1
178,219,1
179,219,1
179,220,1
180,220,1
180,221,1
181,221,1
181,222,1
182,222,1
182,223,1
183,223,1
183,224,1
184,224,1
184,225,1
185,225,1
185,226,1
186,226,1
186,227,1
187,227,1
187,228,1
188,228,1
188,229,1
189,229,1
189,230,1
190,231,1
191,232,1
191,233,1
192,233,1
192,234,1
181,178,0
172,123,1
171,123,1
170,123,1
169,123,1
168,123,1
167,123,1
166,123,1
165,123,1
164,123,1
163,123,1
162,123,1
161,123,1
160,123,1
159,123,1
159,124,1
158,124,1
157,124,1
156,124,1
155,124,1
154,124,1
154,125,1
153,125,1
152,125,1
151,125,1
150,125,1
150,126,1
149,126,1
148,126,1
147,126,1
146,127,1
145,127,1
144,127,1
144,128,1
143,128,1
142,128,1
141,129,1
140,129,1
139,130,1
138,130,1
138,131,1
137,131,1
136,132,1
135,132,1
135,133,1
134,133,1
133,134,1
132,135,1
131,136,1
130,137,1
130,138,1
129,138,1
129,139,1
129,140,1
128,141,1
128,142,1
128,143,1
128,144,1
129,145,1
129,146,1
129,147,1
130,148,1
130,149,1
131,149,1
131,150,1
132,150,1
132,151,1
133,151,1
133,152,1
134,152,1
135,152,1
135,153,1
136,153,1
137,154,1
138,154,1
139,154,1
139,155,1
140,155,1
141,155,1
142,155,1
142,156,1
143,156,1
144,156,1
145,156,1
146,156,1
147,156,1
148,156,1
149,156,1
150,156,1
151,156,1
152,156,1
153,156,1
154,156,1
155,156,1
156,156,1
157,156,1
158,156,1
159,156,1
160,156,1
161,156,1
162,156,1
163,155,1
164,155,1
165,155,1
165,154,1
166,154,1
167,154,1
167,153,1
168,153,1
169,153,1
193,150,0
218,144,1
218,145,1
218,146,1
218,147,1
218,148,1
218,149,1
219,149,1
219,150,1
219,151,1
219,152,1
219,153,1
219,154,1
219,155,1
219,156,1
220,156,1
220,157,1
220,158,1
220,159,1
220,160,1
220,161,1
220,162,1
220,163,1
220,164,1
220,165,1
220,166,1
220,167,1
221,168,1
221,169,1
221,170,1
221,171,1
221,172,1
221,173,1
221,174,1
221,175,1
222,176,1
222,177,1
222,178,1
222,179,1
222,180,1
222,181,1
222,182,1
223,183,1
223,184,1
223,185,1
223,186,1
223,187,1
223,188,1
223,189,1
223,190,1
224,191,1
224,192,1
224,193,1
224,194,1
224,195,1
224,196,1
224,197,1
225,198,1
225,199,1
225,200,1
225,201,1
225,202,1
225,203,1
226,203,1
226,204,1
226,205,1
226,206,1
226,207,1
226,208,1
227,209,1
227,210,1
227,211,1
227,212,1
227,213,1
228,213,1
228,214,1
228,215,1
228,216,1
228,217,1
229,218,1
229,219,1
229,220,1
229,221,1
230,221,1
230,222,1
230,223,1
230,224,1
230,225,1
231,225,1
231,226,1
231,227,1
231,228,1
232,229,1
232,230,1
232,231,1
232,232,1
233,232,1
233,233,1
284,197,0
337,161,1
337,162,1
337,163,1
337,164,1
336,165,1
336,166,1
336,167,1
336,168,1
336,169,1
336,170,1
336,171,1
336,172,1
336,173,1
336,174,1
336,175,1
335,176,1
335,177,1
335,178,1
335,179,1
335,180,1
335,181,1
335,182,1
335,183,1
335,184,1
334,184,1
334,185,1
334,186,1
334,187,1
334,188,1
334,189,1
334,190,1
334,191,1
334,192,1
333,193,1
333,194,1
333,195,1
333,196,1
333,197,1
333,198,1
333,199,1
333,200,1
332,200,1
332,201,1
332,202,1
332,203,1
332,204,1
332,205,1
332,206,1
331,207,1
331,208,1
331,209,1
331,210,1
331,211,1
331,212,1
331,213,1
330,213,1
330,214,1
330,215,1
330,216,1
330,217,1
330,218,1
330,219,1
329,219,1
329,220,1
329,221,1
329,222,1
329,223,1
329,224,1
329,225,1
328,225,1
328,226,1
328,227,1
328,228,1
328,229,1
328,230,1
327,230,1
327,231,1
327,232,1
327,233,1
327,234,1
327,235,1
326,235,1
326,236,1
321,207,0
317,180,1
316,180,1
315,179,1
314,179,1
314,178,1
313,178,1
312,177,1
311,177,1
311,176,1
310,176,1
310,175,1
309,175,1
308,175,1
308,174,1
307,174,1
306,174,1
306,173,1
305,173,1
304,173,1
304,172,1
303,172,1
302,172,1
301,171,1
300,171,1
300,170,1
299,170,1
298,170,1
297,170,1
297,169,1
296,169,1
295,169,1
294,169,1
293,168,1
292,168,1
291,168,1
290,168,1
289,168,1
288,168,1
287,168,1
286,168,1
285,168,1
284,168,1
283,168,1
282,168,1
281,168,1
280,168,1
279,168,1
278,168,1
277,168,1
276,169,1
275,169,1
274,169,1
273,169,1
273,170,1
272,170,1
271,170,1
270,171,1
269,171,1
268,172,1
267,172,1
266,173,1
265,173,1
265,174,1
264,174,1
263,174,1
263,175,1
262,175,1
262,176,1
261,176,1
261,177,1
260,177,1
260,178,1
259,178,1
259,179,1
258,179,1
258,180,1
257,180,1
257,181,1
256,181,1
256,182,1
255,183,1
254,184,1
254,185,1
253,186,1
253,187,1
252,187,1
252,188,1
252,189,1
251,189,1
251,190,1
251,191,1
251,192,1
250,193,1
250,194,1
250,195,1
250,196,1
250,197,1
250,198,1
251,198,1
251,199,1
251,200,1
252,200,1
252,201,1
253,201,1
254,202,1
255,202,1
255,203,1
256,203,1
257,203,1
258,203,1
259,203,1
260,203,1
261,203,1
262,203,1
263,203,1
264,203,1
265,202,1
266,202,1
267,202,1
268,201,1
269,201,1
270,200,1
271,200,1
272,200,1
273,199,1
274,199,1
274,198,1
275,198,1
276,198,1
276,197,1
277,197,1
278,196,1
279,196,1
280,195,1
281,195,1
281,194,1
282,194,1
282,193,1
283,193,1
284,192,1
285,192,1
285,191,1
286,191,1
286,190,1
287,190,1
287,189,1
288,189,1
330,168,0
374,145,1
374,146,1
374,147,1
374,148,1
374,149,1
373,149,1
373,150,1
373,151,1
373,152,1
373,153,1
373,154,1
372,155,1
372,156,1
372,157,1
372,158,1
372,159,1
372,160,1
371,160,1
371,161,1
371,162,1
371,163,1
371,164,1
371,165,1
371,166,1
370,166,1
370,167,1
370,168,1
370,169,1
370,170,1
370,171,1
370,172,1
369,173,1
369,174,1
369,175,1
369,176,1
369,177,1
369,178,1
369,179,1
368,179,1
368,180,1
368,181,1
368,182,1
368,183,1
368,184,1
367,185,1
367,186,1
367,187,1
367,188,1
367,189,1
367,190,1
366,190,1
366,191,1
366,192,1
366,193,1
366,194,1
366,195,1
365,195,1
365,196,1
365,197,1
365,198,1
365,199,1
365,200,1
364,200,1
364,201,1
364,202,1
364,203,1
363,204,1
363,205,1
363,206,1
363,207,1
363,208,1
362,208,1
362,209,1
362,210,1
362,211,1
362,212,1
361,213,1
361,214,1
361,215,1
361,216,1
360,216,1
360,217,1
360,218,1
360,219,1
210,167,0
59,119,1
59,118,1
60,118,1
60,117,1
60,116,1
60,115,1
60,114,1
61,113,1
61,112,1
61,111,1
62,111,1
62,110,1
62,109,1
63,109,1
63,108,1
63,107,1
64,107,1
64,106,1
65,105,1
65,104,1
66,103,1
66,102,1
67,101,1
67,100,1
68,100,1
68,99,1
69,99,1
69,98,1
69,97,1
70,97,1
70,96,1
71,96,1
71,95,1
72,94,1
72,93,1
73,93,1
73,92,1
74,92,1
74,91,1
75,90,1
76,89,1
76,88,1
77,88,1
77,87,1
78,87,1
78,86,1
79,86,1
79,85,1
80,85,1
80,84,1
81,83,1
81,82,1
82,82,1
83,81,1
84,81,1
84,80,1
85,80,1
86,79,1
87,78,1
88,78,1
88,77,1
89,77,1
89,76,1
90,76,1
91,75,1
92,75,1
92,74,1
93,74,1
93,73,1
94,73,1
95,73,1
95,72,1
96,72,1
97,71,1
98,71,1
99,70,1
100,70,1
100,69,1
101,69,1
102,68,1
103,68,1
104,67,1
105,67,1
106,67,1
106,66,1
107,66,1
108,66,1
109,65,1
110,65,1
111,65,1
111,64,1
112,64,1
113,64,1
114,64,1
114,63,1
115,63,1
116,63,1
117,63,1
118,62,1
119,62,1
120,62,1
121,62,1
122,62,1
122,61,1
123,61,1
124,61,1
125,61,1
126,61,1
127,61,1
128,61,1
129,61,1
130,61,1
131,61,1
132,61,1
133,61,1
134,61,1
135,61,1
136,61,1
137,61,1
138,61,1
139,61,1
140,61,1
141,61,1
141,62,1
142,62,1
143,62,1
144,62,1
145,62,1
146,63,1
147,63,1
148,63,1
149,63,1
149,64,1
150,64,1
151,64,1
152,65,1
153,65,1
154,65,1
155,66,1
156,66,1
157,67,1
158,67,1
159,67,1
159,68,1
160,68,1
161,68,1
161,69,1
162,69,1
163,70,1
164,70,1
164,71,1
165,71,1
166,71,1
166,72,1
167,72,1
168,73,1
169,73,1
170,74,1
171,74,1
171,75,1
172,75,1
173,76,1
174,76,1
175,77,1
176,77,1
176,78,1
177,78,1
177,79,1
178,79,1
179,79,1
179,80,1
180,80,1
181,80,1
181,81,1
182,81,1
182,82,1
183,82,1
183,83,1
184,83,1
185,84,1
186,84,1
186,85,1
187,85,1
187,86,1
188,86,1
189,87,1
190,88,1
191,88,1
191,89,1
192,89,1
192,90,1
193,90,1
194,91,1
195,92,1
196,93,1
197,94,1
198,94,1
198,95,1
199,95,1
199,96,1
200,96,1
200,97,1
201,98,1
202,99,1
203,99,1
203,100,1
204,100,1
204,101,1
205,101,1
205,102,1
206,102,1
206,103,1
207,103,1
207,104,1
208,104,1
208,105,1
209,105,1
209,106,1
210,107,1
211,107,1
211,108,1
212,109,1
213,110,1
214,111,1
214,112,1
215,112,1
215,113,1
216,113,1
216,114,1
217,114,1
217,115,1
218,116,1
218,117,1
219,117,1
219,118,1
220,118,1
220,119,1
220,120,1
221,120,1
221,121,1
221,122,1
222,122,1
222,123,1
222,124,1
223,124,1
223,125,1
224,126,1
224,127,1
225,128,1
225,129,1
225,130,1
226,131,1
226,132,1
225,132,1
225,133,1
224,134,1
223,135,1
222,135,1
148,123,0
71,112,1
72,112,1
73,112,1
74,113,1
75,113,1
76,113,1
77,113,1
78,113,1
79,113,1
80,113,1
81,113,1
82,114,1
83,114,1
84,114,1
85,114,1
86,114,1
87,114,1
88,114,1
89,114,1
90,114,1
90,115,1
91,115,1
92,115,1
93,115,1
94,115,1
95,115,1
96,115,1
97,115,1
98,115,1
98,116,1
99,116,1
100,116,1
101,116,1
102,116,1
103,116,1
104,116,1
105,116,1
106,117,1
107,117,1
108,117,1
109,117,1
110,117,1
111,117,1
112,117,1
113,117,1
114,117,1
114,118,1
115,118,1
116,118,1
117,118,1
118,118,1
119,118,1
120,118,1
121,118,1
122,118,1
122,119,1
123,119,1
124,119,1
125,119,1
126,119,1
127,119,1
128,119,1
129,119,1
130,119,1
131,119,1
132,120,1
133,120,1
134,120,1
135,120,1
136,120,1
137,120,1
138,120,1
139,120,1
140,120,1
141,120,1
142,120,1
143,120,1
144,120,1
145,120,1
145,121,1
146,121,1
147,121,1
148,121,1
149,121,1
150,121,1
151,121,1
152,121,1
153,121,1
154,121,1
154,122,1
155,122,1
156,122,1
157,122,1
158,122,1
159,122,1
160,122,1
161,122,1
162,122,1
163,123,1
164,123,1
165,123,1
166,123,1
167,123,1
168,123,1
169,123,1
170,123,1
171,123,1
172,123,1
173,124,1
174,124,1
175,124,1
176,124,1
177,124,1
178,124,1
179,124,1
180,124,1
181,124,1
182,124,1
182,125,1
183,125,1
184,125,1
185,125,1
186,125,1
187,125,1
188,125,1
189,125,1
190,125,1
191,125,1
192,125,1
193,125,1
193,126,1
194,126,1
195,126,1
196,126,1
197,126,1
198,126,1
199,126,1
200,126,1
201,126,1
202,126,1
203,126,1
204,127,1
205,127,1
206,127,1
207,127,1
208,127,1
209,127,1
210,127,1
211,127,1
212,127,1
213,127,1
214,127,1
215,128,1
216,128,1
217,128,1
218,128,1
219,128,1
220,128,1
221,128,1
222,128,1
223,128,1
224,128,1
225,129,1
226,129,1
227,129,1
228,129,1
229,129,1
230,129,1
231,129,1
232,129,1
233,129,1
234,129,1
235,129,1
235,130,1
236,130,1
237,130,1
238,130,1
239,130,1
240,130,1
241,130,1
242,130,1
243,130,1
244,130,1
245,130,1
245,131,1
246,131,1
247,131,1
248,131,1
249,131,1
250,131,1
251,131,1
252,131,1
253,131,1
254,131,1
255,131,1
256,132,1
257,132,1
258,132,1
259,132,1
260,132,1
261,132,1
262,132,1
263,132,1
264,132,1
265,132,1
266,132,1
267,133,1
268,133,1
269,133,1
270,133,1
271,133,1
272,133,1
273,133,1
274,133,1
275,133,1
276,133,1
277,133,1
278,133,1
279,133,1
280,133,1
280,134,1
281,134,1
282,134,1
283,134,1
284,134,1
285,134,1
286,134,1
287,134,1
288,134,1
289,134,1
290,134,1
291,134,1
292,134,1
293,135,1
294,135,1
295,135,1
296,135,1
297,135,1
298,135,1
299,135,1
300,135,1
301,135,1
302,135,1
303,135,1
304,135,1
305,135,1
305,136,1
306,136,1
307,136,1
308,136,1
309,136,1
310,136,1
311,136,1
312,136,1
313,136,1
314,136,1
315,136,1
316,136,1
317,136,1
318,136,1
319,136,1
320,136,1
320,137,1
321,137,1
322,137,1
323,137,1
324,137,1
325,137,1
326,137,1
327,137,1
328,137,1
329,137,1
330,137,1
331,137,1
332,137,1
333,137,1
334,137,1
335,137,1
336,137,1
337,137,1
337,138,1
338,138,1
339,138,1
340,138,1
341,138,1
342,138,1
343,138,1
344,138,1
345,138,1
346,138,1
347,138,1
348,138,1
349,138,1
350,138,1
351,138,1
352,138,1
353,138,1
354,138,1
355,138,1
356,138,1
357,138,1
358,138,1
359,138,1
360,138,1
361,138,1
362,138,1
363,138,1
364,138,1
365,138,1
366,138,1
367,138,1
368,138,1
369,138,1
369,138,0
