223,137,1
223,138,1
223,139,1
223,140,1
223,141,1
223,142,1
223,143,1
223,144,1
223,145,1
224,145,1
224,146,1
225,147,1
226,148,1
227,149,1
228,149,1
229,149,1
229,150,1
230,150,1
231,150,1
232,150,1
233,150,1
234,150,1
235,150,1
236,150,1
236,149,1
237,149,1
238,149,1
239,149,1
240,149,1
241,148,1
242,148,1
243,148,1
244,148,1
245,148,1
246,147,1
247,147,1
248,147,1
249,147,1
250,147,1
251,147,1
252,147,1
252,148,1
253,148,1
254,148,1
254,149,1
255,149,1
255,150,1
256,150,1
256,151,1
256,152,1
257,152,1
257,153,1
257,154,1
257,155,1
258,156,1
258,157,1
258,158,1
258,159,1
258,160,1
258,161,1
258,162,1
258,163,1
259,164,1
259,165,1
259,166,1
259,167,1
259,168,1
259,169,1
259,170,1
259,171,1
259,172,1
259,173,1
259,174,1
259,175,1
259,176,1
259,177,1
258,177,1
258,178,1
258,179,1
258,180,1
258,181,1
258,182,1
258,183,1
257,184,1
257,185,1
257,186,1
257,187,1
256,188,1
256,189,1
256,190,1
255,190,1
255,191,1
255,192,1
254,193,1
254,194,1
254,195,1
253,195,1
253,196,1
253,197,1
252,198,1
252,199,1
251,199,1
251,200,1
251,201,1
250,201,1
250,202,1
249,203,1
249,204,1
248,205,1
247,206,1
247,207,1
246,207,1
246,208,1
245,208,1
245,209,1
244,210,1
243,211,1
242,212,1
241,213,1
240,214,1
239,214,1
239,215,1
238,215,1
238,216,1
237,216,1
237,217,1
236,217,1
235,218,1
234,218,1
234,219,1
233,219,1
232,219,1
232,220,1
231,220,1
230,220,1
229,221,1
228,221,1
227,221,1
226,221,1
225,222,1
224,222,1
223,222,1
222,222,1
221,222,1
220,222,1
219,221,1
218,221,1
217,221,1
217,220,1
216,220,1
215,220,1
215,219,1
214,219,1
214,218,1
213,217,1
213,216,1
212,216,1
212,215,1
212,214,1
212,213,1
212,212,1
213,212,1
213,211,1
214,211,1
215,211,1
215,210,1
216,210,1
217,210,1
218,210,1
219,210,1
220,210,1
221,210,1
222,211,1
223,211,1
224,212,1
225,212,1
226,212,1
226,213,1
227,213,1
228,214,1
229,214,1
229,215,1
230,215,1
230,216,1
231,216,1
231,217,1
232,217,1
232,218,1
233,218,1
234,219,1
235,220,1
236,221,1
237,222,1
238,223,1
239,224,1
240,225,1
241,226,1
242,227,1
243,228,1
244,229,1
245,229,1
245,230,1
246,230,1
246,231,1
247,231,1
247,232,1
248,232,1
248,233,1
249,233,1
250,234,1
250,235,1
251,235,1
252,236,1
252,237,1
253,237,1
254,238,1
255,238,1
255,239,1
256,239,1
256,240,1
257,240,1
258,241,1
259,242,1
260,242,1
261,243,1
262,243,1
262,244,1
263,244,1
264,244,1
264,245,1
265,245,1
266,245,1
267,246,1
268,246,1
269,246,1
270,246,1
271,246,1
303,201,0
338,154,1
338,155,1
338,156,1
338,157,1
338,158,1
338,159,1
338,160,1
338,161,1
338,162,1
338,163,1
338,164,1
338,165,1
339,166,1
339,167,1
339,168,1
339,169,1
339,170,1
339,171,1
340,171,1
340,172,1
340,173,1
340,174,1
340,175,1
340,176,1
340,177,1
340,178,1
340,179,1
340,180,1
340,181,1
340,182,1
340,183,1
341,184,1
341,185,1
341,186,1
341,187,1
341,188,1
341,189,1
342,190,1
342,191,1
342,192,1
342,193,1
342,194,1
342,195,1
342,196,1
342,197,1
342,198,1
342,199,1
342,200,1
342,201,1
343,202,1
343,203,1
343,204,1
343,205,1
343,206,1
343,207,1
343,208,1
344,208,1
344,209,1
344,210,1
344,211,1
344,212,1
344,213,1
344,214,1
345,214,1
345,215,1
345,216,1
345,217,1
345,218,1
345,219,1
345,220,1
345,221,1
345,222,1
345,223,1
346,224,1
346,225,1
346,226,1
346,227,1
346,228,1
345,228,1
344,227,1
343,226,1
342,226,1
342,225,1
341,225,1
341,224,1
340,224,1
340,223,1
339,223,1
338,222,1
337,222,1
336,222,1
336,221,1
335,221,1
334,221,1
333,221,1
332,221,1
332,222,1
331,222,1
330,222,1
329,223,1
329,224,1
328,224,1
328,225,1
328,226,1
328,227,1
328,228,1
329,229,1
330,229,1
330,230,1
331,230,1
332,230,1
332,231,1
333,231,1
334,231,1
335,231,1
336,232,1
337,232,1
338,232,1
339,232,1
340,232,1
341,232,1
342,233,1
343,233,1
343,234,1
344,234,1
344,235,1
344,236,1
345,236,1
345,237,1
345,238,1
345,239,1
345,240,1
345,241,1
345,242,1
345,243,1
345,244,1
345,245,1
345,246,1
345,247,1
345,248,1
345,249,1
345,250,1
345,251,1
345,252,1
345,253,1
345,254,1
345,255,1
345,256,1
345,257,1
346,258,1
346,259,1
346,260,1
346,261,1
346,262,1
346,263,1
346,264,1
345,264,1
345,265,1
345,266,1
345,267,1
345,268,1
345,269,1
345,270,1
345,271,1
345,272,1
345,273,1
345,274,1
345,275,1
344,275,1
344,276,1
344,277,1
344,278,1
343,279,1
343,280,1
343,281,1
342,281,1
342,282,1
341,283,1
341,284,1
341,285,1
340,285,1
340,286,1
339,287,1
339,288,1
338,288,1
338,289,1
337,289,1
336,290,1
335,291,1
334,292,1
333,292,1
332,293,1
331,293,1
330,294,1
329,294,1
328,294,1
327,295,1
326,295,1
325,295,1
324,295,1
323,295,1
322,295,1
321,295,1
320,295,1
319,295,1
318,295,1
318,294,1
317,294,1
316,294,1
315,294,1
314,293,1
313,293,1
312,292,1
311,292,1
310,291,1
309,290,1
308,290,1
307,289,1
306,288,1
305,288,1
305,287,1
304,287,1
304,286,1
303,286,1
303,285,1
302,285,1
302,284,1
301,284,1
300,283,1
299,282,1
298,281,1
297,280,1
297,279,1
296,279,1
296,278,1
295,278,1
295,277,1
295,276,1
294,276,1
294,275,1
293,275,1
293,274,1
293,273,1
292,273,1
292,272,1
292,271,1
291,271,1
291,270,1
291,269,1
291,268,1
290,267,1
290,266,1
290,265,1
289,264,1
351,217,0
412,165,1
412,166,1
412,167,1
412,168,1
412,169,1
412,170,1
412,171,1
412,172,1
412,173,1
412,174,1
412,175,1
412,176,1
412,177,1
412,178,1
412,179,1
413,179,1
413,180,1
413,181,1
413,182,1
413,183,1
413,184,1
413,185,1
413,186,1
414,186,1
414,187,1
414,188,1
414,189,1
414,190,1
414,191,1
414,192,1
414,193,1
414,194,1
414,195,1
414,196,1
414,197,1
414,198,1
414,199,1
414,200,1
415,201,1
415,202,1
415,203,1
415,204,1
415,205,1
415,206,1
415,207,1
416,208,1
416,209,1
416,210,1
416,211,1
416,212,1
416,213,1
416,214,1
416,215,1
416,216,1
415,217,1
415,218,1
415,219,1
415,220,1
415,221,1
414,222,1
414,223,1
413,223,1
413,224,1
412,225,1
411,225,1
410,225,1
409,225,1
408,225,1
407,225,1
406,224,1
405,224,1
405,223,1
404,223,1
403,222,1
402,221,1
401,220,1
401,219,1
400,218,1
400,217,1
399,217,1
399,216,1
398,215,1
398,214,1
398,213,1
397,213,1
397,212,1
397,211,1
396,210,1
396,209,1
396,208,1
396,207,1
395,206,1
395,205,1
395,204,1
395,203,1
395,202,1
395,201,1
395,200,1
395,199,1
395,198,1
395,197,1
395,196,1
395,195,1
396,194,1
396,193,1
396,192,1
396,191,1
396,190,1
397,190,1
397,189,1
397,188,1
398,187,1
398,186,1
399,186,1
399,185,1
399,184,1
400,184,1
400,183,1
401,182,1
402,181,1
403,180,1
404,179,1
404,178,1
405,178,1
406,177,1
407,176,1
408,176,1
408,175,1
409,175,1
409,174,1
410,174,1
411,174,1
411,173,1
412,173,1
413,172,1
414,172,1
414,171,1
415,171,1
416,171,1
416,170,1
417,170,1
418,170,1
419,169,1
420,169,1
421,169,1
421,168,1
422,168,1
423,168,1
423,167,1
424,167,1
425,167,1
425,166,1
426,166,1
427,166,1
428,165,1
429,165,1
430,164,1
431,164,1
432,164,1
432,163,1
433,163,1
434,163,1
434,162,1
435,162,1
436,162,1
436,161,1
437,161,1
438,161,1
438,160,1
439,160,1
439,159,1
440,159,1
441,158,1
442,158,1
442,157,1
443,157,1
443,156,1
444,156,1
445,155,1
446,154,1
447,153,1
448,152,1
449,151,1
449,150,1
450,150,1
450,149,1
451,148,1
451,147,1
452,147,1
452,146,1
452,145,1
453,145,1
453,144,1
453,143,1
454,142,1
454,141,1
454,140,1
455,140,1
455,139,1
455,138,1
456,137,1
456,136,1
456,135,1
457,134,1
457,133,1
457,132,1
457,131,1
458,130,1
458,129,1
458,128,1
459,128,1
459,129,1
459,130,1
460,131,1
460,132,1
460,133,1
460,134,1
460,135,1
460,136,1
460,137,1
460,138,1
460,139,1
460,140,1
460,141,1
460,142,1
460,143,1
461,144,1
461,145,1
461,146,1
461,147,1
461,148,1
461,149,1
461,150,1
462,151,1
462,152,1
462,153,1
462,154,1
462,155,1
462,156,1
462,157,1
462,158,1
462,159,1
462,160,1
462,161,1
462,162,1
462,163,1
462,164,1
462,165,1
463,166,1
463,167,1
463,168,1
463,169,1
463,170,1
463,171,1
463,172,1
464,173,1
464,174,1
464,175,1
464,176,1
464,177,1
464,178,1
464,179,1
464,180,1
464,181,1
464,182,1
464,183,1
464,184,1
464,185,1
464,186,1
465,186,1
465,187,1
465,188,1
465,189,1
465,190,1
465,191,1
465,192,1
465,193,1
466,194,1
466,195,1
466,196,1
466,197,1
466,198,1
466,199,1
466,200,1
466,201,1
466,202,1
466,203,1
466,204,1
467,205,1
467,206,1
467,207,1
467,208,1
467,209,1
467,210,1
468,210,1
468,211,1
468,212,1
468,213,1
468,214,1
468,215,1
469,215,1
469,216,1
469,217,1
469,218,1
469,219,1
470,220,1
470,221,1
470,222,1
471,223,1
472,224,1
472,223,1
473,223,1
473,222,1
473,221,1
473,220,1
473,219,1
499,184,0
525,143,1
525,144,1
525,145,1
526,146,1
526,147,1
526,148,1
526,149,1
526,150,1
527,151,1
527,152,1
527,153,1
527,154,1
527,155,1
527,156,1
527,157,1
527,158,1
527,159,1
527,160,1
528,160,1
528,161,1
528,162,1
528,163,1
528,164,1
528,165,1
528,166,1
529,167,1
529,168,1
529,169,1
529,170,1
529,171,1
529,172,1
529,173,1
529,174,1
529,175,1
529,176,1
529,177,1
529,178,1
529,179,1
529,180,1
529,181,1
530,182,1
530,183,1
530,184,1
530,185,1
530,186,1
530,187,1
530,188,1
530,189,1
530,190,1
530,191,1
530,192,1
531,192,1
531,193,1
531,194,1
531,195,1
531,196,1
531,197,1
531,198,1
531,199,1
531,200,1
531,201,1
531,202,1
531,203,1
531,204,1
531,205,1
531,206,1
531,207,1
531,208,1
531,209,1
530,210,1
530,211,1
530,212,1
530,213,1
529,213,1
529,214,1
528,214,1
528,215,1
527,215,1
526,215,1
526,216,1
525,216,1
524,215,1
523,215,1
522,215,1
522,214,1
521,214,1
521,213,1
520,213,1
520,212,1
519,212,1
519,211,1
518,211,1
518,210,1
517,209,1
516,208,1
515,207,1
515,206,1
515,205,1
514,205,1
514,204,1
514,203,1
513,203,1
513,202,1
513,201,1
512,201,1
512,200,1
512,199,1
511,198,1
511,197,1
511,196,1
510,195,1
510,194,1
510,193,1
509,192,1
509,191,1
509,190,1
509,189,1
508,188,1
508,187,1
508,186,1
508,185,1
508,184,1
508,183,1
508,182,1
508,181,1
508,180,1
508,179,1
508,178,1
508,177,1
509,177,1
509,176,1
509,175,1
509,174,1
510,173,1
510,172,1
511,171,1
511,170,1
512,169,1
512,168,1
513,168,1
513,167,1
514,166,1
515,165,1
515,164,1
516,164,1
517,164,1
517,163,1
518,163,1
518,162,1
519,162,1
520,161,1
521,161,1
521,160,1
522,160,1
523,160,1
523,159,1
524,159,1
525,159,1
525,158,1
526,158,1
527,158,1
528,157,1
529,157,1
530,156,1
531,156,1
532,156,1
533,155,1
534,155,1
535,155,1
536,155,1
536,154,1
537,154,1
538,154,1
539,154,1
540,154,1
540,153,1
541,153,1
542,153,1
543,153,1
544,153,1
545,152,1
546,152,1
547,152,1
548,152,1
549,151,1
550,151,1
551,151,1
552,150,1
553,150,1
554,150,1
555,150,1
555,149,1
556,149,1
557,149,1
558,148,1
559,148,1
560,147,1
561,147,1
562,146,1
563,146,1
564,145,1
565,145,1
566,144,1
567,143,1
568,142,1
569,141,1
570,141,1
571,140,1
571,139,1
572,139,1
572,138,1
573,138,1
573,137,1
574,137,1
574,136,1
575,136,1
575,135,1
576,134,1
576,133,1
577,133,1
577,132,1
577,131,1
578,131,1
578,130,1
578,129,1
579,129,1
579,128,1
579,127,1
580,126,1
580,125,1
581,124,1
581,123,1
581,122,1
581,121,1
582,121,1
582,120,1
582,119,1
582,118,1
582,117,1
583,116,1
583,115,1
583,114,1
584,114,1
584,115,1
584,116,1
584,117,1
584,118,1
584,119,1
584,120,1
585,120,1
585,121,1
585,122,1
585,123,1
585,124,1
585,125,1
585,126,1
585,127,1
585,128,1
586,129,1
586,130,1
586,131,1
586,132,1
586,133,1
586,134,1
586,135,1
586,136,1
586,137,1
586,138,1
586,139,1
586,140,1
586,141,1
586,142,1
586,143,1
587,144,1
587,145,1
587,146,1
587,147,1
587,148,1
587,149,1
587,150,1
588,151,1
588,152,1
588,153,1
588,154,1
588,155,1
588,156,1
588,157,1
588,158,1
588,159,1
588,160,1
588,161,1
588,162,1
588,163,1
588,164,1
589,164,1
589,165,1
589,166,1
589,167,1
589,168,1
589,169,1
589,170,1
589,171,1
590,172,1
590,173,1
590,174,1
590,175,1
590,176,1
590,177,1
590,178,1
590,179,1
590,180,1
590,181,1
590,182,1
590,183,1
590,184,1
591,185,1
591,186,1
591,187,1
591,188,1
591,189,1
591,190,1
592,191,1
592,192,1
592,193,1
592,194,1
592,195,1
592,196,1
592,197,1
592,198,1
592,199,1
592,200,1
592,201,1
592,202,1
592,203,1
593,203,1
593,204,1
593,205,1
593,206,1
593,207,1
593,208,1
594,209,1
594,210,1
594,211,1
594,212,1
594,213,1
594,214,1
595,214,1
595,215,1
595,216,1
595,217,1
595,218,1
595,219,1
595,220,1
595,221,1
595,222,1
594,221,1
471,176,0
345,130,1
346,130,1
347,130,1
347,129,1
348,129,1
349,129,1
350,129,1
351,129,1
352,129,1
353,129,1
354,128,1
355,128,1
356,128,1
357,128,1
358,128,1
359,128,1
360,127,1
361,127,1
362,127,1
363,127,1
364,127,1
365,127,1
366,127,1
366,126,1
367,126,1
368,126,1
369,126,1
370,126,1
371,126,1
372,125,1
373,125,1
374,125,1
375,125,1
376,125,1
377,125,1
378,125,1
379,125,1
379,124,1
380,124,1
381,124,1
382,124,1
383,124,1
384,124,1
384,123,1
385,123,1
386,123,1
387,123,1
388,123,1
389,123,1
390,123,1
391,123,1
392,123,1
392,122,1
393,122,1
394,122,1
395,122,1
396,122,1
397,122,1
397,121,1
398,121,1
399,121,1
400,121,1
401,121,1
402,121,1
403,121,1
404,121,1
405,121,1
405,120,1
406,120,1
407,120,1
408,120,1
409,120,1
410,119,1
411,119,1
412,119,1
413,119,1
413,118,1
414,118,1
461,112,0
507,106,1
508,106,1
509,106,1
510,106,1
510,105,1
511,105,1
512,105,1
513,105,1
514,105,1
515,105,1
516,105,1
517,105,1
518,105,1
519,105,1
520,105,1
521,105,1
522,104,1
523,104,1
524,104,1
525,104,1
526,104,1
527,103,1
528,103,1
529,103,1
530,103,1
531,103,1
532,103,1
533,103,1
534,103,1
535,103,1
536,103,1
537,103,1
538,102,1
539,102,1
540,102,1
541,102,1
542,102,1
542,101,1
543,101,1
544,101,1
545,101,1
546,101,1
547,101,1
548,101,1
549,101,1
550,101,1
551,101,1
552,101,1
553,100,1
554,100,1
555,100,1
556,100,1
557,100,1
558,99,1
559,99,1
560,99,1
561,99,1
562,99,1
563,99,1
564,99,1
565,99,1
566,99,1
566,98,1
567,98,1
568,98,1
569,98,1
570,98,1
571,98,1
572,97,1
573,97,1
574,97,1
575,97,1
576,97,1
577,97,1
578,97,1
579,97,1
580,97,1
581,97,1
582,96,1
583,96,1
584,96,1
585,96,1
586,96,1
586,95,1
587,95,1
588,95,1
589,95,1
590,95,1
591,95,1
592,95,1
593,95,1
594,95,1
595,95,1
596,95,1
597,94,1
598,94,1
599,94,1
600,94,1
601,94,1
601,93,1
602,93,1
603,93,1
604,93,1
605,93,1
606,92,1
607,92,1
608,92,1
609,92,1
610,92,1
611,92,1
612,92,1
613,92,1
614,92,1
615,92,1
616,92,1
616,91,1
617,91,1
618,91,1
619,91,1
620,91,1
621,91,1
621,90,1
622,90,1
623,90,1
624,90,1
625,90,1
626,90,1
627,90,1
628,90,1
629,90,1
630,90,1
631,89,1
632,89,1
633,89,1
634,89,1
635,89,1
636,88,1
637,88,1
638,88,1
639,88,1
640,88,1
641,88,1
642,88,1
643,88,1
644,88,1
645,88,1
646,87,1
647,87,1
648,87,1
649,87,1
650,87,1
651,86,1
652,86,1
653,86,1
654,86,1
655,86,1
656,86,1
657,86,1
658,86,1
659,86,1
660,86,1
661,85,1
662,85,1
663,85,1
664,85,1
665,85,1
666,84,1
667,84,1
668,84,1
669,84,1
670,84,1
671,84,1
672,84,1
673,84,1
674,84,1
675,83,1
676,83,1
677,83,1
678,83,1
679,83,1
679,82,1
680,82,1
681,82,1
682,82,1
683,82,1
684,82,1
685,82,1
686,82,1
686,81,1
687,81,1
688,81,1
689,81,1
690,81,1
690,80,1
691,80,1
692,80,1
693,79,1
692,79,1
692,79,0
