398,261,1
398,262,1
398,263,1
398,264,1
398,265,1
399,265,1
399,266,1
399,267,1
399,268,1
399,269,1
399,270,1
399,271,1
399,272,1
399,273,1
398,274,1
398,275,1
398,276,1
398,277,1
398,278,1
398,279,1
398,280,1
398,281,1
397,282,1
397,283,1
397,284,1
397,285,1
397,286,1
396,287,1
396,288,1
396,289,1
396,290,1
396,291,1
395,291,1
395,292,1
395,293,1
395,294,1
394,295,1
394,296,1
394,297,1
393,298,1
393,299,1
392,300,1
392,301,1
392,302,1
391,303,1
391,304,1
390,305,1
390,306,1
389,307,1
389,308,1
388,308,1
388,309,1
387,310,1
386,311,1
386,312,1
385,312,1
385,313,1
384,314,1
383,315,1
382,316,1
381,317,1
380,318,1
379,319,1
378,319,1
378,320,1
377,320,1
376,321,1
375,321,1
375,322,1
374,322,1
373,323,1
372,323,1
371,323,1
370,324,1
369,324,1
368,325,1
367,325,1
366,325,1
365,325,1
364,325,1
363,325,1
362,325,1
361,325,1
360,325,1
359,325,1
358,325,1
357,325,1
357,324,1
356,324,1
357,324,1
358,324,1
359,324,1
359,325,1
360,325,1
361,325,1
361,326,1
362,326,1
363,326,1
364,327,1
365,327,1
365,328,1
366,328,1
367,329,1
368,329,1
368,330,1
369,331,1
370,331,1
371,332,1
372,333,1
373,334,1
374,334,1
374,335,1
375,336,1
376,337,1
377,337,1
377,338,1
378,339,1
379,339,1
380,340,1
381,341,1
381,342,1
382,342,1
383,343,1
384,344,1
384,345,1
385,345,1
386,346,1
387,347,1
387,348,1
388,348,1
389,349,1
390,350,1
391,351,1
392,352,1
393,352,1
394,353,1
394,354,1
395,354,1
396,355,1
397,355,1
398,356,1
398,357,1
399,357,1
400,358,1
401,358,1
402,359,1
403,359,1
404,360,1
405,360,1
406,359,1
444,315,0
486,266,1
486,267,1
486,268,1
486,269,1
486,270,1
486,271,1
487,272,1
487,273,1
487,274,1
487,275,1
487,276,1
487,277,1
487,278,1
487,279,1
487,280,1
487,281,1
487,282,1
487,283,1
487,284,1
487,285,1
488,286,1
488,287,1
488,288,1
488,289,1
488,290,1
488,291,1
488,292,1
488,293,1
488,294,1
488,295,1
488,296,1
488,297,1
488,298,1
488,299,1
489,300,1
489,301,1
489,302,1
489,303,1
489,304,1
489,305,1
489,306,1
489,307,1
489,308,1
489,309,1
489,310,1
489,311,1
489,312,1
489,313,1
489,314,1
489,315,1
490,315,1
490,316,1
490,317,1
490,318,1
490,319,1
490,320,1
490,321,1
490,322,1
490,323,1
490,324,1
490,325,1
491,325,1
491,326,1
491,327,1
491,328,1
491,329,1
491,330,1
491,331,1
491,332,1
491,333,1
491,334,1
492,335,1
492,336,1
492,337,1
492,338,1
492,339,1
491,339,1
491,340,1
491,341,1
491,342,1
490,342,1
490,343,1
489,343,1
489,344,1
488,344,1
487,345,1
486,345,1
485,346,1
484,346,1
483,346,1
483,347,1
482,347,1
481,348,1
481,349,1
481,350,1
481,351,1
481,352,1
482,352,1
482,353,1
483,353,1
484,354,1
485,355,1
486,355,1
487,355,1
487,356,1
488,356,1
489,356,1
489,357,1
490,357,1
491,357,1
491,358,1
492,358,1
492,359,1
493,359,1
493,360,1
494,361,1
494,362,1
495,363,1
495,364,1
495,365,1
496,366,1
496,367,1
496,368,1
496,369,1
496,370,1
496,371,1
496,372,1
496,373,1
496,374,1
496,375,1
496,376,1
496,377,1
496,378,1
496,379,1
495,380,1
495,381,1
495,382,1
495,383,1
495,384,1
495,385,1
495,386,1
494,387,1
494,388,1
494,389,1
494,390,1
494,391,1
493,392,1
493,393,1
493,394,1
492,395,1
492,396,1
492,397,1
491,398,1
491,399,1
491,400,1
490,400,1
490,401,1
489,402,1
489,403,1
488,404,1
488,405,1
487,406,1
486,407,1
486,408,1
485,409,1
484,409,1
484,410,1
483,411,1
483,412,1
482,412,1
481,413,1
481,414,1
480,414,1
479,415,1
479,416,1
478,416,1
477,417,1
476,418,1
475,418,1
474,419,1
473,419,1
473,420,1
472,420,1
471,421,1
470,421,1
469,422,1
468,422,1
467,422,1
466,423,1
465,423,1
464,423,1
464,424,1
463,424,1
462,424,1
461,424,1
460,424,1
459,424,1
458,425,1
457,425,1
456,425,1
455,425,1
454,425,1
453,425,1
452,425,1
451,425,1
450,425,1
449,425,1
448,425,1
447,425,1
446,425,1
445,425,1
444,425,1
443,425,1
442,425,1
441,424,1
440,424,1
439,424,1
438,424,1
437,424,1
436,424,1
435,423,1
434,423,1
433,422,1
432,422,1
431,422,1
430,421,1
429,421,1
428,421,1
427,420,1
426,420,1
425,419,1
424,419,1
423,418,1
422,418,1
421,417,1
420,417,1
419,416,1
418,416,1
418,415,1
417,415,1
416,414,1
415,413,1
414,413,1
414,412,1
413,412,1
412,411,1
411,410,1
410,409,1
409,408,1
409,407,1
408,407,1
407,406,1
407,405,1
406,404,1
405,404,1
405,403,1
404,402,1
404,401,1
404,400,1
404,399,1
403,398,1
403,397,1
497,342,0
589,276,1
589,277,1
589,278,1
589,279,1
589,280,1
589,281,1
589,282,1
589,283,1
589,284,1
589,285,1
589,286,1
589,287,1
589,288,1
589,289,1
589,290,1
589,291,1
589,292,1
590,293,1
590,294,1
590,295,1
590,296,1
590,297,1
590,298,1
590,299,1
590,300,1
590,301,1
590,302,1
590,303,1
590,304,1
590,305,1
590,306,1
590,307,1
590,308,1
590,309,1
590,310,1
590,311,1
590,312,1
590,313,1
590,314,1
591,315,1
591,316,1
591,317,1
591,318,1
591,319,1
591,320,1
591,321,1
591,322,1
591,323,1
591,324,1
591,325,1
591,326,1
591,327,1
591,328,1
591,329,1
590,330,1
590,331,1
590,332,1
590,333,1
590,334,1
590,335,1
589,335,1
589,336,1
589,337,1
588,338,1
588,339,1
587,340,1
587,341,1
586,341,1
586,342,1
585,342,1
585,343,1
584,343,1
583,343,1
583,344,1
582,344,1
581,344,1
581,343,1
580,343,1
579,343,1
578,342,1
577,341,1
577,340,1
576,340,1
576,339,1
575,338,1
575,337,1
574,336,1
574,335,1
574,334,1
574,333,1
573,332,1
573,331,1
573,330,1
573,329,1
573,328,1
573,327,1
573,326,1
573,325,1
573,324,1
573,323,1
573,322,1
573,321,1
573,320,1
573,319,1
574,318,1
574,317,1
574,316,1
575,315,1
575,314,1
575,313,1
576,313,1
576,312,1
577,311,1
577,310,1
578,309,1
578,308,1
579,307,1
580,306,1
581,305,1
582,304,1
582,303,1
583,303,1
584,302,1
585,301,1
586,300,1
587,300,1
588,299,1
588,298,1
589,298,1
590,297,1
591,297,1
591,296,1
592,296,1
593,295,1
594,295,1
595,295,1
596,294,1
597,294,1
597,293,1
598,293,1
599,292,1
600,292,1
601,292,1
602,291,1
603,291,1
604,291,1
605,290,1
606,289,1
607,289,1
608,289,1
609,288,1
610,288,1
611,288,1
612,287,1
613,287,1
614,286,1
615,286,1
616,285,1
617,285,1
618,285,1
618,284,1
619,284,1
620,283,1
621,283,1
622,282,1
623,282,1
624,281,1
625,281,1
626,280,1
627,279,1
628,278,1
629,278,1
629,277,1
630,276,1
631,276,1
631,275,1
632,274,1
633,274,1
633,273,1
634,272,1
634,271,1
635,271,1
636,270,1
636,269,1
637,268,1
638,267,1
638,266,1
639,265,1
639,264,1
640,264,1
640,263,1
640,262,1
641,261,1
641,260,1
641,259,1
642,259,1
642,258,1
642,257,1
643,256,1
643,255,1
643,254,1
644,253,1
644,252,1
645,252,1
645,251,1
646,251,1
646,252,1
647,252,1
647,253,1
647,254,1
647,255,1
647,256,1
648,257,1
648,258,1
648,259,1
648,260,1
648,261,1
648,262,1
648,263,1
648,264,1
648,265,1
649,265,1
649,266,1
649,267,1
649,268,1
649,269,1
649,270,1
649,271,1
649,272,1
649,273,1
649,274,1
650,275,1
650,276,1
650,277,1
650,278,1
650,279,1
650,280,1
650,281,1
650,282,1
650,283,1
651,284,1
651,285,1
651,286,1
651,287,1
651,288,1
651,289,1
651,290,1
651,291,1
651,292,1
652,293,1
652,294,1
652,295,1
652,296,1
652,297,1
652,298,1
652,299,1
652,300,1
652,301,1
652,302,1
652,303,1
653,304,1
653,305,1
653,306,1
653,307,1
653,308,1
653,309,1
653,310,1
653,311,1
653,312,1
653,313,1
653,314,1
654,315,1
654,316,1
654,317,1
654,318,1
654,319,1
654,320,1
654,321,1
654,322,1
654,323,1
654,324,1
654,325,1
655,325,1
655,326,1
655,327,1
655,328,1
655,329,1
655,330,1
655,331,1
655,332,1
655,333,1
655,334,1
656,334,1
656,333,1
694,294,0
733,252,1
733,253,1
733,254,1
733,255,1
733,256,1
733,257,1
733,258,1
733,259,1
733,260,1
733,261,1
733,262,1
733,263,1
733,264,1
733,265,1
733,266,1
733,267,1
733,268,1
733,269,1
733,270,1
733,271,1
732,272,1
732,273,1
732,274,1
732,275,1
732,276,1
732,277,1
732,278,1
732,279,1
732,280,1
732,281,1
732,282,1
731,283,1
731,284,1
731,285,1
731,286,1
731,287,1
731,288,1
731,289,1
731,290,1
731,291,1
730,292,1
730,293,1
730,294,1
730,295,1
729,296,1
729,297,1
729,298,1
729,299,1
729,300,1
728,301,1
728,302,1
727,303,1
727,304,1
726,305,1
726,306,1
725,306,1
725,307,1
724,307,1
724,308,1
723,308,1
722,309,1
721,309,1
720,309,1
719,309,1
718,308,1
717,308,1
716,307,1
715,307,1
715,306,1
714,306,1
714,305,1
713,304,1
712,303,1
712,302,1
711,302,1
711,301,1
710,300,1
710,299,1
709,298,1
709,297,1
709,296,1
708,295,1
708,294,1
708,293,1
707,292,1
707,291,1
707,290,1
707,289,1
707,288,1
707,287,1
707,286,1
707,285,1
707,284,1
707,283,1
708,282,1
708,281,1
708,280,1
708,279,1
709,278,1
709,277,1
710,276,1
710,275,1
711,274,1
711,273,1
712,273,1
712,272,1
713,271,1
713,270,1
714,270,1
715,269,1
715,268,1
716,268,1
717,267,1
718,267,1
718,266,1
719,265,1
720,265,1
721,264,1
722,263,1
723,263,1
724,262,1
725,262,1
725,261,1
726,261,1
727,261,1
728,260,1
729,260,1
730,259,1
731,259,1
732,258,1
733,258,1
734,257,1
735,257,1
736,257,1
736,256,1
737,256,1
738,255,1
739,255,1
740,255,1
741,254,1
742,254,1
743,253,1
744,253,1
745,253,1
745,252,1
746,252,1
747,251,1
748,251,1
749,250,1
750,250,1
751,249,1
752,248,1
753,248,1
754,247,1
755,246,1
756,246,1
756,245,1
757,245,1
758,244,1
759,243,1
760,243,1
760,242,1
761,241,1
762,241,1
763,240,1
764,239,1
765,238,1
765,237,1
766,237,1
767,236,1
767,235,1
768,234,1
769,234,1
769,233,1
770,232,1
770,231,1
771,231,1
771,230,1
772,229,1
772,228,1
773,228,1
773,227,1
773,226,1
774,225,1
775,224,1
775,223,1
776,222,1
776,221,1
777,220,1
777,219,1
778,218,1
779,217,1
780,216,1
781,216,1
782,216,1
782,217,1
783,217,1
783,218,1
783,219,1
783,220,1
784,220,1
784,221,1
784,222,1
784,223,1
784,224,1
784,225,1
784,226,1
784,227,1
785,228,1
785,229,1
785,230,1
785,231,1
785,232,1
785,233,1
785,234,1
785,235,1
785,236,1
785,237,1
785,238,1
785,239,1
785,240,1
785,241,1
785,242,1
785,243,1
785,244,1
785,245,1
785,246,1
785,247,1
785,248,1
785,249,1
785,250,1
785,251,1
785,252,1
785,253,1
785,254,1
785,255,1
785,256,1
785,257,1
785,258,1
785,259,1
785,260,1
785,261,1
786,262,1
786,263,1
786,264,1
786,265,1
786,266,1
786,267,1
786,268,1
786,269,1
786,270,1
786,271,1
786,272,1
786,273,1
786,274,1
786,275,1
786,276,1
786,277,1
786,278,1
786,279,1
786,280,1
787,281,1
787,282,1
787,283,1
787,284,1
787,285,1
787,286,1
787,287,1
787,288,1
787,289,1
787,290,1
787,291,1
787,292,1
787,293,1
787,294,1
787,295,1
787,296,1
787,297,1
788,298,1
788,299,1
788,300,1
788,301,1
788,302,1
788,303,1
788,304,1
788,305,1
788,306,1
788,307,1
788,308,1
788,309,1
788,310,1
788,311,1
788,312,1
788,313,1
789,314,1
789,315,1
789,316,1
789,317,1
789,318,1
789,319,1
789,320,1
789,321,1
789,322,1
789,323,1
789,324,1
789,325,1
789,326,1
789,327,1
789,328,1
789,329,1
789,330,1
789,331,1
789,332,1
788,332,1
787,331,1
786,330,1
640,271,0
486,212,1
487,212,1
488,212,1
489,212,1
490,212,1
491,212,1
492,212,1
493,212,1
494,211,1
495,211,1
496,211,1
497,211,1
498,211,1
499,211,1
500,211,1
501,211,1
502,210,1
503,210,1
504,210,1
505,210,1
506,210,1
507,210,1
508,210,1
509,209,1
510,209,1
511,209,1
512,209,1
513,209,1
514,209,1
515,209,1
516,208,1
517,208,1
518,208,1
519,208,1
520,208,1
521,208,1
522,208,1
523,208,1
524,207,1
525,207,1
526,207,1
527,207,1
528,207,1
529,207,1
530,207,1
531,206,1
532,206,1
533,206,1
534,206,1
535,206,1
536,206,1
537,206,1
538,206,1
539,206,1
540,205,1
541,205,1
542,205,1
543,205,1
544,205,1
545,205,1
546,205,1
547,205,1
548,205,1
549,205,1
550,205,1
551,205,1
552,205,1
553,204,1
554,204,1
555,204,1
556,204,1
557,204,1
558,204,1
559,204,1
560,204,1
561,204,1
562,204,1
563,204,1
564,204,1
565,204,1
566,204,1
567,204,1
568,204,1
569,204,1
570,204,1
571,204,1
626,201,0
681,199,1
682,199,1
683,199,1
684,199,1
685,199,1
686,199,1
687,198,1
688,198,1
689,198,1
690,198,1
691,198,1
692,198,1
693,198,1
694,198,1
695,198,1
696,198,1
697,198,1
698,197,1
699,197,1
700,197,1
701,197,1
702,197,1
703,197,1
704,197,1
705,197,1
706,197,1
707,197,1
708,197,1
709,197,1
710,196,1
711,196,1
712,196,1
713,196,1
714,196,1
715,196,1
716,196,1
717,196,1
718,196,1
719,196,1
720,196,1
721,196,1
722,195,1
723,195,1
724,195,1
725,195,1
726,195,1
727,195,1
728,195,1
729,195,1
730,195,1
731,195,1
732,195,1
733,195,1
734,195,1
735,195,1
736,195,1
737,195,1
738,195,1
739,195,1
740,195,1
741,195,1
742,195,1
743,195,1
744,195,1
745,195,1
746,195,1
747,194,1
748,194,1
749,194,1
750,194,1
751,194,1
752,194,1
753,194,1
754,194,1
755,194,1
756,194,1
757,194,1
758,194,1
759,194,1
760,194,1
761,193,1
762,193,1
763,193,1
764,193,1
765,193,1
766,193,1
767,193,1
768,193,1
769,193,1
770,193,1
771,193,1
772,193,1
773,193,1
774,193,1
775,193,1
776,192,1
777,192,1
778,192,1
779,192,1
780,192,1
781,192,1
782,192,1
783,192,1
784,192,1
785,192,1
786,192,1
787,192,1
788,192,1
789,192,1
790,192,1
791,192,1
792,192,1
793,192,1
794,191,1
795,191,1
796,191,1
797,191,1
798,191,1
799,191,1
800,191,1
801,191,1
802,191,1
803,191,1
804,191,1
805,191,1
806,191,1
807,191,1
808,191,1
809,191,1
810,190,1
811,190,1
812,190,1
813,190,1
814,190,1
815,190,1
816,190,1
817,190,1
818,190,1
819,190,1
820,190,1
821,190,1
822,190,1
823,190,1
824,190,1
825,190,1
825,189,1
826,189,1
827,189,1
828,189,1
829,189,1
830,189,1
831,189,1
832,189,1
833,189,1
834,189,1
835,189,1
836,189,1
837,189,1
838,189,1
839,189,1
840,189,1
841,188,1
842,188,1
843,188,1
844,188,1
845,188,1
846,188,1
847,188,1
848,188,1
849,188,1
850,188,1
851,188,1
852,188,1
853,188,1
854,188,1
855,187,1
856,187,1
857,187,1
858,187,1
859,187,1
860,187,1
861,187,1
862,187,1
863,187,1
864,187,1
865,187,1
866,187,1
867,186,1
868,186,1
869,186,1
870,186,1
871,186,1
872,186,1
873,186,1
874,186,1
875,186,1
876,186,1
877,186,1
878,186,1
879,185,1
880,185,1
881,185,1
882,185,1
883,185,1
884,185,1
883,185,1
882,185,1
881,185,1
881,185,0
