222,170,1
222,171,1
223,172,1
223,173,1
223,174,1
223,175,1
223,176,1
223,177,1
223,178,1
223,179,1
223,180,1
223,181,1
223,182,1
223,183,1
223,184,1
223,185,1
223,186,1
223,187,1
223,188,1
223,189,1
223,190,1
223,191,1
223,192,1
223,193,1
222,194,1
222,195,1
222,196,1
222,197,1
222,198,1
221,199,1
221,200,1
221,201,1
221,202,1
220,202,1
220,203,1
220,204,1
220,205,1
219,206,1
219,207,1
218,208,1
218,209,1
218,210,1
217,211,1
217,212,1
216,213,1
216,214,1
215,214,1
215,215,1
214,216,1
213,217,1
212,218,1
211,219,1
211,220,1
210,220,1
210,221,1
209,221,1
208,222,1
207,222,1
207,223,1
206,223,1
205,223,1
205,224,1
204,224,1
203,224,1
202,224,1
201,225,1
200,225,1
199,225,1
198,225,1
197,226,1
198,226,1
198,227,1
199,227,1
199,228,1
200,228,1
201,229,1
202,229,1
202,230,1
203,230,1
204,231,1
205,231,1
205,232,1
206,232,1
206,233,1
207,233,1
208,234,1
209,235,1
210,236,1
211,237,1
212,238,1
213,239,1
214,240,1
215,241,1
216,242,1
216,243,1
217,243,1
217,244,1
218,244,1
219,245,1
220,246,1
221,247,1
221,248,1
222,248,1
223,249,1
224,250,1
225,251,1
226,251,1
227,252,1
228,252,1
228,253,1
229,253,1
230,253,1
231,253,1
258,217,0
287,178,1
287,179,1
287,180,1
288,181,1
288,182,1
288,183,1
288,184,1
288,185,1
288,186,1
288,187,1
288,188,1
289,189,1
289,190,1
289,191,1
289,192,1
289,193,1
289,194,1
289,195,1
289,196,1
289,197,1
289,198,1
290,199,1
290,200,1
290,201,1
290,202,1
290,203,1
290,204,1
291,204,1
291,205,1
291,206,1
291,207,1
291,208,1
291,209,1
291,210,1
291,211,1
291,212,1
291,213,1
291,214,1
291,215,1
291,216,1
292,217,1
292,218,1
292,219,1
292,220,1
292,221,1
292,222,1
292,223,1
292,224,1
293,224,1
293,225,1
293,226,1
293,227,1
293,228,1
293,229,1
293,230,1
293,231,1
293,232,1
293,233,1
293,234,1
293,235,1
293,236,1
293,237,1
293,238,1
293,239,1
293,240,1
293,241,1
293,242,1
292,242,1
292,243,1
291,243,1
290,243,1
289,243,1
288,243,1
287,243,1
287,242,1
286,242,1
285,242,1
284,242,1
283,242,1
282,242,1
281,242,1
281,243,1
280,243,1
280,244,1
280,245,1
280,246,1
280,247,1
281,247,1
281,248,1
282,248,1
282,249,1
283,249,1
284,249,1
284,250,1
285,250,1
285,251,1
286,251,1
287,252,1
288,252,1
288,253,1
289,253,1
289,254,1
290,254,1
290,255,1
291,255,1
291,256,1
292,256,1
292,257,1
292,258,1
293,258,1
293,259,1
293,260,1
293,261,1
293,262,1
293,263,1
293,264,1
293,265,1
293,266,1
293,267,1
293,268,1
293,269,1
293,270,1
293,271,1
293,272,1
293,273,1
293,274,1
293,275,1
293,276,1
292,277,1
292,278,1
292,279,1
292,280,1
292,281,1
292,282,1
292,283,1
291,283,1
291,284,1
291,285,1
291,286,1
291,287,1
291,288,1
291,289,1
291,290,1
290,291,1
290,292,1
290,293,1
290,294,1
289,295,1
289,296,1
289,297,1
288,298,1
288,299,1
288,300,1
287,300,1
287,301,1
287,302,1
286,303,1
286,304,1
285,304,1
285,305,1
284,305,1
284,306,1
283,307,1
282,308,1
282,309,1
281,309,1
280,310,1
279,311,1
278,312,1
277,312,1
276,313,1
275,313,1
274,314,1
273,314,1
272,314,1
272,315,1
271,315,1
270,315,1
269,315,1
268,315,1
268,316,1
267,316,1
266,316,1
265,316,1
264,316,1
263,316,1
262,316,1
261,315,1
260,315,1
259,315,1
258,315,1
258,314,1
257,314,1
256,314,1
255,314,1
254,313,1
253,313,1
252,312,1
251,312,1
250,311,1
249,311,1
248,310,1
247,310,1
247,309,1
246,309,1
245,308,1
244,308,1
244,307,1
243,307,1
243,306,1
242,306,1
241,306,1
241,305,1
240,305,1
240,304,1
239,304,1
238,303,1
237,302,1
236,301,1
235,300,1
234,299,1
233,298,1
233,297,1
232,297,1
232,296,1
231,295,1
231,294,1
230,293,1
230,292,1
229,291,1
229,290,1
228,289,1
228,288,1
228,287,1
295,240,0
362,189,1
362,190,1
362,191,1
362,192,1
362,193,1
362,194,1
363,195,1
363,196,1
363,197,1
363,198,1
363,199,1
363,200,1
363,201,1
363,202,1
363,203,1
363,204,1
363,205,1
363,206,1
363,207,1
363,208,1
363,209,1
363,210,1
363,211,1
363,212,1
363,213,1
363,214,1
364,215,1
364,216,1
364,217,1
364,218,1
364,219,1
364,220,1
364,221,1
364,222,1
364,223,1
364,224,1
364,225,1
364,226,1
364,227,1
364,228,1
364,229,1
364,230,1
364,231,1
364,232,1
364,233,1
364,234,1
364,235,1
364,236,1
363,236,1
363,237,1
363,238,1
363,239,1
362,240,1
362,241,1
361,242,1
361,243,1
360,243,1
360,244,1
359,244,1
358,245,1
357,245,1
356,245,1
355,245,1
355,244,1
354,244,1
353,243,1
352,242,1
351,241,1
351,240,1
350,240,1
350,239,1
350,238,1
349,238,1
349,237,1
349,236,1
349,235,1
348,234,1
348,233,1
348,232,1
348,231,1
348,230,1
348,229,1
348,228,1
348,227,1
348,226,1
349,226,1
349,225,1
349,224,1
349,223,1
350,222,1
350,221,1
350,220,1
351,220,1
351,219,1
352,218,1
352,217,1
353,216,1
354,215,1
355,214,1
355,213,1
356,213,1
356,212,1
357,212,1
357,211,1
358,211,1
358,210,1
359,210,1
360,209,1
361,208,1
362,208,1
362,207,1
363,207,1
364,207,1
364,206,1
365,206,1
366,205,1
367,205,1
368,204,1
369,204,1
370,203,1
371,203,1
372,203,1
373,202,1
374,202,1
375,201,1
376,201,1
377,201,1
378,200,1
379,200,1
380,200,1
381,199,1
382,199,1
383,199,1
384,198,1
385,198,1
386,198,1
387,197,1
388,197,1
389,197,1
389,196,1
390,196,1
391,196,1
391,195,1
392,195,1
393,195,1
393,194,1
394,194,1
395,194,1
395,193,1
396,193,1
397,192,1
398,192,1
398,191,1
399,191,1
400,190,1
401,189,1
402,188,1
403,188,1
403,187,1
404,187,1
404,186,1
405,186,1
405,185,1
406,184,1
407,183,1
407,182,1
408,181,1
408,180,1
409,180,1
409,179,1
410,178,1
410,177,1
410,176,1
411,176,1
411,175,1
411,174,1
412,173,1
412,172,1
412,171,1
412,170,1
412,169,1
413,169,1
413,168,1
413,167,1
413,166,1
413,165,1
414,165,1
414,164,1
414,163,1
414,162,1
415,162,1
415,161,1
416,161,1
416,162,1
417,162,1
417,163,1
417,164,1
417,165,1
418,166,1
418,167,1
418,168,1
418,169,1
418,170,1
418,171,1
419,171,1
419,172,1
419,173,1
419,174,1
419,175,1
419,176,1
419,177,1
419,178,1
419,179,1
420,180,1
420,181,1
420,182,1
420,183,1
420,184,1
421,185,1
421,186,1
421,187,1
421,188,1
453,181,0
486,174,1
486,175,1
486,176,1
486,177,1
486,178,1
486,179,1
486,180,1
486,181,1
486,182,1
486,183,1
486,184,1
486,185,1
486,186,1
486,187,1
486,188,1
486,189,1
486,190,1
486,191,1
487,191,1
487,192,1
487,193,1
487,194,1
487,195,1
487,196,1
487,197,1
487,198,1
487,199,1
487,200,1
487,201,1
487,202,1
487,203,1
487,204,1
487,205,1
487,206,1
487,207,1
487,208,1
487,209,1
487,210,1
487,211,1
487,212,1
487,213,1
487,214,1
487,215,1
487,216,1
487,217,1
487,218,1
487,219,1
487,220,1
487,221,1
487,222,1
486,222,1
486,223,1
486,224,1
486,225,1
486,226,1
486,227,1
485,227,1
485,228,1
485,229,1
485,230,1
484,230,1
484,231,1
483,232,1
482,233,1
481,233,1
481,234,1
480,234,1
479,234,1
478,234,1
477,234,1
477,233,1
476,233,1
476,232,1
475,232,1
475,231,1
474,231,1
474,230,1
474,229,1
473,229,1
473,228,1
472,227,1
472,226,1
472,225,1
472,224,1
471,224,1
471,223,1
471,222,1
471,221,1
471,220,1
471,219,1
471,218,1
471,217,1
471,216,1
471,215,1
471,214,1
471,213,1
471,212,1
472,211,1
472,210,1
472,209,1
472,208,1
473,208,1
473,207,1
473,206,1
473,205,1
474,205,1
474,204,1
474,203,1
475,202,1
475,201,1
476,200,1
476,199,1
477,199,1
477,198,1
478,197,1
478,196,1
479,196,1
479,195,1
479,194,1
480,194,1
480,193,1
481,193,1
481,192,1
482,192,1
482,191,1
483,191,1
483,190,1
484,190,1
484,189,1
485,189,1
485,188,1
486,188,1
487,187,1
488,186,1
489,186,1
489,185,1
490,185,1
491,184,1
492,184,1
492,183,1
493,183,1
494,182,1
495,182,1
496,181,1
497,181,1
498,180,1
499,180,1
499,179,1
500,179,1
501,179,1
502,178,1
503,178,1
504,177,1
505,177,1
506,177,1
506,176,1
507,176,1
508,176,1
509,175,1
510,175,1
511,175,1
511,174,1
512,174,1
513,174,1
514,173,1
515,173,1
516,173,1
517,172,1
518,172,1
519,171,1
520,171,1
520,170,1
521,170,1
522,169,1
523,169,1
524,168,1
525,167,1
526,166,1
527,166,1
528,165,1
529,164,1
529,163,1
530,162,1
531,161,1
532,160,1
532,159,1
533,158,1
533,157,1
534,156,1
534,155,1
534,154,1
535,154,1
535,153,1
535,152,1
536,151,1
536,150,1
537,149,1
537,148,1
537,147,1
538,147,1
538,146,1
538,145,1
539,145,1
539,144,1
539,145,1
539,146,1
539,147,1
539,148,1
539,149,1
539,150,1
539,151,1
539,152,1
539,153,1
539,154,1
539,155,1
539,156,1
539,157,1
539,158,1
539,159,1
539,160,1
539,161,1
539,162,1
539,163,1
539,164,1
539,165,1
539,166,1
539,167,1
539,168,1
539,169,1
539,170,1
539,171,1
539,172,1
539,173,1
539,174,1
539,175,1
539,176,1
539,177,1
539,178,1
539,179,1
539,180,1
539,181,1
539,182,1
539,183,1
539,184,1
539,185,1
539,186,1
539,187,1
539,188,1
539,189,1
539,190,1
539,191,1
539,192,1
539,193,1
539,194,1
539,195,1
539,196,1
539,197,1
539,198,1
539,199,1
539,200,1
539,201,1
539,202,1
539,203,1
539,204,1
539,205,1
539,206,1
539,207,1
539,208,1
539,209,1
539,210,1
539,211,1
539,212,1
539,213,1
539,214,1
539,215,1
539,216,1
538,216,1
538,217,1
538,218,1
538,219,1
538,220,1
538,221,1
538,222,1
538,223,1
538,224,1
538,225,1
538,226,1
538,227,1
538,228,1
538,229,1
538,230,1
538,231,1
538,232,1
538,233,1
538,234,1
538,235,1
537,236,1
537,237,1
537,238,1
537,239,1
537,240,1
536,241,1
536,242,1
536,243,1
536,244,1
536,245,1
536,246,1
535,247,1
535,248,1
535,249,1
535,250,1
535,251,1
534,251,1
534,252,1
534,253,1
534,254,1
533,254,1
533,255,1
533,256,1
532,257,1
531,257,1
531,258,1
530,259,1
529,259,1
528,259,1
408,204,0
283,149,1
284,149,1
285,149,1
286,149,1
287,149,1
288,149,1
289,148,1
290,148,1
291,148,1
292,148,1
293,148,1
294,148,1
295,147,1
296,147,1
297,147,1
298,147,1
299,147,1
300,146,1
301,146,1
302,146,1
303,146,1
304,146,1
305,146,1
306,146,1
307,146,1
308,146,1
308,145,1
309,145,1
310,145,1
311,145,1
312,145,1
313,144,1
314,144,1
315,144,1
316,144,1
317,144,1
318,144,1
319,144,1
320,144,1
321,144,1
321,143,1
322,143,1
323,143,1
324,143,1
325,143,1
326,143,1
327,143,1
328,143,1
329,143,1
330,143,1
331,143,1
332,142,1
333,142,1
334,142,1
335,142,1
336,142,1
337,142,1
338,141,1
339,141,1
340,141,1
341,141,1
342,141,1
343,141,1
344,141,1
345,141,1
346,141,1
347,141,1
348,141,1
395,136,0
443,131,1
444,131,1
445,131,1
446,131,1
447,131,1
448,131,1
449,131,1
450,131,1
451,131,1
452,130,1
453,130,1
454,130,1
455,130,1
456,130,1
457,130,1
458,130,1
459,129,1
460,129,1
461,129,1
462,129,1
463,129,1
464,129,1
465,129,1
466,129,1
467,129,1
468,129,1
469,129,1
470,129,1
471,129,1
472,129,1
473,129,1
474,129,1
475,129,1
476,129,1
476,128,1
477,128,1
478,128,1
479,128,1
480,128,1
481,128,1
482,128,1
483,128,1
484,128,1
485,128,1
486,128,1
487,128,1
488,128,1
489,128,1
490,128,1
491,128,1
492,128,1
493,128,1
494,128,1
495,128,1
496,128,1
497,127,1
498,127,1
499,127,1
500,127,1
501,127,1
502,127,1
503,127,1
504,127,1
505,127,1
506,127,1
507,126,1
508,126,1
509,126,1
510,126,1
511,126,1
512,126,1
513,126,1
514,126,1
515,126,1
516,126,1
517,126,1
518,126,1
519,126,1
520,126,1
521,126,1
522,126,1
523,126,1
524,126,1
525,126,1
526,126,1
526,125,1
527,125,1
528,125,1
529,125,1
530,125,1
531,125,1
532,125,1
533,125,1
534,125,1
535,125,1
536,124,1
537,124,1
538,124,1
539,124,1
540,124,1
541,124,1
542,124,1
543,124,1
544,124,1
545,124,1
546,124,1
547,124,1
548,124,1
549,124,1
550,124,1
551,124,1
552,124,1
553,124,1
554,124,1
555,124,1
556,124,1
557,123,1
558,123,1
559,123,1
560,123,1
561,123,1
562,123,1
563,123,1
564,123,1
565,123,1
566,123,1
567,123,1
568,123,1
569,123,1
570,123,1
571,123,1
572,123,1
573,123,1
574,123,1
574,122,1
575,122,1
576,122,1
577,122,1
578,122,1
579,122,1
580,122,1
581,122,1
582,122,1
583,121,1
584,121,1
585,121,1
586,121,1
587,121,1
588,121,1
589,121,1
590,121,1
591,121,1
592,121,1
593,121,1
594,120,1
595,120,1
596,120,1
597,120,1
598,120,1
599,119,1
600,119,1
601,119,1
602,119,1
603,119,1
604,119,1
605,119,1
606,119,1
607,119,1
608,119,1
608,118,1
609,118,1
610,118,1
611,118,1
612,118,1
613,117,1
614,117,1
615,117,1
616,116,1
617,116,1
617,116,0
