197,332,1
198,332,1
199,333,1
200,333,1
200,334,1
201,335,1
202,336,1
202,337,1
202,338,1
203,339,1
203,340,1
203,341,1
204,342,1
204,343,1
204,344,1
204,345,1
204,346,1
204,347,1
205,348,1
205,349,1
205,350,1
205,351,1
205,352,1
205,353,1
204,354,1
204,355,1
204,356,1
204,357,1
204,358,1
203,359,1
203,360,1
203,361,1
203,362,1
202,363,1
202,364,1
202,365,1
201,366,1
201,367,1
200,368,1
200,369,1
199,370,1
198,371,1
198,372,1
197,373,1
197,374,1
196,375,1
195,376,1
195,377,1
194,377,1
194,378,1
193,379,1
192,380,1
191,381,1
190,382,1
189,383,1
188,383,1
188,384,1
187,385,1
186,385,1
185,386,1
184,386,1
183,387,1
182,387,1
182,388,1
181,388,1
180,389,1
179,389,1
178,390,1
177,390,1
176,390,1
175,391,1
174,391,1
173,392,1
172,392,1
172,393,1
171,393,1
171,394,1
171,395,1
171,396,1
172,396,1
172,397,1
173,397,1
173,398,1
174,398,1
175,399,1
176,400,1
177,401,1
178,402,1
179,403,1
180,404,1
181,405,1
182,406,1
183,407,1
184,408,1
185,409,1
185,410,1
186,411,1
186,412,1
187,413,1
187,414,1
188,415,1
189,416,1
190,417,1
190,418,1
191,419,1
191,420,1
192,421,1
192,422,1
193,423,1
193,424,1
194,425,1
194,426,1
195,427,1
195,428,1
196,429,1
196,430,1
197,431,1
197,432,1
198,432,1
199,433,1
199,434,1
200,435,1
200,436,1
201,437,1
202,438,1
202,439,1
203,440,1
204,441,1
204,442,1
205,443,1
206,443,1
206,444,1
207,445,1
208,446,1
209,447,1
209,448,1
210,448,1
211,449,1
212,450,1
212,451,1
213,452,1
214,452,1
215,453,1
215,454,1
216,455,1
217,455,1
218,456,1
219,456,1
220,456,1
221,457,1
222,457,1
222,456,1
236,423,0
249,391,1
250,391,1
251,391,1
252,391,1
253,391,1
254,391,1
255,391,1
256,391,1
257,391,1
258,390,1
259,390,1
260,389,1
261,389,1
261,388,1
262,388,1
263,387,1
264,386,1
265,386,1
265,385,1
266,385,1
267,384,1
267,383,1
268,382,1
269,381,1
269,380,1
269,379,1
270,378,1
270,377,1
271,376,1
271,375,1
271,374,1
271,373,1
271,372,1
271,371,1
271,370,1
272,369,1
272,368,1
272,367,1
272,366,1
271,367,1
271,368,1
271,369,1
271,370,1
271,371,1
271,372,1
271,373,1
271,374,1
271,375,1
271,376,1
271,377,1
271,378,1
271,379,1
271,380,1
272,381,1
272,382,1
272,383,1
272,384,1
272,385,1
272,386,1
272,387,1
272,388,1
272,389,1
272,390,1
272,391,1
272,392,1
272,393,1
272,394,1
272,395,1
272,396,1
272,397,1
272,398,1
273,399,1
273,400,1
273,401,1
273,402,1
273,403,1
273,404,1
273,405,1
273,406,1
273,407,1
273,408,1
273,409,1
273,410,1
273,411,1
273,412,1
273,413,1
273,414,1
273,415,1
273,416,1
273,417,1
273,418,1
273,419,1
273,420,1
273,421,1
273,422,1
273,423,1
273,424,1
273,425,1
273,426,1
273,427,1
273,428,1
273,429,1
273,430,1
273,431,1
273,432,1
273,433,1
273,434,1
273,435,1
273,436,1
273,437,1
273,438,1
273,439,1
273,440,1
273,441,1
273,442,1
272,443,1
272,444,1
272,445,1
272,446,1
272,447,1
272,448,1
263,472,0
261,502,1
260,502,1
259,502,1
258,502,1
257,502,1
256,502,1
255,502,1
254,502,1
253,502,1
252,502,1
251,502,1
250,502,1
249,502,1
248,502,1
247,502,1
246,502,1
245,502,1
244,502,1
243,502,1
242,502,1
241,502,1
240,502,1
239,502,1
238,501,1
237,501,1
236,501,1
235,501,1
234,501,1
233,501,1
232,501,1
231,501,1
230,501,1
229,501,1
228,501,1
227,501,1
226,501,1
225,501,1
224,501,1
223,501,1
222,501,1
221,501,1
220,501,1
219,500,1
218,500,1
217,500,1
216,500,1
215,500,1
214,500,1
213,500,1
212,500,1
211,500,1
210,500,1
209,500,1
208,500,1
207,500,1
206,500,1
205,499,1
204,499,1
203,499,1
202,499,1
201,499,1
200,499,1
199,499,1
198,499,1
197,499,1
196,499,1
195,499,1
194,499,1
193,499,1
192,499,1
191,499,1
190,499,1
189,499,1
188,499,1
187,499,1
186,499,1
185,498,1
184,498,1
183,498,1
182,498,1
181,498,1
180,498,1
179,498,1
178,498,1
177,498,1
176,498,1
175,498,1
174,498,1
173,498,1
172,498,1
171,498,1
170,498,1
169,498,1
168,498,1
167,498,1
166,498,1
165,498,1
164,499,1
163,499,1
162,499,1
161,499,1
160,499,1
159,499,1
158,499,1
157,499,1
156,499,1
155,499,1
154,499,1
154,500,1
155,500,1
264,431,0
371,357,1
371,358,1
371,359,1
371,360,1
372,361,1
372,362,1
372,363,1
371,364,1
371,365,1
371,366,1
371,367,1
370,368,1
370,369,1
370,370,1
369,371,1
369,372,1
369,373,1
368,374,1
368,375,1
367,376,1
367,377,1
367,378,1
366,379,1
366,380,1
365,381,1
365,382,1
364,383,1
363,384,1
363,385,1
362,386,1
362,387,1
361,388,1
361,389,1
360,390,1
360,391,1
359,392,1
359,393,1
358,394,1
358,395,1
358,396,1
357,396,1
357,397,1
357,398,1
356,399,1
356,400,1
356,401,1
356,402,1
356,403,1
355,404,1
355,405,1
355,406,1
355,407,1
355,408,1
355,409,1
355,410,1
355,411,1
355,412,1
355,413,1
355,414,1
356,415,1
356,416,1
356,417,1
356,418,1
356,419,1
357,420,1
357,421,1
357,422,1
358,423,1
358,424,1
358,425,1
359,426,1
359,427,1
359,428,1
360,428,1
360,429,1
361,430,1
361,431,1
362,432,1
362,433,1
363,434,1
363,435,1
363,436,1
364,437,1
364,438,1
365,439,1
366,440,1
366,441,1
367,442,1
367,443,1
368,444,1
368,445,1
369,445,1
370,446,1
370,447,1
371,448,1
371,449,1
372,450,1
373,451,1
374,452,1
375,453,1
375,454,1
376,454,1
377,455,1
378,456,1
378,457,1
379,457,1
380,458,1
381,459,1
382,459,1
382,460,1
383,460,1
384,461,1
385,461,1
386,462,1
387,462,1
388,463,1
389,463,1
390,464,1
391,464,1
392,464,1
393,464,1
394,465,1
395,465,1
396,466,1
397,466,1
398,466,1
399,466,1
400,466,1
401,466,1
402,466,1
403,466,1
403,465,1
404,465,1
404,464,1
432,431,0
464,389,1
464,390,1
464,391,1
464,392,1
464,393,1
464,394,1
464,395,1
465,396,1
465,397,1
465,398,1
465,399,1
465,400,1
465,401,1
465,402,1
465,403,1
465,404,1
465,405,1
465,406,1
465,407,1
465,408,1
465,409,1
465,410,1
465,411,1
465,412,1
465,413,1
465,414,1
465,415,1
465,416,1
465,417,1
465,418,1
465,419,1
465,420,1
465,421,1
465,422,1
465,423,1
465,424,1
465,425,1
465,426,1
465,427,1
465,428,1
465,429,1
465,430,1
465,431,1
465,432,1
465,433,1
465,434,1
465,435,1
465,436,1
465,437,1
465,438,1
465,439,1
465,440,1
465,441,1
465,442,1
465,443,1
465,444,1
465,445,1
465,446,1
466,447,1
466,448,1
466,449,1
466,450,1
466,451,1
466,452,1
466,453,1
466,454,1
466,455,1
466,456,1
466,457,1
466,458,1
466,459,1
466,460,1
467,461,1
467,462,1
467,463,1
467,464,1
467,465,1
467,466,1
467,467,1
467,468,1
468,469,1
468,470,1
468,469,1
468,468,1
468,467,1
468,466,1
502,435,0
536,394,1
536,395,1
536,396,1
536,397,1
536,398,1
537,399,1
537,400,1
537,401,1
537,402,1
537,403,1
536,404,1
536,405,1
536,406,1
536,407,1
535,408,1
535,409,1
535,410,1
535,411,1
534,411,1
534,412,1
534,413,1
534,414,1
534,415,1
533,415,1
533,416,1
534,416,1
535,416,1
536,416,1
536,415,1
537,415,1
538,415,1
538,414,1
539,414,1
540,413,1
541,413,1
542,413,1
542,412,1
543,412,1
544,411,1
545,411,1
546,411,1
547,411,1
548,410,1
549,410,1
550,410,1
551,409,1
552,409,1
553,409,1
554,409,1
555,408,1
556,408,1
557,408,1
558,408,1
559,408,1
560,408,1
561,407,1
562,407,1
563,407,1
564,407,1
565,407,1
566,407,1
567,407,1
568,406,1
569,406,1
570,406,1
571,406,1
572,406,1
573,406,1
574,406,1
575,405,1
576,405,1
577,405,1
578,405,1
579,404,1
580,404,1
581,404,1
582,404,1
583,403,1
584,403,1
585,403,1
586,402,1
587,402,1
587,401,1
587,400,1
587,399,1
584,403,0
585,396,1
585,397,1
585,398,1
585,399,1
585,400,1
585,401,1
584,402,1
584,403,1
584,404,1
584,405,1
584,406,1
584,407,1
584,408,1
584,409,1
584,410,1
584,411,1
584,412,1
584,413,1
584,414,1
584,415,1
584,416,1
584,417,1
584,418,1
583,419,1
583,420,1
583,421,1
583,422,1
583,423,1
583,424,1
583,425,1
583,426,1
583,427,1
583,428,1
583,429,1
583,430,1
583,431,1
583,432,1
583,433,1
583,434,1
583,435,1
583,436,1
583,437,1
582,438,1
582,439,1
582,440,1
582,441,1
582,442,1
582,443,1
582,444,1
582,445,1
581,446,1
581,445,1
580,444,1
579,443,1
513,380,0
444,322,1
444,321,1
444,320,1
444,319,1
444,318,1
444,317,1
444,316,1
445,315,1
445,314,1
445,313,1
445,312,1
446,311,1
446,310,1
446,309,1
447,308,1
447,307,1
447,306,1
448,305,1
448,304,1
448,303,1
449,302,1
449,301,1
450,300,1
450,299,1
451,298,1
451,297,1
451,296,1
452,295,1
452,294,1
453,293,1
453,292,1
454,291,1
454,290,1
455,289,1
455,288,1
456,288,1
457,287,1
457,286,1
458,285,1
458,284,1
459,283,1
459,282,1
460,281,1
461,280,1
462,279,1
462,278,1
463,277,1
464,276,1
465,275,1
466,274,1
467,273,1
468,272,1
468,271,1
469,271,1
470,270,1
471,270,1
471,269,1
472,268,1
473,268,1
474,267,1
475,267,1
475,266,1
476,265,1
477,265,1
478,264,1
479,264,1
480,263,1
481,263,1
482,262,1
483,262,1
484,261,1
485,261,1
486,260,1
487,260,1
488,260,1
489,259,1
490,259,1
491,259,1
492,259,1
493,258,1
494,258,1
495,258,1
496,258,1
497,257,1
498,257,1
499,257,1
500,257,1
501,257,1
502,257,1
503,256,1
504,256,1
505,256,1
506,256,1
507,256,1
508,256,1
509,256,1
510,256,1
511,256,1
512,256,1
513,256,1
514,257,1
515,257,1
516,257,1
517,257,1
518,257,1
519,257,1
520,257,1
521,257,1
522,258,1
523,258,1
524,258,1
525,258,1
526,259,1
527,259,1
528,259,1
529,259,1
530,260,1
531,260,1
532,260,1
533,261,1
534,261,1
535,262,1
536,262,1
537,262,1
538,263,1
539,263,1
540,264,1
541,264,1
542,265,1
543,265,1
544,266,1
545,267,1
546,268,1
547,269,1
548,269,1
549,270,1
550,271,1
551,272,1
552,273,1
553,273,1
554,274,1
554,275,1
555,275,1
556,276,1
556,277,1
557,278,1
558,279,1
559,280,1
560,281,1
560,282,1
561,283,1
562,284,1
562,285,1
563,286,1
563,287,1
564,287,1
564,288,1
565,289,1
565,290,1
566,291,1
566,292,1
566,293,1
567,294,1
567,295,1
568,296,1
568,297,1
569,298,1
569,299,1
570,300,1
570,301,1
570,302,1
571,303,1
571,304,1
571,305,1
572,306,1
572,307,1
572,308,1
573,309,1
573,310,1
573,311,1
574,312,1
574,313,1
574,314,1
575,315,1
575,316,1
575,317,1
576,318,1
576,319,1
576,320,1
577,321,1
577,322,1
577,323,1
578,324,1
578,325,1
578,326,1
578,327,1
579,328,1
579,329,1
579,330,1
580,331,1
580,332,1
580,333,1
581,334,1
581,335,1
581,336,1
582,337,1
582,338,1
582,339,1
582,340,1
583,341,1
583,342,1
584,343,1
584,344,1
585,345,1
585,346,1
585,347,1
586,348,1
586,349,1
587,350,1
587,351,1
588,352,1
588,353,1
589,354,1
589,355,1
590,356,1
590,357,1
590,358,1
591,359,1
591,360,1
592,360,1
592,361,1
593,362,1
594,363,1
594,364,1
595,365,1
595,366,1
596,366,1
597,367,1
598,368,1
598,369,1
450,344,0
300,324,1
301,324,1
302,324,1
303,324,1
304,324,1
305,324,1
306,324,1
307,324,1
308,324,1
309,325,1
310,325,1
311,325,1
312,325,1
313,325,1
314,325,1
315,325,1
316,325,1
317,325,1
318,325,1
319,325,1
320,326,1
321,326,1
322,326,1
323,326,1
324,326,1
325,326,1
326,326,1
327,326,1
328,326,1
329,326,1
330,326,1
331,326,1
332,326,1
333,326,1
334,326,1
335,326,1
336,326,1
337,326,1
338,326,1
339,326,1
340,327,1
341,327,1
342,327,1
343,327,1
344,327,1
345,327,1
346,327,1
347,327,1
348,327,1
349,327,1
350,327,1
351,327,1
352,327,1
353,327,1
354,327,1
355,327,1
356,327,1
357,327,1
358,327,1
359,327,1
360,327,1
361,327,1
362,327,1
363,327,1
364,327,1
365,327,1
366,327,1
367,327,1
368,327,1
369,327,1
370,327,1
371,327,1
372,327,1
373,327,1
374,327,1
375,327,1
376,327,1
377,327,1
378,327,1
379,327,1
380,327,1
381,327,1
382,327,1
383,327,1
384,327,1
385,327,1
386,327,1
387,327,1
388,327,1
389,327,1
390,327,1
391,327,1
392,327,1
393,327,1
394,327,1
395,327,1
396,327,1
397,327,1
398,327,1
399,327,1
400,327,1
401,327,1
402,327,1
403,327,1
404,327,1
405,327,1
406,327,1
407,327,1
408,327,1
409,327,1
410,327,1
411,327,1
412,327,1
413,327,1
414,327,1
415,327,1
416,327,1
417,327,1
418,327,1
419,327,1
420,327,1
421,327,1
422,327,1
423,327,1
424,327,1
425,327,1
426,327,1
427,327,1
428,327,1
429,327,1
430,327,1
431,327,1
432,327,1
433,327,1
434,327,1
435,327,1
436,326,1
437,326,1
438,326,1
439,326,1
440,326,1
441,326,1
442,326,1
443,326,1
444,326,1
445,326,1
446,326,1
447,326,1
448,326,1
449,326,1
450,326,1
451,326,1
452,326,1
453,326,1
454,326,1
455,326,1
456,325,1
457,325,1
458,325,1
459,325,1
460,325,1
461,325,1
462,325,1
463,325,1
464,325,1
465,325,1
466,325,1
467,325,1
468,325,1
469,325,1
470,324,1
471,324,1
472,324,1
473,324,1
474,324,1
475,324,1
476,324,1
477,324,1
478,324,1
479,324,1
480,324,1
481,324,1
482,324,1
483,324,1
484,324,1
485,324,1
486,324,1
487,324,1
488,324,1
489,324,1
490,324,1
491,324,1
492,324,1
493,324,1
494,324,1
495,324,1
496,324,1
497,324,1
498,324,1
499,324,1
500,324,1
501,323,1
502,323,1
503,323,1
504,323,1
505,323,1
506,323,1
507,323,1
508,323,1
509,323,1
510,323,1
511,323,1
512,323,1
513,323,1
514,323,1
515,323,1
516,323,1
517,323,1
518,323,1
519,323,1
520,323,1
521,323,1
522,323,1
523,323,1
524,322,1
525,322,1
526,322,1
527,322,1
528,322,1
529,322,1
530,322,1
531,322,1
532,322,1
533,322,1
534,322,1
535,322,1
536,322,1
537,322,1
538,322,1
539,322,1
540,322,1
541,322,1
542,322,1
543,322,1
544,322,1
545,322,1
546,322,1
547,322,1
548,321,1
549,321,1
550,321,1
551,321,1
552,321,1
553,321,1
554,321,1
555,321,1
556,321,1
557,321,1
558,321,1
559,321,1
560,321,1
561,321,1
562,321,1
563,321,1
564,321,1
565,321,1
566,321,1
567,321,1
568,321,1
569,321,1
570,321,1
571,321,1
572,321,1
573,321,1
574,321,1
575,321,1
576,321,1
577,321,1
578,321,1
579,320,1
580,320,1
581,320,1
582,320,1
583,320,1
584,320,1
585,320,1
586,320,1
587,320,1
588,320,1
589,320,1
590,320,1
591,320,1
592,320,1
593,320,1
594,320,1
595,320,1
596,320,1
597,320,1
598,320,1
599,320,1
600,320,1
601,320,1
602,320,1
603,320,1
604,320,1
605,320,1
606,320,1
607,320,1
608,320,1
609,320,1
610,320,1
611,320,1
612,320,1
613,320,1
614,320,1
615,320,1
616,320,1
617,320,1
618,320,1
619,320,1
620,320,1
621,320,1
622,320,1
623,320,1
624,320,1
625,320,1
626,320,1
627,320,1
628,320,1
629,320,1
630,320,1
631,320,1
632,320,1
633,320,1
634,320,1
635,320,1
636,320,1
637,320,1
638,320,1
639,320,1
640,320,1
641,320,1
642,320,1
643,320,1
644,320,1
645,321,1
644,321,1
643,321,1
642,321,1
641,321,1
641,321,0
