182,145,1
183,145,1
184,146,1
185,146,1
186,147,1
187,148,1
188,149,1
189,149,1
189,150,1
190,151,1
190,152,1
191,153,1
191,154,1
191,155,1
191,156,1
192,157,1
192,158,1
193,159,1
193,160,1
193,161,1
193,162,1
193,163,1
193,164,1
193,165,1
193,166,1
193,167,1
193,168,1
193,169,1
193,170,1
192,171,1
192,172,1
192,173,1
192,174,1
191,175,1
191,176,1
190,177,1
190,178,1
189,179,1
189,180,1
188,181,1
188,182,1
187,183,1
186,184,1
186,185,1
185,185,1
185,186,1
184,187,1
183,188,1
182,188,1
182,189,1
181,190,1
180,190,1
179,191,1
179,192,1
178,192,1
177,193,1
176,193,1
175,194,1
175,195,1
174,195,1
173,196,1
172,196,1
171,197,1
170,198,1
169,198,1
169,199,1
168,199,1
168,200,1
167,200,1
167,201,1
166,202,1
166,203,1
166,204,1
166,205,1
166,206,1
166,207,1
166,208,1
167,209,1
167,210,1
168,211,1
168,212,1
169,213,1
169,214,1
170,214,1
170,215,1
171,216,1
172,217,1
172,218,1
173,219,1
174,219,1
174,220,1
175,221,1
175,222,1
176,223,1
176,224,1
177,225,1
177,226,1
178,227,1
178,228,1
179,228,1
179,229,1
180,230,1
180,231,1
181,232,1
181,233,1
182,234,1
182,235,1
182,236,1
183,237,1
183,238,1
184,239,1
184,240,1
185,241,1
185,242,1
185,243,1
186,244,1
186,245,1
187,246,1
188,247,1
188,248,1
189,249,1
189,250,1
190,251,1
190,252,1
191,253,1
191,254,1
192,254,1
192,255,1
193,256,1
193,257,1
194,258,1
195,259,1
195,260,1
196,260,1
196,261,1
197,262,1
198,263,1
199,264,1
200,265,1
201,266,1
202,266,1
202,267,1
203,267,1
204,268,1
205,269,1
206,270,1
207,270,1
208,271,1
208,272,1
209,272,1
210,272,1
211,273,1
212,273,1
213,272,1
214,272,1
214,271,1
214,270,1
214,269,1
230,239,0
244,209,1
245,209,1
246,208,1
247,208,1
248,207,1
249,206,1
250,206,1
250,205,1
251,204,1
251,203,1
252,202,1
252,201,1
253,200,1
253,199,1
253,198,1
254,197,1
254,196,1
255,195,1
255,194,1
256,193,1
256,192,1
256,191,1
256,190,1
257,189,1
257,188,1
257,187,1
257,186,1
257,185,1
257,184,1
257,183,1
257,182,1
257,181,1
257,180,1
258,179,1
258,178,1
258,177,1
258,178,1
258,179,1
258,180,1
258,181,1
258,182,1
258,183,1
259,184,1
259,185,1
259,186,1
259,187,1
259,188,1
259,189,1
260,190,1
260,191,1
260,192,1
260,193,1
260,194,1
260,195,1
260,196,1
260,197,1
261,198,1
261,199,1
261,200,1
261,201,1
261,202,1
261,203,1
261,204,1
261,205,1
261,206,1
262,207,1
262,208,1
262,209,1
262,210,1
262,211,1
262,212,1
262,213,1
262,214,1
263,215,1
263,216,1
263,217,1
263,218,1
263,219,1
263,220,1
263,221,1
263,222,1
263,223,1
263,224,1
264,225,1
264,226,1
264,227,1
264,228,1
264,229,1
264,230,1
264,231,1
264,232,1
264,233,1
265,234,1
265,235,1
265,236,1
265,237,1
265,238,1
265,239,1
265,240,1
265,241,1
265,242,1
265,243,1
265,244,1
266,245,1
266,246,1
266,247,1
266,248,1
266,249,1
266,250,1
266,251,1
266,252,1
266,253,1
266,254,1
267,255,1
267,256,1
267,257,1
267,258,1
267,259,1
267,260,1
267,261,1
267,262,1
256,292,0
253,328,1
252,328,1
251,328,1
250,328,1
249,328,1
248,328,1
247,328,1
246,329,1
245,329,1
244,329,1
243,329,1
242,329,1
241,329,1
240,329,1
239,329,1
238,329,1
237,329,1
236,329,1
235,329,1
234,329,1
233,329,1
232,329,1
231,329,1
230,329,1
229,329,1
228,329,1
227,329,1
226,329,1
225,329,1
224,329,1
223,329,1
222,329,1
221,329,1
220,329,1
219,329,1
218,329,1
217,329,1
216,329,1
215,329,1
214,329,1
213,329,1
212,330,1
211,330,1
210,330,1
209,330,1
208,330,1
207,330,1
206,330,1
205,330,1
204,330,1
203,330,1
202,330,1
201,330,1
200,330,1
199,330,1
198,330,1
197,330,1
196,330,1
195,330,1
194,330,1
193,330,1
192,330,1
191,330,1
190,330,1
189,330,1
188,330,1
187,330,1
186,330,1
185,330,1
184,330,1
183,330,1
182,330,1
181,330,1
180,330,1
179,330,1
178,330,1
177,330,1
176,330,1
175,330,1
174,330,1
173,330,1
172,330,1
171,330,1
170,330,1
169,330,1
168,330,1
167,330,1
166,330,1
165,330,1
164,330,1
163,330,1
162,330,1
161,330,1
160,330,1
159,330,1
158,330,1
157,330,1
156,330,1
155,330,1
154,330,1
153,330,1
152,330,1
151,330,1
150,330,1
149,330,1
148,330,1
147,330,1
146,330,1
145,330,1
144,330,1
143,330,1
142,330,1
141,330,1
140,330,1
139,330,1
138,330,1
137,330,1
136,330,1
135,330,1
134,330,1
133,330,1
132,330,1
131,330,1
130,330,1
129,330,1
128,330,1
129,330,1
130,329,1
131,329,1
244,254,0
360,171,1
360,172,1
360,173,1
360,174,1
360,175,1
360,176,1
359,177,1
359,178,1
358,178,1
358,179,1
357,180,1
357,181,1
356,182,1
355,183,1
355,184,1
354,184,1
354,185,1
353,186,1
353,187,1
352,188,1
351,189,1
350,190,1
349,191,1
349,192,1
348,192,1
347,193,1
346,194,1
346,195,1
345,196,1
344,196,1
344,197,1
343,198,1
342,199,1
342,200,1
341,200,1
340,201,1
340,202,1
339,203,1
339,204,1
338,205,1
337,205,1
337,206,1
336,207,1
336,208,1
335,209,1
335,210,1
334,211,1
334,212,1
333,213,1
333,214,1
333,215,1
332,216,1
332,217,1
332,218,1
332,219,1
332,220,1
332,221,1
332,222,1
332,223,1
332,224,1
332,225,1
332,226,1
332,227,1
333,228,1
333,229,1
333,230,1
333,231,1
334,232,1
334,233,1
335,234,1
335,235,1
336,236,1
336,237,1
337,238,1
337,239,1
338,240,1
339,241,1
339,242,1
340,243,1
341,244,1
341,245,1
342,246,1
343,247,1
344,248,1
344,249,1
345,250,1
346,250,1
346,251,1
347,252,1
348,253,1
349,254,1
350,255,1
351,255,1
351,256,1
352,257,1
353,257,1
354,258,1
355,259,1
356,260,1
357,260,1
358,261,1
359,262,1
360,263,1
361,263,1
362,264,1
363,264,1
364,264,1
365,265,1
366,265,1
366,266,1
367,266,1
368,266,1
369,267,1
370,267,1
371,267,1
372,267,1
373,268,1
374,268,1
375,268,1
376,268,1
377,268,1
378,268,1
379,268,1
380,268,1
381,268,1
382,269,1
383,269,1
384,269,1
385,269,1
386,268,1
387,268,1
388,268,1
389,267,1
390,266,1
389,265,1
389,264,1
417,244,0
448,213,1
448,214,1
448,215,1
448,216,1
448,217,1
448,218,1
448,219,1
448,220,1
448,221,1
448,222,1
448,223,1
448,224,1
448,225,1
448,226,1
448,227,1
448,228,1
448,229,1
448,230,1
448,231,1
448,232,1
448,233,1
448,234,1
448,235,1
448,236,1
448,237,1
448,238,1
448,239,1
448,240,1
448,241,1
448,242,1
448,243,1
448,244,1
448,245,1
448,246,1
448,247,1
448,248,1
448,249,1
448,250,1
448,251,1
448,252,1
448,253,1
448,254,1
447,254,1
447,253,1
447,252,1
481,243,0
516,227,1
516,228,1
516,229,1
516,230,1
516,231,1
516,232,1
515,233,1
515,234,1
515,235,1
514,236,1
513,237,1
512,238,1
512,239,1
511,239,1
511,240,1
512,239,1
513,238,1
514,237,1
515,237,1
515,236,1
516,236,1
517,236,1
517,235,1
518,235,1
519,234,1
520,234,1
521,234,1
522,233,1
523,233,1
524,232,1
525,232,1
526,231,1
527,231,1
528,231,1
529,231,1
530,230,1
531,230,1
532,230,1
533,230,1
534,229,1
535,229,1
536,229,1
537,229,1
538,229,1
539,229,1
540,228,1
541,228,1
542,228,1
543,228,1
544,228,1
545,228,1
546,228,1
547,228,1
548,227,1
549,227,1
550,227,1
551,227,1
552,227,1
553,227,1
554,227,1
555,227,1
556,227,1
557,227,1
558,227,1
559,227,1
560,227,1
559,231,0
567,228,1
567,229,1
567,230,1
567,231,1
567,232,1
566,233,1
566,234,1
566,235,1
566,236,1
566,237,1
566,238,1
566,239,1
565,240,1
565,241,1
565,242,1
565,243,1
565,244,1
565,245,1
564,246,1
564,247,1
564,248,1
563,249,1
563,250,1
563,251,1
563,252,1
563,253,1
562,254,1
562,255,1
561,256,1
561,257,1
560,258,1
559,257,1
558,257,1
557,256,1
494,199,0
430,149,1
429,148,1
429,147,1
428,146,1
428,145,1
427,144,1
427,143,1
426,142,1
426,141,1
425,140,1
425,139,1
425,138,1
424,137,1
424,136,1
424,135,1
424,134,1
424,133,1
423,132,1
423,131,1
423,130,1
423,129,1
423,128,1
423,127,1
423,126,1
423,125,1
423,124,1
423,123,1
423,122,1
423,121,1
423,120,1
423,119,1
423,118,1
424,117,1
424,116,1
424,115,1
424,114,1
424,113,1
425,113,1
425,112,1
425,111,1
425,110,1
426,109,1
426,108,1
427,107,1
427,106,1
427,105,1
428,104,1
428,103,1
429,102,1
430,101,1
430,100,1
431,99,1
431,98,1
432,97,1
432,96,1
433,96,1
434,95,1
434,94,1
435,93,1
436,92,1
437,91,1
438,90,1
439,89,1
440,89,1
440,88,1
441,87,1
442,87,1
443,86,1
444,85,1
445,85,1
446,84,1
446,83,1
447,83,1
448,82,1
449,82,1
450,81,1
451,81,1
452,80,1
453,80,1
454,79,1
455,79,1
456,78,1
457,78,1
458,77,1
459,77,1
460,76,1
461,76,1
462,75,1
463,75,1
464,75,1
465,74,1
466,74,1
467,74,1
468,73,1
469,73,1
470,73,1
471,73,1
472,73,1
473,72,1
474,72,1
475,72,1
476,72,1
477,72,1
478,72,1
479,72,1
480,71,1
481,71,1
482,71,1
483,71,1
484,71,1
485,71,1
486,71,1
487,71,1
488,71,1
489,71,1
490,72,1
491,72,1
492,72,1
493,72,1
494,72,1
495,72,1
496,72,1
497,72,1
498,73,1
499,73,1
500,73,1
501,74,1
502,74,1
503,74,1
504,74,1
505,75,1
506,75,1
507,76,1
508,76,1
509,76,1
510,77,1
511,78,1
512,78,1
513,79,1
514,79,1
515,80,1
516,80,1
516,81,1
517,81,1
518,82,1
519,82,1
520,83,1
521,83,1
521,84,1
522,85,1
523,85,1
524,86,1
525,87,1
526,88,1
527,89,1
528,90,1
529,91,1
530,92,1
530,93,1
531,93,1
532,94,1
532,95,1
533,96,1
533,97,1
534,98,1
535,99,1
536,100,1
536,101,1
537,102,1
537,103,1
538,104,1
539,105,1
539,106,1
540,107,1
540,108,1
541,109,1
541,110,1
541,111,1
542,112,1
542,113,1
543,114,1
543,115,1
543,116,1
544,117,1
544,118,1
545,119,1
545,120,1
545,121,1
546,122,1
546,123,1
546,124,1
547,125,1
547,126,1
547,127,1
547,128,1
548,129,1
548,130,1
548,131,1
548,132,1
548,133,1
549,134,1
549,135,1
549,136,1
549,137,1
550,138,1
550,139,1
550,140,1
550,141,1
550,142,1
551,143,1
551,144,1
551,145,1
551,146,1
551,147,1
552,148,1
552,149,1
552,150,1
552,151,1
553,152,1
553,153,1
553,154,1
553,155,1
554,156,1
554,157,1
554,158,1
555,159,1
555,160,1
556,160,1
556,161,1
556,162,1
557,163,1
557,164,1
558,165,1
558,166,1
559,167,1
559,168,1
560,169,1
560,170,1
561,171,1
562,172,1
562,173,1
563,174,1
564,175,1
564,176,1
565,176,1
566,177,1
566,178,1
567,179,1
568,179,1
569,180,1
569,181,1
570,181,1
571,182,1
572,183,1
572,184,1
573,184,1
574,185,1
575,186,1
576,186,1
577,187,1
578,187,1
578,188,1
579,188,1
580,188,1
581,188,1
580,188,1
385,157,0
186,127,1
187,127,1
188,127,1
189,127,1
190,128,1
191,128,1
192,128,1
193,128,1
194,128,1
195,128,1
196,128,1
197,128,1
198,129,1
199,129,1
200,129,1
201,129,1
202,129,1
203,129,1
204,129,1
205,129,1
206,129,1
207,130,1
208,130,1
209,130,1
210,130,1
211,130,1
212,130,1
213,130,1
214,130,1
215,131,1
216,131,1
217,131,1
218,131,1
219,131,1
220,131,1
221,131,1
222,131,1
223,131,1
224,132,1
225,132,1
226,132,1
227,132,1
228,132,1
229,132,1
230,132,1
231,132,1
232,132,1
233,133,1
234,133,1
235,133,1
236,133,1
237,133,1
238,133,1
239,133,1
240,133,1
241,133,1
242,134,1
243,134,1
244,134,1
245,134,1
246,134,1
247,134,1
248,134,1
249,134,1
250,134,1
251,134,1
252,134,1
253,135,1
254,135,1
255,135,1
256,135,1
257,135,1
258,135,1
259,135,1
260,135,1
261,135,1
262,135,1
263,135,1
264,135,1
265,135,1
266,136,1
267,136,1
268,136,1
269,136,1
270,136,1
271,136,1
272,136,1
273,136,1
274,136,1
275,136,1
276,136,1
277,136,1
278,136,1
279,136,1
280,136,1
281,137,1
282,137,1
283,137,1
284,137,1
285,137,1
286,137,1
287,137,1
288,137,1
289,137,1
290,137,1
291,137,1
292,137,1
293,137,1
294,137,1
295,137,1
296,137,1
297,137,1
298,137,1
299,137,1
300,137,1
301,137,1
302,137,1
303,137,1
304,137,1
305,138,1
306,138,1
307,138,1
308,138,1
309,138,1
310,138,1
311,138,1
312,138,1
313,138,1
314,138,1
315,138,1
316,138,1
317,138,1
318,138,1
319,138,1
320,138,1
321,138,1
322,138,1
323,138,1
324,138,1
325,138,1
326,138,1
327,138,1
328,138,1
329,138,1
330,138,1
331,138,1
332,139,1
333,139,1
334,139,1
335,139,1
336,139,1
337,139,1
338,139,1
339,139,1
340,139,1
341,139,1
342,139,1
343,139,1
344,139,1
345,139,1
346,139,1
347,139,1
348,139,1
349,139,1
350,139,1
351,139,1
352,139,1
353,139,1
354,139,1
355,139,1
356,139,1
357,139,1
358,139,1
359,139,1
360,139,1
361,139,1
362,139,1
363,139,1
364,139,1
365,139,1
366,139,1
367,139,1
368,139,1
369,139,1
370,139,1
371,139,1
372,139,1
373,139,1
374,139,1
375,139,1
376,139,1
377,139,1
378,139,1
379,140,1
380,140,1
381,140,1
382,140,1
383,140,1
384,140,1
385,140,1
386,140,1
387,140,1
388,140,1
389,140,1
390,140,1
391,140,1
392,140,1
393,140,1
394,140,1
395,140,1
396,140,1
397,140,1
398,140,1
399,140,1
400,140,1
401,140,1
402,140,1
403,141,1
404,141,1
405,141,1
406,141,1
407,141,1
408,141,1
409,141,1
410,141,1
411,141,1
412,141,1
413,141,1
414,141,1
415,142,1
416,142,1
417,142,1
418,142,1
419,142,1
420,142,1
421,142,1
422,142,1
423,142,1
424,142,1
425,143,1
426,143,1
427,143,1
428,143,1
429,143,1
430,143,1
431,143,1
432,143,1
433,143,1
434,144,1
435,144,1
436,144,1
437,144,1
438,144,1
439,144,1
440,144,1
441,144,1
442,144,1
443,144,1
444,144,1
445,145,1
446,145,1
447,145,1
448,145,1
449,145,1
450,145,1
451,145,1
452,145,1
453,145,1
454,145,1
455,146,1
456,146,1
457,146,1
458,146,1
459,146,1
460,146,1
461,146,1
462,146,1
463,146,1
464,146,1
465,147,1
466,147,1
467,147,1
468,147,1
469,147,1
470,147,1
471,147,1
472,147,1
473,147,1
474,147,1
475,148,1
476,148,1
477,148,1
478,148,1
479,148,1
480,148,1
481,148,1
482,148,1
483,148,1
484,148,1
485,149,1
486,149,1
487,149,1
488,149,1
489,149,1
490,149,1
491,149,1
492,149,1
493,149,1
494,150,1
495,150,1
496,150,1
497,150,1
498,150,1
499,150,1
500,150,1
501,150,1
502,150,1
503,150,1
504,151,1
505,151,1
506,151,1
507,151,1
508,151,1
509,151,1
510,151,1
511,151,1
512,151,1
513,152,1
514,152,1
515,152,1
516,152,1
517,152,1
518,152,1
519,152,1
520,152,1
521,152,1
522,153,1
523,153,1
524,153,1
525,153,1
526,153,1
527,153,1
528,153,1
529,153,1
530,154,1
531,154,1
532,154,1
533,154,1
534,154,1
535,154,1
536,154,1
537,154,1
538,155,1
539,155,1
540,155,1
541,155,1
542,155,1
543,155,1
544,155,1
545,155,1
546,155,1
547,156,1
548,156,1
549,156,1
550,156,1
551,156,1
552,156,1
553,156,1
554,157,1
555,157,1
556,157,1
557,157,1
558,157,1
559,157,1
560,157,1
561,158,1
562,158,1
563,158,1
564,158,1
565,158,1
566,158,1
567,158,1
568,159,1
569,159,1
570,159,1
571,159,1
572,159,1
573,159,1
574,159,1
575,160,1
576,160,1
577,160,1
578,160,1
579,160,1
580,160,1
581,160,1
582,160,1
583,160,1
584,160,1
585,160,1
586,160,1
587,161,1
588,161,1
589,161,1
590,161,1
591,161,1
592,161,1
593,161,1
594,161,1
595,161,1
596,161,1
597,161,1
598,161,1
599,161,1
600,161,1
601,162,1
602,162,1
603,162,1
604,162,1
605,162,1
606,162,1
607,162,1
608,162,1
609,162,1
610,162,1
611,162,1
612,162,1
613,162,1
614,162,1
615,162,1
616,162,1
617,162,1
618,162,1
619,162,1
620,162,1
621,162,1
622,162,1
623,163,1
624,163,1
625,163,1
626,163,1
627,163,1
628,163,1
629,163,1
630,163,1
631,163,1
632,163,1
633,163,1
634,163,1
635,163,1
636,163,1
637,163,1
638,163,1
639,163,1
640,163,1
641,163,1
642,163,1
643,163,1
644,163,1
645,163,1
646,163,1
647,163,1
648,163,1
649,163,1
650,163,1
651,163,1
651,164,1
650,164,1
650,164,0
