119,119,0
151,95,1
152,95,1
153,95,1
154,96,1
155,96,1
156,96,1
157,97,1
158,97,1
159,98,1
159,99,1
160,99,1
161,100,1
162,100,1
163,101,1
163,102,1
164,102,1
164,103,1
165,104,1
166,105,1
166,106,1
167,107,1
167,108,1
168,109,1
168,110,1
168,111,1
168,112,1
168,113,1
168,114,1
168,115,1
168,116,1
168,117,1
168,118,1
168,119,1
168,120,1
168,121,1
168,122,1
167,123,1
167,124,1
167,125,1
166,125,1
166,126,1
166,127,1
165,128,1
164,129,1
164,130,1
163,130,1
162,131,1
162,132,1
161,133,1
160,133,1
160,134,1
159,135,1
158,135,1
157,136,1
156,136,1
156,137,1
155,138,1
154,138,1
153,139,1
152,139,1
151,140,1
150,140,1
150,141,1
149,141,1
148,142,1
147,142,1
146,143,1
145,143,1
144,143,1
143,144,1
142,144,1
141,144,1
141,145,1
140,145,1
139,145,1
138,146,1
137,146,1
136,146,1
135,147,1
134,147,1
133,147,1
132,148,1
131,148,1
130,148,1
129,149,1
129,150,1
129,151,1
129,152,1
130,152,1
130,153,1
131,153,1
132,154,1
133,154,1
134,155,1
135,156,1
136,157,1
137,157,1
137,158,1
138,159,1
139,159,1
139,160,1
140,161,1
141,161,1
141,162,1
142,163,1
143,163,1
143,164,1
144,165,1
145,166,1
145,167,1
146,167,1
147,168,1
147,169,1
148,170,1
148,171,1
149,171,1
150,172,1
150,173,1
151,174,1
151,175,1
152,176,1
153,177,1
154,178,1
154,179,1
155,180,1
156,181,1
156,182,1
157,183,1
158,184,1
158,185,1
159,185,1
160,186,1
160,187,1
161,188,1
162,189,1
163,190,1
164,191,1
164,192,1
165,192,1
166,193,1
166,194,1
167,194,1
168,195,1
169,196,1
170,197,1
171,198,1
172,198,1
172,199,1
173,199,1
174,200,1
175,200,1
175,201,1
176,201,1
177,202,1
178,202,1
178,203,1
179,203,1
180,204,1
181,204,1
182,204,1
183,205,1
184,205,1
185,205,1
186,205,1
187,205,1
188,205,1
189,204,1
189,203,1
189,202,1
203,175,0
214,146,1
215,145,1
216,145,1
217,145,1
218,144,1
219,144,1
219,143,1
220,142,1
221,141,1
221,140,1
222,140,1
222,139,1
223,138,1
223,137,1
224,136,1
224,135,1
224,134,1
224,133,1
225,133,1
225,132,1
225,131,1
225,130,1
225,129,1
225,128,1
226,127,1
226,126,1
226,125,1
226,124,1
226,123,1
226,122,1
226,123,1
226,124,1
225,124,1
225,125,1
225,126,1
225,127,1
225,128,1
225,129,1
225,130,1
225,131,1
225,132,1
225,133,1
225,134,1
225,135,1
225,136,1
225,137,1
226,138,1
226,139,1
226,140,1
226,141,1
226,142,1
226,143,1
226,144,1
226,145,1
226,146,1
226,147,1
226,148,1
226,149,1
227,150,1
227,151,1
227,152,1
227,153,1
227,154,1
227,155,1
227,156,1
227,157,1
227,158,1
227,159,1
228,160,1
228,161,1
228,162,1
228,163,1
228,164,1
228,165,1
228,166,1
228,167,1
228,168,1
229,169,1
229,170,1
229,171,1
229,172,1
229,173,1
229,174,1
229,175,1
229,176,1
229,177,1
230,178,1
230,179,1
230,180,1
230,181,1
230,182,1
230,183,1
230,184,1
230,185,1
230,186,1
231,187,1
231,188,1
231,189,1
231,190,1
231,191,1
231,192,1
231,193,1
231,194,1
231,195,1
232,196,1
232,197,1
232,198,1
232,199,1
232,200,1
232,201,1
232,202,1
232,203,1
232,204,1
232,205,1
228,234,0
228,267,1
227,267,1
226,267,1
225,267,1
224,267,1
223,267,1
222,267,1
221,267,1
220,267,1
219,267,1
218,267,1
217,267,1
216,267,1
215,267,1
214,267,1
213,267,1
212,267,1
211,267,1
210,267,1
209,267,1
208,267,1
207,267,1
206,267,1
205,267,1
204,267,1
203,267,1
202,267,1
201,267,1
200,267,1
199,267,1
198,267,1
197,267,1
196,267,1
195,267,1
194,267,1
193,267,1
192,267,1
191,267,1
190,267,1
189,267,1
188,266,1
187,266,1
186,266,1
185,266,1
184,266,1
183,266,1
182,266,1
181,266,1
180,266,1
179,266,1
178,266,1
177,266,1
176,266,1
175,266,1
174,266,1
173,266,1
172,266,1
171,266,1
170,266,1
169,266,1
168,266,1
167,266,1
166,266,1
165,266,1
164,265,1
163,265,1
162,265,1
161,265,1
160,265,1
159,265,1
158,265,1
157,265,1
156,265,1
155,265,1
154,265,1
153,265,1
152,265,1
151,265,1
150,265,1
149,265,1
148,265,1
147,265,1
146,265,1
145,265,1
144,265,1
143,265,1
142,265,1
141,265,1
140,264,1
139,264,1
138,264,1
137,264,1
136,264,1
135,264,1
134,264,1
133,264,1
132,264,1
131,264,1
130,264,1
129,264,1
128,264,1
127,264,1
126,264,1
125,264,1
124,264,1
123,264,1
122,264,1
121,263,1
120,263,1
119,263,1
118,263,1
117,263,1
116,262,1
117,262,1
118,261,1
219,187,0
317,106,1
318,107,1
319,108,1
320,109,1
320,110,1
321,111,1
321,112,1
321,113,1
322,114,1
321,115,1
322,116,1
322,117,1
322,118,1
321,119,1
321,120,1
321,121,1
320,122,1
320,123,1
319,124,1
319,125,1
319,126,1
318,127,1
317,128,1
316,129,1
316,130,1
315,130,1
315,131,1
314,132,1
314,133,1
313,133,1
312,134,1
312,135,1
311,136,1
310,137,1
310,138,1
309,138,1
309,139,1
308,140,1
308,141,1
307,141,1
306,142,1
306,143,1
305,144,1
305,145,1
304,145,1
304,146,1
303,147,1
303,148,1
303,149,1
302,149,1
302,150,1
301,151,1
301,152,1
301,153,1
300,154,1
300,155,1
300,156,1
299,157,1
299,158,1
299,159,1
299,160,1
299,161,1
299,162,1
299,163,1
299,164,1
299,165,1
299,166,1
299,167,1
299,168,1
300,168,1
300,169,1
300,170,1
300,171,1
301,172,1
301,173,1
301,174,1
301,175,1
302,176,1
302,177,1
303,178,1
303,179,1
303,180,1
304,181,1
304,182,1
304,183,1
305,184,1
305,185,1
305,186,1
306,186,1
306,187,1
307,188,1
307,189,1
307,190,1
308,191,1
308,192,1
309,193,1
309,194,1
310,194,1
310,195,1
311,196,1
311,197,1
312,198,1
313,199,1
314,200,1
315,201,1
315,202,1
316,202,1
317,203,1
317,204,1
318,204,1
319,205,1
320,206,1
321,207,1
322,207,1
323,208,1
324,209,1
325,209,1
326,210,1
327,210,1
327,211,1
328,211,1
329,212,1
330,212,1
331,212,1
332,212,1
333,213,1
334,213,1
335,213,1
336,213,1
337,214,1
338,214,1
339,214,1
340,213,1
341,213,1
342,213,1
343,213,1
344,213,1
345,213,1
345,212,1
346,212,1
347,211,1
347,210,1
348,209,1
370,184,0
395,150,1
395,151,1
395,152,1
395,153,1
395,154,1
395,155,1
395,156,1
395,157,1
395,158,1
395,159,1
395,160,1
395,161,1
395,162,1
395,163,1
395,164,1
395,165,1
395,166,1
395,167,1
395,168,1
395,169,1
395,170,1
395,171,1
395,172,1
395,173,1
395,174,1
395,175,1
395,176,1
395,177,1
395,178,1
395,179,1
395,180,1
395,181,1
395,182,1
395,183,1
395,184,1
394,184,1
394,185,1
394,186,1
395,186,1
430,179,0
467,169,1
467,170,1
467,171,1
466,172,1
466,173,1
466,174,1
465,175,1
464,176,1
463,177,1
462,178,1
461,178,1
461,179,1
460,179,1
460,178,1
461,177,1
462,177,1
462,176,1
463,176,1
463,175,1
464,175,1
465,175,1
466,174,1
467,174,1
468,174,1
469,173,1
470,173,1
471,173,1
472,173,1
473,172,1
474,172,1
475,172,1
476,172,1
477,172,1
478,172,1
479,171,1
480,171,1
481,171,1
482,171,1
483,171,1
484,171,1
485,171,1
486,171,1
487,171,1
488,171,1
489,171,1
490,171,1
491,171,1
492,171,1
493,171,1
494,170,1
495,170,1
496,170,1
497,170,1
498,170,1
499,170,1
500,170,1
501,170,1
502,170,1
503,170,1
504,170,1
505,170,1
506,170,1
507,169,1
508,169,1
509,169,1
510,169,1
511,169,1
512,169,1
513,168,1
514,168,1
515,168,1
516,168,1
517,167,1
517,169,0
520,166,1
520,167,1
520,168,1
520,169,1
520,170,1
520,171,1
519,172,1
519,173,1
519,174,1
519,175,1
519,176,1
519,177,1
519,178,1
519,179,1
519,180,1
519,181,1
519,182,1
519,183,1
519,184,1
520,185,1
520,186,1
520,187,1
520,188,1
520,189,1
520,190,1
520,191,1
520,192,1
520,193,1
520,194,1
519,195,1
519,196,1
519,197,1
519,198,1
519,199,1
519,200,1
518,200,1
518,201,1
518,202,1
517,202,1
516,202,1
516,201,1
515,200,1
515,199,1
514,198,1
449,148,0
382,99,1
382,98,1
382,97,1
382,96,1
382,95,1
381,94,1
381,93,1
381,92,1
381,91,1
381,90,1
381,89,1
381,88,1
382,87,1
382,86,1
382,85,1
382,84,1
382,83,1
383,82,1
383,81,1
383,80,1
383,79,1
384,78,1
384,77,1
385,76,1
385,75,1
386,74,1
386,73,1
386,72,1
387,72,1
387,71,1
388,70,1
388,69,1
389,69,1
389,68,1
390,67,1
390,66,1
391,65,1
392,65,1
392,64,1
393,63,1
394,63,1
394,62,1
395,61,1
396,60,1
397,60,1
398,59,1
398,58,1
399,58,1
400,57,1
401,56,1
402,56,1
403,55,1
404,55,1
405,54,1
406,53,1
407,53,1
408,52,1
409,52,1
410,51,1
411,51,1
412,51,1
412,50,1
413,50,1
414,50,1
415,49,1
416,49,1
417,49,1
418,49,1
418,48,1
419,48,1
420,48,1
421,48,1
422,47,1
423,47,1
424,47,1
425,47,1
426,46,1
427,46,1
428,46,1
429,46,1
430,46,1
431,45,1
432,45,1
433,45,1
434,45,1
435,45,1
436,45,1
437,45,1
438,44,1
439,44,1
440,44,1
441,44,1
442,44,1
443,44,1
444,44,1
445,44,1
446,44,1
447,44,1
448,44,1
449,44,1
450,44,1
451,44,1
452,44,1
453,44,1
454,44,1
455,44,1
456,44,1
457,44,1
458,44,1
459,44,1
459,45,1
460,45,1
461,45,1
462,45,1
463,45,1
464,45,1
465,45,1
466,46,1
467,46,1
468,46,1
469,47,1
470,47,1
471,47,1
472,47,1
473,48,1
474,48,1
475,48,1
475,49,1
476,49,1
477,49,1
478,50,1
479,50,1
480,50,1
480,51,1
481,51,1
482,52,1
483,52,1
484,53,1
485,54,1
486,54,1
487,55,1
488,56,1
489,56,1
489,57,1
490,58,1
491,58,1
491,59,1
492,60,1
493,60,1
493,61,1
494,62,1
495,63,1
496,64,1
497,65,1
497,66,1
498,67,1
499,68,1
500,69,1
500,70,1
501,71,1
501,72,1
502,73,1
502,74,1
503,75,1
503,76,1
503,77,1
504,77,1
504,78,1
505,79,1
505,80,1
505,81,1
506,82,1
506,83,1
506,84,1
507,85,1
507,86,1
507,87,1
508,88,1
508,89,1
508,90,1
508,91,1
509,92,1
509,93,1
509,94,1
510,95,1
510,96,1
510,97,1
511,98,1
511,99,1
511,100,1
512,101,1
512,102,1
512,103,1
512,104,1
512,105,1
513,105,1
513,106,1
513,107,1
513,108,1
514,109,1
514,110,1
514,111,1
514,112,1
515,113,1
515,114,1
515,115,1
516,116,1
516,117,1
516,118,1
517,119,1
517,120,1
517,121,1
518,121,1
518,122,1
519,123,1
519,124,1
519,125,1
520,125,1
520,126,1
521,127,1
521,128,1
521,129,1
522,129,1
522,130,1
523,131,1
523,132,1
524,132,1
524,133,1
525,134,1
525,135,1
526,135,1
526,136,1
527,137,1
527,138,1
528,138,1
528,139,1
529,140,1
530,140,1
530,141,1
531,142,1
532,142,1
532,143,1
533,144,1
534,144,1
535,145,1
536,146,1
537,147,1
538,147,1
539,147,1
540,148,1
541,148,1
541,149,1
388,120,0
234,93,1
235,93,1
236,93,1
237,93,1
238,93,1
239,93,1
240,94,1
241,94,1
242,94,1
243,94,1
244,94,1
245,94,1
246,94,1
247,94,1
248,94,1
249,94,1
250,94,1
250,95,1
251,95,1
252,95,1
253,95,1
254,95,1
255,95,1
256,95,1
257,95,1
258,95,1
259,95,1
260,95,1
261,95,1
262,95,1
263,95,1
264,95,1
265,95,1
266,95,1
267,95,1
268,95,1
269,95,1
270,95,1
271,95,1
272,96,1
273,96,1
274,96,1
275,96,1
276,96,1
277,96,1
278,96,1
279,96,1
280,96,1
281,97,1
282,97,1
283,97,1
284,97,1
285,97,1
286,97,1
287,97,1
288,97,1
289,97,1
290,97,1
291,98,1
292,98,1
293,98,1
294,98,1
295,98,1
296,98,1
297,98,1
298,98,1
299,98,1
300,99,1
301,99,1
302,99,1
303,99,1
304,99,1
305,99,1
306,99,1
307,99,1
308,99,1
309,100,1
310,100,1
311,100,1
312,100,1
313,100,1
314,100,1
315,100,1
316,100,1
317,100,1
318,101,1
319,101,1
320,101,1
321,101,1
322,101,1
323,101,1
324,101,1
325,101,1
326,102,1
327,102,1
328,102,1
329,102,1
330,102,1
331,102,1
332,102,1
333,102,1
334,102,1
335,103,1
336,103,1
337,103,1
338,103,1
339,103,1
340,103,1
341,103,1
342,103,1
343,104,1
344,104,1
345,104,1
346,104,1
347,104,1
348,104,1
349,104,1
350,104,1
351,104,1
352,105,1
353,105,1
354,105,1
355,105,1
356,105,1
357,105,1
358,105,1
359,105,1
360,105,1
361,105,1
362,105,1
363,105,1
364,105,1
365,105,1
366,105,1
367,105,1
368,105,1
369,106,1
370,106,1
371,106,1
372,106,1
373,106,1
374,106,1
375,106,1
376,106,1
377,106,1
378,107,1
379,107,1
380,107,1
381,107,1
382,107,1
383,107,1
384,107,1
385,107,1
386,107,1
387,107,1
388,108,1
389,108,1
390,108,1
391,108,1
392,108,1
393,108,1
394,108,1
395,108,1
396,108,1
397,108,1
398,108,1
399,109,1
400,109,1
401,109,1
402,109,1
403,109,1
404,109,1
405,109,1
406,109,1
407,109,1
408,109,1
409,109,1
410,109,1
411,110,1
412,110,1
413,110,1
414,110,1
415,110,1
416,110,1
417,110,1
418,110,1
419,110,1
420,110,1
421,110,1
422,110,1
423,110,1
424,111,1
425,111,1
426,111,1
427,111,1
428,111,1
429,111,1
430,111,1
431,111,1
432,111,1
433,111,1
434,111,1
435,111,1
436,111,1
437,112,1
438,112,1
439,112,1
440,112,1
441,112,1
442,112,1
443,112,1
444,112,1
445,112,1
446,112,1
447,112,1
448,112,1
449,113,1
450,113,1
451,113,1
452,113,1
453,113,1
454,113,1
455,113,1
456,113,1
457,113,1
458,113,1
459,113,1
460,114,1
461,114,1
462,114,1
463,114,1
464,114,1
465,114,1
466,114,1
467,114,1
468,114,1
469,114,1
470,114,1
471,114,1
472,114,1
473,114,1
474,114,1
475,114,1
476,114,1
477,114,1
478,114,1
479,114,1
480,114,1
481,114,1
482,115,1
483,115,1
484,115,1
485,115,1
486,115,1
487,115,1
488,115,1
489,115,1
490,115,1
491,115,1
492,115,1
493,116,1
494,116,1
495,116,1
496,116,1
497,116,1
498,116,1
499,116,1
500,116,1
501,116,1
502,117,1
503,117,1
504,117,1
505,117,1
506,117,1
507,117,1
508,117,1
509,117,1
510,118,1
511,118,1
512,118,1
513,118,1
514,118,1
515,118,1
516,118,1
517,119,1
518,119,1
519,119,1
520,119,1
521,119,1
522,119,1
523,119,1
524,119,1
525,120,1
526,120,1
527,120,1
528,120,1
529,120,1
530,120,1
531,120,1
532,120,1
533,121,1
534,121,1
535,121,1
536,121,1
537,121,1
538,121,1
539,121,1
540,121,1
541,121,1
541,122,1
542,122,1
543,122,1
544,122,1
545,122,1
546,122,1
547,122,1
548,122,1
549,122,1
550,123,1
551,123,1
552,123,1
553,123,1
554,123,1
555,123,1
556,123,1
557,123,1
558,123,1
559,123,1
560,123,1
561,123,1
562,123,1
563,123,1
564,124,1
565,124,1
566,124,1
567,124,1
568,124,1
569,124,1
570,124,1
571,124,1
572,124,1
573,125,1
574,125,1
575,125,1
576,125,1
577,125,1
578,125,1
579,125,1
580,126,1
581,126,1
582,126,1
583,126,1
584,126,1
585,126,1
585,126,0
