387,729,1
387,728,1
388,728,1
389,727,1
390,727,1
391,726,1
392,726,1
393,725,1
394,725,1
395,725,1
396,725,1
397,725,1
398,724,1
399,724,1
400,724,1
401,724,1
402,724,1
403,724,1
404,725,1
405,725,1
406,725,1
407,725,1
408,725,1
409,726,1
410,726,1
411,726,1
412,727,1
413,728,1
414,728,1
415,729,1
416,729,1
416,730,1
417,730,1
418,731,1
419,732,1
420,733,1
421,734,1
422,735,1
423,736,1
423,737,1
424,737,1
425,738,1
426,738,1
427,739,1
428,740,1
429,740,1
429,741,1
430,742,1
431,742,1
431,743,1
432,743,1
433,744,1
434,745,1
434,746,1
435,746,1
436,747,1
436,748,1
437,748,1
437,749,1
438,750,1
439,750,1
439,751,1
440,752,1
440,753,1
441,753,1
441,754,1
442,755,1
442,756,1
443,756,1
443,757,1
444,758,1
444,759,1
445,760,1
446,761,1
446,762,1
447,763,1
447,764,1
448,765,1
448,766,1
449,767,1
449,768,1
450,768,1
450,769,1
450,770,1
451,771,1
451,772,1
452,772,1
452,773,1
452,774,1
453,775,1
453,776,1
454,776,1
454,777,1
454,778,1
455,779,1
455,780,1
456,781,1
456,782,1
457,783,1
457,784,1
458,785,1
458,786,1
459,787,1
459,788,1
460,789,1
460,790,1
460,791,1
461,791,1
461,792,1
462,793,1
462,794,1
462,795,1
463,796,1
463,797,1
464,798,1
464,799,1
464,800,1
465,801,1
465,802,1
466,803,1
466,804,1
466,805,1
466,806,1
467,807,1
467,808,1
467,809,1
468,810,1
468,811,1
468,812,1
468,813,1
469,814,1
469,815,1
469,816,1
469,817,1
470,818,1
470,819,1
470,820,1
470,821,1
470,822,1
470,823,1
471,824,1
471,825,1
471,826,1
471,827,1
471,828,1
471,829,1
471,830,1
471,831,1
471,832,1
471,833,1
471,834,1
470,835,1
470,836,1
470,837,1
470,838,1
470,839,1
469,840,1
469,841,1
469,842,1
468,843,1
468,844,1
467,845,1
467,846,1
466,847,1
465,848,1
465,849,1
464,850,1
463,851,1
463,852,1
462,852,1
462,853,1
461,853,1
460,854,1
459,855,1
458,856,1
457,856,1
457,857,1
456,857,1
455,858,1
454,859,1
453,860,1
453,861,1
452,861,1
451,862,1
450,863,1
449,864,1
448,864,1
447,864,1
446,865,1
445,865,1
444,866,1
443,866,1
442,866,1
441,866,1
440,867,1
439,867,1
438,867,1
437,867,1
436,867,1
435,867,1
434,868,1
433,868,1
432,868,1
431,868,1
430,868,1
429,868,1
428,868,1
427,868,1
426,868,1
425,868,1
424,868,1
423,868,1
422,868,1
421,868,1
420,867,1
419,867,1
418,866,1
417,865,0
529,740,0
573,729,1
574,730,1
574,731,1
575,732,1
576,733,1
576,734,1
577,735,1
578,736,1
578,737,1
579,738,1
580,739,1
580,740,1
581,741,1
581,742,1
582,743,1
582,744,1
583,745,1
584,746,1
584,747,1
585,748,1
585,749,1
586,750,1
586,751,1
587,752,1
588,753,1
588,754,1
589,755,1
589,756,1
590,757,1
590,758,1
591,759,1
592,760,1
593,761,1
593,762,1
594,763,1
594,764,1
595,765,1
595,766,1
596,767,1
596,768,1
597,769,1
597,770,1
598,771,1
598,772,1
599,773,1
599,774,1
600,775,1
601,776,1
601,777,1
602,777,1
602,778,1
603,779,1
603,780,1
604,781,1
604,782,1
605,783,1
605,784,1
606,785,1
606,786,1
607,787,1
607,788,1
608,789,1
608,790,1
609,791,1
609,792,1
610,792,1
610,793,1
611,794,1
611,795,1
612,796,1
612,797,1
613,798,1
613,799,1
614,800,1
614,801,1
615,802,1
615,803,1
616,804,1
616,805,1
617,805,1
617,804,1
639,715,0
654,658,1
654,657,1
654,656,1
654,655,1
655,654,1
656,653,1
657,652,1
658,651,1
658,650,1
659,649,1
660,648,1
661,648,1
662,647,1
663,646,1
664,646,1
665,645,1
666,645,1
667,644,1
668,644,1
669,643,1
670,643,1
671,642,1
672,642,1
672,641,1
673,641,1
674,640,1
675,640,1
676,640,1
677,640,1
678,640,1
679,639,1
680,639,1
681,639,1
682,639,1
683,639,1
684,639,1
685,639,1
686,639,1
687,639,1
688,640,1
689,640,1
690,640,1
691,640,1
692,640,1
693,640,1
694,640,1
695,640,1
696,640,1
697,640,1
698,640,1
699,640,1
700,640,1
701,640,1
702,640,1
703,640,1
704,640,1
705,641,1
706,641,1
707,641,1
708,642,1
709,642,1
710,643,1
711,643,1
712,643,1
713,643,1
713,644,1
714,644,1
715,645,1
716,645,1
717,646,1
718,646,1
719,647,1
720,648,1
721,648,1
721,649,1
722,649,1
723,650,1
724,651,1
725,651,1
725,652,1
726,653,1
727,653,1
727,654,1
728,655,1
729,655,1
729,656,1
730,656,1
730,657,1
731,658,1
732,659,1
733,660,1
734,661,1
734,662,1
735,663,1
736,664,1
736,665,1
737,666,1
738,666,1
738,667,1
739,668,1
739,669,1
740,670,1
740,671,1
741,672,1
741,673,1
742,673,1
742,674,1
743,675,1
743,676,1
744,677,1
744,678,1
745,679,1
745,680,1
746,681,1
746,682,1
746,683,1
747,684,1
748,685,1
748,686,1
748,687,1
749,688,1
749,689,1
750,690,1
750,691,1
751,692,1
751,693,1
752,694,1
752,695,1
753,696,1
754,697,1
754,698,1
755,698,1
755,699,1
756,699,1
756,700,1
757,700,1
757,701,1
758,701,1
758,702,1
759,702,1
760,703,1
761,703,1
762,703,1
763,703,1
764,703,1
765,703,1
766,703,1
766,702,1
767,702,1
768,702,1
768,701,1
769,701,1
770,700,1
771,699,1
772,699,1
772,698,1
773,698,1
773,697,1
774,696,1
775,695,1
775,694,1
776,694,1
776,693,1
777,692,1
778,691,1
778,690,1
779,690,1
779,689,1
780,688,1
780,687,1
781,686,1
782,685,1
782,684,1
783,683,1
783,682,1
784,681,1
785,680,1
785,679,1
786,678,1
786,677,1
787,676,1
787,675,1
788,675,1
788,674,1
789,673,1
789,672,1
790,671,1
790,670,1
791,669,1
792,668,1
792,667,1
793,666,1
793,665,1
794,664,1
795,663,1
795,662,1
796,661,1
796,660,1
797,660,1
797,659,1
798,658,1
798,657,1
799,657,1
799,656,1
800,655,1
801,654,1
801,653,1
802,653,1
802,652,1
803,651,1
804,650,1
805,649,1
806,648,1
807,647,1
808,646,1
809,646,1
809,645,1
810,645,1
811,644,1
812,644,1
813,643,1
814,643,1
815,643,1
816,643,1
817,643,1
818,643,1
819,643,1
819,644,1
820,644,1
821,644,1
821,645,1
822,645,1
823,645,1
823,646,1
824,646,1
824,647,1
825,647,1
825,648,1
826,648,1
826,649,1
827,649,1
827,650,1
828,650,1
828,651,1
829,651,1
829,652,1
830,653,1
830,654,1
831,655,1
832,656,1
832,657,1
833,658,1
834,659,1
834,660,1
835,661,1
835,662,1
836,662,1
836,663,1
836,664,1
837,665,1
837,666,1
838,667,1
838,668,1
839,668,1
839,669,1
840,670,1
840,671,1
841,672,1
841,673,1
842,674,1
842,675,1
843,676,1
843,677,1
844,678,1
844,679,1
845,680,1
845,681,1
846,682,1
846,683,1
847,684,1
847,685,1
848,685,1
848,686,1
849,687,1
849,688,1
850,689,1
850,690,1
851,691,1
852,692,1
852,693,1
853,694,1
853,695,1
854,696,1
854,697,1
855,698,1
855,699,1
856,699,1
857,700,1
858,700,1
879,633,0
904,563,1
904,564,1
905,565,1
905,566,1
906,567,1
906,568,1
906,569,1
907,570,1
907,571,1
908,571,1
908,572,1
908,573,1
909,574,1
909,575,1
910,576,1
910,577,1
911,578,1
911,579,1
911,580,1
912,581,1
912,582,1
913,583,1
913,584,1
914,585,1
914,586,1
915,587,1
915,588,1
916,589,1
916,590,1
917,591,1
917,592,1
917,593,1
918,594,1
918,595,1
918,596,1
919,597,1
919,598,1
920,599,1
920,600,1
920,601,1
921,602,1
921,603,1
922,604,1
922,605,1
922,606,1
923,607,1
923,608,1
924,609,1
924,610,1
924,611,1
925,612,1
925,613,1
925,614,1
926,615,1
927,616,1
927,617,1
927,618,1
928,619,1
928,620,1
928,621,1
929,622,1
929,623,1
929,624,1
929,625,1
930,626,1
930,627,1
930,628,1
930,629,1
931,630,1
931,631,1
931,632,1
932,633,1
932,634,1
933,635,1
933,636,1
933,637,1
933,638,1
934,639,1
934,640,1
934,641,1
935,642,1
935,643,1
935,644,1
935,645,1
936,646,1
936,647,1
936,648,1
936,649,1
937,650,1
937,651,1
937,652,1
937,653,1
937,654,1
937,655,1
938,656,1
938,657,1
938,658,1
937,659,1
937,660,1
937,661,1
936,661,1
936,662,1
935,662,1
934,662,1
933,662,1
932,662,1
931,662,1
930,661,1
849,598,0
777,565,1
776,564,1
775,564,1
774,563,1
773,562,1
773,561,1
772,561,1
771,560,1
770,559,1
769,558,1
768,557,1
767,557,1
767,556,1
766,555,1
765,554,1
765,553,1
764,552,1
763,551,1
763,550,1
762,549,1
762,548,1
761,547,1
761,546,1
760,545,1
760,544,1
760,543,1
759,542,1
759,541,1
759,540,1
759,539,1
759,538,1
759,537,1
759,536,1
759,535,1
759,534,1
759,533,1
759,532,1
759,531,1
759,530,1
759,529,1
760,528,1
760,527,1
760,526,1
760,525,1
760,524,1
760,523,1
760,522,1
760,521,1
760,520,1
760,519,1
760,518,1
760,517,1
760,516,1
760,515,1
760,514,1
760,513,1
761,512,1
761,511,1
761,510,1
761,509,1
761,508,1
762,508,1
762,507,1
762,506,1
762,505,1
763,504,1
763,503,1
764,502,1
764,501,1
765,500,1
765,499,1
765,498,1
766,498,1
766,497,1
767,496,1
767,495,1
768,495,1
768,494,1
769,493,1
769,492,1
770,492,1
770,491,1
771,490,1
771,489,1
772,489,1
772,488,1
773,487,1
774,487,1
774,486,1
775,485,1
776,484,1
777,483,1
778,482,1
779,482,1
779,481,1
780,480,1
781,480,1
781,479,1
782,479,1
783,478,1
783,477,1
784,477,1
785,476,1
786,476,1
786,475,1
787,475,1
788,474,1
789,473,1
790,473,1
791,472,1
792,471,1
793,471,1
794,470,1
795,470,1
796,469,1
797,469,1
798,468,1
799,468,1
800,468,1
800,467,1
801,467,1
802,467,1
803,466,1
804,466,1
805,465,1
806,465,1
807,464,1
808,464,1
809,464,1
810,463,1
811,463,1
812,463,1
813,463,1
814,462,1
815,462,1
816,462,1
817,461,1
818,461,1
819,461,1
820,461,1
821,461,1
822,460,1
823,460,1
824,460,1
825,460,1
826,460,1
827,460,1
828,459,1
829,459,1
830,459,1
831,459,1
832,459,1
833,459,1
834,459,1
835,459,1
836,459,1
837,459,1
838,459,1
839,459,1
840,459,1
841,459,1
842,459,1
843,459,1
844,459,1
845,459,1
846,459,1
847,459,1
848,459,1
849,459,1
850,459,1
851,459,1
852,459,1
853,459,1
854,459,1
855,458,1
856,458,1
857,458,1
858,458,1
859,458,1
860,458,1
861,459,1
862,459,1
863,459,1
864,459,1
865,459,1
866,459,1
867,459,1
868,460,1
869,460,1
870,460,1
871,461,1
872,461,1
873,461,1
874,462,1
875,462,1
876,463,1
877,463,1
878,464,1
879,465,1
880,466,1
881,466,1
882,467,1
882,468,1
883,469,1
883,470,1
883,471,1
884,472,1
902,498,0
917,546,1
918,546,1
919,545,1
920,545,1
921,544,1
922,544,1
923,543,1
924,543,1
925,542,1
926,542,1
927,541,1
928,541,1
929,541,1
930,540,1
931,540,1
932,539,1
933,539,1
934,539,1
935,538,1
936,538,1
937,537,1
938,537,1
938,536,1
939,536,1
940,536,1
941,535,1
942,535,1
943,534,1
944,534,1
945,533,1
946,533,1
947,533,1
948,532,1
949,532,1
950,531,1
951,531,1
952,531,1
953,530,1
954,530,1
955,529,1
956,529,1
957,528,1
958,528,1
959,527,1
960,527,1
961,527,1
962,526,1
963,526,1
964,525,1
965,525,1
966,525,1
966,524,1
967,524,1
968,523,1
969,523,1
970,523,1
971,522,1
972,522,1
973,521,1
974,521,1
975,521,1
976,520,1
977,520,1
978,519,1
979,519,1
979,518,1
980,518,1
981,518,1
982,517,1
983,517,1
984,516,1
985,516,1
986,516,1
987,515,1
988,515,1
989,514,1
990,514,1
991,514,1
992,513,1
993,513,1
993,512,1
994,512,1
995,511,1
996,511,1
997,511,1
998,510,1
999,510,1
1000,509,1
1001,509,1
1002,508,1
1003,508,1
1004,508,1
1005,507,1
1006,506,1
1007,506,1
1008,505,1
1009,505,1
1010,505,1
1011,504,1
1012,504,1
1013,503,1
1014,503,1
1014,502,1
1015,502,1
1016,501,1
1017,501,1
1018,501,1
1019,500,1
1020,500,1
1021,499,1
1022,499,1
1023,498,1
1024,498,1
1025,498,1
1025,497,1
1026,497,1
1027,496,1
1028,496,1
1029,495,1
1030,495,1
1031,494,1
1032,494,1
1033,493,1
1034,493,1
1035,492,1
1036,492,1
1037,491,1
1038,491,1
1039,490,1
1040,490,1
1040,489,1
1041,488,1
1042,488,1
1043,487,1
1044,487,1
1045,486,1
1045,485,1
1046,485,1
1047,484,1
1047,483,1
1048,483,1
1048,482,1
1048,481,1
1049,480,1
1108,514,0
1177,515,1
1177,516,1
1178,517,1
1178,518,1
1179,519,1
1179,520,1
1179,521,1
1180,522,1
1180,523,1
1181,524,1
1181,525,1
1181,526,1
1182,527,1
1182,528,1
1182,529,1
1183,530,1
1183,531,1
1183,532,1
1183,533,1
1184,534,1
1184,535,1
1184,536,1
1184,537,1
1185,538,1
1185,539,1
1185,540,1
1186,540,1
1186,541,1
1186,542,1
1186,543,1
1186,544,1
1187,545,1
1187,546,1
1187,547,1
1187,548,1
1188,549,1
1188,550,1
1188,551,1
1188,552,1
1189,553,1
1189,554,1
1189,555,1
1189,556,1
1190,557,1
1190,558,1
1190,559,1
1190,560,1
1190,561,1
1191,562,1
1191,563,1
1191,564,1
1191,565,1
1191,566,1
1191,567,1
1191,568,1
1191,569,1
1190,569,1
1189,569,1
1188,569,1
1134,559,0
1098,550,1
1097,551,1
1096,551,1
1095,552,1
1095,553,1
1094,554,1
1093,555,1
1092,555,1
1091,556,1
1090,557,1
1089,558,1
1089,559,1
1088,559,1
1087,560,1
1086,561,1
1085,562,1
1084,563,1
1083,563,1
1083,564,1
1082,565,1
1081,565,1
1080,565,1
1079,566,1
1078,566,1
1077,566,1
1077,567,1
1076,567,1
1075,567,1
1074,567,1
1073,568,1
1072,568,1
1071,568,1
1070,568,1
1069,569,1
1068,569,1
1067,570,1
1066,570,1
1065,570,1
1064,571,1
1063,571,1
1063,572,1
1062,572,1
1061,572,1
1060,573,1
1059,573,1
1059,574,1
1058,574,1
1057,575,1
1056,575,1
1055,576,1
1054,576,1
1053,577,1
1052,577,1
1051,578,1
1050,578,1
1049,579,1
1048,580,1
1047,580,1
1046,581,1
1045,582,1
1044,582,1
1043,582,1
1042,583,1
1041,584,1
1040,584,1
1040,585,1
1039,585,1
1038,586,1
1037,587,1
1036,587,1
1035,588,1
1034,589,1
1033,589,1
1033,590,1
1032,590,1
1032,591,1
1031,591,1
1031,592,1
1030,592,1
1030,593,1
1029,594,1
1028,595,1
1028,596,1
1027,596,1
1027,597,1
1026,598,1
1025,599,1
1025,600,1
1024,601,1
1024,602,1
1023,603,1
1023,604,1
1023,605,1
1022,605,1
1022,606,1
1022,607,1
1022,608,1
1021,609,1
1021,610,1
1021,611,1
1021,612,1
1021,613,1
1021,614,1
1020,615,1
1020,616,1
1020,617,1
1020,618,1
1021,619,1
1021,620,1
1021,621,1
1021,622,1
1021,623,1
1021,624,1
1022,625,1
1022,626,1
1022,627,1
1023,628,1
1023,629,1
1024,630,1
1025,631,1
1025,632,1
1026,632,1
1026,633,1
1027,633,1
1027,634,1
1028,634,1
1028,635,1
1029,635,1
1029,636,1
1030,636,1
1031,636,1
1031,637,1
1032,637,1
1033,638,1
1033,639,1
1034,639,1
1034,640,1
1035,640,1
1036,641,1
1036,642,1
1037,642,1
1038,643,1
1039,643,1
1039,644,1
1040,644,1
1041,645,1
1042,645,1
1043,646,1
1044,646,1
1045,646,1
1046,646,1
1047,646,1
1048,646,1
1049,646,1
1050,646,1
1051,646,1
1052,646,1
1053,646,1
1054,646,1
1055,645,1
1056,645,1
1057,645,1
1058,644,1
1059,644,1
1060,644,1
1061,643,1
1062,643,1
1063,642,1
1064,641,1
1065,641,1
1066,640,1
1067,640,1
1068,639,1
1161,582,0
1267,498,1
1267,499,1
1268,500,1
1268,501,1
1269,502,1
1269,503,1
1269,504,1
1270,505,1
1270,506,1
1271,507,1
1271,508,1
1271,509,1
1272,510,1
1272,511,1
1272,512,1
1273,513,1
1273,514,1
1274,515,1
1274,516,1
1274,517,1
1275,518,1
1275,519,1
1275,520,1
1276,521,1
1276,522,1
1277,523,1
1277,524,1
1278,525,1
1278,526,1
1278,527,1
1279,527,1
1279,528,1
1279,529,1
1280,530,1
1280,531,1
1280,532,1
1281,532,1
1281,533,1
1281,534,1
1282,535,1
1282,536,1
1283,537,1
1283,538,1
1284,539,1
1284,540,1
1285,541,1
1286,542,1
1287,542,1
1287,541,1
1287,540,1
1287,539,1
1287,538,1
1324,497,0
1346,458,1
1347,459,1
1348,459,1
1349,460,1
1350,460,1
1351,461,1
1352,461,1
1353,461,1
1354,462,1
1355,462,1
1356,462,1
1357,463,1
1358,463,1
1359,463,1
1360,463,1
1361,463,1
1362,463,1
1363,463,1
1364,463,1
1365,463,1
1366,462,1
1367,462,1
1368,462,1
1369,461,1
1370,461,1
1371,460,1
1372,460,1
1372,459,1
1373,459,1
1374,458,1
1375,457,1
1376,456,1
1377,456,1
1377,455,1
1378,454,1
1379,454,1
1379,453,1
1380,452,1
1381,451,1
1382,451,1
1382,450,1
1383,450,1
1384,449,1
1385,448,1
1386,448,1
1386,447,1
1387,447,1
1388,446,1
1389,446,1
1389,445,1
1390,445,1
1390,444,1
1391,444,1
1392,443,1
1393,442,1
1394,441,1
1395,440,1
1396,440,1
1396,439,1
1397,438,1
1398,438,1
1398,437,1
1399,437,1
1399,436,1
1400,435,1
1401,435,1
1401,434,1
1402,433,1
1403,432,1
1404,431,1
1405,430,1
1406,429,1
1407,429,1
1407,428,1
1408,427,1
1409,426,1
1410,426,1
1410,425,1
1411,425,1
1412,424,1
1413,423,1
1414,423,1
1415,422,1
1416,422,1
1416,421,1
1417,421,1
1418,421,1
1419,421,1
1419,420,1
1420,420,1
1421,420,1
1422,420,1
1423,420,1
1424,420,1
1425,420,1
1426,420,1
1427,420,1
1428,420,1
1429,421,1
1430,421,1
1431,421,1
1432,422,1
1433,422,1
1433,423,1
1434,423,1
1435,424,1
1436,424,1
1436,425,1
1437,425,1
1438,426,1
1439,426,1
1439,427,1
1440,427,1
1440,428,1
1441,428,1
1441,429,1
1442,430,1
1443,431,1
1444,432,1
1444,433,1
1445,433,1
1445,434,1
1446,435,1
1446,436,1
1447,436,1
1447,437,1
1448,438,1
1448,439,1
1449,440,1
1449,441,1
1450,442,1
1450,443,1
1451,444,1
1451,445,1
1452,446,1
1452,447,1
1453,448,1
1453,449,1
1454,450,1
1454,451,1
1455,452,1
1455,453,1
1455,454,1
1456,455,1
1456,456,1
1456,457,1
1457,458,1
1457,459,1
1458,459,1
1458,460,1
1458,461,1
1459,462,1
1459,463,1
1459,464,1
1460,465,1
1460,466,1
1460,467,1
1461,467,1
1461,468,1
1461,469,1
1461,470,1
1462,471,1
1462,472,1
1462,473,1
1462,474,1
1462,475,1
1462,476,1
1461,476,1
1461,477,1
1460,477,1
1459,477,1
1458,477,1
1434,452,0
1400,429,1
1401,429,1
1402,429,1
1403,429,1
1404,429,1
1405,429,1
1406,429,1
1407,429,1
1408,429,1
1409,429,1
1410,429,1
1411,429,1
1412,429,1
1413,429,1
1479,414,0
1548,392,1
1549,393,1
1549,394,1
1550,395,1
1551,396,1
1551,397,1
1552,398,1
1553,399,1
1553,400,1
1554,401,1
1555,402,1
1555,403,1
1556,404,1
1557,405,1
1558,406,1
1558,407,1
1559,408,1
1560,409,1
1560,410,1
1561,411,1
1562,412,1
1562,413,1
1563,414,1
1564,415,1
1565,416,1
1565,417,1
1566,418,1
1567,419,1
1567,420,1
1568,421,1
1569,422,1
1570,423,1
1570,424,1
1571,425,1
1572,426,1
1573,427,1
1573,428,1
1574,429,1
1575,430,1
1575,431,1
1576,432,1
1577,432,1
1578,433,1
1579,433,1
1514,374,0
1485,327,1
1484,327,1
1483,328,1
1482,328,1
1481,329,1
1480,329,1
1479,330,1
1478,330,1
1477,330,1
1476,331,1
1475,331,1
1474,332,1
1473,332,1
1472,332,1
1471,333,1
1470,333,1
1469,333,1
1468,334,1
1467,334,1
1466,334,1
1465,334,1
1464,335,1
1463,335,1
1462,336,1
1461,336,1
1460,336,1
1459,337,1
1458,337,1
1457,337,1
1456,337,1
1455,338,1
1454,338,1
1453,338,1
1452,339,1
1451,339,1
1450,339,1
1449,340,1
1448,340,1
1447,340,1
1446,341,1
1445,341,1
1444,341,1
1443,341,1
1442,342,1
1441,342,1
1440,342,1
1439,343,1
1438,343,1
1437,343,1
1436,344,1
1435,344,1
1434,344,1
1433,344,1
1432,345,1
1431,345,1
1430,346,1
1429,346,1
1428,346,1
1427,346,1
1426,347,1
1425,347,1
1424,347,1
1423,347,1
1422,348,1
1421,348,1
1420,348,1
1419,349,1
1418,349,1
1417,349,1
1416,349,1
1415,350,1
1414,350,1
1413,350,1
1412,351,1
1411,351,1
1410,351,1
1409,351,1
1408,352,1
1407,352,1
1406,352,1
1405,353,1
1404,353,1
1403,353,1
1402,353,1
1401,354,1
1400,354,1
1399,354,1
1398,355,1
1397,355,1
1396,355,1
1395,355,1
1394,356,1
1393,356,1
1392,356,1
1391,356,1
1390,357,1
1389,357,1
1388,357,1
1387,357,1
1386,358,1
1385,358,1
1384,358,1
1383,358,1
1382,359,1
1381,359,1
1380,359,1
1379,359,1
1378,360,1
1377,360,1
1376,360,1
1375,360,1
1374,361,1
1373,361,1
1372,361,1
1371,361,1
1370,362,1
1369,362,1
1368,362,1
1367,362,1
1366,363,1
1365,363,1
1364,363,1
1363,363,1
1362,364,1
1361,364,1
1360,364,1
1359,364,1
1358,365,1
1357,365,1
1356,365,1
1355,365,1
1354,366,1
1353,366,1
1352,366,1
1351,366,1
1350,367,1
1349,367,1
1348,367,1
1347,367,1
1346,368,1
1345,368,1
1344,368,1
1343,368,1
1342,368,1
1341,369,1
1340,369,1
1339,369,1
1338,369,1
1337,370,1
1336,370,1
1335,370,1
1334,370,1
1333,371,1
1332,371,1
1331,371,1
1330,371,1
1329,372,1
1328,372,1
1327,372,1
1326,372,1
1325,372,1
1324,373,1
1323,373,1
1322,373,1
1321,373,1
1320,374,1
1319,374,1
1318,374,1
1317,374,1
1316,375,1
1315,375,1
1314,375,1
1313,375,1
1312,376,1
1311,376,1
1310,376,1
1309,376,1
1308,376,1
1307,377,1
1306,377,1
1305,377,1
1304,377,1
1303,378,1
1302,378,1
1301,378,1
1300,378,1
1299,379,1
1298,379,1
1297,379,1
1296,379,1
1295,379,1
1294,380,1
1293,380,1
1292,380,1
1291,380,1
1290,381,1
1289,381,1
1288,381,1
1287,381,1
1286,381,1
1285,382,1
1284,382,1
1283,382,1
1282,382,1
1281,382,1
1280,383,1
1279,383,1
1278,383,1
1277,383,1
1276,384,1
1275,384,1
1274,384,1
1273,384,1
1272,385,1
1271,385,1
1270,385,1
1269,385,1
1268,385,1
1267,386,1
1266,386,1
1265,386,1
1264,386,1
1263,387,1
1262,387,1
1261,387,1
1260,387,1
1259,387,1
1258,388,1
1257,388,1
1256,388,1
1255,388,1
1254,389,1
1253,389,1
1252,389,1
1251,389,1
1250,390,1
1249,390,1
1248,390,1
1247,390,1
1246,390,1
1245,391,1
1244,391,1
1243,391,1
1242,391,1
1241,392,1
1240,392,1
1239,392,1
1238,392,1
1237,393,1
1236,393,1
1235,393,1
1234,393,1
1233,394,1
1232,394,1
1231,394,1
1230,394,1
1229,395,1
1228,395,1
1227,395,1
1226,395,1
1225,396,1
1224,396,1
1223,396,1
1222,396,1
1221,397,1
1220,397,1
1219,397,1
1218,397,1
1217,398,1
1216,398,1
1215,398,1
1214,398,1
1213,399,1
1212,399,1
1211,399,1
1210,400,1
1209,400,1
1208,400,1
1207,400,1
1206,401,1
1205,401,1
1204,401,1
1203,401,1
1202,402,1
1201,402,1
1200,402,1
1199,403,1
1198,403,1
1197,403,1
1196,403,1
1195,404,1
1194,404,1
1193,404,1
1192,405,1
1191,405,1
1190,405,1
1189,405,1
1188,406,1
1187,406,1
1186,406,1
1185,406,1
1184,407,1
1183,407,1
1182,407,1
1181,408,1
1180,408,1
1179,408,1
1178,408,1
1177,409,1
1176,409,1
1175,409,1
1174,410,1
1173,410,1
1172,410,1
1171,410,1
1170,411,1
1169,411,1
1168,411,1
1167,412,1
1166,412,1
1165,412,1
1164,413,1
1163,413,1
1162,413,1
1161,413,1
1160,414,1
1159,414,1
1158,414,1
1157,415,1
1156,415,1
1155,415,1
1154,416,1
1153,416,1
1152,416,1
1151,416,1
1150,417,1
1149,417,1
1148,417,1
1147,418,1
1146,418,1
1145,418,1
1144,419,1
1143,419,1
1142,419,1
1141,420,1
1140,420,1
1139,420,1
1138,420,1
1138,421,1
1137,421,1
1136,421,1
1135,422,1
1134,422,1
1133,422,1
1132,423,1
1131,423,1
1130,423,1
1129,424,1
1128,424,1
1127,424,1
1126,425,1
1125,425,1
1124,425,1
1123,426,1
1122,426,1
1121,426,1
1120,427,1
1119,427,1
1118,427,1
1117,428,1
1116,428,1
1115,428,1
1114,429,1
1113,429,1
1112,429,1
1111,430,1
1110,430,1
1109,430,1
1108,431,1
1107,431,1
1106,431,1
1105,432,1
1104,432,1
1103,432,1
1102,433,1
1101,433,1
1100,434,1
1099,434,1
1098,434,1
1097,435,1
1096,435,1
1095,435,1
1094,436,1
1093,436,1
1092,437,1
1091,437,1
1090,437,1
1089,438,1
1088,438,1
1087,438,1
1086,439,1
1085,439,1
1084,439,1
1083,440,1
1082,440,1
1081,441,1
1080,441,1
1079,441,1
1078,442,1
1077,442,1
1076,443,1
1075,443,1
1074,443,1
1073,444,1
1072,444,1
1071,444,1
1070,445,1
1069,445,1
1068,446,1
1067,446,1
1066,446,1
1065,447,1
1064,447,1
1063,448,1
1062,448,1
1061,448,1
1060,449,1
1059,449,1
1058,449,1
1057,450,1
1056,450,1
1055,451,1
1054,451,1
1053,451,1
1052,452,1
1051,452,1
1050,453,1
1049,453,1
1048,453,1
1047,454,1
1046,454,1
1045,455,1
1044,455,1
1043,455,1
1042,456,1
1041,456,1
1040,457,1
1039,457,1
1038,457,1
1037,458,1
1036,458,1
1035,459,1
1034,459,1
1033,459,1
1032,460,1
1031,460,1
1030,461,1
1029,461,1
1028,461,1
1027,462,1
1026,462,1
1025,463,1
1024,463,1
1023,464,1
1022,464,1
1021,464,1
1020,465,1
1019,465,1
1018,466,1
1017,466,1
1016,466,1
1015,467,1
1014,467,1
1013,468,1
1012,469,1
1011,469,1
1010,469,1
1009,470,1
1008,470,1
1007,471,1
1006,471,1
1005,471,1
1004,472,1
1003,472,1
1002,473,1
1001,473,1
1000,474,1
999,474,1
998,474,1
997,475,1
996,475,1
995,476,1
994,476,1
993,477,1
992,477,1
991,477,1
990,478,1
989,478,1
988,479,1
987,479,1
986,480,1
985,480,1
984,480,1
983,481,1
982,481,1
981,482,1
980,482,1
979,483,1
978,483,1
977,483,1
976,484,1
975,484,1
974,485,1
973,485,1
972,486,1
971,486,1
970,486,1
969,487,1
968,487,1
967,488,1
966,488,1
965,489,1
964,489,1
963,490,1
962,490,1
961,490,1
960,491,1
959,491,1
959,492,1
958,492,1
957,493,1
956,493,1
955,493,1
954,494,1
953,494,1
952,495,1
951,495,1
950,496,1
949,496,1
948,497,1
947,497,1
946,497,1
945,498,1
944,498,1
943,499,1
942,499,1
941,500,1
940,500,1
939,501,1
938,501,1
937,501,1
936,502,1
935,502,1
934,503,1
933,503,1
932,504,1
931,504,1
930,505,1
929,505,1
928,505,1
927,506,1
926,506,1
925,507,1
924,507,1
923,508,1
922,508,1
921,509,1
920,509,1
919,510,1
918,510,1
917,510,1
917,511,1
916,511,1
915,512,1
914,512,1
913,513,1
912,513,1
911,514,1
910,514,1
909,515,1
908,515,1
907,515,1
906,516,1
905,516,1
904,517,1
903,517,1
902,518,1
901,518,1
900,519,1
899,519,1
898,520,1
897,520,1
896,520,1
895,521,1
894,521,1
893,522,1
892,522,1
891,523,1
890,523,1
889,524,1
888,524,1
887,524,1
886,525,1
885,525,1
884,526,1
883,526,1
882,527,1
881,527,1
880,527,1
879,528,1
878,528,1
877,529,1
876,529,1
875,530,1
874,530,1
873,531,1
872,531,1
871,531,1
870,532,1
869,532,1
868,533,1
867,533,1
866,534,1
865,534,1
864,535,1
863,535,1
862,536,1
861,536,1
860,537,1
859,537,1
858,538,1
857,538,1
856,538,1
855,539,1
854,539,1
853,540,1
852,540,1
851,540,1
850,540,1
849,541,1
848,541,1
847,542,1
846,542,1
845,542,1
844,543,1
843,543,1
842,544,1
841,544,1
840,544,1
839,545,1
838,545,1
837,546,1
836,546,1
835,546,1
834,547,1
833,547,1
832,547,1
831,548,1
830,548,1
829,549,1
828,549,1
827,549,1
827,550,1
826,550,1
825,550,1
824,551,1
823,551,1
822,551,1
821,552,1
820,552,1
819,552,1
818,552,1
817,553,1
816,553,1
815,553,1
814,553,1
814,552,1
813,552,1
812,552,1
812,551,1
812,550,1
812,549,1
812,548,1
812,548,0
