439,593,1
440,593,1
441,593,1
442,593,1
443,592,1
444,592,1
445,592,1
446,591,1
447,591,1
448,591,1
449,591,1
450,591,1
451,590,1
452,590,1
453,590,1
454,590,1
455,590,1
456,590,1
457,589,1
458,589,1
459,589,1
460,589,1
461,588,1
462,588,1
463,588,1
464,588,1
465,588,1
466,588,1
467,587,1
468,587,1
469,587,1
470,587,1
471,587,1
472,586,1
473,586,1
474,586,1
475,586,1
476,586,1
477,586,1
478,585,1
479,585,1
480,585,1
481,585,1
482,585,1
482,584,1
483,584,1
484,584,1
485,584,1
486,584,1
487,583,1
488,583,1
489,583,1
490,583,1
491,583,1
492,582,1
493,582,1
494,582,1
495,582,1
496,582,1
497,582,1
498,581,1
499,581,1
500,581,1
501,581,1
502,581,1
503,581,1
504,580,1
505,580,1
506,580,1
507,580,1
508,580,1
509,580,1
510,580,1
511,579,1
512,579,1
513,579,1
514,579,1
515,579,1
516,579,1
517,578,1
518,578,1
519,578,1
520,578,1
521,578,1
522,577,1
523,577,1
524,577,1
525,577,1
526,577,1
527,576,1
528,576,1
529,576,1
530,576,1
531,576,1
532,575,1
533,575,1
534,575,1
535,575,1
536,575,1
537,574,1
538,574,1
539,574,1
540,574,1
541,574,1
542,574,1
543,574,1
544,574,1
545,574,1
546,574,1
547,574,1
548,574,1
549,574,1
550,575,1
551,575,1
552,575,1
553,576,1
554,576,1
555,577,1
556,577,1
556,578,1
557,578,1
557,579,1
558,579,1
558,580,1
559,581,1
559,582,1
560,583,1
560,584,1
560,585,1
560,586,1
561,587,1
561,588,1
561,589,1
561,590,1
561,591,1
561,592,1
561,593,1
561,594,1
561,595,1
561,596,1
561,597,1
561,598,1
561,599,1
561,600,1
560,601,1
560,602,1
560,603,1
560,604,1
560,605,1
560,606,1
559,607,1
559,608,1
559,609,1
559,610,1
559,611,1
559,612,1
559,613,1
558,614,1
558,615,1
558,616,1
558,617,1
558,618,1
558,619,1
558,620,1
558,621,1
558,622,1
558,623,1
558,624,1
557,625,1
557,626,1
557,627,1
557,628,1
557,629,1
557,630,1
557,631,1
557,632,1
557,633,1
557,634,1
557,635,1
557,636,1
557,637,1
557,638,1
557,639,1
557,640,1
557,641,1
557,642,1
557,643,1
557,644,1
557,645,1
557,646,1
557,647,1
557,648,1
557,649,1
557,650,1
557,651,1
557,652,1
557,653,1
557,654,1
557,655,1
557,656,1
557,657,1
557,658,1
557,659,1
557,660,1
557,661,1
557,662,1
557,663,1
557,664,1
557,665,1
557,666,1
557,667,1
557,668,1
556,668,1
556,669,1
556,670,1
556,671,1
555,671,1
555,670,1
554,670,1
554,669,1
553,668,1
553,667,1
552,666,1
552,665,1
552,664,1
552,663,1
551,663,1
551,662,1
551,661,1
551,660,1
550,659,1
550,658,1
550,657,1
549,656,1
549,655,1
549,654,1
548,653,1
548,652,1
548,651,1
548,650,1
547,649,1
547,648,1
547,647,1
546,646,1
546,645,1
546,644,1
545,643,1
545,642,1
545,641,1
544,641,1
544,640,1
544,639,1
543,638,1
543,637,1
543,636,1
542,635,1
542,634,1
542,633,1
541,632,1
541,631,1
540,631,1
540,630,1
540,629,1
539,628,1
539,627,1
538,626,1
538,625,1
537,624,1
536,623,1
535,622,1
535,621,1
534,620,1
534,619,1
533,619,1
532,618,1
532,617,1
531,616,1
530,616,1
530,615,1
529,614,1
528,613,1
527,612,1
526,612,1
525,611,1
525,610,1
524,610,1
523,609,1
522,609,1
521,608,1
520,607,1
519,607,1
518,607,1
517,606,1
516,606,1
515,606,1
514,606,1
513,605,1
512,605,1
511,605,1
510,605,1
509,605,1
508,605,1
507,605,1
506,605,1
505,605,1
504,605,1
503,605,1
503,606,1
502,606,1
501,606,1
500,606,1
499,607,1
498,607,1
497,607,1
496,608,1
495,609,1
494,609,1
493,610,1
492,610,1
491,611,1
490,612,1
489,613,1
488,613,1
488,614,1
487,615,1
486,616,1
486,617,1
485,617,1
485,618,1
484,619,1
484,620,1
484,621,1
483,622,1
483,623,1
483,624,1
483,625,1
483,626,1
484,626,1
484,627,1
484,628,1
485,629,1
485,630,1
486,631,1
487,632,1
488,633,1
489,633,1
490,634,1
491,635,1
492,635,1
493,635,1
494,636,1
495,636,1
496,636,1
497,636,1
498,637,1
499,637,1
500,637,1
501,637,1
502,637,1
503,637,1
504,637,1
505,636,1
506,636,1
507,636,1
508,636,1
509,635,1
510,635,1
511,634,1
512,634,1
513,634,1
514,633,1
515,633,1
515,632,1
516,632,1
517,631,1
518,631,1
518,630,1
519,630,1
520,629,1
521,629,1
522,628,1
522,627,1
523,627,1
524,626,1
525,625,1
526,624,1
527,623,1
527,622,1
528,622,1
529,621,1
530,620,1
530,619,1
531,618,1
532,618,1
532,617,1
533,616,1
534,615,1
534,614,1
535,613,1
536,612,1
536,611,1
537,611,1
538,610,1
538,609,1
539,608,1
539,607,1
540,606,1
541,605,1
541,604,1
542,604,1
543,603,1
543,602,1
544,601,1
545,600,1
546,599,1
547,598,1
547,597,1
548,597,1
549,596,1
549,595,1
550,595,1
551,594,1
551,593,1
552,593,1
553,592,1
554,592,1
554,591,1
555,590,1
556,590,1
557,589,1
558,589,1
558,588,1
559,588,1
560,588,1
561,587,1
562,587,1
563,586,1
564,586,1
565,585,1
566,585,1
567,585,1
568,585,1
569,584,1
570,584,1
571,584,1
572,584,1
573,584,1
574,584,1
575,584,1
576,584,1
577,584,1
578,584,1
579,584,1
580,584,1
581,584,1
582,584,1
583,584,1
584,585,1
585,585,1
586,586,1
587,586,1
588,586,1
589,587,1
590,587,1
591,588,1
592,588,1
593,589,1
594,590,1
595,590,1
596,591,1
597,591,1
597,592,1
598,593,1
599,593,1
600,594,1
600,595,1
601,596,1
602,596,1
602,597,1
603,598,1
604,599,1
605,600,1
606,601,1
606,602,1
607,603,1
607,604,1
608,605,1
608,606,1
609,607,1
609,608,1
610,609,1
610,610,1
610,611,1
611,612,1
611,613,1
611,614,1
611,615,1
612,616,1
612,617,1
612,618,1
612,619,1
612,620,1
613,621,1
613,622,1
613,623,1
613,624,1
613,625,1
613,626,1
613,627,1
613,628,1
613,629,1
613,630,1
613,631,1
612,632,1
612,633,1
612,634,1
612,635,1
612,636,1
612,637,1
612,638,1
611,638,1
611,639,1
611,640,1
611,641,1
610,642,1
610,643,1
609,643,1
609,644,1
609,645,1
608,645,1
608,646,1
607,646,1
607,645,1
607,644,1
607,643,1
607,642,1
607,641,1
607,640,1
607,639,1
613,578,0
611,511,1
612,511,1
613,511,1
614,510,1
615,510,1
616,510,1
617,510,1
618,510,1
619,509,1
620,509,1
621,509,1
622,509,1
623,509,1
624,508,1
625,508,1
626,508,1
627,508,1
628,508,1
629,508,1
630,507,1
631,507,1
632,507,1
633,507,1
634,507,1
635,507,1
636,507,1
637,506,1
638,506,1
639,506,1
640,506,1
641,506,1
642,506,1
643,506,1
644,506,1
645,505,1
646,505,1
647,505,1
648,505,1
649,505,1
650,505,1
651,505,1
652,505,1
653,504,1
654,504,1
655,504,1
656,504,1
657,504,1
658,504,1
659,504,1
660,504,1
661,503,1
662,503,1
663,503,1
664,503,1
665,503,1
666,503,1
667,503,1
668,502,1
669,502,1
670,502,1
671,502,1
672,502,1
673,501,1
674,501,1
675,501,1
676,501,1
677,501,1
678,500,1
679,500,1
680,500,1
681,500,1
682,500,1
683,500,1
684,499,1
685,499,1
686,499,1
687,499,1
688,499,1
689,498,1
690,498,1
691,498,1
692,498,1
693,498,1
694,497,1
695,497,1
696,497,1
697,497,1
698,497,1
699,497,1
700,496,1
701,496,1
702,496,1
703,496,1
704,496,1
705,496,1
706,495,1
707,495,1
708,495,1
709,495,1
710,495,1
711,495,1
712,494,1
713,494,1
714,494,1
715,494,1
716,494,1
717,494,1
718,493,1
719,493,1
720,493,1
721,493,1
722,493,1
723,493,1
724,492,1
725,492,1
726,492,1
727,492,1
728,492,1
729,491,1
730,491,1
731,491,1
732,491,1
733,491,1
734,491,1
735,490,1
736,490,1
737,490,1
738,490,1
739,490,1
740,490,1
741,489,1
742,489,1
743,489,1
744,489,1
745,489,1
746,489,1
747,488,1
748,488,1
749,488,1
750,488,1
751,488,1
752,488,1
753,487,1
754,487,1
755,487,1
756,487,1
757,487,1
758,487,1
759,486,1
760,486,1
761,486,1
762,486,1
763,486,1
763,485,1
764,485,1
764,484,1
738,509,0
711,532,1
712,532,1
713,532,1
714,531,1
715,531,1
716,531,1
717,531,1
718,531,1
719,531,1
720,530,1
721,530,1
722,530,1
723,530,1
724,531,1
725,531,1
726,531,1
727,531,1
728,531,1
729,531,1
730,531,1
730,532,1
731,532,1
732,532,1
732,533,1
733,533,1
734,534,1
735,535,1
736,536,1
736,537,1
736,538,1
737,539,1
737,540,1
737,541,1
736,542,1
736,543,1
736,544,1
736,545,1
736,546,1
735,547,1
735,548,1
735,549,1
734,550,1
734,551,1
733,552,1
733,553,1
733,554,1
733,555,1
732,556,1
732,557,1
732,558,1
731,559,1
731,560,1
731,561,1
731,562,1
731,563,1
731,564,1
732,565,1
732,566,1
732,567,1
733,567,1
733,568,1
734,569,1
735,570,1
736,570,1
737,571,1
738,571,1
739,571,1
740,571,1
741,571,1
742,571,1
743,571,1
744,571,1
745,571,1
746,571,1
747,570,1
748,570,1
749,570,1
750,570,1
751,569,1
752,569,1
753,569,1
754,568,1
755,568,1
756,567,1
757,567,1
758,566,1
759,566,1
760,565,1
761,565,1
762,564,1
763,564,1
764,563,1
765,563,1
766,562,1
767,562,1
767,561,1
768,561,1
769,560,1
770,559,1
771,559,1
772,558,1
773,558,1
774,557,1
775,556,1
776,556,1
776,555,1
777,554,1
778,554,1
779,553,1
780,552,1
781,551,1
782,551,1
783,550,1
784,549,1
784,548,1
785,548,1
786,547,1
787,546,1
788,545,1
789,544,1
790,543,1
790,542,1
791,541,1
792,541,1
792,540,1
793,539,1
794,538,1
794,537,1
795,537,1
796,536,1
796,535,1
797,534,1
797,533,1
798,532,1
799,531,1
800,530,1
800,529,1
800,528,1
801,527,1
801,526,1
802,525,1
802,524,1
802,523,1
803,522,1
803,521,1
803,520,1
803,519,1
804,518,1
804,517,1
804,516,1
804,515,1
804,514,1
804,513,1
804,512,1
804,511,1
804,510,1
804,509,1
804,508,1
804,507,1
804,506,1
803,506,1
803,505,1
803,504,1
802,504,1
802,503,1
801,503,1
800,502,1
799,502,1
799,501,1
798,501,1
797,501,1
796,501,1
795,502,1
794,502,1
794,503,1
793,503,1
792,504,1
791,505,1
790,506,1
790,507,1
789,507,1
789,508,1
789,509,1
788,510,1
788,511,1
787,512,1
787,513,1
787,514,1
787,515,1
786,516,1
786,517,1
786,518,1
786,519,1
785,520,1
785,521,1
785,522,1
785,523,1
785,524,1
785,525,1
785,526,1
785,527,1
784,528,1
784,529,1
784,530,1
784,531,1
784,532,1
784,533,1
784,534,1
784,535,1
784,536,1
785,537,1
785,538,1
785,539,1
785,540,1
785,541,1
785,542,1
785,543,1
785,544,1
785,545,1
785,546,1
785,547,1
786,548,1
786,549,1
786,550,1
786,551,1
786,552,1
786,553,1
786,554,1
787,555,1
787,556,1
787,557,1
787,558,1
787,559,1
787,560,1
788,561,1
788,562,1
788,563,1
788,564,1
788,565,1
788,566,1
789,567,1
789,568,1
789,569,1
789,570,1
790,571,1
790,572,1
790,573,1
791,574,1
791,575,1
791,576,1
791,577,1
792,578,1
792,579,1
792,580,1
792,581,1
793,582,1
793,583,1
793,584,1
794,585,1
795,586,1
795,587,1
796,588,1
796,589,1
797,590,1
797,591,1
797,592,1
798,592,1
798,593,1
798,594,1
799,594,1
799,595,1
800,595,1
800,594,1
800,593,1
800,592,1
800,591,1
815,524,0
825,454,1
826,454,1
827,454,1
828,454,1
829,454,1
830,454,1
831,454,1
832,453,1
833,453,1
834,453,1
835,453,1
836,453,1
837,453,1
838,453,1
839,453,1
840,452,1
841,452,1
842,452,1
843,452,1
844,452,1
845,452,1
846,452,1
847,451,1
848,451,1
849,451,1
850,451,1
851,451,1
852,451,1
853,451,1
854,451,1
855,450,1
856,450,1
857,450,1
858,450,1
859,450,1
860,450,1
861,450,1
862,449,1
863,449,1
864,449,1
865,449,1
866,449,1
867,449,1
868,449,1
869,448,1
870,448,1
871,448,1
872,448,1
873,448,1
874,448,1
875,448,1
876,448,1
877,447,1
878,447,1
879,447,1
880,447,1
881,447,1
882,447,1
883,447,1
884,446,1
885,446,1
886,446,1
887,446,1
888,446,1
889,446,1
890,446,1
891,446,1
892,446,1
893,445,1
894,445,1
895,445,1
896,445,1
897,445,1
898,445,1
899,445,1
900,445,1
901,444,1
902,444,1
903,444,1
904,444,1
905,444,1
906,444,1
907,443,1
908,443,1
909,443,1
910,443,1
911,443,1
912,443,1
913,443,1
914,442,1
915,442,1
916,442,1
917,442,1
918,442,1
919,441,1
920,441,1
921,441,1
922,441,1
923,441,1
924,441,1
925,441,1
926,440,1
927,440,1
928,440,1
929,440,1
930,440,1
931,440,1
932,439,1
933,439,1
934,439,1
935,439,1
936,439,1
937,439,1
938,439,1
939,439,1
940,438,1
941,438,1
942,438,1
943,438,1
944,438,1
945,438,1
946,438,1
947,438,1
948,438,1
949,438,1
950,438,1
951,438,1
952,438,1
953,438,1
954,438,1
955,438,1
956,438,1
957,438,1
958,439,1
959,439,1
960,439,1
961,440,1
962,440,1
963,440,1
963,441,1
964,441,1
965,442,1
966,442,1
966,443,1
967,444,1
968,445,1
968,446,1
969,446,1
969,447,1
970,448,1
970,449,1
970,450,1
971,450,1
971,451,1
971,452,1
971,453,1
971,454,1
972,455,1
972,456,1
972,457,1
972,458,1
972,459,1
972,460,1
972,461,1
972,462,1
972,463,1
972,464,1
972,465,1
972,466,1
972,467,1
971,468,1
971,469,1
971,470,1
971,471,1
971,472,1
971,473,1
971,474,1
971,475,1
971,476,1
971,477,1
971,478,1
970,479,1
970,480,1
970,481,1
970,482,1
970,483,1
970,484,1
970,485,1
970,486,1
970,487,1
970,488,1
969,489,1
969,490,1
969,491,1
969,492,1
969,493,1
969,494,1
969,495,1
969,496,1
969,497,1
969,498,1
969,499,1
969,500,1
969,501,1
968,502,1
968,503,1
968,504,1
968,505,1
968,506,1
968,507,1
968,508,1
968,509,1
968,510,1
968,511,1
968,512,1
968,513,1
968,514,1
968,515,1
968,516,1
968,517,1
968,518,1
968,519,1
968,520,1
968,521,1
968,522,1
968,523,1
968,524,1
968,525,1
968,526,1
968,527,1
968,528,1
968,529,1
968,530,1
968,531,1
968,532,1
968,533,1
968,534,1
968,535,1
968,536,1
968,537,1
968,538,1
968,539,1
968,540,1
968,541,1
968,542,1
968,543,1
969,544,1
969,545,1
969,546,1
969,547,1
969,548,1
969,549,1
969,550,1
969,551,1
969,552,1
969,553,1
969,554,1
969,555,1
970,556,1
970,557,1
970,558,1
970,559,1
970,560,1
970,561,1
970,562,1
970,563,1
970,564,1
971,564,1
971,565,1
971,566,1
971,567,1
971,568,1
971,569,1
972,570,1
972,571,1
972,572,1
972,573,1
972,574,1
973,575,1
973,576,1
973,577,1
973,578,1
974,579,1
974,580,1
975,580,1
975,579,1
975,578,1
975,577,1
929,554,0
891,527,1
890,527,1
889,528,1
888,528,1
887,528,1
886,529,1
885,529,1
884,529,1
883,530,1
882,530,1
881,531,1
880,531,1
879,532,1
878,532,1
878,533,1
877,533,1
876,534,1
875,534,1
874,535,1
873,536,1
872,536,1
871,537,1
870,537,1
869,538,1
868,539,1
867,539,1
866,540,1
865,541,1
864,541,1
863,542,1
862,542,1
861,542,1
861,541,1
861,540,1
861,539,1
861,538,1
861,537,1
861,536,1
862,536,1
862,535,1
862,534,1
862,533,1
862,532,1
863,531,1
863,530,1
863,529,1
863,528,1
863,527,1
863,526,1
863,525,1
863,524,1
863,523,1
863,522,1
863,521,1
862,521,1
862,520,1
862,519,1
862,518,1
861,517,1
860,516,1
860,515,1
859,514,1
859,513,1
858,513,1
858,512,1
858,511,1
857,511,1
856,510,1
855,509,1
854,509,1
853,509,1
852,509,1
851,509,1
850,509,1
849,509,1
848,509,1
848,509,0
