146,323,1
147,323,1
148,322,1
149,322,1
150,321,1
151,321,1
152,321,1
153,320,1
154,320,1
155,320,1
156,320,1
157,319,1
158,319,1
159,319,1
160,320,1
161,320,1
162,320,1
163,320,1
164,320,1
165,321,1
166,321,1
167,322,1
168,322,1
169,322,1
169,323,1
170,323,1
171,323,1
172,324,1
173,325,1
174,325,1
174,326,1
175,327,1
176,327,1
176,328,1
177,329,1
178,329,1
178,330,1
179,331,1
180,332,1
181,333,1
181,334,1
182,335,1
183,336,1
183,337,1
184,338,1
184,339,1
185,339,1
185,340,1
186,341,1
187,342,1
187,343,1
188,344,1
189,345,1
190,346,1
190,347,1
191,348,1
192,349,1
192,350,1
193,351,1
194,351,1
194,352,1
195,353,1
196,354,1
196,355,1
197,355,1
198,356,1
198,357,1
199,357,1
200,358,1
200,359,1
201,359,1
201,360,1
202,361,1
203,361,1
203,362,1
204,362,1
205,363,1
205,364,1
206,364,1
207,365,1
208,366,1
209,366,1
209,367,1
210,367,1
211,368,1
211,369,1
212,369,1
213,370,1
214,371,1
215,372,1
216,372,1
216,373,1
217,374,1
218,375,1
218,376,1
219,376,1
219,377,1
219,378,1
220,378,1
220,379,1
220,380,1
221,380,1
221,381,1
221,382,1
221,383,1
222,383,1
222,384,1
222,385,1
222,386,1
222,387,1
222,388,1
222,389,1
222,390,1
222,391,1
221,392,1
221,393,1
221,394,1
221,395,1
220,395,1
220,396,1
220,397,1
219,398,1
219,399,1
219,400,1
218,401,1
217,402,1
217,403,1
216,404,1
216,405,1
215,406,1
214,407,1
214,408,1
213,409,1
212,410,1
212,411,1
211,411,1
210,412,1
210,413,1
209,414,1
208,415,1
208,416,1
207,416,1
206,417,1
206,418,1
205,419,1
204,420,1
204,421,1
203,421,1
202,422,1
201,423,1
201,424,1
200,425,1
199,425,1
198,426,1
198,427,1
197,428,1
196,429,1
196,430,1
195,430,1
194,431,1
193,432,1
193,433,1
192,434,1
191,434,1
191,435,1
190,436,1
189,437,1
189,438,1
188,439,1
187,440,1
187,441,1
186,442,1
186,443,1
206,403,0
215,372,1
216,372,1
217,372,1
218,371,1
219,371,1
220,371,1
221,370,1
222,370,1
223,370,1
224,369,1
225,369,1
226,368,1
227,368,1
228,367,1
229,367,1
230,366,1
231,366,1
232,365,1
233,365,1
234,364,1
235,364,1
236,364,1
237,363,1
238,362,1
239,362,1
240,361,1
241,361,1
242,360,1
243,359,1
244,359,1
245,358,1
246,358,1
247,357,1
248,356,1
249,356,1
250,355,1
251,355,1
251,354,1
252,354,1
253,353,1
254,352,1
255,352,1
255,351,1
256,351,1
257,350,1
258,349,1
259,349,1
259,348,1
260,347,1
261,347,1
261,346,1
262,345,1
263,344,1
264,343,1
265,342,1
266,341,1
267,340,1
267,339,1
268,339,1
268,338,1
269,337,1
270,336,1
271,335,1
271,334,1
272,333,1
272,332,1
273,332,1
273,331,1
274,330,1
274,329,1
275,329,1
275,328,1
276,328,1
276,327,1
277,327,1
277,326,1
278,326,1
278,325,1
279,325,1
280,325,1
281,325,1
282,326,1
282,327,1
283,327,1
283,328,1
283,329,1
283,330,1
284,331,1
284,332,1
284,333,1
284,334,1
284,335,1
285,336,1
285,337,1
285,338,1
285,339,1
285,340,1
286,341,1
286,342,1
286,343,1
286,344,1
287,345,1
287,346,1
287,347,1
287,348,1
288,349,1
288,350,1
289,351,1
289,352,1
289,353,1
289,354,1
290,355,1
290,356,1
290,357,1
291,358,1
291,359,1
291,360,1
292,361,1
292,362,1
293,363,1
293,364,1
293,365,1
294,366,1
294,367,1
294,368,1
295,369,1
295,370,1
296,371,1
296,372,1
297,373,1
297,374,1
298,375,1
298,376,1
298,377,1
299,378,1
299,379,1
300,380,1
300,381,1
301,382,1
301,383,1
302,384,1
302,385,1
302,386,1
303,387,1
303,388,1
304,388,1
304,389,1
305,390,1
305,391,1
306,392,1
306,393,1
307,394,1
307,395,1
308,395,1
308,396,1
309,397,1
309,398,1
310,399,1
310,400,1
311,401,1
312,402,1
312,403,1
313,404,1
313,405,1
314,406,1
314,407,1
315,407,1
316,408,1
316,409,1
317,410,1
318,411,1
318,412,1
319,413,1
319,414,1
320,414,1
321,415,1
321,415,0
402,288,0
427,281,1
426,281,1
425,282,1
424,282,1
423,282,1
422,282,1
422,283,1
421,283,1
420,284,1
419,284,1
419,285,1
418,285,1
417,286,1
416,286,1
416,287,1
415,288,1
414,289,1
413,290,1
412,291,1
412,292,1
411,292,1
411,293,1
410,294,1
410,295,1
409,295,1
409,296,1
408,297,1
408,298,1
408,299,1
407,299,1
407,300,1
406,301,1
406,302,1
406,303,1
405,304,1
405,305,1
405,306,1
404,307,1
404,308,1
404,309,1
404,310,1
404,311,1
404,312,1
404,313,1
404,314,1
404,315,1
404,316,1
404,317,1
404,318,1
404,319,1
404,320,1
404,321,1
404,322,1
405,322,1
405,323,1
405,324,1
405,325,1
406,325,1
406,326,1
406,327,1
407,327,1
407,328,1
408,329,1
409,330,1
409,331,1
410,331,1
411,332,1
412,333,1
413,333,1
413,334,1
414,334,1
415,334,1
416,335,1
417,335,1
418,335,1
419,335,1
420,336,1
421,336,1
422,336,1
423,336,1
424,336,1
425,336,1
426,336,1
427,335,1
428,335,1
429,335,1
430,335,1
431,334,1
432,334,1
433,334,1
434,333,1
435,333,1
436,332,1
437,332,1
438,331,1
439,331,1
440,330,1
441,329,1
442,329,1
443,328,1
444,327,1
445,326,1
446,326,1
447,325,1
447,324,1
448,324,1
449,323,1
450,322,1
451,321,1
452,320,1
453,319,1
453,318,1
454,317,1
455,317,1
455,316,1
456,315,1
457,314,1
458,313,1
458,312,1
459,311,1
460,310,1
461,309,1
461,308,1
462,308,1
462,307,1
463,306,1
464,305,1
465,304,1
466,304,1
466,303,1
467,303,1
468,302,1
469,302,1
470,302,1
471,302,1
472,303,1
473,304,1
473,305,1
474,306,1
474,307,1
475,308,1
475,309,1
475,310,1
475,311,1
476,311,1
476,312,1
476,313,1
476,314,1
476,315,1
477,316,1
477,317,1
477,318,1
477,319,1
478,320,1
478,321,1
478,322,1
478,323,1
478,324,1
478,325,1
479,326,1
479,327,1
479,328,1
479,329,1
480,330,1
480,331,1
480,332,1
480,333,1
480,334,1
480,335,1
481,336,1
481,337,1
481,338,1
481,339,1
482,340,1
482,341,1
482,342,1
482,343,1
482,344,1
483,345,1
483,346,1
483,347,1
483,348,1
484,349,1
484,350,1
485,351,1
485,352,1
485,353,1
485,354,1
486,355,1
486,356,1
486,357,1
486,358,1
487,359,1
487,360,1
487,361,1
488,361,1
488,362,1
489,363,1
489,364,1
489,365,1
489,366,1
490,367,1
490,368,1
477,351,0
459,338,1
460,338,1
461,339,1
462,339,1
463,340,1
464,340,1
465,341,1
466,341,1
467,342,1
468,343,1
469,343,1
470,344,1
471,344,1
471,345,1
472,345,1
473,346,1
474,346,1
474,347,1
475,348,1
480,385,0
497,420,1
496,421,1
495,422,1
495,423,1
494,424,1
493,425,1
492,426,1
491,426,1
491,427,1
490,427,1
489,428,1
488,429,1
487,429,1
486,430,1
485,431,1
484,432,1
483,432,1
482,433,1
481,433,1
480,434,1
479,435,1
478,436,1
477,436,1
476,437,1
475,437,1
474,438,1
473,438,1
472,439,1
471,440,1
470,440,1
469,441,1
468,441,1
467,442,1
466,442,1
465,443,1
464,443,1
463,444,1
462,444,1
461,444,1
461,445,1
460,445,1
459,445,1
458,446,1
457,446,1
456,446,1
455,447,1
454,447,1
453,447,1
452,448,1
451,448,1
450,448,1
450,449,1
449,449,1
448,449,1
447,449,1
446,450,1
445,450,1
444,450,1
443,450,1
442,450,1
441,450,1
440,450,1
440,449,1
439,449,1
439,448,1
439,448,0
488,414,0
544,315,1
544,316,1
545,316,1
545,317,1
546,318,1
547,319,1
548,320,1
548,321,1
549,321,1
550,322,1
551,322,1
552,323,1
553,323,1
554,323,1
555,323,1
556,323,1
557,323,1
558,323,1
559,323,1
560,324,1
561,324,1
562,323,1
563,323,1
564,323,1
565,323,1
566,323,1
566,322,1
567,322,1
568,322,1
569,321,1
570,320,1
571,320,1
571,319,1
572,319,1
573,318,1
574,317,1
575,316,1
576,315,1
576,314,1
577,314,1
577,313,1
578,312,1
578,311,1
579,310,1
579,309,1
579,308,1
580,308,1
580,307,1
580,306,1
581,305,1
581,304,1
582,303,1
582,302,1
582,301,1
583,300,1
583,299,1
583,298,1
583,297,1
584,296,1
584,295,1
584,294,1
584,293,1
585,292,1
585,291,1
585,290,1
585,289,1
585,288,1
586,287,1
586,286,1
586,285,1
587,284,1
587,283,1
587,282,1
588,282,1
588,281,1
588,280,1
589,279,1
589,278,1
590,277,1
590,276,1
591,276,1
591,275,1
592,274,1
593,273,1
593,272,1
594,272,1
594,271,1
595,271,1
595,270,1
596,269,1
597,269,1
597,268,1
598,268,1
599,267,1
600,267,1
601,266,1
602,266,1
602,265,1
603,265,1
604,265,1
605,264,1
606,263,1
607,263,1
608,263,1
609,262,1
610,262,1
611,262,1
612,261,1
613,261,1
614,261,1
615,261,1
616,261,1
617,260,1
618,260,1
619,260,1
620,260,1
621,260,1
622,260,1
623,260,1
624,260,1
625,260,1
626,260,1
627,260,1
628,260,1
629,261,1
630,261,1
631,261,1
632,262,1
633,262,1
634,263,1
635,263,1
636,264,1
637,265,1
638,265,1
638,266,1
639,266,1
639,267,1
640,268,1
641,269,1
641,270,1
642,271,1
642,272,1
642,273,1
643,273,1
643,274,1
643,275,1
644,276,1
644,277,1
644,278,1
645,279,1
645,280,1
645,281,1
645,282,1
645,283,1
646,284,1
646,285,1
646,286,1
646,287,1
646,288,1
646,289,1
647,290,1
647,291,1
647,292,1
647,293,1
647,294,1
647,295,1
647,296,1
648,297,1
648,298,1
648,299,1
648,300,1
648,301,1
648,302,1
648,303,1
648,304,1
648,305,1
649,306,1
649,307,1
649,308,1
649,309,1
649,310,1
649,311,1
649,312,1
649,313,1
650,314,1
650,315,1
650,316,1
650,317,1
650,318,1
650,319,1
651,320,1
651,321,1
651,322,1
651,323,1
651,324,1
651,325,1
652,326,1
652,327,1
652,328,1
652,329,1
653,330,1
653,331,1
653,332,1
653,333,1
654,334,1
654,335,1
654,336,1
654,337,1
655,337,1
655,338,1
655,339,1
655,340,1
656,341,1
656,342,1
656,343,1
657,343,1
657,344,1
657,345,1
658,346,1
658,345,1
696,287,0
730,227,1
731,228,1
732,228,1
733,229,1
734,230,1
735,231,1
735,232,1
736,233,1
736,234,1
736,235,1
736,236,1
736,237,1
736,238,1
736,239,1
735,239,1
735,240,1
735,241,1
735,242,1
735,243,1
735,244,1
734,245,1
734,246,1
734,247,1
733,248,1
733,249,1
732,250,1
732,251,1
731,252,1
731,253,1
730,254,1
729,255,1
728,256,1
728,257,1
727,258,1
726,259,1
725,260,1
725,261,1
724,261,1
723,262,1
723,263,1
722,264,1
721,265,1
721,266,1
720,267,1
719,268,1
719,269,1
718,269,1
718,270,1
718,271,1
717,272,1
717,273,1
717,274,1
717,275,1
717,276,1
717,277,1
717,278,1
718,279,1
718,280,1
719,280,1
719,281,1
720,281,1
720,282,1
721,282,1
721,283,1
722,283,1
722,284,1
723,284,1
724,284,1
725,285,1
726,286,1
727,286,1
728,286,1
729,287,1
730,287,1
730,288,1
731,288,1
732,288,1
733,289,1
734,289,1
735,289,1
736,290,1
737,290,1
738,291,1
739,292,1
740,292,1
741,293,1
742,293,1
743,294,1
744,294,1
745,295,1
746,295,1
747,296,1
748,297,1
749,297,1
750,298,1
751,298,1
752,299,1
753,299,1
754,300,1
755,301,1
756,302,1
757,302,1
758,303,1
759,303,1
760,304,1
760,305,1
761,305,1
762,306,1
763,306,1
764,307,1
765,308,1
766,309,1
767,310,1
768,310,1
769,311,1
770,312,1
771,312,1
771,313,1
772,314,1
773,314,1
774,315,1
775,316,1
776,316,1
777,317,1
777,318,1
778,319,1
779,319,1
780,320,1
781,321,1
782,321,1
783,322,1
783,323,1
784,323,1
785,324,1
786,325,1
787,325,1
788,326,1
789,327,1
790,328,1
791,329,1
792,329,1
793,330,1
794,331,1
795,331,1
795,332,1
796,332,1
797,333,1
798,334,1
799,334,1
800,335,1
801,336,1
802,337,1
803,337,1
804,338,1
805,338,1
805,339,1
806,339,1
807,340,1
808,340,1
809,341,1
810,342,1
811,342,1
811,343,1
812,343,1
813,344,1
814,344,1
815,344,1
816,345,1
817,345,1
818,346,1
819,347,1
820,347,1
821,348,1
822,348,1
823,348,1
824,349,1
825,349,1
826,350,1
827,350,1
828,350,1
828,351,1
829,351,1
830,352,1
831,352,1
832,352,1
833,352,1
834,353,1
835,353,1
836,353,1
837,354,1
838,354,1
839,354,1
840,355,1
841,355,1
842,355,1
843,355,1
844,356,1
845,356,1
846,356,1
847,356,1
848,356,1
849,356,1
850,357,1
851,357,1
852,357,1
853,357,1
854,357,1
855,357,1
856,358,1
857,358,1
858,358,1
859,358,1
860,358,1
861,358,1
862,358,1
863,358,1
864,358,1
865,358,1
866,358,1
867,358,1
868,358,1
869,358,1
870,358,1
871,358,1
872,358,1
873,358,1
874,358,1
875,358,1
876,358,1
877,358,1
878,358,1
879,358,1
880,357,1
881,357,1
882,357,1
883,357,1
884,356,1
885,356,1
886,356,1
887,356,1
888,356,1
889,355,1
890,355,1
891,355,1
892,354,1
893,353,1
894,353,1
895,352,1
896,351,1
896,350,1
897,350,1
592,307,0
285,260,1
286,260,1
287,260,1
288,259,1
289,259,1
290,259,1
291,259,1
292,259,1
293,258,1
294,258,1
295,258,1
296,258,1
297,258,1
298,257,1
299,257,1
300,257,1
301,257,1
302,257,1
303,256,1
304,256,1
305,256,1
306,256,1
307,255,1
308,255,1
309,255,1
310,255,1
311,255,1
312,254,1
313,254,1
314,254,1
315,254,1
316,254,1
317,253,1
318,253,1
319,253,1
320,253,1
321,252,1
322,252,1
323,252,1
324,252,1
325,252,1
326,252,1
327,251,1
328,251,1
329,251,1
330,251,1
331,251,1
332,250,1
333,250,1
334,250,1
335,250,1
336,250,1
337,250,1
338,249,1
339,249,1
340,249,1
341,249,1
342,249,1
343,248,1
344,248,1
345,248,1
346,248,1
347,248,1
348,248,1
349,247,1
350,247,1
351,247,1
352,247,1
353,246,1
354,246,1
355,246,1
356,246,1
357,246,1
358,245,1
359,245,1
360,245,1
361,245,1
362,244,1
363,244,1
364,244,1
365,244,1
366,244,1
367,243,1
368,243,1
369,243,1
370,243,1
371,243,1
372,242,1
373,242,1
374,242,1
375,242,1
376,241,1
377,241,1
378,241,1
379,241,1
380,241,1
381,241,1
382,240,1
383,240,1
384,240,1
385,240,1
386,240,1
387,239,1
388,239,1
389,239,1
390,239,1
391,239,1
392,239,1
393,238,1
394,238,1
395,238,1
396,238,1
397,237,1
398,237,1
399,237,1
400,237,1
401,237,1
402,237,1
403,236,1
404,236,1
405,236,1
406,236,1
407,235,1
408,235,1
409,235,1
410,235,1
411,235,1
412,234,1
413,234,1
414,234,1
415,234,1
416,234,1
417,233,1
418,233,1
419,233,1
420,233,1
421,232,1
422,232,1
423,232,1
424,232,1
425,232,1
426,231,1
427,231,1
428,231,1
429,231,1
430,230,1
431,230,1
432,230,1
433,230,1
434,230,1
435,230,1
436,229,1
437,229,1
438,229,1
439,229,1
440,228,1
441,228,1
442,228,1
443,228,1
444,228,1
445,228,1
446,227,1
447,227,1
448,227,1
449,227,1
450,227,1
450,226,1
451,226,1
452,226,1
453,226,1
454,226,1
455,225,1
456,225,1
457,225,1
458,225,1
459,225,1
460,225,1
461,224,1
462,224,1
463,224,1
464,223,1
465,223,1
466,223,1
467,223,1
468,223,1
469,222,1
470,222,1
471,222,1
472,222,1
473,221,1
474,221,1
475,221,1
476,221,1
477,220,1
478,220,1
479,220,1
480,220,1
481,220,1
482,220,1
483,219,1
484,219,1
485,219,1
486,219,1
487,218,1
488,218,1
489,218,1
490,218,1
491,218,1
492,217,1
493,217,1
494,217,1
495,217,1
496,217,1
497,216,1
498,216,1
499,216,1
500,216,1
501,216,1
502,215,1
503,215,1
504,215,1
505,215,1
506,215,1
506,214,1
507,214,1
508,214,1
509,214,1
510,214,1
511,213,1
512,213,1
513,213,1
514,213,1
515,212,1
516,212,1
517,212,1
518,212,1
519,211,1
520,211,1
521,211,1
522,211,1
523,210,1
524,210,1
525,210,1
526,210,1
527,210,1
528,209,1
529,209,1
530,209,1
531,209,1
532,208,1
533,208,1
534,208,1
535,208,1
536,208,1
537,207,1
538,207,1
539,207,1
540,207,1
541,206,1
542,206,1
543,206,1
544,206,1
545,206,1
546,205,1
547,205,1
548,205,1
549,205,1
550,205,1
550,204,1
551,204,1
552,204,1
553,204,1
554,204,1
555,203,1
556,203,1
557,203,1
558,203,1
559,203,1
560,202,1
561,202,1
562,202,1
563,201,1
564,201,1
565,201,1
566,201,1
567,201,1
568,200,1
569,200,1
570,200,1
571,200,1
572,199,1
573,199,1
574,199,1
575,199,1
576,198,1
577,198,1
578,198,1
579,198,1
580,197,1
581,197,1
582,197,1
583,197,1
584,196,1
585,196,1
586,196,1
587,196,1
588,196,1
589,196,1
590,195,1
591,195,1
592,195,1
593,195,1
594,195,1
594,194,1
595,194,1
596,194,1
597,194,1
598,194,1
599,193,1
600,193,1
601,193,1
602,193,1
603,193,1
604,192,1
605,192,1
606,192,1
607,192,1
608,191,1
609,191,1
610,191,1
611,191,1
612,191,1
613,190,1
614,190,1
615,190,1
616,190,1
617,189,1
618,189,1
619,189,1
620,188,1
621,188,1
622,188,1
623,188,1
624,188,1
625,187,1
626,187,1
627,187,1
628,187,1
628,186,1
629,186,1
630,186,1
631,186,1
632,186,1
633,185,1
634,185,1
635,185,1
636,185,1
637,185,1
638,184,1
639,184,1
640,184,1
641,184,1
642,183,1
643,183,1
644,183,1
645,183,1
646,183,1
647,182,1
648,182,1
649,182,1
650,182,1
650,181,1
651,181,1
652,181,1
653,181,1
654,181,1
655,181,1
656,180,1
657,180,1
658,180,1
659,179,1
660,179,1
661,179,1
662,178,1
663,178,1
664,178,1
665,178,1
665,178,0
