75,167,1
76,167,1
77,167,1
78,167,1
79,166,1
80,166,1
81,166,1
82,166,1
83,166,1
84,166,1
85,166,1
86,166,1
87,166,1
88,166,1
89,166,1
90,166,1
91,166,1
92,166,1
93,166,1
94,165,1
95,165,1
96,165,1
97,165,1
98,165,1
99,165,1
100,165,1
101,165,1
101,164,1
102,164,1
103,164,1
104,164,1
105,164,1
106,164,1
107,164,1
108,164,1
109,164,1
110,164,1
111,164,1
112,164,1
113,164,1
114,164,1
115,164,1
116,164,1
117,164,1
118,164,1
118,163,1
119,163,1
120,163,1
121,163,1
122,163,1
123,163,1
124,163,1
125,163,1
126,163,1
127,162,1
128,162,1
129,162,1
130,162,1
131,162,1
132,162,1
133,162,1
134,162,1
135,162,1
136,162,1
137,162,1
138,162,1
139,162,1
140,162,1
141,162,1
142,162,1
143,161,1
144,161,1
145,161,1
146,161,1
147,161,1
148,161,1
149,161,1
150,161,1
151,160,1
152,160,1
153,160,1
154,160,1
155,160,1
156,160,1
157,160,1
158,160,1
159,160,1
160,160,1
161,160,1
162,160,1
163,160,1
164,160,1
165,160,1
166,160,1
166,159,1
167,159,1
168,159,1
169,159,1
170,159,1
171,159,1
172,159,1
173,159,1
174,158,1
175,158,1
176,158,1
177,158,1
178,158,1
179,158,1
180,158,1
181,158,1
182,158,1
183,158,1
184,158,1
185,158,1
186,158,1
187,158,1
188,158,1
189,158,1
190,158,1
190,157,1
191,157,1
192,157,1
193,157,1
194,157,1
195,157,1
196,157,1
197,157,1
198,157,1
199,157,1
199,156,1
200,156,1
201,156,1
202,156,1
203,156,1
204,156,1
205,156,1
206,156,1
207,156,1
208,156,1
209,156,1
210,156,1
211,156,1
212,156,1
213,156,1
214,156,1
215,156,1
216,156,1
217,155,1
218,155,1
219,155,1
220,155,1
221,155,1
222,155,1
223,155,1
224,155,1
225,155,1
226,155,1
227,155,1
228,155,1
229,155,1
230,155,1
231,155,1
232,155,1
233,155,1
234,155,1
235,154,1
236,154,1
237,154,1
238,154,1
239,154,1
240,154,1
241,154,1
242,154,1
243,154,1
244,154,1
244,153,1
245,153,1
246,153,1
247,153,1
248,153,1
249,153,1
250,153,1
251,153,1
252,153,1
253,153,1
254,153,1
255,153,1
256,153,1
257,153,1
258,153,1
259,153,1
260,153,1
261,153,1
262,153,1
263,153,1
264,153,1
265,152,1
266,152,1
267,152,1
268,152,1
269,152,1
270,152,1
271,152,1
272,152,1
273,152,1
274,152,1
275,152,1
276,152,1
277,151,1
278,151,1
279,151,1
280,151,1
281,151,1
282,151,1
283,151,1
284,151,1
285,151,1
286,151,1
287,151,1
288,151,1
289,151,1
290,151,1
291,151,1
290,151,1
186,162,0
78,173,1
79,173,1
80,173,1
81,173,1
82,173,1
83,173,1
84,173,1
85,173,1
86,173,1
87,173,1
88,172,1
89,172,1
90,172,1
91,172,1
92,172,1
93,172,1
94,172,1
95,172,1
96,172,1
97,172,1
98,172,1
99,172,1
100,172,1
101,172,1
102,172,1
103,172,1
104,172,1
105,172,1
106,172,1
107,172,1
108,173,1
109,173,1
110,173,1
111,173,1
112,173,1
113,173,1
114,173,1
114,174,1
115,174,1
116,174,1
117,174,1
117,175,1
118,175,1
119,175,1
120,176,1
121,176,1
121,177,1
122,177,1
123,177,1
123,178,1
124,178,1
124,179,1
125,179,1
126,180,1
126,181,1
127,181,1
127,182,1
128,182,1
128,183,1
128,184,1
129,185,1
129,186,1
129,187,1
129,188,1
129,189,1
129,190,1
129,191,1
129,192,1
128,192,1
128,193,1
128,194,1
128,195,1
127,195,1
127,196,1
126,196,1
126,197,1
125,197,1
125,198,1
124,199,1
123,200,1
122,201,1
121,202,1
120,202,1
119,203,1
118,204,1
117,205,1
116,205,1
115,206,1
114,206,1
113,207,1
112,207,1
111,207,1
110,208,1
109,208,1
108,209,1
107,209,1
106,209,1
105,210,1
104,210,1
103,210,1
103,211,1
102,211,1
101,211,1
100,211,1
99,211,1
99,212,1
98,212,1
97,212,1
96,212,1
95,212,1
94,212,1
93,212,1
92,212,1
92,211,1
91,211,1
91,210,1
91,209,1
91,208,1
92,208,1
92,207,1
93,207,1
94,206,1
95,206,1
96,206,1
96,205,1
97,205,1
98,205,1
99,205,1
99,204,1
100,204,1
101,204,1
102,204,1
103,203,1
104,203,1
105,203,1
106,203,1
107,203,1
108,203,1
109,203,1
110,203,1
111,203,1
112,203,1
113,203,1
114,203,1
115,203,1
116,203,1
117,203,1
118,203,1
119,203,1
120,203,1
121,203,1
122,203,1
123,203,1
124,203,1
125,203,1
126,203,1
127,203,1
128,203,1
129,203,1
130,204,1
131,204,1
132,204,1
133,205,1
134,205,1
135,205,1
136,205,1
137,205,1
138,205,1
139,206,1
140,206,1
141,206,1
142,206,1
142,207,1
143,207,1
144,207,1
145,207,1
145,208,1
146,208,1
147,208,1
147,209,1
148,209,1
149,209,1
150,210,1
151,210,1
151,211,1
152,211,1
153,211,1
153,212,1
154,212,1
155,212,1
155,213,1
156,213,1
156,214,1
157,214,1
157,215,1
158,215,1
158,216,1
159,216,1
160,216,1
160,217,1
161,218,1
162,219,1
163,220,1
164,221,1
164,222,1
165,223,1
166,224,1
166,225,1
166,226,1
167,227,1
167,228,1
167,229,1
168,230,1
168,231,1
168,232,1
168,233,1
168,234,1
168,235,1
167,235,1
167,236,1
167,237,1
167,238,1
166,238,1
166,239,1
166,240,1
165,241,1
165,242,1
164,242,1
164,243,1
164,244,1
163,244,1
162,245,1
161,246,1
160,247,1
159,248,1
158,249,1
157,249,1
157,250,1
156,250,1
156,251,1
155,251,1
154,252,1
153,252,1
152,253,1
151,253,1
150,254,1
149,254,1
148,254,1
148,255,1
147,255,1
146,255,1
145,255,1
145,256,1
144,256,1
143,256,1
142,256,1
142,257,1
141,257,1
140,257,1
139,257,1
138,258,1
137,258,1
136,258,1
135,258,1
134,259,1
133,259,1
132,259,1
131,260,1
130,260,1
129,260,1
128,260,1
127,260,1
126,260,1
125,260,1
124,260,1
123,261,1
122,261,1
121,261,1
120,261,1
119,261,1
118,261,1
118,262,1
117,262,1
116,262,1
115,262,1
114,262,1
113,262,1
112,262,1
111,262,1
110,262,1
109,262,1
108,262,1
107,262,1
106,262,1
105,262,1
104,262,1
103,262,1
102,262,1
101,262,1
100,262,1
99,262,1
98,262,1
97,262,1
96,262,1
95,262,1
94,262,1
93,262,1
92,262,1
91,262,1
90,262,1
89,262,1
88,262,1
87,262,1
86,262,1
85,262,1
84,262,1
83,261,1
82,261,1
81,261,1
80,261,1
79,261,1
78,260,1
77,260,1
76,260,1
75,260,1
74,260,1
73,260,1
72,260,1
71,259,1
70,259,1
69,259,1
68,258,1
67,258,1
66,258,1
66,257,1
65,257,1
64,257,1
63,256,1
62,256,1
61,256,1
61,255,1
60,255,1
59,255,1
59,254,1
58,254,1
57,253,1
56,253,1
55,252,1
54,252,1
54,251,1
53,250,1
53,249,1
53,248,1
53,247,1
54,246,1
55,246,1
55,245,1
56,245,1
120,215,0
184,184,1
185,184,1
186,184,1
187,183,1
188,183,1
189,183,1
190,183,1
191,182,1
192,182,1
193,182,1
194,182,1
195,182,1
196,182,1
197,182,1
197,181,1
198,181,1
199,181,1
200,181,1
201,181,1
202,181,1
203,181,1
203,180,1
204,180,1
205,180,1
206,180,1
207,179,1
208,179,1
209,179,1
210,179,1
211,178,1
212,178,1
213,178,1
214,178,1
214,177,1
215,177,1
216,177,1
216,176,1
217,176,1
218,176,1
218,175,1
219,175,1
220,175,1
220,174,1
221,174,1
222,174,1
222,173,1
223,173,1
223,172,1
224,172,1
225,172,1
225,171,1
226,171,1
227,170,1
227,169,1
228,169,1
229,168,1
229,167,1
230,167,1
230,166,1
231,166,1
231,165,1
232,164,1
232,163,1
233,163,1
233,162,1
233,161,1
234,160,1
234,159,1
234,158,1
235,158,1
235,157,1
235,156,1
235,155,1
236,155,1
236,154,1
236,153,1
236,152,1
236,151,1
236,150,1
236,149,1
236,148,1
236,147,1
236,146,1
236,145,1
236,144,1
235,144,1
235,143,1
235,142,1
235,141,1
234,141,1
234,140,1
234,139,1
233,139,1
232,139,1
232,140,1
231,140,1
231,141,1
231,142,1
231,143,1
231,144,1
231,145,1
231,146,1
231,147,1
231,148,1
231,149,1
231,150,1
231,151,1
231,152,1
231,153,1
231,154,1
231,155,1
231,156,1
231,157,1
231,158,1
232,158,1
232,159,1
232,160,1
232,161,1
232,162,1
232,163,1
232,164,1
232,165,1
232,166,1
232,167,1
232,168,1
232,169,1
232,170,1
233,171,1
233,172,1
233,173,1
233,174,1
233,175,1
234,176,1
234,177,1
234,178,1
234,179,1
234,180,1
234,181,1
234,182,1
234,183,1
234,184,1
235,184,1
235,185,1
235,186,1
235,187,1
235,188,1
236,189,1
236,190,1
236,191,1
236,192,1
236,193,1
236,194,1
236,195,1
236,196,1
237,197,1
237,198,1
237,199,1
237,200,1
238,201,1
238,202,1
238,203,1
238,204,1
238,205,1
238,206,1
239,207,1
239,208,1
239,209,1
239,210,1
240,210,1
240,211,1
240,212,1
240,213,1
240,214,1
240,215,1
240,216,1
241,217,1
241,218,1
241,219,1
242,220,1
242,221,1
242,222,1
242,223,1
242,224,1
243,225,1
243,226,1
243,227,1
243,228,1
244,229,1
244,230,1
244,231,1
244,232,1
245,232,1
245,233,1
245,234,1
245,235,1
245,236,1
246,236,1
246,237,1
247,237,1
247,236,1
247,235,1
261,181,0
273,125,1
274,125,1
275,125,1
276,125,1
277,125,1
278,125,1
279,125,1
280,125,1
281,125,1
282,125,1
283,125,1
284,125,1
285,124,1
286,124,1
287,124,1
288,124,1
289,124,1
290,124,1
291,124,1
292,123,1
293,123,1
294,123,1
295,123,1
296,123,1
297,123,1
298,123,1
299,123,1
300,123,1
301,123,1
302,123,1
303,123,1
304,123,1
305,123,1
305,122,1
306,122,1
307,122,1
308,122,1
309,122,1
310,122,1
311,122,1
312,122,1
312,121,1
313,121,1
314,121,1
315,121,1
316,121,1
317,121,1
318,121,1
319,121,1
320,121,1
321,121,1
322,121,1
323,121,1
324,121,1
325,121,1
325,120,1
326,120,1
327,120,1
328,120,1
329,120,1
330,120,1
331,120,1
332,120,1
332,119,1
333,119,1
334,119,1
335,119,1
336,119,1
337,119,1
338,119,1
339,119,1
340,119,1
341,119,1
342,119,1
343,119,1
344,119,1
345,119,1
346,118,1
347,118,1
348,118,1
349,118,1
350,118,1
351,118,1
352,118,1
353,118,1
354,118,1
355,118,1
356,118,1
357,118,1
358,118,1
359,117,1
360,117,1
361,117,1
362,117,1
363,117,1
364,117,1
365,116,1
366,116,1
367,116,1
368,116,1
369,116,1
370,116,1
371,116,1
372,116,1
373,116,1
374,116,1
375,116,1
376,116,1
377,115,1
378,115,1
379,115,1
380,115,1
381,115,1
381,114,1
382,114,1
383,114,1
384,114,1
385,114,1
386,114,1
387,114,1
388,114,1
389,115,1
390,115,1
391,115,1
392,116,1
393,116,1
394,117,1
395,117,1
395,118,1
396,118,1
396,119,1
397,120,1
397,121,1
398,121,1
398,122,1
398,123,1
399,123,1
399,124,1
399,125,1
399,126,1
399,127,1
400,128,1
400,129,1
400,130,1
400,131,1
400,132,1
400,133,1
400,134,1
400,135,1
400,136,1
400,137,1
400,138,1
401,138,1
401,139,1
401,140,1
401,141,1
401,142,1
401,143,1
401,144,1
401,145,1
401,146,1
401,147,1
401,148,1
401,149,1
401,150,1
401,151,1
401,152,1
401,153,1
402,153,1
402,154,1
402,155,1
402,156,1
402,157,1
402,158,1
402,159,1
402,160,1
403,160,1
403,161,1
403,162,1
403,163,1
403,164,1
403,165,1
403,166,1
403,167,1
403,168,1
403,169,1
403,170,1
403,171,1
403,172,1
403,173,1
404,173,1
404,174,1
404,175,1
404,176,1
404,177,1
404,178,1
404,179,1
405,180,1
405,181,1
405,182,1
405,183,1
405,184,1
405,185,1
405,186,1
405,187,1
405,188,1
405,189,1
405,190,1
405,191,1
405,192,1
405,193,1
406,194,1
406,195,1
406,196,1
406,197,1
406,198,1
406,199,1
406,200,1
406,201,1
406,202,1
406,203,1
406,204,1
406,205,1
406,206,1
406,207,1
406,208,1
406,209,1
407,210,1
407,211,1
407,212,1
407,213,1
407,214,1
407,215,1
407,216,1
407,217,1
407,218,1
407,219,1
408,220,1
408,221,1
408,222,1
408,223,1
408,224,1
408,225,1
408,226,1
408,227,1
408,228,1
408,229,1
408,230,1
408,231,1
407,232,1
392,190,0
379,150,1
378,150,1
377,150,1
376,150,1
375,150,1
374,150,1
373,150,1
372,150,1
371,150,1
370,150,1
369,150,1
369,151,1
368,151,1
367,151,1
366,151,1
365,151,1
364,151,1
363,152,1
362,152,1
361,152,1
360,152,1
359,153,1
358,153,1
357,153,1
356,153,1
355,153,1
355,154,1
354,154,1
353,154,1
352,154,1
351,154,1
351,155,1
350,155,1
349,155,1
348,155,1
347,155,1
347,156,1
346,156,1
345,156,1
344,156,1
344,157,1
343,157,1
342,157,1
341,158,1
340,158,1
339,158,1
338,159,1
337,159,1
336,160,1
335,160,1
334,160,1
334,161,1
333,161,1
332,162,1
331,162,1
330,163,1
329,163,1
328,163,1
328,164,1
327,164,1
327,165,1
326,165,1
325,166,1
324,166,1
323,167,1
323,168,1
322,168,1
321,168,1
321,169,1
320,169,1
320,170,1
319,170,1
319,171,1
318,172,1
317,173,1
316,174,1
316,175,1
315,176,1
315,177,1
314,177,1
314,178,1
314,179,1
313,179,1
313,180,1
313,181,1
313,182,1
312,182,1
312,183,1
312,184,1
312,185,1
312,186,1
313,187,1
313,188,1
313,189,1
314,190,1
314,191,1
315,192,1
315,193,1
316,193,1
316,194,1
317,194,1
318,195,1
319,195,1
319,196,1
320,196,1
321,196,1
322,197,1
323,197,1
324,197,1
325,197,1
326,197,1
327,197,1
328,197,1
329,197,1
330,197,1
331,196,1
332,196,1
333,196,1
333,195,1
334,195,1
334,194,1
335,194,1
335,193,1
336,193,1
336,192,1
336,191,1
337,191,1
337,190,1
337,189,1
337,188,1
337,187,1
337,186,1
336,185,1
336,184,1
336,183,1
335,183,1
335,182,1
334,182,1
334,181,1
334,180,1
333,180,1
332,179,1
331,178,1
330,177,1
329,176,1
328,176,1
327,175,1
326,174,1
325,174,1
324,173,1
323,173,1
323,172,1
322,172,1
321,172,1
320,171,1
319,171,1
318,170,1
317,170,1
316,170,1
315,169,1
314,169,1
313,169,1
312,168,1
311,168,1
333,124,0
351,80,1
352,79,1
353,79,1
354,79,1
354,78,1
355,78,1
356,78,1
357,77,1
358,77,1
358,76,1
359,76,1
360,76,1
361,76,1
362,75,1
363,75,1
364,75,1
364,74,1
365,74,1
366,74,1
367,74,1
368,74,1
368,73,1
369,73,1
370,73,1
371,73,1
372,72,1
373,72,1
374,72,1
375,72,1
375,71,1
376,71,1
377,71,1
378,71,1
379,71,1
380,71,1
381,71,1
382,71,1
382,70,1
383,70,1
384,70,1
385,70,1
386,70,1
387,70,1
388,69,1
389,69,1
390,69,1
391,69,1
392,69,1
393,69,1
394,69,1
395,69,1
396,69,1
397,69,1
398,69,1
399,69,1
400,69,1
401,69,1
402,69,1
403,69,1
404,69,1
405,69,1
406,69,1
407,69,1
408,69,1
409,69,1
410,70,1
411,70,1
412,70,1
413,70,1
414,70,1
414,71,1
415,71,1
416,71,1
417,71,1
418,71,1
419,71,1
419,72,1
420,72,1
421,72,1
422,72,1
423,72,1
423,73,1
424,73,1
425,73,1
426,74,1
427,74,1
428,74,1
429,75,1
430,75,1
431,76,1
432,76,1
432,77,1
433,77,1
434,77,1
434,78,1
435,78,1
436,79,1
437,80,1
438,80,1
438,81,1
439,81,1
439,82,1
440,82,1
441,83,1
442,84,1
443,85,1
444,86,1
445,87,1
445,88,1
446,89,1
447,90,1
448,91,1
448,92,1
449,93,1
449,94,1
450,95,1
450,96,1
451,96,1
451,97,1
452,98,1
452,99,1
452,100,1
453,101,1
453,102,1
454,103,1
454,104,1
454,105,1
455,106,1
455,107,1
455,108,1
455,109,1
456,110,1
456,111,1
456,112,1
456,113,1
456,114,1
456,115,1
456,116,1
456,117,1
457,118,1
457,119,1
457,120,1
457,121,1
457,122,1
457,123,1
457,124,1
458,125,1
458,126,1
458,127,1
458,128,1
458,129,1
458,130,1
458,131,1
458,132,1
458,133,1
458,134,1
458,135,1
458,136,1
458,137,1
458,138,1
458,139,1
458,140,1
458,141,1
458,142,1
458,143,1
458,144,1
458,145,1
457,146,1
457,147,1
457,148,1
457,149,1
457,150,1
457,151,1
457,152,1
457,153,1
457,154,1
457,155,1
457,156,1
457,157,1
457,158,1
457,159,1
457,160,1
457,161,1
456,162,1
456,163,1
456,164,1
456,165,1
456,166,1
456,167,1
456,168,1
456,169,1
456,170,1
456,171,1
456,172,1
456,173,1
456,174,1
456,175,1
456,176,1
456,177,1
456,178,1
456,179,1
456,180,1
456,181,1
456,182,1
456,183,1
456,184,1
456,185,1
456,186,1
456,187,1
456,188,1
456,189,1
456,190,1
456,191,1
456,192,1
455,192,1
455,193,1
455,194,1
455,195,1
455,196,1
455,197,1
455,198,1
455,199,1
455,200,1
455,201,1
455,202,1
455,203,1
455,204,1
455,205,1
455,206,1
455,207,1
455,208,1
455,209,1
455,210,1
455,211,1
455,212,1
455,213,1
455,214,1
455,215,1
455,216,1
455,217,1
455,218,1
455,219,1
455,220,1
455,221,1
455,222,1
455,223,1
455,224,1
455,225,1
455,226,1
455,227,1
455,228,1
455,229,1
455,230,1
455,231,1
455,232,1
455,233,1
455,234,1
455,235,1
455,236,1
455,237,1
455,238,1
455,239,1
455,240,1
455,241,1
455,242,1
455,243,1
455,244,1
455,245,1
455,246,1
455,247,1
455,248,1
455,249,1
455,250,1
455,251,1
455,252,1
455,253,1
455,254,1
455,255,1
454,255,1
454,254,1
453,254,1
453,253,1
452,252,1
449,179,0
443,105,1
444,105,1
445,105,1
446,105,1
447,105,1
448,105,1
449,105,1
450,105,1
451,104,1
452,104,1
453,104,1
454,104,1
455,104,1
456,104,1
457,104,1
458,104,1
459,104,1
460,104,1
461,104,1
462,104,1
463,104,1
464,104,1
465,104,1
466,104,1
467,104,1
468,103,1
469,103,1
470,103,1
471,103,1
472,103,1
473,103,1
474,103,1
475,103,1
476,103,1
477,103,1
478,103,1
479,103,1
480,103,1
481,103,1
482,103,1
483,103,1
484,103,1
485,103,1
486,103,1
487,103,1
488,103,1
489,103,1
490,103,1
491,103,1
492,103,1
493,103,1
494,103,1
495,103,1
496,103,1
497,103,1
498,103,1
499,103,1
500,103,1
501,103,1
502,103,1
503,103,1
504,103,1
505,103,1
506,103,1
507,103,1
508,103,1
509,103,1
510,103,1
511,103,1
512,103,1
513,103,1
514,103,1
515,103,1
516,103,1
517,103,1
518,103,1
519,103,1
519,102,1
520,102,1
521,102,1
522,102,1
523,102,1
524,102,1
525,102,1
526,102,1
527,102,1
528,102,1
529,102,1
530,102,1
531,102,1
532,102,1
533,102,1
534,102,1
535,102,1
536,102,1
537,102,1
538,102,1
539,102,1
540,102,1
541,102,1
542,102,1
543,102,1
544,102,1
545,102,1
546,102,1
547,102,1
548,102,1
549,102,1
550,101,1
551,101,1
552,101,1
553,101,1
554,101,1
555,101,1
556,101,1
557,101,1
558,101,1
559,101,1
560,101,1
561,101,1
562,101,1
563,101,1
564,101,1
565,101,1
566,101,1
567,101,1
568,101,1
569,101,1
570,101,1
571,101,1
572,101,1
573,101,1
574,101,1
575,101,1
576,101,1
577,101,1
578,101,1
579,101,1
580,101,1
581,101,1
582,101,1
583,101,1
584,101,1
585,101,1
586,101,1
587,101,1
588,101,1
589,101,1
590,101,1
591,101,1
592,101,1
593,101,1
594,101,1
595,101,1
596,101,1
597,101,1
598,101,1
599,101,1
600,101,1
601,101,1
602,101,1
603,101,1
604,101,1
605,101,1
606,101,1
607,101,1
608,101,1
609,101,1
610,101,1
611,101,1
612,101,1
613,101,1
614,101,1
615,101,1
616,101,1
617,101,1
618,101,1
619,101,1
620,101,1
621,101,1
622,101,1
623,101,1
624,101,1
625,101,1
626,101,1
627,101,1
628,101,1
629,101,1
630,101,1
631,101,1
632,101,1
633,101,1
634,101,1
635,101,1
636,101,1
637,101,1
638,101,1
639,101,1
640,101,1
641,101,1
642,101,1
643,101,1
644,101,1
645,101,1
646,101,1
647,101,1
648,101,1
649,101,1
650,101,1
651,101,1
652,101,1
653,101,1
654,101,1
655,101,1
656,101,1
657,101,1
658,101,1
659,101,1
660,101,1
661,101,1
662,101,1
663,101,1
664,101,1
665,101,1
666,101,1
667,101,1
666,101,1
667,102,1
666,102,1
665,102,1
664,102,1
591,115,0
517,129,1
516,129,1
516,128,1
515,127,1
515,126,1
514,125,1
514,124,1
514,123,1
514,122,1
514,121,1
514,120,1
514,119,1
515,119,1
515,118,1
516,117,1
517,116,1
518,116,1
518,115,1
519,114,1
520,113,1
521,113,1
521,112,1
522,112,1
522,111,1
523,111,1
524,111,1
524,110,1
525,110,1
525,109,1
526,109,1
527,109,1
528,109,1
529,108,1
530,108,1
531,108,1
532,108,1
533,107,1
534,107,1
535,107,1
536,107,1
537,107,1
538,107,1
539,107,1
540,107,1
541,107,1
542,107,1
543,107,1
544,107,1
545,107,1
546,107,1
547,107,1
548,107,1
549,107,1
550,108,1
551,108,1
552,108,1
553,108,1
554,108,1
555,108,1
556,109,1
557,109,1
558,109,1
559,109,1
560,110,1
561,110,1
562,110,1
562,111,1
563,111,1
564,111,1
565,111,1
565,112,1
566,112,1
567,113,1
568,113,1
569,114,1
570,114,1
571,115,1
572,116,1
573,117,1
574,117,1
574,118,1
575,118,1
576,119,1
577,120,1
578,121,1
579,122,1
580,123,1
580,124,1
581,124,1
581,125,1
582,126,1
582,127,1
583,128,1
583,129,1
584,130,1
584,131,1
585,131,1
585,132,1
585,133,1
585,134,1
586,134,1
586,135,1
586,136,1
586,137,1
587,138,1
587,139,1
587,140,1
587,141,1
587,142,1
588,142,1
588,143,1
588,144,1
588,145,1
588,146,1
588,147,1
588,148,1
588,149,1
588,150,1
587,151,1
587,152,1
587,153,1
587,154,1
586,155,1
586,156,1
586,157,1
586,158,1
585,159,1
585,160,1
585,161,1
584,162,1
584,163,1
584,164,1
583,164,1
583,165,1
583,166,1
582,167,1
582,168,1
581,169,1
581,170,1
580,171,1
580,172,1
579,173,1
578,174,1
578,175,1
577,176,1
576,177,1
576,178,1
575,178,1
575,179,1
574,180,1
573,181,1
572,182,1
571,183,1
570,184,1
569,184,1
569,185,1
568,186,1
567,187,1
566,188,1
565,189,1
564,189,1
564,190,1
563,190,1
563,191,1
562,191,1
561,192,1
560,193,1
559,193,1
558,194,1
557,194,1
557,195,1
556,195,1
555,195,1
555,196,1
554,196,1
553,197,1
552,197,1
552,198,1
551,198,1
550,198,1
549,199,1
548,199,1
547,200,1
546,200,1
545,200,1
545,201,1
544,201,1
543,201,1
542,202,1
541,202,1
540,202,1
539,203,1
538,203,1
537,203,1
536,203,1
535,203,1
534,203,1
533,203,1
532,203,1
531,203,1
530,203,1
529,203,1
528,203,1
527,203,1
526,203,1
526,202,1
525,202,1
524,202,1
523,201,1
522,201,1
521,200,1
520,200,1
520,199,1
519,199,1
519,198,1
518,198,1
518,197,1
517,197,1
517,196,1
516,195,1
516,194,1
516,193,1
515,193,1
515,192,1
515,191,1
516,191,1
516,190,1
517,190,1
518,190,1
519,190,1
520,190,1
520,191,1
521,191,1
522,192,1
523,192,1
523,193,1
524,193,1
524,194,1
525,195,1
526,196,1
527,197,1
528,198,1
529,199,1
529,200,1
530,200,1
530,201,1
531,202,1
532,203,1
533,204,1
534,205,1
535,206,1
535,207,1
536,207,1
536,208,1
537,208,1
538,209,1
538,210,1
539,210,1
539,211,1
540,211,1
541,212,1
542,213,1
543,214,1
544,215,1
545,216,1
546,217,1
547,217,1
547,218,1
548,218,1
548,219,1
549,219,1
550,220,1
551,221,1
552,221,1
553,222,1
554,223,1
555,223,1
555,224,1
556,224,1
556,225,1
557,225,1
558,226,1
559,226,1
559,227,1
560,227,1
561,228,1
562,228,1
562,229,1
563,229,1
564,229,1
564,230,1
565,230,1
566,231,1
567,231,1
568,232,1
569,232,1
569,233,1
570,233,1
571,233,1
572,234,1
573,234,1
574,235,1
575,235,1
576,235,1
577,236,1
578,236,1
579,237,1
580,237,1
581,237,1
582,238,1
583,238,1
584,238,1
585,238,1
586,238,1
586,239,1
587,239,1
588,239,1
589,239,1
590,239,1
590,240,1
591,240,1
592,240,1
593,240,1
594,240,1
595,240,1
596,240,1
597,240,1
598,240,1
599,240,1
600,240,1
601,239,1
602,239,1
603,239,1
604,238,1
605,238,1
619,187,0
634,134,1
634,135,1
634,136,1
634,137,1
634,138,1
634,139,1
634,140,1
634,141,1
634,142,1
634,143,1
634,144,1
634,145,1
634,146,1
634,147,1
634,148,1
634,149,1
634,150,1
634,151,1
634,152,1
634,153,1
634,154,1
633,155,1
633,156,1
633,157,1
633,158,1
633,159,1
633,160,1
633,161,1
633,162,1
633,163,1
633,164,1
633,165,1
632,166,1
632,167,1
632,168,1
632,169,1
632,170,1
632,171,1
632,172,1
632,173,1
632,174,1
632,175,1
632,176,1
632,177,1
632,178,1
632,179,1
632,180,1
632,181,1
632,182,1
632,183,1
632,184,1
632,185,1
632,186,1
632,187,1
632,188,1
631,189,1
631,190,1
631,191,1
631,192,1
631,193,1
631,194,1
631,195,1
631,196,1
631,197,1
631,198,1
631,199,1
631,200,1
631,201,1
631,202,1
631,203,1
631,204,1
631,205,1
631,206,1
631,207,1
631,208,1
631,209,1
631,210,1
631,211,1
631,212,1
631,213,1
631,214,1
631,215,1
631,216,1
631,217,1
631,218,1
631,219,1
631,220,1
631,221,1
631,222,1
631,223,1
631,224,1
631,225,1
631,226,1
631,227,1
631,228,1
631,229,1
631,230,1
631,231,1
631,232,1
631,233,1
631,234,1
631,235,1
631,236,1
631,237,1
631,238,1
631,239,1
631,240,1
631,241,1
631,242,1
631,243,1
631,244,1
631,245,1
631,246,1
631,247,1
631,248,1
631,249,1
631,250,1
631,251,1
631,252,1
631,253,1
631,254,1
631,255,1
631,256,1
631,257,1
631,258,1
631,259,1
631,260,1
630,260,1
630,261,1
630,262,1
630,263,1
630,264,1
630,265,1
630,266,1
629,266,1
629,265,1
629,264,1
629,263,1
629,263,0
