142,162,1
143,162,1
144,162,1
145,162,1
146,162,1
147,162,1
148,162,1
149,162,1
150,162,1
151,162,1
152,162,1
153,162,1
154,162,1
155,162,1
156,162,1
157,162,1
158,162,1
159,162,1
160,162,1
160,161,1
161,161,1
162,161,1
163,161,1
164,161,1
165,161,1
166,161,1
167,161,1
168,161,1
169,161,1
170,161,1
171,161,1
172,161,1
173,161,1
174,161,1
175,160,1
176,160,1
177,160,1
178,160,1
179,160,1
180,160,1
181,160,1
182,160,1
183,160,1
184,160,1
185,160,1
186,160,1
187,160,1
188,160,1
189,160,1
190,160,1
191,160,1
192,160,1
193,160,1
194,160,1
195,160,1
196,160,1
197,160,1
198,160,1
199,160,1
200,160,1
201,160,1
202,160,1
203,159,1
204,159,1
205,159,1
206,159,1
207,159,1
208,159,1
209,159,1
210,159,1
211,159,1
212,159,1
213,159,1
213,158,1
214,158,1
215,158,1
216,158,1
217,158,1
218,158,1
219,158,1
220,158,1
221,158,1
222,158,1
223,158,1
224,158,1
225,158,1
226,157,1
227,157,1
228,157,1
229,157,1
230,157,1
231,157,1
232,157,1
233,157,1
234,157,1
235,157,1
236,157,1
237,157,1
238,157,1
239,157,1
240,157,1
241,157,1
242,157,1
243,157,1
244,157,1
245,157,1
246,157,1
247,157,1
248,157,1
249,157,1
250,157,1
251,157,1
252,157,1
252,156,1
253,156,1
254,156,1
255,156,1
256,156,1
257,156,1
258,156,1
259,156,1
260,156,1
261,156,1
262,156,1
263,156,1
264,156,1
265,156,1
266,156,1
267,155,1
268,155,1
269,155,1
270,155,1
271,155,1
272,155,1
273,155,1
274,155,1
275,155,1
276,155,1
277,155,1
278,155,1
279,155,1
280,155,1
281,155,1
282,155,1
283,155,1
284,155,1
285,155,1
286,155,1
287,155,1
288,155,1
289,155,1
290,155,1
291,155,1
292,155,1
293,155,1
294,155,1
295,155,1
296,155,1
297,155,1
298,155,1
299,155,1
300,155,1
301,154,1
302,154,1
303,154,1
304,154,1
305,154,1
306,154,1
307,154,1
308,154,1
309,154,1
310,154,1
311,154,1
312,154,1
313,154,1
314,154,1
315,154,1
316,154,1
317,154,1
318,154,1
319,154,1
320,154,1
321,153,1
322,153,1
323,153,1
324,153,1
325,153,1
326,153,1
327,153,1
328,153,1
329,153,1
330,153,1
331,153,1
332,153,1
332,154,1
333,154,1
334,154,1
333,154,1
333,155,1
332,155,1
331,155,1
330,155,1
329,155,1
328,156,1
327,156,1
326,156,1
325,156,1
324,156,1
256,165,0
182,174,1
183,174,1
184,174,1
185,174,1
186,174,1
187,175,1
188,175,1
189,175,1
190,175,1
191,175,1
191,176,1
192,176,1
193,176,1
194,176,1
195,176,1
196,176,1
197,177,1
198,177,1
199,177,1
200,177,1
201,178,1
202,178,1
203,178,1
204,178,1
205,179,1
206,179,1
207,180,1
208,180,1
209,180,1
210,181,1
211,181,1
212,182,1
213,182,1
214,183,1
215,184,1
216,184,1
217,185,1
218,186,1
219,187,1
220,188,1
220,189,1
221,190,1
221,191,1
222,191,1
222,192,1
222,193,1
223,194,1
223,195,1
223,196,1
223,197,1
222,198,1
222,199,1
222,200,1
222,201,1
221,201,1
221,202,1
221,203,1
220,203,1
220,204,1
219,205,1
219,206,1
218,206,1
218,207,1
217,207,1
217,208,1
216,208,1
215,209,1
214,210,1
213,210,1
213,211,1
212,211,1
211,212,1
210,213,1
209,213,1
209,214,1
208,214,1
207,214,1
206,215,1
205,216,1
204,216,1
203,217,1
202,217,1
201,217,1
200,218,1
199,218,1
198,218,1
197,219,1
196,219,1
195,219,1
194,220,1
193,220,1
192,220,1
192,221,1
191,221,1
190,221,1
189,221,1
188,222,1
187,222,1
186,222,1
185,222,1
184,222,1
184,223,1
183,223,1
182,223,1
181,223,1
180,223,1
179,223,1
178,223,1
177,223,1
176,223,1
175,223,1
174,223,1
173,223,1
173,222,1
172,222,1
172,221,1
172,220,1
172,219,1
173,219,1
174,218,1
175,218,1
176,217,1
177,217,1
178,216,1
179,216,1
180,216,1
181,215,1
182,215,1
183,215,1
184,215,1
185,214,1
186,214,1
187,214,1
188,214,1
189,214,1
189,213,1
190,213,1
191,213,1
192,213,1
193,213,1
194,213,1
195,213,1
196,213,1
197,213,1
198,213,1
199,213,1
200,213,1
201,213,1
202,213,1
203,213,1
204,213,1
205,213,1
206,213,1
207,213,1
208,213,1
209,213,1
210,213,1
211,213,1
212,213,1
213,213,1
213,214,1
214,214,1
215,214,1
216,214,1
217,214,1
218,215,1
219,215,1
220,215,1
221,215,1
222,215,1
223,216,1
224,216,1
225,216,1
226,217,1
227,217,1
228,217,1
229,217,1
229,218,1
230,218,1
231,218,1
232,219,1
233,219,1
234,220,1
235,220,1
236,221,1
237,222,1
238,222,1
239,223,1
240,223,1
241,224,1
242,225,1
243,226,1
244,227,1
245,228,1
246,229,1
247,230,1
247,231,1
248,231,1
248,232,1
249,233,1
249,234,1
250,235,1
250,236,1
251,237,1
251,238,1
251,239,1
251,240,1
252,240,1
252,241,1
252,242,1
252,243,1
252,244,1
252,245,1
252,246,1
252,247,1
251,248,1
251,249,1
251,250,1
250,251,1
250,252,1
249,253,1
249,254,1
248,255,1
248,256,1
247,256,1
247,257,1
246,257,1
246,258,1
245,259,1
244,260,1
243,261,1
242,261,1
242,262,1
241,262,1
240,263,1
239,264,1
238,264,1
238,265,1
237,265,1
236,265,1
236,266,1
235,266,1
234,267,1
233,267,1
232,268,1
231,268,1
230,269,1
229,269,1
228,270,1
227,270,1
226,270,1
226,271,1
225,271,1
224,271,1
223,271,1
223,272,1
222,272,1
221,272,1
220,273,1
219,273,1
218,273,1
217,273,1
216,273,1
216,274,1
215,274,1
214,274,1
213,274,1
212,275,1
211,275,1
210,275,1
209,275,1
208,276,1
207,276,1
206,276,1
205,276,1
204,276,1
204,277,1
203,277,1
202,277,1
201,277,1
200,277,1
199,277,1
198,277,1
197,277,1
196,277,1
195,277,1
194,277,1
194,278,1
193,278,1
192,278,1
191,278,1
190,278,1
189,278,1
188,278,1
187,278,1
186,278,1
185,278,1
184,278,1
184,279,1
183,279,1
182,279,1
181,279,1
180,279,1
179,279,1
178,279,1
177,279,1
176,279,1
175,279,1
174,279,1
174,278,1
173,278,1
172,278,1
171,278,1
170,278,1
169,278,1
168,278,1
167,278,1
166,278,1
165,278,1
164,277,1
163,277,1
162,277,1
161,277,1
160,277,1
159,277,1
158,277,1
157,277,1
156,277,1
155,277,1
155,276,1
154,276,1
153,276,1
152,276,1
151,276,1
150,275,1
149,275,1
148,275,1
147,274,1
146,274,1
145,274,1
144,274,1
144,273,1
143,273,1
142,273,1
141,272,1
140,272,1
139,272,1
139,271,1
138,271,1
137,271,1
137,270,1
136,270,1
135,270,1
135,269,1
134,269,1
134,268,1
133,268,1
132,268,1
132,267,1
131,267,1
130,267,1
130,266,1
129,266,1
129,265,1
128,265,1
127,264,1
126,263,1
125,262,1
125,261,1
125,260,1
124,260,1
124,259,1
124,258,1
124,257,1
124,256,1
125,255,1
126,255,1
126,254,1
186,233,0
245,209,1
246,209,1
247,209,1
248,209,1
249,209,1
250,209,1
251,208,1
252,208,1
253,208,1
254,208,1
255,208,1
255,207,1
256,207,1
257,207,1
258,206,1
259,206,1
260,206,1
261,205,1
262,205,1
263,204,1
264,204,1
265,204,1
266,203,1
267,203,1
268,202,1
269,201,1
270,201,1
271,200,1
272,199,1
273,199,1
273,198,1
274,198,1
274,197,1
275,197,1
276,196,1
277,196,1
277,195,1
277,194,1
278,194,1
278,193,1
279,193,1
279,192,1
280,192,1
280,191,1
281,191,1
281,190,1
282,190,1
282,189,1
282,188,1
283,188,1
283,187,1
283,186,1
284,186,1
284,185,1
285,184,1
285,183,1
285,182,1
286,182,1
286,181,1
286,180,1
286,179,1
287,179,1
287,178,1
287,177,1
287,176,1
288,175,1
288,174,1
288,173,1
288,172,1
288,171,1
289,170,1
289,169,1
289,168,1
289,167,1
289,166,1
289,165,1
289,164,1
288,163,1
288,164,1
288,165,1
288,166,1
288,167,1
288,168,1
288,169,1
288,170,1
288,171,1
288,172,1
288,173,1
288,174,1
288,175,1
288,176,1
288,177,1
288,178,1
288,179,1
288,180,1
288,181,1
289,182,1
289,183,1
289,184,1
289,185,1
289,186,1
289,187,1
289,188,1
289,189,1
289,190,1
289,191,1
289,192,1
289,193,1
289,194,1
289,195,1
290,196,1
290,197,1
290,198,1
290,199,1
290,200,1
290,201,1
291,201,1
291,202,1
291,203,1
291,204,1
291,205,1
291,206,1
291,207,1
291,208,1
291,209,1
291,210,1
292,211,1
292,212,1
292,213,1
292,214,1
292,215,1
293,216,1
293,217,1
293,218,1
293,219,1
293,220,1
294,221,1
294,222,1
294,223,1
294,224,1
294,225,1
294,226,1
294,227,1
295,228,1
295,229,1
295,230,1
295,231,1
295,232,1
295,233,1
296,233,1
296,234,1
296,235,1
296,236,1
296,237,1
296,238,1
296,239,1
296,240,1
297,241,1
297,242,1
297,243,1
297,244,1
297,245,1
298,246,1
298,247,1
298,248,1
298,249,1
298,250,1
299,251,1
299,252,1
299,253,1
299,254,1
299,255,1
299,256,1
299,257,1
299,256,1
299,255,1
328,202,0
355,147,1
356,147,1
357,147,1
358,147,1
359,147,1
360,146,1
361,146,1
362,146,1
363,146,1
364,146,1
365,146,1
366,146,1
367,146,1
368,146,1
369,145,1
370,145,1
371,145,1
372,145,1
373,145,1
374,145,1
375,145,1
376,145,1
377,145,1
378,145,1
379,145,1
380,145,1
381,145,1
382,145,1
382,144,1
383,144,1
384,144,1
385,144,1
386,144,1
387,144,1
388,144,1
389,143,1
390,143,1
391,143,1
392,143,1
393,143,1
394,143,1
395,143,1
396,143,1
397,143,1
398,143,1
399,143,1
400,143,1
401,143,1
401,142,1
402,142,1
403,142,1
404,142,1
405,142,1
406,142,1
407,142,1
408,141,1
409,141,1
410,141,1
411,141,1
412,141,1
413,141,1
413,140,1
414,140,1
415,140,1
416,140,1
417,140,1
418,140,1
419,140,1
420,140,1
421,140,1
422,140,1
423,139,1
424,139,1
425,139,1
426,139,1
427,139,1
428,139,1
428,138,1
429,138,1
430,138,1
431,138,1
432,138,1
433,138,1
434,138,1
435,138,1
436,138,1
437,138,1
438,138,1
439,138,1
440,139,1
441,139,1
442,139,1
443,140,1
444,140,1
444,141,1
445,141,1
446,142,1
446,143,1
447,143,1
447,144,1
448,145,1
448,146,1
449,147,1
449,148,1
449,149,1
449,150,1
450,151,1
450,152,1
450,153,1
450,154,1
450,155,1
450,156,1
450,157,1
450,158,1
450,159,1
450,160,1
450,161,1
450,162,1
450,163,1
450,164,1
450,165,1
450,166,1
450,167,1
450,168,1
450,169,1
450,170,1
450,171,1
450,172,1
450,173,1
450,174,1
450,175,1
450,176,1
450,177,1
450,178,1
450,179,1
451,180,1
451,181,1
451,182,1
451,183,1
451,184,1
451,185,1
451,186,1
451,187,1
451,188,1
451,189,1
451,190,1
451,191,1
451,192,1
452,193,1
452,194,1
452,195,1
452,196,1
452,197,1
452,198,1
452,199,1
452,200,1
452,201,1
452,202,1
452,203,1
452,204,1
452,205,1
452,206,1
452,207,1
452,208,1
452,209,1
453,210,1
453,211,1
453,212,1
453,213,1
453,214,1
453,215,1
453,216,1
453,217,1
453,218,1
453,219,1
453,220,1
453,221,1
453,222,1
453,223,1
453,224,1
453,225,1
453,226,1
453,227,1
453,228,1
452,228,1
452,229,1
452,230,1
452,231,1
451,231,1
451,232,1
450,232,1
450,232,0
423,172,0
361,205,1
361,206,1
362,207,1
362,208,1
363,209,1
364,210,1
365,211,1
366,212,1
367,212,1
368,213,1
369,213,1
370,213,1
370,214,1
371,214,1
372,214,1
373,214,1
374,214,1
374,215,1
375,215,1
376,215,1
377,215,1
378,215,1
379,215,1
380,215,1
381,215,1
382,215,1
383,215,1
383,214,1
384,214,1
385,213,1
386,212,1
386,211,1
386,210,1
386,209,1
386,208,1
385,208,1
385,207,1
385,206,1
384,206,1
384,205,1
383,205,1
382,204,1
381,203,1
380,203,1
380,202,1
379,202,1
378,201,1
377,201,1
376,200,1
375,200,1
374,200,1
373,199,1
372,199,1
371,199,1
370,198,1
369,198,1
368,198,1
367,198,1
366,197,1
365,197,1
364,197,1
363,197,1
362,197,1
362,196,1
361,196,1
360,196,1
359,196,1
358,196,1
357,196,1
356,196,1
355,196,1
354,196,1
353,196,1
352,196,1
351,196,1
350,196,1
349,196,1
348,196,1
347,196,1
376,152,0
401,111,1
401,110,1
401,109,1
402,109,1
402,108,1
402,107,1
403,106,1
404,105,1
404,104,1
405,103,1
405,102,1
406,102,1
406,101,1
407,100,1
408,99,1
408,98,1
409,98,1
409,97,1
410,97,1
411,96,1
411,95,1
412,95,1
412,94,1
413,94,1
413,93,1
414,92,1
415,92,1
415,91,1
416,91,1
417,90,1
418,89,1
419,89,1
419,88,1
420,88,1
420,87,1
421,87,1
421,86,1
422,86,1
423,86,1
423,85,1
424,85,1
424,84,1
425,84,1
426,83,1
427,83,1
427,82,1
428,82,1
429,81,1
430,81,1
431,80,1
432,80,1
433,79,1
434,79,1
435,78,1
436,78,1
437,78,1
438,77,1
439,77,1
440,77,1
440,76,1
441,76,1
442,76,1
443,75,1
444,75,1
445,75,1
446,74,1
447,74,1
448,74,1
449,74,1
450,74,1
451,73,1
452,73,1
453,73,1
454,73,1
455,73,1
456,72,1
457,72,1
458,72,1
459,72,1
460,72,1
461,72,1
462,72,1
463,72,1
464,72,1
465,72,1
466,72,1
467,72,1
467,73,1
468,73,1
469,73,1
470,73,1
471,73,1
472,73,1
472,74,1
473,74,1
474,74,1
475,75,1
476,75,1
477,75,1
478,76,1
479,76,1
480,77,1
481,77,1
482,78,1
483,78,1
483,79,1
484,79,1
485,80,1
486,81,1
487,82,1
488,83,1
489,84,1
490,85,1
490,86,1
491,86,1
491,87,1
492,88,1
492,89,1
493,90,1
494,91,1
494,92,1
495,93,1
495,94,1
496,95,1
496,96,1
496,97,1
497,98,1
497,99,1
498,100,1
498,101,1
498,102,1
498,103,1
498,104,1
499,104,1
499,105,1
499,106,1
499,107,1
499,108,1
500,109,1
500,110,1
500,111,1
500,112,1
500,113,1
501,114,1
501,115,1
501,116,1
501,117,1
501,118,1
501,119,1
501,120,1
501,121,1
501,122,1
501,123,1
501,124,1
501,125,1
501,126,1
501,127,1
501,128,1
501,129,1
501,130,1
502,131,1
502,132,1
502,133,1
502,134,1
502,135,1
502,136,1
502,137,1
502,138,1
502,139,1
502,140,1
502,141,1
502,142,1
502,143,1
502,144,1
502,145,1
502,146,1
502,147,1
502,148,1
502,149,1
502,150,1
502,151,1
502,152,1
502,153,1
502,154,1
501,155,1
501,156,1
501,157,1
501,158,1
501,159,1
501,160,1
501,161,1
501,162,1
501,163,1
501,164,1
501,165,1
501,166,1
501,167,1
501,168,1
501,169,1
501,170,1
501,171,1
501,172,1
501,173,1
501,174,1
501,175,1
501,176,1
501,177,1
501,178,1
501,179,1
501,180,1
501,181,1
501,182,1
500,183,1
500,184,1
500,185,1
500,186,1
500,187,1
500,188,1
500,189,1
500,190,1
500,191,1
500,192,1
500,193,1
500,194,1
499,195,1
499,196,1
499,197,1
499,198,1
499,199,1
499,200,1
499,201,1
499,202,1
499,203,1
499,204,1
499,205,1
499,206,1
499,207,1
499,208,1
499,209,1
499,210,1
499,211,1
499,212,1
499,213,1
499,214,1
499,215,1
499,216,1
499,217,1
498,218,1
498,219,1
498,220,1
498,221,1
498,222,1
498,223,1
498,224,1
498,225,1
498,226,1
498,227,1
498,228,1
498,229,1
498,230,1
498,231,1
498,232,1
498,233,1
497,233,1
497,234,1
497,235,1
497,236,1
497,237,1
497,238,1
497,239,1
497,240,1
497,241,1
497,242,1
497,243,1
497,244,1
497,245,1
497,246,1
497,247,1
497,248,1
497,249,1
497,250,1
497,251,1
497,252,1
496,253,1
496,254,1
496,255,1
496,256,1
496,257,1
496,258,1
496,259,1
496,260,1
496,261,1
496,262,1
496,263,1
495,264,1
495,265,1
494,265,1
494,264,1
494,263,1
493,263,1
489,193,0
482,121,1
483,121,1
484,121,1
485,121,1
486,121,1
487,121,1
488,121,1
489,121,1
490,121,1
491,120,1
492,120,1
493,120,1
494,120,1
495,120,1
496,120,1
497,120,1
498,120,1
499,120,1
500,120,1
501,120,1
502,119,1
503,119,1
504,119,1
505,119,1
506,119,1
507,119,1
508,119,1
509,119,1
510,119,1
511,119,1
512,119,1
513,118,1
514,118,1
515,118,1
516,118,1
517,118,1
518,118,1
519,118,1
520,118,1
521,118,1
522,118,1
523,118,1
524,118,1
525,118,1
526,118,1
527,118,1
528,118,1
529,118,1
530,118,1
531,118,1
532,118,1
533,117,1
534,117,1
535,117,1
536,117,1
537,117,1
538,117,1
539,117,1
540,117,1
541,117,1
542,117,1
543,117,1
544,117,1
545,117,1
546,117,1
547,117,1
548,116,1
549,116,1
550,116,1
551,116,1
552,116,1
553,116,1
554,116,1
555,116,1
556,116,1
557,116,1
558,116,1
559,116,1
560,116,1
561,116,1
562,116,1
563,116,1
564,116,1
565,116,1
566,116,1
567,116,1
568,116,1
569,116,1
570,116,1
571,116,1
572,116,1
573,116,1
574,116,1
575,116,1
576,116,1
577,116,1
578,116,1
579,116,1
580,116,1
581,116,1
582,116,1
583,116,1
584,116,1
585,116,1
586,116,1
587,116,1
588,116,1
589,116,1
590,116,1
591,116,1
591,115,1
592,115,1
593,115,1
594,115,1
595,115,1
596,115,1
597,115,1
598,115,1
599,115,1
600,115,1
601,115,1
602,115,1
603,115,1
604,115,1
605,115,1
606,115,1
607,115,1
608,115,1
609,115,1
610,115,1
611,115,1
612,115,1
613,115,1
614,115,1
615,115,1
616,115,1
617,115,1
618,115,1
619,115,1
620,115,1
621,115,1
622,115,1
623,115,1
624,115,1
625,115,1
626,115,1
627,115,1
628,115,1
629,115,1
630,115,1
631,115,1
632,115,1
633,115,1
634,115,1
635,115,1
636,115,1
637,115,1
638,114,1
639,114,1
640,114,1
641,114,1
642,114,1
643,114,1
644,114,1
645,114,1
646,114,1
647,114,1
648,114,1
649,114,1
650,114,1
651,114,1
652,114,1
653,114,1
654,114,1
655,114,1
656,114,1
657,114,1
658,114,1
659,114,1
660,114,1
661,114,1
662,114,1
663,114,1
664,114,1
665,114,1
666,114,1
667,114,1
668,114,1
669,114,1
670,114,1
671,114,1
672,114,1
673,114,1
674,114,1
675,114,1
676,114,1
677,114,1
678,114,1
679,114,1
680,114,1
681,114,1
682,114,1
683,114,1
684,114,1
685,114,1
686,114,1
687,114,1
688,114,1
689,114,1
690,114,1
691,114,1
618,131,0
550,151,1
550,150,1
549,150,1
548,149,1
548,148,1
547,147,1
547,146,1
547,145,1
547,144,1
547,143,1
547,142,1
547,141,1
547,140,1
548,139,1
548,138,1
549,137,1
550,136,1
551,136,1
551,135,1
552,134,1
553,133,1
554,133,1
555,132,1
556,131,1
557,131,1
557,130,1
558,130,1
559,129,1
560,129,1
561,128,1
562,128,1
563,128,1
564,127,1
565,127,1
566,127,1
567,127,1
568,126,1
569,126,1
570,126,1
571,126,1
572,126,1
573,126,1
574,126,1
575,126,1
576,126,1
577,126,1
578,127,1
579,127,1
580,127,1
581,127,1
582,127,1
583,128,1
584,128,1
585,128,1
586,128,1
587,129,1
588,129,1
589,129,1
589,130,1
590,130,1
591,130,1
591,131,1
592,131,1
593,131,1
593,132,1
594,132,1
595,132,1
595,133,1
596,133,1
597,134,1
598,134,1
599,135,1
600,136,1
601,137,1
602,137,1
603,138,1
604,139,1
605,140,1
606,141,1
607,142,1
608,142,1
608,143,1
609,144,1
609,145,1
610,145,1
610,146,1
611,146,1
611,147,1
612,148,1
613,149,1
613,150,1
614,151,1
614,152,1
615,152,1
615,153,1
615,154,1
616,155,1
616,156,1
617,157,1
617,158,1
617,159,1
618,159,1
618,160,1
618,161,1
618,162,1
619,163,1
619,164,1
619,165,1
619,166,1
619,167,1
620,167,1
620,168,1
620,169,1
620,170,1
620,171,1
620,172,1
620,173,1
620,174,1
620,175,1
620,176,1
620,177,1
619,177,1
619,178,1
619,179,1
619,180,1
619,181,1
618,182,1
618,183,1
618,184,1
617,184,1
617,185,1
617,186,1
616,186,1
616,187,1
615,188,1
615,189,1
614,189,1
614,190,1
613,190,1
613,191,1
612,192,1
611,193,1
610,193,1
610,194,1
609,194,1
608,195,1
607,195,1
606,196,1
605,196,1
604,197,1
603,197,1
602,198,1
601,198,1
600,198,1
599,198,1
599,199,1
598,199,1
597,199,1
596,199,1
595,199,1
594,199,1
593,199,1
592,199,1
591,199,1
591,198,1
590,198,1
589,198,1
588,198,1
587,197,1
586,197,1
585,196,1
584,196,1
583,195,1
582,195,1
581,194,1
580,194,1
580,193,1
579,193,1
578,192,1
577,192,1
577,191,1
577,192,1
578,192,1
578,193,1
579,193,1
580,194,1
581,195,1
581,196,1
582,196,1
582,197,1
583,197,1
583,198,1
584,198,1
585,199,1
585,200,1
586,200,1
586,201,1
587,202,1
588,203,1
589,204,1
590,205,1
591,206,1
592,207,1
593,208,1
594,209,1
595,210,1
596,210,1
596,211,1
597,211,1
598,212,1
599,213,1
600,213,1
600,214,1
601,214,1
602,215,1
603,216,1
604,216,1
605,217,1
606,217,1
606,218,1
607,218,1
608,219,1
609,219,1
610,219,1
611,220,1
612,220,1
613,221,1
614,221,1
615,221,1
616,222,1
617,222,1
618,222,1
619,222,1
620,223,1
621,223,1
622,223,1
623,223,1
624,223,1
625,223,1
626,223,1
627,223,1
628,223,1
629,223,1
630,222,1
631,222,1
632,222,1
633,222,1
634,221,1
635,221,1
636,221,1
637,220,1
638,220,1
639,219,1
640,219,1
641,218,1
642,218,1
643,218,1
643,217,1
644,217,1
645,216,1
646,216,1
647,215,1
648,215,1
648,214,1
649,214,1
650,213,1
650,212,1
651,212,1
652,211,1
653,210,1
653,209,1
654,209,1
654,208,1
655,208,1
655,207,1
656,206,1
657,205,1
657,204,1
658,203,1
665,189,0
673,170,1
673,171,1
673,172,1
673,173,1
673,174,1
673,175,1
673,176,1
673,177,1
673,178,1
673,179,1
673,180,1
673,181,1
673,182,1
673,183,1
673,184,1
673,185,1
673,186,1
673,187,1
673,188,1
673,189,1
673,190,1
673,191,1
673,192,1
673,193,1
673,194,1
674,195,1
674,196,1
674,197,1
674,198,1
674,199,1
674,200,1
674,201,1
674,202,1
674,203,1
674,204,1
674,205,1
674,206,1
674,207,1
674,208,1
674,209,1
674,210,1
674,211,1
674,212,1
674,213,1
674,214,1
674,215,1
674,216,1
674,217,1
673,217,1
672,216,1
672,216,0
