96,208,1
97,208,1
98,208,1
99,208,1
100,208,1
101,208,1
102,208,1
103,208,1
104,208,1
105,208,1
106,208,1
107,208,1
108,208,1
109,208,1
110,208,1
111,208,1
112,208,1
113,208,1
114,208,1
115,208,1
116,208,1
117,208,1
118,208,1
119,208,1
120,208,1
121,208,1
122,208,1
123,208,1
124,208,1
125,208,1
126,208,1
127,208,1
128,208,1
129,208,1
130,208,1
131,208,1
132,208,1
133,208,1
134,208,1
135,208,1
136,209,1
137,209,1
138,209,1
139,209,1
140,209,1
141,209,1
142,209,1
143,209,1
144,209,1
145,209,1
146,209,1
147,209,1
148,209,1
149,209,1
150,209,1
151,209,1
152,209,1
153,209,1
154,209,1
155,209,1
156,209,1
157,209,1
158,209,1
159,209,1
160,209,1
161,209,1
162,209,1
163,209,1
164,209,1
165,209,1
166,209,1
167,209,1
168,209,1
169,209,1
170,209,1
171,209,1
172,209,1
173,209,1
174,209,1
174,210,1
175,210,1
176,210,1
177,210,1
178,210,1
179,210,1
180,210,1
181,210,1
182,210,1
183,210,1
184,210,1
185,210,1
186,210,1
187,210,1
188,210,1
189,210,1
190,210,1
191,211,1
192,211,1
193,211,1
194,211,1
195,211,1
196,211,1
197,211,1
198,211,1
199,211,1
200,211,1
201,211,1
202,211,1
203,211,1
204,211,1
205,211,1
206,211,1
207,211,1
208,211,1
209,211,1
210,211,1
211,211,1
212,211,1
213,211,1
214,211,1
215,211,1
216,211,1
217,211,1
218,211,1
219,211,1
220,211,1
221,211,1
221,212,1
222,212,1
223,212,1
224,212,1
225,212,1
226,212,1
227,212,1
228,212,1
229,212,1
230,212,1
231,212,1
232,212,1
233,212,1
234,212,1
235,212,1
236,213,1
237,213,1
238,213,1
239,213,1
240,213,1
241,213,1
242,213,1
243,213,1
244,213,1
245,213,1
246,213,1
247,213,1
248,213,1
249,213,1
249,214,1
250,214,1
251,214,1
252,214,1
253,214,1
254,214,1
255,214,1
256,214,1
257,214,1
258,214,1
259,214,1
260,214,1
261,214,1
262,214,1
263,214,1
264,214,1
265,214,1
266,214,1
267,214,1
268,214,1
269,214,1
270,214,1
271,214,1
272,214,1
273,214,1
274,215,1
275,215,1
276,215,1
277,215,1
278,215,1
279,215,1
280,215,1
281,215,1
282,215,1
283,215,1
284,215,1
284,216,1
285,216,1
286,216,1
287,216,1
288,216,1
289,216,1
290,216,1
291,216,1
292,216,1
293,216,1
294,216,1
295,216,1
296,216,1
297,216,1
298,216,1
299,216,1
300,216,1
301,216,1
302,216,1
303,216,1
304,216,1
305,216,1
306,217,1
307,217,1
308,217,1
309,217,1
310,217,1
311,217,1
312,217,1
313,217,1
314,217,1
315,217,1
316,217,1
316,218,1
317,218,1
318,218,1
319,218,1
320,218,1
321,218,1
322,218,1
323,218,1
324,218,1
325,218,1
326,218,1
326,219,1
327,219,1
328,219,1
329,219,1
330,219,1
331,219,1
332,219,1
333,219,1
334,219,1
335,219,1
336,219,1
337,219,1
338,219,1
339,219,1
340,219,1
341,219,1
342,219,1
343,219,1
344,220,1
345,220,1
346,220,1
347,220,1
348,220,1
349,220,1
349,221,1
350,221,1
349,221,1
216,220,0
78,219,1
79,219,1
80,218,1
81,218,1
82,218,1
83,218,1
84,218,1
85,217,1
86,217,1
87,217,1
88,217,1
89,217,1
90,217,1
91,216,1
92,216,1
93,216,1
94,216,1
95,216,1
96,216,1
97,216,1
98,216,1
99,216,1
100,216,1
101,216,1
102,216,1
103,216,1
104,216,1
105,216,1
106,216,1
107,216,1
108,216,1
109,216,1
110,216,1
111,216,1
112,216,1
113,216,1
114,216,1
115,216,1
116,216,1
117,216,1
118,216,1
119,216,1
120,216,1
121,216,1
121,217,1
122,217,1
123,217,1
124,217,1
125,217,1
126,217,1
126,218,1
127,218,1
128,218,1
129,218,1
130,218,1
131,218,1
132,219,1
133,219,1
134,219,1
135,219,1
136,220,1
137,220,1
138,220,1
139,221,1
140,221,1
141,221,1
142,222,1
143,222,1
143,223,1
144,223,1
145,224,1
146,224,1
146,225,1
147,225,1
147,226,1
148,226,1
149,227,1
149,228,1
150,228,1
150,229,1
150,230,1
151,230,1
151,231,1
151,232,1
151,233,1
151,234,1
151,235,1
151,236,1
151,237,1
151,238,1
151,239,1
150,240,1
150,241,1
149,242,1
149,243,1
148,243,1
148,244,1
147,245,1
146,246,1
145,246,1
145,247,1
144,247,1
144,248,1
143,248,1
142,249,1
141,249,1
140,250,1
139,251,1
138,251,1
137,252,1
136,252,1
135,253,1
134,253,1
133,253,1
132,254,1
131,254,1
130,255,1
129,255,1
128,255,1
127,255,1
126,255,1
126,256,1
125,256,1
124,256,1
123,256,1
122,256,1
121,257,1
120,257,1
119,257,1
118,257,1
117,257,1
117,256,1
118,256,1
119,256,1
120,256,1
121,256,1
122,255,1
123,255,1
124,255,1
125,255,1
126,255,1
126,254,1
127,254,1
128,254,1
129,254,1
130,254,1
131,254,1
132,254,1
133,254,1
134,254,1
135,254,1
136,254,1
137,254,1
138,254,1
139,254,1
140,254,1
141,254,1
142,255,1
143,255,1
144,255,1
145,255,1
146,255,1
147,255,1
148,255,1
149,256,1
150,256,1
151,256,1
152,256,1
153,256,1
154,256,1
155,256,1
156,257,1
157,257,1
158,257,1
159,258,1
160,258,1
161,258,1
162,258,1
162,259,1
163,259,1
164,259,1
165,260,1
166,260,1
167,260,1
168,260,1
169,261,1
170,261,1
171,262,1
172,263,1
173,263,1
174,263,1
174,264,1
175,264,1
176,264,1
176,265,1
177,265,1
178,266,1
179,267,1
180,267,1
180,268,1
181,268,1
181,269,1
182,269,1
183,270,1
183,271,1
184,271,1
184,272,1
185,272,1
185,273,1
186,274,1
186,275,1
187,275,1
187,276,1
187,277,1
188,277,1
188,278,1
188,279,1
189,280,1
189,281,1
189,282,1
189,283,1
189,284,1
189,285,1
189,286,1
189,287,1
189,288,1
189,289,1
189,290,1
188,291,1
188,292,1
187,293,1
187,294,1
186,295,1
186,296,1
185,296,1
185,297,1
184,298,1
183,299,1
182,300,1
181,301,1
180,302,1
179,302,1
179,303,1
178,303,1
177,303,1
177,304,1
176,304,1
175,305,1
174,305,1
174,306,1
173,306,1
172,306,1
171,307,1
170,307,1
169,308,1
168,308,1
167,308,1
166,309,1
165,309,1
164,310,1
163,310,1
162,310,1
161,310,1
161,311,1
160,311,1
159,311,1
158,311,1
157,312,1
156,312,1
155,312,1
154,312,1
154,313,1
153,313,1
152,313,1
151,313,1
150,313,1
149,314,1
148,314,1
147,314,1
146,314,1
145,314,1
144,314,1
143,314,1
142,315,1
141,315,1
140,315,1
139,315,1
138,315,1
137,316,1
136,316,1
135,316,1
134,316,1
133,316,1
132,316,1
131,316,1
130,316,1
129,316,1
128,316,1
127,316,1
126,316,1
125,316,1
124,316,1
123,316,1
122,316,1
121,316,1
120,316,1
119,316,1
118,316,1
117,316,1
116,316,1
115,316,1
114,316,1
113,316,1
112,316,1
111,316,1
110,316,1
109,316,1
108,316,1
107,316,1
106,316,1
105,316,1
104,316,1
104,315,1
103,315,1
102,315,1
101,315,1
100,315,1
99,315,1
98,314,1
97,314,1
96,314,1
95,314,1
94,314,1
94,313,1
93,313,1
92,313,1
91,313,1
90,312,1
89,312,1
88,311,1
87,311,1
86,310,1
85,310,1
84,309,1
83,309,1
82,308,1
81,308,1
80,307,1
79,307,1
78,306,1
77,306,1
76,305,1
75,304,1
74,304,1
74,303,1
73,303,1
73,302,1
72,302,1
72,301,1
71,300,1
70,299,1
70,298,1
70,297,1
69,296,1
69,295,1
69,294,1
70,293,1
71,292,1
146,274,0
221,254,1
222,254,1
223,254,1
224,254,1
225,254,1
226,254,1
227,254,1
228,254,1
229,254,1
230,254,1
231,254,1
232,254,1
233,254,1
234,254,1
235,254,1
236,254,1
237,254,1
238,254,1
239,254,1
239,253,1
240,253,1
241,253,1
242,253,1
243,253,1
244,252,1
245,252,1
246,252,1
247,251,1
248,251,1
249,251,1
250,251,1
251,250,1
252,250,1
253,250,1
254,249,1
255,249,1
256,248,1
257,248,1
258,247,1
259,247,1
260,246,1
261,245,1
262,244,1
263,244,1
264,243,1
265,242,1
266,241,1
267,240,1
268,240,1
268,239,1
269,238,1
270,237,1
271,236,1
271,235,1
272,235,1
272,234,1
273,233,1
274,232,1
274,231,1
275,230,1
276,229,1
276,228,1
277,227,1
278,227,1
278,226,1
279,225,1
280,225,1
281,225,1
281,226,1
282,226,1
282,227,1
282,228,1
283,229,1
283,230,1
283,231,1
283,232,1
283,233,1
284,234,1
284,235,1
284,236,1
284,237,1
284,238,1
284,239,1
284,240,1
284,241,1
284,242,1
284,243,1
284,244,1
284,245,1
284,246,1
284,247,1
284,248,1
284,249,1
284,250,1
284,251,1
284,252,1
284,253,1
284,254,1
284,255,1
285,256,1
285,257,1
285,258,1
285,259,1
285,260,1
285,261,1
285,262,1
285,263,1
285,264,1
286,264,1
286,265,1
286,266,1
286,267,1
286,268,1
286,269,1
286,270,1
286,271,1
286,272,1
286,273,1
286,274,1
286,275,1
286,276,1
286,277,1
286,278,1
286,279,1
287,280,1
287,281,1
287,282,1
287,283,1
287,284,1
287,285,1
287,286,1
288,286,1
288,287,1
288,288,1
288,289,1
288,290,1
288,291,1
288,292,1
288,293,1
288,294,1
288,295,1
288,296,1
311,246,0
331,199,1
332,199,1
333,199,1
334,199,1
335,199,1
336,199,1
337,199,1
338,199,1
339,199,1
340,199,1
341,199,1
341,200,1
342,200,1
343,200,1
344,200,1
345,200,1
346,200,1
347,200,1
348,200,1
349,200,1
350,200,1
351,200,1
352,200,1
353,200,1
354,200,1
355,200,1
356,200,1
357,200,1
358,200,1
359,200,1
360,200,1
361,200,1
361,201,1
362,201,1
363,201,1
364,201,1
365,201,1
366,201,1
367,201,1
368,201,1
369,201,1
370,201,1
371,201,1
372,201,1
373,201,1
374,201,1
375,201,1
376,201,1
377,201,1
378,201,1
379,201,1
380,201,1
381,201,1
382,201,1
383,201,1
384,201,1
385,201,1
386,201,1
387,201,1
388,201,1
389,201,1
390,201,1
391,201,1
392,201,1
393,201,1
394,201,1
395,201,1
396,201,1
397,201,1
398,201,1
399,201,1
400,201,1
401,201,1
402,201,1
403,201,1
404,201,1
405,201,1
406,201,1
407,201,1
408,202,1
409,202,1
410,202,1
411,202,1
412,202,1
413,202,1
414,202,1
415,202,1
416,202,1
417,202,1
418,202,1
419,202,1
420,202,1
421,202,1
422,202,1
423,203,1
424,203,1
425,203,1
426,203,1
427,203,1
428,203,1
429,203,1
430,203,1
431,203,1
431,204,1
432,204,1
433,204,1
434,204,1
435,205,1
436,205,1
437,205,1
438,206,1
439,206,1
440,207,1
441,207,1
441,208,1
442,208,1
443,209,1
443,210,1
444,210,1
444,211,1
445,211,1
445,212,1
446,213,1
446,214,1
447,214,1
447,215,1
447,216,1
448,216,1
448,217,1
448,218,1
448,219,1
449,220,1
449,221,1
449,222,1
449,223,1
449,224,1
450,224,1
450,225,1
450,226,1
450,227,1
450,228,1
450,229,1
450,230,1
450,231,1
450,232,1
451,233,1
451,234,1
451,235,1
451,236,1
451,237,1
451,238,1
451,239,1
451,240,1
451,241,1
451,242,1
451,243,1
451,244,1
452,245,1
452,246,1
452,247,1
452,248,1
452,249,1
452,250,1
452,251,1
453,251,1
453,252,1
453,253,1
453,254,1
453,255,1
453,256,1
453,257,1
454,258,1
454,259,1
454,260,1
454,261,1
454,262,1
454,263,1
454,264,1
454,265,1
454,266,1
454,267,1
454,268,1
454,269,1
454,270,1
454,271,1
454,272,1
454,273,1
454,274,1
455,274,1
455,275,1
455,276,1
455,277,1
455,278,1
455,279,1
455,280,1
455,281,1
455,282,1
455,283,1
455,284,1
455,285,1
455,286,1
455,287,1
455,288,1
455,289,1
455,290,1
455,291,1
454,292,1
454,293,1
454,294,1
447,264,0
442,239,1
441,238,1
440,237,1
439,236,1
438,236,1
437,235,1
436,235,1
436,234,1
435,234,1
434,234,1
434,233,1
433,233,1
432,233,1
431,232,1
430,232,1
429,232,1
429,231,1
428,231,1
427,231,1
426,231,1
426,230,1
425,230,1
424,230,1
423,230,1
422,229,1
421,229,1
420,229,1
419,229,1
418,228,1
417,228,1
416,228,1
415,228,1
414,228,1
414,227,1
413,227,1
412,227,1
411,227,1
392,243,0
373,261,1
372,260,1
371,259,1
370,258,1
370,257,1
369,257,1
369,256,1
405,212,0
439,167,1
440,167,1
441,166,1
442,166,1
443,166,1
444,166,1
445,166,1
446,166,1
447,166,1
448,166,1
449,165,1
450,165,1
451,165,1
452,165,1
453,165,1
454,165,1
455,165,1
456,166,1
457,166,1
458,166,1
459,166,1
460,166,1
461,167,1
462,167,1
463,167,1
464,167,1
465,168,1
466,168,1
467,169,1
468,169,1
469,169,1
470,170,1
471,170,1
472,171,1
473,171,1
474,171,1
474,172,1
475,172,1
476,173,1
477,174,1
478,174,1
479,175,1
479,176,1
480,176,1
481,177,1
482,178,1
483,179,1
484,180,1
485,180,1
485,181,1
486,182,1
487,183,1
488,184,1
488,185,1
489,186,1
490,187,1
491,188,1
491,189,1
492,190,1
493,191,1
493,192,1
494,193,1
494,194,1
495,194,1
495,195,1
495,196,1
496,196,1
496,197,1
496,198,1
497,199,1
497,200,1
498,201,1
498,202,1
499,203,1
499,204,1
500,205,1
500,206,1
500,207,1
501,207,1
501,208,1
501,209,1
502,209,1
502,210,1
502,211,1
503,212,1
503,213,1
503,214,1
504,215,1
504,216,1
504,217,1
505,218,1
505,219,1
505,220,1
505,221,1
506,221,1
506,222,1
506,223,1
506,224,1
507,225,1
507,226,1
507,227,1
507,228,1
508,229,1
508,230,1
508,231,1
508,232,1
509,233,1
509,234,1
509,235,1
509,236,1
509,237,1
510,238,1
510,239,1
510,240,1
510,241,1
510,242,1
510,243,1
511,244,1
511,245,1
511,246,1
511,247,1
511,248,1
511,249,1
511,250,1
511,251,1
512,252,1
512,253,1
512,254,1
512,255,1
512,256,1
512,257,1
512,258,1
512,259,1
513,259,1
513,260,1
513,261,1
513,262,1
513,263,1
513,264,1
513,265,1
513,266,1
513,267,1
513,268,1
513,269,1
513,270,1
513,271,1
513,272,1
513,273,1
513,274,1
513,275,1
513,276,1
512,277,1
512,278,1
512,279,1
512,280,1
512,281,1
512,282,1
512,283,1
512,284,1
511,285,1
511,286,1
511,287,1
511,288,1
511,289,1
511,290,1
511,291,1
510,291,1
510,292,1
510,293,1
510,294,1
509,295,1
509,296,1
508,297,1
508,298,1
507,299,1
506,300,1
506,301,1
505,301,1
508,254,0
506,209,1
507,209,1
508,209,1
509,209,1
510,209,1
511,209,1
512,209,1
513,209,1
514,209,1
515,209,1
516,209,1
517,209,1
518,209,1
519,209,1
520,209,1
521,209,1
522,209,1
523,209,1
524,209,1
525,209,1
526,209,1
527,209,1
528,209,1
529,209,1
530,209,1
531,209,1
532,209,1
533,209,1
534,209,1
535,209,1
536,209,1
537,209,1
538,209,1
539,209,1
540,209,1
541,209,1
542,209,1
543,209,1
544,208,1
545,208,1
546,208,1
547,208,1
548,208,1
549,208,1
550,208,1
551,208,1
552,208,1
553,208,1
554,208,1
555,208,1
556,208,1
557,208,1
558,208,1
559,208,1
560,208,1
561,208,1
562,208,1
563,208,1
564,208,1
565,208,1
566,208,1
567,208,1
568,208,1
569,208,1
570,208,1
571,208,1
572,208,1
573,208,1
574,208,1
575,208,1
576,208,1
577,208,1
578,208,1
579,208,1
580,208,1
581,208,1
582,208,1
583,208,1
584,208,1
585,208,1
586,208,1
587,208,1
588,208,1
589,208,1
590,208,1
591,208,1
592,208,1
593,208,1
594,208,1
595,208,1
596,208,1
597,209,1
598,209,1
599,209,1
600,209,1
601,209,1
602,209,1
603,209,1
604,209,1
605,209,1
606,209,1
607,209,1
608,209,1
609,209,1
610,209,1
611,209,1
612,209,1
613,209,1
614,209,1
615,209,1
616,209,1
617,209,1
618,209,1
619,209,1
620,209,1
621,209,1
622,209,1
623,209,1
624,209,1
625,209,1
626,209,1
627,209,1
628,209,1
629,209,1
630,209,1
631,209,1
632,209,1
633,210,1
634,210,1
635,210,1
636,210,1
637,210,1
638,210,1
639,210,1
640,210,1
641,210,1
642,210,1
643,211,1
644,211,1
645,211,1
646,211,1
647,211,1
648,211,1
649,211,1
650,211,1
651,211,1
652,211,1
653,211,1
654,211,1
655,211,1
656,211,1
657,211,1
658,211,1
659,211,1
660,211,1
661,211,1
661,212,1
662,212,1
663,212,1
664,212,1
665,212,1
666,212,1
667,212,1
668,212,1
669,212,1
670,213,1
671,213,1
672,213,1
673,213,1
674,213,1
675,213,1
676,213,1
677,213,1
678,214,1
679,214,1
680,214,1
681,214,1
682,214,1
683,214,1
684,214,1
685,214,1
686,214,1
687,214,1
688,214,1
689,214,1
690,214,1
691,214,1
692,215,1
693,215,1
694,215,1
695,215,1
696,215,1
697,215,1
698,216,1
699,216,1
700,216,1
701,216,1
702,216,1
703,216,1
704,216,1
705,216,1
706,216,1
707,216,1
708,217,1
709,217,1
710,217,1
711,217,1
712,217,1
713,218,1
714,218,1
715,218,1
716,218,1
717,218,1
718,219,1
719,219,1
720,219,1
721,219,1
722,220,1
723,220,1
724,220,1
725,220,1
725,221,1
726,221,1
727,222,1
727,223,1
661,227,0
597,236,1
596,235,1
596,234,1
595,233,1
595,232,1
594,232,1
594,231,1
594,230,1
594,229,1
594,228,1
594,227,1
595,227,1
595,226,1
596,225,1
597,224,1
598,223,1
599,223,1
599,222,1
600,222,1
601,222,1
602,221,1
603,221,1
604,220,1
605,220,1
606,220,1
607,219,1
608,219,1
609,219,1
610,218,1
611,218,1
612,218,1
613,218,1
614,218,1
614,217,1
615,217,1
616,217,1
617,217,1
618,217,1
619,217,1
620,218,1
621,218,1
622,218,1
623,218,1
624,218,1
625,218,1
626,218,1
626,219,1
627,219,1
628,219,1
629,219,1
630,219,1
631,219,1
631,220,1
632,220,1
633,220,1
634,220,1
635,220,1
636,221,1
637,221,1
638,221,1
639,222,1
640,222,1
641,223,1
642,223,1
643,224,1
644,224,1
645,225,1
646,225,1
646,226,1
647,226,1
648,227,1
649,227,1
649,228,1
650,228,1
650,229,1
651,229,1
652,230,1
653,231,1
654,232,1
655,233,1
656,234,1
656,235,1
657,236,1
657,237,1
658,238,1
658,239,1
658,240,1
659,241,1
659,242,1
659,243,1
659,244,1
659,245,1
659,246,1
659,247,1
659,248,1
659,249,1
658,250,1
658,251,1
658,252,1
658,253,1
657,254,1
657,255,1
656,256,1
656,257,1
655,258,1
654,259,1
653,260,1
653,261,1
652,261,1
652,262,1
651,262,1
651,263,1
650,263,1
650,264,1
649,265,1
648,265,1
648,266,1
647,266,1
647,267,1
646,267,1
645,268,1
644,269,1
643,269,1
643,270,1
642,270,1
641,270,1
641,271,1
640,271,1
639,272,1
638,273,1
637,273,1
636,274,1
635,274,1
635,275,1
634,275,1
633,275,1
633,276,1
632,276,1
631,276,1
631,277,1
630,277,1
629,277,1
629,278,1
628,278,1
627,278,1
626,278,1
626,279,1
625,279,1
624,279,1
623,279,1
622,280,1
621,280,1
620,280,1
619,281,1
605,284,0
585,289,1
586,289,1
587,289,1
588,289,1
589,289,1
589,290,1
590,290,1
591,290,1
592,290,1
593,290,1
594,290,1
594,291,1
595,291,1
596,291,1
597,291,1
598,291,1
599,292,1
600,292,1
601,292,1
602,292,1
603,293,1
604,293,1
605,293,1
606,293,1
607,293,1
608,294,1
609,294,1
610,294,1
611,294,1
612,294,1
613,294,1
614,294,1
615,294,1
616,294,1
617,295,1
618,295,1
619,295,1
620,295,1
621,295,1
622,295,1
623,295,1
624,296,1
625,296,1
626,296,1
627,296,1
628,296,1
629,296,1
630,296,1
631,296,1
632,296,1
633,296,1
634,296,1
635,296,1
636,296,1
637,296,1
638,296,1
639,296,1
640,296,1
641,296,1
642,296,1
643,296,1
644,296,1
645,296,1
646,296,1
647,295,1
648,295,1
649,295,1
650,295,1
651,295,1
652,294,1
653,294,1
654,294,1
655,294,1
656,294,1
670,271,0
687,244,1
687,245,1
687,246,1
687,247,1
687,248,1
687,249,1
687,250,1
687,251,1
688,252,1
688,253,1
688,254,1
688,255,1
688,256,1
688,257,1
688,258,1
688,259,1
688,260,1
688,261,1
689,262,1
689,263,1
689,264,1
689,265,1
689,266,1
689,267,1
689,268,1
689,269,1
689,270,1
689,271,1
689,272,1
689,273,1
689,274,1
689,275,1
689,276,1
689,277,1
689,278,1
690,279,1
690,280,1
690,281,1
690,282,1
690,283,1
690,284,1
691,285,1
691,286,1
691,287,1
691,288,1
691,289,1
691,290,1
691,291,1
691,292,1
691,293,1
691,294,1
691,295,1
691,296,1
692,297,1
692,298,1
692,299,1
692,300,1
692,301,1
693,302,1
693,303,1
693,304,1
693,305,1
693,306,1
694,307,1
694,308,1
694,309,1
694,310,1
694,311,1
694,312,1
694,313,1
694,314,1
695,314,1
695,315,1
695,316,1
695,317,1
695,318,1
695,319,1
696,319,1
696,320,1
696,321,1
696,322,1
696,323,1
696,324,1
697,324,1
697,325,1
697,326,1
697,327,1
697,328,1
698,328,1
698,329,1
698,330,1
698,331,1
698,332,1
699,332,1
699,333,1
699,334,1
699,335,1
699,336,1
700,337,1
700,338,1
700,339,1
700,340,1
700,341,1
701,342,1
701,343,1
701,344,1
701,345,1
701,346,1
700,346,1
699,345,1
699,344,0
