354,672,1
355,672,1
356,671,1
357,671,1
358,670,1
359,669,1
360,669,1
361,668,1
362,668,1
363,667,1
364,667,1
365,666,1
366,666,1
367,666,1
367,665,1
368,665,1
369,665,1
370,665,1
371,665,1
372,664,1
373,664,1
374,664,1
375,665,1
376,665,1
377,665,1
378,665,1
379,665,1
380,665,1
380,666,1
381,666,1
382,666,1
383,667,1
384,668,1
385,668,1
386,668,1
386,669,1
387,669,1
388,669,1
389,669,1
390,669,1
390,670,1
391,670,1
392,670,1
393,671,1
394,671,1
395,672,1
396,672,1
396,673,1
397,673,1
398,674,1
399,674,1
399,675,1
400,675,1
401,676,1
402,677,1
403,678,1
404,679,1
404,680,1
405,680,1
406,681,1
406,682,1
407,682,1
407,683,1
408,684,1
408,685,1
409,685,1
409,686,1
410,687,1
410,688,1
410,689,1
411,689,1
411,690,1
412,691,1
412,692,1
412,693,1
413,694,1
413,695,1
414,696,1
414,697,1
414,698,1
414,699,1
415,700,1
415,701,1
415,702,1
415,703,1
416,704,1
416,705,1
416,706,1
416,707,1
417,708,1
417,709,1
417,710,1
417,711,1
417,712,1
417,713,1
417,714,1
417,715,1
418,716,1
418,717,1
418,718,1
418,719,1
418,720,1
418,721,1
418,722,1
418,723,1
418,724,1
418,725,1
418,726,1
418,727,1
418,728,1
418,729,1
418,730,1
418,731,1
418,732,1
418,733,1
418,734,1
418,735,1
418,736,1
418,737,1
418,738,1
418,739,1
418,740,1
419,741,1
419,742,1
419,743,1
419,744,1
419,745,1
419,746,1
420,747,1
420,748,1
420,749,1
421,750,1
421,751,1
422,752,1
422,753,1
422,754,1
423,754,1
423,755,1
424,755,1
424,756,1
425,757,1
426,757,1
426,758,1
427,758,1
427,759,1
428,759,1
429,760,1
430,760,1
431,761,1
432,761,1
433,761,1
434,762,1
435,762,1
436,762,1
437,762,1
437,763,1
438,763,1
439,763,1
440,763,1
441,763,1
442,763,1
443,763,1
444,763,1
445,764,1
446,764,1
447,764,1
448,764,1
449,764,1
450,764,1
451,764,1
452,764,1
453,764,1
454,764,1
455,764,1
456,764,1
457,764,1
458,764,1
459,764,1
460,764,1
461,764,1
462,764,1
463,765,1
464,765,1
465,765,1
466,765,1
467,765,1
468,765,1
469,766,1
470,766,1
471,766,1
472,766,1
473,767,1
474,767,1
475,767,1
475,768,1
476,768,1
477,768,1
478,769,1
479,769,1
480,770,1
481,770,1
482,771,1
483,772,1
484,772,1
484,773,1
485,773,1
486,774,1
487,775,1
488,776,1
488,777,1
489,777,1
489,778,1
490,779,1
491,780,1
491,781,1
492,782,1
492,783,1
493,784,1
493,785,1
493,786,1
494,787,1
494,788,1
494,789,1
494,790,1
495,791,1
495,792,1
495,793,1
495,794,1
495,795,1
495,796,1
495,797,1
495,798,1
495,799,1
495,800,1
495,801,1
495,802,1
494,803,1
494,804,1
494,805,1
494,806,1
494,807,1
493,808,1
493,809,1
493,810,1
492,810,1
492,811,1
492,812,1
491,813,1
491,814,1
491,815,1
490,816,1
490,817,1
489,818,1
489,819,1
488,820,1
487,821,1
487,822,1
486,823,1
486,824,1
485,825,1
485,826,1
484,826,1
483,827,1
483,828,1
482,829,1
481,830,1
481,831,1
480,831,1
479,832,1
479,833,1
478,834,1
477,834,1
476,835,1
476,836,1
475,837,1
474,837,1
473,838,1
473,839,1
472,839,1
471,840,1
470,841,1
469,841,1
469,842,1
468,843,1
467,843,1
466,844,1
465,845,1
464,845,1
464,846,1
463,847,1
462,847,1
461,848,1
461,849,1
460,849,1
459,850,1
458,851,1
457,851,1
456,852,1
455,852,1
454,853,1
453,854,1
452,854,1
451,855,1
450,855,1
449,856,1
448,856,1
447,857,1
446,857,1
445,857,1
444,858,1
443,858,1
442,858,1
441,858,1
440,858,1
439,859,1
438,859,1
437,859,1
436,859,1
435,859,1
434,859,1
433,859,1
499,780,0
534,717,1
535,717,1
536,716,1
537,716,1
537,715,1
538,715,1
538,714,1
539,713,1
540,713,1
541,712,1
542,711,1
543,711,1
543,710,1
544,709,1
545,708,1
546,708,1
547,707,1
548,706,1
549,706,1
550,705,1
550,704,1
551,703,1
552,703,1
553,702,1
554,701,1
554,700,1
555,700,1
556,699,1
557,698,1
558,697,1
559,697,1
560,696,1
561,695,1
562,695,1
563,694,1
564,694,1
565,693,1
566,693,1
567,692,1
568,692,1
568,691,1
569,691,1
570,690,1
571,690,1
572,689,1
573,689,1
574,688,1
575,688,1
575,687,1
576,687,1
577,687,1
578,686,1
579,686,1
580,686,1
580,685,1
581,685,1
582,685,1
583,685,1
584,685,1
585,684,1
586,684,1
587,684,1
588,684,1
589,684,1
590,684,1
591,684,1
592,684,1
593,684,1
594,684,1
595,684,1
596,684,1
597,684,1
598,684,1
599,684,1
600,685,1
601,685,1
602,686,1
603,686,1
604,687,1
605,687,1
606,688,1
607,689,1
608,689,1
608,690,1
609,690,1
609,691,1
610,691,1
611,692,1
612,693,1
613,694,1
613,695,1
614,695,1
614,696,1
615,697,1
616,698,1
616,699,1
617,699,1
617,700,1
618,701,1
618,702,1
619,702,1
619,703,1
620,704,1
620,705,1
621,706,1
621,707,1
622,708,1
622,709,1
623,710,1
623,711,1
624,711,1
624,712,1
625,713,1
625,714,1
625,715,1
626,716,1
626,717,1
627,717,1
627,718,1
627,719,1
628,720,1
628,721,1
628,722,1
629,723,1
629,724,1
630,725,1
630,726,1
631,727,1
631,728,1
632,729,1
632,730,1
632,731,1
633,732,1
633,733,1
634,734,1
634,735,1
634,736,1
635,737,1
635,738,1
636,739,1
636,740,1
636,741,1
637,742,1
637,743,1
638,744,1
638,745,1
639,746,1
639,747,1
639,748,1
640,749,1
640,750,1
641,751,1
641,752,1
641,753,1
642,754,1
642,755,1
642,756,1
643,757,1
643,758,1
644,759,1
644,760,1
644,761,1
645,762,1
645,763,1
646,764,1
646,765,1
646,766,1
647,767,1
647,768,1
647,769,1
648,770,1
648,771,1
648,772,1
649,773,1
650,774,0
574,536,0
734,561,1
734,562,1
735,563,1
735,564,1
735,565,1
735,566,1
736,567,1
736,568,1
736,569,1
736,570,1
737,571,1
737,572,1
737,573,1
738,574,1
738,575,1
738,576,1
739,577,1
739,578,1
739,579,1
740,580,1
740,581,1
740,582,1
741,583,1
741,584,1
741,585,1
742,586,1
742,587,1
742,588,1
743,589,1
743,590,1
743,591,1
743,592,1
744,593,1
744,594,1
745,595,1
745,596,1
745,597,1
746,598,1
746,599,1
746,600,1
747,601,1
747,602,1
747,603,1
748,604,1
748,605,1
748,606,1
749,607,1
749,608,1
749,609,1
750,610,1
750,611,1
750,612,1
751,613,1
751,614,1
751,615,1
751,616,1
752,617,1
752,618,1
753,619,1
753,620,1
753,621,1
754,622,1
754,623,1
754,624,1
755,625,1
755,626,1
755,627,1
756,628,1
756,629,1
756,630,1
757,631,1
757,632,1
757,633,1
758,634,1
759,635,1
759,636,1
759,637,1
760,638,1
760,639,1
760,640,1
761,641,1
761,642,1
761,643,1
762,644,1
762,645,1
763,646,1
763,647,1
763,648,1
764,649,1
764,650,1
764,651,1
765,652,1
765,653,1
765,654,1
766,655,1
766,656,1
767,656,1
767,657,1
768,658,1
768,659,1
769,660,1
769,661,1
770,661,1
770,662,1
771,662,1
772,663,1
773,664,1
774,664,1
775,664,1
776,664,1
784,592,0
807,514,1
807,515,1
807,516,1
806,517,1
806,518,1
806,519,1
806,520,1
805,521,1
805,522,1
805,523,1
804,524,1
804,525,1
804,526,1
804,527,1
804,528,1
804,529,1
804,530,1
804,531,1
804,532,1
804,533,1
804,534,1
804,535,1
804,536,1
805,536,1
805,537,1
806,537,1
806,538,1
807,538,1
807,539,1
808,539,1
809,540,1
810,540,1
811,541,1
812,541,1
812,542,1
813,542,1
813,543,1
814,543,1
814,544,1
815,544,1
816,545,1
817,545,1
817,546,1
818,546,1
819,546,1
819,547,1
820,547,1
821,547,1
822,548,1
823,548,1
824,548,1
825,549,1
826,549,1
827,549,1
828,549,1
829,549,1
830,549,1
831,549,1
832,550,1
833,550,1
834,550,1
835,550,1
836,550,1
837,550,1
838,550,1
839,550,1
840,549,1
841,549,1
842,549,1
843,549,1
844,549,1
845,549,1
846,549,1
847,549,1
848,549,1
849,549,1
850,549,1
851,549,1
852,548,1
853,548,1
854,548,1
855,548,1
856,548,1
857,548,1
858,548,1
859,548,1
860,548,1
861,548,1
861,547,1
862,547,1
863,547,1
864,547,1
865,547,1
866,547,1
867,547,1
868,546,1
869,546,1
870,546,1
871,546,1
872,546,1
873,545,1
874,545,1
875,545,1
876,545,1
877,545,1
878,544,1
879,544,1
880,544,1
881,543,1
882,543,1
883,543,1
884,543,1
885,542,1
886,542,1
887,542,1
888,541,1
889,541,1
890,541,1
891,541,1
891,540,1
892,540,1
893,540,1
894,539,1
895,539,1
896,539,1
897,538,1
898,538,1
899,537,1
900,537,1
901,537,1
902,537,1
903,536,1
904,536,1
905,536,1
905,535,1
906,535,1
907,535,1
908,534,1
909,534,1
910,534,1
911,534,1
911,533,1
912,533,1
913,533,1
914,533,1
915,532,1
916,532,1
917,532,1
918,532,1
919,531,1
920,531,1
921,531,1
922,531,1
923,530,1
924,530,1
925,530,1
926,530,1
927,530,1
928,530,1
929,530,1
930,530,1
931,530,1
932,530,1
933,530,1
934,530,1
935,530,1
936,530,1
937,530,1
938,530,1
939,531,1
940,531,1
941,531,1
942,531,1
943,532,1
944,532,1
945,533,1
946,533,1
947,533,1
947,534,1
948,534,1
949,535,1
950,535,1
951,536,1
952,537,1
953,537,1
953,538,1
954,539,1
955,540,1
956,540,1
956,541,1
957,541,1
957,542,1
958,543,1
959,544,1
959,545,1
960,545,1
960,546,1
961,547,1
961,548,1
962,548,1
962,549,1
962,550,1
963,551,1
963,552,1
964,553,1
964,554,1
964,555,1
965,555,1
965,556,1
965,557,1
965,558,1
966,559,1
966,560,1
966,561,1
966,562,1
966,563,1
966,564,1
966,565,1
966,566,1
966,567,1
966,568,1
966,569,1
966,570,1
966,571,1
966,572,1
966,573,1
966,574,1
966,575,1
965,575,1
965,576,1
965,577,1
965,578,1
965,579,1
964,580,1
964,581,1
963,582,1
963,583,1
963,584,1
962,584,1
962,585,1
962,586,1
961,587,1
960,588,1
960,589,1
959,590,1
958,591,1
958,592,1
957,593,1
957,594,1
957,595,1
956,596,1
955,597,1
955,598,1
954,599,1
953,600,1
953,601,1
952,602,1
951,602,1
951,603,1
950,603,1
949,604,1
948,605,1
947,606,1
946,606,1
945,607,1
944,607,1
943,608,1
942,608,1
941,608,1
940,609,1
939,609,1
938,609,1
937,610,1
936,610,1
935,610,1
934,610,1
933,611,1
932,611,1
806,498,0
662,409,1
662,408,1
662,407,1
662,406,1
662,405,1
662,404,1
662,403,1
662,402,1
662,401,1
662,400,1
662,399,1
662,398,1
662,397,1
663,396,1
663,395,1
663,394,1
663,393,1
663,392,1
664,391,1
664,390,1
665,389,1
665,388,1
665,387,1
666,386,1
666,385,1
666,384,1
667,383,1
668,382,1
668,381,1
669,380,1
670,379,1
670,378,1
671,377,1
672,376,1
672,375,1
673,374,1
673,373,1
674,373,1
674,372,1
675,371,1
675,370,1
676,369,1
677,368,1
677,367,1
678,366,1
679,365,1
679,364,1
680,363,1
681,363,1
681,362,1
682,361,1
683,360,1
684,359,1
685,358,1
686,357,1
687,356,1
688,355,1
689,355,1
689,354,1
690,354,1
691,353,1
692,352,1
693,351,1
694,351,1
695,350,1
696,349,1
697,349,1
698,348,1
699,348,1
699,347,1
700,347,1
701,346,1
702,346,1
703,345,1
704,345,1
705,345,1
705,344,1
706,344,1
707,343,1
708,343,1
709,343,1
710,342,1
711,342,1
712,342,1
713,341,1
714,341,1
715,341,1
716,340,1
717,340,1
718,340,1
719,340,1
720,340,1
721,339,1
722,339,1
723,339,1
724,339,1
725,339,1
726,339,1
727,338,1
728,338,1
729,338,1
730,338,1
731,338,1
732,338,1
733,338,1
734,339,1
735,339,1
736,339,1
737,339,1
738,339,1
739,339,1
740,339,1
741,339,1
742,339,1
743,340,1
744,340,1
745,340,1
746,340,1
746,341,1
747,341,1
748,341,1
749,341,1
750,342,1
751,342,1
752,342,1
753,343,1
754,343,1
755,343,1
756,344,1
757,344,1
758,344,1
758,345,1
759,345,1
760,346,1
761,346,1
762,347,1
763,347,1
764,348,1
765,348,1
766,349,1
767,350,1
768,350,1
769,351,1
770,352,1
771,352,1
772,353,1
773,354,1
774,354,1
775,355,1
776,356,1
777,356,1
777,357,1
778,358,1
779,358,1
780,359,1
781,360,1
782,361,1
783,362,1
784,362,1
785,363,1
785,364,1
786,365,1
787,365,1
788,366,1
788,367,1
789,368,1
790,368,1
791,369,1
791,370,1
792,371,1
793,372,1
794,372,1
794,373,1
795,374,1
796,375,1
797,376,1
798,377,1
799,378,1
799,379,1
800,380,1
801,381,1
802,382,1
803,383,1
803,384,1
804,385,1
805,386,1
805,387,1
806,387,1
807,388,1
807,389,1
808,390,1
809,391,1
809,392,1
810,393,1
811,394,1
812,395,1
812,396,1
813,397,1
814,398,1
814,399,1
815,400,1
815,401,1
816,402,1
817,403,1
817,404,1
818,404,1
818,405,1
819,406,1
820,407,1
820,408,1
821,409,1
822,410,1
822,411,1
823,412,1
823,413,1
824,414,1
825,415,1
826,416,1
826,417,1
827,418,1
827,419,1
828,420,1
828,421,1
829,422,1
829,423,1
830,424,1
830,425,1
830,426,1
831,427,1
831,428,1
831,429,1
832,430,1
832,431,1
833,432,1
833,433,1
833,434,1
834,434,1
834,435,1
835,435,1
775,450,0
705,486,1
706,486,1
707,485,1
708,485,1
709,485,1
710,484,1
711,484,1
712,484,1
713,483,1
714,483,1
715,483,1
716,482,1
717,482,1
718,482,1
719,481,1
720,481,1
721,481,1
722,480,1
723,480,1
723,479,1
724,479,1
725,479,1
726,479,1
727,478,1
728,478,1
729,478,1
730,477,1
731,477,1
732,476,1
733,476,1
734,476,1
735,475,1
736,475,1
737,475,1
738,474,1
739,474,1
740,473,1
741,473,1
742,473,1
742,472,1
743,472,1
744,472,1
745,471,1
746,471,1
747,471,1
748,470,1
749,470,1
750,470,1
751,469,1
752,469,1
753,468,1
754,468,1
755,468,1
756,467,1
757,467,1
758,467,1
759,466,1
760,466,1
761,465,1
762,465,1
763,465,1
764,464,1
765,464,1
766,463,1
767,463,1
768,463,1
769,462,1
770,462,1
771,461,1
772,461,1
773,461,1
774,460,1
775,460,1
776,460,1
777,459,1
778,459,1
779,458,1
780,458,1
781,458,1
782,457,1
783,457,1
784,457,1
785,456,1
786,456,1
787,455,1
788,455,1
789,455,1
790,454,1
791,454,1
791,453,1
792,453,1
793,453,1
794,452,1
795,452,1
796,452,1
797,451,1
798,451,1
799,451,1
800,450,1
801,450,1
802,449,1
803,449,1
804,449,1
805,448,1
806,448,1
807,448,1
808,447,1
809,447,1
810,446,1
811,446,1
812,446,1
812,445,1
813,445,1
814,445,1
815,444,1
816,444,1
817,443,1
818,443,1
819,443,1
820,442,1
821,442,1
822,442,1
823,441,1
824,441,1
825,440,1
826,440,1
827,440,1
828,439,1
829,439,1
830,439,1
830,438,1
831,438,1
832,438,1
833,437,1
834,437,1
835,437,1
836,436,1
837,436,1
838,435,1
839,435,1
840,435,1
841,434,1
842,434,1
843,433,1
844,433,1
845,433,1
846,432,1
847,432,1
848,431,1
849,431,1
850,430,1
851,430,1
852,430,1
853,429,1
854,429,1
855,429,1
856,428,1
857,428,1
858,428,1
859,427,1
860,427,1
861,426,1
862,426,1
863,426,1
864,425,1
865,425,1
866,425,1
867,424,1
868,424,1
869,423,1
870,423,1
871,423,1
872,422,1
873,422,1
874,421,1
875,421,1
876,420,1
877,420,1
878,420,1
879,419,1
880,419,1
881,419,1
882,418,1
883,418,1
884,417,1
885,417,1
886,417,1
887,416,1
888,416,1
889,416,1
890,415,1
891,415,1
892,415,1
893,414,1
894,414,1
895,413,1
896,413,1
897,413,1
898,412,1
899,412,1
900,411,1
901,411,1
902,411,1
903,410,1
904,410,1
905,410,1
906,409,1
907,409,1
908,408,1
909,408,1
910,408,1
911,407,1
912,407,1
913,407,1
914,406,1
915,406,1
916,405,1
917,405,1
918,405,1
919,404,1
920,404,1
921,404,1
922,403,1
923,403,1
924,403,1
925,402,1
926,402,1
927,401,1
928,401,1
929,401,1
930,400,1
931,400,1
932,400,1
933,399,1
934,399,1
935,398,1
936,398,1
937,398,1
938,397,1
939,397,1
940,397,1
941,396,1
942,396,1
943,396,1
944,395,1
945,395,1
946,395,1
947,394,1
948,394,1
949,393,1
950,393,1
951,393,1
952,392,1
953,392,1
954,392,1
955,391,1
956,391,1
957,391,1
958,390,1
959,390,1
960,390,1
961,389,1
962,389,1
963,389,1
964,388,1
965,388,1
966,388,1
967,387,1
968,387,1
969,387,1
970,386,1
971,386,1
972,386,1
973,385,1
974,385,1
975,385,1
976,384,1
977,384,1
978,384,1
979,383,1
980,383,1
981,383,1
982,382,1
983,382,1
984,382,1
985,382,1
986,381,1
987,381,1
988,381,1
989,380,1
990,380,1
991,380,1
992,379,1
993,379,1
994,378,1
995,378,1
996,378,1
997,377,1
998,377,1
999,377,1
1000,377,1
1001,376,1
1002,376,1
1003,376,1
1004,375,1
1005,375,1
1006,375,1
1007,375,1
1008,374,1
1009,374,1
1010,374,1
1011,373,1
1012,373,1
1013,373,1
1014,373,1
1015,372,1
1016,372,1
1017,372,1
1018,371,1
1019,371,1
1020,371,1
1021,371,1
1022,370,1
1023,370,1
1024,370,1
1024,369,1
1025,369,1
1026,369,1
1027,369,1
1028,368,1
1029,368,1
1030,368,1
1031,367,1
1032,367,1
1033,367,1
1034,367,1
1035,366,1
1036,366,1
1037,366,1
1038,365,1
1039,365,1
1040,365,1
1041,365,1
1042,364,1
1043,364,1
1044,364,1
1045,364,1
1046,363,1
1047,363,1
1048,363,1
1049,363,1
1050,362,1
1051,362,1
1052,362,1
1053,362,1
1054,361,1
1055,361,1
1056,361,1
1057,361,1
1057,360,1
1058,360,1
1059,360,1
1060,360,1
1061,359,1
1062,359,1
1063,359,1
1064,358,1
1065,358,1
1066,358,1
1067,358,1
1068,358,1
1069,357,1
1070,357,1
1071,357,1
1072,357,1
1073,356,1
1074,356,1
1075,356,1
1076,356,1
1077,355,1
1078,355,1
1079,355,1
1080,355,1
1081,355,1
1082,354,1
1083,354,1
1084,354,1
1085,354,1
1086,354,1
1087,354,1
1088,353,1
1089,353,1
1090,353,1
1091,353,1
1092,353,1
1093,353,1
1094,352,1
1095,352,1
1096,352,1
1097,352,1
1098,352,1
1099,352,1
1100,351,1
1101,351,1
1102,351,1
1103,351,1
1104,351,1
1105,351,1
1106,351,1
1107,351,1
1108,351,1
1109,351,1
1110,351,1
1111,350,1
1112,350,1
1113,350,1
1114,350,1
1115,350,1
1116,350,1
1117,350,1
1118,350,1
1119,350,1
1120,350,1
1121,350,1
1122,350,1
1123,351,1
1124,351,1
1125,351,1
1126,351,1
1127,351,1
1128,351,1
1129,351,1
1130,351,1
1131,351,1
1132,352,1
1133,352,1
1134,352,1
1135,352,1
1136,352,1
1137,352,1
1138,353,1
1139,353,1
1140,353,1
1141,354,1
1142,354,1
1143,354,1
1144,354,1
1145,355,1
1146,355,1
1147,355,1
1148,356,1
1149,356,1
1150,356,1
1150,357,1
1151,357,1
1152,358,1
1153,358,1
1154,359,1
1155,359,1
1156,359,1
1157,360,1
1158,360,1
1158,361,1
1159,361,1
1160,362,1
1161,362,1
1162,363,1
1163,363,1
1163,364,1
1164,365,1
1165,365,1
1166,366,1
1167,366,1
1168,367,1
1168,368,1
1169,368,1
1170,369,1
1171,370,1
1172,371,1
1173,372,1
1174,372,1
1174,373,1
1175,374,1
1176,375,1
1177,375,1
1177,376,1
1178,377,1
1179,378,1
1180,378,1
1180,379,1
1181,380,1
1182,381,1
1182,382,1
1183,383,1
1184,383,1
1184,384,1
1185,385,1
1186,386,1
1186,387,1
1187,388,1
1188,388,1
1188,389,1
1189,390,1
1189,391,1
1190,392,1
1191,393,1
1191,394,1
1192,395,1
1192,396,1
1193,396,1
1193,397,1
1194,398,1
1194,399,1
1195,400,1
1195,401,1
1196,402,1
1197,403,1
1197,404,1
1197,405,1
1198,406,1
1199,407,1
1199,408,1
1200,409,1
1200,410,1
1200,411,1
1201,412,1
1201,413,1
1202,414,1
1202,415,1
1202,416,1
1203,417,1
1203,418,1
1203,419,1
1204,420,1
1204,421,1
1204,422,1
1205,423,1
1205,424,1
1205,425,1
1205,426,1
1205,427,1
1205,428,1
1206,429,1
1206,430,1
1206,431,1
1206,432,1
1206,433,1
1206,434,1
1206,435,1
1206,436,1
1206,437,1
1206,438,1
1206,439,1
1205,440,1
1205,441,1
1205,442,1
1205,443,1
1204,444,1
1204,445,1
1203,446,1
1203,447,1
1202,448,1
1202,449,1
1201,449,1
1201,450,1
1200,451,1
1200,452,1
1199,452,1
1199,453,1
1198,453,1
1197,453,1
1197,454,1
1196,454,1
1196,455,1
1195,455,1
1195,456,1
1194,456,1
1193,456,1
1193,457,1
1192,457,1
1191,457,1
1190,458,1
1189,458,1
1188,458,1
1187,459,1
1186,459,1
1185,459,1
1184,460,1
1183,460,1
1182,460,1
1181,460,1
1180,460,1
1179,461,1
1178,461,1
1177,461,1
1176,461,1
1175,461,1
1174,461,1
1173,461,1
1172,462,1
1171,462,1
1170,462,1
1169,462,1
1168,462,1
1167,462,1
1166,462,1
1165,462,1
1164,462,1
1163,462,1
1162,463,1
1161,463,1
1160,463,1
1159,463,1
1158,463,1
1157,463,1
1156,463,1
1155,464,1
1154,464,1
1153,464,1
1152,464,1
1151,464,1
1150,464,1
1149,464,1
1148,465,1
1147,465,1
1146,465,1
1145,465,1
1144,465,1
1143,466,1
1142,466,1
1141,466,1
1140,467,1
1139,467,1
1138,467,1
1137,467,1
1136,468,1
1135,468,1
1134,468,1
1133,469,1
1132,469,1
1131,469,1
1130,470,1
1129,470,1
1128,471,1
1127,471,1
1126,472,1
1125,472,1
1124,472,1
1123,473,1
1122,473,1
1122,474,1
1121,474,1
1120,475,1
1119,475,1
1118,476,1
1117,476,1
1116,477,1
1115,478,1
1114,478,1
1113,479,1
1112,479,1
1111,480,1
1111,481,1
1110,481,1
1109,482,1
1108,482,1
1107,483,1
1107,484,1
1106,484,1
1105,485,1
1104,485,1
1103,486,1
1103,487,1
1102,487,1
1101,488,1
1100,489,1
1099,490,1
1098,491,1
1098,492,1
1097,492,1
1096,493,1
1095,494,1
1095,495,1
1094,495,1
1093,496,1
1093,497,1
1092,498,1
1091,498,1
1091,499,1
1090,500,1
1090,501,1
1089,502,1
1088,503,1
1087,504,1
1087,505,1
1086,506,1
1086,507,1
1085,508,1
1084,509,1
1084,510,1
1083,511,1
1083,512,1
1083,513,1
1082,514,1
1082,515,1
1081,515,1
1081,516,1
1081,517,1
1080,518,1
1080,519,1
1080,520,1
1079,521,1
1079,522,1
1079,523,1
1078,524,1
1078,525,1
1078,526,1
1077,527,1
1077,528,1
1077,529,1
1077,530,1
1076,531,1
1076,532,1
1076,533,1
1076,534,1
1076,535,1
1076,536,1
1076,537,1
1075,538,1
1075,539,1
1075,540,1
1075,541,1
1075,542,1
1075,543,1
1075,544,1
1075,545,1
1076,546,1
1076,547,1
1076,548,1
1076,549,1
1076,550,1
1076,551,1
1077,552,1
1077,553,1
1077,554,1
1078,555,1
1078,556,1
1078,557,1
1079,557,1
1079,558,1
1079,559,1
1080,560,1
1081,561,1
1081,562,1
1082,563,1
1082,564,1
1082,565,1
1082,566,1
1083,567,1
1083,568,1
1084,569,1
1084,570,1
1085,571,1
1086,572,1
1086,573,1
1087,574,1
1088,575,1
1089,575,1
1090,576,1
1091,576,1
1091,577,1
1092,577,1
1093,577,1
1094,577,1
1095,578,1
1096,578,1
1097,578,1
1098,578,1
1099,578,1
1100,578,1
1101,578,1
1102,577,1
1103,577,1
1104,577,1
1105,576,1
1106,576,1
1106,576,0
