448,547,1
449,546,1
450,546,1
451,545,1
452,544,1
453,543,1
454,543,1
455,542,1
456,542,1
457,541,1
458,541,1
459,540,1
460,539,1
461,539,1
462,539,1
463,538,1
464,538,1
465,537,1
466,537,1
467,536,1
468,536,1
469,536,1
470,535,1
471,535,1
472,535,1
473,534,1
474,534,1
475,533,1
476,533,1
477,533,1
478,532,1
479,532,1
480,532,1
481,531,1
482,531,1
483,531,1
484,531,1
485,530,1
486,530,1
487,530,1
488,530,1
489,529,1
490,529,1
491,529,1
492,529,1
493,528,1
494,528,1
495,528,1
496,528,1
497,528,1
498,528,1
499,528,1
500,528,1
501,528,1
502,527,1
503,527,1
504,527,1
505,527,1
506,527,1
507,527,1
508,528,1
509,528,1
510,528,1
511,528,1
512,528,1
513,528,1
514,528,1
515,529,1
516,529,1
517,529,1
518,530,1
519,530,1
520,530,1
520,531,1
521,531,1
522,531,1
523,532,1
524,533,1
525,533,1
525,534,1
526,534,1
526,535,1
527,535,1
528,536,1
529,537,1
529,538,1
530,538,1
530,539,1
531,540,1
531,541,1
532,542,1
533,543,1
533,544,1
533,545,1
534,546,1
534,547,1
534,548,1
535,549,1
535,550,1
535,551,1
535,552,1
535,553,1
536,554,1
536,555,1
536,556,1
536,557,1
536,558,1
536,559,1
536,560,1
536,561,1
536,562,1
536,563,1
536,564,1
536,565,1
536,566,1
536,567,1
535,568,1
535,569,1
535,570,1
535,571,1
535,572,1
535,573,1
535,574,1
534,575,1
534,576,1
534,577,1
533,578,1
533,579,1
533,580,1
533,581,1
532,582,1
532,583,1
532,584,1
531,585,1
531,586,1
531,587,1
531,588,1
530,589,1
530,590,1
529,590,1
529,591,1
529,592,1
528,593,1
528,594,1
528,595,1
527,596,1
527,597,1
526,598,1
526,599,1
526,600,1
525,601,1
524,602,1
524,603,1
524,604,1
523,605,1
523,606,1
522,607,1
522,608,1
521,609,1
521,610,1
520,610,1
520,611,1
519,612,1
519,613,1
519,614,1
518,615,1
518,616,1
517,617,1
517,618,1
516,619,1
515,620,1
515,621,1
515,622,1
514,623,1
514,624,1
514,625,1
513,626,1
513,627,1
513,628,1
512,629,1
512,630,1
512,631,1
512,632,1
512,633,1
512,634,1
512,635,1
512,636,1
513,636,1
513,637,1
513,638,1
514,638,1
514,639,1
515,639,1
515,640,1
516,640,1
517,640,1
517,641,1
518,641,1
519,641,1
520,641,1
521,641,1
521,642,1
522,642,1
523,642,1
524,642,1
525,642,1
526,642,1
527,642,1
528,642,1
529,642,1
530,642,1
531,642,1
532,642,1
533,642,1
534,642,1
535,641,1
536,641,1
537,641,1
538,641,1
539,641,1
540,641,1
541,641,1
542,641,1
543,641,1
544,641,1
545,641,1
546,641,1
547,641,1
548,641,1
549,641,1
550,642,1
551,642,1
552,642,1
553,642,1
554,642,1
555,642,1
556,642,1
557,643,1
558,643,1
559,643,1
560,644,1
561,644,1
562,644,1
563,645,1
564,645,1
565,646,1
566,646,1
567,647,1
568,647,1
568,648,1
569,648,1
570,649,1
571,649,1
571,650,1
572,650,1
573,651,1
574,652,1
575,653,1
576,654,1
576,655,1
577,655,1
577,656,1
578,657,1
578,658,1
579,658,1
579,659,1
580,660,1
580,661,1
581,662,1
581,663,1
581,664,1
582,665,1
582,666,1
582,667,1
582,668,1
582,669,1
582,670,1
583,671,1
583,672,1
583,673,1
583,674,1
583,675,1
582,676,1
582,677,1
582,678,1
582,679,1
582,680,1
582,681,1
582,682,1
581,683,1
581,684,1
581,685,1
580,686,1
580,687,1
580,688,1
579,689,1
579,690,1
578,691,1
578,692,1
577,693,1
577,694,1
576,695,1
576,696,1
575,696,1
575,697,1
574,698,1
573,699,1
573,700,1
572,700,1
572,701,1
571,702,1
570,703,1
569,704,1
569,705,1
568,706,1
567,706,1
567,707,1
566,708,1
565,708,1
565,709,1
564,710,1
563,710,1
562,711,1
562,712,1
561,712,1
560,713,1
559,714,1
558,715,1
557,715,1
556,716,1
555,717,1
554,718,1
553,718,1
552,719,1
551,720,1
550,721,1
549,721,1
548,722,1
547,722,1
546,723,1
545,723,1
544,724,1
544,725,1
543,725,1
542,726,1
541,726,1
540,727,1
539,727,1
538,728,1
537,728,1
536,729,1
535,729,1
535,730,1
534,730,1
533,731,1
532,731,1
531,732,1
530,732,1
529,732,1
528,733,1
527,733,1
526,734,1
525,734,1
524,735,1
523,735,1
523,736,1
522,736,1
521,737,1
520,737,1
519,738,1
518,738,1
517,738,1
516,739,1
515,739,1
514,740,1
513,740,1
512,740,1
511,741,1
510,741,1
509,741,1
508,742,1
507,742,1
506,742,1
505,743,1
504,743,1
503,743,1
502,744,1
501,744,1
500,744,1
499,745,1
498,745,1
497,745,1
496,745,1
495,746,1
494,746,1
493,746,1
492,747,1
491,747,1
490,747,1
489,747,1
488,748,1
487,748,1
486,748,1
485,748,1
484,748,1
483,748,1
482,748,1
481,749,1
480,749,1
479,749,1
478,749,1
477,749,1
476,748,1
475,748,1
474,748,1
473,748,1
472,748,1
471,747,1
525,674,0
555,605,1
556,605,1
557,604,1
558,604,1
559,603,1
560,603,1
560,602,1
561,602,1
562,601,1
563,601,1
564,600,1
565,600,1
566,599,1
567,598,1
568,598,1
569,597,1
570,597,1
571,596,1
572,595,1
573,595,1
573,594,1
574,594,1
575,593,1
576,592,1
577,592,1
577,591,1
578,591,1
579,590,1
580,589,1
581,589,1
582,588,1
582,587,1
583,587,1
584,586,1
585,585,1
586,585,1
586,584,1
587,583,1
588,583,1
589,582,1
590,581,1
591,580,1
592,579,1
593,579,1
593,578,1
594,577,1
595,576,1
596,576,1
596,575,1
597,574,1
598,573,1
599,572,1
600,571,1
601,570,1
601,569,1
602,568,1
603,568,1
603,567,1
604,566,1
604,565,1
605,564,1
606,564,1
606,563,1
607,562,1
607,561,1
608,560,1
609,559,1
609,558,1
610,557,1
611,556,1
611,555,1
612,554,1
612,553,1
613,552,1
614,552,1
614,551,1
615,550,1
616,549,1
616,548,1
617,547,1
618,546,1
619,546,1
619,545,1
620,544,1
621,544,1
622,543,1
623,543,1
624,543,1
625,544,1
626,544,1
626,545,1
627,545,1
627,546,1
628,546,1
628,547,1
629,547,1
629,548,1
629,549,1
630,549,1
630,550,1
630,551,1
631,551,1
631,552,1
631,553,1
632,554,1
632,555,1
633,556,1
633,557,1
633,558,1
634,559,1
634,560,1
634,561,1
635,562,1
636,563,1
636,564,1
636,565,1
637,566,1
637,567,1
638,568,1
638,569,1
638,570,1
639,571,1
639,572,1
640,573,1
640,574,1
641,575,1
641,576,1
642,577,1
642,578,1
642,579,1
643,580,1
643,581,1
644,581,1
644,582,1
645,583,1
645,584,1
645,585,1
646,586,1
646,587,1
647,588,1
647,589,1
648,590,1
648,591,1
649,591,1
649,592,1
649,593,1
650,594,1
650,595,1
651,596,1
651,597,1
652,598,1
652,599,1
653,600,1
654,601,1
654,602,1
654,603,1
655,604,1
655,605,1
656,606,1
656,607,1
657,608,1
657,609,1
658,610,1
659,611,1
659,612,1
659,613,1
660,614,1
660,615,1
661,616,1
661,617,1
662,617,1
662,618,1
663,619,1
663,620,1
664,621,1
664,622,1
664,623,1
665,624,1
665,625,1
666,625,1
666,626,1
667,627,1
667,628,1
668,629,1
668,630,1
668,631,1
669,632,1
669,633,1
670,633,1
670,634,1
671,635,1
671,636,1
672,637,1
672,638,1
672,639,1
673,640,1
674,641,1
674,642,1
674,643,1
675,644,1
675,645,1
676,646,1
676,647,1
676,648,1
677,649,1
678,650,0
545,431,0
709,474,1
709,475,1
709,476,1
709,477,1
710,478,1
710,479,1
711,480,1
711,481,1
712,482,1
712,483,1
713,484,1
713,485,1
713,486,1
714,487,1
714,488,1
715,489,1
715,490,1
715,491,1
716,492,1
716,493,1
716,494,1
717,495,1
717,496,1
718,497,1
718,498,1
719,499,1
719,500,1
720,501,1
720,502,1
720,503,1
721,504,1
721,505,1
722,506,1
722,507,1
723,508,1
723,509,1
724,510,1
724,511,1
724,512,1
725,513,1
725,514,1
726,514,1
726,515,1
726,516,1
727,517,1
727,518,1
728,519,1
728,520,1
728,521,1
729,522,1
730,523,1
730,524,1
731,525,1
731,526,1
731,527,1
732,528,1
732,529,1
733,530,1
733,531,1
734,532,1
734,533,1
735,533,1
735,534,1
736,535,1
736,536,1
737,537,1
737,538,1
738,539,1
738,540,1
739,541,1
739,542,1
740,543,1
740,544,1
741,545,1
742,546,1
742,547,1
743,548,1
744,549,1
744,550,1
745,551,1
745,552,1
746,553,1
746,554,1
747,555,1
747,556,1
748,557,1
749,558,1
750,559,1
750,560,1
751,561,1
751,562,1
752,563,1
753,564,1
754,565,1
755,566,1
756,567,1
757,567,1
758,567,1
759,567,1
760,567,1
761,507,0
772,441,1
772,442,1
772,443,1
772,444,1
772,445,1
772,446,1
772,447,1
772,448,1
772,449,1
772,450,1
772,451,1
772,452,1
772,453,1
773,454,1
773,455,1
774,455,1
774,456,1
775,457,1
776,458,1
777,458,1
778,459,1
779,459,1
780,459,1
781,459,1
782,460,1
783,460,1
784,461,1
785,461,1
786,461,1
786,462,1
787,462,1
788,462,1
789,462,1
790,463,1
791,463,1
792,463,1
793,463,1
794,463,1
795,463,1
796,463,1
797,463,1
798,463,1
799,463,1
800,463,1
801,463,1
802,463,1
803,463,1
804,463,1
805,463,1
806,462,1
807,462,1
808,462,1
809,462,1
810,462,1
811,462,1
812,462,1
813,462,1
814,462,1
815,462,1
816,462,1
817,462,1
818,462,1
819,462,1
820,462,1
821,462,1
822,462,1
823,462,1
824,462,1
825,462,1
826,462,1
827,462,1
828,463,1
829,463,1
830,463,1
831,463,1
832,463,1
833,463,1
834,463,1
835,463,1
836,463,1
837,463,1
838,463,1
839,463,1
840,463,1
841,463,1
842,463,1
843,463,1
844,463,1
845,463,1
846,463,1
847,463,1
848,463,1
849,463,1
850,463,1
851,463,1
852,463,1
853,463,1
854,462,1
855,462,1
856,462,1
857,462,1
858,462,1
859,462,1
860,461,1
861,461,1
862,461,1
863,461,1
864,460,1
865,460,1
866,460,1
867,459,1
868,459,1
869,459,1
870,459,1
871,458,1
872,458,1
873,458,1
874,457,1
875,457,1
876,457,1
877,457,1
878,457,1
879,457,1
880,456,1
881,456,1
882,456,1
883,456,1
884,457,1
885,457,1
886,457,1
887,457,1
888,457,1
889,457,1
890,458,1
891,458,1
892,458,1
893,459,1
894,459,1
895,460,1
896,460,1
896,461,1
897,461,1
898,462,1
899,462,1
899,463,1
900,463,1
901,464,1
901,465,1
902,465,1
903,466,1
903,467,1
904,468,1
905,469,1
905,470,1
906,471,1
906,472,1
907,473,1
908,474,1
908,475,1
909,476,1
909,477,1
909,478,1
910,479,1
910,480,1
910,481,1
911,482,1
911,483,1
911,484,1
911,485,1
912,486,1
912,487,1
912,488,1
912,489,1
912,490,1
912,491,1
912,492,1
912,493,1
912,494,1
912,495,1
912,496,1
913,497,1
913,498,1
913,499,1
913,500,1
913,501,1
913,502,1
913,503,1
913,504,1
913,505,1
913,506,1
912,507,1
912,508,1
912,509,1
912,510,1
911,511,1
911,512,1
911,513,1
910,514,1
910,515,1
909,515,1
908,516,1
908,517,1
907,517,1
906,518,1
768,412,0
621,329,1
621,328,1
621,327,1
621,326,1
621,325,1
621,324,1
621,323,1
621,322,1
622,321,1
622,320,1
622,319,1
622,318,1
623,317,1
623,316,1
623,315,1
624,314,1
624,313,1
624,312,1
625,311,1
625,310,1
626,309,1
626,308,1
627,307,1
627,306,1
628,305,1
629,304,1
629,303,1
629,302,1
630,301,1
630,300,1
631,300,1
631,299,1
632,298,1
632,297,1
633,296,1
633,295,1
634,294,1
635,293,1
636,292,1
636,291,1
637,290,1
638,289,1
639,288,1
639,287,1
640,286,1
641,285,1
642,284,1
643,283,1
643,282,1
644,282,1
645,281,1
646,280,1
647,279,1
648,278,1
649,278,1
649,277,1
650,277,1
651,276,1
652,275,1
653,274,1
654,274,1
655,273,1
656,273,1
657,272,1
658,272,1
658,271,1
659,271,1
660,270,1
661,270,1
662,269,1
663,269,1
664,268,1
665,268,1
666,267,1
667,267,1
668,267,1
669,266,1
670,266,1
671,266,1
672,266,1
673,265,1
674,265,1
675,265,1
676,265,1
677,264,1
678,264,1
679,264,1
680,264,1
681,264,1
682,264,1
683,264,1
684,264,1
685,264,1
686,264,1
687,264,1
688,264,1
689,264,1
690,264,1
691,264,1
692,264,1
693,264,1
694,264,1
695,265,1
696,265,1
697,265,1
698,265,1
699,265,1
700,265,1
701,266,1
702,266,1
703,266,1
704,266,1
705,267,1
706,267,1
707,267,1
708,267,1
709,268,1
710,268,1
711,268,1
712,269,1
713,269,1
714,269,1
715,270,1
716,270,1
717,271,1
718,271,1
719,272,1
720,272,1
721,273,1
722,273,1
723,274,1
724,274,1
725,274,1
726,275,1
727,275,1
728,276,1
729,277,1
730,277,1
731,278,1
732,278,1
732,279,1
733,279,1
734,280,1
735,280,1
736,281,1
737,282,1
738,282,1
739,283,1
740,283,1
741,284,1
742,284,1
743,285,1
744,286,1
745,287,1
746,288,1
747,288,1
748,289,1
749,290,1
750,290,1
751,291,1
752,292,1
753,293,1
754,294,1
755,294,1
756,295,1
757,296,1
758,296,1
759,297,1
760,298,1
760,299,1
761,299,1
762,300,1
763,301,1
764,302,1
765,302,1
766,303,1
767,304,1
767,305,1
768,305,1
769,306,1
770,307,1
771,308,1
772,308,1
773,309,1
773,310,1
774,311,1
775,311,1
776,312,1
777,313,1
778,314,1
779,315,1
780,316,1
781,317,1
782,318,1
783,319,1
784,320,1
785,321,1
785,322,1
786,323,1
787,324,1
788,325,1
788,326,1
789,327,1
686,369,0
579,426,1
580,426,1
581,425,1
582,425,1
583,425,1
584,424,1
585,424,1
586,423,1
587,423,1
588,423,1
589,422,1
590,422,1
591,422,1
591,421,1
592,421,1
593,421,1
594,420,1
595,420,1
596,420,1
597,419,1
598,419,1
599,418,1
600,418,1
601,418,1
602,417,1
603,417,1
604,417,1
605,416,1
606,416,1
607,416,1
608,415,1
609,415,1
610,414,1
611,414,1
612,414,1
613,413,1
614,413,1
615,413,1
616,412,1
617,412,1
618,412,1
619,411,1
620,411,1
621,411,1
622,410,1
623,410,1
624,409,1
625,409,1
626,409,1
627,408,1
628,408,1
629,408,1
630,407,1
631,407,1
632,407,1
633,406,1
634,406,1
635,406,1
636,405,1
637,405,1
638,405,1
638,404,1
639,404,1
640,404,1
641,403,1
642,403,1
643,403,1
644,402,1
645,402,1
646,402,1
647,401,1
648,401,1
649,400,1
650,400,1
651,400,1
652,399,1
653,399,1
654,399,1
655,398,1
656,398,1
657,398,1
658,397,1
659,397,1
660,397,1
661,396,1
662,396,1
663,396,1
663,395,1
664,395,1
665,395,1
666,394,1
667,394,1
668,394,1
669,393,1
670,393,1
671,393,1
672,392,1
673,392,1
674,391,1
675,391,1
676,391,1
677,391,1
678,390,1
679,390,1
680,390,1
681,389,1
682,389,1
683,388,1
684,388,1
685,388,1
686,387,1
687,387,1
688,387,1
689,386,1
690,386,1
691,386,1
692,385,1
693,385,1
694,385,1
695,384,1
696,384,1
697,383,1
698,383,1
699,383,1
700,382,1
701,382,1
702,382,1
703,381,1
704,381,1
705,381,1
706,380,1
707,380,1
708,380,1
709,379,1
710,379,1
711,379,1
712,378,1
713,378,1
714,378,1
715,377,1
716,377,1
717,377,1
718,376,1
719,376,1
720,375,1
721,375,1
722,375,1
723,374,1
724,374,1
725,374,1
726,373,1
727,373,1
728,373,1
729,372,1
730,372,1
731,372,1
732,371,1
733,371,1
734,370,1
735,370,1
736,370,1
737,369,1
738,369,1
739,368,1
740,368,1
741,368,1
742,367,1
743,367,1
744,367,1
745,366,1
746,366,1
747,366,1
748,365,1
749,365,1
750,365,1
751,364,1
752,364,1
753,364,1
754,363,1
755,363,1
756,363,1
757,362,1
758,362,1
759,362,1
759,361,1
760,361,1
761,361,1
762,360,1
763,360,1
764,360,1
765,359,1
766,359,1
767,359,1
768,358,1
769,358,1
770,358,1
771,357,1
772,357,1
773,357,1
774,356,1
775,356,1
776,356,1
777,355,1
778,355,1
779,355,1
780,354,1
781,354,1
782,353,1
783,353,1
784,353,1
785,352,1
786,352,1
787,352,1
788,351,1
789,351,1
790,351,1
791,350,1
792,350,1
793,350,1
794,349,1
795,349,1
796,349,1
797,348,1
798,348,1
799,348,1
800,347,1
801,347,1
802,347,1
803,346,1
804,346,1
805,346,1
806,345,1
807,345,1
808,344,1
809,344,1
810,344,1
811,343,1
812,343,1
813,343,1
814,342,1
815,342,1
816,342,1
817,341,1
818,341,1
819,341,1
820,340,1
821,340,1
822,340,1
823,339,1
824,339,1
825,338,1
826,338,1
827,338,1
828,337,1
829,337,1
830,337,1
831,336,1
832,336,1
833,336,1
834,335,1
835,335,1
836,335,1
837,334,1
838,334,1
839,334,1
840,333,1
841,333,1
842,332,1
843,332,1
844,332,1
845,331,1
846,331,1
847,331,1
848,330,1
849,330,1
850,330,1
851,330,1
852,329,1
853,329,1
854,329,1
855,328,1
856,328,1
857,328,1
857,327,1
858,327,1
859,327,1
860,326,1
861,326,1
862,326,1
863,325,1
864,325,1
865,325,1
866,324,1
867,324,1
868,324,1
869,323,1
870,323,1
871,323,1
872,322,1
873,322,1
874,322,1
875,321,1
876,321,1
877,321,1
878,320,1
879,320,1
880,320,1
881,319,1
882,319,1
883,319,1
884,318,1
885,318,1
886,318,1
887,317,1
888,317,1
889,317,1
890,316,1
891,316,1
892,316,1
893,315,1
894,315,1
895,314,1
896,314,1
897,314,1
898,313,1
899,313,1
900,313,1
901,312,1
902,312,1
903,312,1
904,311,1
905,311,1
906,311,1
907,310,1
908,310,1
909,310,1
910,309,1
911,309,1
912,309,1
913,308,1
914,308,1
915,308,1
916,307,1
917,307,1
918,307,1
919,306,1
920,306,1
921,306,1
922,305,1
923,305,1
924,305,1
925,304,1
926,304,1
927,304,1
928,303,1
929,303,1
930,303,1
931,302,1
932,302,1
933,302,1
933,301,1
934,301,1
935,301,1
936,300,1
937,300,1
938,300,1
939,299,1
940,299,1
941,299,1
942,298,1
943,298,1
944,298,1
945,297,1
946,297,1
947,297,1
948,296,1
949,296,1
950,296,1
951,295,1
952,295,1
953,295,1
954,294,1
955,294,1
956,294,1
957,293,1
958,293,1
959,293,1
960,292,1
961,292,1
962,292,1
963,292,1
964,291,1
965,291,1
966,291,1
967,290,1
968,290,1
969,290,1
970,289,1
971,289,1
972,288,1
973,288,1
974,288,1
975,287,1
976,287,1
977,287,1
978,286,1
979,286,1
980,286,1
981,286,1
982,285,1
983,285,1
984,285,1
985,284,1
986,284,1
987,284,1
988,283,1
989,283,1
990,283,1
991,283,1
992,282,1
993,282,1
994,281,1
995,281,1
996,281,1
997,280,1
998,280,1
999,280,1
1000,279,1
1001,279,1
1002,279,1
1003,279,1
1004,278,1
1005,278,1
1006,278,1
1007,277,1
1008,277,1
1009,277,1
1010,276,1
1011,276,1
1012,276,1
1013,276,1
1014,275,1
1015,275,1
1016,275,1
1016,274,1
1017,274,1
1018,274,1
1019,274,1
1020,273,1
1021,273,1
1022,273,1
1023,272,1
1024,272,1
1025,272,1
1026,272,1
1027,271,1
1028,271,1
1029,271,1
1030,270,1
1031,270,1
1032,270,1
1033,270,1
1034,269,1
1035,269,1
1036,269,1
1037,269,1
1038,268,1
1039,268,1
1040,268,1
1041,268,1
1042,268,1
1043,267,1
1044,267,1
1045,267,1
1046,267,1
1047,267,1
1048,267,1
1049,267,1
1050,267,1
1051,266,1
1052,266,1
1053,266,1
1054,266,1
1055,266,1
1056,266,1
1057,266,1
1058,266,1
1059,266,1
1060,266,1
1061,266,1
1062,266,1
1063,266,1
1064,266,1
1065,267,1
1066,267,1
1067,267,1
1068,267,1
1069,267,1
1070,267,1
1071,268,1
1072,268,1
1073,268,1
1074,268,1
1075,269,1
1076,269,1
1077,269,1
1078,270,1
1079,270,1
1080,270,1
1080,271,1
1081,271,1
1082,272,1
1083,272,1
1084,272,1
1084,273,1
1085,273,1
1086,274,1
1087,274,1
1087,275,1
1088,275,1
1089,276,1
1090,276,1
1090,277,1
1091,277,1
1092,278,1
1092,279,1
1093,279,1
1094,280,1
1095,281,1
1096,282,1
1097,283,1
1097,284,1
1098,284,1
1099,285,1
1099,286,1
1100,286,1
1100,287,1
1101,288,1
1101,289,1
1102,290,1
1103,290,1
1103,291,1
1104,292,1
1104,293,1
1105,294,1
1106,295,1
1106,296,1
1107,297,1
1107,298,1
1108,298,1
1108,299,1
1109,300,1
1109,301,1
1110,302,1
1110,303,1
1111,304,1
1111,305,1
1112,305,1
1112,306,1
1113,307,1
1113,308,1
1114,309,1
1114,310,1
1115,311,1
1115,312,1
1116,313,1
1116,314,1
1117,315,1
1117,316,1
1118,317,1
1118,318,1
1119,319,1
1120,320,1
1120,321,1
1120,322,1
1121,323,1
1121,324,1
1122,325,1
1122,326,1
1123,327,1
1123,328,1
1124,329,1
1124,330,1
1125,331,1
1125,332,1
1126,333,1
1126,334,1
1127,335,1
1127,336,1
1128,337,1
1128,338,1
1129,339,1
1129,340,1
1129,341,1
1130,342,1
1130,343,1
1131,344,1
1131,345,1
1132,346,1
1132,347,1
1133,348,1
1133,349,1
1134,350,1
1134,351,1
1134,352,1
1135,353,1
1135,354,1
1136,355,1
1136,356,1
1137,357,1
1137,358,1
1138,359,1
1138,360,1
1138,361,1
1139,362,1
1139,363,1
1140,364,1
1141,365,1
1141,366,1
1141,367,1
1142,368,1
1142,369,1
1143,370,1
1143,371,1
1143,372,1
1144,373,1
1144,374,1
1144,375,1
1145,376,1
1145,377,1
1145,378,1
1146,379,1
1146,380,1
1147,381,1
1147,382,1
1147,383,1
1147,384,1
1147,385,1
1148,386,1
1148,387,1
1148,388,1
1148,389,1
1148,390,1
1148,391,1
1148,392,1
1148,393,1
1148,394,1
1148,395,1
1147,396,1
1147,397,1
1147,398,1
1147,399,1
1146,400,1
1146,401,1
1145,401,1
1145,402,1
1144,403,1
1143,404,1
1142,405,1
1141,406,1
1140,406,1
1140,407,1
1139,407,1
1138,407,1
1138,408,1
1137,408,1
1136,408,1
1135,409,1
1134,409,1
1133,409,1
1132,409,1
1131,409,1
1130,409,1
1129,409,1
1128,409,1
1127,409,1
1126,409,1
1125,409,1
1124,409,1
1123,409,1
1122,409,1
1121,409,1
1120,409,1
1119,409,1
1118,409,1
1117,408,1
1116,408,1
1115,408,1
1114,408,1
1113,408,1
1112,408,1
1111,407,1
1110,407,1
1109,407,1
1108,407,1
1107,407,1
1106,407,1
1105,406,1
1104,406,1
1103,406,1
1102,406,1
1101,406,1
1100,406,1
1099,406,1
1098,406,1
1097,405,1
1096,405,1
1095,405,1
1094,405,1
1093,405,1
1092,405,1
1091,405,1
1090,405,1
1089,405,1
1088,405,1
1087,405,1
1086,405,1
1085,405,1
1084,405,1
1083,405,1
1082,405,1
1081,405,1
1080,405,1
1079,405,1
1078,405,1
1077,405,1
1076,405,1
1075,405,1
1074,405,1
1073,405,1
1072,405,1
1071,405,1
1070,405,1
1069,405,1
1068,405,1
1067,405,1
1066,406,1
1065,406,1
1064,406,1
1063,406,1
1062,406,1
1061,406,1
1060,407,1
1059,407,1
1058,407,1
1057,407,1
1056,408,1
1055,408,1
1054,408,1
1053,408,1
1052,409,1
1051,409,1
1050,409,1
1049,410,1
1048,410,1
1047,410,1
1046,411,1
1045,411,1
1044,411,1
1043,411,1
1042,412,1
1041,412,1
1040,412,1
1039,413,1
1038,413,1
1037,414,1
1036,414,1
1035,415,1
1034,415,1
1033,416,1
1032,416,1
1031,417,1
1030,417,1
1029,418,1
1028,418,1
1027,419,1
1026,419,1
1025,420,1
1024,420,1
1023,421,1
1022,422,1
1021,423,1
1020,423,1
1019,424,1
1018,424,1
1017,425,1
1017,426,1
1016,426,1
1015,427,1
1014,428,1
1013,428,1
1013,429,1
1012,430,1
1011,430,1
1010,431,1
1010,432,1
1009,432,1
1008,433,1
1007,434,1
1006,435,1
1005,436,1
1005,437,1
1004,437,1
1003,438,1
1003,439,1
1002,440,1
1001,440,1
1001,441,1
1000,442,1
999,443,1
999,444,1
998,445,1
997,446,1
997,447,1
996,448,1
996,449,1
995,450,1
995,451,1
994,451,1
994,452,1
993,453,1
993,454,1
992,455,1
992,456,1
991,457,1
991,458,1
990,459,1
990,460,1
990,461,1
989,462,1
989,463,1
989,464,1
989,465,1
988,466,1
988,467,1
988,468,1
987,469,1
987,470,1
987,471,1
987,472,1
987,473,1
987,474,1
987,475,1
987,476,1
987,477,1
987,478,1
987,479,1
987,480,1
987,481,1
987,482,1
987,483,1
987,484,1
987,485,1
987,486,1
988,487,1
988,488,1
988,489,1
988,490,1
988,491,1
989,492,1
989,493,1
989,494,1
989,495,1
990,496,1
990,497,1
990,498,1
991,499,1
991,500,1
992,501,1
992,502,1
992,503,1
993,504,1
993,505,1
994,506,1
994,507,1
995,508,1
995,509,1
996,510,1
996,511,1
997,512,1
998,513,1
998,514,1
999,515,1
999,516,1
1000,517,1
1000,518,1
1001,518,1
1002,519,1
1002,520,1
1003,521,1
1003,522,1
1004,522,1
1005,523,1
1005,524,1
1006,525,1
1007,525,1
1007,526,1
1008,527,1
1009,527,1
1010,528,1
1010,529,1
1011,529,1
1012,530,1
1013,530,1
1013,531,1
1014,531,1
1015,532,1
1016,532,1
1016,533,1
1017,534,1
1018,534,1
1019,535,1
1019,536,1
1020,536,1
1021,537,1
1022,537,1
1023,538,1
1024,539,1
1025,539,1
1026,539,1
1027,540,1
1028,540,1
1029,540,1
1030,540,1
1031,541,1
1032,541,1
1033,541,1
1034,541,1
1035,541,1
1036,541,1
1037,541,1
1038,540,1
1039,540,1
1040,540,1
1040,540,0
