470,452,1
469,452,1
468,453,1
467,453,1
466,454,1
465,454,1
464,455,1
463,455,1
462,456,1
461,457,1
460,457,1
459,458,1
458,459,1
457,459,1
456,460,1
455,461,1
454,461,1
453,462,1
452,462,1
451,463,1
450,464,1
449,464,1
449,465,1
448,466,1
447,466,1
446,467,1
445,468,1
444,469,1
443,469,1
442,470,1
441,471,1
441,472,1
440,472,1
439,473,1
438,474,1
437,475,1
436,475,1
436,476,1
435,477,1
434,478,1
433,478,1
432,479,1
431,480,1
430,481,1
429,482,1
428,483,1
427,483,1
427,484,1
426,485,1
425,486,1
424,486,1
423,487,1
423,488,1
422,489,1
421,489,1
420,490,1
420,491,1
419,492,1
418,493,1
417,494,1
416,495,1
416,496,1
415,497,1
414,497,1
414,498,1
413,499,1
412,500,1
412,501,1
411,502,1
410,502,1
410,503,1
409,504,1
409,505,1
408,506,1
408,507,1
407,508,1
406,509,1
406,510,1
405,511,1
405,512,1
404,513,1
404,514,1
403,515,1
403,516,1
402,517,1
402,518,1
402,519,1
401,520,1
401,521,1
401,522,1
400,523,1
400,524,1
400,525,1
399,526,1
399,527,1
399,528,1
399,529,1
399,530,1
399,531,1
399,532,1
398,533,1
398,534,1
398,535,1
398,536,1
398,537,1
398,538,1
398,539,1
398,540,1
399,541,1
399,542,1
399,543,1
399,544,1
399,545,1
400,546,1
400,547,1
400,548,1
400,549,1
401,549,1
401,550,1
401,551,1
402,552,1
402,553,1
402,554,1
403,554,1
403,555,1
404,556,1
404,557,1
405,558,1
406,559,1
406,560,1
407,561,1
408,562,1
408,563,1
409,564,1
410,564,1
410,565,1
411,566,1
412,566,1
412,567,1
413,568,1
414,568,1
414,569,1
415,569,1
416,570,1
417,570,1
418,571,1
418,572,1
419,572,1
420,573,1
421,573,1
422,574,1
423,574,1
424,575,1
425,575,1
426,576,1
427,576,1
428,576,1
429,577,1
430,577,1
431,578,1
432,578,1
433,578,1
434,579,1
435,579,1
436,579,1
437,579,1
438,579,1
439,580,1
440,580,1
441,580,1
442,580,1
443,580,1
444,580,1
445,580,1
446,581,1
447,581,1
448,581,1
449,581,1
450,581,1
451,581,1
452,581,1
453,581,1
454,581,1
455,581,1
456,581,1
457,580,1
458,580,1
459,580,1
460,580,1
461,580,1
462,580,1
463,580,1
464,579,1
465,579,1
466,579,1
467,579,1
468,578,1
469,578,1
470,578,1
471,577,1
472,577,1
473,577,1
474,576,1
475,576,1
476,576,1
477,575,1
478,574,1
479,574,1
480,574,1
481,573,1
482,572,1
483,572,1
484,571,1
485,571,1
485,570,1
486,570,1
487,569,1
488,569,1
488,568,1
489,568,1
489,567,1
490,567,1
491,566,1
492,566,1
492,565,1
493,565,1
494,565,1
494,564,1
495,564,1
496,563,1
497,563,1
497,564,1
497,565,1
496,565,1
496,566,1
496,567,1
496,568,1
496,569,1
496,570,1
495,570,1
495,571,1
495,572,1
495,573,1
495,574,1
494,575,1
494,576,1
494,577,1
494,578,1
494,579,1
494,580,1
493,581,1
493,582,1
493,583,1
493,584,1
493,585,1
493,586,1
493,587,1
493,588,1
493,589,1
493,590,1
493,591,1
493,592,1
493,593,1
493,594,1
493,595,1
493,596,1
493,597,1
493,598,1
493,599,1
493,600,1
493,601,1
493,602,1
494,603,1
494,604,1
494,605,1
494,606,1
494,607,1
494,608,1
494,609,1
494,610,1
495,611,1
495,612,1
495,613,1
495,614,1
495,615,1
495,616,1
496,617,1
496,618,1
496,619,1
496,620,1
496,621,1
497,622,1
497,623,1
497,624,1
497,625,1
498,626,1
498,627,1
498,628,1
498,629,1
498,630,1
499,631,1
499,632,1
499,633,1
499,634,1
500,635,1
500,636,1
500,637,1
500,638,1
501,639,1
501,640,1
501,641,1
502,642,1
502,643,1
502,644,1
503,645,1
503,646,1
503,647,1
504,648,1
504,649,1
504,650,1
504,651,1
505,652,1
505,653,1
505,654,1
506,655,1
506,656,1
506,657,1
506,658,1
507,659,1
507,660,1
507,661,1
508,662,1
508,663,1
508,664,1
509,665,1
509,666,1
509,667,1
510,668,1
510,669,1
511,670,1
511,671,1
512,672,1
512,673,1
512,674,1
513,675,1
513,676,1
514,677,1
514,678,1
515,679,1
516,679,1
517,680,1
518,680,1
500,497,0
494,348,1
494,347,1
494,346,1
494,345,1
494,344,1
493,343,1
493,342,1
493,341,1
493,340,1
493,339,1
493,338,1
492,337,1
492,336,1
492,335,1
492,334,1
492,333,1
491,332,1
491,331,1
491,330,1
491,329,1
490,328,1
490,327,1
490,326,1
490,325,1
489,324,1
489,323,1
489,322,1
489,321,1
488,320,1
488,319,1
488,318,1
487,317,1
487,316,1
487,315,1
486,314,1
486,313,1
486,312,1
485,311,1
485,310,1
484,309,1
484,308,1
484,307,1
483,306,1
483,305,1
483,304,1
482,303,1
482,302,1
482,301,1
481,300,1
481,299,1
480,298,1
480,297,1
480,296,1
479,295,1
479,294,1
478,293,1
478,292,1
477,291,1
477,290,1
476,289,1
476,288,1
475,287,1
475,286,1
474,285,1
474,284,1
473,283,1
473,282,1
472,282,1
472,281,1
471,280,1
471,279,1
470,278,1
469,277,1
469,276,1
468,275,1
468,274,1
467,273,1
466,273,1
466,272,1
465,271,1
464,270,1
464,269,1
463,268,1
462,267,1
461,266,1
460,265,1
460,264,1
459,263,1
458,262,1
457,262,1
457,261,1
456,260,1
455,259,1
454,259,1
454,258,1
453,257,1
452,256,1
451,256,1
451,255,1
450,254,1
449,253,1
448,253,1
447,252,1
447,251,1
446,251,1
445,250,1
444,249,1
443,249,1
442,248,1
442,247,1
441,247,1
440,246,1
439,246,1
438,245,1
437,244,1
436,244,1
435,243,1
434,243,1
433,242,1
432,241,1
431,241,1
430,240,1
429,240,1
428,239,1
427,239,1
426,238,1
425,238,1
424,237,1
423,237,1
422,236,1
421,236,1
420,236,1
419,235,1
418,235,1
417,235,1
416,234,1
415,234,1
414,234,1
413,233,1
412,233,1
411,233,1
410,233,1
409,232,1
408,232,1
407,232,1
406,232,1
405,231,1
404,231,1
403,231,1
402,231,1
401,231,1
400,231,1
399,231,1
398,231,1
397,231,1
396,231,1
395,230,1
394,230,1
393,230,1
392,231,1
391,231,1
390,231,1
389,231,1
388,231,1
387,231,1
386,231,1
385,231,1
384,232,1
383,232,1
382,232,1
381,233,1
380,233,1
379,233,1
378,234,1
377,234,1
376,235,1
375,235,1
375,236,1
374,236,1
373,237,1
372,237,1
372,238,1
371,238,1
371,239,1
370,239,1
370,240,1
369,241,1
369,242,1
368,243,1
368,244,1
368,245,1
368,246,1
368,247,1
369,248,1
369,249,1
369,250,1
370,250,1
370,251,1
371,252,1
372,253,1
372,254,1
373,254,1
373,255,1
374,255,1
374,256,1
375,256,1
376,257,1
377,258,1
378,258,1
379,259,1
380,259,1
381,260,1
382,260,1
383,261,1
384,261,1
385,262,1
386,262,1
387,263,1
388,263,1
389,264,1
390,264,1
391,264,1
392,265,1
393,265,1
394,266,1
395,266,1
396,266,1
397,267,1
398,267,1
399,267,1
400,267,1
401,268,1
402,268,1
403,268,1
404,268,1
405,269,1
406,269,1
407,269,1
408,269,1
409,270,1
410,270,1
411,270,1
412,270,1
413,271,1
414,271,1
415,271,1
416,271,1
417,272,1
418,272,1
419,272,1
420,272,1
587,391,0
770,496,1
770,497,1
770,498,1
770,499,1
770,500,1
770,501,1
770,502,1
770,503,1
770,504,1
771,505,1
771,506,1
771,507,1
771,508,1
771,509,1
771,510,1
771,511,1
771,512,1
771,513,1
771,514,1
771,515,1
771,516,1
771,517,1
771,518,1
771,519,1
771,520,1
771,521,1
771,522,1
772,523,1
772,524,1
772,525,1
772,526,1
772,527,1
772,528,1
772,529,1
772,530,1
772,531,1
772,532,1
772,533,1
772,534,1
772,535,1
772,536,1
772,537,1
772,538,1
772,539,1
772,540,1
772,541,1
772,542,1
772,543,1
772,544,1
772,545,1
772,546,1
773,546,1
773,547,1
773,548,1
773,549,1
773,550,1
773,551,1
773,550,1
773,549,1
773,548,1
773,547,1
773,546,1
773,545,1
773,544,1
773,543,1
773,542,1
773,541,1
773,540,1
773,539,1
773,538,1
773,537,1
773,536,1
773,535,1
773,534,1
773,533,1
773,532,1
773,531,1
773,530,1
772,529,1
772,528,1
772,527,1
772,526,1
772,525,1
772,524,1
772,523,1
771,522,1
771,521,1
771,520,1
771,519,1
771,518,1
771,517,1
770,516,1
770,515,1
770,514,1
770,513,1
770,512,1
769,511,1
769,510,1
769,509,1
769,508,1
768,507,1
768,506,1
768,505,1
768,504,1
767,503,1
767,502,1
767,501,1
766,500,1
766,499,1
766,498,1
765,497,1
765,496,1
764,495,1
764,494,1
763,493,1
763,492,1
762,491,1
762,490,1
761,489,1
761,488,1
761,487,1
760,486,1
759,485,1
759,484,1
758,483,1
757,482,1
757,481,1
756,480,1
756,479,1
755,478,1
754,477,1
753,476,1
753,475,1
752,474,1
751,473,1
750,472,1
749,471,1
748,470,1
747,469,1
746,468,1
746,467,1
745,467,1
744,466,1
743,465,1
742,465,1
742,464,1
741,463,1
740,463,1
739,462,1
738,462,1
738,461,1
737,460,1
736,460,1
735,459,1
734,459,1
733,458,1
732,457,1
731,457,1
730,457,1
729,456,1
728,456,1
727,455,1
726,455,1
725,455,1
724,454,1
723,454,1
722,454,1
722,453,1
721,453,1
720,453,1
719,453,1
718,452,1
717,452,1
716,452,1
715,452,1
714,452,1
713,452,1
712,451,1
711,451,1
710,451,1
709,451,1
708,451,1
707,451,1
706,451,1
705,451,1
704,451,1
703,451,1
702,451,1
701,452,1
700,452,1
699,452,1
698,452,1
697,452,1
696,452,1
695,452,1
694,453,1
693,453,1
692,453,1
691,453,1
690,454,1
689,454,1
688,454,1
687,455,1
686,455,1
685,455,1
684,456,1
683,456,1
682,456,1
682,457,1
681,457,1
680,458,1
679,458,1
678,458,1
677,459,1
676,459,1
675,460,1
674,460,1
673,461,1
672,462,1
671,462,1
670,463,1
669,463,1
669,464,1
668,464,1
667,465,1
666,466,1
665,466,1
664,467,1
663,467,1
662,468,1
662,469,1
661,469,1
660,470,1
659,471,1
658,472,1
657,473,1
656,474,1
655,474,1
654,475,1
654,476,1
653,477,1
652,478,1
651,479,1
650,480,1
649,481,1
649,482,1
648,482,1
647,483,1
647,484,1
646,485,1
646,486,1
645,487,1
644,487,1
644,488,1
643,489,1
643,490,1
642,491,1
642,492,1
641,493,1
641,494,1
640,494,1
640,495,1
640,496,1
639,497,1
639,498,1
638,499,1
638,500,1
638,501,1
637,502,1
637,503,1
637,504,1
637,505,1
636,506,1
636,507,1
636,508,1
635,509,1
635,510,1
635,511,1
635,512,1
635,513,1
635,514,1
635,515,1
635,516,1
635,517,1
635,518,1
635,519,1
635,520,1
635,521,1
635,522,1
635,523,1
635,524,1
636,524,1
636,525,1
636,526,1
636,527,1
637,528,1
637,529,1
637,530,1
638,531,1
638,532,1
639,533,1
639,534,1
640,535,1
640,536,1
641,536,1
641,537,1
642,538,1
643,539,1
643,540,1
644,540,1
645,541,1
645,542,1
646,542,1
646,543,1
647,543,1
648,544,1
648,545,1
649,545,1
650,546,1
651,546,1
651,547,1
652,547,1
653,547,1
654,548,1
655,549,1
656,549,1
657,550,1
658,550,1
659,550,1
659,551,1
660,551,1
661,551,1
662,552,1
663,552,1
664,552,1
665,552,1
666,553,1
667,553,1
668,553,1
669,553,1
670,554,1
671,554,1
672,554,1
673,554,1
674,554,1
675,554,1
676,554,1
677,554,1
678,554,1
679,554,1
680,554,1
681,554,1
682,555,1
683,554,1
684,554,1
685,554,1
686,554,1
687,554,1
688,554,1
689,554,1
690,554,1
691,554,1
692,554,1
693,554,1
694,554,1
695,553,1
696,553,1
697,553,1
698,553,1
699,552,1
700,552,1
701,552,1
702,552,1
703,551,1
704,551,1
705,551,1
706,551,1
707,551,1
708,550,1
709,550,1
710,550,1
711,550,1
712,549,1
713,549,1
714,549,1
715,549,1
716,548,1
717,548,1
718,548,1
719,547,1
720,547,1
721,546,1
722,546,1
723,545,1
724,545,1
725,544,1
726,544,1
727,543,1
728,543,1
729,542,1
730,541,1
731,541,1
732,540,1
733,539,1
734,538,1
734,537,1
735,536,1
736,535,1
736,534,1
737,533,1
714,542,0
696,528,1
696,529,1
696,530,1
696,531,1
696,532,1
696,533,1
697,534,1
697,535,1
698,536,1
699,537,1
699,538,1
700,539,1
701,539,1
702,540,1
702,541,1
703,541,1
703,542,1
704,543,1
705,544,1
706,545,1
707,545,1
707,546,1
708,546,1
709,546,1
710,546,1
711,546,1
712,546,1
798,525,0
894,498,1
894,499,1
894,500,1
894,501,1
894,502,1
894,503,1
894,504,1
894,505,1
894,506,1
894,507,1
894,508,1
894,509,1
894,510,1
894,511,1
894,512,1
894,513,1
894,514,1
894,515,1
894,516,1
894,517,1
894,518,1
894,519,1
894,520,1
894,521,1
894,522,1
893,523,1
893,524,1
893,525,1
894,526,1
894,527,1
894,528,1
893,529,1
893,530,1
893,531,1
893,532,1
893,533,1
893,534,1
893,535,1
893,536,1
893,537,1
893,538,1
893,539,1
893,540,1
893,541,1
893,542,1
893,543,1
893,544,1
893,545,1
893,546,1
893,547,1
893,548,1
893,549,1
893,550,1
894,551,1
894,552,1
894,553,1
894,554,1
895,555,1
896,446,0
900,374,1
900,373,1
900,372,1
900,371,1
900,370,1
900,369,1
900,368,1
900,367,1
900,366,1
899,365,1
899,364,1
899,363,1
899,362,1
899,361,1
899,360,1
899,359,1
899,358,1
899,357,1
898,356,1
898,355,1
898,354,1
898,353,1
898,352,1
898,351,1
898,350,1
897,349,1
897,348,1
897,347,1
897,346,1
897,345,1
897,344,1
897,343,1
896,342,1
896,341,1
896,340,1
896,339,1
896,338,1
895,337,1
895,336,1
895,335,1
895,334,1
895,333,1
895,332,1
894,331,1
894,330,1
894,329,1
894,328,1
894,327,1
893,326,1
893,325,1
893,324,1
893,323,1
893,322,1
892,321,1
892,320,1
892,319,1
892,318,1
892,317,1
891,316,1
891,315,1
891,314,1
891,313,1
890,312,1
890,311,1
890,310,1
890,309,1
889,308,1
889,307,1
889,306,1
889,305,1
888,304,1
888,303,1
888,302,1
887,301,1
887,300,1
887,299,1
886,298,1
886,297,1
886,296,1
885,295,1
885,294,1
885,293,1
884,292,1
884,291,1
884,290,1
883,289,1
883,288,1
882,287,1
882,286,1
882,285,1
881,284,1
881,283,1
880,282,1
880,281,1
879,280,1
879,279,1
879,278,1
878,277,1
878,276,1
877,275,1
877,274,1
876,273,1
876,272,1
875,272,1
874,271,1
874,270,1
873,269,1
873,268,1
872,267,1
872,266,1
871,265,1
871,264,1
870,263,1
869,262,1
868,261,1
868,260,1
867,259,1
866,258,1
866,257,1
865,256,1
864,256,1
864,255,1
863,254,1
862,253,1
862,252,1
861,252,1
860,251,1
859,250,1
859,249,1
858,249,1
857,248,1
856,247,1
856,246,1
855,246,1
854,245,1
853,244,1
852,243,1
851,242,1
850,242,1
849,241,1
849,240,1
848,240,1
847,239,1
846,239,1
845,238,1
844,237,1
843,237,1
843,236,1
842,236,1
841,235,1
840,235,1
839,234,1
838,234,1
837,234,1
836,233,1
835,232,1
834,232,1
833,232,1
832,231,1
831,231,1
830,231,1
829,230,1
828,230,1
827,230,1
826,230,1
825,229,1
824,229,1
823,229,1
822,229,1
821,229,1
820,229,1
819,228,1
818,228,1
817,228,1
816,228,1
815,228,1
814,228,1
813,228,1
812,229,1
811,229,1
810,229,1
809,229,1
808,229,1
807,230,1
806,230,1
805,230,1
805,231,1
804,231,1
803,231,1
803,232,1
802,232,1
801,232,1
801,233,1
800,233,1
800,234,1
799,234,1
798,235,1
797,236,1
797,237,1
796,237,1
796,238,1
796,239,1
795,239,1
795,240,1
795,241,1
794,241,1
794,242,1
794,243,1
794,244,1
794,245,1
794,246,1
794,247,1
794,248,1
795,249,1
795,250,1
795,251,1
796,252,1
796,253,1
796,254,1
796,255,1
796,256,1
797,257,1
797,258,1
797,259,1
798,260,1
798,261,1
799,261,1
799,262,1
800,263,1
801,263,1
801,264,1
802,265,1
803,265,1
804,266,1
805,267,1
806,267,1
807,268,1
808,268,1
809,268,1
810,269,1
811,269,1
812,269,1
813,270,1
814,270,1
815,270,1
816,271,1
817,271,1
818,271,1
819,272,1
820,272,1
821,273,1
997,379,0
1190,478,1
1190,479,1
1190,480,1
1190,481,1
1190,482,1
1190,483,1
1190,484,1
1190,485,1
1190,486,1
1190,487,1
1190,488,1
1190,489,1
1190,490,1
1190,491,1
1190,492,1
1189,491,1
1189,490,1
1188,490,1
1188,489,1
1187,488,1
1187,487,1
1186,487,1
1186,486,1
1185,485,1
1185,484,1
1184,484,1
1183,483,1
1182,482,1
1182,481,1
1181,481,1
1181,480,1
1180,480,1
1180,479,1
1179,479,1
1179,478,1
1178,478,1
1178,477,1
1178,476,1
1177,476,1
1177,475,1
1176,475,1
1176,474,1
1175,473,1
1174,473,1
1174,472,1
1173,472,1
1173,471,1
1172,470,1
1171,469,1
1170,469,1
1170,468,1
1169,468,1
1168,467,1
1167,466,1
1166,466,1
1166,465,1
1165,465,1
1164,465,1
1164,464,1
1163,464,1
1162,464,1
1161,463,1
1160,463,1
1159,462,1
1158,462,1
1157,461,1
1156,461,1
1155,461,1
1154,461,1
1153,461,1
1152,460,1
1151,460,1
1150,460,1
1149,460,1
1148,460,1
1147,460,1
1146,460,1
1145,460,1
1144,460,1
1143,460,1
1142,460,1
1141,460,1
1140,460,1
1139,460,1
1138,461,1
1137,461,1
1136,461,1
1135,461,1
1134,461,1
1133,462,1
1132,462,1
1131,462,1
1130,462,1
1129,463,1
1128,463,1
1127,463,1
1126,463,1
1125,463,1
1124,463,1
1124,464,1
1123,464,1
1122,464,1
1121,464,1
1120,464,1
1119,464,1
1118,464,1
1118,465,1
1117,465,1
1116,465,1
1115,465,1
1114,465,1
1113,465,1
1112,465,1
1111,465,1
1110,465,1
1109,465,1
1108,465,1
1107,465,1
1106,465,1
1105,465,1
1104,465,1
1103,465,1
1102,465,1
1101,465,1
1100,465,1
1099,465,1
1098,465,1
1097,465,1
1096,465,1
1095,465,1
1095,464,1
1094,464,1
1093,464,1
1092,464,1
1091,464,1
1090,463,1
1089,463,1
1088,463,1
1087,463,1
1086,462,1
1085,462,1
1084,462,1
1083,461,1
1082,461,1
1081,461,1
1080,460,1
1079,460,1
1078,460,1
1077,460,1
1076,459,1
1075,459,1
1074,459,1
1073,458,1
1072,458,1
1071,458,1
1070,458,1
1070,457,1
1069,457,1
1068,457,1
1067,457,1
1066,457,1
1065,457,1
1064,457,1
1063,456,1
1062,456,1
1061,456,1
1060,456,1
1059,456,1
1058,456,1
1057,456,1
1056,456,1
1056,457,1
1055,457,1
1054,457,1
1053,457,1
1052,457,1
1051,457,1
1050,457,1
1049,457,1
1048,458,1
1047,458,1
1046,458,1
1045,459,1
1044,459,1
1043,459,1
1042,459,1
1041,460,1
1040,460,1
1039,460,1
1038,461,1
1037,461,1
1037,462,1
1036,462,1
1035,462,1
1034,463,1
1033,463,1
1032,464,1
1031,464,1
1030,465,1
1029,465,1
1028,466,1
1027,467,1
1026,467,1
1025,468,1
1024,469,1
1023,469,1
1022,470,1
1021,471,1
1020,472,1
1019,472,1
1018,473,1
1018,474,1
1017,474,1
1016,475,1
1015,476,1
1014,477,1
1013,478,1
1013,479,1
1012,479,1
1011,480,1
1011,481,1
1010,482,1
1009,482,1
1009,483,1
1008,484,1
1008,485,1
1007,486,1
1006,486,1
1006,487,1
1005,488,1
1005,489,1
1004,490,1
1003,491,1
1003,492,1
1003,493,1
1002,494,1
1002,495,1
1001,496,1
1001,497,1
1000,498,1
1000,499,1
1000,500,1
1000,501,1
999,502,1
999,503,1
999,504,1
999,505,1
999,506,1
998,506,1
998,507,1
998,508,1
998,509,1
998,510,1
998,511,1
998,512,1
998,513,1
998,514,1
999,515,1
999,516,1
999,517,1
999,518,1
999,519,1
1000,520,1
1000,521,1
1000,522,1
1001,522,1
1001,523,1
1001,524,1
1002,525,1
1002,526,1
1003,527,1
1003,528,1
1004,528,1
1004,529,1
1005,530,1
1005,531,1
1006,531,1
1007,532,1
1007,533,1
1008,533,1
1008,534,1
1009,535,1
1009,536,1
1010,536,1
1010,537,1
1011,538,1
1011,539,1
1012,539,1
1013,540,1
1013,541,1
1014,542,1
1015,542,1
1016,543,1
1016,544,1
1017,544,1
1018,545,1
1019,546,1
1020,546,1
1021,547,1
1022,547,1
1023,547,1
1024,548,1
1025,548,1
1026,548,1
1027,549,1
1028,549,1
1029,549,1
1030,549,1
1031,550,1
1032,550,1
1033,550,1
1034,551,1
1035,551,1
1036,551,1
1037,551,1
1038,551,1
1039,552,1
1040,552,1
1153,524,0
1282,488,1
1282,489,1
1282,490,1
1282,491,1
1282,492,1
1282,493,1
1282,494,1
1282,495,1
1282,496,1
1282,497,1
1282,498,1
1282,499,1
1282,500,1
1283,500,1
1284,500,1
1284,499,1
1284,498,1
1284,497,1
1285,497,1
1285,496,1
1285,495,1
1285,494,1
1286,493,1
1286,492,1
1286,491,1
1286,490,1
1286,489,1
1286,488,1
1287,487,1
1287,486,1
1287,485,1
1287,484,1
1288,483,1
1288,482,1
1288,481,1
1288,480,1
1288,479,1
1288,478,1
1289,477,1
1289,476,1
1289,475,1
1289,474,1
1289,473,1
1289,472,1
1289,471,1
1290,470,1
1290,469,1
1290,468,1
1290,467,1
1290,466,1
1290,465,1
1290,464,1
1290,463,1
1290,462,1
1290,461,1
1290,460,1
1291,459,1
1291,458,1
1291,457,1
1291,456,1
1291,455,1
1291,454,1
1291,453,1
1291,452,1
1291,451,1
1291,450,1
1291,449,1
1291,448,1
1291,447,1
1291,446,1
1291,445,1
1291,444,1
1291,443,1
1291,442,1
1291,441,1
1291,440,1
1291,439,1
1291,438,1
1291,437,1
1291,436,1
1291,435,1
1291,434,1
1291,433,1
1291,432,1
1291,431,1
1291,430,1
1291,429,1
1291,428,1
1291,427,1
1291,426,1
1291,425,1
1291,424,1
1291,423,1
1291,422,1
1291,421,1
1291,420,1
1291,419,1
1291,418,1
1291,417,1
1290,416,1
1290,415,1
1290,414,1
1290,413,1
1290,412,1
1290,411,1
1290,410,1
1290,409,1
1290,408,1
1290,407,1
1290,406,1
1289,405,1
1289,404,1
1289,403,1
1289,402,1
1289,401,1
1289,400,1
1289,399,1
1289,398,1
1289,397,1
1288,396,1
1288,395,1
1288,394,1
1288,393,1
1288,392,1
1288,391,1
1288,390,1
1287,389,1
1287,388,1
1287,387,1
1287,386,1
1287,385,1
1287,384,1
1286,383,1
1286,382,1
1286,381,1
1286,380,1
1286,379,1
1285,378,1
1285,377,1
1285,376,1
1285,375,1
1284,374,1
1284,373,1
1284,372,1
1284,371,1
1283,370,1
1283,369,1
1283,368,1
1283,367,1
1282,366,1
1282,365,1
1282,364,1
1282,363,1
1281,362,1
1281,361,1
1281,360,1
1280,359,1
1280,358,1
1280,357,1
1279,356,1
1279,355,1
1279,354,1
1278,353,1
1277,352,1
1277,351,1
1277,350,1
1276,349,1
1276,348,1
1276,347,1
1275,346,1
1275,345,1
1274,344,1
1274,343,1
1273,342,1
1273,341,1
1272,340,1
1272,339,1
1271,338,1
1271,337,1
1270,336,1
1270,335,1
1269,334,1
1268,333,1
1267,332,1
1267,331,1
1266,330,1
1266,329,1
1265,328,1
1264,328,1
1264,327,1
1263,326,1
1263,325,1
1262,324,1
1261,324,1
1261,323,1
1260,322,1
1259,321,1
1258,321,1
1258,320,1
1257,319,1
1256,318,1
1255,317,1
1254,316,1
1253,316,1
1253,315,1
1252,314,1
1251,314,1
1250,313,1
1249,313,1
1249,312,1
1248,311,1
1247,311,1
1246,310,1
1245,310,1
1245,309,1
1244,309,1
1243,308,1
1242,308,1
1241,307,1
1240,307,1
1240,306,1
1239,306,1
1238,305,1
1237,305,1
1236,305,1
1235,304,1
1234,304,1
1233,304,1
1232,303,1
1231,303,1
1230,302,1
1229,302,1
1228,302,1
1227,301,1
1226,301,1
1225,301,1
1224,301,1
1223,301,1
1222,300,1
1221,300,1
1220,300,1
1219,300,1
1218,300,1
1217,300,1
1216,300,1
1215,300,1
1214,300,1
1213,300,1
1212,300,1
1211,300,1
1210,300,1
1209,300,1
1208,300,1
1207,300,1
1206,300,1
1205,300,1
1204,300,1
1203,300,1
1203,301,1
1202,301,1
1201,301,1
1200,301,1
1199,301,1
1198,302,1
1197,302,1
1196,302,1
1195,303,1
1194,303,1
1193,304,1
1192,304,1
1191,304,1
1190,305,1
1189,306,1
1188,306,1
1187,307,1
1186,307,1
1186,308,1
1185,308,1
1184,309,1
1183,310,1
1182,310,1
1181,311,1
1180,312,1
1179,312,1
1179,313,1
1178,314,1
1177,315,1
1176,315,1
1176,316,1
1175,317,1
1175,318,1
1174,318,1
1174,319,1
1173,320,1
1173,321,1
1172,322,1
1172,323,1
1171,323,1
1171,324,1
1171,325,1
1170,326,1
1170,327,1
1169,328,1
1169,329,1
1169,330,1
1168,331,1
1168,332,1
1168,333,1
1168,334,1
1168,335,1
1167,336,1
1167,337,1
1167,338,1
1167,339,1
1167,340,1
1167,341,1
1167,342,1
1167,343,1
1167,344,1
1167,345,1
1168,346,1
1168,347,1
1168,348,1
1168,349,1
1168,350,1
1169,351,1
1169,352,1
1169,353,1
1170,354,1
1170,355,1
1171,356,1
1171,357,1
1171,358,1
1172,359,1
1173,360,1
1173,361,1
1174,362,1
1175,363,1
1175,364,1
1175,365,1
1176,366,1
1177,367,1
1177,368,1
1177,369,1
1178,370,1
1178,371,1
1179,371,1
1179,372,1
1180,373,1
1180,374,1
1181,375,1
1182,375,1
1182,376,1
1183,377,1
1184,377,1
1185,378,1
1185,379,1
1186,379,1
1187,380,1
1188,380,1
1189,381,1
1190,381,1
1191,382,1
1192,382,1
1193,383,1
1194,383,1
1195,384,1
1196,384,1
1197,385,1
1198,385,1
1199,386,1
1200,386,1
1201,386,1
1202,386,1
1203,387,1
1364,392,0
1526,410,1
1527,410,1
1528,410,1
1529,410,1
1530,409,1
1531,409,1
1532,409,1
1533,409,1
1534,408,1
1535,408,1
1536,408,1
1537,407,1
1538,407,1
1539,407,1
1540,406,1
1541,406,1
1542,406,1
1543,405,1
1544,405,1
1544,404,1
1545,404,1
1546,404,1
1547,404,1
1548,404,1
1549,404,1
1550,404,1
1551,404,1
1552,405,1
1553,406,1
1554,407,1
1555,408,1
1556,408,1
1557,409,1
1558,409,1
1558,410,1
1559,410,1
1559,411,1
1560,411,1
1560,412,1
1561,413,1
1561,414,1
1562,414,1
1562,415,1
1562,416,1
1562,417,1
1563,417,1
1563,418,1
1563,419,1
1563,420,1
1563,421,1
1564,421,1
1564,422,1
1564,423,1
1564,424,1
1564,425,1
1564,426,1
1564,427,1
1564,428,1
1564,429,1
1565,430,1
1565,431,1
1565,432,1
1565,433,1
1565,434,1
1565,435,1
1565,436,1
1565,437,1
1565,438,1
1565,439,1
1565,440,1
1565,441,1
1565,442,1
1565,443,1
1565,444,1
1565,445,1
1565,446,1
1565,447,1
1566,448,1
1566,449,1
1566,450,1
1566,451,1
1566,452,1
1566,453,1
1566,454,1
1566,455,1
1566,456,1
1566,457,1
1566,458,1
1566,459,1
1566,460,1
1566,461,1
1566,462,1
1566,463,1
1566,464,1
1566,465,1
1566,466,1
1566,467,1
1566,468,1
1566,469,1
1567,470,1
1567,471,1
1567,472,1
1567,473,1
1567,474,1
1567,475,1
1568,476,1
1568,477,1
1568,478,1
1569,479,1
1570,480,1
1570,481,1
1571,482,1
1572,482,1
1572,483,1
1573,484,1
1574,484,1
1575,485,1
1620,465,0
1674,442,1
1674,443,1
1674,444,1
1674,445,1
1674,446,1
1674,447,1
1674,448,1
1674,449,1
1674,450,1
1674,451,1
1674,452,1
1674,453,1
1674,454,1
1674,455,1
1674,456,1
1674,457,1
1674,458,1
1674,459,1
1674,460,1
1674,461,1
1674,462,1
1674,463,1
1674,464,1
1674,465,1
1674,466,1
1674,467,1
1674,468,1
1674,469,1
1675,470,1
1675,471,1
1675,472,1
1675,473,1
1675,474,1
1675,475,1
1675,476,1
1675,477,1
1675,478,1
1675,479,1
1675,480,1
1675,481,1
1675,482,1
1675,483,1
1675,484,1
1675,485,1
1675,486,1
1675,487,1
1675,488,1
1675,489,1
1675,490,1
1675,491,1
1675,492,1
1675,493,1
1675,494,1
1675,495,1
1675,496,1
1675,497,1
1675,498,1
1676,499,1
1676,500,1
1676,501,1
1676,502,1
1676,503,1
1676,504,1
1676,505,1
1676,506,1
1676,507,1
1676,508,1
1676,509,1
1676,510,1
1676,511,1
1676,512,1
1676,513,1
1676,514,1
1676,515,1
1676,516,1
1676,517,1
1676,518,1
1676,519,1
1676,520,1
1676,521,1
1676,522,1
1676,523,1
1676,524,1
1676,525,1
1676,526,1
1676,527,1
1676,528,1
1676,529,1
1676,530,1
1025,432,0
356,354,1
357,354,1
358,354,1
359,354,1
360,354,1
361,354,1
362,354,1
363,354,1
364,354,1
365,354,1
366,354,1
367,354,1
368,353,1
369,353,1
370,353,1
371,353,1
372,353,1
373,353,1
374,353,1
375,353,1
376,353,1
377,353,1
378,353,1
379,353,1
380,352,1
381,352,1
382,352,1
383,352,1
384,352,1
385,352,1
386,352,1
387,352,1
388,352,1
389,352,1
390,352,1
391,352,1
392,352,1
393,351,1
394,351,1
395,351,1
396,351,1
397,351,1
398,351,1
399,351,1
400,351,1
401,351,1
402,351,1
403,351,1
404,351,1
405,350,1
406,350,1
407,350,1
408,350,1
409,350,1
410,350,1
411,350,1
412,350,1
413,350,1
414,350,1
415,350,1
416,350,1
417,350,1
418,349,1
419,349,1
420,349,1
421,349,1
422,349,1
423,349,1
424,349,1
425,349,1
426,349,1
427,349,1
428,349,1
429,349,1
430,348,1
431,348,1
432,348,1
433,348,1
434,348,1
435,348,1
436,348,1
437,348,1
438,348,1
439,348,1
440,348,1
441,348,1
442,348,1
443,347,1
444,347,1
445,347,1
446,347,1
447,347,1
448,347,1
449,347,1
450,347,1
451,347,1
452,347,1
453,347,1
454,347,1
455,347,1
456,346,1
457,346,1
458,346,1
459,346,1
460,346,1
461,346,1
462,346,1
463,346,1
464,346,1
465,346,1
466,346,1
467,346,1
468,346,1
469,346,1
470,345,1
471,345,1
472,345,1
473,345,1
474,345,1
475,345,1
476,345,1
477,345,1
478,345,1
479,345,1
480,345,1
481,345,1
482,344,1
483,344,1
484,344,1
485,344,1
486,344,1
487,344,1
488,344,1
489,344,1
490,344,1
491,344,1
492,344,1
493,344,1
494,344,1
495,344,1
496,344,1
497,343,1
498,343,1
499,343,1
500,343,1
501,343,1
502,343,1
503,343,1
504,343,1
505,343,1
506,343,1
507,343,1
508,343,1
509,343,1
510,342,1
511,342,1
512,342,1
513,342,1
514,342,1
515,342,1
516,342,1
517,342,1
518,342,1
519,342,1
520,342,1
521,342,1
522,342,1
523,342,1
524,342,1
525,342,1
526,342,1
527,341,1
528,341,1
529,341,1
530,341,1
531,341,1
532,341,1
533,341,1
534,341,1
535,341,1
536,341,1
537,341,1
538,341,1
539,341,1
540,340,1
541,340,1
542,340,1
543,340,1
544,340,1
545,340,1
546,340,1
547,340,1
548,340,1
549,340,1
550,340,1
551,340,1
552,340,1
553,340,1
554,340,1
555,340,1
556,340,1
557,340,1
558,339,1
559,339,1
560,339,1
561,339,1
562,339,1
563,339,1
564,339,1
565,339,1
566,339,1
567,339,1
568,339,1
569,339,1
570,339,1
571,339,1
572,339,1
573,338,1
574,338,1
575,338,1
576,338,1
577,338,1
578,338,1
579,338,1
580,338,1
581,338,1
582,338,1
583,338,1
584,338,1
585,338,1
586,338,1
587,338,1
588,338,1
589,338,1
590,338,1
591,338,1
592,337,1
593,337,1
594,337,1
595,337,1
596,337,1
597,337,1
598,337,1
599,337,1
600,337,1
601,337,1
602,337,1
603,337,1
604,337,1
605,337,1
606,337,1
607,337,1
608,337,1
609,336,1
610,336,1
611,336,1
612,336,1
613,336,1
614,336,1
615,336,1
616,336,1
617,336,1
618,336,1
619,336,1
620,336,1
621,336,1
622,336,1
623,336,1
624,336,1
625,336,1
626,336,1
627,336,1
628,335,1
629,335,1
630,335,1
631,335,1
632,335,1
633,335,1
634,335,1
635,335,1
636,335,1
637,335,1
638,335,1
639,335,1
640,335,1
641,335,1
642,335,1
643,335,1
644,335,1
645,335,1
646,335,1
647,334,1
648,334,1
649,334,1
650,334,1
651,334,1
652,334,1
653,334,1
654,334,1
655,334,1
656,334,1
657,334,1
658,334,1
659,334,1
660,334,1
661,334,1
662,334,1
663,334,1
664,334,1
665,334,1
666,333,1
667,333,1
668,333,1
669,333,1
670,333,1
671,333,1
672,333,1
673,333,1
674,333,1
675,333,1
676,333,1
677,333,1
678,333,1
679,333,1
680,333,1
681,333,1
682,333,1
683,333,1
684,333,1
685,333,1
686,333,1
687,332,1
688,332,1
689,332,1
690,332,1
691,332,1
692,332,1
693,332,1
694,332,1
695,332,1
696,332,1
697,332,1
698,332,1
699,332,1
700,332,1
701,332,1
702,332,1
703,332,1
704,332,1
705,332,1
706,331,1
707,331,1
708,331,1
709,331,1
710,331,1
711,331,1
712,331,1
713,331,1
714,331,1
715,331,1
716,331,1
717,331,1
718,331,1
719,331,1
720,331,1
721,331,1
722,331,1
723,331,1
724,331,1
725,331,1
726,331,1
727,331,1
728,331,1
729,331,1
730,331,1
731,330,1
732,330,1
733,330,1
734,330,1
735,330,1
736,330,1
737,330,1
738,330,1
739,330,1
740,330,1
741,330,1
742,330,1
743,330,1
744,330,1
745,330,1
746,330,1
747,330,1
748,330,1
749,330,1
750,329,1
751,329,1
752,329,1
753,329,1
754,329,1
755,329,1
756,329,1
757,329,1
758,329,1
759,329,1
760,329,1
761,329,1
762,329,1
763,329,1
764,329,1
765,329,1
766,329,1
767,329,1
768,329,1
769,329,1
770,329,1
771,329,1
772,329,1
773,329,1
774,329,1
775,329,1
776,329,1
777,329,1
778,329,1
779,329,1
780,328,1
781,328,1
782,328,1
783,328,1
784,328,1
785,328,1
786,328,1
787,328,1
788,328,1
789,328,1
790,328,1
791,328,1
792,328,1
793,328,1
794,328,1
795,328,1
796,328,1
797,328,1
798,328,1
799,327,1
800,327,1
801,327,1
802,327,1
803,327,1
804,327,1
805,327,1
806,327,1
807,327,1
808,327,1
809,327,1
810,327,1
811,327,1
812,327,1
813,327,1
814,327,1
815,327,1
816,327,1
817,327,1
818,327,1
819,327,1
820,327,1
821,327,1
822,327,1
823,327,1
824,327,1
825,327,1
826,327,1
827,327,1
828,327,1
829,327,1
830,327,1
831,327,1
832,327,1
833,327,1
834,326,1
835,326,1
836,326,1
837,326,1
838,326,1
839,326,1
840,326,1
841,326,1
842,326,1
843,326,1
844,326,1
845,326,1
846,326,1
847,326,1
848,326,1
849,326,1
850,326,1
851,326,1
852,326,1
853,326,1
854,326,1
855,326,1
856,326,1
857,326,1
858,326,1
859,326,1
860,326,1
861,326,1
862,326,1
863,326,1
864,326,1
865,326,1
866,326,1
867,325,1
868,325,1
869,325,1
870,325,1
871,325,1
872,325,1
873,325,1
874,325,1
875,325,1
876,325,1
877,325,1
878,325,1
879,325,1
880,325,1
881,325,1
882,325,1
883,325,1
884,325,1
885,325,1
886,325,1
887,325,1
888,325,1
889,325,1
890,325,1
891,325,1
892,325,1
893,325,1
894,325,1
895,325,1
896,325,1
897,325,1
898,325,1
899,325,1
900,325,1
901,325,1
902,325,1
903,325,1
904,324,1
905,324,1
906,324,1
907,324,1
908,324,1
909,324,1
910,324,1
911,324,1
912,324,1
913,324,1
914,324,1
915,324,1
916,324,1
917,324,1
918,324,1
919,324,1
920,324,1
921,324,1
922,324,1
923,324,1
924,324,1
925,324,1
926,324,1
927,324,1
928,324,1
929,324,1
930,324,1
931,324,1
932,324,1
933,324,1
934,324,1
935,324,1
936,324,1
937,324,1
938,324,1
939,324,1
940,324,1
941,323,1
942,323,1
943,323,1
944,323,1
945,323,1
946,323,1
947,323,1
948,323,1
949,323,1
950,323,1
951,323,1
952,323,1
953,323,1
954,323,1
955,323,1
956,323,1
957,323,1
958,323,1
959,323,1
960,323,1
961,323,1
962,323,1
963,323,1
964,323,1
965,323,1
966,323,1
967,323,1
968,323,1
969,323,1
970,323,1
971,323,1
972,323,1
973,323,1
974,323,1
975,323,1
976,323,1
977,323,1
978,322,1
979,322,1
980,322,1
981,322,1
982,322,1
983,322,1
984,322,1
985,322,1
986,322,1
987,322,1
988,322,1
989,322,1
990,322,1
991,322,1
992,322,1
993,322,1
994,322,1
995,322,1
996,322,1
997,322,1
998,322,1
999,322,1
1000,322,1
1001,322,1
1002,322,1
1003,322,1
1004,322,1
1005,322,1
1006,322,1
1007,322,1
1008,322,1
1009,322,1
1010,322,1
1011,322,1
1012,322,1
1013,322,1
1014,322,1
1015,322,1
1016,322,1
1017,322,1
1018,322,1
1019,321,1
1020,321,1
1021,321,1
1022,321,1
1023,321,1
1024,321,1
1025,321,1
1026,321,1
1027,321,1
1028,321,1
1029,321,1
1030,321,1
1031,321,1
1032,321,1
1033,321,1
1034,321,1
1035,321,1
1036,321,1
1037,321,1
1038,321,1
1039,321,1
1040,321,1
1041,321,1
1042,321,1
1043,321,1
1044,321,1
1045,321,1
1046,321,1
1047,321,1
1048,321,1
1049,321,1
1050,321,1
1051,321,1
1052,321,1
1053,321,1
1054,321,1
1055,321,1
1056,320,1
1057,320,1
1058,320,1
1059,320,1
1060,320,1
1061,320,1
1062,320,1
1063,320,1
1064,320,1
1065,320,1
1066,320,1
1067,320,1
1068,320,1
1069,320,1
1070,320,1
1071,320,1
1072,320,1
1073,320,1
1074,320,1
1075,320,1
1076,320,1
1077,320,1
1078,320,1
1079,320,1
1080,320,1
1081,320,1
1082,320,1
1083,320,1
1084,320,1
1085,320,1
1086,320,1
1087,320,1
1088,320,1
1089,320,1
1090,320,1
1091,320,1
1092,320,1
1093,320,1
1094,320,1
1095,320,1
1096,320,1
1097,320,1
1098,320,1
1099,320,1
1100,320,1
1101,320,1
1102,320,1
1103,320,1
1104,320,1
1105,320,1
1106,320,1
1107,320,1
1108,320,1
1109,320,1
1110,320,1
1111,320,1
1112,320,1
1113,319,1
1114,319,1
1115,319,1
1116,319,1
1117,319,1
1118,319,1
1119,319,1
1120,319,1
1121,319,1
1122,319,1
1123,319,1
1124,319,1
1125,319,1
1126,319,1
1127,319,1
1128,319,1
1129,319,1
1130,319,1
1131,319,1
1132,319,1
1133,319,1
1134,319,1
1135,319,1
1136,319,1
1137,319,1
1138,319,1
1139,319,1
1140,319,1
1141,319,1
1142,319,1
1143,319,1
1144,319,1
1145,319,1
1146,319,1
1147,319,1
1148,319,1
1149,319,1
1150,318,1
1151,318,1
1152,318,1
1153,318,1
1154,318,1
1155,318,1
1156,318,1
1157,318,1
1158,318,1
1159,318,1
1160,318,1
1161,318,1
1162,318,1
1163,318,1
1164,318,1
1165,318,1
1166,318,1
1167,318,1
1168,318,1
1169,318,1
1170,318,1
1171,318,1
1172,318,1
1173,318,1
1174,318,1
1175,318,1
1176,318,1
1177,318,1
1178,318,1
1179,318,1
1180,318,1
1181,318,1
1182,318,1
1183,318,1
1184,318,1
1185,318,1
1186,318,1
1187,318,1
1188,318,1
1189,318,1
1190,318,1
1191,318,1
1192,318,1
1193,318,1
1194,318,1
1195,318,1
1196,318,1
1197,318,1
1198,318,1
1199,318,1
1200,318,1
1201,318,1
1202,318,1
1203,318,1
1204,318,1
1205,318,1
1206,318,1
1207,318,1
1208,318,1
1209,318,1
1210,318,1
1211,318,1
1212,318,1
1213,318,1
1214,318,1
1215,318,1
1216,318,1
1217,318,1
1218,318,1
1219,318,1
1220,318,1
1221,317,1
1222,317,1
1223,317,1
1224,317,1
1225,317,1
1226,317,1
1227,317,1
1228,317,1
1229,317,1
1230,317,1
1231,317,1
1232,317,1
1233,317,1
1234,317,1
1235,317,1
1236,317,1
1237,317,1
1238,317,1
1239,317,1
1240,317,1
1241,317,1
1242,317,1
1243,317,1
1244,317,1
1245,317,1
1246,317,1
1247,317,1
1248,317,1
1249,317,1
1250,317,1
1251,317,1
1252,317,1
1253,317,1
1254,317,1
1255,317,1
1256,317,1
1257,317,1
1258,316,1
1259,316,1
1260,316,1
1261,316,1
1262,316,1
1263,316,1
1264,316,1
1265,316,1
1266,316,1
1267,316,1
1268,316,1
1269,316,1
1270,316,1
1271,316,1
1272,316,1
1273,316,1
1274,316,1
1275,316,1
1276,316,1
1277,316,1
1278,316,1
1279,316,1
1280,316,1
1281,316,1
1282,316,1
1283,316,1
1284,316,1
1285,316,1
1286,316,1
1287,316,1
1288,316,1
1289,316,1
1290,316,1
1291,316,1
1292,316,1
1293,316,1
1294,316,1
1295,316,1
1296,316,1
1297,316,1
1298,316,1
1299,316,1
1300,316,1
1301,316,1
1302,316,1
1303,316,1
1304,316,1
1305,316,1
1306,316,1
1307,316,1
1308,316,1
1309,316,1
1310,316,1
1311,316,1
1312,316,1
1313,316,1
1314,316,1
1315,316,1
1316,316,1
1317,316,1
1318,316,1
1319,316,1
1320,316,1
1321,316,1
1322,316,1
1323,316,1
1324,316,1
1325,316,1
1326,316,1
1327,315,1
1328,315,1
1329,315,1
1330,315,1
1331,315,1
1332,315,1
1333,315,1
1334,315,1
1335,315,1
1336,315,1
1337,315,1
1338,315,1
1339,315,1
1340,315,1
1341,315,1
1342,315,1
1343,315,1
1344,315,1
1345,315,1
1346,315,1
1347,315,1
1348,315,1
1349,315,1
1350,315,1
1351,315,1
1352,315,1
1353,315,1
1354,315,1
1355,315,1
1356,315,1
1357,315,1
1358,315,1
1359,315,1
1360,315,1
1361,315,1
1362,315,1
1363,315,1
1364,314,1
1365,314,1
1366,314,1
1367,314,1
1368,314,1
1369,314,1
1370,314,1
1371,314,1
1372,314,1
1373,314,1
1374,314,1
1375,314,1
1376,314,1
1377,314,1
1378,314,1
1379,314,1
1380,314,1
1381,314,1
1382,314,1
1383,314,1
1384,314,1
1385,314,1
1386,314,1
1387,314,1
1388,314,1
1389,314,1
1390,314,1
1391,314,1
1392,314,1
1393,314,1
1394,314,1
1395,314,1
1396,314,1
1397,314,1
1398,314,1
1399,314,1
1400,314,1
1401,314,1
1402,314,1
1403,314,1
1404,314,1
1405,314,1
1406,314,1
1407,314,1
1408,314,1
1409,314,1
1410,314,1
1411,314,1
1412,314,1
1413,314,1
1414,314,1
1415,314,1
1416,314,1
1417,314,1
1418,314,1
1419,314,1
1420,314,1
1421,314,1
1422,314,1
1423,314,1
1424,314,1
1425,314,1
1426,314,1
1427,314,1
1428,314,1
1429,314,1
1430,314,1
1431,314,1
1432,314,1
1433,313,1
1434,313,1
1435,313,1
1436,313,1
1437,313,1
1438,313,1
1439,313,1
1440,313,1
1441,313,1
1442,313,1
1443,313,1
1444,313,1
1445,313,1
1446,313,1
1447,313,1
1448,313,1
1449,313,1
1450,313,1
1451,313,1
1452,313,1
1453,313,1
1454,313,1
1455,313,1
1456,313,1
1457,313,1
1458,313,1
1459,313,1
1460,313,1
1461,313,1
1462,313,1
1463,313,1
1464,313,1
1465,313,1
1466,313,1
1467,313,1
1468,313,1
1469,313,1
1470,312,1
1471,312,1
1472,312,1
1473,312,1
1474,312,1
1475,312,1
1476,312,1
1477,312,1
1478,312,1
1479,312,1
1480,312,1
1481,312,1
1482,312,1
1483,312,1
1484,312,1
1485,312,1
1486,312,1
1487,312,1
1488,312,1
1489,312,1
1490,312,1
1491,312,1
1492,312,1
1493,312,1
1494,312,1
1495,312,1
1496,312,1
1497,312,1
1498,312,1
1499,312,1
1500,312,1
1501,312,1
1502,312,1
1503,312,1
1504,312,1
1505,312,1
1506,312,1
1507,312,1
1508,312,1
1509,312,1
1510,312,1
1511,312,1
1512,312,1
1513,312,1
1514,312,1
1515,312,1
1516,312,1
1517,312,1
1518,312,1
1519,312,1
1520,312,1
1521,312,1
1522,312,1
1523,312,1
1524,312,1
1525,312,1
1526,312,1
1527,312,1
1528,312,1
1529,312,1
1530,312,1
1531,312,1
1532,312,1
1533,312,1
1534,312,1
1535,312,1
1536,312,1
1537,311,1
1538,311,1
1539,311,1
1540,311,1
1541,311,1
1542,311,1
1543,311,1
1544,311,1
1545,311,1
1546,311,1
1547,311,1
1548,311,1
1549,311,1
1550,311,1
1551,311,1
1552,311,1
1553,311,1
1554,311,1
1555,311,1
1556,311,1
1557,311,1
1558,311,1
1559,311,1
1560,311,1
1561,311,1
1562,311,1
1563,311,1
1564,311,1
1565,311,1
1566,311,1
1567,311,1
1568,311,1
1569,311,1
1570,311,1
1571,311,1
1572,311,1
1573,311,1
1574,310,1
1575,310,1
1576,310,1
1577,310,1
1578,310,1
1579,310,1
1580,310,1
1581,310,1
1582,310,1
1583,310,1
1584,310,1
1585,310,1
1586,310,1
1587,310,1
1588,310,1
1589,310,1
1590,310,1
1591,310,1
1592,310,1
1593,310,1
1594,310,1
1595,310,1
1596,310,1
1597,310,1
1598,310,1
1599,310,1
1600,310,1
1601,310,1
1602,310,1
1603,310,1
1604,310,1
1605,310,1
1606,310,1
1607,310,1
1608,310,1
1609,310,1
1610,310,1
1611,310,1
1612,310,1
1613,310,1
1614,310,1
1615,310,1
1616,310,1
1617,310,1
1618,310,1
1619,310,1
1620,310,1
1621,310,1
1622,310,1
1623,310,1
1624,310,1
1625,310,1
1626,310,1
1627,310,1
1628,310,1
1629,310,1
1630,310,1
1631,310,1
1632,310,1
1633,310,1
1634,310,1
1635,309,1
1636,309,1
1637,309,1
1638,309,1
1639,309,1
1640,309,1
1641,309,1
1642,309,1
1643,309,1
1644,309,1
1645,309,1
1646,309,1
1647,309,1
1648,309,1
1649,309,1
1650,309,1
1651,309,1
1652,309,1
1653,309,1
1654,309,1
1655,309,1
1656,309,1
1657,309,1
1658,309,1
1659,309,1
1660,309,1
1661,309,1
1662,309,1
1663,309,1
1664,309,1
1665,309,1
1666,309,1
1667,309,1
1668,309,1
1669,309,1
1670,309,1
1671,309,1
1672,308,1
1673,308,1
1674,308,1
1675,308,1
1676,308,1
1677,308,1
1678,308,1
1679,308,1
1680,308,1
1681,308,1
1682,308,1
1683,308,1
1684,308,1
1685,308,1
1686,308,1
1687,308,1
1688,308,1
1689,308,1
1690,308,1
1691,308,1
1692,308,1
1693,308,1
1694,308,1
1695,308,1
1696,308,1
1697,308,1
1698,308,1
1699,308,1
1700,308,1
1701,308,1
1702,308,1
1703,308,1
1704,308,1
1705,308,1
1706,308,1
1707,308,1
1708,308,1
1709,308,1
1710,308,1
1711,308,1
1712,308,1
1713,308,1
1714,308,1
1715,308,1
1716,308,1
1717,308,1
1718,308,1
1719,308,1
1720,308,1
1721,308,1
1722,308,1
1723,308,1
1724,308,1
1725,308,1
1726,308,1
1727,308,1
1728,308,1
1729,308,1
1730,308,1
1731,308,1
1732,308,1
1733,308,1
1734,308,1
1735,308,1
1736,308,1
1737,308,1
1738,308,1
1739,308,1
1740,308,1
1741,308,1
1742,308,1
1743,308,1
1744,308,1
1745,308,1
1746,308,1
1747,308,1
1748,308,1
1749,308,1
1750,308,1
1751,308,1
1752,308,1
1753,308,1
1754,308,1
1755,308,1
1756,308,1
1757,308,1
1758,308,1
1759,308,1
1760,308,1
1761,308,1
1762,308,1
1763,308,1
1764,308,1
1765,308,1
1766,308,1
1767,308,1
1768,308,1
1769,308,1
1770,308,1
1771,308,1
1772,308,1
1773,308,1
1774,308,1
1775,308,1
1776,308,1
1777,308,1
1778,308,1
1779,308,1
1780,308,1
1781,308,1
1782,308,1
1783,308,1
1784,308,1
1785,308,1
1786,308,1
1787,308,1
1788,308,1
1789,308,1
1790,308,1
1791,308,1
1792,308,1
1793,308,1
1794,308,1
1795,308,1
1796,308,1
1797,308,1
1798,308,1
1799,308,1
1800,308,1
1801,308,1
1802,308,1
1803,308,1
1804,308,1
1805,308,1
1806,308,1
1807,308,1
1808,308,1
1809,308,1
1810,308,1
1811,308,1
1812,308,1
1813,307,1
1814,307,1
1815,307,1
1816,307,1
1817,307,1
1818,307,1
1819,307,1
1820,307,1
1821,307,1
1822,307,1
1823,307,1
1824,307,1
1825,307,1
1826,307,1
1827,307,1
1828,307,1
1829,307,1
1830,307,1
1831,307,1
1832,307,1
1833,307,1
1834,307,1
1835,307,1
1836,307,1
1837,307,1
1838,307,1
1839,307,1
1840,307,1
1841,307,1
1842,307,1
1843,307,1
1844,307,1
1845,307,1
1846,307,1
1847,307,1
1848,307,1
1849,307,1
1850,306,1
1851,306,1
1852,306,1
1853,306,1
1854,306,1
1855,306,1
1856,306,1
1857,306,1
1858,306,1
1859,306,1
1860,306,1
1861,306,1
1862,306,1
1863,306,1
1864,306,1
1865,306,1
1866,306,1
1867,306,1
1868,306,1
1869,306,1
1870,306,1
1871,306,1
1872,306,1
1873,306,1
1874,306,1
1875,306,1
1876,306,1
1877,306,1
1878,306,1
1879,306,1
1880,306,1
1881,306,1
1882,306,1
1883,306,1
1884,306,1
1885,306,1
1886,306,1
1887,306,1
1888,306,1
1889,306,1
1890,306,1
1891,306,1
1892,306,1
1893,306,1
1894,306,1
1895,306,1
1896,306,1
1897,306,1
1898,306,1
1899,306,1
1900,306,1
1901,306,1
1902,306,1
1903,306,1
1904,306,1
1905,306,1
1906,306,1
1907,306,1
1908,306,1
1909,306,1
1910,306,1
1911,306,1
1912,306,1
1913,306,1
1914,306,1
1915,306,1
1916,306,1
1917,306,1
1918,306,1
1919,306,1
1920,306,1
1921,306,1
1922,306,1
1923,306,1
1924,306,1
1925,306,1
1926,306,1
1927,306,1
1928,306,1
1929,306,1
1930,306,1
1931,306,1
1932,306,1
1933,306,1
1934,306,1
1935,306,1
1936,306,1
1937,306,1
1938,306,1
1939,306,1
1940,306,1
1941,306,1
1942,306,1
1943,306,1
1944,306,1
1945,306,1
1946,306,1
1947,306,1
1948,306,1
1949,306,1
1950,306,1
1951,306,1
1952,306,1
1953,306,1
1954,306,1
1955,306,1
1956,306,1
1957,306,1
1958,306,1
1959,306,1
1960,306,1
1961,306,1
1962,306,1
1963,306,1
1964,306,1
1965,306,1
1966,306,1
1967,306,1
1968,306,1
1969,306,1
1970,306,1
1971,306,1
1972,306,1
1973,306,1
1974,306,1
1975,306,1
1976,306,1
1977,306,1
1978,306,1
1979,306,1
1980,306,1
1981,306,1
1982,306,1
1983,306,1
1984,306,1
1985,306,1
1986,306,1
1987,306,1
1988,306,1
1989,306,1
1990,306,1
1991,306,1
1992,306,1
1993,306,1
1994,306,1
1995,306,1
1996,306,1
1997,306,1
1998,306,1
1999,306,1
2000,306,1
2001,306,1
2002,306,1
2003,306,1
2004,306,1
2005,306,1
2006,306,1
2007,306,1
2008,306,1
2009,306,1
2010,306,1
2011,306,1
2012,306,1
2013,306,1
2014,306,1
2015,306,1
2016,306,1
2017,306,1
2018,306,1
2019,306,1
2020,306,1
2021,306,1
2022,306,1
2023,306,1
2024,306,1
2025,306,1
2026,306,1
2027,306,1
2028,306,1
2029,306,1
2030,306,1
2031,306,1
2032,306,1
2033,306,1
2034,306,1
2035,306,1
2036,306,1
2037,306,1
2038,306,1
2039,306,1
2040,306,1
2041,306,1
2042,306,1
2043,306,1
2044,306,1
2045,306,1
2046,306,1
2047,306,1
2048,306,1
2049,306,1
2050,306,1
2051,306,1
2052,306,1
2053,306,1
2054,306,1
2055,306,1
2056,306,1
2057,306,1
2058,306,1
2059,306,1
2060,306,1
2061,306,1
2062,306,1
2063,306,1
2064,306,1
2065,306,1
2066,306,1
2067,306,1
2068,306,1
2069,306,1
2070,306,1
2071,306,1
2072,306,1
2073,306,1
2074,306,1
2075,306,1
2076,306,1
2076,306,0
