520,557,1
519,557,1
518,558,1
517,558,1
516,558,1
515,559,1
514,559,1
513,560,1
512,561,1
511,561,1
510,562,1
509,562,1
509,563,1
508,563,1
507,564,1
506,564,1
505,565,1
504,565,1
504,566,1
503,566,1
502,567,1
501,567,1
500,568,1
499,568,1
499,569,1
498,569,1
497,570,1
496,570,1
495,571,1
494,572,1
493,573,1
492,573,1
491,574,1
491,575,1
490,575,1
489,576,1
488,576,1
487,577,1
486,578,1
485,579,1
484,580,1
483,580,1
482,581,1
481,581,1
481,582,1
480,583,1
479,583,1
478,584,1
477,585,1
476,586,1
475,586,1
474,587,1
473,588,1
472,589,1
471,590,1
470,590,1
469,591,1
469,592,1
468,592,1
467,593,1
466,594,1
465,595,1
464,596,1
463,596,1
463,597,1
462,598,1
461,598,1
460,599,1
460,600,1
459,600,1
458,601,1
457,602,1
457,603,1
456,603,1
455,604,1
454,605,1
453,606,1
452,607,1
452,608,1
451,609,1
450,609,1
449,610,1
449,611,1
448,612,1
447,612,1
447,613,1
446,614,1
445,615,1
444,616,1
444,617,1
443,618,1
442,619,1
442,620,1
441,620,1
440,621,1
440,622,1
439,623,1
439,624,1
438,624,1
438,625,1
437,626,1
437,627,1
436,628,1
436,629,1
435,630,1
434,631,1
434,632,1
433,633,1
433,634,1
433,635,1
432,635,1
432,636,1
431,637,1
431,638,1
431,639,1
430,640,1
430,641,1
429,642,1
429,643,1
429,644,1
429,645,1
429,646,1
428,647,1
428,648,1
428,649,1
428,650,1
428,651,1
427,652,1
427,653,1
427,654,1
427,655,1
427,656,1
427,657,1
427,658,1
427,659,1
427,660,1
427,661,1
427,662,1
428,663,1
428,664,1
428,665,1
428,666,1
428,667,1
429,668,1
429,669,1
429,670,1
429,671,1
430,672,1
430,673,1
431,674,1
431,675,1
431,676,1
432,676,1
432,677,1
432,678,1
433,678,1
433,679,1
434,680,1
434,681,1
435,681,1
435,682,1
436,683,1
437,684,1
437,685,1
438,685,1
438,686,1
439,686,1
440,687,1
440,688,1
441,688,1
442,689,1
443,690,1
444,690,1
444,691,1
445,691,1
446,692,1
447,693,1
448,693,1
449,694,1
450,695,1
451,695,1
452,696,1
453,697,1
454,697,1
455,697,1
456,698,1
457,698,1
458,699,1
459,699,1
460,699,1
461,700,1
462,700,1
463,701,1
464,701,1
465,701,1
466,701,1
467,702,1
468,702,1
469,702,1
470,702,1
471,703,1
472,703,1
473,703,1
474,703,1
475,704,1
476,704,1
477,704,1
478,704,1
479,704,1
480,704,1
481,705,1
482,705,1
483,705,1
484,705,1
485,705,1
486,705,1
487,705,1
488,705,1
489,706,1
490,706,1
491,706,1
492,706,1
493,706,1
494,706,1
495,706,1
496,706,1
497,706,1
498,706,1
499,706,1
500,706,1
501,706,1
502,706,1
503,706,1
504,706,1
505,706,1
506,706,1
507,706,1
508,706,1
509,706,1
510,705,1
511,705,1
512,705,1
513,705,1
514,705,1
515,705,1
516,705,1
517,704,1
518,704,1
519,704,1
520,704,1
521,704,1
522,704,1
523,703,1
524,703,1
525,703,1
526,703,1
527,703,1
528,702,1
529,702,1
530,702,1
531,701,1
532,701,1
533,701,1
534,700,1
535,700,1
536,700,1
537,699,1
538,699,1
539,699,1
539,698,1
540,698,1
541,698,1
542,697,1
543,697,1
544,697,1
545,696,1
546,695,1
547,695,1
548,695,1
548,694,1
549,694,1
550,693,1
551,693,1
551,692,1
552,692,1
553,691,1
554,691,1
554,690,1
555,690,1
556,689,1
557,688,1
558,687,1
559,687,1
559,686,1
560,686,1
560,685,1
561,685,1
561,684,1
562,683,1
563,682,1
563,681,1
564,681,1
564,680,1
565,680,1
565,679,1
565,678,1
566,678,1
566,677,1
566,676,1
567,676,1
567,675,1
567,674,1
567,673,1
566,673,1
565,673,1
565,674,1
564,674,1
564,675,1
563,675,1
563,676,1
562,676,1
562,677,1
561,677,1
561,678,1
560,679,1
560,680,1
559,680,1
559,681,1
559,682,1
558,682,1
558,683,1
558,684,1
557,684,1
557,685,1
557,686,1
556,686,1
556,687,1
556,688,1
556,689,1
555,689,1
555,690,1
555,691,1
555,692,1
554,693,1
554,694,1
554,695,1
553,696,1
553,697,1
553,698,1
553,699,1
553,700,1
552,701,1
552,702,1
552,703,1
552,704,1
552,705,1
552,706,1
552,707,1
552,708,1
552,709,1
552,710,1
551,711,1
551,712,1
551,713,1
551,714,1
551,715,1
551,716,1
551,717,1
551,718,1
551,719,1
551,720,1
551,721,1
551,722,1
551,723,1
551,724,1
552,725,1
552,726,1
552,727,1
552,728,1
552,729,1
552,730,1
552,731,1
552,732,1
552,733,1
552,734,1
552,735,1
553,736,1
553,737,1
553,738,1
553,739,1
553,740,1
553,741,1
553,742,1
553,743,1
554,744,1
554,745,1
554,746,1
554,747,1
554,748,1
555,749,1
555,750,1
555,751,1
555,752,1
556,753,1
556,754,1
556,755,1
556,756,1
556,757,1
557,758,1
557,759,1
557,760,1
557,761,1
558,762,1
558,763,1
558,764,1
558,765,1
559,766,1
559,767,1
560,768,1
560,769,1
560,770,1
560,771,1
561,772,1
561,773,1
561,774,1
562,775,1
562,776,1
562,777,1
563,778,1
563,779,1
563,780,1
563,781,1
564,782,1
564,783,1
564,784,1
565,784,1
565,785,1
565,786,1
566,787,1
566,788,1
566,789,1
566,790,1
567,791,1
567,792,1
567,793,1
568,793,1
568,794,1
568,795,1
569,796,1
569,797,1
570,798,1
570,799,1
570,800,1
571,801,1
571,802,1
572,802,1
572,803,1
572,804,1
573,805,1
574,806,1
574,807,1
574,808,1
575,809,1
575,810,1
575,811,1
576,812,1
576,813,1
577,813,1
585,618,0
602,461,1
602,460,1
602,459,1
602,458,1
602,457,1
602,456,1
602,455,1
602,454,1
602,453,1
602,452,1
602,451,1
602,450,1
602,449,1
602,448,1
602,447,1
602,446,1
602,445,1
602,444,1
602,443,1
602,442,1
602,441,1
602,440,1
601,439,1
601,438,1
601,437,1
601,436,1
601,435,1
601,434,1
601,433,1
601,432,1
601,431,1
601,430,1
600,429,1
600,428,1
600,427,1
600,426,1
600,425,1
599,424,1
599,423,1
599,422,1
599,421,1
599,420,1
599,419,1
598,418,1
598,417,1
598,416,1
598,415,1
598,414,1
597,413,1
597,412,1
597,411,1
597,410,1
597,409,1
596,408,1
596,407,1
596,406,1
596,405,1
596,404,1
595,403,1
595,402,1
595,401,1
594,400,1
594,399,1
594,398,1
594,397,1
593,396,1
593,395,1
593,394,1
592,393,1
592,392,1
592,391,1
591,390,1
591,389,1
591,388,1
590,387,1
590,386,1
589,385,1
589,384,1
589,383,1
588,382,1
588,381,1
587,380,1
587,379,1
587,378,1
586,377,1
586,376,1
585,376,1
585,375,1
585,374,1
584,373,1
584,372,1
583,372,1
583,371,1
583,370,1
582,369,1
581,368,1
581,367,1
580,366,1
580,365,1
579,364,1
579,363,1
578,363,1
578,362,1
577,361,1
577,360,1
576,360,1
576,359,1
575,358,1
574,357,1
574,356,1
573,356,1
573,355,1
572,354,1
571,353,1
571,352,1
570,352,1
569,351,1
569,350,1
568,350,1
568,349,1
567,348,1
566,347,1
565,347,1
565,346,1
564,345,1
563,345,1
563,344,1
562,344,1
562,343,1
561,343,1
560,342,1
559,341,1
558,340,1
557,339,1
556,339,1
555,339,1
555,338,1
554,338,1
553,337,1
552,337,1
552,336,1
551,336,1
550,335,1
549,335,1
548,334,1
547,334,1
546,333,1
545,333,1
544,332,1
543,332,1
542,332,1
542,331,1
541,331,1
540,331,1
539,331,1
538,330,1
537,330,1
536,330,1
535,329,1
534,329,1
533,329,1
532,329,1
531,329,1
530,328,1
529,328,1
528,328,1
527,328,1
526,328,1
525,328,1
524,328,1
523,328,1
522,328,1
521,328,1
520,328,1
519,328,1
518,329,1
517,329,1
516,329,1
515,329,1
514,330,1
513,330,1
512,330,1
511,331,1
510,331,1
510,332,1
509,332,1
509,333,1
508,333,1
507,334,1
506,335,1
506,336,1
505,336,1
505,337,1
505,338,1
505,339,1
505,340,1
505,341,1
505,342,1
505,343,1
505,344,1
506,345,1
506,346,1
507,347,1
507,348,1
508,348,1
508,349,1
509,349,1
509,350,1
510,350,1
510,351,1
511,351,1
511,352,1
512,352,1
512,353,1
513,353,1
513,354,1
514,354,1
515,355,1
516,355,1
516,356,1
517,356,1
518,356,1
519,357,1
520,358,1
521,358,1
522,358,1
522,359,1
523,359,1
524,359,1
525,360,1
526,361,1
527,361,1
528,361,1
528,362,1
529,362,1
530,362,1
531,363,1
532,363,1
533,364,1
534,364,1
535,364,1
536,364,1
537,365,1
538,365,1
539,365,1
540,365,1
541,365,1
542,366,1
543,366,1
544,366,1
545,366,1
546,366,1
547,366,1
548,366,1
549,367,1
550,367,1
551,367,1
552,367,1
553,367,1
554,367,1
555,367,1
556,368,1
557,368,1
558,368,1
559,368,1
560,368,1
561,368,1
712,481,0
882,575,1
882,576,1
882,577,1
882,578,1
882,579,1
882,580,1
882,581,1
882,582,1
882,583,1
882,584,1
882,585,1
882,586,1
882,587,1
882,588,1
882,589,1
882,590,1
882,591,1
882,592,1
882,593,1
882,594,1
882,595,1
882,596,1
882,597,1
882,598,1
882,599,1
882,600,1
882,601,1
882,602,1
882,603,1
882,604,1
882,605,1
882,606,1
882,607,1
882,608,1
882,609,1
882,610,1
882,611,1
882,612,1
882,613,1
882,614,1
882,615,1
882,616,1
882,617,1
882,618,1
882,619,1
882,620,1
882,621,1
882,622,1
882,623,1
882,624,1
882,625,1
882,626,1
882,627,1
882,628,1
882,629,1
882,630,1
882,631,1
881,631,1
880,631,1
880,630,1
880,629,1
879,629,1
879,628,1
879,627,1
878,626,1
878,625,1
878,624,1
877,623,1
877,622,1
877,621,1
877,620,1
876,620,1
876,619,1
876,618,1
876,617,1
875,617,1
875,616,1
875,615,1
874,614,1
874,613,1
874,612,1
873,611,1
873,610,1
873,609,1
872,608,1
872,607,1
872,606,1
871,605,1
871,604,1
870,603,1
870,602,1
870,601,1
869,600,1
869,599,1
868,598,1
868,597,1
867,596,1
867,595,1
867,594,1
866,594,1
866,593,1
865,592,1
865,591,1
865,590,1
864,590,1
864,589,1
863,588,1
863,587,1
862,586,1
861,585,1
861,584,1
860,583,1
860,582,1
859,582,1
859,581,1
858,580,1
858,579,1
857,579,1
857,578,1
856,577,1
856,576,1
855,576,1
855,575,1
854,574,1
854,573,1
853,573,1
853,572,1
852,571,1
851,571,1
851,570,1
850,569,1
849,568,1
848,567,1
847,566,1
846,565,1
845,564,1
844,563,1
843,562,1
842,561,1
841,560,1
840,560,1
840,559,1
839,559,1
838,558,1
837,557,1
836,556,1
835,556,1
834,555,1
833,554,1
832,554,1
831,553,1
830,553,1
830,552,1
829,552,1
828,552,1
827,551,1
826,551,1
826,550,1
825,550,1
824,549,1
823,549,1
822,549,1
821,548,1
820,548,1
819,547,1
818,547,1
817,547,1
816,546,1
815,546,1
814,546,1
813,545,1
812,545,1
811,545,1
810,545,1
809,544,1
808,544,1
807,544,1
806,544,1
805,544,1
804,543,1
803,543,1
802,543,1
801,543,1
800,543,1
799,543,1
798,543,1
797,543,1
796,543,1
795,543,1
794,543,1
793,543,1
792,543,1
791,543,1
790,543,1
789,543,1
788,543,1
787,543,1
786,544,1
785,544,1
784,544,1
783,544,1
782,544,1
781,545,1
780,545,1
779,545,1
778,545,1
777,545,1
776,546,1
775,546,1
774,547,1
773,547,1
772,547,1
771,548,1
770,548,1
769,549,1
768,549,1
767,550,1
766,550,1
765,551,1
764,552,1
763,552,1
762,553,1
761,553,1
761,554,1
760,554,1
759,555,1
758,555,1
758,556,1
757,556,1
756,557,1
756,558,1
755,558,1
754,559,1
753,560,1
752,561,1
751,562,1
751,563,1
750,563,1
750,564,1
749,565,1
749,566,1
748,566,1
748,567,1
747,568,1
747,569,1
746,569,1
746,570,1
746,571,1
745,572,1
744,573,1
744,574,1
744,575,1
743,576,1
743,577,1
743,578,1
743,579,1
743,580,1
742,581,1
742,582,1
742,583,1
742,584,1
742,585,1
742,586,1
742,587,1
743,588,1
743,589,1
743,590,1
743,591,1
743,592,1
743,593,1
744,594,1
744,595,1
744,596,1
745,597,1
745,598,1
746,599,1
746,600,1
747,601,1
747,602,1
748,603,1
748,604,1
749,604,1
749,605,1
750,605,1
750,606,1
751,607,1
752,608,1
753,608,1
753,609,1
754,610,1
755,610,1
755,611,1
756,611,1
756,612,1
757,612,1
758,613,1
759,613,1
759,614,1
760,614,1
761,614,1
762,615,1
763,615,1
764,616,1
765,616,1
766,616,1
766,617,1
767,617,1
768,617,1
769,618,1
770,618,1
771,618,1
772,618,1
773,619,1
774,619,1
775,619,1
776,619,1
777,619,1
778,619,1
779,619,1
780,619,1
781,619,1
782,619,1
783,619,1
784,619,1
784,620,1
785,620,1
786,620,1
787,620,1
788,620,1
789,620,1
790,620,1
791,620,1
792,620,1
793,620,1
794,620,1
795,620,1
796,620,1
797,620,1
798,619,1
799,619,1
800,619,1
801,619,1
802,618,1
803,618,1
804,617,1
805,617,1
806,616,1
807,616,1
808,615,1
809,614,1
810,614,1
811,613,1
811,612,1
812,612,1
813,611,1
814,610,1
814,609,1
815,608,1
815,607,1
816,606,1
816,605,1
816,605,0
770,555,0
1011,591,1
1011,592,1
1011,593,1
1011,594,1
1011,595,1
1011,596,1
1011,597,1
1011,598,1
1011,599,1
1011,600,1
1011,601,1
1011,602,1
1011,603,1
1011,604,1
1011,605,1
1012,606,1
1012,607,1
1012,608,1
1012,609,1
1012,610,1
1012,611,1
1012,612,1
1013,613,1
1013,614,1
1013,615,1
1013,616,1
1013,617,1
1013,618,1
1014,618,1
1014,619,1
1014,620,1
1015,621,1
1015,622,1
1015,623,1
1015,624,1
1016,624,1
1017,624,1
1013,525,0
1018,459,1
1018,458,1
1017,457,1
1017,456,1
1017,455,1
1017,454,1
1016,453,1
1016,452,1
1016,451,1
1016,450,1
1016,449,1
1015,448,1
1015,447,1
1014,446,1
1014,445,1
1014,444,1
1013,443,1
1013,442,1
1013,441,1
1012,440,1
1012,439,1
1012,438,1
1011,437,1
1011,436,1
1011,435,1
1010,434,1
1010,433,1
1010,432,1
1009,431,1
1009,430,1
1009,429,1
1008,428,1
1008,427,1
1008,426,1
1007,425,1
1007,424,1
1006,423,1
1006,422,1
1005,421,1
1005,420,1
1005,419,1
1004,418,1
1004,417,1
1003,416,1
1003,415,1
1003,414,1
1002,413,1
1002,412,1
1002,411,1
1001,410,1
1001,409,1
1000,408,1
1000,407,1
999,406,1
999,405,1
998,404,1
998,403,1
998,402,1
997,401,1
997,400,1
996,399,1
996,398,1
995,397,1
995,396,1
994,395,1
994,394,1
993,393,1
993,392,1
992,391,1
992,390,1
991,389,1
991,388,1
990,387,1
990,386,1
989,385,1
989,384,1
989,383,1
988,382,1
987,381,1
986,380,1
986,379,1
985,378,1
985,377,1
984,376,1
984,375,1
983,374,1
983,373,1
982,372,1
981,371,1
981,370,1
980,369,1
979,368,1
979,367,1
978,366,1
977,365,1
977,364,1
976,363,1
975,362,1
975,361,1
974,360,1
973,359,1
973,358,1
972,357,1
971,356,1
970,355,1
970,354,1
969,353,1
968,353,1
968,352,1
967,351,1
966,350,1
966,349,1
965,349,1
964,348,1
964,347,1
963,346,1
962,346,1
962,345,1
961,344,1
960,343,1
959,342,1
958,342,1
958,341,1
957,340,1
956,340,1
956,339,1
955,338,1
954,338,1
954,337,1
953,336,1
952,336,1
951,335,1
950,334,1
949,333,1
948,333,1
948,332,1
947,332,1
946,331,1
945,331,1
945,330,1
944,330,1
943,329,1
942,329,1
941,328,1
940,327,1
939,327,1
938,326,1
937,326,1
937,325,1
936,325,1
935,325,1
934,324,1
933,324,1
932,323,1
931,323,1
930,323,1
929,322,1
928,322,1
927,322,1
926,321,1
925,321,1
924,321,1
923,321,1
922,321,1
921,321,1
920,321,1
919,321,1
918,321,1
917,321,1
916,321,1
915,321,1
914,321,1
913,321,1
912,321,1
912,322,1
911,322,1
910,322,1
909,322,1
908,322,1
907,322,1
906,323,1
905,323,1
904,323,1
903,323,1
902,324,1
901,324,1
900,325,1
899,326,1
899,327,1
898,328,1
898,329,1
899,330,1
899,331,1
899,332,1
900,333,1
901,334,1
902,335,1
903,336,1
904,336,1
905,336,1
906,337,1
907,338,1
908,339,1
909,339,1
910,340,1
1133,441,0
1370,536,1
1370,537,1
1370,538,1
1370,539,1
1370,540,1
1370,541,1
1370,542,1
1369,543,1
1369,544,1
1369,545,1
1369,546,1
1369,547,1
1369,548,1
1369,549,1
1369,550,1
1369,551,1
1369,552,1
1369,553,1
1369,554,1
1368,555,1
1368,556,1
1367,556,1
1366,556,1
1365,555,1
1364,555,1
1364,554,1
1363,554,1
1363,553,1
1362,553,1
1361,553,1
1361,552,1
1360,552,1
1359,552,1
1358,552,1
1358,551,1
1357,551,1
1356,551,1
1356,550,1
1355,550,1
1355,549,1
1354,549,1
1353,548,1
1352,547,1
1351,547,1
1351,546,1
1350,546,1
1350,545,1
1349,545,1
1349,544,1
1348,544,1
1348,543,1
1347,543,1
1346,542,1
1345,541,1
1345,540,1
1344,540,1
1343,539,1
1342,538,1
1341,538,1
1341,537,1
1340,537,1
1339,537,1
1339,536,1
1338,536,1
1337,535,1
1336,535,1
1335,534,1
1334,534,1
1333,533,1
1332,533,1
1331,533,1
1331,532,1
1330,532,1
1329,532,1
1328,532,1
1328,531,1
1327,531,1
1326,531,1
1325,531,1
1324,530,1
1323,530,1
1322,530,1
1321,530,1
1320,530,1
1319,530,1
1318,530,1
1317,530,1
1316,530,1
1315,530,1
1314,530,1
1313,530,1
1312,530,1
1311,530,1
1310,530,1
1309,530,1
1308,530,1
1307,530,1
1306,531,1
1305,531,1
1304,531,1
1303,531,1
1302,531,1
1301,531,1
1300,531,1
1299,531,1
1298,531,1
1297,531,1
1296,531,1
1295,531,1
1295,532,1
1294,532,1
1293,532,1
1292,532,1
1291,532,1
1290,532,1
1289,531,1
1288,531,1
1287,531,1
1286,531,1
1285,531,1
1284,531,1
1283,531,1
1282,531,1
1281,531,1
1280,531,1
1280,530,1
1279,530,1
1278,530,1
1277,530,1
1276,529,1
1275,529,1
1274,529,1
1273,528,1
1272,528,1
1271,528,1
1271,527,1
1270,527,1
1269,527,1
1268,526,1
1267,526,1
1266,525,1
1265,525,1
1264,524,1
1263,524,1
1262,523,1
1261,523,1
1260,522,1
1259,522,1
1258,521,1
1257,521,1
1256,520,1
1255,520,1
1255,519,1
1254,519,1
1253,519,1
1253,518,1
1252,518,1
1251,518,1
1250,518,1
1250,517,1
1249,517,1
1248,517,1
1247,516,1
1246,516,1
1245,516,1
1244,516,1
1244,515,1
1243,515,1
1242,515,1
1241,515,1
1240,515,1
1239,514,1
1238,514,1
1237,514,1
1236,514,1
1235,514,1
1234,514,1
1233,514,1
1232,514,1
1231,514,1
1230,514,1
1229,514,1
1228,514,1
1227,515,1
1226,515,1
1225,515,1
1224,515,1
1223,515,1
1222,515,1
1221,516,1
1220,516,1
1219,516,1
1218,516,1
1217,517,1
1216,517,1
1215,517,1
1214,518,1
1213,518,1
1212,518,1
1211,519,1
1210,519,1
1209,520,1
1208,520,1
1207,520,1
1206,521,1
1205,522,1
1204,522,1
1203,523,1
1202,523,1
1201,524,1
1200,524,1
1199,525,1
1198,526,1
1197,526,1
1196,527,1
1195,528,1
1194,529,1
1193,530,1
1192,530,1
1191,531,1
1190,532,1
1189,532,1
1189,533,1
1188,534,1
1187,534,1
1186,535,1
1186,536,1
1185,536,1
1184,537,1
1184,538,1
1183,538,1
1182,539,1
1182,540,1
1181,540,1
1180,541,1
1180,542,1
1179,543,1
1178,544,1
1177,545,1
1176,546,1
1176,547,1
1175,548,1
1174,548,1
1174,549,1
1173,550,1
1173,551,1
1172,551,1
1172,552,1
1171,553,1
1171,554,1
1170,555,1
1169,556,1
1169,557,1
1169,558,1
1168,559,1
1168,560,1
1167,560,1
1167,561,1
1167,562,1
1166,563,1
1166,564,1
1165,565,1
1165,566,1
1164,567,1
1164,568,1
1164,569,1
1164,570,1
1163,571,1
1163,572,1
1163,573,1
1163,574,1
1162,575,1
1162,576,1
1161,577,1
1161,578,1
1161,579,1
1160,580,1
1160,581,1
1160,582,1
1159,582,1
1159,583,1
1159,584,1
1158,585,1
1158,586,1
1158,587,1
1158,588,1
1158,589,1
1157,590,1
1157,591,1
1157,592,1
1157,593,1
1157,594,1
1157,595,1
1157,596,1
1157,597,1
1158,598,1
1158,599,1
1158,600,1
1158,601,1
1158,602,1
1159,603,1
1159,604,1
1159,605,1
1160,605,1
1160,606,1
1161,607,1
1162,608,1
1163,608,1
1164,609,1
1165,609,1
1166,609,1
1327,582,0
1498,559,1
1498,560,1
1498,561,1
1498,562,1
1498,563,1
1498,564,1
1497,565,1
1497,566,1
1496,567,1
1496,568,1
1496,569,1
1496,570,1
1496,571,1
1497,571,1
1497,570,1
1497,569,1
1497,568,1
1497,567,1
1497,566,1
1497,565,1
1497,564,1
1497,563,1
1497,562,1
1497,561,1
1497,560,1
1497,559,1
1497,558,1
1497,557,1
1497,556,1
1497,555,1
1497,554,1
1497,553,1
1497,552,1
1497,551,1
1497,550,1
1497,549,1
1497,548,1
1498,547,1
1498,546,1
1498,545,1
1498,544,1
1498,543,1
1498,542,1
1498,541,1
1498,540,1
1498,539,1
1498,538,1
1498,537,1
1498,536,1
1498,535,1
1498,534,1
1498,533,1
1498,532,1
1498,531,1
1498,530,1
1498,529,1
1498,528,1
1498,527,1
1498,526,1
1498,525,1
1498,524,1
1498,523,1
1498,522,1
1498,521,1
1498,520,1
1498,519,1
1498,518,1
1498,517,1
1498,516,1
1498,515,1
1498,514,1
1498,513,1
1497,512,1
1497,511,1
1497,510,1
1497,509,1
1497,508,1
1497,507,1
1497,506,1
1497,505,1
1497,504,1
1497,503,1
1497,502,1
1497,501,1
1497,500,1
1497,499,1
1497,498,1
1497,497,1
1497,496,1
1497,495,1
1497,494,1
1496,493,1
1496,492,1
1496,491,1
1496,490,1
1496,489,1
1496,488,1
1496,487,1
1496,486,1
1496,485,1
1496,484,1
1496,483,1
1496,482,1
1496,481,1
1495,480,1
1495,479,1
1495,478,1
1495,477,1
1495,476,1
1495,475,1
1495,474,1
1495,473,1
1495,472,1
1495,471,1
1494,470,1
1494,469,1
1494,468,1
1494,467,1
1494,466,1
1494,465,1
1494,464,1
1493,463,1
1493,462,1
1493,461,1
1493,460,1
1493,459,1
1493,458,1
1493,457,1
1492,456,1
1492,455,1
1492,454,1
1492,453,1
1492,452,1
1492,451,1
1491,451,1
1491,450,1
1491,449,1
1491,448,1
1491,447,1
1491,446,1
1490,445,1
1490,444,1
1490,443,1
1490,442,1
1490,441,1
1489,440,1
1489,439,1
1489,438,1
1489,437,1
1489,436,1
1488,435,1
1488,434,1
1488,433,1
1488,432,1
1487,431,1
1487,430,1
1487,429,1
1487,428,1
1486,427,1
1486,426,1
1486,425,1
1486,424,1
1485,423,1
1485,422,1
1485,421,1
1485,420,1
1484,419,1
1484,418,1
1484,417,1
1483,416,1
1483,415,1
1483,414,1
1482,413,1
1482,412,1
1482,411,1
1482,410,1
1481,410,1
1481,409,1
1481,408,1
1480,407,1
1480,406,1
1480,405,1
1479,404,1
1479,403,1
1479,402,1
1478,402,1
1478,401,1
1478,400,1
1477,399,1
1477,398,1
1477,397,1
1476,396,1
1475,395,1
1475,394,1
1475,393,1
1474,392,1
1474,391,1
1473,391,1
1473,390,1
1473,389,1
1472,388,1
1472,387,1
1471,386,1
1470,385,1
1470,384,1
1470,383,1
1469,382,1
1468,381,1
1468,380,1
1467,379,1
1467,378,1
1466,378,1
1466,377,1
1465,376,1
1465,375,1
1464,375,1
1464,374,1
1463,373,1
1463,372,1
1462,372,1
1462,371,1
1461,370,1
1460,369,1
1460,368,1
1459,368,1
1458,367,1
1458,366,1
1457,366,1
1457,365,1
1456,364,1
1455,364,1
1455,363,1
1454,362,1
1453,361,1
1452,360,1
1451,359,1
1450,359,1
1450,358,1
1449,357,1
1448,357,1
1448,356,1
1447,356,1
1446,355,1
1445,354,1
1444,353,1
1443,353,1
1443,352,1
1442,352,1
1441,351,1
1440,351,1
1440,350,1
1439,350,1
1438,349,1
1437,349,1
1436,348,1
1435,348,1
1434,347,1
1433,347,1
1432,346,1
1431,346,1
1430,345,1
1429,345,1
1428,345,1
1427,344,1
1426,344,1
1425,344,1
1424,343,1
1423,343,1
1422,343,1
1421,342,1
1420,342,1
1419,342,1
1418,342,1
1417,342,1
1416,341,1
1415,341,1
1414,341,1
1413,341,1
1412,341,1
1411,341,1
1410,341,1
1409,341,1
1408,341,1
1407,341,1
1406,341,1
1405,341,1
1404,341,1
1403,341,1
1402,341,1
1401,341,1
1400,341,1
1399,341,1
1398,341,1
1397,341,1
1396,341,1
1395,341,1
1395,342,1
1394,342,1
1393,342,1
1392,342,1
1391,342,1
1391,343,1
1390,343,1
1389,343,1
1388,343,1
1387,344,1
1386,344,1
1385,344,1
1384,345,1
1383,345,1
1382,346,1
1381,346,1
1381,347,1
1380,347,1
1379,347,1
1378,348,1
1377,349,1
1376,349,1
1375,350,1
1374,350,1
1373,351,1
1372,352,1
1371,352,1
1371,353,1
1370,354,1
1369,354,1
1369,355,1
1368,355,1
1367,356,1
1366,357,1
1366,358,1
1365,358,1
1365,359,1
1364,359,1
1363,360,1
1363,361,1
1362,361,1
1362,362,1
1361,362,1
1361,363,1
1360,364,1
1360,365,1
1359,366,1
1358,367,1
1358,368,1
1358,369,1
1357,369,1
1357,370,1
1357,371,1
1356,372,1
1356,373,1
1356,374,1
1356,375,1
1355,376,1
1355,377,1
1355,378,1
1355,379,1
1354,380,1
1354,381,1
1353,382,1
1353,383,1
1352,384,1
1352,385,1
1352,386,1
1351,386,1
1351,387,1
1351,388,1
1351,389,1
1351,390,1
1351,391,1
1350,392,1
1350,393,1
1351,394,1
1351,395,1
1351,396,1
1351,397,1
1351,398,1
1352,399,1
1352,400,1
1353,401,1
1353,402,1
1354,402,1
1354,403,1
1355,404,1
1356,405,1
1356,406,1
1357,407,1
1358,408,1
1359,409,1
1360,410,1
1361,411,1
1362,412,1
1363,413,1
1364,414,1
1550,430,0
1732,473,1
1733,473,1
1734,472,1
1735,471,1
1736,471,1
1737,471,1
1738,471,1
1739,470,1
1740,470,1
1741,469,1
1742,469,1
1743,469,1
1744,468,1
1745,468,1
1746,468,1
1747,467,1
1748,466,1
1749,466,1
1750,465,1
1751,465,1
1752,465,1
1753,465,1
1753,466,1
1754,466,1
1755,467,1
1756,468,1
1757,468,1
1757,469,1
1758,470,1
1758,471,1
1759,472,1
1759,473,1
1760,473,1
1760,474,1
1761,474,1
1762,475,1
1763,476,1
1763,477,1
1764,477,1
1764,478,1
1764,479,1
1765,479,1
1765,480,1
1765,481,1
1766,482,1
1766,483,1
1766,484,1
1767,485,1
1767,486,1
1767,487,1
1767,488,1
1767,489,1
1767,490,1
1768,491,1
1768,492,1
1768,493,1
1768,494,1
1768,495,1
1768,496,1
1768,497,1
1768,498,1
1768,499,1
1768,500,1
1768,501,1
1768,502,1
1768,503,1
1768,504,1
1768,505,1
1768,506,1
1768,507,1
1768,508,1
1768,509,1
1768,510,1
1768,511,1
1769,512,1
1769,513,1
1769,514,1
1769,515,1
1769,516,1
1769,517,1
1769,518,1
1769,519,1
1769,520,1
1769,521,1
1769,522,1
1769,523,1
1769,524,1
1768,525,1
1768,526,1
1768,527,1
1768,528,1
1768,529,1
1768,530,1
1768,531,1
1769,532,1
1769,533,1
1769,534,1
1769,535,1
1769,536,1
1769,537,1
1769,538,1
1769,539,1
1769,540,1
1769,541,1
1769,542,1
1769,543,1
1769,544,1
1769,545,1
1769,546,1
1769,547,1
1769,548,1
1770,549,1
1770,550,1
1770,551,1
1771,552,1
1771,553,1
1772,554,1
1773,555,1
1774,556,1
1837,545,0
1907,534,1
1907,535,1
1907,536,1
1907,537,1
1907,538,1
1907,539,1
1907,540,1
1907,541,1
1907,542,1
1907,543,1
1906,544,1
1906,545,1
1906,546,1
1906,547,1
1906,548,1
1906,549,1
1906,550,1
1906,551,1
1906,552,1
1906,553,1
1906,554,1
1906,555,1
1906,556,1
1905,557,1
1905,558,1
1905,559,1
1905,560,1
1905,561,1
1905,562,1
1905,563,1
1905,564,1
1904,565,1
1904,566,1
1904,567,1
1904,568,1
1904,569,1
1904,570,1
1904,571,1
1904,572,1
1904,573,1
1904,574,1
1904,575,1
1904,576,1
1903,577,1
1903,578,1
1903,579,1
1903,580,1
1903,581,1
1903,582,1
1903,583,1
1903,584,1
1903,585,1
1903,586,1
1903,587,1
1902,588,1
1902,589,1
1902,590,1
1902,591,1
1902,592,1
1902,593,1
1902,594,1
1902,595,1
1902,596,1
1902,597,1
1902,598,1
1902,599,1
1901,600,1
1901,601,1
1901,602,1
1901,603,1
1901,604,1
1901,605,1
1901,606,1
1901,607,1
1901,608,1
1901,609,1
1901,610,1
1900,611,1
1900,612,1
1900,613,1
1900,614,1
1900,615,1
1900,616,1
1900,617,1
1900,618,1
1900,619,1
1900,620,1
1900,621,1
1900,622,1
1900,623,1
1900,624,1
1900,625,1
1900,626,1
1900,627,1
1899,628,1
1899,629,1
1899,630,1
1899,631,1
1899,632,1
1898,633,1
1898,634,1
1174,499,0
427,384,1
428,384,1
429,384,1
430,384,1
431,384,1
432,384,1
433,384,1
434,384,1
435,384,1
436,384,1
437,384,1
438,384,1
439,384,1
440,384,1
441,384,1
442,384,1
443,384,1
444,384,1
445,384,1
446,384,1
447,384,1
448,384,1
449,384,1
450,384,1
451,384,1
452,384,1
453,384,1
454,384,1
455,384,1
456,384,1
457,384,1
458,384,1
459,384,1
460,384,1
461,384,1
462,384,1
463,384,1
464,384,1
465,384,1
466,384,1
467,384,1
468,384,1
469,384,1
470,384,1
471,384,1
472,384,1
473,384,1
474,384,1
475,384,1
476,384,1
477,384,1
478,384,1
479,384,1
480,384,1
481,384,1
482,384,1
483,384,1
484,384,1
485,384,1
486,384,1
487,384,1
488,384,1
489,384,1
490,384,1
491,384,1
492,384,1
493,384,1
494,384,1
495,384,1
496,384,1
497,384,1
498,384,1
499,384,1
500,384,1
501,384,1
502,384,1
503,384,1
504,384,1
505,384,1
506,384,1
507,384,1
508,384,1
509,384,1
510,384,1
511,384,1
512,384,1
513,384,1
514,384,1
515,384,1
516,384,1
517,384,1
518,384,1
519,384,1
520,384,1
521,384,1
522,384,1
523,384,1
524,384,1
525,384,1
526,384,1
527,384,1
528,384,1
529,384,1
530,384,1
531,384,1
532,384,1
533,384,1
534,384,1
535,384,1
536,384,1
537,384,1
538,384,1
539,384,1
540,384,1
541,384,1
542,384,1
543,384,1
544,384,1
545,384,1
546,384,1
547,384,1
548,384,1
549,384,1
550,384,1
551,384,1
552,384,1
553,384,1
554,384,1
555,384,1
556,384,1
557,384,1
558,384,1
559,384,1
560,384,1
561,384,1
562,384,1
563,384,1
564,384,1
565,384,1
566,384,1
567,383,1
568,383,1
569,383,1
570,383,1
571,383,1
572,383,1
573,383,1
574,383,1
575,383,1
576,383,1
577,383,1
578,383,1
579,383,1
580,383,1
581,383,1
582,383,1
583,383,1
584,383,1
585,383,1
586,383,1
587,383,1
588,383,1
589,383,1
590,383,1
591,383,1
592,383,1
593,383,1
594,383,1
595,383,1
596,383,1
597,383,1
598,383,1
599,383,1
600,383,1
601,383,1
602,383,1
603,383,1
604,383,1
605,383,1
606,383,1
607,383,1
608,382,1
609,382,1
610,382,1
611,382,1
612,382,1
613,382,1
614,382,1
615,382,1
616,382,1
617,382,1
618,382,1
619,382,1
620,382,1
621,382,1
622,382,1
623,382,1
624,382,1
625,382,1
626,382,1
627,382,1
628,382,1
629,382,1
630,382,1
631,382,1
632,382,1
633,382,1
634,382,1
635,382,1
636,382,1
637,381,1
638,381,1
639,381,1
640,381,1
641,381,1
642,381,1
643,381,1
644,381,1
645,381,1
646,381,1
647,381,1
648,381,1
649,381,1
650,381,1
651,381,1
652,381,1
653,381,1
654,381,1
655,381,1
656,381,1
657,381,1
658,381,1
659,381,1
660,381,1
661,381,1
662,381,1
663,381,1
664,381,1
665,381,1
666,381,1
667,381,1
668,381,1
669,381,1
670,381,1
671,381,1
672,381,1
673,381,1
674,381,1
675,381,1
676,381,1
677,381,1
678,381,1
679,381,1
680,380,1
681,380,1
682,380,1
683,380,1
684,380,1
685,380,1
686,380,1
687,380,1
688,380,1
689,380,1
690,380,1
691,380,1
692,380,1
693,380,1
694,380,1
695,380,1
696,380,1
697,380,1
698,380,1
699,380,1
700,380,1
701,380,1
702,380,1
703,380,1
704,380,1
705,380,1
706,380,1
707,380,1
708,380,1
709,380,1
710,380,1
711,380,1
712,380,1
713,380,1
714,380,1
715,380,1
716,380,1
717,380,1
718,380,1
719,380,1
720,380,1
721,380,1
722,380,1
723,380,1
724,380,1
725,380,1
726,380,1
727,380,1
728,380,1
729,380,1
730,380,1
731,380,1
732,380,1
733,380,1
734,380,1
735,380,1
736,380,1
737,380,1
738,380,1
739,380,1
740,380,1
741,380,1
742,380,1
743,380,1
744,380,1
745,380,1
746,380,1
747,380,1
748,380,1
749,380,1
750,380,1
751,380,1
752,380,1
753,380,1
754,380,1
755,380,1
756,380,1
757,380,1
758,380,1
759,380,1
760,380,1
761,380,1
762,380,1
763,380,1
764,380,1
765,380,1
766,380,1
767,380,1
768,380,1
769,380,1
770,380,1
771,380,1
772,380,1
773,380,1
774,380,1
775,380,1
776,380,1
777,380,1
778,380,1
779,380,1
780,380,1
781,380,1
782,380,1
783,380,1
784,380,1
785,380,1
786,380,1
787,380,1
788,380,1
789,380,1
790,380,1
791,380,1
792,380,1
793,380,1
794,380,1
795,380,1
796,380,1
797,380,1
798,380,1
799,380,1
800,380,1
801,380,1
802,380,1
803,380,1
804,380,1
805,380,1
806,380,1
807,380,1
808,380,1
809,380,1
810,380,1
811,380,1
812,380,1
813,380,1
814,380,1
815,380,1
816,380,1
817,380,1
818,380,1
819,380,1
820,380,1
821,380,1
822,380,1
823,380,1
824,380,1
825,380,1
826,380,1
827,380,1
828,380,1
829,380,1
830,380,1
831,380,1
832,380,1
833,380,1
834,380,1
835,380,1
836,380,1
837,380,1
838,380,1
839,380,1
840,380,1
841,380,1
842,380,1
843,380,1
844,380,1
845,380,1
846,380,1
847,380,1
848,380,1
849,380,1
850,380,1
851,380,1
852,380,1
853,380,1
854,380,1
855,380,1
856,380,1
857,380,1
858,380,1
859,380,1
860,380,1
861,380,1
862,380,1
863,380,1
864,380,1
865,380,1
866,380,1
867,380,1
868,380,1
869,380,1
870,380,1
871,380,1
872,380,1
873,380,1
874,380,1
875,380,1
876,380,1
877,380,1
878,380,1
879,380,1
880,380,1
881,380,1
882,380,1
883,380,1
884,380,1
885,380,1
886,380,1
887,380,1
888,380,1
889,380,1
890,380,1
891,380,1
892,380,1
893,380,1
894,380,1
895,380,1
896,380,1
897,380,1
898,380,1
899,380,1
900,380,1
901,380,1
902,380,1
903,380,1
904,380,1
905,380,1
906,380,1
907,380,1
908,380,1
909,380,1
910,380,1
911,380,1
912,380,1
913,380,1
914,380,1
915,380,1
916,380,1
917,380,1
918,380,1
919,380,1
920,380,1
921,380,1
922,380,1
923,380,1
924,380,1
925,380,1
926,380,1
927,380,1
928,380,1
929,380,1
930,380,1
931,380,1
932,380,1
933,380,1
934,380,1
935,381,1
936,381,1
937,381,1
938,381,1
939,381,1
940,381,1
941,381,1
942,381,1
943,381,1
944,381,1
945,381,1
946,381,1
947,381,1
948,381,1
949,381,1
950,381,1
951,381,1
952,381,1
953,381,1
954,381,1
955,381,1
956,381,1
957,381,1
958,381,1
959,381,1
960,381,1
961,381,1
962,381,1
963,381,1
964,381,1
965,381,1
966,381,1
967,381,1
968,381,1
969,381,1
970,381,1
971,381,1
972,381,1
973,381,1
974,381,1
975,381,1
976,381,1
977,381,1
978,382,1
979,382,1
980,382,1
981,382,1
982,382,1
983,382,1
984,382,1
985,382,1
986,382,1
987,382,1
988,382,1
989,382,1
990,382,1
991,382,1
992,382,1
993,382,1
994,382,1
995,382,1
996,382,1
997,382,1
998,382,1
999,382,1
1000,382,1
1001,383,1
1002,383,1
1003,383,1
1004,383,1
1005,383,1
1006,383,1
1007,383,1
1008,383,1
1009,383,1
1010,383,1
1011,383,1
1012,383,1
1013,383,1
1014,383,1
1015,383,1
1016,383,1
1017,383,1
1018,383,1
1019,383,1
1020,383,1
1021,383,1
1022,383,1
1023,383,1
1024,383,1
1025,383,1
1026,383,1
1027,383,1
1028,383,1
1029,383,1
1030,383,1
1031,383,1
1032,383,1
1033,383,1
1034,383,1
1035,383,1
1036,383,1
1037,383,1
1038,383,1
1039,383,1
1040,383,1
1041,383,1
1042,384,1
1043,384,1
1044,384,1
1045,384,1
1046,384,1
1047,384,1
1048,384,1
1049,384,1
1050,384,1
1051,384,1
1052,384,1
1053,384,1
1054,384,1
1055,384,1
1056,384,1
1057,384,1
1058,384,1
1059,384,1
1060,384,1
1061,384,1
1062,384,1
1063,384,1
1064,385,1
1065,385,1
1066,385,1
1067,385,1
1068,385,1
1069,385,1
1070,385,1
1071,385,1
1072,385,1
1073,385,1
1074,385,1
1075,385,1
1076,385,1
1077,385,1
1078,385,1
1079,385,1
1080,385,1
1081,385,1
1082,385,1
1083,385,1
1084,385,1
1085,385,1
1086,385,1
1087,385,1
1088,385,1
1089,385,1
1090,385,1
1091,385,1
1092,385,1
1093,385,1
1094,385,1
1095,385,1
1096,385,1
1097,385,1
1098,385,1
1099,385,1
1100,385,1
1101,385,1
1102,385,1
1103,385,1
1104,385,1
1105,385,1
1106,385,1
1107,386,1
1108,386,1
1109,386,1
1110,386,1
1111,386,1
1112,386,1
1113,386,1
1114,386,1
1115,386,1
1116,386,1
1117,386,1
1118,386,1
1119,386,1
1120,386,1
1121,386,1
1122,386,1
1123,386,1
1124,386,1
1125,386,1
1126,386,1
1127,386,1
1128,386,1
1129,387,1
1130,387,1
1131,387,1
1132,387,1
1133,387,1
1134,387,1
1135,387,1
1136,387,1
1137,387,1
1138,387,1
1139,387,1
1140,387,1
1141,387,1
1142,387,1
1143,387,1
1144,387,1
1145,387,1
1146,387,1
1147,387,1
1148,387,1
1149,387,1
1150,387,1
1151,387,1
1152,387,1
1153,387,1
1154,387,1
1155,387,1
1156,388,1
1157,388,1
1158,388,1
1159,388,1
1160,388,1
1161,388,1
1162,388,1
1163,388,1
1164,388,1
1165,388,1
1166,388,1
1167,388,1
1168,388,1
1169,388,1
1170,388,1
1171,388,1
1172,388,1
1173,388,1
1174,388,1
1175,388,1
1176,388,1
1177,388,1
1178,388,1
1179,388,1
1180,388,1
1181,388,1
1182,388,1
1183,388,1
1184,389,1
1185,389,1
1186,389,1
1187,389,1
1188,389,1
1189,389,1
1190,389,1
1191,389,1
1192,389,1
1193,389,1
1194,389,1
1195,389,1
1196,389,1
1197,389,1
1198,389,1
1199,389,1
1200,389,1
1201,389,1
1202,389,1
1203,389,1
1204,389,1
1205,389,1
1206,389,1
1207,389,1
1208,389,1
1209,389,1
1210,390,1
1211,390,1
1212,390,1
1213,390,1
1214,390,1
1215,390,1
1216,390,1
1217,390,1
1218,390,1
1219,390,1
1220,390,1
1221,390,1
1222,390,1
1223,390,1
1224,390,1
1225,390,1
1226,390,1
1227,390,1
1228,390,1
1229,390,1
1230,390,1
1231,390,1
1232,390,1
1233,390,1
1234,390,1
1235,390,1
1236,390,1
1237,390,1
1238,390,1
1239,390,1
1240,390,1
1241,390,1
1242,390,1
1243,390,1
1244,390,1
1245,390,1
1246,390,1
1247,390,1
1248,390,1
1249,390,1
1250,390,1
1251,390,1
1252,390,1
1253,391,1
1254,391,1
1255,391,1
1256,391,1
1257,391,1
1258,391,1
1259,391,1
1260,391,1
1261,391,1
1262,391,1
1263,391,1
1264,391,1
1265,391,1
1266,391,1
1267,391,1
1268,391,1
1269,391,1
1270,391,1
1271,391,1
1272,391,1
1273,391,1
1274,391,1
1275,391,1
1276,391,1
1277,391,1
1278,391,1
1279,391,1
1280,391,1
1281,391,1
1282,391,1
1283,391,1
1284,391,1
1285,391,1
1286,391,1
1287,391,1
1288,391,1
1289,391,1
1290,391,1
1291,391,1
1292,391,1
1293,391,1
1294,391,1
1295,391,1
1296,391,1
1297,391,1
1298,391,1
1299,391,1
1300,391,1
1301,391,1
1302,391,1
1303,391,1
1304,391,1
1305,391,1
1306,391,1
1307,391,1
1308,391,1
1309,391,1
1310,391,1
1311,391,1
1312,391,1
1313,391,1
1314,391,1
1315,391,1
1316,391,1
1317,391,1
1318,391,1
1319,391,1
1320,391,1
1321,391,1
1322,391,1
1323,391,1
1324,391,1
1325,391,1
1326,391,1
1327,391,1
1328,391,1
1329,391,1
1330,391,1
1331,391,1
1332,391,1
1333,391,1
1334,391,1
1335,391,1
1336,391,1
1337,391,1
1338,391,1
1339,391,1
1340,391,1
1341,391,1
1342,391,1
1343,391,1
1344,391,1
1345,391,1
1346,391,1
1347,391,1
1348,391,1
1349,391,1
1350,391,1
1351,391,1
1352,391,1
1353,391,1
1354,391,1
1355,391,1
1356,391,1
1357,391,1
1358,391,1
1359,391,1
1360,391,1
1361,391,1
1362,391,1
1363,391,1
1364,392,1
1365,392,1
1366,392,1
1367,392,1
1368,392,1
1369,392,1
1370,392,1
1371,392,1
1372,392,1
1373,392,1
1374,392,1
1375,392,1
1376,392,1
1377,392,1
1378,392,1
1379,392,1
1380,392,1
1381,392,1
1382,392,1
1383,392,1
1384,392,1
1385,392,1
1386,392,1
1387,392,1
1388,392,1
1389,392,1
1390,392,1
1391,392,1
1392,392,1
1393,392,1
1394,392,1
1395,392,1
1396,392,1
1397,392,1
1398,392,1
1399,392,1
1400,392,1
1401,392,1
1402,392,1
1403,392,1
1404,392,1
1405,392,1
1406,392,1
1407,393,1
1408,393,1
1409,393,1
1410,393,1
1411,393,1
1412,393,1
1413,393,1
1414,393,1
1415,393,1
1416,393,1
1417,393,1
1418,393,1
1419,393,1
1420,393,1
1421,393,1
1422,393,1
1423,393,1
1424,393,1
1425,393,1
1426,393,1
1427,393,1
1428,393,1
1429,393,1
1430,393,1
1431,393,1
1432,393,1
1433,393,1
1434,393,1
1435,393,1
1436,393,1
1437,393,1
1438,393,1
1439,393,1
1440,393,1
1441,393,1
1442,393,1
1443,393,1
1444,393,1
1445,393,1
1446,393,1
1447,393,1
1448,393,1
1449,393,1
1450,393,1
1451,393,1
1452,393,1
1453,393,1
1454,393,1
1455,393,1
1456,393,1
1457,393,1
1458,393,1
1459,393,1
1460,393,1
1461,393,1
1462,393,1
1463,393,1
1464,393,1
1465,393,1
1466,393,1
1467,393,1
1468,393,1
1469,393,1
1470,393,1
1471,393,1
1472,393,1
1473,393,1
1474,393,1
1475,393,1
1476,393,1
1477,393,1
1478,393,1
1479,393,1
1480,393,1
1481,393,1
1482,393,1
1483,393,1
1484,393,1
1485,393,1
1486,393,1
1487,393,1
1488,393,1
1489,393,1
1490,393,1
1491,393,1
1492,393,1
1493,393,1
1494,393,1
1495,393,1
1496,393,1
1497,393,1
1498,393,1
1499,393,1
1500,393,1
1501,393,1
1502,393,1
1503,393,1
1504,393,1
1505,393,1
1506,393,1
1507,393,1
1508,393,1
1509,393,1
1510,393,1
1511,393,1
1512,393,1
1513,393,1
1514,393,1
1515,393,1
1516,393,1
1517,393,1
1518,393,1
1519,393,1
1520,393,1
1521,393,1
1522,393,1
1523,393,1
1524,393,1
1525,393,1
1526,393,1
1527,393,1
1528,393,1
1529,393,1
1530,393,1
1531,393,1
1532,393,1
1533,393,1
1534,393,1
1535,393,1
1536,393,1
1537,393,1
1538,393,1
1539,393,1
1540,393,1
1541,393,1
1542,393,1
1543,393,1
1544,393,1
1545,393,1
1546,393,1
1547,393,1
1548,393,1
1549,393,1
1550,393,1
1551,393,1
1552,393,1
1553,393,1
1554,393,1
1555,393,1
1556,393,1
1557,393,1
1558,393,1
1559,393,1
1560,393,1
1561,393,1
1562,393,1
1563,393,1
1564,393,1
1565,393,1
1566,393,1
1567,393,1
1568,393,1
1569,393,1
1570,393,1
1571,393,1
1572,393,1
1573,393,1
1574,393,1
1575,393,1
1576,393,1
1577,393,1
1578,393,1
1579,393,1
1580,393,1
1581,393,1
1582,393,1
1583,393,1
1584,393,1
1585,393,1
1586,393,1
1587,393,1
1588,393,1
1589,393,1
1590,393,1
1591,393,1
1592,393,1
1593,393,1
1594,393,1
1595,393,1
1596,393,1
1597,393,1
1598,393,1
1599,393,1
1600,393,1
1601,393,1
1602,393,1
1603,393,1
1604,393,1
1605,393,1
1606,393,1
1607,393,1
1608,393,1
1609,393,1
1610,393,1
1611,393,1
1612,393,1
1613,393,1
1614,393,1
1615,393,1
1616,393,1
1617,393,1
1618,393,1
1619,393,1
1620,393,1
1621,393,1
1622,393,1
1623,393,1
1624,393,1
1625,393,1
1626,393,1
1627,393,1
1628,393,1
1629,393,1
1630,393,1
1631,393,1
1632,393,1
1633,393,1
1634,393,1
1635,393,1
1636,393,1
1637,393,1
1638,393,1
1639,393,1
1640,393,1
1641,393,1
1642,393,1
1643,393,1
1644,393,1
1645,393,1
1646,393,1
1647,393,1
1648,393,1
1649,393,1
1650,393,1
1651,393,1
1652,393,1
1653,393,1
1654,393,1
1655,393,1
1656,393,1
1657,393,1
1658,393,1
1659,393,1
1660,393,1
1661,393,1
1662,393,1
1663,393,1
1664,393,1
1665,393,1
1666,393,1
1667,393,1
1668,393,1
1669,393,1
1670,393,1
1671,393,1
1672,393,1
1673,393,1
1674,393,1
1675,393,1
1676,393,1
1677,393,1
1678,393,1
1679,393,1
1680,393,1
1681,393,1
1682,393,1
1683,393,1
1684,393,1
1685,393,1
1686,393,1
1687,393,1
1688,393,1
1689,393,1
1690,393,1
1691,393,1
1692,393,1
1693,393,1
1694,393,1
1695,393,1
1696,393,1
1697,393,1
1698,393,1
1699,393,1
1700,393,1
1701,393,1
1702,393,1
1703,393,1
1704,393,1
1705,393,1
1706,393,1
1707,393,1
1708,393,1
1709,393,1
1710,393,1
1711,393,1
1712,393,1
1713,393,1
1714,393,1
1715,393,1
1716,393,1
1717,393,1
1718,393,1
1719,393,1
1720,393,1
1721,393,1
1722,393,1
1723,393,1
1724,393,1
1725,393,1
1726,393,1
1727,393,1
1728,393,1
1729,393,1
1730,393,1
1731,393,1
1732,393,1
1733,393,1
1734,393,1
1735,393,1
1736,393,1
1737,393,1
1738,393,1
1739,393,1
1740,393,1
1741,393,1
1742,393,1
1743,393,1
1744,393,1
1745,393,1
1746,393,1
1747,393,1
1748,393,1
1749,393,1
1750,393,1
1751,393,1
1752,393,1
1753,393,1
1754,393,1
1755,393,1
1756,393,1
1757,393,1
1758,393,1
1759,393,1
1760,393,1
1761,393,1
1762,393,1
1763,393,1
1764,393,1
1765,393,1
1766,393,1
1767,393,1
1768,393,1
1769,393,1
1770,393,1
1771,393,1
1772,393,1
1773,393,1
1774,393,1
1775,393,1
1776,393,1
1777,393,1
1778,394,1
1779,394,1
1780,394,1
1781,394,1
1782,394,1
1783,394,1
1784,394,1
1785,394,1
1786,394,1
1787,394,1
1788,394,1
1789,394,1
1790,394,1
1791,394,1
1792,394,1
1793,394,1
1794,394,1
1795,394,1
1796,394,1
1797,394,1
1798,394,1
1799,394,1
1800,394,1
1801,394,1
1802,394,1
1803,394,1
1804,394,1
1805,394,1
1806,394,1
1807,394,1
1808,394,1
1809,394,1
1810,394,1
1811,394,1
1812,394,1
1813,394,1
1814,394,1
1815,394,1
1816,394,1
1817,394,1
1818,394,1
1819,394,1
1820,394,1
1821,395,1
1822,395,1
1823,395,1
1824,395,1
1825,395,1
1826,395,1
1827,395,1
1828,395,1
1829,395,1
1830,395,1
1831,395,1
1832,395,1
1833,395,1
1834,395,1
1835,395,1
1836,395,1
1837,395,1
1838,395,1
1839,395,1
1840,395,1
1841,395,1
1842,395,1
1843,395,1
1844,395,1
1845,395,1
1846,395,1
1847,395,1
1848,395,1
1849,395,1
1850,395,1
1851,395,1
1852,395,1
1853,395,1
1854,395,1
1855,395,1
1856,395,1
1857,395,1
1858,395,1
1859,395,1
1860,395,1
1861,395,1
1862,395,1
1863,395,1
1864,395,1
1865,395,1
1866,395,1
1867,395,1
1868,395,1
1869,395,1
1870,395,1
1871,395,1
1872,395,1
1873,395,1
1874,395,1
1875,395,1
1876,395,1
1877,395,1
1878,395,1
1879,395,1
1880,395,1
1881,395,1
1882,395,1
1883,395,1
1884,395,1
1885,395,1
1886,395,1
1887,395,1
1888,395,1
1889,395,1
1890,395,1
1891,395,1
1892,395,1
1893,395,1
1894,395,1
1895,395,1
1896,395,1
1897,395,1
1898,395,1
1899,395,1
1900,395,1
1901,395,1
1902,395,1
1903,395,1
1904,395,1
1905,395,1
1906,395,1
1907,395,1
1908,395,1
1909,395,1
1910,395,1
1911,395,1
1912,395,1
1913,395,1
1914,395,1
1915,395,1
1916,395,1
1917,395,1
1918,395,1
1919,395,1
1920,395,1
1921,395,1
1922,395,1
1923,395,1
1924,395,1
1925,395,1
1926,395,1
1927,395,1
1928,395,1
1929,395,1
1930,395,1
1931,395,1
1932,395,1
1933,395,1
1934,395,1
1935,396,1
1936,396,1
1937,396,1
1938,396,1
1939,396,1
1940,396,1
1941,396,1
1942,396,1
1943,396,1
1944,396,1
1945,396,1
1946,396,1
1947,396,1
1948,396,1
1949,396,1
1950,396,1
1951,396,1
1952,396,1
1953,396,1
1954,396,1
1955,396,1
1956,396,1
1957,396,1
1958,396,1
1959,396,1
1960,396,1
1961,396,1
1962,396,1
1963,397,1
1964,397,1
1965,397,1
1966,397,1
1967,397,1
1968,397,1
1969,397,1
1970,397,1
1971,397,1
1972,397,1
1973,397,1
1974,397,1
1975,397,1
1976,397,1
1977,397,1
1978,397,1
1979,397,1
1980,397,1
1981,397,1
1982,397,1
1983,397,1
1984,397,1
1985,397,1
1986,398,1
1987,398,1
1988,398,1
1989,398,1
1990,398,1
1991,398,1
1992,398,1
1993,398,1
1994,398,1
1995,398,1
1996,398,1
1997,398,1
1998,398,1
1999,398,1
2000,398,1
2001,398,1
2002,398,1
2003,399,1
2004,399,1
2005,399,1
2006,399,1
2007,399,1
2008,399,1
2009,399,1
2010,399,1
2011,399,1
2012,399,1
2013,399,1
2014,399,1
2015,399,1
2016,399,1
2017,399,1
2018,399,1
2019,399,1
2020,399,1
2021,399,1
2022,399,1
2023,399,1
2024,399,1
2025,399,1
2026,399,1
2027,399,1
2028,399,1
2029,399,1
2030,399,1
2031,399,1
2032,399,1
2033,399,1
2034,399,1
2035,400,1
2036,400,1
2037,400,1
2038,400,1
2039,400,1
2040,400,1
2041,400,1
2042,400,1
2043,400,1
2044,400,1
2045,400,1
2046,400,1
2047,400,1
2048,400,1
2049,400,1
2050,400,1
2051,400,1
2052,400,1
2053,400,1
2054,400,1
2055,400,1
2056,401,1
2057,401,1
2058,401,1
2059,401,1
2060,401,1
2061,401,1
2062,401,1
2063,401,1
2064,401,1
2065,401,1
2066,401,1
2067,401,1
2068,401,1
2069,401,1
2070,401,1
2071,401,1
2072,401,1
2073,401,1
2074,401,1
2075,401,1
2076,401,1
2077,401,1
2078,401,1
2079,401,1
2080,401,1
2081,401,1
2082,401,1
2083,401,1
2084,401,1
2085,401,1
2086,401,1
2087,402,1
2088,402,1
2089,402,1
2090,402,1
2091,402,1
2092,402,1
2093,402,1
2094,402,1
2095,402,1
2096,402,1
2097,402,1
2098,402,1
2099,402,1
2100,402,1
2101,402,1
2102,402,1
2103,402,1
2104,403,1
2105,403,1
2106,403,1
2107,403,1
2108,403,1
2109,403,1
2110,403,1
2111,403,1
2112,403,1
2113,403,1
2114,403,1
2115,403,1
2116,403,1
2117,403,1
2118,403,1
2119,403,1
2120,403,1
2121,403,1
2122,403,1
2123,403,1
2124,404,1
2125,404,1
2126,404,1
2127,404,1
2128,404,1
2129,404,1
2130,404,1
2131,404,1
2132,404,1
2133,404,1
2134,404,1
2135,404,1
2136,404,1
2137,404,1
2138,404,1
2139,404,1
2140,404,1
2141,404,1
2142,404,1
2143,405,1
2144,405,1
2145,405,1
2146,405,1
2147,405,1
2148,405,1
2149,405,1
2150,405,1
2151,405,1
2152,405,1
2153,405,1
2154,405,1
2155,405,1
2156,405,1
2157,405,1
2158,405,1
2159,405,1
2160,406,1
2161,406,1
2162,406,1
2163,406,1
2164,406,1
2165,406,1
2166,406,1
2167,406,1
2168,406,1
2169,406,1
2170,406,1
2171,406,1
2172,406,1
2173,406,1
2174,406,1
2175,406,1
2176,406,1
2177,406,1
2178,406,1
2179,406,1
2180,406,1
2181,406,1
2182,406,1
2183,407,1
2184,407,1
2185,407,1
2186,407,1
2187,407,1
2188,407,1
2189,407,1
2190,407,1
2191,407,1
2192,407,1
2193,407,1
2194,407,1
2195,407,1
2196,407,1
2197,407,1
2198,407,1
2199,407,1
2200,407,1
2201,407,1
2202,407,1
2203,407,1
2204,408,1
2205,408,1
2206,408,1
2207,408,1
2208,408,1
2209,408,1
2210,408,1
2211,408,1
2212,408,1
2213,408,1
2214,408,1
2215,408,1
2216,408,1
2217,408,1
2218,408,1
2219,408,1
2220,408,1
2221,408,1
2222,408,1
2223,408,1
2224,408,1
2225,409,1
2226,409,1
2227,409,1
2228,409,1
2229,409,1
2230,409,1
2231,409,1
2232,409,1
2233,409,1
2234,409,1
2235,409,1
2236,409,1
2237,409,1
2238,409,1
2239,409,1
2240,409,1
2241,409,1
2242,409,1
2243,409,1
2244,409,1
2245,409,1
2246,409,1
2247,410,1
2248,410,1
2249,410,1
2250,410,1
2251,410,1
2252,410,1
2253,410,1
2254,410,1
2255,410,1
2256,410,1
2257,410,1
2258,410,1
2259,410,1
2260,410,1
2261,410,1
2262,410,1
2263,410,1
2264,411,1
2265,411,1
2266,411,1
2267,411,1
2268,411,1
2269,411,1
2270,411,1
2271,411,1
2272,411,1
2273,411,1
2274,411,1
2275,411,1
2276,411,1
2277,411,1
2278,411,1
2279,411,1
2280,411,1
2281,412,1
2282,412,1
2283,412,1
2284,412,1
2285,412,1
2286,412,1
2287,412,1
2288,412,1
2289,412,1
2290,412,1
2291,412,1
2292,412,1
2293,412,1
2294,412,1
2295,412,1
2296,412,1
2297,413,1
2298,413,1
2299,413,1
2300,413,1
2301,413,1
2302,413,1
2303,413,1
2304,413,1
2305,413,1
2306,413,1
2307,413,1
2308,413,1
2309,413,1
2310,413,1
2311,413,1
2312,413,1
2313,414,1
2314,414,1
2315,414,1
2316,414,1
2317,414,1
2318,414,1
2319,414,1
2320,414,1
2321,414,1
2322,414,1
2323,414,1
2324,414,1
2325,414,1
2326,414,1
2327,414,1
2328,414,1
2329,414,1
2330,415,1
2331,415,1
2332,415,1
2333,415,1
2334,415,1
2335,415,1
2336,415,1
2337,415,1
2338,415,1
2339,415,1
2340,415,1
2341,415,1
2342,415,1
2343,415,1
2344,415,1
2345,415,1
2346,415,1
2347,415,1
2348,415,1
2349,415,1
2350,415,1
2351,415,1
2352,415,1
2353,415,1
2354,415,1
2355,415,1
2356,415,1
2357,415,1
2358,416,1
2359,416,1
2360,416,1
2361,416,1
2362,416,1
2363,416,1
2364,416,1
2364,415,1
2365,415,1
2366,415,1
2367,415,1
2368,415,1
2369,415,1
2370,415,1
2371,415,1
2372,415,1
2373,415,1
2374,415,1
2374,414,1
2373,413,1
2372,413,1
2371,412,1
2370,411,1
2370,411,0
