613,758,1
612,758,1
611,758,1
610,759,1
609,759,1
608,759,1
608,760,1
607,760,1
606,761,1
605,762,1
604,762,1
604,763,1
603,763,1
602,764,1
601,764,1
600,765,1
599,765,1
598,766,1
597,766,1
596,767,1
595,767,1
594,768,1
593,769,1
592,769,1
591,770,1
590,770,1
589,771,1
588,771,1
588,772,1
587,772,1
586,773,1
585,774,1
584,774,1
583,775,1
582,775,1
581,776,1
580,777,1
579,777,1
578,778,1
577,778,1
576,779,1
575,779,1
574,780,1
573,781,1
572,782,1
571,782,1
570,783,1
569,783,1
568,784,1
567,784,1
567,785,1
566,785,1
565,786,1
564,786,1
563,787,1
562,787,1
561,788,1
560,788,1
560,789,1
559,789,1
558,790,1
557,791,1
556,791,1
555,792,1
554,792,1
553,793,1
552,794,1
551,794,1
550,795,1
549,796,1
548,796,1
547,797,1
546,797,1
545,798,1
544,799,1
543,800,1
542,800,1
541,801,1
540,801,1
539,802,1
538,803,1
537,803,1
537,804,1
536,804,1
535,805,1
534,806,1
533,806,1
532,807,1
531,807,1
530,808,1
529,809,1
528,810,1
527,810,1
526,811,1
525,812,1
524,812,1
523,813,1
523,814,1
522,814,1
521,815,1
520,815,1
519,816,1
518,817,1
517,817,1
517,818,1
516,819,1
515,819,1
514,820,1
513,821,1
512,821,1
512,822,1
511,822,1
510,823,1
509,824,1
508,824,1
507,825,1
507,826,1
506,826,1
505,827,1
504,828,1
503,828,1
503,829,1
502,830,1
501,830,1
500,831,1
500,832,1
499,832,1
498,833,1
497,834,1
496,834,1
496,835,1
495,836,1
494,836,1
493,837,1
493,838,1
492,838,1
491,839,1
491,840,1
490,840,1
489,841,1
489,842,1
488,843,1
487,843,1
487,844,1
486,845,1
485,846,1
484,847,1
483,848,1
482,849,1
481,850,1
481,851,1
480,852,1
479,852,1
479,853,1
478,854,1
478,855,1
477,855,1
477,856,1
476,857,1
475,858,1
475,859,1
474,859,1
474,860,1
473,861,1
473,862,1
472,863,1
471,864,1
471,865,1
470,866,1
470,867,1
470,868,1
469,868,1
469,869,1
468,870,1
468,871,1
468,872,1
467,872,1
467,873,1
466,874,1
466,875,1
466,876,1
465,877,1
465,878,1
465,879,1
464,880,1
464,881,1
464,882,1
463,883,1
463,884,1
463,885,1
463,886,1
462,887,1
462,888,1
462,889,1
462,890,1
462,891,1
462,892,1
461,893,1
461,894,1
461,895,1
461,896,1
461,897,1
461,898,1
461,899,1
461,900,1
461,901,1
461,902,1
461,903,1
461,904,1
462,905,1
462,906,1
462,907,1
462,908,1
462,909,1
462,910,1
462,911,1
463,911,1
463,912,1
463,913,1
463,914,1
464,915,1
464,916,1
464,917,1
465,918,1
465,919,1
466,920,1
466,921,1
466,922,1
467,922,1
467,923,1
467,924,1
468,925,1
468,926,1
469,926,1
469,927,1
469,928,1
470,929,1
471,930,1
471,931,1
472,932,1
473,933,1
473,934,1
474,934,1
474,935,1
475,936,1
475,937,1
476,937,1
476,938,1
477,939,1
478,939,1
478,940,1
479,941,1
480,942,1
481,943,1
482,944,1
483,944,1
483,945,1
484,946,1
485,946,1
485,947,1
486,947,1
487,948,1
487,949,1
488,949,1
489,950,1
490,950,1
490,951,1
491,951,1
492,952,1
493,953,1
494,954,1
495,954,1
496,955,1
497,956,1
498,956,1
499,957,1
500,957,1
501,957,1
501,958,1
502,958,1
503,959,1
504,959,1
505,960,1
506,960,1
507,960,1
507,961,1
508,961,1
509,962,1
510,962,1
511,962,1
512,963,1
513,963,1
514,964,1
515,964,1
516,965,1
517,965,1
518,965,1
519,966,1
520,966,1
521,966,1
522,967,1
523,967,1
524,967,1
525,967,1
526,968,1
527,968,1
528,968,1
529,968,1
530,969,1
531,969,1
532,969,1
533,970,1
534,970,1
535,970,1
536,970,1
537,970,1
538,971,1
539,971,1
540,971,1
541,971,1
542,971,1
543,971,1
544,972,1
545,972,1
546,972,1
547,972,1
548,972,1
549,972,1
550,972,1
551,972,1
552,972,1
553,972,1
554,972,1
555,972,1
556,972,1
557,973,1
558,973,1
559,973,1
560,973,1
561,973,1
562,972,1
563,972,1
564,972,1
565,972,1
566,972,1
567,972,1
568,972,1
569,972,1
570,972,1
571,972,1
572,972,1
573,972,1
574,972,1
575,971,1
576,971,1
577,971,1
578,971,1
579,971,1
580,971,1
581,970,1
582,970,1
583,970,1
584,970,1
585,970,1
586,969,1
587,969,1
588,969,1
589,969,1
589,968,1
590,968,1
591,968,1
592,968,1
593,967,1
594,967,1
595,966,1
596,966,1
597,965,1
598,965,1
599,965,1
599,964,1
600,964,1
601,964,1
601,963,1
602,963,1
603,963,1
604,962,1
605,962,1
606,961,1
607,961,1
608,960,1
609,960,1
610,959,1
611,959,1
612,958,1
613,958,1
614,958,1
614,957,1
615,957,1
616,957,1
616,956,1
617,956,1
618,956,1
619,956,1
619,955,1
620,955,1
621,955,1
622,955,1
622,956,1
623,956,1
624,956,1
624,957,1
624,958,1
625,958,1
625,959,1
625,960,1
625,961,1
625,962,1
626,963,1
626,964,1
626,965,1
626,966,1
626,967,1
626,968,1
626,969,1
626,970,1
626,971,1
626,972,1
626,973,1
626,974,1
626,975,1
626,976,1
626,977,1
626,978,1
626,979,1
626,980,1
626,981,1
626,982,1
626,983,1
626,984,1
626,985,1
626,986,1
626,987,1
626,988,1
626,989,1
626,990,1
626,991,1
626,992,1
627,993,1
627,994,1
627,995,1
627,996,1
627,997,1
627,998,1
627,999,1
627,1000,1
628,1001,1
628,1002,1
628,1003,1
628,1004,1
628,1005,1
629,1006,1
629,1007,1
629,1008,1
629,1009,1
629,1010,1
630,1011,1
630,1012,1
630,1013,1
630,1014,1
630,1015,1
630,1016,1
630,1017,1
631,1018,1
631,1019,1
631,1020,1
631,1021,1
632,1022,1
632,1023,1
632,1024,1
632,1025,1
633,1026,1
633,1027,1
633,1028,1
633,1029,1
633,1030,1
634,1031,1
634,1032,1
634,1033,1
635,1034,1
635,1035,1
635,1036,1
636,1036,1
636,1037,1
636,1038,1
637,1039,1
637,1040,1
637,1041,1
638,1042,1
638,1043,1
639,1044,1
639,1045,1
640,1046,1
640,1047,1
641,1048,1
641,1049,1
642,1050,1
642,1051,1
643,1051,1
644,1052,1
644,1053,1
644,1054,1
645,1055,1
645,1056,1
646,1057,1
646,1058,1
647,1058,1
647,1059,1
648,1060,1
648,1061,1
649,1061,1
649,1062,1
650,1063,1
651,1064,1
652,1065,1
649,814,0
668,619,1
668,618,1
668,617,1
668,616,1
668,615,1
668,614,1
668,613,1
668,612,1
668,611,1
667,610,1
667,609,1
667,608,1
667,607,1
667,606,1
666,605,1
666,604,1
666,603,1
665,602,1
665,601,1
665,600,1
664,599,1
664,598,1
664,597,1
664,596,1
663,595,1
663,594,1
663,593,1
663,592,1
662,591,1
662,590,1
661,589,1
661,588,1
661,587,1
660,586,1
660,585,1
660,584,1
659,583,1
659,582,1
659,581,1
658,581,1
658,580,1
658,579,1
657,578,1
657,577,1
656,576,1
656,575,1
656,574,1
655,573,1
655,572,1
654,572,1
654,571,1
653,570,1
653,569,1
653,568,1
652,567,1
652,566,1
651,565,1
650,564,1
650,563,1
649,562,1
649,561,1
649,560,1
648,559,1
648,558,1
647,558,1
647,557,1
646,556,1
646,555,1
646,554,1
645,553,1
645,552,1
644,551,1
643,550,1
643,549,1
642,548,1
642,547,1
642,546,1
641,545,1
640,544,1
640,543,1
639,542,1
639,541,1
638,540,1
637,539,1
637,538,1
636,537,1
636,536,1
635,536,1
635,535,1
634,534,1
634,533,1
633,532,1
632,531,1
631,530,1
631,529,1
630,528,1
629,527,1
629,526,1
628,525,1
627,524,1
626,523,1
626,522,1
625,522,1
625,521,1
624,520,1
623,519,1
622,518,1
622,517,1
621,516,1
620,516,1
620,515,1
619,514,1
618,514,1
618,513,1
617,512,1
617,511,1
616,511,1
615,510,1
614,509,1
613,508,1
612,507,1
611,506,1
610,505,1
609,504,1
608,503,1
607,502,1
606,501,1
605,501,1
605,500,1
604,500,1
603,499,1
602,498,1
601,497,1
600,497,1
599,496,1
598,495,1
597,495,1
596,494,1
596,493,1
595,493,1
594,492,1
593,492,1
592,491,1
591,490,1
590,490,1
589,489,1
588,489,1
587,488,1
586,488,1
585,487,1
584,487,1
583,486,1
582,486,1
581,485,1
580,485,1
579,485,1
579,484,1
578,484,1
577,484,1
576,484,1
576,483,1
575,483,1
574,483,1
573,482,1
572,482,1
571,482,1
570,482,1
570,481,1
569,481,1
568,481,1
567,481,1
566,481,1
566,480,1
565,480,1
564,480,1
563,480,1
562,480,1
561,480,1
560,480,1
559,480,1
559,481,1
558,481,1
557,481,1
557,482,1
556,482,1
555,483,1
555,484,1
556,485,1
556,486,1
557,486,1
557,487,1
558,487,1
558,488,1
559,488,1
560,489,1
561,489,1
562,490,1
563,490,1
564,490,1
565,491,1
566,491,1
567,491,1
568,491,1
569,492,1
570,492,1
571,492,1
572,492,1
573,492,1
574,493,1
575,493,1
576,493,1
577,493,1
578,493,1
578,494,1
579,494,1
580,494,1
581,495,1
582,495,1
583,495,1
584,495,1
585,495,1
586,496,1
587,496,1
588,497,1
589,497,1
590,497,1
828,673,0
1094,826,1
1094,827,1
1094,828,1
1094,829,1
1094,830,1
1094,831,1
1094,832,1
1094,833,1
1094,834,1
1094,835,1
1094,836,1
1094,837,1
1094,838,1
1094,839,1
1094,840,1
1094,841,1
1094,842,1
1094,843,1
1094,844,1
1094,845,1
1094,846,1
1094,847,1
1094,848,1
1094,849,1
1094,850,1
1094,851,1
1094,852,1
1094,853,1
1094,854,1
1094,855,1
1094,856,1
1094,857,1
1094,858,1
1094,859,1
1094,860,1
1094,861,1
1094,862,1
1094,863,1
1094,864,1
1094,865,1
1094,866,1
1094,867,1
1094,868,1
1094,869,1
1094,870,1
1094,871,1
1094,872,1
1094,873,1
1094,874,1
1094,875,1
1094,876,1
1094,877,1
1094,878,1
1094,879,1
1094,880,1
1094,881,1
1094,882,1
1094,883,1
1094,884,1
1094,885,1
1094,886,1
1094,887,1
1094,888,1
1094,889,1
1094,890,1
1094,891,1
1094,892,1
1094,893,1
1094,894,1
1094,895,1
1094,896,1
1094,897,1
1094,898,1
1094,899,1
1094,900,1
1094,901,1
1094,902,1
1094,903,1
1094,904,1
1094,905,1
1094,906,1
1094,907,1
1094,908,1
1094,909,1
1094,910,1
1094,911,1
1094,912,1
1094,913,1
1094,914,1
1094,915,1
1094,916,1
1094,917,1
1094,918,1
1094,919,1
1094,920,1
1094,921,1
1094,922,1
1095,922,1
1095,923,1
1095,924,1
1095,925,1
1095,926,1
1095,927,1
1095,928,1
1095,929,1
1095,930,1
1095,931,1
1095,932,1
1095,933,1
1095,934,1
1095,935,1
1095,936,1
1095,935,1
1095,934,1
1095,933,1
1095,932,1
1095,931,1
1095,930,1
1095,929,1
1095,928,1
1095,927,1
1095,926,1
1095,925,1
1095,924,1
1095,923,1
1095,922,1
1095,921,1
1095,920,1
1095,919,1
1094,919,1
1094,918,1
1094,917,1
1094,916,1
1094,915,1
1094,914,1
1094,913,1
1094,912,1
1094,911,1
1094,910,1
1094,909,1
1094,908,1
1094,907,1
1094,906,1
1093,905,1
1093,904,1
1093,903,1
1093,902,1
1093,901,1
1093,900,1
1093,899,1
1093,898,1
1093,897,1
1092,896,1
1092,895,1
1092,894,1
1092,893,1
1092,892,1
1092,891,1
1092,890,1
1091,889,1
1091,888,1
1091,887,1
1091,886,1
1091,885,1
1090,884,1
1090,883,1
1090,882,1
1090,881,1
1090,880,1
1090,879,1
1089,878,1
1089,877,1
1089,876,1
1089,875,1
1089,874,1
1088,873,1
1088,872,1
1088,871,1
1088,870,1
1087,869,1
1087,868,1
1087,867,1
1087,866,1
1086,865,1
1086,864,1
1086,863,1
1086,862,1
1085,861,1
1085,860,1
1084,859,1
1084,858,1
1084,857,1
1083,856,1
1083,855,1
1083,854,1
1083,853,1
1082,852,1
1082,851,1
1081,850,1
1081,849,1
1081,848,1
1080,847,1
1080,846,1
1079,845,1
1079,844,1
1078,843,1
1078,842,1
1077,841,1
1077,840,1
1077,839,1
1076,838,1
1075,837,1
1075,836,1
1075,835,1
1074,834,1
1074,833,1
1073,833,1
1073,832,1
1072,831,1
1072,830,1
1071,830,1
1071,829,1
1070,828,1
1070,827,1
1069,826,1
1068,825,1
1068,824,1
1067,823,1
1066,822,1
1066,821,1
1065,821,1
1065,820,1
1064,819,1
1063,818,1
1062,817,1
1062,816,1
1061,816,1
1060,815,1
1060,814,1
1059,814,1
1059,813,1
1058,812,1
1057,812,1
1057,811,1
1056,811,1
1055,810,1
1054,809,1
1053,808,1
1052,807,1
1051,807,1
1051,806,1
1050,806,1
1049,805,1
1048,805,1
1048,804,1
1047,804,1
1046,803,1
1045,802,1
1044,802,1
1043,802,1
1043,801,1
1042,801,1
1041,800,1
1040,800,1
1039,799,1
1038,799,1
1037,798,1
1036,798,1
1035,797,1
1034,797,1
1033,797,1
1032,796,1
1031,796,1
1030,796,1
1029,795,1
1028,795,1
1027,795,1
1026,795,1
1026,794,1
1025,794,1
1024,794,1
1023,794,1
1022,794,1
1021,794,1
1020,793,1
1019,793,1
1018,793,1
1017,793,1
1016,793,1
1015,793,1
1014,793,1
1013,793,1
1012,793,1
1011,793,1
1010,793,1
1009,793,1
1008,794,1
1007,794,1
1006,794,1
1005,794,1
1004,794,1
1003,794,1
1002,795,1
1001,795,1
1000,795,1
999,796,1
998,796,1
997,796,1
996,797,1
995,797,1
994,797,1
993,798,1
992,798,1
991,798,1
991,799,1
990,799,1
989,800,1
988,800,1
987,801,1
986,801,1
985,801,1
985,802,1
984,802,1
983,803,1
982,803,1
982,804,1
981,804,1
980,805,1
979,806,1
978,806,1
977,807,1
976,808,1
975,808,1
975,809,1
974,809,1
973,810,1
972,811,1
972,812,1
971,812,1
970,813,1
969,814,1
969,815,1
968,815,1
967,816,1
967,817,1
966,817,1
966,818,1
965,819,1
964,820,1
964,821,1
963,821,1
963,822,1
962,823,1
962,824,1
961,824,1
961,825,1
960,826,1
959,827,1
959,828,1
959,829,1
958,830,1
957,831,1
957,832,1
957,833,1
956,833,1
956,834,1
955,835,1
955,836,1
955,837,1
954,837,1
954,838,1
954,839,1
954,840,1
953,841,1
953,842,1
953,843,1
952,844,1
952,845,1
952,846,1
951,847,1
951,848,1
951,849,1
951,850,1
951,851,1
950,852,1
950,853,1
950,854,1
950,855,1
950,856,1
950,857,1
950,858,1
950,859,1
950,860,1
950,861,1
950,862,1
950,863,1
950,864,1
950,865,1
950,866,1
951,867,1
951,868,1
951,869,1
951,870,1
951,871,1
952,872,1
952,873,1
952,874,1
952,875,1
953,876,1
953,877,1
953,878,1
954,879,1
954,880,1
955,881,1
955,882,1
955,883,1
956,883,1
956,884,1
956,885,1
957,885,1
957,886,1
958,887,1
958,888,1
959,889,1
960,890,1
961,891,1
961,892,1
962,892,1
962,893,1
963,893,1
963,894,1
964,894,1
964,895,1
965,895,1
965,896,1
966,896,1
967,897,1
968,898,1
969,899,1
970,899,1
970,900,1
971,900,1
972,901,1
973,901,1
974,902,1
975,902,1
976,903,1
977,903,1
978,904,1
979,904,1
980,905,1
981,905,1
981,906,1
982,906,1
983,907,1
984,908,1
985,908,1
985,909,1
986,909,1
987,909,1
988,910,1
989,910,1
989,911,1
990,911,1
991,911,1
992,911,1
993,912,1
994,912,1
995,913,1
996,913,1
997,913,1
998,913,1
999,913,1
1000,914,1
1001,914,1
1002,914,1
1003,914,1
1004,914,1
1005,914,1
1006,914,1
1007,914,1
1008,914,1
1009,913,1
1010,913,1
1011,913,1
1012,913,1
1013,912,1
1014,912,1
1015,912,1
1016,911,1
1017,911,1
1018,911,1
1019,910,1
1020,910,1
1021,909,1
1022,909,1
1023,909,1
1024,908,1
1025,908,1
1026,907,1
1027,907,1
1027,906,1
1028,906,1
1029,905,1
1030,905,1
1031,904,1
1032,903,1
1032,903,0
1016,794,0
1271,845,1
1271,846,1
1271,847,1
1271,848,1
1271,849,1
1271,850,1
1271,851,1
1271,852,1
1271,853,1
1271,854,1
1271,855,1
1271,856,1
1271,857,1
1271,858,1
1271,859,1
1271,860,1
1271,861,1
1272,862,1
1272,863,1
1272,864,1
1272,865,1
1272,866,1
1272,867,1
1272,868,1
1272,869,1
1273,870,1
1273,871,1
1273,872,1
1273,873,1
1273,874,1
1273,875,1
1273,876,1
1274,877,1
1274,878,1
1274,879,1
1274,880,1
1274,881,1
1275,882,1
1275,883,1
1275,884,1
1275,885,1
1275,886,1
1275,887,1
1275,888,1
1275,889,1
1276,890,1
1276,891,1
1276,892,1
1276,893,1
1276,894,1
1277,895,1
1277,896,1
1277,897,1
1277,898,1
1277,899,1
1277,900,1
1278,901,1
1278,902,1
1278,903,1
1278,904,1
1279,905,1
1279,906,1
1279,907,1
1279,908,1
1279,909,1
1280,910,1
1280,911,1
1280,912,1
1281,913,1
1281,914,1
1282,915,1
1282,916,1
1282,917,1
1283,918,1
1284,919,1
1268,743,0
1265,626,1
1265,625,1
1265,624,1
1265,623,1
1265,622,1
1265,621,1
1265,620,1
1265,619,1
1265,618,1
1265,617,1
1265,616,1
1264,615,1
1264,614,1
1264,613,1
1264,612,1
1263,611,1
1263,610,1
1263,609,1
1263,608,1
1263,607,1
1263,606,1
1262,605,1
1262,604,1
1262,603,1
1262,602,1
1262,601,1
1262,600,1
1261,599,1
1261,598,1
1261,597,1
1261,596,1
1261,595,1
1260,594,1
1260,593,1
1260,592,1
1260,591,1
1259,590,1
1259,589,1
1259,588,1
1259,587,1
1258,586,1
1258,585,1
1258,584,1
1257,583,1
1257,582,1
1257,581,1
1257,580,1
1256,579,1
1256,578,1
1256,577,1
1255,576,1
1255,575,1
1255,574,1
1255,573,1
1254,573,1
1254,572,1
1254,571,1
1253,570,1
1253,569,1
1252,568,1
1252,567,1
1252,566,1
1252,565,1
1251,564,1
1251,563,1
1251,562,1
1250,562,1
1250,561,1
1250,560,1
1249,559,1
1249,558,1
1249,557,1
1248,556,1
1248,555,1
1248,554,1
1247,553,1
1247,552,1
1246,551,1
1246,550,1
1245,549,1
1245,548,1
1244,547,1
1244,546,1
1244,545,1
1243,544,1
1243,543,1
1242,542,1
1242,541,1
1241,540,1
1241,539,1
1240,538,1
1240,537,1
1239,536,1
1239,535,1
1238,535,1
1238,534,1
1237,533,1
1237,532,1
1236,531,1
1236,530,1
1235,530,1
1235,529,1
1234,528,1
1234,527,1
1233,526,1
1232,525,1
1232,524,1
1231,523,1
1230,522,1
1230,521,1
1229,520,1
1228,520,1
1228,519,1
1227,518,1
1227,517,1
1226,517,1
1226,516,1
1225,515,1
1224,515,1
1224,514,1
1223,513,1
1222,513,1
1222,512,1
1221,511,1
1220,510,1
1219,509,1
1218,508,1
1217,508,1
1217,507,1
1216,507,1
1215,506,1
1215,505,1
1214,505,1
1213,504,1
1212,503,1
1211,503,1
1211,502,1
1210,502,1
1209,502,1
1209,501,1
1208,501,1
1207,500,1
1206,500,1
1206,499,1
1205,499,1
1204,499,1
1204,498,1
1203,498,1
1202,498,1
1201,497,1
1200,497,1
1199,497,1
1199,496,1
1198,496,1
1197,496,1
1196,496,1
1195,495,1
1194,495,1
1193,495,1
1192,495,1
1191,495,1
1190,494,1
1189,494,1
1188,494,1
1187,494,1
1186,494,1
1185,494,1
1184,494,1
1184,495,1
1183,495,1
1182,495,1
1181,495,1
1180,495,1
1180,496,1
1179,496,1
1178,496,1
1178,497,1
1177,497,1
1177,498,1
1176,498,1
1176,499,1
1175,500,1
1174,500,1
1173,500,1
1173,501,1
1172,501,1
1171,502,1
1170,502,1
1170,503,1
1169,503,1
1169,504,1
1168,504,1
1168,505,1
1167,506,1
1167,507,1
1167,508,1
1166,508,1
1166,509,1
1166,510,1
1166,511,1
1166,512,1
1166,513,1
1166,514,1
1167,515,1
1167,516,1
1167,517,1
1168,518,1
1169,519,1
1170,520,1
1171,521,1
1172,522,1
1173,523,1
1174,523,1
1175,524,1
1176,524,1
1176,525,1
1177,525,1
1178,526,1
1179,526,1
1180,527,1
1181,527,1
1182,527,1
1183,528,1
1184,528,1
1185,529,1
1186,529,1
1187,530,1
1188,530,1
1189,531,1
1190,532,1
1400,679,0
1632,839,1
1632,840,1
1632,841,1
1632,842,1
1632,843,1
1632,844,1
1632,845,1
1633,846,1
1633,847,1
1633,848,1
1633,849,1
1634,850,1
1634,849,1
1634,848,1
1634,847,1
1634,846,1
1634,845,1
1633,845,1
1633,844,1
1633,843,1
1633,842,1
1632,842,1
1632,841,1
1631,840,1
1630,839,1
1630,838,1
1629,838,1
1629,837,1
1628,837,1
1628,836,1
1627,836,1
1626,835,1
1625,834,1
1624,833,1
1623,833,1
1622,832,1
1621,831,1
1620,831,1
1619,831,1
1618,830,1
1617,830,1
1616,829,1
1615,829,1
1614,828,1
1613,828,1
1613,827,1
1612,827,1
1611,827,1
1610,826,1
1609,826,1
1609,825,1
1608,825,1
1607,825,1
1607,824,1
1606,824,1
1605,823,1
1604,823,1
1603,822,1
1602,822,1
1601,821,1
1600,821,1
1599,820,1
1598,820,1
1597,820,1
1597,819,1
1596,819,1
1595,819,1
1594,818,1
1593,818,1
1592,818,1
1591,817,1
1590,817,1
1589,816,1
1588,816,1
1587,816,1
1586,816,1
1586,815,1
1585,815,1
1584,815,1
1583,815,1
1582,815,1
1581,814,1
1580,814,1
1579,814,1
1578,814,1
1577,813,1
1576,813,1
1575,813,1
1574,813,1
1574,812,1
1573,812,1
1572,812,1
1571,812,1
1570,812,1
1569,812,1
1568,811,1
1567,811,1
1566,811,1
1565,811,1
1564,810,1
1563,810,1
1562,810,1
1561,810,1
1560,810,1
1559,810,1
1559,809,1
1558,809,1
1557,809,1
1556,809,1
1555,809,1
1554,809,1
1553,808,1
1552,808,1
1551,808,1
1550,808,1
1549,808,1
1548,808,1
1547,807,1
1546,807,1
1545,807,1
1544,807,1
1543,807,1
1542,807,1
1541,807,1
1540,806,1
1539,806,1
1538,806,1
1537,806,1
1536,806,1
1535,805,1
1534,805,1
1533,805,1
1532,805,1
1531,805,1
1530,804,1
1529,804,1
1528,804,1
1527,804,1
1526,804,1
1526,803,1
1525,803,1
1524,803,1
1523,803,1
1522,803,1
1521,802,1
1520,802,1
1519,802,1
1518,802,1
1517,802,1
1516,801,1
1515,801,1
1514,801,1
1513,801,1
1512,801,1
1511,800,1
1510,800,1
1509,800,1
1508,800,1
1507,800,1
1506,800,1
1505,799,1
1504,799,1
1503,799,1
1502,799,1
1501,799,1
1500,799,1
1499,798,1
1498,798,1
1497,798,1
1496,798,1
1495,798,1
1494,798,1
1493,798,1
1492,797,1
1491,797,1
1490,797,1
1489,797,1
1488,797,1
1487,797,1
1486,797,1
1485,797,1
1484,797,1
1483,797,1
1482,797,1
1481,797,1
1480,797,1
1479,797,1
1478,797,1
1477,797,1
1476,797,1
1475,797,1
1474,797,1
1473,797,1
1472,797,1
1471,797,1
1470,797,1
1469,797,1
1468,797,1
1467,797,1
1466,798,1
1465,798,1
1464,798,1
1463,798,1
1462,798,1
1461,798,1
1460,799,1
1459,799,1
1458,799,1
1457,799,1
1456,799,1
1455,800,1
1454,800,1
1453,800,1
1452,801,1
1451,801,1
1450,801,1
1449,802,1
1448,802,1
1447,802,1
1446,803,1
1445,803,1
1444,804,1
1443,804,1
1442,804,1
1442,805,1
1441,805,1
1440,806,1
1439,806,1
1438,807,1
1437,807,1
1436,808,1
1435,808,1
1435,809,1
1434,809,1
1433,810,1
1432,811,1
1431,811,1
1430,812,1
1429,813,1
1428,813,1
1427,814,1
1426,815,1
1425,816,1
1424,817,1
1423,817,1
1423,818,1
1422,819,1
1421,819,1
1421,820,1
1420,821,1
1419,822,1
1418,823,1
1417,824,1
1417,825,1
1416,826,1
1415,827,1
1415,828,1
1414,829,1
1413,830,1
1413,831,1
1412,832,1
1411,833,1
1411,834,1
1411,835,1
1410,836,1
1410,837,1
1409,837,1
1409,838,1
1409,839,1
1408,840,1
1408,841,1
1407,842,1
1407,843,1
1407,844,1
1407,845,1
1406,846,1
1406,847,1
1406,848,1
1406,849,1
1405,850,1
1405,851,1
1405,852,1
1405,853,1
1405,854,1
1405,855,1
1405,856,1
1404,857,1
1404,858,1
1404,859,1
1404,860,1
1404,861,1
1404,862,1
1404,863,1
1404,864,1
1404,865,1
1404,866,1
1404,867,1
1404,868,1
1405,869,1
1405,870,1
1405,871,1
1405,872,1
1405,873,1
1405,874,1
1406,875,1
1406,876,1
1406,877,1
1406,878,1
1407,879,1
1407,880,1
1408,881,1
1408,882,1
1408,883,1
1409,884,1
1409,885,1
1410,886,1
1410,887,1
1411,888,1
1411,889,1
1412,890,1
1412,891,1
1413,892,1
1414,893,1
1414,894,1
1415,895,1
1416,896,1
1416,897,1
1417,897,1
1417,898,1
1418,899,1
1419,899,1
1419,900,1
1420,901,1
1421,902,1
1421,903,1
1422,903,1
1423,904,1
1424,905,1
1424,906,1
1425,907,1
1426,908,1
1427,909,1
1427,910,1
1428,910,1
1428,911,1
1429,912,1
1430,912,1
1430,913,1
1431,914,1
1432,914,1
1432,915,1
1433,916,1
1434,916,1
1434,917,1
1435,917,1
1436,918,1
1437,918,1
1437,919,1
1438,919,1
1439,920,1
1440,921,1
1441,922,1
1442,922,1
1443,923,1
1444,923,1
1445,923,1
1446,924,1
1447,924,1
1447,925,1
1448,925,1
1449,925,1
1450,926,1
1451,926,1
1452,926,1
1453,927,1
1454,927,1
1455,927,1
1456,927,1
1457,927,1
1458,928,1
1459,928,1
1460,928,1
1461,928,1
1462,928,1
1463,928,1
1464,929,1
1465,929,1
1466,929,1
1467,929,1
1468,929,1
1469,929,1
1470,929,1
1471,929,1
1472,929,1
1473,929,1
1474,929,1
1610,876,0
1771,813,1
1771,814,1
1771,815,1
1771,816,1
1771,817,1
1771,818,1
1771,819,1
1771,820,1
1771,821,1
1771,822,1
1771,823,1
1771,824,1
1771,825,1
1771,826,1
1771,827,1
1771,828,1
1771,829,1
1772,830,1
1772,831,1
1773,831,1
1774,830,1
1775,829,1
1775,828,1
1776,828,1
1776,827,1
1776,826,1
1777,825,1
1777,824,1
1778,823,1
1778,822,1
1778,821,1
1778,820,1
1779,819,1
1779,818,1
1779,817,1
1779,816,1
1780,816,1
1780,815,1
1780,814,1
1780,813,1
1780,812,1
1781,812,1
1781,811,1
1781,810,1
1781,809,1
1781,808,1
1781,807,1
1782,807,1
1782,806,1
1782,805,1
1783,804,1
1783,803,1
1783,802,1
1784,801,1
1784,800,1
1784,799,1
1784,798,1
1785,798,1
1785,797,1
1785,796,1
1785,795,1
1785,794,1
1786,793,1
1786,792,1
1786,791,1
1786,790,1
1787,789,1
1787,788,1
1787,787,1
1787,786,1
1787,785,1
1787,784,1
1788,783,1
1788,782,1
1788,781,1
1788,780,1
1789,779,1
1789,778,1
1789,777,1
1789,776,1
1789,775,1
1789,774,1
1790,773,1
1790,772,1
1790,771,1
1790,770,1
1790,769,1
1790,768,1
1790,767,1
1790,766,1
1791,765,1
1791,764,1
1791,763,1
1791,762,1
1791,761,1
1791,760,1
1791,759,1
1792,758,1
1792,757,1
1792,756,1
1792,755,1
1792,754,1
1792,753,1
1792,752,1
1792,751,1
1792,750,1
1793,749,1
1793,748,1
1793,747,1
1793,746,1
1793,745,1
1793,744,1
1793,743,1
1793,742,1
1793,741,1
1793,740,1
1793,739,1
1794,738,1
1794,737,1
1794,736,1
1794,735,1
1794,734,1
1794,733,1
1794,732,1
1794,731,1
1794,730,1
1794,729,1
1794,728,1
1795,727,1
1795,726,1
1795,725,1
1795,724,1
1795,723,1
1795,722,1
1795,721,1
1795,720,1
1795,719,1
1795,718,1
1795,717,1
1795,716,1
1795,715,1
1795,714,1
1795,713,1
1795,712,1
1795,711,1
1795,710,1
1796,709,1
1796,708,1
1796,707,1
1796,706,1
1796,705,1
1796,704,1
1796,703,1
1796,702,1
1796,701,1
1796,700,1
1796,699,1
1796,698,1
1796,697,1
1796,696,1
1796,695,1
1796,694,1
1796,693,1
1796,692,1
1796,691,1
1796,690,1
1796,689,1
1796,688,1
1796,687,1
1796,686,1
1796,685,1
1796,684,1
1797,683,1
1797,682,1
1797,681,1
1797,680,1
1797,679,1
1797,678,1
1797,677,1
1797,676,1
1797,675,1
1797,674,1
1797,673,1
1797,672,1
1797,671,1
1797,670,1
1797,669,1
1797,668,1
1797,667,1
1797,666,1
1797,665,1
1797,664,1
1797,663,1
1797,662,1
1797,661,1
1797,660,1
1797,659,1
1797,658,1
1797,657,1
1797,656,1
1797,655,1
1797,654,1
1797,653,1
1797,652,1
1797,651,1
1797,650,1
1797,649,1
1797,648,1
1797,647,1
1797,646,1
1797,645,1
1797,644,1
1797,643,1
1797,642,1
1797,641,1
1797,640,1
1797,639,1
1797,638,1
1797,637,1
1796,636,1
1796,635,1
1796,634,1
1796,633,1
1796,632,1
1796,631,1
1796,630,1
1796,629,1
1796,628,1
1796,627,1
1796,626,1
1796,625,1
1796,624,1
1796,623,1
1796,622,1
1796,621,1
1796,620,1
1796,619,1
1795,618,1
1795,617,1
1795,616,1
1795,615,1
1795,614,1
1795,613,1
1795,612,1
1795,611,1
1795,610,1
1795,609,1
1795,608,1
1794,607,1
1794,606,1
1794,605,1
1794,604,1
1794,603,1
1794,602,1
1794,601,1
1794,600,1
1794,599,1
1793,598,1
1793,597,1
1793,596,1
1793,595,1
1793,594,1
1793,593,1
1793,592,1
1792,591,1
1792,590,1
1792,589,1
1792,588,1
1792,587,1
1792,586,1
1792,585,1
1791,584,1
1791,583,1
1791,582,1
1791,581,1
1791,580,1
1790,579,1
1790,578,1
1790,577,1
1790,576,1
1789,575,1
1789,574,1
1789,573,1
1789,572,1
1789,571,1
1788,570,1
1788,569,1
1788,568,1
1788,567,1
1787,566,1
1787,565,1
1787,564,1
1786,563,1
1786,562,1
1786,561,1
1786,560,1
1785,559,1
1785,558,1
1784,557,1
1784,556,1
1784,555,1
1783,554,1
1783,553,1
1783,552,1
1782,551,1
1782,550,1
1782,549,1
1781,548,1
1781,547,1
1780,546,1
1780,545,1
1779,544,1
1779,543,1
1779,542,1
1778,541,1
1778,540,1
1777,539,1
1777,538,1
1776,538,1
1776,537,1
1776,536,1
1775,535,1
1775,534,1
1774,533,1
1774,532,1
1773,532,1
1773,531,1
1772,530,1
1772,529,1
1771,528,1
1771,527,1
1770,527,1
1770,526,1
1769,525,1
1769,524,1
1768,523,1
1767,522,1
1766,521,1
1766,520,1
1765,519,1
1765,518,1
1764,518,1
1764,517,1
1763,516,1
1762,515,1
1761,514,1
1761,513,1
1760,512,1
1759,512,1
1759,511,1
1758,510,1
1757,509,1
1756,508,1
1755,507,1
1754,506,1
1753,505,1
1752,504,1
1751,503,1
1750,503,1
1750,502,1
1749,501,1
1748,501,1
1748,500,1
1747,500,1
1746,499,1
1745,498,1
1744,497,1
1743,497,1
1742,496,1
1741,495,1
1740,495,1
1739,494,1
1738,494,1
1738,493,1
1737,493,1
1736,492,1
1735,492,1
1734,491,1
1733,491,1
1733,490,1
1732,490,1
1731,489,1
1730,489,1
1729,489,1
1728,488,1
1727,487,1
1726,487,1
1725,487,1
1724,486,1
1723,486,1
1722,486,1
1722,485,1
1721,485,1
1720,485,1
1719,484,1
1718,484,1
1717,484,1
1716,484,1
1716,483,1
1715,483,1
1714,483,1
1713,483,1
1712,483,1
1711,482,1
1710,482,1
1709,482,1
1708,482,1
1707,482,1
1706,482,1
1705,482,1
1704,481,1
1703,481,1
1702,481,1
1701,481,1
1700,481,1
1699,481,1
1698,481,1
1697,481,1
1696,481,1
1695,481,1
1694,481,1
1693,481,1
1692,481,1
1691,481,1
1690,482,1
1689,482,1
1688,482,1
1687,482,1
1686,482,1
1685,482,1
1684,482,1
1683,483,1
1682,483,1
1681,483,1
1680,483,1
1679,483,1
1678,484,1
1677,484,1
1676,484,1
1675,485,1
1674,485,1
1673,485,1
1673,486,1
1672,486,1
1671,486,1
1670,486,1
1669,487,1
1668,488,1
1667,488,1
1666,488,1
1665,489,1
1664,489,1
1663,490,1
1662,490,1
1662,491,1
1661,491,1
1660,492,1
1659,492,1
1659,493,1
1658,493,1
1657,494,1
1656,495,1
1655,495,1
1655,496,1
1654,496,1
1653,497,1
1652,497,1
1652,498,1
1651,498,1
1650,499,1
1649,500,1
1649,501,1
1648,501,1
1647,502,1
1646,503,1
1646,504,1
1645,504,1
1644,505,1
1643,506,1
1643,507,1
1642,507,1
1642,508,1
1641,509,1
1640,510,1
1640,511,1
1639,511,1
1639,512,1
1638,513,1
1638,514,1
1637,514,1
1637,515,1
1636,516,1
1635,517,1
1635,518,1
1635,519,1
1634,519,1
1634,520,1
1633,521,1
1633,522,1
1632,523,1
1632,524,1
1631,525,1
1631,526,1
1630,527,1
1630,528,1
1630,529,1
1629,529,1
1629,530,1
1629,531,1
1629,532,1
1628,533,1
1628,534,1
1628,535,1
1627,536,1
1627,537,1
1627,538,1
1627,539,1
1626,540,1
1626,541,1
1626,542,1
1626,543,1
1626,544,1
1625,545,1
1625,546,1
1625,547,1
1625,548,1
1625,549,1
1625,550,1
1625,551,1
1625,552,1
1625,553,1
1625,554,1
1625,555,1
1625,556,1
1625,557,1
1625,558,1
1625,559,1
1625,560,1
1625,561,1
1625,562,1
1625,563,1
1625,564,1
1625,565,1
1625,566,1
1626,566,1
1626,567,1
1626,568,1
1626,569,1
1626,570,1
1626,571,1
1627,571,1
1627,572,1
1627,573,1
1627,574,1
1627,575,1
1628,576,1
1628,577,1
1628,578,1
1628,579,1
1628,580,1
1628,581,1
1628,582,1
1628,583,1
1628,584,1
1628,585,1
1629,585,1
1629,586,1
1629,587,1
1629,588,1
1629,589,1
1630,590,1
1630,591,1
1630,592,1
1630,593,1
1631,594,1
1631,595,1
1631,596,1
1632,597,1
1632,598,1
1632,599,1
1633,600,1
1633,601,1
1634,602,1
1634,603,1
1634,604,1
1635,605,1
1636,606,1
1636,607,1
1637,608,1
1637,609,1
1638,610,1
1639,610,1
1639,611,1
1640,612,1
1641,613,1
1641,614,1
1642,614,1
1643,615,1
1644,616,1
1645,616,1
1645,617,1
1646,618,1
1647,618,1
1648,619,1
1649,619,1
1650,620,1
1651,620,1
1651,621,1
1652,622,1
1653,622,1
1653,623,1
1653,624,1
1654,625,1
1655,626,1
1898,653,0
2152,716,1
2153,715,1
2154,714,1
2155,713,1
2156,712,1
2156,711,1
2157,710,1
2157,709,1
2158,708,1
2158,707,1
2159,706,1
2159,705,1
2160,704,1
2160,703,1
2161,702,1
2161,701,1
2161,700,1
2161,701,1
2161,702,1
2161,703,1
2161,704,1
2161,705,1
2161,706,1
2161,707,1
2161,708,1
2160,709,1
2160,710,1
2160,711,1
2160,712,1
2160,713,1
2160,714,1
2160,715,1
2160,716,1
2160,717,1
2160,718,1
2160,719,1
2160,720,1
2160,721,1
2160,722,1
2160,723,1
2160,724,1
2160,725,1
2160,726,1
2160,727,1
2160,728,1
2160,729,1
2160,730,1
2160,731,1
2160,732,1
2160,733,1
2160,734,1
2160,735,1
2160,736,1
2160,737,1
2160,738,1
2160,739,1
2160,740,1
2160,741,1
2160,742,1
2160,743,1
2160,744,1
2160,745,1
2160,746,1
2160,747,1
2159,748,1
2159,749,1
2159,750,1
2159,751,1
2159,752,1
2159,753,1
2159,754,1
2159,755,1
2159,756,1
2159,757,1
2159,758,1
2159,759,1
2160,760,1
2160,761,1
2160,762,1
2160,763,1
2160,764,1
2160,765,1
2160,766,1
2160,767,1
2160,768,1
2160,769,1
2160,770,1
2160,771,1
2160,772,1
2160,773,1
2160,774,1
2160,775,1
2160,776,1
2161,777,1
2161,778,1
2161,779,1
2161,780,1
2161,781,1
2161,782,1
2161,783,1
2161,784,1
2162,785,1
2162,786,1
2162,787,1
2162,788,1
2162,789,1
2163,790,1
2163,791,1
2163,792,1
2163,793,1
2163,794,1
2163,795,1
2163,796,1
2163,797,1
2163,798,1
2163,799,1
2164,800,1
2164,801,1
2164,802,1
2164,803,1
2164,804,1
2164,805,1
2164,806,1
2165,807,1
2165,808,1
2165,809,1
2165,810,1
2165,811,1
2165,812,1
2166,813,1
2166,814,1
2166,815,1
2166,816,1
2166,817,1
2167,818,1
2167,819,1
2167,820,1
2167,821,1
2167,822,1
2168,823,1
2168,824,1
2168,825,1
2169,826,1
2169,827,1
2169,828,1
2170,829,1
2170,830,1
2171,830,1
2171,831,1
2172,832,1
2172,833,1
2173,834,1
2174,835,1
2174,836,1
2175,837,1
2176,837,1
2176,838,1
2177,838,1
2178,839,1
2179,839,1
2180,839,1
2181,839,1
2182,839,1
2183,839,1
2184,839,1
2241,809,0
2313,768,1
2313,769,1
2313,770,1
2313,771,1
2313,772,1
2313,773,1
2313,774,1
2313,775,1
2313,776,1
2313,777,1
2313,778,1
2313,779,1
2313,780,1
2314,781,1
2314,782,1
2314,783,1
2314,784,1
2314,785,1
2314,786,1
2314,787,1
2314,788,1
2315,789,1
2315,790,1
2315,791,1
2315,792,1
2315,793,1
2315,794,1
2315,795,1
2315,796,1
2315,797,1
2315,798,1
2315,799,1
2315,800,1
2315,801,1
2315,802,1
2315,803,1
2315,804,1
2315,805,1
2315,806,1
2315,807,1
2315,808,1
2315,809,1
2315,810,1
2315,811,1
2315,812,1
2315,813,1
2315,814,1
2315,815,1
2315,816,1
2316,817,1
2316,818,1
2316,819,1
2316,820,1
2316,821,1
2316,822,1
2316,823,1
2316,824,1
2316,825,1
2316,826,1
2316,827,1
2316,828,1
2316,829,1
2316,830,1
2316,831,1
2316,832,1
2316,833,1
2316,834,1
2316,835,1
2316,836,1
2316,837,1
2316,838,1
2316,839,1
2316,840,1
2316,841,1
2316,842,1
2316,843,1
2316,844,1
2316,845,1
2316,846,1
2316,847,1
2316,848,1
2316,849,1
2316,850,1
2316,851,1
2316,852,1
2316,853,1
2316,854,1
2316,855,1
2316,856,1
2316,857,1
2316,858,1
1467,679,0
587,532,1
588,532,1
589,532,1
590,532,1
591,532,1
592,532,1
593,532,1
594,532,1
595,532,1
596,532,1
597,532,1
598,532,1
599,532,1
600,532,1
601,532,1
602,532,1
603,532,1
604,532,1
605,532,1
606,531,1
607,531,1
608,531,1
609,531,1
610,531,1
611,531,1
612,531,1
613,531,1
614,531,1
615,531,1
616,531,1
617,531,1
618,530,1
619,530,1
620,530,1
621,530,1
622,530,1
623,530,1
624,530,1
625,530,1
626,530,1
627,530,1
628,530,1
629,530,1
630,530,1
631,530,1
632,530,1
633,530,1
634,530,1
635,530,1
636,530,1
637,530,1
638,530,1
639,530,1
640,530,1
641,530,1
642,530,1
643,530,1
644,530,1
645,530,1
646,530,1
647,530,1
648,530,1
649,530,1
650,530,1
651,530,1
652,530,1
653,530,1
654,530,1
655,530,1
656,530,1
657,530,1
658,530,1
659,529,1
660,529,1
661,529,1
662,529,1
663,529,1
664,529,1
665,529,1
666,529,1
667,529,1
668,529,1
669,529,1
670,529,1
671,529,1
672,529,1
673,529,1
674,529,1
675,529,1
676,529,1
677,529,1
678,529,1
679,529,1
680,529,1
681,529,1
682,529,1
683,529,1
684,529,1
685,529,1
686,529,1
687,529,1
688,529,1
689,529,1
690,529,1
691,529,1
692,529,1
693,529,1
694,529,1
695,529,1
696,529,1
697,529,1
698,529,1
699,529,1
700,529,1
701,529,1
702,529,1
703,529,1
704,529,1
705,529,1
706,529,1
707,529,1
708,529,1
709,529,1
710,529,1
711,529,1
712,529,1
713,529,1
714,529,1
715,529,1
716,529,1
717,529,1
718,529,1
719,529,1
720,529,1
721,529,1
722,529,1
723,529,1
724,529,1
725,529,1
726,529,1
727,529,1
728,529,1
729,529,1
730,529,1
731,529,1
732,529,1
733,529,1
734,529,1
735,529,1
736,529,1
737,529,1
738,529,1
739,529,1
740,529,1
741,529,1
742,529,1
743,529,1
744,529,1
745,529,1
746,529,1
747,529,1
748,529,1
749,529,1
750,529,1
751,529,1
752,529,1
753,529,1
754,529,1
755,529,1
756,529,1
757,529,1
758,529,1
759,529,1
760,529,1
761,529,1
762,529,1
763,529,1
764,529,1
765,529,1
766,529,1
767,529,1
768,529,1
769,529,1
770,529,1
771,529,1
772,529,1
773,529,1
774,529,1
775,529,1
776,529,1
777,529,1
778,529,1
779,529,1
780,529,1
781,529,1
782,529,1
783,529,1
784,529,1
785,529,1
786,529,1
787,529,1
788,529,1
789,529,1
790,529,1
791,529,1
792,529,1
793,529,1
794,529,1
795,529,1
796,529,1
797,529,1
798,529,1
799,529,1
800,529,1
801,529,1
802,529,1
803,529,1
804,529,1
805,529,1
806,529,1
807,529,1
808,529,1
809,529,1
810,529,1
811,529,1
812,529,1
813,529,1
814,529,1
815,529,1
816,529,1
817,529,1
818,529,1
819,528,1
820,528,1
821,528,1
822,528,1
823,528,1
824,528,1
825,528,1
826,528,1
827,528,1
828,528,1
829,528,1
830,528,1
831,528,1
832,528,1
833,528,1
834,528,1
835,528,1
836,528,1
837,528,1
838,528,1
839,528,1
840,528,1
841,528,1
842,528,1
843,528,1
844,528,1
845,528,1
846,528,1
847,528,1
848,528,1
849,528,1
850,528,1
851,528,1
852,528,1
853,528,1
854,528,1
855,528,1
856,528,1
857,528,1
858,528,1
859,528,1
860,527,1
861,527,1
862,527,1
863,527,1
864,527,1
865,527,1
866,527,1
867,527,1
868,527,1
869,527,1
870,527,1
871,527,1
872,527,1
873,527,1
874,527,1
875,527,1
876,527,1
877,527,1
878,527,1
879,527,1
880,527,1
881,527,1
882,527,1
883,527,1
884,527,1
885,527,1
886,527,1
887,527,1
888,527,1
889,527,1
890,527,1
891,527,1
892,527,1
893,527,1
894,527,1
895,527,1
896,527,1
897,527,1
898,527,1
899,527,1
900,527,1
901,526,1
902,526,1
903,526,1
904,526,1
905,526,1
906,526,1
907,526,1
908,526,1
909,526,1
910,526,1
911,526,1
912,526,1
913,526,1
914,526,1
915,526,1
916,526,1
917,526,1
918,526,1
919,526,1
920,526,1
921,526,1
922,526,1
923,526,1
924,526,1
925,526,1
926,526,1
927,526,1
928,526,1
929,526,1
930,526,1
931,526,1
932,526,1
933,526,1
934,526,1
935,526,1
936,526,1
937,526,1
938,526,1
939,526,1
940,526,1
941,526,1
942,526,1
943,526,1
944,526,1
945,526,1
946,526,1
947,526,1
948,526,1
949,526,1
950,526,1
951,526,1
952,526,1
953,526,1
954,526,1
955,526,1
956,526,1
957,526,1
958,526,1
959,526,1
960,526,1
961,526,1
962,526,1
963,526,1
964,526,1
965,526,1
966,526,1
967,526,1
968,526,1
969,526,1
970,526,1
971,526,1
972,526,1
973,526,1
974,526,1
975,526,1
976,526,1
977,526,1
978,526,1
979,526,1
980,526,1
981,526,1
982,526,1
983,526,1
984,526,1
985,526,1
986,526,1
987,526,1
988,526,1
989,526,1
990,526,1
991,526,1
992,526,1
993,526,1
994,526,1
995,526,1
996,526,1
997,526,1
998,526,1
999,526,1
1000,526,1
1001,526,1
1002,526,1
1003,526,1
1004,526,1
1005,526,1
1006,526,1
1007,526,1
1008,526,1
1009,526,1
1010,526,1
1011,526,1
1012,526,1
1013,526,1
1014,526,1
1015,526,1
1016,526,1
1017,526,1
1018,526,1
1019,526,1
1020,526,1
1021,526,1
1022,526,1
1023,526,1
1024,526,1
1025,526,1
1026,526,1
1027,526,1
1028,526,1
1029,526,1
1030,526,1
1031,526,1
1032,526,1
1033,526,1
1034,526,1
1035,525,1
1036,525,1
1037,525,1
1038,525,1
1039,525,1
1040,525,1
1041,525,1
1042,525,1
1043,525,1
1044,525,1
1045,525,1
1046,525,1
1047,525,1
1048,525,1
1049,525,1
1050,525,1
1051,525,1
1052,525,1
1053,525,1
1054,525,1
1055,525,1
1056,525,1
1057,525,1
1058,525,1
1059,525,1
1060,525,1
1061,525,1
1062,525,1
1063,525,1
1064,525,1
1065,525,1
1066,525,1
1067,525,1
1068,525,1
1069,525,1
1070,525,1
1071,525,1
1072,525,1
1073,525,1
1074,525,1
1075,525,1
1076,524,1
1077,524,1
1078,524,1
1079,524,1
1080,524,1
1081,524,1
1082,524,1
1083,524,1
1084,524,1
1085,524,1
1086,524,1
1087,524,1
1088,524,1
1089,524,1
1090,524,1
1091,524,1
1092,524,1
1093,524,1
1094,524,1
1095,524,1
1096,524,1
1097,524,1
1098,524,1
1099,524,1
1100,524,1
1101,524,1
1102,524,1
1103,524,1
1104,524,1
1105,524,1
1106,524,1
1107,523,1
1108,523,1
1109,523,1
1110,523,1
1111,523,1
1112,523,1
1113,523,1
1114,523,1
1115,523,1
1116,523,1
1117,523,1
1118,523,1
1119,523,1
1120,523,1
1121,523,1
1122,523,1
1123,523,1
1124,523,1
1125,522,1
1126,522,1
1127,522,1
1128,522,1
1129,522,1
1130,522,1
1131,522,1
1132,522,1
1133,522,1
1134,522,1
1135,522,1
1136,522,1
1137,522,1
1138,522,1
1139,522,1
1140,522,1
1141,522,1
1142,522,1
1143,522,1
1144,522,1
1145,521,1
1146,521,1
1147,521,1
1148,521,1
1149,521,1
1150,521,1
1151,521,1
1152,521,1
1153,521,1
1154,521,1
1155,521,1
1156,521,1
1157,521,1
1158,521,1
1159,521,1
1160,521,1
1161,521,1
1162,521,1
1163,521,1
1164,521,1
1165,521,1
1166,521,1
1167,521,1
1168,521,1
1169,521,1
1170,521,1
1171,521,1
1172,521,1
1173,520,1
1174,520,1
1175,520,1
1176,520,1
1177,520,1
1178,520,1
1179,520,1
1180,520,1
1181,520,1
1182,520,1
1183,520,1
1184,520,1
1185,520,1
1186,520,1
1187,520,1
1188,520,1
1189,520,1
1190,520,1
1190,519,1
1191,519,1
1192,519,1
1193,519,1
1194,519,1
1195,519,1
1196,519,1
1197,519,1
1198,519,1
1199,519,1
1200,519,1
1201,519,1
1202,519,1
1203,519,1
1204,519,1
1205,519,1
1206,519,1
1207,518,1
1208,518,1
1209,518,1
1210,518,1
1211,518,1
1212,518,1
1213,518,1
1214,518,1
1215,518,1
1216,518,1
1217,518,1
1218,518,1
1219,518,1
1220,518,1
1221,518,1
1222,518,1
1223,518,1
1224,518,1
1225,518,1
1226,518,1
1227,518,1
1228,518,1
1229,518,1
1230,518,1
1231,517,1
1232,517,1
1233,517,1
1234,517,1
1235,517,1
1236,517,1
1237,517,1
1238,517,1
1239,517,1
1240,517,1
1241,517,1
1242,517,1
1243,517,1
1244,517,1
1245,517,1
1246,517,1
1247,517,1
1248,517,1
1249,517,1
1250,517,1
1251,517,1
1252,517,1
1253,516,1
1254,516,1
1255,516,1
1256,516,1
1257,516,1
1258,516,1
1259,516,1
1260,516,1
1261,516,1
1262,516,1
1263,516,1
1264,516,1
1265,516,1
1266,516,1
1267,516,1
1268,516,1
1269,516,1
1270,516,1
1271,516,1
1272,516,1
1273,516,1
1274,515,1
1275,515,1
1276,515,1
1277,515,1
1278,515,1
1279,515,1
1280,515,1
1281,515,1
1282,515,1
1283,515,1
1284,515,1
1285,515,1
1286,515,1
1287,515,1
1288,515,1
1289,515,1
1290,515,1
1291,515,1
1292,515,1
1293,515,1
1294,515,1
1295,515,1
1296,514,1
1297,514,1
1298,514,1
1299,514,1
1300,514,1
1301,514,1
1302,514,1
1303,514,1
1304,514,1
1305,514,1
1306,514,1
1307,514,1
1308,514,1
1309,514,1
1310,514,1
1311,514,1
1312,514,1
1313,514,1
1314,514,1
1315,514,1
1316,514,1
1317,514,1
1318,514,1
1319,514,1
1320,514,1
1321,514,1
1322,514,1
1323,513,1
1324,513,1
1325,513,1
1326,513,1
1327,513,1
1328,513,1
1329,513,1
1330,513,1
1331,513,1
1332,513,1
1333,513,1
1334,513,1
1335,513,1
1336,513,1
1337,513,1
1338,513,1
1339,513,1
1340,513,1
1341,513,1
1342,513,1
1343,512,1
1344,512,1
1345,512,1
1346,512,1
1347,512,1
1348,512,1
1349,512,1
1350,512,1
1351,512,1
1352,512,1
1353,512,1
1354,512,1
1355,512,1
1356,512,1
1357,512,1
1358,512,1
1359,512,1
1360,512,1
1361,512,1
1362,512,1
1363,512,1
1364,512,1
1365,512,1
1366,512,1
1367,512,1
1368,512,1
1369,512,1
1370,511,1
1371,511,1
1372,511,1
1373,511,1
1374,511,1
1375,511,1
1376,511,1
1377,511,1
1378,511,1
1379,511,1
1380,511,1
1381,511,1
1382,511,1
1383,511,1
1384,511,1
1385,511,1
1386,511,1
1387,511,1
1388,511,1
1389,511,1
1390,511,1
1391,511,1
1392,511,1
1393,511,1
1394,511,1
1395,511,1
1396,511,1
1397,511,1
1398,511,1
1399,511,1
1400,511,1
1401,511,1
1402,511,1
1403,511,1
1404,511,1
1405,511,1
1406,511,1
1407,511,1
1408,511,1
1409,511,1
1410,510,1
1411,510,1
1412,510,1
1413,510,1
1414,510,1
1415,510,1
1416,510,1
1417,510,1
1418,510,1
1419,510,1
1420,510,1
1421,510,1
1422,510,1
1423,510,1
1424,510,1
1425,510,1
1426,510,1
1427,510,1
1428,509,1
1429,509,1
1430,509,1
1431,509,1
1432,509,1
1433,509,1
1434,509,1
1435,509,1
1436,509,1
1437,509,1
1438,509,1
1439,509,1
1440,509,1
1441,509,1
1442,509,1
1443,509,1
1444,509,1
1445,509,1
1446,509,1
1447,509,1
1448,509,1
1449,509,1
1450,509,1
1451,509,1
1452,509,1
1453,509,1
1454,509,1
1455,508,1
1456,508,1
1457,508,1
1458,508,1
1459,508,1
1460,508,1
1461,508,1
1462,508,1
1463,508,1
1464,508,1
1465,508,1
1466,508,1
1467,508,1
1468,508,1
1469,508,1
1470,508,1
1471,508,1
1472,508,1
1473,508,1
1474,508,1
1475,508,1
1476,508,1
1477,508,1
1478,508,1
1479,508,1
1480,508,1
1481,508,1
1482,508,1
1483,508,1
1484,508,1
1485,507,1
1486,507,1
1487,507,1
1488,507,1
1489,507,1
1490,507,1
1491,507,1
1492,507,1
1493,507,1
1494,507,1
1495,507,1
1496,507,1
1497,507,1
1498,507,1
1499,507,1
1500,507,1
1501,507,1
1502,507,1
1503,507,1
1504,507,1
1505,507,1
1506,507,1
1507,507,1
1508,507,1
1509,507,1
1510,507,1
1511,507,1
1512,507,1
1513,507,1
1514,507,1
1515,506,1
1516,506,1
1517,506,1
1518,506,1
1519,506,1
1520,506,1
1521,506,1
1522,506,1
1523,506,1
1524,506,1
1525,506,1
1526,506,1
1527,506,1
1528,506,1
1529,506,1
1530,506,1
1531,506,1
1532,506,1
1533,506,1
1534,506,1
1535,505,1
1536,505,1
1537,505,1
1538,505,1
1539,505,1
1540,505,1
1541,505,1
1542,505,1
1543,505,1
1544,505,1
1545,505,1
1546,505,1
1547,505,1
1548,505,1
1549,505,1
1550,505,1
1551,505,1
1552,505,1
1553,505,1
1554,505,1
1555,505,1
1556,505,1
1557,505,1
1558,505,1
1559,505,1
1560,505,1
1561,505,1
1562,505,1
1563,505,1
1564,505,1
1565,505,1
1566,505,1
1567,505,1
1568,505,1
1569,505,1
1570,505,1
1571,505,1
1572,505,1
1573,505,1
1574,505,1
1575,505,1
1576,504,1
1577,504,1
1578,504,1
1579,504,1
1580,504,1
1581,504,1
1582,504,1
1583,504,1
1584,504,1
1585,504,1
1586,504,1
1587,504,1
1588,504,1
1589,504,1
1590,504,1
1591,504,1
1592,504,1
1593,504,1
1594,504,1
1595,504,1
1596,504,1
1597,504,1
1598,504,1
1599,504,1
1600,504,1
1601,504,1
1602,504,1
1603,504,1
1604,504,1
1605,503,1
1606,503,1
1607,503,1
1608,503,1
1609,503,1
1610,503,1
1611,503,1
1612,503,1
1613,503,1
1614,503,1
1615,503,1
1616,503,1
1617,503,1
1618,503,1
1619,503,1
1620,503,1
1621,503,1
1622,503,1
1623,503,1
1624,503,1
1625,502,1
1626,502,1
1627,502,1
1628,502,1
1629,502,1
1630,502,1
1631,502,1
1632,502,1
1633,502,1
1634,502,1
1635,502,1
1636,502,1
1637,502,1
1638,502,1
1639,502,1
1640,502,1
1641,502,1
1642,502,1
1643,502,1
1644,502,1
1645,502,1
1646,502,1
1647,502,1
1648,502,1
1649,502,1
1650,502,1
1651,502,1
1652,502,1
1653,502,1
1654,501,1
1655,501,1
1656,501,1
1657,501,1
1658,501,1
1659,501,1
1660,501,1
1661,501,1
1662,501,1
1663,501,1
1664,501,1
1665,501,1
1666,501,1
1667,501,1
1668,501,1
1669,501,1
1670,501,1
1671,501,1
1672,501,1
1673,501,1
1674,501,1
1675,501,1
1676,501,1
1677,501,1
1678,501,1
1679,501,1
1680,501,1
1681,501,1
1682,501,1
1683,501,1
1684,501,1
1685,501,1
1686,501,1
1687,501,1
1688,501,1
1689,501,1
1690,501,1
1691,501,1
1692,501,1
1693,501,1
1694,501,1
1695,500,1
1696,500,1
1697,500,1
1698,500,1
1699,500,1
1700,500,1
1701,500,1
1702,500,1
1703,500,1
1704,500,1
1705,500,1
1706,500,1
1707,500,1
1708,500,1
1709,500,1
1710,500,1
1711,500,1
1712,500,1
1713,500,1
1714,500,1
1715,500,1
1716,500,1
1717,500,1
1718,500,1
1719,499,1
1720,499,1
1721,499,1
1722,499,1
1723,499,1
1724,499,1
1725,499,1
1726,499,1
1727,499,1
1728,499,1
1729,499,1
1730,499,1
1731,499,1
1732,499,1
1733,499,1
1734,499,1
1735,499,1
1736,499,1
1737,499,1
1738,499,1
1739,499,1
1740,499,1
1741,499,1
1742,499,1
1743,499,1
1744,499,1
1745,499,1
1746,499,1
1747,499,1
1748,499,1
1749,499,1
1750,499,1
1751,499,1
1752,499,1
1753,499,1
1754,499,1
1755,499,1
1756,499,1
1757,499,1
1758,499,1
1759,499,1
1760,498,1
1761,498,1
1762,498,1
1763,498,1
1764,498,1
1765,498,1
1766,498,1
1767,498,1
1768,498,1
1769,498,1
1770,498,1
1771,498,1
1772,498,1
1773,498,1
1774,498,1
1775,498,1
1776,498,1
1777,498,1
1778,498,1
1779,498,1
1780,498,1
1781,498,1
1782,498,1
1783,498,1
1784,498,1
1785,498,1
1786,498,1
1787,498,1
1788,498,1
1789,498,1
1790,498,1
1791,498,1
1792,498,1
1793,498,1
1794,498,1
1795,498,1
1796,498,1
1797,498,1
1798,498,1
1799,498,1
1800,498,1
1801,497,1
1802,497,1
1803,497,1
1804,497,1
1805,497,1
1806,497,1
1807,497,1
1808,497,1
1809,497,1
1810,497,1
1811,497,1
1812,497,1
1813,497,1
1814,497,1
1815,497,1
1816,497,1
1817,497,1
1818,497,1
1819,497,1
1820,497,1
1821,497,1
1822,497,1
1823,497,1
1824,497,1
1825,497,1
1826,497,1
1827,497,1
1828,497,1
1829,497,1
1830,497,1
1831,497,1
1832,497,1
1833,497,1
1834,497,1
1835,497,1
1836,497,1
1837,497,1
1838,497,1
1839,497,1
1840,497,1
1841,497,1
1842,497,1
1843,497,1
1844,497,1
1845,497,1
1846,497,1
1847,497,1
1848,497,1
1849,497,1
1850,497,1
1851,497,1
1852,497,1
1853,497,1
1854,497,1
1855,497,1
1856,497,1
1857,497,1
1858,497,1
1859,497,1
1860,497,1
1861,497,1
1862,497,1
1863,497,1
1864,497,1
1865,497,1
1866,497,1
1867,497,1
1868,497,1
1869,497,1
1870,497,1
1871,497,1
1872,497,1
1873,497,1
1874,497,1
1875,497,1
1876,497,1
1877,497,1
1878,497,1
1879,497,1
1880,497,1
1881,497,1
1882,497,1
1883,497,1
1884,497,1
1885,497,1
1886,497,1
1887,497,1
1888,497,1
1889,497,1
1890,497,1
1891,497,1
1892,497,1
1893,497,1
1894,497,1
1895,497,1
1896,497,1
1897,497,1
1898,497,1
1899,497,1
1900,497,1
1901,497,1
1902,497,1
1903,497,1
1904,497,1
1905,497,1
1906,497,1
1907,497,1
1908,497,1
1909,497,1
1910,497,1
1911,497,1
1912,497,1
1913,497,1
1914,497,1
1915,497,1
1916,497,1
1917,497,1
1918,497,1
1919,497,1
1920,497,1
1921,497,1
1922,497,1
1923,497,1
1924,497,1
1925,497,1
1926,497,1
1927,497,1
1928,497,1
1929,497,1
1930,497,1
1931,497,1
1932,497,1
1933,497,1
1934,497,1
1935,497,1
1936,497,1
1937,497,1
1938,497,1
1939,497,1
1940,497,1
1941,497,1
1942,497,1
1943,497,1
1944,497,1
1945,497,1
1946,497,1
1947,497,1
1948,497,1
1949,497,1
1950,497,1
1951,497,1
1952,497,1
1953,497,1
1954,497,1
1955,497,1
1956,497,1
1957,497,1
1958,497,1
1959,497,1
1960,497,1
1961,497,1
1962,497,1
1963,497,1
1964,497,1
1965,497,1
1966,497,1
1967,497,1
1968,497,1
1969,497,1
1970,497,1
1971,497,1
1972,497,1
1973,497,1
1974,497,1
1975,497,1
1976,497,1
1977,497,1
1978,497,1
1979,497,1
1980,497,1
1981,497,1
1982,497,1
1983,497,1
1984,497,1
1985,497,1
1986,497,1
1987,497,1
1988,497,1
1989,497,1
1990,497,1
1991,497,1
1992,497,1
1993,497,1
1994,497,1
1995,497,1
1996,497,1
1997,497,1
1998,497,1
1999,497,1
2000,497,1
2001,497,1
2002,497,1
2003,497,1
2004,497,1
2005,497,1
2006,497,1
2007,497,1
2008,497,1
2009,497,1
2010,497,1
2011,497,1
2012,497,1
2013,497,1
2014,497,1
2015,497,1
2016,497,1
2017,497,1
2018,497,1
2019,497,1
2020,497,1
2021,497,1
2022,497,1
2023,497,1
2024,497,1
2025,497,1
2026,497,1
2027,497,1
2028,497,1
2029,497,1
2030,497,1
2031,497,1
2032,497,1
2033,497,1
2034,497,1
2035,497,1
2036,497,1
2037,497,1
2038,497,1
2039,497,1
2040,497,1
2041,497,1
2042,497,1
2043,497,1
2044,497,1
2045,497,1
2046,497,1
2047,497,1
2048,497,1
2049,497,1
2050,497,1
2051,497,1
2052,497,1
2053,497,1
2054,497,1
2055,497,1
2056,497,1
2057,497,1
2058,497,1
2059,497,1
2060,497,1
2061,497,1
2062,497,1
2063,497,1
2064,497,1
2065,497,1
2066,497,1
2067,497,1
2068,497,1
2069,497,1
2070,497,1
2071,497,1
2072,497,1
2073,497,1
2074,497,1
2075,497,1
2076,497,1
2077,497,1
2078,497,1
2079,497,1
2080,497,1
2081,497,1
2082,497,1
2083,497,1
2084,497,1
2085,497,1
2086,497,1
2087,497,1
2088,497,1
2089,497,1
2090,497,1
2091,497,1
2092,497,1
2093,497,1
2094,497,1
2095,497,1
2096,497,1
2097,497,1
2098,497,1
2099,497,1
2100,497,1
2101,497,1
2102,497,1
2103,497,1
2104,497,1
2105,497,1
2106,497,1
2107,497,1
2108,497,1
2109,497,1
2110,497,1
2111,497,1
2112,497,1
2113,497,1
2114,497,1
2115,497,1
2116,497,1
2117,497,1
2118,497,1
2119,497,1
2120,497,1
2121,497,1
2122,497,1
2123,497,1
2124,497,1
2125,497,1
2126,497,1
2127,497,1
2128,497,1
2129,497,1
2130,497,1
2131,497,1
2132,497,1
2133,497,1
2134,497,1
2135,497,1
2136,497,1
2137,497,1
2138,497,1
2139,497,1
2140,497,1
2141,497,1
2142,497,1
2143,497,1
2144,497,1
2145,497,1
2146,497,1
2147,497,1
2148,497,1
2149,497,1
2150,497,1
2151,497,1
2152,497,1
2153,497,1
2154,497,1
2155,497,1
2156,497,1
2157,497,1
2158,497,1
2159,497,1
2160,497,1
2161,497,1
2162,497,1
2163,497,1
2164,497,1
2165,497,1
2166,497,1
2167,497,1
2168,497,1
2169,497,1
2170,497,1
2171,497,1
2172,497,1
2173,497,1
2174,497,1
2175,497,1
2176,497,1
2177,497,1
2178,497,1
2179,497,1
2180,497,1
2181,497,1
2182,497,1
2183,497,1
2184,497,1
2185,497,1
2186,497,1
2187,497,1
2188,497,1
2189,497,1
2190,497,1
2191,497,1
2192,497,1
2193,497,1
2194,497,1
2195,497,1
2196,497,1
2197,497,1
2198,497,1
2199,497,1
2200,497,1
2201,497,1
2202,497,1
2203,497,1
2204,497,1
2205,497,1
2206,497,1
2207,497,1
2208,497,1
2209,497,1
2210,497,1
2211,497,1
2212,497,1
2213,497,1
2214,497,1
2215,497,1
2216,497,1
2217,497,1
2218,497,1
2219,497,1
2220,497,1
2221,497,1
2222,497,1
2223,497,1
2224,497,1
2225,497,1
2226,497,1
2227,497,1
2228,497,1
2229,497,1
2230,497,1
2231,497,1
2232,497,1
2233,497,1
2234,497,1
2235,497,1
2236,497,1
2237,497,1
2238,497,1
2239,497,1
2240,497,1
2241,497,1
2242,497,1
2243,497,1
2244,497,1
2245,497,1
2246,497,1
2247,497,1
2248,497,1
2249,497,1
2250,497,1
2251,497,1
2252,497,1
2253,497,1
2254,497,1
2255,497,1
2256,497,1
2257,497,1
2258,497,1
2259,497,1
2260,497,1
2261,497,1
2262,497,1
2263,497,1
2264,497,1
2265,497,1
2266,497,1
2267,497,1
2268,497,1
2269,497,1
2270,497,1
2271,497,1
2272,497,1
2273,497,1
2274,497,1
2275,497,1
2276,497,1
2277,497,1
2278,497,1
2279,497,1
2280,497,1
2281,497,1
2282,497,1
2283,497,1
2284,497,1
2285,497,1
2286,497,1
2287,497,1
2288,497,1
2289,497,1
2290,497,1
2291,497,1
2292,497,1
2293,497,1
2294,497,1
2295,497,1
2296,497,1
2297,497,1
2298,497,1
2299,497,1
2300,497,1
2301,497,1
2302,497,1
2303,497,1
2304,497,1
2305,497,1
2306,497,1
2307,497,1
2308,497,1
2309,497,1
2310,497,1
2311,497,1
2312,497,1
2313,497,1
2314,497,1
2315,497,1
2316,497,1
2317,497,1
2318,497,1
2319,497,1
2320,497,1
2321,497,1
2322,497,1
2323,497,1
2324,497,1
2325,497,1
2326,497,1
2327,497,1
2328,497,1
2329,498,1
2330,498,1
2331,498,1
2332,498,1
2333,498,1
2334,498,1
2335,498,1
2336,498,1
2337,498,1
2338,498,1
2339,498,1
2340,498,1
2341,498,1
2342,498,1
2343,498,1
2344,498,1
2345,498,1
2346,498,1
2347,498,1
2348,498,1
2349,498,1
2350,498,1
2351,498,1
2352,498,1
2353,498,1
2354,498,1
2355,498,1
2356,498,1
2357,498,1
2358,498,1
2359,498,1
2360,498,1
2361,498,1
2362,498,1
2363,498,1
2364,498,1
2365,498,1
2366,498,1
2367,498,1
2368,498,1
2369,498,1
2370,499,1
2371,499,1
2372,499,1
2373,499,1
2374,499,1
2375,499,1
2376,499,1
2377,499,1
2378,499,1
2379,499,1
2380,499,1
2381,499,1
2382,499,1
2383,499,1
2384,499,1
2385,499,1
2386,499,1
2387,499,1
2388,499,1
2389,499,1
2390,499,1
2391,499,1
2392,499,1
2393,499,1
2394,499,1
2395,499,1
2396,499,1
2397,499,1
2398,499,1
2399,499,1
2400,499,1
2401,499,1
2402,499,1
2403,499,1
2404,499,1
2405,499,1
2406,499,1
2407,499,1
2408,499,1
2409,499,1
2410,499,1
2411,500,1
2412,500,1
2413,500,1
2414,500,1
2415,500,1
2416,500,1
2417,500,1
2418,500,1
2419,500,1
2420,500,1
2421,500,1
2422,500,1
2423,500,1
2424,500,1
2425,500,1
2426,500,1
2427,500,1
2428,500,1
2429,500,1
2430,500,1
2431,500,1
2432,500,1
2433,500,1
2434,500,1
2435,500,1
2436,500,1
2437,500,1
2438,500,1
2439,500,1
2440,500,1
2441,500,1
2442,500,1
2443,500,1
2444,500,1
2445,500,1
2446,500,1
2447,500,1
2448,500,1
2449,500,1
2450,500,1
2451,500,1
2452,500,1
2453,500,1
2454,500,1
2455,500,1
2456,500,1
2457,500,1
2458,500,1
2459,500,1
2460,500,1
2461,500,1
2462,500,1
2463,500,1
2464,500,1
2465,500,1
2466,500,1
2467,500,1
2468,500,1
2469,500,1
2470,500,1
2471,500,1
2472,500,1
2473,500,1
2474,500,1
2475,500,1
2476,500,1
2477,500,1
2478,500,1
2479,500,1
2480,500,1
2481,500,1
2482,500,1
2483,500,1
2484,500,1
2485,500,1
2486,500,1
2487,500,1
2488,500,1
2489,500,1
2490,500,1
2491,500,1
2492,500,1
2493,500,1
2494,500,1
2495,500,1
2496,500,1
2497,500,1
2498,500,1
2499,500,1
2500,500,1
2501,500,1
2502,500,1
2503,500,1
2504,500,1
2505,500,1
2506,500,1
2507,500,1
2508,500,1
2509,500,1
2510,500,1
2511,500,1
2512,500,1
2513,500,1
2514,500,1
2515,500,1
2516,500,1
2517,500,1
2518,500,1
2519,500,1
2520,500,1
2521,500,1
2522,500,1
2523,500,1
2524,500,1
2525,500,1
2526,500,1
2527,500,1
2528,500,1
2529,500,1
2530,500,1
2531,500,1
2532,500,1
2533,500,1
2534,500,1
2535,500,1
2536,500,1
2537,500,1
2538,500,1
2539,500,1
2540,500,1
2541,500,1
2542,500,1
2543,500,1
2544,500,1
2545,500,1
2546,500,1
2547,500,1
2548,500,1
2549,500,1
2550,500,1
2551,500,1
2552,500,1
2553,500,1
2554,500,1
2555,500,1
2556,500,1
2557,500,1
2558,500,1
2559,500,1
2560,500,1
2561,500,1
2562,500,1
2563,500,1
2564,500,1
2565,500,1
2566,500,1
2567,500,1
2568,500,1
2569,500,1
2570,500,1
2571,500,1
2572,500,1
2573,500,1
2574,500,1
2575,500,1
2576,500,1
2577,500,1
2578,500,1
2579,500,1
2580,500,1
2581,500,1
2582,500,1
2583,500,1
2584,500,1
2585,500,1
2586,500,1
2587,500,1
2588,500,1
2589,500,1
2590,500,1
2591,500,1
2592,500,1
2593,500,1
2594,500,1
2595,500,1
2596,500,1
2597,500,1
2598,500,1
2599,500,1
2600,500,1
2601,500,1
2602,500,1
2603,500,1
2604,500,1
2605,500,1
2606,500,1
2607,500,1
2608,500,1
2609,500,1
2610,500,1
2611,500,1
2612,500,1
2613,500,1
2614,500,1
2615,500,1
2616,500,1
2617,500,1
2618,500,1
2619,500,1
2620,500,1
2621,500,1
2622,500,1
2623,500,1
2624,500,1
2625,500,1
2626,500,1
2627,500,1
2628,500,1
2629,500,1
2630,500,1
2631,500,1
2632,500,1
2633,500,1
2634,500,1
2635,500,1
2636,500,1
2637,500,1
2638,500,1
2639,500,1
2640,500,1
2641,500,1
2642,500,1
2643,500,1
2644,500,1
2645,500,1
2646,500,1
2647,500,1
2648,500,1
2649,500,1
2650,500,1
2651,500,1
2652,500,1
2653,500,1
2654,500,1
2655,500,1
2655,499,1
2656,499,1
2657,499,1
2658,499,1
2658,498,1
2658,497,1
2658,497,0
