220,399,1
221,399,1
222,399,1
223,398,1
224,398,1
225,398,1
226,397,1
227,397,1
228,397,1
229,397,1
230,397,1
231,396,1
232,396,1
233,396,1
234,396,1
235,395,1
236,395,1
237,395,1
238,395,1
239,394,1
240,394,1
241,394,1
242,394,1
243,393,1
244,393,1
245,393,1
246,393,1
247,392,1
248,392,1
249,392,1
250,392,1
251,391,1
252,391,1
253,391,1
254,391,1
255,390,1
256,390,1
257,390,1
258,390,1
259,389,1
260,389,1
261,389,1
262,389,1
263,388,1
264,388,1
265,388,1
266,388,1
267,387,1
268,387,1
269,387,1
270,387,1
271,387,1
272,386,1
273,386,1
274,386,1
275,386,1
276,385,1
277,385,1
278,385,1
279,384,1
280,384,1
281,384,1
282,384,1
283,383,1
284,383,1
285,383,1
286,383,1
287,383,1
288,382,1
289,382,1
290,382,1
291,382,1
292,381,1
293,381,1
294,381,1
295,381,1
296,381,1
297,381,1
298,381,1
299,381,1
299,380,1
300,380,1
301,380,1
301,381,1
302,381,1
302,382,1
302,383,1
301,383,1
301,384,1
300,384,1
299,385,1
298,385,1
298,386,1
297,386,1
296,387,1
295,388,1
294,388,1
293,389,1
292,389,1
291,390,1
290,391,1
289,391,1
288,392,1
287,392,1
287,393,1
286,393,1
285,394,1
284,394,1
284,395,1
283,395,1
282,396,1
281,397,1
280,398,1
279,398,1
279,399,1
278,400,1
277,400,1
277,401,1
276,401,1
276,402,1
276,403,1
275,403,1
275,404,1
274,404,1
274,405,1
274,406,1
274,407,1
273,407,1
273,408,1
273,409,1
273,410,1
273,411,1
274,412,1
274,413,1
274,414,1
275,414,1
275,415,1
276,415,1
276,416,1
277,416,1
277,417,1
278,417,1
279,418,1
280,418,1
281,418,1
281,419,1
282,419,1
283,419,1
284,419,1
285,419,1
285,420,1
286,420,1
287,420,1
288,420,1
289,420,1
290,420,1
291,420,1
292,420,1
293,420,1
294,420,1
295,420,1
296,420,1
297,420,1
298,420,1
299,420,1
300,420,1
301,420,1
302,420,1
303,419,1
304,419,1
305,419,1
306,419,1
307,419,1
308,419,1
309,418,1
310,418,1
311,418,1
312,418,1
313,418,1
314,418,1
315,418,1
316,417,1
317,417,1
318,417,1
319,417,1
320,417,1
321,417,1
322,417,1
323,417,1
324,417,1
325,417,1
326,417,1
327,417,1
328,417,1
329,417,1
330,417,1
330,418,1
331,418,1
332,418,1
333,418,1
333,419,1
334,419,1
335,420,1
336,420,1
336,421,1
336,422,1
337,422,1
337,423,1
338,424,1
338,425,1
338,426,1
339,427,1
339,428,1
339,429,1
339,430,1
340,430,1
340,431,1
340,432,1
340,433,1
340,434,1
341,435,1
341,436,1
341,437,1
342,438,1
342,439,1
342,440,1
343,440,1
343,441,1
344,442,1
345,443,1
346,444,1
347,445,1
348,445,1
348,446,1
349,446,1
350,446,1
350,447,1
351,447,1
352,447,1
353,448,1
354,448,1
355,448,1
356,449,1
357,449,1
358,449,1
359,449,1
360,449,1
361,449,1
362,449,1
363,449,1
364,449,1
365,449,1
366,449,1
367,449,1
368,449,1
369,449,1
370,449,1
371,449,1
372,449,1
373,449,1
374,449,1
375,449,1
376,448,1
377,448,1
378,448,1
379,448,1
380,448,1
381,447,1
382,447,1
383,447,1
384,447,1
385,446,1
386,446,1
387,446,1
388,446,1
389,445,1
390,445,1
391,445,1
392,444,1
393,444,1
394,444,1
395,443,1
396,443,1
397,443,1
397,442,1
398,442,1
399,442,1
400,441,1
401,441,1
402,441,1
403,440,1
404,440,1
405,440,1
405,439,1
406,439,1
407,438,1
408,438,1
409,438,1
410,437,1
411,437,1
412,436,1
413,435,1
414,435,1
415,434,1
416,434,1
417,433,1
418,433,1
418,432,1
419,432,1
420,431,1
421,431,1
422,430,1
423,429,1
424,429,1
425,428,1
426,428,1
426,427,1
427,426,1
428,426,1
429,425,1
430,424,1
431,423,1
432,422,1
433,421,1
434,421,1
434,420,1
435,419,1
436,419,1
436,418,1
437,417,1
438,417,1
439,416,1
439,415,1
440,415,1
441,414,1
441,413,1
442,413,1
443,412,1
444,411,1
445,410,1
446,409,1
447,408,1
448,408,1
448,407,1
449,407,1
450,407,1
450,406,1
451,406,1
452,406,1
452,405,1
453,405,1
454,405,1
455,405,1
456,405,1
457,405,1
458,405,1
459,405,1
459,406,1
460,406,1
461,407,1
462,407,1
462,408,1
463,409,1
464,410,1
465,411,1
466,412,1
466,413,1
466,414,1
467,414,1
467,415,1
468,416,1
468,417,1
469,417,1
469,418,1
470,419,1
470,420,1
470,421,1
471,422,1
471,423,1
472,424,1
472,425,1
473,426,1
473,427,1
473,428,1
474,429,1
474,430,1
475,431,1
475,432,1
476,433,1
476,434,1
477,435,1
477,436,1
478,437,1
478,438,1
479,439,1
479,440,1
479,441,1
480,442,1
480,443,1
481,444,1
481,445,1
482,446,1
483,447,1
483,448,1
484,449,1
484,450,1
485,451,1
485,452,1
486,453,1
486,454,1
487,455,1
487,456,1
488,457,1
488,458,1
489,459,1
489,460,1
490,461,1
490,462,1
491,462,1
491,463,1
492,464,1
492,465,1
493,466,1
494,467,1
494,468,1
495,469,1
495,470,1
496,470,1
496,471,1
497,472,1
497,473,1
498,474,1
499,475,1
499,476,1
500,477,1
501,478,1
501,479,1
502,480,1
503,481,1
503,482,1
504,482,1
505,483,1
506,484,1
507,484,1
508,484,1
509,484,1
509,483,1
538,440,0
570,391,1
570,392,1
570,393,1
571,394,1
571,395,1
572,396,1
573,397,1
573,398,1
574,399,1
574,400,1
575,401,1
575,402,1
576,402,1
576,403,1
577,404,1
577,405,1
577,406,1
578,407,1
579,408,1
579,409,1
580,410,1
580,411,1
581,411,1
581,412,1
582,413,1
583,414,1
583,415,1
584,415,1
584,416,1
585,416,1
585,417,1
586,417,1
586,418,1
587,418,1
587,419,1
588,419,1
589,420,1
590,420,1
591,420,1
592,420,1
593,420,1
594,420,1
594,419,1
595,419,1
596,418,1
597,417,1
597,416,1
598,416,1
598,415,1
598,414,1
599,414,1
599,413,1
599,412,1
600,412,1
600,411,1
600,410,1
601,409,1
601,408,1
602,407,1
602,406,1
602,405,1
603,404,1
603,403,1
603,402,1
604,401,1
604,400,1
604,399,1
605,399,1
605,398,1
605,397,1
606,396,1
606,395,1
606,394,1
607,393,1
607,392,1
608,392,1
608,391,1
608,390,1
609,389,1
609,388,1
610,388,1
610,387,1
611,386,1
611,385,1
612,385,1
612,384,1
613,383,1
614,382,1
615,381,1
616,380,1
617,380,1
617,379,1
618,379,1
619,378,1
620,378,1
621,377,1
622,377,1
623,376,1
624,376,1
625,376,1
626,376,1
627,375,1
628,375,1
629,375,1
630,375,1
631,375,1
632,375,1
633,375,1
634,375,1
635,376,1
636,376,1
637,376,1
638,376,1
639,377,1
640,377,1
641,378,1
642,378,1
643,379,1
644,379,1
645,380,1
646,380,1
647,381,1
647,382,1
648,382,1
649,383,1
650,383,1
650,384,1
651,385,1
652,385,1
652,386,1
653,387,1
654,387,1
654,388,1
655,389,1
656,390,1
657,391,1
658,392,1
658,393,1
659,394,1
660,395,1
661,396,1
661,397,1
662,398,1
662,399,1
663,400,1
664,401,1
664,402,1
665,403,1
665,404,1
666,405,1
666,406,1
667,406,1
668,407,1
668,408,1
669,409,1
669,410,1
670,411,1
670,412,1
670,413,1
671,413,1
671,414,1
672,415,1
672,416,1
673,417,1
673,418,1
674,419,1
674,420,1
675,420,1
675,421,1
676,422,1
676,423,1
677,424,1
677,425,1
678,426,1
678,427,1
679,428,1
679,429,1
680,430,1
680,431,1
681,432,1
681,433,1
682,434,1
682,435,1
683,435,1
683,436,1
683,437,1
684,438,1
684,439,1
685,440,1
686,441,1
686,442,1
687,443,1
687,444,1
688,444,1
688,445,1
689,446,1
689,447,1
690,448,1
691,449,1
691,450,1
692,451,1
693,452,1
694,453,1
694,454,1
695,455,1
695,456,1
696,456,1
696,457,1
697,458,1
698,459,1
699,459,1
699,458,1
699,457,1
699,456,1
699,455,1
698,454,1
698,453,1
697,452,1
697,451,1
646,357,0
604,246,1
603,246,1
602,247,1
601,248,1
600,248,1
599,249,1
598,250,1
597,250,1
597,251,1
596,251,1
595,252,1
594,253,1
594,254,1
593,254,1
593,255,1
592,256,1
592,257,1
592,258,1
591,259,1
591,260,1
591,261,1
591,262,1
591,263,1
592,264,1
592,265,1
592,266,1
592,267,1
592,268,1
592,269,1
592,270,1
592,271,1
592,272,1
592,273,1
592,274,1
593,275,1
593,276,1
593,277,1
594,278,1
594,279,1
595,280,1
595,281,1
596,282,1
596,283,1
597,283,1
597,284,1
598,285,1
599,286,1
600,287,1
601,288,1
602,289,1
603,290,1
604,290,1
605,291,1
605,292,1
606,292,1
607,293,1
608,293,1
608,294,1
609,294,1
610,295,1
611,295,1
612,296,1
613,296,1
614,297,1
615,297,1
616,298,1
617,298,1
618,299,1
619,299,1
620,299,1
621,300,1
622,300,1
623,300,1
624,301,1
625,301,1
626,302,1
627,302,1
628,302,1
629,302,1
630,303,1
631,303,1
632,303,1
633,303,1
634,303,1
635,304,1
636,304,1
637,304,1
638,304,1
639,304,1
640,304,1
641,304,1
642,304,1
643,305,1
644,305,1
645,305,1
646,305,1
647,305,1
648,305,1
649,305,1
650,305,1
651,305,1
652,305,1
653,305,1
654,305,1
655,305,1
656,305,1
657,305,1
658,305,1
659,305,1
660,305,1
661,305,1
662,305,1
663,305,1
664,305,1
665,305,1
666,305,1
667,305,1
668,305,1
669,305,1
670,305,1
671,305,1
672,305,1
673,305,1
674,305,1
675,305,1
676,305,1
677,304,1
678,304,1
679,304,1
680,304,1
681,304,1
682,304,1
683,304,1
684,304,1
685,304,1
686,304,1
687,303,1
688,303,1
689,303,1
690,303,1
691,303,1
692,303,1
693,303,1
694,302,1
695,302,1
696,302,1
697,302,1
698,301,1
699,301,1
700,301,1
758,335,0
823,355,1
823,356,1
824,357,1
824,358,1
825,359,1
825,360,1
825,361,1
826,362,1
826,363,1
826,364,1
827,365,1
827,366,1
827,367,1
828,368,1
828,369,1
828,370,1
828,371,1
828,372,1
827,372,1
826,372,1
826,373,1
825,374,1
824,374,1
824,375,1
823,375,1
822,375,1
821,375,1
820,375,1
819,375,1
818,375,1
818,374,1
817,374,1
816,374,1
815,374,1
814,373,1
813,373,1
812,373,1
811,372,1
810,372,1
809,372,1
808,371,1
807,371,1
806,371,1
805,371,1
804,370,1
803,370,1
802,370,1
801,370,1
800,369,1
799,369,1
798,369,1
797,369,1
796,369,1
795,368,1
794,368,1
793,368,1
792,368,1
791,368,1
790,368,1
789,368,1
788,368,1
787,368,1
786,368,1
785,368,1
784,368,1
783,368,1
782,368,1
781,368,1
780,368,1
779,368,1
778,368,1
778,369,1
777,369,1
776,369,1
775,369,1
774,369,1
773,370,1
772,370,1
771,371,1
770,371,1
769,372,1
768,372,1
767,373,1
766,374,1
765,375,1
764,375,1
764,376,1
763,377,1
762,378,1
762,379,1
762,380,1
761,380,1
761,381,1
761,382,1
761,383,1
761,384,1
761,385,1
761,386,1
762,387,1
762,388,1
763,389,1
764,390,1
765,390,1
765,391,1
766,391,1
767,392,1
768,392,1
769,393,1
770,393,1
771,393,1
772,393,1
773,394,1
774,394,1
775,394,1
776,394,1
777,394,1
778,394,1
779,394,1
780,394,1
781,394,1
782,394,1
783,394,1
784,394,1
784,393,1
785,393,1
786,393,1
787,393,1
788,392,1
789,392,1
790,392,1
791,391,1
792,391,1
793,391,1
794,390,1
795,390,1
796,390,1
797,389,1
798,389,1
799,388,1
800,388,1
801,387,1
802,387,1
803,386,1
804,386,1
805,385,1
806,384,1
807,384,1
808,383,1
809,383,1
809,382,1
810,381,1
811,381,1
812,380,1
813,380,1
813,379,1
814,379,1
815,378,1
816,378,1
817,377,1
818,376,1
819,375,1
820,374,1
821,374,1
821,373,1
822,372,1
823,372,1
823,371,1
824,370,1
825,370,1
825,369,1
826,368,1
826,367,1
827,366,1
827,365,1
828,364,1
828,363,1
828,362,1
814,289,0
803,216,1
803,215,1
803,214,1
803,213,1
804,212,1
804,211,1
804,210,1
804,209,1
805,208,1
805,207,1
805,206,1
806,205,1
806,204,1
806,203,1
807,202,1
807,201,1
808,201,1
808,200,1
809,199,1
810,198,1
810,197,1
811,197,1
812,197,1
813,196,1
814,195,1
815,194,1
816,194,1
816,193,1
817,193,1
818,192,1
819,191,1
820,191,1
821,191,1
821,190,1
822,190,1
823,190,1
824,189,1
825,189,1
826,188,1
827,188,1
828,188,1
829,188,1
830,188,1
831,188,1
832,188,1
833,188,1
834,188,1
835,188,1
836,188,1
837,188,1
838,188,1
839,188,1
840,188,1
841,188,1
842,189,1
843,189,1
844,189,1
845,189,1
846,190,1
847,190,1
848,190,1
849,191,1
850,191,1
851,191,1
852,192,1
853,192,1
854,192,1
854,193,1
855,193,1
856,194,1
857,194,1
858,195,1
859,195,1
860,196,1
861,197,1
862,197,1
863,198,1
864,198,1
864,199,1
865,199,1
866,200,1
867,201,1
868,201,1
868,202,1
869,203,1
870,203,1
871,204,1
871,205,1
872,206,1
873,206,1
874,207,1
874,208,1
875,208,1
876,209,1
876,210,1
877,211,1
878,211,1
879,212,1
879,213,1
880,214,1
881,215,1
882,215,1
882,216,1
883,217,1
884,218,1
884,219,1
885,219,1
886,220,1
887,221,1
887,222,1
888,223,1
889,224,1
890,225,1
891,226,1
891,227,1
892,228,1
893,229,1
893,230,1
894,230,1
894,231,1
895,232,1
896,233,1
896,234,1
897,234,1
897,235,1
898,236,1
899,237,1
899,238,1
900,239,1
900,240,1
901,240,1
902,241,1
902,242,1
903,243,1
903,244,1
904,245,1
904,246,1
905,247,1
906,247,1
906,248,1
907,249,1
907,250,1
908,251,1
908,252,1
909,252,1
909,253,1
910,254,1
911,255,1
911,256,1
912,257,1
912,258,1
913,258,1
913,259,1
914,260,1
914,261,1
915,262,1
915,263,1
916,263,1
916,264,1
917,265,1
917,266,1
918,267,1
918,268,1
919,269,1
920,270,1
920,271,1
921,272,1
921,273,1
922,274,1
922,275,1
923,275,1
923,276,1
924,277,1
924,278,1
925,279,1
925,280,1
926,281,1
926,282,1
927,282,1
927,283,1
928,284,1
928,285,1
929,286,1
929,287,1
930,288,1
931,289,1
931,290,1
932,291,1
932,292,1
933,293,1
933,294,1
934,295,1
935,296,1
935,297,1
935,298,1
936,299,1
936,300,1
937,301,1
937,302,1
938,302,1
938,303,1
939,304,1
939,305,1
940,306,1
940,307,1
941,308,1
942,309,1
942,310,1
943,311,1
943,312,1
943,313,1
944,314,1
945,315,1
945,316,1
946,317,1
946,318,1
947,319,1
947,320,1
948,320,1
948,321,1
949,322,1
949,323,1
950,324,1
950,325,1
951,326,1
951,327,1
952,328,1
952,329,1
953,330,1
953,331,1
954,331,1
954,332,1
955,333,1
955,334,1
956,335,1
956,336,1
957,337,1
957,338,1
958,339,1
958,340,1
959,341,1
960,342,1
960,343,1
961,344,1
961,345,1
962,346,1
962,347,1
963,348,1
964,349,1
964,350,1
965,351,1
965,352,1
966,353,1
966,354,1
967,354,1
967,355,1
968,356,1
968,357,1
969,358,1
969,359,1
970,360,1
970,361,1
971,361,1
972,362,1
972,363,1
973,364,1
973,365,1
974,365,1
974,366,1
975,367,1
975,368,1
976,369,1
976,370,1
977,371,1
977,372,1
978,372,1
979,373,1
979,374,1
980,375,1
980,376,1
981,377,1
982,377,1
982,378,1
983,379,1
984,380,1
984,381,1
985,381,1
986,382,1
987,382,1
987,381,1
987,380,1
1024,343,0
1061,301,1
1061,302,1
1062,303,1
1063,303,1
1064,304,1
1064,305,1
1065,306,1
1066,307,1
1067,308,1
1067,309,1
1068,310,1
1068,311,1
1068,312,1
1068,313,1
1069,314,1
1069,315,1
1069,316,1
1068,317,1
1068,318,1
1068,319,1
1068,320,1
1068,321,1
1068,322,1
1068,323,1
1067,323,1
1067,324,1
1068,325,1
1068,326,1
1068,327,1
1068,328,1
1068,329,1
1068,330,1
1068,331,1
1068,332,1
1067,333,1
1067,334,1
1067,335,1
1067,336,1
1067,337,1
1067,338,1
1067,339,1
1067,340,1
1067,341,1
1067,342,1
1067,343,1
1067,344,1
1067,345,1
1067,346,1
1067,347,1
1067,348,1
1067,349,1
1067,350,1
1067,351,1
1067,352,1
1067,353,1
1068,354,1
1068,355,1
1068,356,1
1069,357,1
1069,358,1
1070,359,1
1070,360,1
1071,361,1
1072,362,1
1073,363,1
1073,364,1
1074,364,1
1074,365,1
1075,365,1
1075,366,1
1076,366,1
1077,367,1
1078,368,1
1079,368,1
1079,369,1
1080,369,1
1081,369,1
1081,370,1
1082,370,1
1083,371,1
1084,371,1
1085,372,1
1086,372,1
1087,372,1
1088,372,1
1088,373,1
1089,373,1
1090,373,1
1091,374,1
1092,374,1
1093,374,1
1094,374,1
1094,375,1
1095,375,1
1096,375,1
1097,375,1
1098,376,1
1099,376,1
1100,376,1
1101,376,1
1102,376,1
1103,376,1
1104,377,1
1105,377,1
1106,377,1
1107,377,1
1108,378,1
1109,378,1
1110,378,1
1111,378,1
1112,378,1
1113,378,1
1114,379,1
1115,379,1
1116,379,1
1117,379,1
1118,379,1
1119,379,1
1120,380,1
1121,380,1
1122,380,1
1123,380,1
1124,380,1
1125,380,1
1126,381,1
1127,381,1
1128,381,1
1129,381,1
1130,381,1
1131,381,1
1132,381,1
1133,381,1
1134,382,1
1135,382,1
1136,382,1
1137,382,1
1138,382,1
1139,382,1
1140,383,1
1141,383,1
1142,383,1
1143,383,1
1144,383,1
1145,383,1
1146,383,1
1147,383,1
1148,383,1
1149,384,1
1150,384,1
1151,384,1
1152,384,1
1153,384,1
1154,384,1
1155,384,1
1156,384,1
1157,384,1
1158,384,1
1159,384,1
1159,383,1
1160,383,1
1161,383,1
1161,382,1
1160,382,1
1160,381,1
1159,381,1
1158,381,1
1158,380,1
1157,380,1
1156,380,1
1156,379,1
1155,379,1
1154,379,1
1153,378,1
1152,378,1
1151,378,1
1150,377,1
1149,377,1
1148,377,1
1147,377,1
1146,376,1
1145,376,1
1144,376,1
1143,375,1
1142,375,1
1141,375,1
1140,375,1
1139,374,1
1138,374,1
1137,374,1
1136,374,1
1135,374,1
1134,373,1
1133,373,1
1132,373,1
1131,373,1
1130,372,1
1129,372,1
1128,372,1
1127,372,1
1126,372,1
1125,371,1
1124,371,1
1123,371,1
924,339,0
700,307,1
701,307,1
702,307,1
703,307,1
704,307,1
705,307,1
706,306,1
707,306,1
708,306,1
709,306,1
710,306,1
711,306,1
712,305,1
713,305,1
714,305,1
715,305,1
716,305,1
717,305,1
718,305,1
719,304,1
720,304,1
721,304,1
722,304,1
723,304,1
724,304,1
725,304,1
726,303,1
727,303,1
728,303,1
729,303,1
730,303,1
731,303,1
732,303,1
733,303,1
734,302,1
735,302,1
736,302,1
737,302,1
738,302,1
739,302,1
740,302,1
741,301,1
742,301,1
743,301,1
744,301,1
745,301,1
746,301,1
747,301,1
748,301,1
749,300,1
750,300,1
751,300,1
752,300,1
753,300,1
754,300,1
755,300,1
756,300,1
757,299,1
758,299,1
759,299,1
760,299,1
761,299,1
762,299,1
763,299,1
764,298,1
765,298,1
766,298,1
767,298,1
768,298,1
769,298,1
770,298,1
771,298,1
772,297,1
773,297,1
774,297,1
775,297,1
776,297,1
777,297,1
778,297,1
779,297,1
780,296,1
781,296,1
782,296,1
783,296,1
784,296,1
785,296,1
786,296,1
787,295,1
788,295,1
789,295,1
790,295,1
791,295,1
792,295,1
793,295,1
794,294,1
795,294,1
796,294,1
797,294,1
798,294,1
799,294,1
800,294,1
801,293,1
802,293,1
803,293,1
804,293,1
805,293,1
806,293,1
807,293,1
808,292,1
809,292,1
810,292,1
811,292,1
812,292,1
813,292,1
814,292,1
815,291,1
816,291,1
817,291,1
818,291,1
819,291,1
820,291,1
821,291,1
822,290,1
823,290,1
824,290,1
825,290,1
826,290,1
827,290,1
828,290,1
829,290,1
830,289,1
831,289,1
832,289,1
833,289,1
834,289,1
835,289,1
836,288,1
837,288,1
838,288,1
839,288,1
840,288,1
841,288,1
842,288,1
843,288,1
844,287,1
845,287,1
846,287,1
847,287,1
848,287,1
849,287,1
850,287,1
851,286,1
852,286,1
853,286,1
854,286,1
855,286,1
856,286,1
857,286,1
858,285,1
859,285,1
860,285,1
861,285,1
862,285,1
863,285,1
864,284,1
865,284,1
866,284,1
867,284,1
868,284,1
869,284,1
870,284,1
871,283,1
872,283,1
873,283,1
874,283,1
875,283,1
876,283,1
877,283,1
878,282,1
879,282,1
880,282,1
881,282,1
882,282,1
883,282,1
883,281,1
884,281,1
885,281,1
886,281,1
887,281,1
888,281,1
889,280,1
890,280,1
891,280,1
892,280,1
893,280,1
894,280,1
895,280,1
896,279,1
897,279,1
898,279,1
899,279,1
900,279,1
901,279,1
902,278,1
903,278,1
904,278,1
905,278,1
906,278,1
907,278,1
908,277,1
909,277,1
910,277,1
911,277,1
912,277,1
913,277,1
914,276,1
915,276,1
916,276,1
917,276,1
918,276,1
919,275,1
920,275,1
921,275,1
922,275,1
923,275,1
924,275,1
925,274,1
926,274,1
927,274,1
928,274,1
929,274,1
930,274,1
931,274,1
932,273,1
933,273,1
934,273,1
935,273,1
936,273,1
937,273,1
938,272,1
939,272,1
940,272,1
941,272,1
942,272,1
943,272,1
944,271,1
945,271,1
946,271,1
947,271,1
948,271,1
949,271,1
950,271,1
951,270,1
952,270,1
953,270,1
954,270,1
955,270,1
956,270,1
957,269,1
958,269,1
959,269,1
960,269,1
961,269,1
962,269,1
963,268,1
964,268,1
965,268,1
966,268,1
967,268,1
968,268,1
969,268,1
970,267,1
971,267,1
972,267,1
973,267,1
974,267,1
975,267,1
976,266,1
977,266,1
978,266,1
979,266,1
980,266,1
981,265,1
982,265,1
983,265,1
984,265,1
985,265,1
986,265,1
987,264,1
988,264,1
989,264,1
990,264,1
991,264,1
992,264,1
993,263,1
994,263,1
995,263,1
996,263,1
997,263,1
998,262,1
999,262,1
1000,262,1
1001,262,1
1002,262,1
1003,262,1
1004,261,1
1005,261,1
1006,261,1
1007,261,1
1008,261,1
1009,261,1
1010,261,1
1011,260,1
1012,260,1
1013,260,1
1014,260,1
1015,260,1
1016,259,1
1017,259,1
1018,259,1
1019,259,1
1020,259,1
1021,258,1
1022,258,1
1023,258,1
1024,258,1
1025,258,1
1026,258,1
1027,258,1
1028,257,1
1029,257,1
1030,257,1
1031,257,1
1032,257,1
1033,257,1
1034,256,1
1035,256,1
1036,256,1
1037,256,1
1038,256,1
1039,256,1
1040,255,1
1041,255,1
1042,255,1
1043,255,1
1044,255,1
1045,255,1
1046,254,1
1047,254,1
1048,254,1
1049,254,1
1050,254,1
1051,253,1
1052,253,1
1053,253,1
1054,253,1
1055,253,1
1056,253,1
1057,252,1
1058,252,1
1059,252,1
1060,252,1
1061,252,1
1062,252,1
1063,251,1
1064,251,1
1065,251,1
1066,251,1
1067,251,1
1068,251,1
1069,250,1
1070,250,1
1071,250,1
1072,250,1
1073,250,1
1074,249,1
1075,249,1
1076,249,1
1077,249,1
1078,249,1
1079,248,1
1080,248,1
1081,248,1
1082,248,1
1083,248,1
1084,248,1
1085,247,1
1086,247,1
1087,247,1
1088,247,1
1089,247,1
1090,246,1
1091,246,1
1092,246,1
1093,246,1
1094,246,1
1095,246,1
1096,245,1
1097,245,1
1098,245,1
1099,245,1
1100,245,1
1101,245,1
1102,245,1
1103,244,1
1104,244,1
1105,244,1
1106,244,1
1107,243,1
1108,243,1
1109,243,1
1110,243,1
1111,243,1
1112,243,1
1113,242,1
1114,242,1
1115,242,1
1116,242,1
1117,242,1
1118,242,1
1119,241,1
1120,241,1
1121,241,1
1122,241,1
1123,241,1
1124,241,1
1124,240,1
1125,240,1
1126,240,1
1127,240,1
1128,240,1
1129,240,1
1130,239,1
1131,239,1
1132,239,1
1133,239,1
1134,239,1
1135,239,1
1136,238,1
1137,238,1
1138,238,1
1139,238,1
1140,238,1
1141,237,1
1142,237,1
1143,237,1
1144,237,1
1145,237,1
1146,236,1
1147,236,1
1148,236,1
1149,236,1
1150,236,1
1151,236,1
1152,235,1
1153,235,1
1154,235,1
1155,235,1
1156,235,1
1157,234,1
1158,234,1
1159,234,1
1160,234,1
1161,233,1
1162,233,1
1163,233,1
1164,233,1
1165,233,1
1166,233,1
1167,232,1
1168,232,1
1169,232,1
1170,232,1
1171,232,1
1172,232,1
1173,232,1
1174,231,1
1175,231,1
1176,231,1
1177,231,1
1178,230,1
1179,230,1
1180,230,1
1181,230,1
1182,230,1
1183,230,1
1184,229,1
1185,229,1
1186,229,1
1187,229,1
1188,229,1
1189,229,1
1190,229,1
1191,229,1
1192,228,1
1193,228,1
1194,228,1
1195,228,1
1196,228,1
1197,228,1
1198,228,1
1199,227,1
1200,227,1
1201,227,1
1202,227,1
1203,227,1
1204,227,1
1205,227,1
1206,227,1
1207,226,1
1208,226,1
1209,226,1
1209,227,1
1210,227,1
1211,227,1
1212,227,1
1212,228,1
1212,229,1
921,413,0
630,590,1
631,590,1
631,591,1
632,592,1
632,593,1
633,594,1
634,594,1
635,595,1
635,596,1
636,597,1
637,598,1
638,599,1
639,600,1
639,601,1
640,602,1
641,602,1
641,603,1
642,604,1
643,604,1
643,605,1
644,606,1
645,607,1
646,608,1
647,608,1
647,609,1
648,610,1
649,611,1
650,612,1
650,613,1
651,613,1
651,614,1
652,614,1
652,615,1
653,616,1
653,617,1
652,617,1
651,617,1
650,617,1
649,616,1
648,616,1
647,616,1
647,615,1
646,615,1
645,615,1
644,614,1
643,614,1
642,614,1
641,613,1
640,613,1
639,613,1
638,612,1
637,612,1
636,612,1
635,611,1
634,611,1
633,610,1
632,610,1
631,610,1
630,610,1
629,609,1
628,609,1
627,609,1
626,609,1
625,609,1
624,608,1
623,608,1
622,608,1
621,608,1
620,608,1
619,608,1
618,608,1
617,608,1
616,608,1
615,608,1
614,608,1
613,608,1
612,608,1
611,608,1
610,608,1
609,608,1
609,609,1
608,609,1
608,610,1
609,610,1
610,610,1
611,610,1
612,610,1
612,611,1
613,611,1
614,611,1
615,611,1
616,611,1
617,611,1
618,611,1
619,611,1
620,611,1
621,611,1
622,611,1
623,610,1
624,610,1
625,610,1
626,610,1
627,610,1
628,610,1
629,610,1
630,610,1
631,610,1
632,609,1
633,609,1
634,609,1
635,609,1
636,609,1
637,609,1
638,608,1
639,608,1
640,608,1
641,608,1
642,608,1
643,607,1
644,607,1
645,607,1
646,607,1
647,607,1
648,606,1
649,606,1
650,606,1
651,606,1
652,606,1
653,605,1
654,605,1
655,605,1
656,605,1
657,604,1
658,604,1
659,604,1
660,604,1
661,604,1
662,603,1
663,603,1
664,603,1
665,603,1
666,603,1
667,603,1
668,602,1
669,602,1
670,602,1
671,602,1
672,602,1
673,602,1
673,601,1
674,601,1
675,601,1
676,601,1
677,601,1
678,601,1
679,601,1
680,601,1
681,600,1
682,600,1
683,600,1
684,600,1
685,600,1
686,600,1
687,600,1
688,600,1
689,600,1
690,600,1
691,600,1
692,600,1
693,600,1
694,600,1
695,600,1
696,600,1
697,600,1
698,600,1
699,600,1
700,600,1
701,600,1
702,600,1
703,600,1
704,600,1
705,601,1
706,601,1
707,601,1
708,601,1
709,601,1
710,602,1
711,602,1
712,602,1
713,602,1
714,603,1
715,603,1
716,603,1
717,603,1
718,604,1
719,604,1
720,604,1
721,605,1
722,605,1
723,606,1
724,606,1
725,606,1
726,607,1
727,607,1
727,608,1
728,608,1
729,609,1
730,609,1
731,610,1
732,611,1
733,612,1
734,612,1
734,613,1
735,613,1
736,614,1
736,615,1
737,615,1
737,616,1
738,617,1
738,618,1
739,618,1
740,619,1
740,620,1
740,621,1
741,621,1
741,622,1
742,623,1
742,624,1
743,624,1
744,625,1
744,626,1
745,626,1
745,627,1
746,628,1
746,629,1
746,630,1
747,631,1
747,632,1
747,633,1
747,634,1
747,635,1
747,636,1
747,637,1
747,638,1
747,639,1
747,640,1
747,641,1
747,642,1
746,643,1
746,644,1
746,645,1
745,645,1
727,653,0
706,661,1
707,662,1
707,663,1
708,663,1
708,664,1
708,665,1
709,666,1
709,667,1
709,668,1
708,669,1
708,670,1
708,671,1
707,672,1
707,673,1
707,674,1
706,674,1
706,675,1
705,676,1
704,676,1
704,677,1
703,678,1
702,678,1
702,679,1
701,679,1
700,680,1
699,681,1
698,682,1
698,683,1
697,683,1
696,684,1
696,685,1
695,685,1
695,686,1
694,687,1
693,687,1
692,688,1
691,689,1
690,689,1
689,690,1
688,691,1
687,692,1
686,692,1
685,693,1
684,693,1
683,694,1
682,694,1
681,695,1
680,695,1
679,696,1
678,696,1
678,697,1
677,697,1
676,697,1
675,698,1
674,698,1
673,699,1
672,699,1
671,699,1
671,700,1
670,700,1
669,700,1
668,701,1
667,701,1
666,701,1
665,702,1
664,702,1
663,703,1
662,703,1
661,703,1
660,703,1
659,704,1
658,704,1
657,704,1
656,704,1
655,704,1
654,705,1
653,705,1
652,705,1
651,705,1
650,705,1
649,705,1
648,706,1
647,706,1
646,706,1
645,706,1
644,706,1
643,706,1
642,706,1
641,706,1
640,706,1
639,706,1
638,706,1
637,706,1
636,706,1
635,706,1
634,706,1
633,706,1
632,706,1
631,706,1
630,706,1
629,706,1
629,705,1
628,705,1
627,705,1
626,705,1
626,704,1
625,704,1
624,704,1
624,703,1
623,703,1
622,703,1
621,703,1
620,703,1
619,702,1
618,702,1
617,702,1
616,701,1
615,701,1
614,700,1
614,699,1
614,698,1
613,697,1
613,696,1
613,695,1
614,694,1
614,693,1
614,692,1
615,691,1
616,690,1
718,650,0
817,591,1
817,592,1
818,593,1
818,594,1
819,595,1
819,596,1
820,597,1
820,598,1
821,598,1
821,599,1
821,600,1
822,600,1
823,600,1
824,600,1
824,599,1
825,599,1
825,598,1
826,597,1
826,596,1
827,596,1
827,595,1
828,595,1
828,594,1
829,594,1
829,593,1
830,593,1
830,592,1
831,592,1
831,591,1
831,590,1
832,590,1
832,589,1
833,588,1
833,587,1
834,586,1
834,585,1
835,584,1
835,583,1
835,582,1
836,581,1
836,580,1
837,579,1
837,578,1
837,577,1
838,576,1
838,575,1
839,575,1
839,574,1
839,573,1
840,572,1
840,571,1
841,571,1
841,570,1
841,569,1
842,568,1
842,567,1
843,567,1
843,566,1
844,565,1
844,564,1
845,564,1
845,563,1
845,562,1
846,561,1
846,560,1
847,560,1
847,559,1
848,558,1
849,558,1
849,557,1
850,556,1
850,555,1
851,555,1
851,554,1
852,553,1
853,553,1
853,552,1
854,551,1
855,551,1
855,550,1
856,550,1
857,549,1
858,548,1
859,547,1
860,546,1
861,546,1
862,546,1
863,545,1
864,544,1
865,544,1
866,544,1
867,543,1
868,543,1
869,542,1
870,542,1
871,542,1
872,542,1
873,542,1
874,542,1
875,542,1
875,541,1
876,541,1
877,541,1
878,541,1
879,541,1
880,541,1
881,542,1
882,542,1
883,542,1
884,542,1
885,542,1
886,542,1
887,543,1
888,543,1
889,543,1
890,544,1
891,544,1
892,544,1
893,545,1
894,545,1
894,546,1
895,546,1
896,547,1
897,547,1
897,548,1
898,548,1
899,549,1
900,549,1
900,550,1
901,550,1
902,551,1
903,552,1
904,553,1
905,554,1
906,555,1
907,556,1
908,557,1
908,558,1
909,558,1
910,559,1
910,560,1
911,561,1
912,562,1
913,563,1
914,564,1
914,565,1
915,566,1
916,567,1
916,568,1
917,568,1
917,569,1
918,570,1
918,571,1
919,571,1
919,572,1
920,573,1
920,574,1
921,574,1
921,575,1
922,576,1
922,577,1
923,578,1
924,579,1
924,580,1
925,581,1
926,582,1
926,583,1
927,584,1
928,585,1
929,586,1
929,587,1
930,587,1
931,588,1
932,589,1
933,589,1
933,590,1
934,590,1
934,591,1
935,591,1
936,592,1
937,593,1
938,594,1
939,594,1
940,594,1
940,593,1
940,592,1
940,591,1
940,590,1
940,589,1
940,588,1
940,587,1
939,586,1
939,585,1
939,584,1
939,583,1
965,574,0
986,542,1
986,543,1
986,544,1
987,545,1
988,546,1
988,547,1
989,548,1
989,549,1
989,550,1
990,551,1
990,552,1
991,552,1
991,553,1
992,554,1
992,555,1
993,556,1
993,557,1
994,557,1
995,558,1
995,559,1
996,560,1
997,561,1
998,562,1
999,562,1
999,563,1
1000,563,1
1001,564,1
1002,564,1
1002,565,1
1003,565,1
1003,566,1
1004,566,1
1004,567,1
1005,567,1
1005,568,1
1006,568,1
1007,568,1
1008,569,1
1009,569,1
1009,568,1
1010,568,1
1010,567,1
1010,566,1
1010,565,1
1010,564,1
1010,563,1
1010,562,1
1010,561,1
1010,560,1
1010,559,1
1010,558,1
1050,546,0
1087,513,1
1088,514,1
1088,515,1
1089,515,1
1089,516,1
1089,517,1
1090,518,1
1090,519,1
1091,520,1
1091,521,1
1091,522,1
1091,523,1
1091,524,1
1091,525,1
1091,526,1
1091,527,1
1090,528,1
1090,529,1
1090,530,1
1090,531,1
1090,532,1
1089,532,1
1089,533,1
1089,534,1
1089,535,1
1089,536,1
1089,537,1
1090,538,1
1090,539,1
1090,540,1
1090,541,1
1090,542,1
1090,543,1
1090,544,1
1090,545,1
1090,546,1
1090,547,1
1090,548,1
1090,549,1
1091,550,1
1091,551,1
1091,552,1
1091,553,1
1092,554,1
1092,555,1
1092,556,1
1093,556,1
1093,557,1
1093,558,1
1094,558,1
1094,559,1
1095,559,1
1095,560,1
1096,560,1
1096,561,1
1097,561,1
1098,562,1
1099,563,1
1100,563,1
1100,564,1
1101,564,1
1102,565,1
1103,565,1
1104,566,1
1105,566,1
1106,566,1
1107,567,1
1108,567,1
1109,567,1
1109,568,1
1110,568,1
1111,568,1
1112,568,1
1113,568,1
1114,569,1
1115,569,1
1116,569,1
1117,569,1
1118,570,1
1119,570,1
1120,570,1
1121,570,1
1122,570,1
1123,570,1
1124,570,1
1125,571,1
1126,571,1
1127,571,1
1128,571,1
1129,571,1
1130,571,1
1131,571,1
1132,572,1
1133,572,1
1134,572,1
1135,572,1
1136,572,1
1137,572,1
1138,572,1
1139,572,1
1140,572,1
1141,572,1
1142,572,1
1143,572,1
1144,573,1
1145,573,1
1146,573,1
1147,573,1
1148,573,1
1149,573,1
1150,573,1
1151,573,1
1152,573,1
1153,573,1
1154,573,1
1155,573,1
1156,574,1
1157,574,1
1158,574,1
1159,574,1
1160,574,1
1161,574,1
1162,574,1
1163,574,1
1164,574,1
1165,574,1
1166,574,1
1167,574,1
1168,575,1
1169,575,1
1170,575,1
1171,575,1
1172,575,1
1173,575,1
1174,575,1
1175,575,1
1176,575,1
1177,575,1
1178,575,1
1179,575,1
1180,575,1
1181,575,1
1182,576,1
1183,576,1
1184,576,1
1185,576,1
1186,576,1
1187,576,1
1188,576,1
1189,576,1
1190,576,1
1191,576,1
1192,576,1
1193,576,1
1194,576,1
1195,577,1
1196,577,1
1197,577,1
1198,577,1
1199,577,1
1200,577,1
1201,577,1
1202,577,1
1203,577,1
1204,577,1
1205,577,1
1206,577,1
1207,577,1
1208,577,1
1209,577,1
1210,578,1
1211,578,1
1212,578,1
1213,578,1
1214,578,1
1215,578,1
1216,578,1
1217,578,1
1218,578,1
1219,578,1
1220,578,1
1221,578,1
1222,578,1
1223,578,1
1224,579,1
1225,579,1
1226,579,1
1227,579,1
1228,579,1
1229,579,1
1230,579,1
1231,579,1
1232,579,1
1233,579,1
1234,579,1
1235,579,1
1236,579,1
1237,579,1
1238,579,1
1239,580,1
1240,580,1
1241,580,1
1242,580,1
1243,580,1
1244,580,1
1245,580,1
1246,580,1
1247,580,1
1248,580,1
1249,580,1
1250,580,1
1251,580,1
1252,580,1
1253,580,1
1254,580,1
1255,581,1
1256,581,1
1257,581,1
1258,581,1
1259,581,1
1260,581,1
1261,581,1
1262,581,1
1263,581,1
1264,581,1
1265,581,1
1266,581,1
1267,581,1
1268,581,1
1269,581,1
1270,581,1
1271,582,1
1272,582,1
1273,582,1
1274,582,1
1275,582,1
1276,582,1
1277,582,1
1278,582,1
1279,582,1
1280,582,1
1281,582,1
1282,582,1
1283,582,1
1284,582,1
1285,583,1
1286,583,1
1287,583,1
1288,583,1
1289,583,1
1290,583,1
1291,583,1
1292,583,1
1293,583,1
1294,583,1
1295,583,1
1296,583,1
1297,583,1
1298,583,1
1299,583,1
1300,583,1
1301,584,1
1302,584,1
1303,584,1
1304,584,1
1305,584,1
1306,584,1
1307,584,1
1308,584,1
1309,584,1
1310,584,1
1311,584,1
1312,584,1
1313,584,1
1314,584,1
1315,584,1
1316,585,1
1317,585,1
1318,585,1
1319,585,1
1320,585,1
1321,585,1
1322,585,1
1323,585,1
1324,585,1
1325,585,1
1326,585,1
1327,585,1
1328,585,1
1329,585,1
1330,586,1
1331,586,1
1332,586,1
1333,586,1
1334,586,1
1335,586,1
1336,586,1
1337,586,1
1338,586,1
1339,586,1
1340,586,1
1341,586,1
1342,586,1
1343,586,1
1344,586,1
1345,586,1
1346,586,1
1347,586,1
1348,587,1
1349,587,1
1350,587,1
1351,587,1
1352,587,1
1353,587,1
1354,587,1
1355,587,1
1356,587,1
1357,587,1
1358,587,1
1359,587,1
1360,587,1
1361,587,1
1362,587,1
1363,587,1
1364,587,1
1365,587,1
1366,587,1
1367,587,1
1368,587,1
1369,587,1
1370,587,1
1371,587,1
1372,587,1
1373,587,1
1374,587,1
1375,587,1
1376,587,1
1377,587,1
1378,587,1
1379,587,1
1380,588,1
1381,588,1
1382,588,1
1383,588,1
1384,588,1
1385,588,1
1386,588,1
1387,588,1
1388,588,1
1389,588,1
1390,588,1
1391,588,1
1392,588,1
1393,588,1
1394,588,1
1395,588,1
1396,588,1
1397,588,1
1398,588,1
1399,588,1
1400,588,1
1401,588,1
1402,588,1
1403,588,1
1404,588,1
1405,588,1
1406,588,1
1407,588,1
1408,588,1
1409,588,1
1410,588,1
1411,588,1
1412,588,1
1413,588,1
1414,588,1
1415,588,1
1416,588,1
1417,588,1
1418,588,1
1419,588,1
1420,588,1
1421,588,1
1422,588,1
1422,587,1
1423,587,1
1424,587,1
1425,587,1
1426,587,1
1427,587,1
1428,586,1
1429,586,1
1430,586,1
1431,585,1
1432,585,1
1432,584,1
1432,583,1
1432,582,1
1431,582,1
1431,581,1
1430,581,1
1430,580,1
1429,580,1
1428,579,1
1427,579,1
1426,578,1
1425,578,1
1424,578,1
1423,577,1
1422,577,1
1421,576,1
1420,576,1
1419,576,1
1418,575,1
1417,575,1
1416,574,1
1415,574,1
1414,574,1
1413,574,1
1412,573,1
1411,573,1
1410,573,1
1409,573,1
1408,572,1
1407,572,1
1406,572,1
1405,572,1
1404,571,1
1403,571,1
1402,571,1
1401,571,1
1400,571,1
1399,570,1
1398,570,1
1397,570,1
1072,548,0
722,526,1
723,526,1
724,526,1
725,526,1
726,525,1
727,525,1
728,525,1
729,525,1
730,525,1
731,524,1
732,524,1
733,524,1
734,524,1
735,523,1
736,523,1
737,523,1
738,523,1
739,523,1
740,522,1
741,522,1
742,522,1
743,522,1
744,521,1
745,521,1
746,521,1
747,521,1
748,521,1
749,520,1
750,520,1
751,520,1
752,520,1
753,520,1
754,519,1
755,519,1
756,519,1
757,519,1
758,518,1
759,518,1
760,518,1
761,518,1
762,518,1
763,517,1
764,517,1
765,517,1
766,517,1
767,516,1
768,516,1
769,516,1
770,516,1
771,516,1
772,515,1
773,515,1
774,515,1
775,515,1
776,514,1
777,514,1
778,514,1
779,514,1
780,514,1
781,513,1
782,513,1
783,513,1
784,513,1
785,512,1
786,512,1
787,512,1
788,512,1
789,512,1
790,511,1
791,511,1
792,511,1
793,511,1
794,510,1
795,510,1
796,510,1
797,510,1
798,510,1
799,509,1
800,509,1
801,509,1
802,509,1
803,509,1
804,508,1
805,508,1
806,508,1
807,508,1
808,507,1
809,507,1
810,507,1
811,507,1
812,506,1
813,506,1
814,506,1
815,506,1
816,506,1
817,505,1
818,505,1
819,505,1
820,505,1
821,504,1
822,504,1
823,504,1
824,504,1
825,504,1
826,503,1
827,503,1
828,503,1
829,503,1
830,502,1
831,502,1
832,502,1
833,502,1
834,502,1
835,501,1
836,501,1
837,501,1
838,501,1
839,500,1
840,500,1
841,500,1
842,500,1
843,500,1
843,499,1
844,499,1
845,499,1
846,499,1
847,498,1
848,498,1
849,498,1
850,498,1
851,498,1
852,497,1
853,497,1
854,497,1
855,497,1
856,497,1
857,496,1
858,496,1
859,496,1
860,496,1
861,496,1
862,495,1
863,495,1
864,495,1
865,495,1
866,495,1
867,494,1
868,494,1
869,494,1
870,494,1
871,493,1
872,493,1
873,493,1
874,493,1
875,492,1
876,492,1
877,492,1
878,492,1
879,492,1
880,491,1
881,491,1
882,491,1
883,491,1
884,491,1
885,490,1
886,490,1
887,490,1
888,490,1
889,490,1
890,490,1
891,489,1
892,489,1
893,489,1
894,489,1
895,488,1
896,488,1
897,488,1
898,488,1
899,488,1
900,487,1
901,487,1
902,487,1
903,487,1
904,487,1
905,487,1
906,486,1
907,486,1
908,486,1
909,486,1
910,486,1
910,485,1
911,485,1
912,485,1
913,485,1
914,485,1
915,485,1
916,484,1
917,484,1
918,484,1
919,484,1
920,484,1
921,484,1
922,483,1
923,483,1
924,483,1
925,483,1
926,483,1
927,482,1
928,482,1
929,482,1
930,482,1
931,482,1
932,482,1
933,481,1
934,481,1
935,481,1
936,481,1
937,480,1
938,480,1
939,480,1
940,480,1
941,480,1
942,480,1
943,479,1
944,479,1
945,479,1
946,479,1
947,479,1
948,478,1
949,478,1
950,478,1
951,478,1
952,478,1
953,478,1
954,477,1
955,477,1
956,477,1
957,477,1
958,477,1
959,476,1
960,476,1
961,476,1
962,476,1
963,476,1
964,475,1
965,475,1
966,475,1
967,475,1
968,475,1
969,475,1
970,474,1
971,474,1
972,474,1
973,474,1
974,474,1
975,474,1
976,474,1
977,473,1
978,473,1
979,473,1
980,473,1
981,473,1
982,472,1
983,472,1
984,472,1
985,472,1
986,472,1
987,472,1
988,471,1
989,471,1
990,471,1
991,471,1
992,471,1
993,471,1
994,471,1
995,470,1
996,470,1
997,470,1
998,470,1
999,470,1
1000,470,1
1001,469,1
1002,469,1
1003,469,1
1004,469,1
1005,469,1
1006,469,1
1007,468,1
1008,468,1
1009,468,1
1010,468,1
1011,468,1
1012,468,1
1013,468,1
1014,467,1
1015,467,1
1016,467,1
1017,467,1
1018,467,1
1019,467,1
1020,466,1
1021,466,1
1022,466,1
1023,466,1
1024,466,1
1025,466,1
1025,465,1
1026,465,1
1027,465,1
1028,465,1
1029,465,1
1030,465,1
1031,465,1
1032,464,1
1033,464,1
1034,464,1
1035,464,1
1036,464,1
1037,464,1
1038,463,1
1039,463,1
1040,463,1
1041,463,1
1042,463,1
1043,463,1
1044,462,1
1045,462,1
1046,462,1
1047,462,1
1048,462,1
1049,462,1
1050,461,1
1051,461,1
1052,461,1
1053,461,1
1054,461,1
1055,461,1
1056,461,1
1057,460,1
1058,460,1
1059,460,1
1060,460,1
1061,460,1
1062,460,1
1063,459,1
1064,459,1
1065,459,1
1066,459,1
1067,459,1
1068,459,1
1069,459,1
1070,458,1
1071,458,1
1072,458,1
1073,458,1
1074,458,1
1075,458,1
1076,458,1
1077,457,1
1078,457,1
1079,457,1
1080,457,1
1081,457,1
1082,457,1
1083,457,1
1084,456,1
1085,456,1
1086,456,1
1087,456,1
1088,456,1
1089,456,1
1090,456,1
1091,455,1
1092,455,1
1093,455,1
1094,455,1
1095,455,1
1096,455,1
1097,455,1
1098,454,1
1099,454,1
1100,454,1
1101,454,1
1102,454,1
1103,454,1
1104,454,1
1105,454,1
1106,453,1
1107,453,1
1108,453,1
1109,453,1
1110,453,1
1111,453,1
1112,452,1
1113,452,1
1114,452,1
1115,452,1
1116,452,1
1117,452,1
1118,452,1
1119,452,1
1120,451,1
1121,451,1
1122,451,1
1123,451,1
1124,451,1
1125,451,1
1126,451,1
1127,451,1
1128,450,1
1129,450,1
1130,450,1
1131,450,1
1132,450,1
1133,449,1
1134,449,1
1135,449,1
1136,449,1
1137,449,1
1138,449,1
1139,449,1
1140,449,1
1141,449,1
1142,448,1
1143,448,1
1144,448,1
1145,448,1
1146,448,1
1147,448,1
1148,448,1
1149,448,1
1150,447,1
1151,447,1
1152,447,1
1153,447,1
1154,447,1
1155,447,1
1156,447,1
1157,447,1
1158,446,1
1159,446,1
1160,446,1
1161,446,1
1162,446,1
1163,446,1
1164,446,1
1165,446,1
1166,446,1
1167,445,1
1168,445,1
1169,445,1
1170,445,1
1171,445,1
1172,445,1
1173,445,1
1174,445,1
1175,444,1
1176,444,1
1177,444,1
1178,444,1
1179,444,1
1180,444,1
1181,444,1
1182,444,1
1183,444,1
1184,444,1
1185,443,1
1186,443,1
1187,443,1
1188,443,1
1189,443,1
1190,443,1
1191,443,1
1192,443,1
1193,443,1
1194,443,1
1195,442,1
1196,442,1
1197,442,1
1198,442,1
1199,442,1
1200,442,1
1201,442,1
1202,442,1
1203,442,1
1204,441,1
1205,441,1
1206,441,1
1207,441,1
1208,441,1
1209,441,1
1210,441,1
1211,441,1
1212,441,1
1213,441,1
1214,440,1
1215,440,1
1216,440,1
1217,440,1
1218,440,1
1219,440,1
1220,440,1
1221,440,1
1222,440,1
1223,440,1
1224,439,1
1225,439,1
1226,439,1
1227,439,1
1228,439,1
1229,439,1
1230,439,1
1231,439,1
1232,439,1
1233,438,1
1234,438,1
1235,438,1
1236,438,1
1237,438,1
1238,438,1
1239,438,1
1240,438,1
1241,438,1
1242,437,1
1243,437,1
1244,437,1
1245,437,1
1246,437,1
1247,437,1
1248,437,1
1249,437,1
1250,436,1
1251,436,1
1252,436,1
1253,436,1
1254,436,1
1255,436,1
1256,436,1
1257,436,1
1258,435,1
1259,435,1
1260,435,1
1261,435,1
1262,435,1
1263,435,1
1264,435,1
1265,435,1
1266,434,1
1267,434,1
1268,434,1
1269,434,1
1270,434,1
1271,433,1
1272,433,1
1273,433,1
1274,433,1
1275,432,1
1276,432,1
1277,432,1
1278,432,1
1279,432,1
1280,432,1
1280,431,1
1281,431,1
1282,431,1
1283,431,1
1284,431,1
1285,430,1
1286,430,1
1287,430,1
1288,430,1
1289,429,1
1290,429,1
1291,428,1
1292,428,1
1292,427,1
1291,426,1
1290,426,1
1289,426,1
1288,426,1
1288,426,0
