314,437,1
315,437,1
316,436,1
317,436,1
318,436,1
319,436,1
320,435,1
321,435,1
322,435,1
323,434,1
324,434,1
325,434,1
326,433,1
327,433,1
328,433,1
329,432,1
330,432,1
331,432,1
332,431,1
333,431,1
334,431,1
335,430,1
336,430,1
337,430,1
338,429,1
339,429,1
340,428,1
341,428,1
342,428,1
343,427,1
344,427,1
345,427,1
346,426,1
347,426,1
348,426,1
349,426,1
350,425,1
351,425,1
352,424,1
353,424,1
354,424,1
355,423,1
356,423,1
357,423,1
358,422,1
359,422,1
360,422,1
360,421,1
361,421,1
362,421,1
363,420,1
364,420,1
365,420,1
366,419,1
367,419,1
368,419,1
369,418,1
370,418,1
371,418,1
372,417,1
373,417,1
374,416,1
375,416,1
376,416,1
377,415,1
378,415,1
379,415,1
380,414,1
381,414,1
382,414,1
383,413,1
384,413,1
385,413,1
386,412,1
387,412,1
388,412,1
389,411,1
390,411,1
391,411,1
392,410,1
393,410,1
394,409,1
395,409,1
396,409,1
397,408,1
398,408,1
399,408,1
400,407,1
401,407,1
402,407,1
403,406,1
404,406,1
405,406,1
406,405,1
407,405,1
408,405,1
409,404,1
410,404,1
411,404,1
412,403,1
413,403,1
414,403,1
415,402,1
416,402,1
417,402,1
418,401,1
419,401,1
420,401,1
421,401,1
421,400,1
422,400,1
423,400,1
424,400,1
425,400,1
425,399,1
426,399,1
427,399,1
427,400,1
426,400,1
426,401,1
425,401,1
424,402,1
423,402,1
422,403,1
421,403,1
421,404,1
420,404,1
419,404,1
419,405,1
418,405,1
417,405,1
416,406,1
415,406,1
414,407,1
413,407,1
412,408,1
411,408,1
410,409,1
409,409,1
408,409,1
407,410,1
406,411,1
405,411,1
404,412,1
403,412,1
402,412,1
401,413,1
400,413,1
399,414,1
398,414,1
397,415,1
396,416,1
395,416,1
394,416,1
393,417,1
392,417,1
391,418,1
390,419,1
389,419,1
388,420,1
387,420,1
387,421,1
386,421,1
385,422,1
384,422,1
384,423,1
383,423,1
382,424,1
381,424,1
380,425,1
379,426,1
378,426,1
378,427,1
377,427,1
376,428,1
375,429,1
374,429,1
374,430,1
373,431,1
372,432,1
371,433,1
371,434,1
370,435,1
370,436,1
369,436,1
369,437,1
369,438,1
368,439,1
368,440,1
368,441,1
368,442,1
368,443,1
369,443,1
369,444,1
369,445,1
370,445,1
370,446,1
371,446,1
371,447,1
372,448,1
373,448,1
373,449,1
374,449,1
375,449,1
376,450,1
377,450,1
378,450,1
379,451,1
380,451,1
381,451,1
382,451,1
383,451,1
384,451,1
385,451,1
386,451,1
387,451,1
388,451,1
389,451,1
390,451,1
391,451,1
392,451,1
393,451,1
394,451,1
395,451,1
396,451,1
397,451,1
398,451,1
399,451,1
400,450,1
401,450,1
402,450,1
403,450,1
404,450,1
405,450,1
406,450,1
407,449,1
408,449,1
409,449,1
410,449,1
411,449,1
411,448,1
412,448,1
413,448,1
414,448,1
415,448,1
416,447,1
417,447,1
418,447,1
419,447,1
420,446,1
421,446,1
422,446,1
423,446,1
424,446,1
424,445,1
425,445,1
426,445,1
427,445,1
428,444,1
429,444,1
430,444,1
431,444,1
432,444,1
433,443,1
434,443,1
435,443,1
436,443,1
437,442,1
438,442,1
439,442,1
440,442,1
441,442,1
442,441,1
443,441,1
444,441,1
445,441,1
446,441,1
447,441,1
448,441,1
449,441,1
449,442,1
449,443,1
449,444,1
449,445,1
448,445,1
448,446,1
447,446,1
447,447,1
446,448,1
445,449,1
444,450,1
443,451,1
442,452,1
441,453,1
440,454,1
439,454,1
439,455,1
438,456,1
437,456,1
436,457,1
436,458,1
435,458,1
434,459,1
434,460,1
433,460,1
432,461,1
432,462,1
431,462,1
430,463,1
430,464,1
429,464,1
428,465,1
428,466,1
427,467,1
426,468,1
425,469,1
425,470,1
424,470,1
424,471,1
423,472,1
423,473,1
422,474,1
422,475,1
421,476,1
421,477,1
421,478,1
420,479,1
420,480,1
420,481,1
420,482,1
420,483,1
420,484,1
420,485,1
420,486,1
420,487,1
420,488,1
420,489,1
421,489,1
421,490,1
422,491,1
422,492,1
423,492,1
423,493,1
424,494,1
425,494,1
426,495,1
427,496,1
428,496,1
429,497,1
430,497,1
431,497,1
431,498,1
432,498,1
433,498,1
434,498,1
435,498,1
436,499,1
437,499,1
438,499,1
439,499,1
440,499,1
441,499,1
442,499,1
443,499,1
444,499,1
445,499,1
446,498,1
447,498,1
448,498,1
449,498,1
450,498,1
451,498,1
452,498,1
453,497,1
454,497,1
455,497,1
456,497,1
457,497,1
458,496,1
459,496,1
460,496,1
461,496,1
462,496,1
463,495,1
464,495,1
465,495,1
466,494,1
467,494,1
468,494,1
469,494,1
470,493,1
471,493,1
472,493,1
473,493,1
474,492,1
475,492,1
476,491,1
477,491,1
478,491,1
479,490,1
480,490,1
481,490,1
482,490,1
483,489,1
484,489,1
485,489,1
486,488,1
487,488,1
488,488,1
489,487,1
490,487,1
491,487,1
492,486,1
493,486,1
494,486,1
495,485,1
496,485,1
497,485,1
498,484,1
499,484,1
500,484,1
501,483,1
502,483,1
503,482,1
504,482,1
505,482,1
506,481,1
507,481,1
508,480,1
509,480,1
510,480,1
511,479,1
512,479,1
513,479,1
514,478,1
515,478,1
516,478,1
517,477,1
518,477,1
519,477,1
520,476,1
521,476,1
522,475,1
523,475,1
524,475,1
524,474,1
525,474,1
526,474,1
527,473,1
528,473,1
529,473,1
530,472,1
531,472,1
532,472,1
533,471,1
534,471,1
535,470,1
536,470,1
537,470,1
538,469,1
539,469,1
540,469,1
540,468,1
541,468,1
542,467,1
543,467,1
544,467,1
545,466,1
546,466,1
547,466,1
548,465,1
549,465,1
550,465,1
551,464,1
552,463,1
553,463,1
554,463,1
555,462,1
556,462,1
557,462,1
558,461,1
559,461,1
559,460,1
560,460,1
561,460,1
562,459,1
563,459,1
564,459,1
564,458,1
565,458,1
566,457,1
589,451,0
618,425,1
618,426,1
618,427,1
619,428,1
619,429,1
620,430,1
620,431,1
621,432,1
621,433,1
622,434,1
622,435,1
623,436,1
623,437,1
624,438,1
625,439,1
625,440,1
625,441,1
626,442,1
626,443,1
627,444,1
627,445,1
628,445,1
628,446,1
629,447,1
629,448,1
630,449,1
630,450,1
631,451,1
632,452,1
632,453,1
632,454,1
633,454,1
633,455,1
634,456,1
634,457,1
635,458,1
635,459,1
636,460,1
636,461,1
637,462,1
637,463,1
638,463,1
638,464,1
639,465,1
639,466,1
640,467,1
640,468,1
641,469,1
642,469,1
642,470,1
643,471,1
643,472,1
644,473,1
644,474,1
645,475,1
645,476,1
646,476,1
646,477,1
647,478,1
647,479,1
648,480,1
648,481,1
649,482,1
649,483,1
650,483,1
651,484,1
651,485,1
652,486,1
652,487,1
653,488,1
653,489,1
654,490,1
655,491,1
655,492,1
656,493,1
656,494,1
657,494,1
657,495,1
658,496,1
659,497,1
659,498,1
660,498,1
660,499,1
661,500,1
662,501,1
662,502,1
663,502,1
663,503,1
664,504,1
665,504,1
666,503,1
711,445,0
758,384,1
759,385,1
759,386,1
760,387,1
760,388,1
761,388,1
762,389,1
762,390,1
763,391,1
763,392,1
764,393,1
764,394,1
765,395,1
765,396,1
766,396,1
767,397,1
767,398,1
767,399,1
768,400,1
768,401,1
769,402,1
769,403,1
770,404,1
770,405,1
771,406,1
771,407,1
771,408,1
772,409,1
772,410,1
772,411,1
773,412,1
773,413,1
774,413,1
774,414,1
775,415,1
775,416,1
776,417,1
776,418,1
776,419,1
777,420,1
777,421,1
778,421,1
778,422,1
779,423,1
779,424,1
780,425,1
780,426,1
781,426,1
781,427,1
782,428,1
783,429,1
783,430,1
784,430,1
784,431,1
785,431,1
786,431,1
786,432,1
787,432,1
788,432,1
789,431,1
790,431,1
790,430,1
791,430,1
791,429,1
792,428,1
792,427,1
793,427,1
793,426,1
793,425,1
794,425,1
794,424,1
794,423,1
795,422,1
795,421,1
795,420,1
796,419,1
796,418,1
796,417,1
797,416,1
797,415,1
797,414,1
798,413,1
798,412,1
798,411,1
798,410,1
799,409,1
799,408,1
800,407,1
800,406,1
800,405,1
801,404,1
801,403,1
801,402,1
802,401,1
802,400,1
803,400,1
803,399,1
803,398,1
804,397,1
804,396,1
805,395,1
805,394,1
806,393,1
806,392,1
807,391,1
807,390,1
808,390,1
808,389,1
809,388,1
810,387,1
811,386,1
811,385,1
812,385,1
812,384,1
813,383,1
814,383,1
814,382,1
815,381,1
816,381,1
816,380,1
817,379,1
818,379,1
818,378,1
819,378,1
820,377,1
821,377,1
821,376,1
822,376,1
823,376,1
824,375,1
825,374,1
826,374,1
827,374,1
828,374,1
828,373,1
829,373,1
830,373,1
831,373,1
832,372,1
833,372,1
834,372,1
835,372,1
836,372,1
837,372,1
838,372,1
839,372,1
840,372,1
841,372,1
842,372,1
843,372,1
844,372,1
844,373,1
845,373,1
846,373,1
847,373,1
848,373,1
849,374,1
850,374,1
851,374,1
852,375,1
853,375,1
854,375,1
854,376,1
855,376,1
856,377,1
857,377,1
858,378,1
859,378,1
859,379,1
860,379,1
861,380,1
862,380,1
863,381,1
864,382,1
865,382,1
866,383,1
866,384,1
867,384,1
868,385,1
869,386,1
870,387,1
871,388,1
872,388,1
872,389,1
873,390,1
874,390,1
874,391,1
875,392,1
876,392,1
876,393,1
877,394,1
878,395,1
879,396,1
880,397,1
880,398,1
881,398,1
882,399,1
882,400,1
883,401,1
884,402,1
885,403,1
886,404,1
886,405,1
887,405,1
887,406,1
888,407,1
889,408,1
889,409,1
890,409,1
891,410,1
891,411,1
892,412,1
893,413,1
894,414,1
894,415,1
895,416,1
896,417,1
896,418,1
897,419,1
898,419,1
898,420,1
899,421,1
899,422,1
900,423,1
901,424,1
901,425,1
902,425,1
902,426,1
903,427,1
904,428,1
904,429,1
905,429,1
905,430,1
906,431,1
907,432,1
907,433,1
908,434,1
908,435,1
909,435,1
910,436,1
910,437,1
911,438,1
911,439,1
912,440,1
912,441,1
913,441,1
914,442,1
914,443,1
915,444,1
915,445,1
916,446,1
917,446,1
917,447,1
918,448,1
918,449,1
919,450,1
920,451,1
921,452,1
921,453,1
922,454,1
923,454,1
923,455,1
924,456,1
924,457,1
925,458,1
926,459,1
927,460,1
927,461,1
928,462,1
928,463,1
929,463,1
930,464,1
930,465,1
931,466,1
932,467,1
933,468,1
934,469,1
935,470,1
936,470,1
937,470,1
937,469,1
937,468,1
937,467,1
844,330,0
772,186,1
771,187,1
770,187,1
769,188,1
768,189,1
767,189,1
766,190,1
765,190,1
764,191,1
763,192,1
762,192,1
761,193,1
761,194,1
760,195,1
759,195,1
758,196,1
757,197,1
757,198,1
756,199,1
756,200,1
755,200,1
754,201,1
754,202,1
754,203,1
753,204,1
753,205,1
753,206,1
753,207,1
752,208,1
752,209,1
752,210,1
751,211,1
751,212,1
751,213,1
750,213,1
750,214,1
750,215,1
749,216,1
749,217,1
749,218,1
749,219,1
749,220,1
749,221,1
749,222,1
749,223,1
749,224,1
749,225,1
749,226,1
749,227,1
749,228,1
749,229,1
749,230,1
750,231,1
750,232,1
750,233,1
751,234,1
751,235,1
751,236,1
752,236,1
752,237,1
753,238,1
753,239,1
754,240,1
754,241,1
755,242,1
756,243,1
757,244,1
757,245,1
758,245,1
758,246,1
759,247,1
760,248,1
761,248,1
761,249,1
762,250,1
763,250,1
763,251,1
764,251,1
765,252,1
766,253,1
767,253,1
768,254,1
769,255,1
770,255,1
771,256,1
772,256,1
772,257,1
773,257,1
774,258,1
775,258,1
776,258,1
777,259,1
778,259,1
779,260,1
780,260,1
781,260,1
782,261,1
783,261,1
784,261,1
785,262,1
786,262,1
787,262,1
788,262,1
789,263,1
790,263,1
791,263,1
792,263,1
793,264,1
794,264,1
795,264,1
796,264,1
797,264,1
798,265,1
799,265,1
800,265,1
801,265,1
802,265,1
803,265,1
804,265,1
805,265,1
806,265,1
807,266,1
808,266,1
809,266,1
810,266,1
811,266,1
812,266,1
813,266,1
814,266,1
815,266,1
816,266,1
817,266,1
818,266,1
819,267,1
820,267,1
821,267,1
822,267,1
823,267,1
824,267,1
825,267,1
826,267,1
827,267,1
828,267,1
829,267,1
830,267,1
831,267,1
832,267,1
833,267,1
834,267,1
835,267,1
836,267,1
837,267,1
838,267,1
839,267,1
840,267,1
841,267,1
842,267,1
843,267,1
844,267,1
845,267,1
846,267,1
847,267,1
848,267,1
849,267,1
850,267,1
851,267,1
852,267,1
853,267,1
854,266,1
855,266,1
856,266,1
857,266,1
858,266,1
859,266,1
860,266,1
861,266,1
862,266,1
863,266,1
864,266,1
865,266,1
866,266,1
867,266,1
868,266,1
869,266,1
870,266,1
871,265,1
872,265,1
873,265,1
874,265,1
875,265,1
876,265,1
877,265,1
878,265,1
879,265,1
880,264,1
881,264,1
882,264,1
883,264,1
884,264,1
885,264,1
886,264,1
887,264,1
888,263,1
889,263,1
890,263,1
891,263,1
892,263,1
893,263,1
978,306,0
1074,333,1
1074,334,1
1074,335,1
1074,336,1
1074,337,1
1074,338,1
1075,339,1
1075,340,1
1075,341,1
1075,342,1
1076,343,1
1076,344,1
1076,345,1
1076,346,1
1076,347,1
1077,348,1
1077,349,1
1077,350,1
1077,351,1
1077,352,1
1078,353,1
1078,354,1
1078,355,1
1078,356,1
1078,357,1
1079,358,1
1079,359,1
1079,360,1
1079,361,1
1079,362,1
1080,363,1
1080,364,1
1080,365,1
1080,366,1
1081,367,1
1081,368,1
1081,369,1
1081,370,1
1082,371,1
1082,372,1
1082,373,1
1082,374,1
1083,375,1
1083,376,1
1083,377,1
1083,378,1
1084,379,1
1084,380,1
1085,381,1
1085,382,1
1085,383,1
1085,384,1
1086,385,1
1086,386,1
1086,387,1
1087,388,1
1087,389,1
1088,390,1
1088,391,1
1088,392,1
1089,392,1
1089,393,1
1089,394,1
1090,394,1
1090,395,1
1090,396,1
1091,397,1
1091,398,1
1092,398,1
1092,399,1
1092,400,1
1093,400,1
1093,401,1
1093,402,1
1093,401,1
1092,401,1
1092,400,1
1091,400,1
1091,399,1
1090,399,1
1089,399,1
1089,398,1
1088,397,1
1087,397,1
1087,396,1
1086,396,1
1086,395,1
1085,395,1
1084,394,1
1083,393,1
1082,393,1
1082,392,1
1081,392,1
1080,391,1
1079,391,1
1079,390,1
1078,390,1
1077,390,1
1076,389,1
1075,388,1
1074,388,1
1073,388,1
1072,387,1
1071,387,1
1071,386,1
1070,386,1
1069,386,1
1068,385,1
1067,385,1
1066,385,1
1065,384,1
1064,384,1
1063,384,1
1062,383,1
1061,383,1
1060,383,1
1059,383,1
1058,382,1
1057,382,1
1056,382,1
1055,382,1
1054,381,1
1053,381,1
1052,381,1
1051,381,1
1050,381,1
1049,381,1
1048,381,1
1047,380,1
1046,380,1
1045,380,1
1044,380,1
1043,380,1
1042,380,1
1041,380,1
1040,380,1
1039,380,1
1038,380,1
1037,380,1
1036,380,1
1035,380,1
1034,380,1
1033,380,1
1032,380,1
1031,381,1
1030,381,1
1029,381,1
1028,381,1
1027,381,1
1026,381,1
1025,381,1
1024,382,1
1023,382,1
1022,382,1
1021,383,1
1020,383,1
1019,383,1
1018,383,1
1017,384,1
1016,384,1
1015,385,1
1014,385,1
1013,386,1
1012,386,1
1011,387,1
1010,387,1
1010,388,1
1009,388,1
1009,389,1
1008,389,1
1008,390,1
1007,390,1
1007,391,1
1006,391,1
1006,392,1
1005,393,1
1005,394,1
1004,395,1
1004,396,1
1004,397,1
1004,398,1
1004,399,1
1004,400,1
1005,400,1
1005,401,1
1005,402,1
1006,402,1
1006,403,1
1007,403,1
1007,404,1
1008,404,1
1008,405,1
1009,405,1
1010,405,1
1010,406,1
1011,406,1
1012,406,1
1013,406,1
1013,407,1
1014,407,1
1015,407,1
1016,407,1
1017,407,1
1018,407,1
1019,407,1
1020,407,1
1021,407,1
1022,407,1
1023,407,1
1024,407,1
1025,406,1
1026,406,1
1027,406,1
1028,406,1
1029,406,1
1029,405,1
1030,405,1
1031,405,1
1032,404,1
1033,404,1
1034,404,1
1035,403,1
1036,403,1
1037,402,1
1038,402,1
1039,401,1
1040,401,1
1041,400,1
1042,400,1
1043,399,1
1044,399,1
1045,398,1
1046,398,1
1047,397,1
1047,396,1
1048,396,1
1049,395,1
1050,395,1
1051,394,1
1052,394,1
1053,393,1
1054,392,1
1055,391,1
1056,391,1
1057,390,1
1058,389,1
1059,389,1
1059,388,1
1060,387,1
1061,386,1
1062,386,1
1063,385,1
1063,384,1
1064,384,1
1065,383,1
1066,382,1
1066,381,1
1067,380,1
1068,380,1
1068,379,1
1069,378,1
1070,377,1
1071,376,1
1072,375,1
1072,374,1
1073,373,1
1073,372,1
1074,372,1
1075,371,1
1076,370,1
1076,369,1
1077,369,1
1078,368,1
1078,367,1
1079,366,1
1079,365,1
1080,365,1
1080,364,1
1081,363,1
1081,362,1
1082,361,1
1082,360,1
1083,359,1
1083,358,1
1083,357,1
1083,356,1
1083,355,1
1084,354,1
1084,353,1
1084,352,1
1084,351,1
1084,350,1
1084,349,1
1084,348,1
1084,347,1
1072,253,0
1053,158,1
1053,157,1
1054,156,1
1054,155,1
1055,154,1
1056,153,1
1057,152,1
1057,151,1
1058,150,1
1059,149,1
1059,148,1
1060,147,1
1061,146,1
1061,145,1
1062,145,1
1063,144,1
1064,143,1
1065,142,1
1066,142,1
1067,141,1
1068,141,1
1069,141,1
1070,141,1
1070,140,1
1071,140,1
1072,140,1
1073,140,1
1074,140,1
1075,140,1
1075,139,1
1076,139,1
1077,139,1
1078,138,1
1079,138,1
1080,138,1
1081,137,1
1082,137,1
1083,137,1
1084,137,1
1085,137,1
1086,137,1
1087,137,1
1088,137,1
1089,137,1
1090,137,1
1091,137,1
1092,137,1
1093,137,1
1094,137,1
1095,137,1
1095,138,1
1096,138,1
1097,138,1
1098,138,1
1099,138,1
1100,139,1
1101,139,1
1102,140,1
1103,140,1
1104,140,1
1104,141,1
1105,141,1
1106,141,1
1107,142,1
1108,142,1
1109,142,1
1109,143,1
1110,143,1
1111,144,1
1112,144,1
1113,145,1
1114,146,1
1115,146,1
1116,147,1
1117,147,1
1117,148,1
1118,148,1
1119,149,1
1120,150,1
1121,150,1
1121,151,1
1122,151,1
1123,152,1
1124,153,1
1125,153,1
1125,154,1
1126,155,1
1127,155,1
1128,156,1
1128,157,1
1129,157,1
1130,158,1
1131,159,1
1132,160,1
1133,161,1
1133,162,1
1134,163,1
1135,163,1
1136,164,1
1136,165,1
1137,166,1
1138,166,1
1138,167,1
1139,168,1
1140,169,1
1140,170,1
1141,170,1
1142,171,1
1143,172,1
1143,173,1
1144,174,1
1145,175,1
1145,176,1
1146,177,1
1147,177,1
1147,178,1
1148,179,1
1149,180,1
1149,181,1
1150,182,1
1151,183,1
1151,184,1
1152,185,1
1153,186,1
1154,187,1
1155,188,1
1155,189,1
1156,190,1
1156,191,1
1157,192,1
1158,193,1
1158,194,1
1159,194,1
1160,195,1
1160,196,1
1161,197,1
1161,198,1
1162,199,1
1163,200,1
1163,201,1
1164,202,1
1164,203,1
1165,203,1
1166,204,1
1166,205,1
1167,206,1
1167,207,1
1168,208,1
1169,209,1
1169,210,1
1170,211,1
1170,212,1
1171,213,1
1172,214,1
1172,215,1
1173,215,1
1174,216,1
1174,217,1
1175,218,1
1175,219,1
1176,220,1
1177,221,1
1177,222,1
1178,223,1
1178,224,1
1179,225,1
1180,226,1
1180,227,1
1181,228,1
1182,229,1
1182,230,1
1183,231,1
1184,232,1
1184,233,1
1185,234,1
1185,235,1
1186,236,1
1187,237,1
1187,238,1
1188,239,1
1189,240,1
1189,241,1
1190,242,1
1191,243,1
1191,244,1
1192,245,1
1192,246,1
1193,247,1
1193,248,1
1194,249,1
1195,249,1
1195,250,1
1196,251,1
1196,252,1
1197,253,1
1197,254,1
1198,255,1
1198,256,1
1199,257,1
1199,258,1
1200,258,1
1201,259,1
1201,260,1
1202,261,1
1202,262,1
1203,263,1
1203,264,1
1204,265,1
1205,266,1
1205,267,1
1206,268,1
1206,269,1
1207,270,1
1207,271,1
1208,271,1
1208,272,1
1209,273,1
1209,274,1
1210,275,1
1210,276,1
1211,277,1
1212,277,1
1212,278,1
1213,279,1
1213,280,1
1214,281,1
1214,282,1
1215,283,1
1215,284,1
1216,285,1
1216,286,1
1217,287,1
1217,288,1
1218,289,1
1218,290,1
1219,291,1
1219,292,1
1220,293,1
1220,294,1
1221,294,1
1221,295,1
1222,296,1
1222,297,1
1223,298,1
1223,299,1
1224,300,1
1224,301,1
1225,302,1
1225,303,1
1226,304,1
1227,305,1
1227,306,1
1228,307,1
1228,308,1
1229,309,1
1229,310,1
1230,311,1
1230,312,1
1231,313,1
1232,314,1
1232,315,1
1233,316,1
1233,317,1
1233,318,1
1234,319,1
1234,320,1
1235,321,1
1235,322,1
1236,323,1
1236,324,1
1237,324,1
1237,325,1
1238,326,1
1238,327,1
1238,328,1
1239,329,1
1239,330,1
1240,331,1
1240,332,1
1241,333,1
1241,334,1
1242,335,1
1242,336,1
1243,337,1
1243,338,1
1244,339,1
1244,340,1
1245,341,1
1245,342,1
1246,343,1
1246,344,1
1246,345,1
1247,346,1
1247,347,1
1248,348,1
1249,349,1
1249,350,1
1249,351,1
1250,352,1
1250,353,1
1251,354,1
1251,355,1
1251,356,1
1252,357,1
1252,358,1
1253,358,1
1253,359,1
1253,360,1
1254,361,1
1254,362,1
1254,363,1
1255,364,1
1255,365,1
1256,366,1
1256,367,1
1256,368,1
1257,369,1
1257,370,1
1258,371,1
1258,372,1
1259,373,1
1259,374,1
1259,375,1
1260,376,1
1260,377,1
1261,378,1
1261,379,1
1261,380,1
1262,381,1
1262,382,1
1262,383,1
1263,384,1
1263,385,1
1264,386,1
1264,387,1
1264,388,1
1265,389,1
1265,390,1
1265,391,1
1266,391,1
1266,392,1
1267,393,1
1267,394,1
1267,395,1
1268,396,1
1268,397,1
1268,398,1
1269,399,1
1269,400,1
1269,401,1
1270,402,1
1270,403,1
1270,404,1
1271,405,1
1271,406,1
1271,407,1
1272,408,1
1272,409,1
1272,410,1
1273,411,1
1273,412,1
1273,413,1
1274,414,1
1274,415,1
1275,416,1
1275,417,1
1276,418,1
1276,419,1
1276,420,1
1277,421,1
1277,422,1
1277,423,1
1278,424,1
1278,425,1
1278,426,1
1279,427,1
1279,428,1
1279,429,1
1280,430,1
1280,431,1
1280,432,1
1281,433,1
1281,434,1
1282,435,1
1282,436,1
1283,437,1
1283,438,1
1283,439,1
1284,439,1
1285,439,1
1286,440,1
1308,398,0
1333,353,1
1333,354,1
1333,355,1
1333,356,1
1334,357,1
1334,358,1
1334,359,1
1334,360,1
1334,361,1
1335,362,1
1335,363,1
1335,364,1
1335,365,1
1336,366,1
1336,367,1
1336,368,1
1337,369,1
1337,370,1
1338,371,1
1338,372,1
1339,373,1
1339,374,1
1340,375,1
1340,376,1
1341,376,1
1342,377,1
1342,378,1
1343,379,1
1344,380,1
1344,381,1
1345,382,1
1346,383,1
1347,384,1
1347,385,1
1348,386,1
1348,387,1
1349,388,1
1350,388,1
1350,389,1
1351,390,1
1352,391,1
1352,392,1
1353,393,1
1354,393,1
1355,394,1
1355,395,1
1356,396,1
1357,396,1
1357,397,1
1358,398,1
1359,399,1
1360,399,1
1360,400,1
1361,401,1
1362,402,1
1363,402,1
1364,403,1
1365,404,1
1365,405,1
1366,405,1
1367,406,1
1368,407,1
1369,407,1
1370,408,1
1370,409,1
1371,409,1
1372,410,1
1373,411,1
1374,411,1
1375,412,1
1376,413,1
1377,413,1
1378,414,1
1379,415,1
1380,416,1
1381,416,1
1382,417,1
1383,417,1
1384,418,1
1385,418,1
1386,419,1
1386,420,1
1387,420,1
1388,421,1
1389,421,1
1390,422,1
1391,422,1
1392,422,1
1393,423,1
1394,423,1
1395,424,1
1396,425,1
1397,425,1
1398,425,1
1399,426,1
1400,426,1
1401,427,1
1402,427,1
1403,427,1
1404,428,1
1405,428,1
1406,429,1
1407,429,1
1408,429,1
1409,430,1
1410,430,1
1411,431,1
1412,431,1
1413,431,1
1414,432,1
1415,432,1
1416,432,1
1417,433,1
1418,433,1
1419,433,1
1420,433,1
1421,434,1
1422,434,1
1423,434,1
1424,434,1
1425,435,1
1426,435,1
1427,435,1
1428,435,1
1429,436,1
1430,436,1
1431,436,1
1432,436,1
1433,436,1
1434,437,1
1435,437,1
1436,437,1
1437,437,1
1438,437,1
1439,437,1
1440,438,1
1441,438,1
1442,438,1
1443,438,1
1444,438,1
1445,438,1
1446,438,1
1447,438,1
1448,439,1
1449,439,1
1450,439,1
1451,439,1
1452,439,1
1453,439,1
1454,439,1
1455,439,1
1456,439,1
1457,439,1
1458,439,1
1459,439,1
1460,440,1
1461,440,1
1462,440,1
1463,440,1
1464,440,1
1465,440,1
1466,440,1
1467,440,1
1468,440,1
1469,440,1
1470,440,1
1471,440,1
1472,440,1
1473,440,1
1474,440,1
1475,440,1
1476,440,1
1477,440,1
1478,440,1
1479,440,1
1480,440,1
1480,439,1
1481,439,1
1482,439,1
1483,439,1
1484,439,1
1485,439,1
1486,439,1
1487,439,1
1488,439,1
1489,439,1
1490,439,1
1491,438,1
1492,438,1
1493,438,1
1494,438,1
1495,437,1
1496,437,1
1497,437,1
1498,437,1
1499,436,1
1500,436,1
1501,435,1
1502,435,1
1502,434,1
1503,434,1
1504,434,1
1505,433,1
1506,433,1
1507,433,1
1507,432,1
1508,432,1
1509,431,1
1510,431,1
1510,430,1
1511,429,1
1511,428,1
1511,427,1
1510,427,1
1510,426,1
1509,426,1
1508,425,1
1507,425,1
1506,425,1
1505,424,1
1504,424,1
1503,423,1
1502,423,1
1082,386,0
639,346,1
640,346,1
641,346,1
642,346,1
643,345,1
644,345,1
645,345,1
646,345,1
647,345,1
648,345,1
649,344,1
650,344,1
651,344,1
652,344,1
653,344,1
654,344,1
655,343,1
656,343,1
657,343,1
658,343,1
659,343,1
660,343,1
661,342,1
662,342,1
663,342,1
664,342,1
665,342,1
666,342,1
667,342,1
667,341,1
668,341,1
669,341,1
670,341,1
671,341,1
672,341,1
673,341,1
674,340,1
675,340,1
676,340,1
677,340,1
678,340,1
679,340,1
680,339,1
681,339,1
682,339,1
683,339,1
684,339,1
685,339,1
686,338,1
687,338,1
688,338,1
689,338,1
690,338,1
691,338,1
692,338,1
693,337,1
694,337,1
695,337,1
696,337,1
697,337,1
698,337,1
699,337,1
700,336,1
701,336,1
702,336,1
703,336,1
704,336,1
705,336,1
706,336,1
707,335,1
708,335,1
709,335,1
710,335,1
711,335,1
712,335,1
713,334,1
714,334,1
715,334,1
716,334,1
717,334,1
718,334,1
719,333,1
720,333,1
721,333,1
722,333,1
723,333,1
724,333,1
725,332,1
726,332,1
727,332,1
728,332,1
729,332,1
730,332,1
731,331,1
732,331,1
733,331,1
734,331,1
735,331,1
736,331,1
737,331,1
738,330,1
739,330,1
740,330,1
741,330,1
742,330,1
743,330,1
744,329,1
745,329,1
746,329,1
747,329,1
748,329,1
749,329,1
750,328,1
751,328,1
752,328,1
753,328,1
754,328,1
755,328,1
756,327,1
757,327,1
758,327,1
759,327,1
760,327,1
761,327,1
762,326,1
763,326,1
764,326,1
765,326,1
766,326,1
767,326,1
768,325,1
769,325,1
770,325,1
771,325,1
772,325,1
773,325,1
774,324,1
775,324,1
776,324,1
777,324,1
778,324,1
779,324,1
780,323,1
781,323,1
782,323,1
783,323,1
784,323,1
785,323,1
786,323,1
787,322,1
788,322,1
789,322,1
790,322,1
791,322,1
792,322,1
793,321,1
794,321,1
795,321,1
796,321,1
797,321,1
798,321,1
799,320,1
800,320,1
801,320,1
802,320,1
803,320,1
804,320,1
805,319,1
806,319,1
807,319,1
808,319,1
809,319,1
810,319,1
811,319,1
812,318,1
813,318,1
814,318,1
815,318,1
816,318,1
817,318,1
818,317,1
819,317,1
820,317,1
821,317,1
822,317,1
823,317,1
824,316,1
825,316,1
826,316,1
827,316,1
828,316,1
829,316,1
830,315,1
831,315,1
832,315,1
833,315,1
834,315,1
835,315,1
836,314,1
837,314,1
838,314,1
839,314,1
840,314,1
841,314,1
842,313,1
843,313,1
844,313,1
845,313,1
846,313,1
847,313,1
848,312,1
849,312,1
850,312,1
851,312,1
852,312,1
853,312,1
854,311,1
855,311,1
856,311,1
857,311,1
858,311,1
859,311,1
860,310,1
861,310,1
862,310,1
863,310,1
864,310,1
865,310,1
866,309,1
867,309,1
868,309,1
869,309,1
870,309,1
871,309,1
872,309,1
873,308,1
874,308,1
875,308,1
876,308,1
877,308,1
878,308,1
879,308,1
880,307,1
881,307,1
882,307,1
883,307,1
884,307,1
885,307,1
886,306,1
887,306,1
888,306,1
889,306,1
890,306,1
891,306,1
892,305,1
893,305,1
894,305,1
895,305,1
896,305,1
897,305,1
898,305,1
899,304,1
900,304,1
901,304,1
902,304,1
903,304,1
904,304,1
905,303,1
906,303,1
907,303,1
908,303,1
909,303,1
910,303,1
911,302,1
912,302,1
913,302,1
914,302,1
915,302,1
916,302,1
917,301,1
918,301,1
919,301,1
920,301,1
921,301,1
922,301,1
923,301,1
924,300,1
925,300,1
926,300,1
927,300,1
928,300,1
929,300,1
930,300,1
931,299,1
932,299,1
933,299,1
934,299,1
935,299,1
936,298,1
937,298,1
938,298,1
939,298,1
940,298,1
941,298,1
942,298,1
943,297,1
944,297,1
945,297,1
946,297,1
947,297,1
948,297,1
949,296,1
950,296,1
951,296,1
952,296,1
953,296,1
954,296,1
955,296,1
956,295,1
957,295,1
958,295,1
959,295,1
960,295,1
961,295,1
962,295,1
963,294,1
964,294,1
965,294,1
966,294,1
967,294,1
968,294,1
969,293,1
970,293,1
971,293,1
972,293,1
973,293,1
974,293,1
975,293,1
976,292,1
977,292,1
978,292,1
979,292,1
980,292,1
981,292,1
982,292,1
983,292,1
984,291,1
985,291,1
986,291,1
987,291,1
988,291,1
989,291,1
990,291,1
991,290,1
992,290,1
993,290,1
994,290,1
995,290,1
996,290,1
997,290,1
998,289,1
999,289,1
1000,289,1
1001,289,1
1002,289,1
1003,289,1
1004,289,1
1005,288,1
1006,288,1
1007,288,1
1008,288,1
1009,288,1
1010,288,1
1011,288,1
1012,287,1
1013,287,1
1014,287,1
1015,287,1
1016,287,1
1017,287,1
1018,287,1
1019,286,1
1020,286,1
1021,286,1
1022,286,1
1023,286,1
1024,286,1
1025,286,1
1026,285,1
1027,285,1
1028,285,1
1029,285,1
1030,285,1
1031,285,1
1032,285,1
1033,284,1
1034,284,1
1035,284,1
1036,284,1
1037,284,1
1038,284,1
1039,284,1
1040,283,1
1041,283,1
1042,283,1
1043,283,1
1044,283,1
1045,283,1
1046,282,1
1047,282,1
1048,282,1
1049,282,1
1050,282,1
1051,282,1
1052,282,1
1053,281,1
1054,281,1
1055,281,1
1056,281,1
1057,281,1
1058,281,1
1059,280,1
1060,280,1
1061,280,1
1062,280,1
1063,280,1
1064,280,1
1065,280,1
1066,279,1
1067,279,1
1068,279,1
1069,279,1
1070,279,1
1071,279,1
1072,278,1
1073,278,1
1074,278,1
1075,278,1
1076,278,1
1077,278,1
1078,278,1
1079,277,1
1080,277,1
1081,277,1
1082,277,1
1083,277,1
1084,277,1
1085,276,1
1086,276,1
1087,276,1
1088,276,1
1089,276,1
1090,276,1
1091,275,1
1092,275,1
1093,275,1
1094,275,1
1095,275,1
1096,275,1
1097,275,1
1098,274,1
1099,274,1
1100,274,1
1101,274,1
1102,274,1
1103,274,1
1104,273,1
1105,273,1
1106,273,1
1107,273,1
1108,273,1
1109,273,1
1110,272,1
1111,272,1
1112,272,1
1113,272,1
1114,272,1
1115,272,1
1116,271,1
1117,271,1
1118,271,1
1119,271,1
1120,271,1
1121,271,1
1122,270,1
1123,270,1
1124,270,1
1125,270,1
1126,270,1
1127,270,1
1128,269,1
1129,269,1
1130,269,1
1131,269,1
1132,269,1
1133,269,1
1134,268,1
1135,268,1
1136,268,1
1137,268,1
1138,268,1
1139,268,1
1140,267,1
1141,267,1
1142,267,1
1143,267,1
1144,267,1
1145,267,1
1146,266,1
1147,266,1
1148,266,1
1149,266,1
1150,266,1
1151,266,1
1152,265,1
1153,265,1
1154,265,1
1155,265,1
1156,265,1
1157,265,1
1158,264,1
1159,264,1
1160,264,1
1161,264,1
1162,264,1
1163,264,1
1164,263,1
1165,263,1
1166,263,1
1167,263,1
1168,263,1
1169,263,1
1170,262,1
1171,262,1
1172,262,1
1173,262,1
1174,262,1
1175,262,1
1176,261,1
1177,261,1
1178,261,1
1179,261,1
1180,261,1
1181,261,1
1182,260,1
1183,260,1
1184,260,1
1185,260,1
1186,260,1
1187,260,1
1188,259,1
1189,259,1
1190,259,1
1191,259,1
1192,259,1
1193,259,1
1194,258,1
1195,258,1
1196,258,1
1197,258,1
1198,258,1
1199,258,1
1200,257,1
1201,257,1
1202,257,1
1203,257,1
1204,257,1
1205,257,1
1206,256,1
1207,256,1
1208,256,1
1209,256,1
1210,256,1
1211,256,1
1212,255,1
1213,255,1
1214,255,1
1215,255,1
1216,255,1
1217,255,1
1218,254,1
1219,254,1
1220,254,1
1221,254,1
1222,254,1
1223,254,1
1224,253,1
1225,253,1
1226,253,1
1227,253,1
1228,253,1
1228,252,1
1229,252,1
1230,252,1
1231,252,1
1232,252,1
1233,252,1
1234,251,1
1235,251,1
1236,251,1
1237,251,1
1238,251,1
1239,251,1
1240,250,1
1241,250,1
1242,250,1
1243,250,1
1244,250,1
1245,250,1
1246,250,1
1247,249,1
1248,249,1
1249,249,1
1250,249,1
1251,249,1
1252,249,1
1253,248,1
1254,248,1
1255,248,1
1256,248,1
1257,248,1
1258,247,1
1259,247,1
1260,247,1
1261,247,1
1262,247,1
1263,246,1
1264,246,1
1265,246,1
1266,246,1
1267,246,1
1268,246,1
1269,245,1
1270,245,1
1271,245,1
1272,245,1
1273,245,1
1274,245,1
1275,244,1
1276,244,1
1277,244,1
1278,244,1
1279,244,1
1280,244,1
1281,243,1
1282,243,1
1283,243,1
1284,243,1
1285,243,1
1286,243,1
1287,242,1
1288,242,1
1289,242,1
1290,242,1
1291,242,1
1292,242,1
1293,241,1
1294,241,1
1295,241,1
1296,241,1
1297,241,1
1298,241,1
1299,240,1
1300,240,1
1301,240,1
1302,240,1
1303,240,1
1304,240,1
1305,239,1
1306,239,1
1307,239,1
1308,239,1
1309,239,1
1310,239,1
1311,238,1
1312,238,1
1313,238,1
1314,238,1
1315,238,1
1316,238,1
1317,237,1
1318,237,1
1319,237,1
1320,237,1
1321,237,1
1322,237,1
1323,237,1
1324,236,1
1325,236,1
1326,236,1
1327,236,1
1328,236,1
1329,236,1
1330,235,1
1331,235,1
1332,235,1
1333,235,1
1334,235,1
1335,235,1
1336,234,1
1337,234,1
1338,234,1
1339,234,1
1340,234,1
1341,234,1
1342,234,1
1343,233,1
1344,233,1
1345,233,1
1346,233,1
1347,233,1
1348,233,1
1349,232,1
1350,232,1
1351,232,1
1352,232,1
1353,232,1
1354,232,1
1355,231,1
1356,231,1
1357,231,1
1358,231,1
1359,231,1
1360,231,1
1361,230,1
1362,230,1
1363,230,1
1364,230,1
1365,230,1
1366,230,1
1367,230,1
1368,229,1
1369,229,1
1370,229,1
1371,229,1
1372,229,1
1373,229,1
1374,229,1
1375,228,1
1376,228,1
1377,228,1
1378,228,1
1379,228,1
1380,228,1
1381,227,1
1382,227,1
1383,227,1
1384,227,1
1385,227,1
1386,227,1
1387,226,1
1388,226,1
1389,226,1
1390,226,1
1391,226,1
1392,226,1
1393,226,1
1394,225,1
1395,225,1
1396,225,1
1397,225,1
1398,225,1
1399,225,1
1400,225,1
1401,224,1
1402,224,1
1403,224,1
1404,224,1
1405,224,1
1406,224,1
1407,223,1
1408,223,1
1409,223,1
1410,223,1
1411,223,1
1412,223,1
1413,222,1
1414,222,1
1415,222,1
1416,222,1
1417,222,1
1418,222,1
1419,222,1
1420,222,1
1421,221,1
1422,221,1
1423,221,1
1424,221,1
1425,221,1
1426,221,1
1427,221,1
1428,220,1
1429,220,1
1430,220,1
1431,220,1
1432,220,1
1433,220,1
1434,219,1
1435,219,1
1436,219,1
1437,219,1
1438,219,1
1439,219,1
1440,219,1
1441,218,1
1442,218,1
1443,218,1
1444,218,1
1445,218,1
1446,218,1
1447,218,1
1448,217,1
1449,217,1
1450,217,1
1451,217,1
1452,217,1
1453,217,1
1454,217,1
1455,217,1
1456,217,1
1457,216,1
1458,216,1
1459,216,1
1460,216,1
1461,216,1
1462,216,1
1463,216,1
1464,216,1
1465,216,1
1466,215,1
1467,215,1
1468,215,1
1469,215,1
1470,215,1
1471,215,1
1472,215,1
1473,215,1
1474,215,1
1475,214,1
1476,214,1
1477,214,1
1478,214,1
1479,214,1
1480,214,1
1481,214,1
1482,214,1
1483,214,1
1484,214,1
1485,214,1
1486,213,1
1487,213,1
1488,213,1
1489,213,1
1490,213,1
1491,213,1
1492,213,1
1493,213,1
1494,213,1
1495,213,1
1496,213,1
1497,213,1
1498,213,1
1499,213,1
1500,213,1
1501,213,1
1502,213,1
1503,213,1
1504,213,1
1504,214,1
1505,214,1
1506,214,1
1507,214,1
1508,214,1
1509,214,1
1510,213,1
1511,214,1
1512,214,1
1513,214,1
1514,214,1
1515,214,1
1516,214,1
1517,214,1
1518,214,1
1518,215,1
1519,215,1
1520,216,1
1520,217,1
1520,218,1
1519,218,1
1518,219,1
1517,219,1
1516,219,1
1515,220,1
1123,448,0
723,670,1
723,671,1
724,672,1
724,673,1
724,674,1
725,675,1
725,676,1
725,677,1
726,677,1
726,678,1
726,679,1
727,680,1
727,681,1
728,682,1
728,683,1
729,684,1
729,685,1
730,686,1
730,687,1
731,688,1
731,689,1
732,690,1
733,691,1
734,692,1
734,693,1
734,694,1
735,694,1
735,695,1
735,696,1
736,696,1
736,697,1
736,698,1
735,698,1
734,698,1
733,697,1
732,697,1
731,696,1
730,696,1
730,695,1
729,695,1
729,694,1
728,694,1
727,693,1
726,693,1
725,692,1
724,691,1
723,691,1
722,690,1
721,689,1
720,689,1
719,689,1
718,688,1
717,687,1
716,687,1
715,686,1
714,686,1
713,686,1
713,685,1
712,685,1
711,684,1
710,684,1
709,684,1
708,683,1
707,683,1
706,683,1
706,682,1
705,682,1
704,682,1
703,681,1
702,681,1
701,680,1
700,680,1
699,680,1
699,679,1
698,679,1
697,678,1
696,678,1
696,677,1
695,677,1
695,676,1
696,676,1
696,675,1
697,675,1
698,675,1
699,674,1
700,674,1
701,674,1
702,674,1
702,673,1
703,673,1
704,673,1
705,673,1
706,673,1
707,673,1
708,672,1
709,672,1
710,672,1
711,672,1
712,672,1
713,672,1
713,671,1
714,671,1
715,671,1
716,671,1
717,671,1
718,671,1
719,670,1
720,670,1
721,670,1
722,670,1
723,670,1
724,669,1
725,669,1
726,669,1
727,669,1
728,668,1
729,668,1
730,668,1
731,668,1
732,668,1
733,667,1
734,667,1
735,667,1
736,667,1
736,666,1
737,666,1
738,666,1
739,666,1
740,666,1
741,665,1
742,665,1
743,665,1
744,665,1
745,665,1
746,664,1
747,664,1
748,664,1
749,664,1
750,663,1
751,663,1
752,663,1
753,663,1
754,662,1
755,662,1
756,662,1
757,662,1
758,662,1
759,661,1
760,661,1
761,661,1
762,661,1
763,661,1
763,660,1
764,660,1
765,660,1
766,660,1
767,660,1
768,659,1
769,659,1
770,659,1
771,659,1
772,659,1
773,658,1
774,658,1
775,658,1
776,658,1
777,658,1
778,657,1
779,657,1
780,657,1
781,657,1
782,657,1
783,657,1
784,657,1
785,656,1
786,656,1
787,656,1
788,656,1
789,656,1
790,655,1
791,655,1
792,655,1
793,655,1
794,655,1
795,655,1
796,654,1
797,654,1
798,654,1
799,654,1
800,654,1
801,654,1
802,654,1
803,653,1
804,653,1
805,653,1
806,653,1
807,653,1
808,653,1
809,653,1
810,652,1
811,652,1
812,652,1
813,652,1
814,652,1
815,652,1
816,652,1
817,652,1
818,652,1
819,651,1
820,651,1
821,651,1
822,651,1
823,651,1
824,651,1
825,651,1
826,651,1
827,651,1
828,651,1
829,651,1
830,651,1
831,651,1
832,651,1
833,651,1
834,651,1
835,650,1
836,650,1
837,650,1
838,650,1
839,650,1
840,650,1
841,650,1
842,650,1
843,650,1
844,650,1
845,650,1
846,650,1
847,651,1
848,651,1
849,651,1
850,651,1
851,651,1
852,651,1
853,651,1
854,651,1
855,651,1
856,651,1
857,651,1
858,651,1
859,651,1
860,652,1
861,652,1
862,652,1
863,652,1
864,652,1
865,653,1
866,653,1
867,653,1
868,653,1
869,653,1
870,654,1
871,654,1
872,654,1
873,655,1
874,655,1
875,655,1
876,656,1
877,656,1
878,656,1
879,657,1
880,657,1
881,657,1
882,658,1
883,659,1
884,659,1
885,659,1
886,660,1
887,660,1
888,661,1
889,662,1
890,662,1
891,663,1
892,663,1
892,664,1
893,664,1
894,665,1
895,665,1
895,666,1
896,666,1
897,667,1
897,668,1
898,668,1
899,669,1
900,670,1
901,671,1
902,672,1
903,673,1
904,674,1
904,675,1
905,676,1
906,676,1
906,677,1
907,678,1
907,679,1
908,679,1
908,680,1
908,681,1
909,682,1
909,683,1
910,683,1
910,684,1
910,685,1
911,686,1
911,687,1
912,688,1
912,689,1
912,690,1
913,691,1
913,692,1
913,693,1
913,694,1
914,695,1
914,696,1
914,697,1
914,698,1
914,699,1
914,700,1
914,701,1
914,702,1
915,703,1
915,704,1
915,705,1
915,706,1
915,707,1
915,708,1
915,709,1
915,710,1
915,711,1
914,712,1
914,713,1
914,714,1
914,715,1
914,716,1
914,717,1
914,718,1
914,719,1
913,719,1
913,720,1
913,721,1
913,722,1
913,723,1
912,724,1
912,725,1
912,726,1
912,727,1
911,728,1
911,729,1
911,730,1
911,731,1
910,732,1
910,733,1
909,734,1
909,735,1
908,736,1
908,737,1
908,738,1
907,739,1
907,740,1
906,741,1
906,742,1
905,743,1
905,744,1
905,745,1
904,746,1
904,747,1
903,748,1
903,749,1
902,750,1
902,751,1
901,752,1
900,753,1
900,754,1
899,755,1
899,756,1
898,756,1
897,757,1
897,758,1
896,759,1
895,760,1
894,761,1
893,762,1
892,763,1
891,764,1
890,764,1
889,765,1
888,765,1
887,766,1
866,751,0
821,740,1
822,740,1
823,741,1
824,741,1
825,741,1
826,742,1
827,742,1
828,743,1
829,743,1
830,744,1
831,744,1
832,745,1
833,745,1
834,746,1
835,747,1
836,748,1
836,749,1
837,750,1
837,751,1
837,752,1
838,753,1
838,754,1
838,755,1
838,756,1
838,757,1
837,758,1
838,758,1
838,759,1
838,760,1
838,761,1
838,762,1
839,763,1
839,764,1
839,765,1
839,766,1
839,767,1
838,768,1
838,769,1
838,770,1
838,771,1
838,772,1
837,772,1
837,773,1
837,774,1
837,775,1
836,775,1
836,776,1
835,777,1
835,778,1
834,779,1
834,780,1
833,780,1
833,781,1
832,782,1
831,782,1
831,783,1
830,784,1
829,785,1
828,786,1
827,787,1
826,788,1
825,789,1
824,789,1
824,790,1
823,791,1
822,791,1
822,792,1
821,792,1
820,793,1
819,794,1
818,795,1
817,795,1
817,796,1
816,796,1
815,797,1
814,797,1
813,798,1
812,799,1
811,799,1
810,800,1
809,800,1
808,801,1
807,801,1
807,802,1
806,802,1
805,802,1
804,803,1
803,803,1
802,804,1
801,804,1
800,805,1
799,805,1
798,806,1
797,806,1
796,807,1
795,807,1
794,808,1
793,808,1
792,808,1
791,809,1
790,809,1
789,810,1
788,810,1
787,810,1
786,811,1
785,811,1
784,811,1
783,812,1
782,812,1
781,812,1
780,813,1
779,813,1
778,813,1
777,814,1
776,814,1
775,814,1
774,815,1
773,815,1
772,815,1
771,816,1
770,816,1
769,817,1
768,817,1
767,817,1
766,818,1
765,818,1
764,818,1
763,818,1
762,819,1
761,819,1
760,819,1
759,820,1
758,820,1
757,820,1
756,820,1
755,821,1
754,821,1
753,821,1
752,822,1
751,822,1
750,822,1
749,822,1
748,823,1
747,823,1
746,823,1
745,824,1
744,824,1
743,824,1
742,825,1
741,825,1
740,825,1
739,825,1
738,826,1
737,826,1
736,826,1
735,826,1
734,827,1
733,827,1
732,827,1
731,827,1
730,828,1
729,828,1
728,828,1
727,828,1
726,828,1
725,829,1
724,829,1
723,829,1
722,829,1
721,830,1
720,830,1
719,830,1
718,830,1
717,830,1
716,831,1
715,831,1
714,831,1
713,831,1
712,832,1
711,832,1
710,832,1
709,832,1
708,832,1
707,833,1
706,833,1
705,833,1
704,833,1
703,833,1
702,833,1
701,834,1
700,834,1
699,834,1
698,834,1
697,834,1
696,835,1
695,835,1
694,835,1
693,835,1
692,835,1
691,835,1
690,835,1
689,836,1
688,836,1
687,836,1
686,836,1
685,836,1
684,836,1
683,837,1
682,837,1
681,837,1
680,837,1
679,837,1
678,837,1
677,837,1
676,837,1
675,837,1
674,837,1
673,837,1
672,837,1
671,837,1
670,837,1
669,837,1
668,837,1
667,837,1
666,837,1
665,837,1
664,837,1
663,837,1
662,837,1
661,837,1
660,837,1
659,837,1
658,837,1
657,837,1
656,837,1
655,837,1
654,836,1
653,836,1
652,836,1
651,836,1
650,836,1
649,836,1
648,835,1
647,835,1
646,835,1
645,835,1
644,835,1
643,834,1
642,834,1
641,834,1
640,833,1
639,833,1
638,833,1
638,832,1
637,832,1
636,832,1
635,831,1
634,831,1
634,830,1
633,830,1
632,829,1
631,829,1
631,828,1
630,828,1
630,827,1
629,826,1
628,825,1
627,824,1
627,823,1
627,822,1
626,822,1
626,821,1
626,820,1
625,819,1
624,818,1
624,817,1
623,816,1
623,815,1
623,814,1
622,814,1
622,813,1
622,812,1
622,811,1
623,810,1
623,809,1
624,808,1
624,807,1
625,806,1
625,805,1
626,804,1
627,803,1
628,802,1
629,801,1
630,800,1
631,799,1
632,798,1
632,797,1
633,796,1
823,735,0
1021,647,1
1021,648,1
1021,649,1
1021,650,1
1022,651,1
1022,652,1
1022,653,1
1022,654,1
1023,655,1
1023,656,1
1023,657,1
1023,658,1
1023,659,1
1024,660,1
1024,661,1
1024,662,1
1024,663,1
1024,664,1
1024,665,1
1024,666,1
1024,667,1
1024,668,1
1024,669,1
1025,669,1
1025,670,1
1025,671,1
1026,671,1
1026,672,1
1026,673,1
1027,673,1
1027,674,1
1028,674,1
1028,675,1
1029,675,1
1030,675,1
1031,674,1
1032,673,1
1033,672,1
1033,671,1
1034,671,1
1034,670,1
1035,669,1
1036,668,1
1036,667,1
1037,666,1
1037,665,1
1038,664,1
1039,663,1
1039,662,1
1040,661,1
1040,660,1
1041,660,1
1041,659,1
1042,658,1
1042,657,1
1043,656,1
1043,655,1
1044,654,1
1044,653,1
1045,652,1
1046,652,1
1046,651,1
1047,650,1
1047,649,1
1048,648,1
1048,647,1
1049,646,1
1050,646,1
1050,645,1
1051,644,1
1051,643,1
1052,642,1
1053,641,1
1054,640,1
1055,639,1
1055,638,1
1056,637,1
1057,636,1
1058,635,1
1059,634,1
1060,633,1
1061,632,1
1062,631,1
1062,630,1
1063,630,1
1064,629,1
1065,628,1
1066,628,1
1066,627,1
1067,626,1
1068,626,1
1069,625,1
1069,624,1
1070,624,1
1071,623,1
1072,623,1
1073,622,1
1074,621,1
1075,620,1
1076,620,1
1077,619,1
1078,619,1
1079,618,1
1080,618,1
1080,617,1
1081,617,1
1082,616,1
1083,616,1
1084,616,1
1085,615,1
1086,615,1
1087,615,1
1087,614,1
1088,614,1
1089,614,1
1090,614,1
1091,613,1
1092,613,1
1093,613,1
1094,613,1
1095,612,1
1096,612,1
1097,612,1
1098,612,1
1099,612,1
1100,612,1
1101,612,1
1102,612,1
1103,612,1
1104,612,1
1105,612,1
1106,612,1
1107,612,1
1107,613,1
1108,613,1
1109,613,1
1110,613,1
1111,613,1
1112,614,1
1113,614,1
1114,614,1
1115,615,1
1116,615,1
1117,615,1
1117,616,1
1118,616,1
1119,616,1
1120,617,1
1121,617,1
1121,618,1
1122,618,1
1123,619,1
1124,619,1
1124,620,1
1125,620,1
1126,621,1
1127,621,1
1127,622,1
1128,622,1
1129,623,1
1130,624,1
1131,625,1
1132,626,1
1133,627,1
1134,628,1
1135,629,1
1136,630,1
1136,631,1
1137,631,1
1138,632,1
1138,633,1
1139,634,1
1140,635,1
1141,636,1
1141,637,1
1142,637,1
1142,638,1
1143,639,1
1143,640,1
1144,640,1
1144,641,1
1145,642,1
1145,643,1
1146,644,1
1146,645,1
1147,645,1
1147,646,1
1147,647,1
1148,648,1
1148,649,1
1149,649,1
1149,650,1
1150,651,1
1150,652,1
1150,653,1
1151,654,1
1151,655,1
1152,655,1
1152,656,1
1152,657,1
1153,658,1
1153,659,1
1154,660,1
1154,661,1
1155,662,1
1155,663,1
1155,664,1
1156,665,1
1156,666,1
1157,667,1
1157,668,1
1157,669,1
1158,669,1
1158,670,1
1158,671,1
1159,672,1
1159,673,1
1160,674,1
1160,675,1
1161,676,1
1161,677,1
1162,678,1
1162,679,1
1163,679,1
1163,680,1
1163,681,1
1164,682,1
1164,683,1
1165,683,1
1165,684,1
1166,685,1
1166,686,1
1167,686,1
1167,687,1
1168,688,1
1168,689,1
1169,689,1
1169,690,1
1170,690,1
1170,691,1
1171,691,1
1171,692,1
1172,692,1
1173,692,1
1173,693,1
1174,693,1
1175,693,1
1176,694,1
1177,694,1
1178,694,1
1178,693,1
1179,693,1
1180,693,1
1181,693,1
1182,693,1
1183,693,1
1184,692,1
1185,692,1
1185,691,1
1186,690,1
1187,689,1
1187,688,1
1187,687,1
1188,686,1
1188,685,1
1189,684,1
1189,683,1
1189,682,1
1190,682,1
1190,681,1
1190,680,1
1191,679,1
1191,678,1
1192,677,1
1192,676,1
1193,675,1
1193,674,1
1215,666,0
1242,630,1
1242,631,1
1242,632,1
1242,633,1
1242,634,1
1242,635,1
1243,636,1
1243,637,1
1243,638,1
1243,639,1
1243,640,1
1243,641,1
1243,642,1
1243,643,1
1243,644,1
1243,645,1
1243,646,1
1244,647,1
1244,648,1
1244,649,1
1244,650,1
1244,651,1
1244,652,1
1244,653,1
1244,654,1
1244,655,1
1244,656,1
1244,657,1
1244,658,1
1244,659,1
1244,660,1
1244,661,1
1244,662,1
1244,663,1
1244,664,1
1244,665,1
1244,666,1
1244,667,1
1244,668,1
1244,669,1
1244,670,1
1244,671,1
1244,672,1
1244,673,1
1244,674,1
1244,675,1
1244,676,1
1244,677,1
1244,678,1
1244,679,1
1244,680,1
1244,681,1
1244,682,1
1244,683,1
1243,684,1
1243,685,1
1243,686,1
1243,687,1
1243,688,1
1243,689,1
1243,690,1
1243,691,1
1243,692,1
1243,693,1
1243,694,1
1242,695,1
1242,696,1
1242,697,1
1242,698,1
1242,699,1
1242,700,1
1316,641,0
1388,581,1
1388,582,1
1388,583,1
1388,584,1
1388,585,1
1389,586,1
1389,587,1
1389,588,1
1389,589,1
1389,590,1
1389,591,1
1390,592,1
1390,593,1
1389,594,1
1389,595,1
1389,596,1
1389,597,1
1389,598,1
1388,599,1
1388,600,1
1388,601,1
1387,601,1
1387,602,1
1386,603,1
1386,604,1
1385,605,1
1384,606,1
1384,607,1
1383,608,1
1382,609,1
1382,610,1
1382,611,1
1381,612,1
1381,613,1
1380,613,1
1380,614,1
1379,615,1
1379,616,1
1378,617,1
1377,618,1
1377,619,1
1376,620,1
1375,621,1
1374,622,1
1374,623,1
1373,623,1
1372,624,1
1372,625,1
1371,626,1
1370,626,1
1370,627,1
1369,628,1
1368,628,1
1368,629,1
1367,630,1
1366,630,1
1365,631,1
1365,632,1
1364,632,1
1363,633,1
1363,634,1
1362,634,1
1361,635,1
1361,636,1
1360,636,1
1359,637,1
1359,638,1
1358,638,1
1357,639,1
1357,640,1
1356,640,1
1355,641,1
1354,642,1
1353,643,1
1352,644,1
1351,645,1
1350,646,1
1349,647,1
1348,648,1
1348,649,1
1347,649,1
1346,650,1
1345,651,1
1345,652,1
1344,652,1
1344,653,1
1343,654,1
1343,655,1
1342,656,1
1341,657,1
1341,658,1
1341,659,1
1341,660,1
1340,660,1
1340,661,1
1340,662,1
1340,663,1
1340,664,1
1340,665,1
1340,666,1
1340,667,1
1340,668,1
1340,669,1
1341,669,1
1341,670,1
1341,671,1
1342,671,1
1342,672,1
1343,673,1
1343,674,1
1344,674,1
1344,675,1
1345,675,1
1345,676,1
1346,676,1
1347,676,1
1347,677,1
1348,677,1
1348,678,1
1349,678,1
1350,679,1
1351,679,1
1352,680,1
1353,680,1
1354,680,1
1354,681,1
1355,681,1
1356,681,1
1357,682,1
1358,682,1
1359,682,1
1360,683,1
1361,683,1
1362,683,1
1363,684,1
1364,684,1
1365,684,1
1366,684,1
1367,684,1
1368,685,1
1369,685,1
1370,685,1
1371,685,1
1372,685,1
1373,685,1
1373,686,1
1374,686,1
1375,686,1
1376,686,1
1377,686,1
1378,686,1
1379,686,1
1380,687,1
1381,687,1
1382,687,1
1383,687,1
1384,687,1
1385,687,1
1386,687,1
1387,688,1
1388,688,1
1389,688,1
1390,688,1
1391,688,1
1392,688,1
1393,688,1
1394,688,1
1395,689,1
1396,689,1
1397,689,1
1398,689,1
1399,689,1
1400,689,1
1401,689,1
1402,689,1
1403,690,1
1404,690,1
1405,690,1
1406,690,1
1407,690,1
1408,690,1
1409,690,1
1410,691,1
1411,691,1
1412,691,1
1413,691,1
1414,691,1
1415,691,1
1416,691,1
1417,691,1
1418,691,1
1419,692,1
1420,692,1
1421,692,1
1422,692,1
1423,692,1
1424,692,1
1425,692,1
1426,692,1
1427,693,1
1428,693,1
1429,693,1
1430,693,1
1431,693,1
1432,693,1
1433,693,1
1434,693,1
1435,694,1
1436,694,1
1437,694,1
1438,694,1
1439,694,1
1440,694,1
1441,694,1
1442,694,1
1443,694,1
1444,695,1
1445,695,1
1446,695,1
1447,695,1
1448,695,1
1449,695,1
1450,695,1
1451,695,1
1452,695,1
1453,696,1
1454,696,1
1455,696,1
1456,696,1
1457,696,1
1458,696,1
1459,696,1
1460,696,1
1461,696,1
1462,696,1
1463,697,1
1464,697,1
1465,697,1
1466,697,1
1467,697,1
1468,697,1
1469,697,1
1470,697,1
1471,697,1
1472,698,1
1473,698,1
1474,698,1
1475,698,1
1476,698,1
1477,698,1
1478,698,1
1479,698,1
1480,698,1
1481,698,1
1482,698,1
1483,699,1
1484,699,1
1485,699,1
1486,699,1
1487,699,1
1488,699,1
1489,699,1
1490,699,1
1491,699,1
1492,699,1
1493,700,1
1494,700,1
1495,700,1
1496,700,1
1497,700,1
1498,700,1
1499,700,1
1500,700,1
1501,700,1
1502,700,1
1503,700,1
1504,700,1
1505,701,1
1506,701,1
1507,701,1
1508,701,1
1509,701,1
1510,701,1
1511,701,1
1512,701,1
1513,701,1
1514,701,1
1515,701,1
1516,701,1
1517,701,1
1518,701,1
1519,701,1
1520,701,1
1521,701,1
1522,701,1
1523,701,1
1524,701,1
1525,701,1
1526,701,1
1527,701,1
1528,701,1
1529,701,1
1530,700,1
1531,700,1
1532,700,1
1533,700,1
1534,700,1
1535,700,1
1535,699,1
1536,699,1
1537,699,1
1537,698,1
1538,698,1
1539,698,1
1539,697,1
1540,697,1
1540,696,1
1541,695,1
1541,694,1
1541,693,1
1541,692,1
1540,691,1
1540,690,1
1539,690,1
1539,689,1
1538,689,1
1538,688,1
1537,688,1
1537,687,1
1536,687,1
1536,686,1
1535,686,1
1534,685,1
1533,685,1
1533,684,1
1532,684,1
1531,684,1
1530,683,1
1529,683,1
1529,682,1
1528,682,1
1527,682,1
1526,681,1
1525,681,1
1524,681,1
1523,680,1
1522,680,1
1521,679,1
1520,679,1
1519,679,1
1518,678,1
1517,678,1
1516,678,1
1515,677,1
1514,677,1
1513,677,1
1512,677,1
1511,676,1
1510,676,1
1509,675,1
1508,675,1
1507,675,1
1506,675,1
1505,674,1
1504,674,1
1503,674,1
1502,674,1
1501,674,1
1500,673,1
1499,673,1
1498,673,1
1497,672,1
1496,672,1
1495,672,1
1494,672,1
1493,672,1
1492,671,1
1491,671,1
1490,671,1
1489,671,1
1488,670,1
1487,670,1
1486,670,1
1485,670,1
1484,670,1
1483,669,1
1482,669,1
1481,669,1
1480,669,1
1479,668,1
1478,668,1
1477,668,1
1476,668,1
1475,667,1
1474,667,1
1473,667,1
1472,667,1
1471,667,1
1470,666,1
1469,666,1
1468,666,1
1467,666,1
1466,666,1
1465,665,1
1464,665,1
1463,665,1
1462,665,1
1461,665,1
1460,664,1
1459,664,1
1458,664,1
1457,664,1
1456,664,1
1455,663,1
1454,663,1
1453,663,1
1452,663,1
1451,663,1
1450,662,1
1449,662,1
1448,662,1
1447,662,1
1446,662,1
1445,661,1
1444,661,1
1443,661,1
1442,661,1
1441,661,1
1440,660,1
1439,660,1
1438,660,1
1437,660,1
1436,660,1
1435,659,1
1434,659,1
1433,659,1
1432,659,1
1431,659,1
1430,658,1
1429,658,1
1428,658,1
1427,658,1
1426,658,1
1425,658,1
1424,657,1
1423,657,1
1422,657,1
1421,657,1
1420,656,1
1419,656,1
1418,656,1
1417,655,1
1416,655,1
1415,655,1
1414,655,1
1413,654,1
1412,654,1
1109,613,0
777,568,1
778,568,1
779,568,1
780,568,1
781,568,1
782,568,1
783,568,1
784,568,1
785,568,1
786,568,1
787,568,1
788,567,1
789,567,1
790,567,1
791,567,1
792,567,1
793,567,1
794,567,1
795,567,1
796,567,1
797,567,1
798,567,1
799,567,1
800,566,1
801,566,1
802,566,1
803,566,1
804,566,1
805,566,1
806,566,1
807,566,1
808,566,1
809,565,1
810,565,1
811,565,1
812,565,1
813,565,1
814,565,1
815,565,1
816,565,1
817,565,1
818,565,1
819,564,1
820,564,1
821,564,1
822,564,1
823,564,1
824,564,1
825,564,1
826,564,1
827,564,1
828,563,1
829,563,1
830,563,1
831,563,1
832,563,1
833,563,1
834,563,1
835,563,1
836,563,1
837,563,1
838,562,1
839,562,1
840,562,1
841,562,1
842,562,1
843,562,1
844,562,1
845,562,1
846,562,1
847,562,1
848,562,1
849,561,1
850,561,1
851,561,1
852,561,1
853,561,1
854,561,1
855,561,1
856,561,1
857,561,1
858,561,1
859,560,1
860,560,1
861,560,1
862,560,1
863,560,1
864,560,1
865,560,1
866,560,1
867,560,1
868,560,1
869,560,1
870,559,1
871,559,1
872,559,1
873,559,1
874,559,1
875,559,1
876,559,1
877,559,1
878,559,1
879,559,1
880,559,1
881,558,1
882,558,1
883,558,1
884,558,1
885,558,1
886,558,1
887,558,1
888,558,1
889,558,1
890,558,1
891,558,1
892,557,1
893,557,1
894,557,1
895,557,1
896,557,1
897,557,1
898,557,1
899,557,1
900,556,1
901,556,1
902,556,1
903,556,1
904,556,1
905,556,1
906,556,1
907,556,1
908,556,1
909,556,1
910,556,1
911,556,1
912,555,1
913,555,1
914,555,1
915,555,1
916,555,1
917,555,1
918,555,1
919,555,1
920,555,1
921,555,1
922,555,1
923,555,1
924,554,1
925,554,1
926,554,1
927,554,1
928,554,1
929,554,1
930,554,1
931,554,1
932,554,1
933,554,1
934,554,1
935,554,1
936,554,1
937,553,1
938,553,1
939,553,1
940,553,1
941,553,1
942,553,1
943,553,1
944,553,1
945,553,1
946,553,1
947,553,1
948,553,1
949,553,1
950,553,1
951,552,1
952,552,1
953,552,1
954,552,1
955,552,1
956,552,1
957,552,1
958,552,1
959,552,1
960,552,1
961,552,1
962,552,1
963,551,1
964,551,1
965,551,1
966,551,1
967,551,1
968,551,1
969,551,1
970,551,1
971,551,1
972,551,1
973,551,1
974,551,1
975,551,1
976,551,1
977,550,1
978,550,1
979,550,1
980,550,1
981,550,1
982,550,1
983,550,1
984,550,1
985,550,1
986,550,1
987,549,1
988,549,1
989,549,1
990,549,1
991,549,1
992,549,1
993,549,1
994,549,1
995,549,1
996,549,1
997,549,1
998,549,1
999,549,1
1000,549,1
1001,548,1
1002,548,1
1003,548,1
1004,548,1
1005,548,1
1006,548,1
1007,548,1
1008,548,1
1009,548,1
1010,548,1
1011,548,1
1012,548,1
1013,548,1
1014,547,1
1015,547,1
1016,547,1
1017,547,1
1018,547,1
1019,547,1
1020,547,1
1021,547,1
1022,547,1
1023,547,1
1024,547,1
1025,547,1
1026,547,1
1027,547,1
1028,547,1
1029,547,1
1030,546,1
1031,546,1
1032,546,1
1033,546,1
1034,546,1
1035,546,1
1036,546,1
1037,546,1
1038,546,1
1039,546,1
1040,546,1
1041,546,1
1042,546,1
1043,546,1
1044,546,1
1045,545,1
1046,545,1
1047,545,1
1048,545,1
1049,545,1
1050,545,1
1051,545,1
1052,545,1
1053,545,1
1054,545,1
1055,545,1
1056,544,1
1057,544,1
1058,544,1
1059,544,1
1060,544,1
1061,544,1
1062,544,1
1063,544,1
1064,544,1
1065,544,1
1066,544,1
1067,544,1
1068,544,1
1069,543,1
1070,543,1
1071,543,1
1072,543,1
1073,543,1
1074,543,1
1075,543,1
1076,543,1
1077,543,1
1078,542,1
1079,542,1
1080,542,1
1081,542,1
1082,542,1
1083,542,1
1084,542,1
1085,542,1
1086,542,1
1087,542,1
1088,542,1
1089,542,1
1090,541,1
1091,541,1
1092,541,1
1093,541,1
1094,541,1
1095,541,1
1096,541,1
1097,541,1
1098,541,1
1099,541,1
1100,541,1
1101,541,1
1102,540,1
1103,540,1
1104,540,1
1105,540,1
1106,540,1
1107,540,1
1108,540,1
1109,540,1
1110,540,1
1111,540,1
1112,540,1
1113,540,1
1114,540,1
1115,539,1
1116,539,1
1117,539,1
1118,539,1
1119,539,1
1120,539,1
1121,539,1
1122,539,1
1123,539,1
1124,539,1
1125,539,1
1126,539,1
1127,538,1
1128,538,1
1129,538,1
1130,538,1
1131,538,1
1132,538,1
1133,538,1
1134,538,1
1135,538,1
1136,538,1
1137,538,1
1138,538,1
1139,537,1
1140,537,1
1141,537,1
1142,537,1
1143,537,1
1144,537,1
1145,537,1
1146,537,1
1147,537,1
1148,537,1
1149,537,1
1150,536,1
1151,536,1
1152,536,1
1153,536,1
1154,536,1
1155,536,1
1156,536,1
1157,536,1
1158,536,1
1159,536,1
1160,535,1
1161,535,1
1162,535,1
1163,535,1
1164,535,1
1165,535,1
1166,535,1
1167,535,1
1168,535,1
1169,535,1
1170,535,1
1171,534,1
1172,534,1
1173,534,1
1174,534,1
1175,534,1
1176,534,1
1177,534,1
1178,534,1
1179,534,1
1180,534,1
1181,534,1
1182,533,1
1183,533,1
1184,533,1
1185,533,1
1186,533,1
1187,533,1
1188,533,1
1189,533,1
1190,533,1
1191,533,1
1192,533,1
1193,532,1
1194,532,1
1195,532,1
1196,532,1
1197,532,1
1198,532,1
1199,532,1
1200,532,1
1201,532,1
1202,532,1
1203,532,1
1204,532,1
1205,531,1
1206,531,1
1207,531,1
1208,531,1
1209,531,1
1210,531,1
1211,531,1
1212,531,1
1213,531,1
1214,531,1
1215,531,1
1216,530,1
1217,530,1
1218,530,1
1219,530,1
1220,530,1
1221,530,1
1222,530,1
1223,530,1
1224,530,1
1225,530,1
1226,529,1
1227,529,1
1228,529,1
1229,529,1
1230,529,1
1231,529,1
1232,529,1
1233,529,1
1234,529,1
1235,528,1
1236,528,1
1237,528,1
1238,528,1
1239,528,1
1240,528,1
1241,528,1
1242,528,1
1243,528,1
1244,528,1
1245,528,1
1246,527,1
1247,527,1
1248,527,1
1249,527,1
1250,527,1
1251,527,1
1252,527,1
1253,527,1
1254,527,1
1255,527,1
1256,527,1
1257,526,1
1258,526,1
1259,526,1
1260,526,1
1261,526,1
1262,526,1
1263,526,1
1264,526,1
1265,526,1
1266,526,1
1267,525,1
1268,525,1
1269,525,1
1270,525,1
1271,525,1
1272,525,1
1273,525,1
1274,525,1
1275,525,1
1276,525,1
1277,525,1
1278,524,1
1279,524,1
1280,524,1
1281,524,1
1282,524,1
1283,524,1
1284,524,1
1285,524,1
1286,524,1
1287,524,1
1288,524,1
1289,523,1
1290,523,1
1291,523,1
1292,523,1
1293,523,1
1294,523,1
1295,523,1
1296,523,1
1297,523,1
1298,522,1
1299,522,1
1300,522,1
1301,522,1
1302,522,1
1303,522,1
1304,522,1
1305,522,1
1306,522,1
1307,522,1
1308,521,1
1309,521,1
1310,521,1
1311,521,1
1312,521,1
1313,521,1
1314,521,1
1315,521,1
1316,521,1
1317,520,1
1318,520,1
1319,520,1
1320,520,1
1321,520,1
1322,520,1
1323,520,1
1324,520,1
1325,520,1
1326,520,1
1327,520,1
1328,519,1
1329,519,1
1330,519,1
1331,519,1
1332,519,1
1333,519,1
1334,519,1
1335,519,1
1336,519,1
1337,519,1
1338,518,1
1339,518,1
1340,518,1
1341,518,1
1342,518,1
1343,518,1
1344,518,1
1345,518,1
1346,518,1
1347,518,1
1348,517,1
1349,517,1
1350,517,1
1351,517,1
1352,517,1
1353,517,1
1354,517,1
1355,517,1
1356,517,1
1357,517,1
1358,517,1
1359,516,1
1360,516,1
1361,516,1
1362,516,1
1363,516,1
1364,516,1
1365,516,1
1366,516,1
1367,516,1
1368,515,1
1369,515,1
1370,515,1
1371,515,1
1372,515,1
1373,515,1
1374,515,1
1375,515,1
1376,515,1
1377,515,1
1378,514,1
1379,514,1
1380,514,1
1381,514,1
1382,514,1
1383,514,1
1384,514,1
1385,514,1
1386,514,1
1387,513,1
1388,513,1
1389,513,1
1390,513,1
1391,513,1
1392,513,1
1393,513,1
1394,513,1
1395,513,1
1396,512,1
1397,512,1
1398,512,1
1399,512,1
1400,512,1
1401,512,1
1402,512,1
1403,512,1
1404,512,1
1405,512,1
1406,511,1
1407,511,1
1408,511,1
1409,511,1
1410,511,1
1411,511,1
1412,511,1
1413,511,1
1414,511,1
1415,511,1
1416,510,1
1417,510,1
1418,510,1
1419,510,1
1420,510,1
1421,510,1
1422,510,1
1423,510,1
1424,510,1
1425,510,1
1426,510,1
1427,509,1
1428,509,1
1429,509,1
1430,509,1
1431,509,1
1432,509,1
1433,509,1
1434,509,1
1435,508,1
1436,508,1
1437,508,1
1438,508,1
1439,508,1
1440,508,1
1441,508,1
1442,508,1
1443,508,1
1444,507,1
1445,507,1
1446,507,1
1447,507,1
1448,507,1
1449,507,1
1450,507,1
1451,507,1
1452,506,1
1453,506,1
1454,506,1
1455,506,1
1456,506,1
1457,506,1
1458,506,1
1459,506,1
1460,506,1
1461,506,1
1462,505,1
1463,505,1
1464,505,1
1465,505,1
1466,505,1
1467,505,1
1468,505,1
1469,505,1
1470,505,1
1471,505,1
1472,504,1
1473,504,1
1474,504,1
1475,504,1
1476,504,1
1477,504,1
1478,504,1
1479,504,1
1480,504,1
1481,503,1
1482,503,1
1483,503,1
1484,503,1
1485,503,1
1486,503,1
1487,503,1
1488,503,1
1489,503,1
1490,503,1
1491,502,1
1492,502,1
1493,502,1
1494,502,1
1495,502,1
1496,502,1
1497,502,1
1498,502,1
1499,501,1
1500,501,1
1501,501,1
1502,501,1
1503,501,1
1504,501,1
1505,501,1
1506,501,1
1507,501,1
1508,500,1
1509,500,1
1510,500,1
1511,500,1
1512,500,1
1513,500,1
1514,499,1
1515,499,1
1516,499,1
1517,499,1
1518,499,1
1519,499,1
1520,499,1
1521,499,1
1522,499,1
1523,498,1
1524,498,1
1525,498,1
1526,498,1
1527,498,1
1528,498,1
1529,498,1
1530,498,1
1531,497,1
1532,497,1
1533,497,1
1534,497,1
1535,497,1
1536,497,1
1537,497,1
1538,497,1
1539,497,1
1540,496,1
1541,496,1
1542,496,1
1543,496,1
1544,496,1
1545,496,1
1546,496,1
1547,496,1
1548,496,1
1549,495,1
1550,495,1
1551,495,1
1552,495,1
1553,495,1
1554,495,1
1555,495,1
1556,495,1
1557,494,1
1558,494,1
1559,494,1
1560,494,1
1561,494,1
1562,494,1
1563,494,1
1564,494,1
1565,494,1
1566,493,1
1567,493,1
1568,493,1
1569,493,1
1570,493,1
1571,493,1
1572,493,1
1573,493,1
1574,493,1
1575,492,1
1576,492,1
1577,492,1
1578,492,1
1579,492,1
1580,492,1
1581,492,1
1582,492,1
1583,491,1
1584,491,1
1585,491,1
1586,491,1
1587,491,1
1588,491,1
1589,491,1
1590,491,1
1591,491,1
1592,490,1
1593,490,1
1594,490,1
1595,490,1
1596,490,1
1597,490,1
1598,490,1
1599,490,1
1600,489,1
1601,489,1
1602,489,1
1603,489,1
1604,489,1
1605,489,1
1606,489,1
1607,489,1
1608,488,1
1609,488,1
1610,488,1
1611,488,1
1612,488,1
1613,488,1
1614,488,1
1615,488,1
1616,487,1
1617,487,1
1618,487,1
1619,487,1
1620,487,1
1621,487,1
1622,487,1
1623,486,1
1624,486,1
1625,486,1
1626,486,1
1627,486,1
1628,486,1
1629,486,1
1630,486,1
1631,485,1
1632,485,1
1633,485,1
1634,485,1
1635,485,1
1636,485,1
1637,485,1
1638,485,1
1639,484,1
1640,484,1
1641,484,1
1642,484,1
1643,484,1
1644,484,1
1645,484,1
1646,484,1
1647,483,1
1648,483,1
1649,483,1
1650,483,1
1651,483,1
1652,483,1
1653,482,1
1654,482,1
1655,482,1
1656,482,1
1657,482,1
1658,482,1
1659,482,1
1660,482,1
1661,481,1
1662,481,1
1663,481,1
1664,481,1
1665,481,1
1666,481,1
1667,481,1
1668,480,1
1669,480,1
1670,480,1
1671,480,1
1672,480,1
1673,480,1
1674,479,1
1675,479,1
1676,479,1
1677,479,1
1678,479,1
1679,479,1
1680,479,1
1681,478,1
1682,478,1
1683,478,1
1684,478,1
1685,478,1
1686,478,1
1687,478,1
1688,478,1
1689,477,1
1690,477,1
1691,477,1
1692,477,1
1693,477,1
1694,477,1
1695,476,1
1696,476,1
1697,476,1
1698,476,1
1699,476,1
1700,476,1
1701,475,1
1702,475,1
1703,475,1
1704,475,1
1705,475,1
1706,475,1
1707,475,1
1708,474,1
1709,474,1
1710,474,1
1711,474,1
1712,474,1
1713,474,1
1714,473,1
1715,473,1
1716,473,1
1717,473,1
1718,473,1
1719,473,1
1720,473,1
1721,472,1
1722,472,1
1723,472,1
1724,472,1
1725,472,1
1726,472,1
1727,472,1
1727,471,1
1728,471,1
1729,471,1
1730,471,1
1731,471,1
1732,471,1
1733,471,1
1734,471,1
1735,471,1
1736,470,1
1737,470,1
1738,470,1
1739,470,1
1740,470,1
1741,470,1
1741,469,1
1742,469,1
1743,469,1
1744,469,1
1745,469,1
1746,469,1
1747,469,1
1748,469,1
1747,469,1
1746,469,1
1745,470,1
1744,470,1
1743,470,1
1742,470,1
1742,470,0
