489,368,1
489,369,1
489,370,1
490,371,1
490,372,1
491,373,1
491,374,1
492,375,1
492,376,1
493,377,1
493,378,1
494,378,1
494,379,1
494,380,1
494,381,1
493,381,1
492,382,1
492,383,1
491,384,1
490,384,1
489,385,1
488,385,1
487,385,1
486,384,1
485,384,1
484,384,1
483,384,1
482,384,1
481,383,1
480,383,1
479,383,1
478,383,1
478,382,1
477,382,1
476,382,1
475,382,1
474,381,1
473,381,1
472,381,1
471,380,1
470,380,1
469,380,1
468,380,1
467,379,1
466,379,1
465,379,1
464,379,1
463,378,1
462,378,1
461,378,1
460,378,1
459,378,1
458,378,1
457,377,1
456,377,1
455,377,1
454,377,1
453,377,1
452,377,1
451,377,1
450,377,1
449,377,1
448,377,1
447,377,1
446,377,1
445,377,1
444,377,1
443,377,1
442,378,1
441,378,1
440,378,1
439,378,1
438,378,1
437,378,1
436,379,1
435,379,1
434,379,1
433,379,1
432,380,1
431,380,1
430,380,1
430,381,1
429,381,1
428,381,1
427,382,1
426,382,1
425,383,1
424,383,1
423,383,1
422,384,1
421,385,1
420,385,1
419,386,1
418,386,1
418,387,1
417,387,1
416,388,1
415,389,1
414,389,1
414,390,1
413,390,1
412,391,1
412,392,1
411,392,1
410,393,1
410,394,1
409,394,1
408,395,1
408,396,1
407,396,1
406,397,1
406,398,1
405,399,1
404,400,1
403,401,1
403,402,1
402,402,1
402,403,1
401,404,1
401,405,1
400,406,1
400,407,1
399,408,1
399,409,1
398,410,1
398,411,1
398,412,1
397,413,1
397,414,1
396,415,1
396,416,1
395,417,1
395,418,1
395,419,1
395,420,1
394,421,1
394,422,1
394,423,1
394,424,1
394,425,1
393,425,1
393,426,1
393,427,1
393,428,1
393,429,1
393,430,1
393,431,1
393,432,1
393,433,1
393,434,1
393,435,1
393,436,1
393,437,1
393,438,1
393,439,1
393,440,1
393,441,1
393,442,1
394,443,1
394,444,1
394,445,1
394,446,1
394,447,1
395,448,1
395,449,1
395,450,1
396,451,1
396,452,1
397,453,1
397,454,1
397,455,1
398,456,1
398,457,1
398,458,1
399,459,1
399,460,1
400,461,1
401,462,1
401,463,1
402,464,1
402,465,1
403,466,1
403,467,1
404,468,1
405,469,1
406,470,1
406,471,1
407,472,1
408,473,1
408,474,1
409,474,1
410,475,1
410,476,1
411,477,1
412,477,1
413,478,1
413,479,1
414,480,1
415,481,1
416,481,1
416,482,1
417,483,1
418,483,1
419,484,1
420,485,1
421,485,1
421,486,1
422,487,1
423,487,1
424,488,1
425,489,1
426,489,1
427,490,1
428,491,1
429,491,1
430,492,1
431,492,1
432,493,1
433,493,1
433,494,1
434,494,1
435,495,1
436,495,1
437,495,1
438,496,1
439,496,1
440,496,1
441,497,1
442,497,1
443,497,1
444,497,1
444,498,1
445,498,1
446,498,1
447,498,1
448,498,1
449,498,1
450,499,1
451,499,1
452,499,1
453,499,1
454,499,1
455,499,1
456,499,1
457,499,1
458,499,1
459,499,1
460,499,1
461,498,1
462,498,1
463,498,1
464,498,1
465,498,1
466,498,1
467,498,1
468,497,1
469,497,1
470,497,1
471,497,1
472,497,1
473,496,1
474,496,1
475,496,1
476,496,1
477,496,1
478,496,1
479,496,1
480,496,1
481,496,1
482,496,1
483,496,1
484,496,1
485,496,1
485,497,1
486,497,1
487,497,1
487,498,1
488,498,1
489,499,1
490,500,1
490,501,1
491,501,1
491,502,1
492,503,1
492,504,1
492,505,1
493,506,1
493,507,1
493,508,1
493,509,1
494,510,1
494,511,1
494,512,1
494,513,1
494,514,1
494,515,1
495,516,1
495,517,1
495,518,1
495,519,1
495,520,1
495,521,1
495,522,1
495,523,1
495,524,1
495,525,1
495,526,1
495,527,1
495,528,1
495,529,1
495,530,1
495,531,1
496,532,1
496,533,1
496,534,1
496,535,1
496,536,1
496,537,1
496,538,1
496,539,1
496,540,1
496,541,1
496,542,1
496,543,1
497,544,1
497,545,1
496,545,1
496,546,1
496,547,1
496,548,1
496,549,1
496,550,1
496,551,1
496,552,1
496,553,1
496,554,1
496,555,1
496,556,1
496,557,1
495,558,1
495,559,1
494,559,1
493,559,1
492,559,1
491,558,1
490,557,1
490,557,0
424,511,0
417,295,1
417,294,1
416,293,1
416,292,1
415,291,1
415,290,1
414,290,1
414,289,1
413,288,1
412,287,1
412,286,1
411,285,1
410,285,1
409,284,1
409,283,1
408,283,1
407,282,1
406,281,1
405,280,1
404,280,1
403,279,1
403,278,1
402,278,1
401,277,1
400,277,1
400,276,1
399,275,1
398,275,1
397,274,1
396,274,1
396,273,1
395,273,1
394,272,1
393,272,1
392,271,1
391,271,1
390,271,1
390,270,1
389,270,1
388,269,1
387,269,1
386,269,1
385,268,1
384,268,1
383,267,1
382,267,1
381,266,1
380,266,1
379,266,1
378,266,1
377,265,1
376,265,1
375,265,1
374,264,1
373,264,1
372,264,1
371,263,1
370,263,1
369,263,1
368,263,1
367,263,1
366,263,1
365,263,1
364,262,1
363,262,1
362,262,1
361,262,1
360,262,1
359,262,1
358,262,1
357,262,1
356,262,1
355,262,1
354,262,1
353,262,1
352,262,1
351,262,1
350,262,1
349,262,1
348,263,1
347,263,1
346,263,1
345,263,1
344,263,1
343,263,1
342,264,1
341,264,1
340,264,1
339,265,1
338,265,1
337,265,1
336,266,1
335,266,1
334,266,1
333,267,1
332,267,1
331,268,1
330,268,1
329,269,1
328,269,1
327,270,1
326,270,1
326,271,1
325,271,1
324,272,1
323,272,1
323,273,1
322,273,1
321,274,1
320,274,1
320,275,1
319,276,1
318,276,1
318,277,1
317,278,1
316,278,1
316,279,1
315,280,1
314,280,1
314,281,1
313,282,1
312,282,1
312,283,1
311,284,1
310,285,1
310,286,1
309,287,1
309,288,1
308,288,1
308,289,1
307,290,1
307,291,1
306,292,1
305,293,1
305,294,1
304,295,1
304,296,1
304,297,1
303,298,1
303,299,1
302,300,1
302,301,1
301,302,1
301,303,1
301,304,1
300,305,1
300,306,1
300,307,1
299,308,1
299,309,1
299,310,1
299,311,1
298,312,1
298,313,1
298,314,1
298,315,1
297,315,1
297,316,1
297,317,1
297,318,1
297,319,1
296,320,1
296,321,1
296,322,1
296,323,1
296,324,1
296,325,1
295,326,1
295,327,1
295,328,1
295,329,1
295,330,1
295,331,1
295,332,1
295,333,1
294,334,1
294,335,1
294,336,1
294,337,1
294,338,1
294,339,1
294,340,1
294,341,1
294,342,1
294,343,1
294,344,1
294,345,1
294,346,1
294,347,1
293,348,1
293,349,1
293,350,1
293,351,1
293,352,1
293,353,1
293,354,1
293,355,1
293,356,1
293,357,1
293,358,1
293,359,1
293,360,1
293,361,1
293,362,1
293,363,1
293,364,1
293,365,1
293,366,1
293,367,1
293,368,1
293,369,1
293,370,1
293,371,1
294,372,1
294,373,1
294,374,1
294,375,1
294,376,1
294,377,1
294,378,1
294,379,1
294,380,1
294,381,1
294,382,1
294,383,1
294,384,1
294,385,1
294,386,1
294,387,1
294,388,1
294,389,1
294,390,1
294,391,1
295,392,1
295,393,1
295,394,1
295,395,1
295,396,1
295,397,1
295,398,1
295,399,1
295,400,1
295,401,1
295,402,1
295,403,1
295,404,1
295,405,1
296,406,1
296,407,1
296,408,1
296,409,1
296,410,1
296,411,1
296,412,1
296,413,1
296,414,1
297,415,1
297,416,1
297,417,1
297,418,1
297,419,1
297,420,1
297,421,1
297,422,1
298,423,1
298,424,1
298,425,1
298,426,1
298,427,1
298,428,1
298,429,1
298,430,1
299,431,1
299,432,1
299,433,1
299,434,1
299,435,1
299,436,1
299,437,1
299,438,1
300,439,1
300,440,1
300,441,1
300,442,1
300,443,1
300,444,1
300,445,1
300,446,1
300,447,1
301,448,1
301,449,1
301,450,1
301,451,1
301,452,1
301,453,1
301,454,1
302,455,1
302,456,1
302,457,1
302,458,1
302,459,1
302,460,1
302,461,1
302,462,1
303,463,1
303,464,1
303,465,1
303,466,1
303,467,1
304,468,1
304,469,1
304,470,1
304,471,1
304,472,1
304,473,1
304,474,1
305,475,1
305,476,1
305,477,1
305,478,1
305,479,1
305,480,1
306,481,1
306,482,1
306,483,1
306,484,1
306,485,1
306,486,1
307,487,1
307,488,1
307,489,1
307,490,1
307,491,1
307,492,1
308,493,1
308,494,1
308,495,1
308,496,1
308,497,1
308,498,1
309,499,1
309,500,1
309,501,1
309,502,1
309,503,1
309,504,1
310,505,1
310,506,1
310,507,1
310,508,1
310,509,1
311,510,1
311,511,1
311,512,1
311,513,1
311,514,1
312,515,1
312,516,1
312,517,1
312,518,1
313,519,1
313,520,1
313,521,1
314,522,1
314,523,1
314,524,1
315,525,1
315,526,1
315,527,1
316,528,1
316,529,1
316,530,1
317,531,1
317,532,1
318,533,1
318,534,1
319,534,1
320,535,1
321,534,1
322,534,1
323,533,1
433,437,0
546,334,1
547,334,1
548,335,1
548,336,1
549,337,1
549,338,1
549,339,1
549,340,1
550,341,1
550,342,1
550,343,1
550,344,1
550,345,1
550,346,1
550,347,1
550,348,1
550,349,1
550,350,1
550,351,1
549,352,1
549,353,1
549,354,1
549,355,1
549,356,1
549,357,1
549,358,1
549,359,1
549,360,1
549,361,1
549,362,1
548,363,1
548,364,1
548,365,1
548,366,1
548,367,1
547,368,1
547,369,1
547,370,1
547,371,1
547,372,1
547,373,1
546,374,1
546,375,1
546,376,1
546,377,1
546,378,1
545,379,1
545,380,1
545,381,1
545,382,1
545,383,1
545,384,1
545,385,1
544,386,1
544,387,1
544,388,1
544,389,1
544,390,1
544,391,1
544,392,1
544,393,1
544,394,1
544,395,1
544,396,1
544,397,1
544,398,1
544,399,1
544,400,1
544,401,1
544,402,1
544,403,1
544,404,1
544,405,1
544,406,1
544,407,1
544,408,1
544,409,1
544,410,1
545,411,1
545,412,1
545,413,1
545,414,1
546,415,1
546,416,1
546,417,1
547,418,1
547,419,1
547,420,1
548,421,1
549,422,1
549,423,1
549,424,1
550,424,1
550,425,1
551,426,1
552,427,1
553,428,1
554,429,1
554,430,1
555,430,1
556,431,1
557,432,1
558,432,1
559,433,1
560,433,1
561,434,1
562,434,1
563,434,1
563,435,1
564,435,1
565,435,1
566,435,1
567,436,1
568,436,1
569,436,1
570,436,1
571,436,1
572,436,1
573,436,1
574,436,1
575,436,1
576,436,1
577,436,1
578,436,1
579,436,1
580,435,1
581,435,1
582,435,1
583,435,1
584,434,1
585,434,1
586,433,1
587,433,1
588,432,1
589,432,1
590,431,1
591,430,1
592,430,1
593,429,1
594,429,1
594,428,1
595,427,1
596,427,1
596,426,1
597,425,1
598,425,1
599,424,1
599,423,1
600,422,1
601,422,1
601,421,1
602,420,1
602,419,1
603,418,1
604,418,1
604,417,1
605,416,1
605,415,1
606,414,1
606,413,1
607,412,1
607,411,1
608,410,1
609,409,1
609,408,1
610,407,1
610,406,1
610,405,1
611,404,1
611,403,1
611,402,1
612,401,1
612,400,1
613,399,1
613,398,1
614,397,1
614,396,1
614,395,1
615,395,1
615,394,1
615,393,1
616,393,1
616,392,1
617,391,1
617,390,1
618,390,1
619,390,1
620,390,1
620,391,1
621,391,1
621,392,1
622,392,1
622,393,1
622,394,1
623,395,1
623,396,1
623,397,1
624,398,1
624,399,1
624,400,1
624,401,1
625,402,1
625,403,1
625,404,1
625,405,1
626,406,1
626,407,1
626,408,1
626,409,1
627,410,1
627,411,1
627,412,1
627,413,1
628,414,1
628,415,1
628,416,1
628,417,1
629,418,1
629,419,1
629,420,1
630,421,1
630,422,1
630,423,1
631,424,1
631,425,1
631,426,1
632,427,1
632,428,1
632,429,1
633,430,1
633,431,1
633,432,1
634,433,1
634,434,1
635,435,1
635,436,1
635,437,1
636,438,1
636,439,1
636,440,1
637,441,1
638,442,1
638,443,1
638,444,1
639,445,1
640,446,1
640,447,1
641,448,1
641,449,1
642,449,1
643,450,1
644,451,1
674,423,0
707,393,1
707,394,1
708,395,1
708,396,1
709,397,1
709,398,1
709,399,1
709,400,1
709,401,1
710,402,1
710,403,1
710,404,1
710,405,1
710,406,1
711,407,1
711,408,1
711,409,1
711,410,1
712,411,1
712,412,1
712,413,1
712,414,1
713,415,1
713,416,1
713,417,1
713,418,1
713,419,1
714,420,1
714,421,1
714,422,1
715,423,1
715,424,1
715,425,1
715,426,1
716,427,1
716,428,1
716,429,1
716,430,1
717,431,1
717,432,1
717,433,1
718,434,1
718,435,1
718,436,1
718,437,1
719,438,1
719,439,1
719,440,1
719,441,1
720,441,1
720,442,1
720,441,1
719,440,1
718,439,1
718,439,0
646,289,0
851,373,1
851,374,1
851,375,1
851,376,1
851,377,1
851,378,1
851,379,1
851,380,1
851,381,1
851,382,1
851,383,1
850,384,1
850,385,1
850,386,1
849,387,1
849,388,1
849,389,1
848,389,1
848,390,1
847,391,1
847,392,1
846,393,1
846,394,1
846,395,1
845,396,1
844,397,1
844,398,1
843,399,1
843,400,1
842,401,1
842,402,1
841,402,1
840,403,1
840,404,1
839,405,1
839,406,1
838,406,1
837,407,1
837,408,1
836,409,1
835,409,1
834,410,1
834,411,1
833,412,1
832,412,1
831,413,1
831,414,1
830,414,1
829,415,1
828,416,1
827,416,1
827,417,1
826,418,1
825,418,1
824,419,1
823,419,1
823,420,1
822,421,1
821,421,1
820,422,1
819,422,1
818,423,1
817,423,1
817,424,1
816,424,1
815,424,1
814,425,1
813,425,1
812,426,1
811,426,1
810,426,1
809,427,1
808,427,1
807,427,1
806,427,1
805,428,1
804,428,1
803,428,1
802,428,1
801,428,1
800,428,1
799,428,1
799,427,1
800,427,1
801,426,1
802,426,1
803,426,1
804,426,1
805,426,1
806,425,1
807,425,1
808,425,1
809,425,1
810,425,1
811,425,1
812,425,1
813,425,1
814,425,1
815,425,1
816,425,1
817,425,1
818,425,1
819,425,1
820,426,1
821,426,1
822,426,1
823,426,1
824,426,1
825,426,1
826,426,1
827,426,1
828,427,1
829,427,1
830,427,1
831,427,1
832,427,1
833,427,1
834,428,1
835,428,1
836,428,1
837,428,1
838,428,1
839,429,1
840,429,1
841,429,1
842,429,1
843,429,1
844,429,1
845,430,1
846,430,1
847,430,1
848,430,1
849,430,1
850,431,1
851,431,1
852,431,1
853,431,1
854,432,1
855,432,1
856,432,1
857,432,1
858,432,1
859,432,1
860,433,1
861,433,1
862,433,1
863,433,1
864,433,1
865,434,1
866,434,1
867,434,1
868,434,1
869,434,1
870,435,1
871,435,1
872,435,1
873,435,1
874,435,1
875,435,1
876,436,1
877,436,1
878,436,1
879,436,1
880,436,1
881,437,1
882,437,1
883,437,1
884,437,1
885,437,1
886,437,1
887,437,1
888,437,1
903,426,0
924,407,1
924,408,1
924,409,1
925,410,1
925,411,1
926,412,1
926,413,1
926,414,1
926,415,1
927,416,1
927,417,1
927,418,1
928,419,1
928,420,1
928,421,1
929,422,1
929,423,1
929,424,1
930,425,1
930,426,1
931,427,1
931,428,1
931,429,1
932,430,1
932,431,1
932,432,1
933,433,1
933,434,1
934,435,1
934,436,1
934,437,1
935,438,1
935,439,1
935,440,1
936,441,1
936,442,1
937,443,1
937,444,1
938,445,1
938,446,1
938,447,1
939,448,1
939,449,1
939,450,1
940,451,1
940,452,1
940,453,1
941,454,1
941,455,1
942,455,1
943,456,1
962,457,0
977,463,1
978,463,1
979,464,1
980,464,1
981,464,1
982,465,1
983,465,1
984,465,1
985,465,1
986,465,1
987,466,1
988,466,1
989,466,1
990,466,1
991,467,1
992,467,1
993,467,1
994,467,1
995,468,1
996,468,1
997,468,1
998,468,1
999,469,1
1000,469,1
1001,469,1
1002,469,1
1003,470,1
1004,470,1
1005,470,1
1006,470,1
1007,471,1
1008,471,1
1009,471,1
1010,472,1
1011,472,1
1012,472,1
1013,472,1
1014,473,1
1015,473,1
1016,473,1
1017,473,1
1018,474,1
1019,474,1
1020,474,1
1021,475,1
1022,475,1
1023,475,1
1024,475,1
1025,476,1
1026,476,1
1027,476,1
1028,477,1
1029,477,1
1030,477,1
1031,477,1
1032,478,1
1033,478,1
1034,478,1
1035,479,1
1036,479,1
1037,479,1
1038,480,1
1039,480,1
1040,480,1
1041,480,1
1042,481,1
1043,481,1
1044,481,1
1045,482,1
1046,482,1
1047,482,1
1048,482,1
1048,483,1
1049,483,1
1050,483,1
1051,483,1
1052,484,1
1053,484,1
1054,485,1
1055,485,1
1056,485,1
1057,485,1
1058,486,1
1059,486,1
1058,486,1
1057,485,1
1056,484,1
783,379,0
500,273,1
501,273,1
502,273,1
503,273,1
504,273,1
505,273,1
506,273,1
507,273,1
508,273,1
509,273,1
510,273,1
511,272,1
512,272,1
513,272,1
514,272,1
515,272,1
516,272,1
517,272,1
518,272,1
519,272,1
520,272,1
521,272,1
522,272,1
523,272,1
524,272,1
525,272,1
526,272,1
527,272,1
528,271,1
529,271,1
530,271,1
531,271,1
532,271,1
533,271,1
534,271,1
535,271,1
536,271,1
537,271,1
538,271,1
539,271,1
540,271,1
541,271,1
542,271,1
543,271,1
544,271,1
545,271,1
546,271,1
547,271,1
548,271,1
549,271,1
550,271,1
551,270,1
552,270,1
553,270,1
554,270,1
555,270,1
556,270,1
557,270,1
558,270,1
559,270,1
560,270,1
561,270,1
562,270,1
563,270,1
564,270,1
565,270,1
566,270,1
567,270,1
568,270,1
569,270,1
570,270,1
571,270,1
572,270,1
573,270,1
574,270,1
575,270,1
576,270,1
577,270,1
578,270,1
579,270,1
580,270,1
581,270,1
582,270,1
583,270,1
584,270,1
585,270,1
586,270,1
587,270,1
588,270,1
589,270,1
590,270,1
591,270,1
592,270,1
593,270,1
594,270,1
595,270,1
596,270,1
597,270,1
598,270,1
599,270,1
600,270,1
601,270,1
602,270,1
603,270,1
604,270,1
605,270,1
606,270,1
607,270,1
608,270,1
609,270,1
610,270,1
611,270,1
612,270,1
613,270,1
614,270,1
615,270,1
616,270,1
617,270,1
618,270,1
619,270,1
620,270,1
621,270,1
622,270,1
623,270,1
624,270,1
625,270,1
626,270,1
627,270,1
628,270,1
629,270,1
630,270,1
631,270,1
632,270,1
633,270,1
634,270,1
635,270,1
636,270,1
637,270,1
638,270,1
639,270,1
640,270,1
641,270,1
642,270,1
643,270,1
644,270,1
645,271,1
646,271,1
647,271,1
648,271,1
649,271,1
650,271,1
651,271,1
652,271,1
653,271,1
654,271,1
655,271,1
656,271,1
657,271,1
658,271,1
659,271,1
660,271,1
661,271,1
662,271,1
663,271,1
664,271,1
665,271,1
666,271,1
667,271,1
668,271,1
669,271,1
670,271,1
671,271,1
672,272,1
673,272,1
674,272,1
675,272,1
676,272,1
677,272,1
678,272,1
679,272,1
680,272,1
681,272,1
682,272,1
683,272,1
684,272,1
685,272,1
686,272,1
687,272,1
688,272,1
689,272,1
690,272,1
691,273,1
692,273,1
693,273,1
694,273,1
695,273,1
696,273,1
697,273,1
698,273,1
699,273,1
700,273,1
701,273,1
702,273,1
703,273,1
704,273,1
705,273,1
706,273,1
707,273,1
708,273,1
709,273,1
710,273,1
711,273,1
712,274,1
713,274,1
714,274,1
715,274,1
716,274,1
717,274,1
718,274,1
719,274,1
720,274,1
721,274,1
722,274,1
723,274,1
724,274,1
725,274,1
726,274,1
727,275,1
728,275,1
729,275,1
730,275,1
731,275,1
732,275,1
733,275,1
734,275,1
735,275,1
736,275,1
737,275,1
738,275,1
739,275,1
740,275,1
741,276,1
742,276,1
743,276,1
744,276,1
745,276,1
746,276,1
747,276,1
748,276,1
749,276,1
750,276,1
751,276,1
752,276,1
753,276,1
754,276,1
755,277,1
756,277,1
757,277,1
758,277,1
759,277,1
760,277,1
761,277,1
762,277,1
763,277,1
764,277,1
765,277,1
766,277,1
767,277,1
768,277,1
769,277,1
770,277,1
771,277,1
772,277,1
773,277,1
774,277,1
775,277,1
776,278,1
777,278,1
778,278,1
779,278,1
780,278,1
781,278,1
782,278,1
783,278,1
784,278,1
785,278,1
786,278,1
787,278,1
788,278,1
789,278,1
790,278,1
791,278,1
792,278,1
793,278,1
794,278,1
795,278,1
796,278,1
797,278,1
798,278,1
799,279,1
800,279,1
801,279,1
802,279,1
803,279,1
804,279,1
805,279,1
806,279,1
807,279,1
808,279,1
809,279,1
810,279,1
811,279,1
812,279,1
813,279,1
814,279,1
815,279,1
816,279,1
817,279,1
818,279,1
819,279,1
820,279,1
821,279,1
822,279,1
823,279,1
824,280,1
825,280,1
826,280,1
827,280,1
828,280,1
829,280,1
830,280,1
831,280,1
832,280,1
833,280,1
834,280,1
835,280,1
836,280,1
837,280,1
838,280,1
839,280,1
840,280,1
841,280,1
842,281,1
843,281,1
844,281,1
845,281,1
846,281,1
847,281,1
848,281,1
849,281,1
850,281,1
851,281,1
852,281,1
853,281,1
854,281,1
855,281,1
856,281,1
857,281,1
858,282,1
859,282,1
860,282,1
861,282,1
862,282,1
863,282,1
864,282,1
865,282,1
866,282,1
867,282,1
868,282,1
869,282,1
870,282,1
871,282,1
872,282,1
873,282,1
874,282,1
875,282,1
876,283,1
877,283,1
878,283,1
879,283,1
880,283,1
881,283,1
882,283,1
883,283,1
884,283,1
885,283,1
886,283,1
887,283,1
888,283,1
889,283,1
890,283,1
891,283,1
892,283,1
893,283,1
894,283,1
895,283,1
896,283,1
897,283,1
898,283,1
899,283,1
900,283,1
901,283,1
902,283,1
903,283,1
904,284,1
905,284,1
906,284,1
907,284,1
908,284,1
909,284,1
910,284,1
911,284,1
912,284,1
913,284,1
914,284,1
915,284,1
916,284,1
917,284,1
918,284,1
919,284,1
920,284,1
921,284,1
922,284,1
923,284,1
924,284,1
925,284,1
926,284,1
927,284,1
928,284,1
929,284,1
930,284,1
931,284,1
932,284,1
933,284,1
934,285,1
935,285,1
936,285,1
937,285,1
938,285,1
939,285,1
940,285,1
941,285,1
942,285,1
943,285,1
944,285,1
945,285,1
946,285,1
947,285,1
948,285,1
949,285,1
950,285,1
951,285,1
952,285,1
953,285,1
954,286,1
955,286,1
956,286,1
957,286,1
958,286,1
959,286,1
960,286,1
961,286,1
962,286,1
963,286,1
964,286,1
965,286,1
966,286,1
967,286,1
968,286,1
969,286,1
970,286,1
971,286,1
972,287,1
973,287,1
974,287,1
975,287,1
976,287,1
977,287,1
978,287,1
979,287,1
980,287,1
981,287,1
982,287,1
983,287,1
984,287,1
985,287,1
986,287,1
987,287,1
988,287,1
989,287,1
990,287,1
991,287,1
992,287,1
993,287,1
994,287,1
995,287,1
996,288,1
997,288,1
998,288,1
999,288,1
1000,288,1
1001,288,1
1002,288,1
1003,288,1
1004,288,1
1005,288,1
1006,288,1
1007,288,1
1008,288,1
1009,288,1
1010,288,1
1011,288,1
1012,288,1
1013,288,1
1014,288,1
1015,288,1
1016,288,1
1017,288,1
1018,288,1
1019,288,1
1020,288,1
1021,288,1
1022,288,1
1023,288,1
1024,288,1
1025,288,1
1026,288,1
1027,288,1
1028,288,1
1029,288,1
1030,288,1
1031,288,1
1030,287,1
1029,287,1
1029,287,0
