331,271,1
331,272,1
332,273,1
332,274,1
332,275,1
333,276,1
333,277,1
333,278,1
334,279,1
334,280,1
334,281,1
333,281,1
332,281,1
332,282,1
331,282,1
330,282,1
329,282,1
328,282,1
327,282,1
326,281,1
325,281,1
324,280,1
323,280,1
322,279,1
321,279,1
320,278,1
319,278,1
318,277,1
317,277,1
316,276,1
315,276,1
314,276,1
313,275,1
312,275,1
311,275,1
310,274,1
309,274,1
308,274,1
307,273,1
306,273,1
305,273,1
304,273,1
303,273,1
302,272,1
301,272,1
300,272,1
299,272,1
298,272,1
297,272,1
296,272,1
295,272,1
294,272,1
293,272,1
292,272,1
291,273,1
290,273,1
289,273,1
288,273,1
287,273,1
286,273,1
285,274,1
284,274,1
283,274,1
282,275,1
281,275,1
280,275,1
279,276,1
278,276,1
277,276,1
276,277,1
275,277,1
274,278,1
273,278,1
272,279,1
271,280,1
270,280,1
269,281,1
268,281,1
267,282,1
266,282,1
265,283,1
265,284,1
264,284,1
263,285,1
262,286,1
261,286,1
261,287,1
260,288,1
259,288,1
259,289,1
258,290,1
257,291,1
256,292,1
255,293,1
255,294,1
254,294,1
254,295,1
253,296,1
253,297,1
252,298,1
252,299,1
251,300,1
251,301,1
250,301,1
250,302,1
249,303,1
249,304,1
249,305,1
248,306,1
248,307,1
248,308,1
247,309,1
247,310,1
247,311,1
247,312,1
247,313,1
246,314,1
246,315,1
246,316,1
246,317,1
246,318,1
246,319,1
246,320,1
246,321,1
246,322,1
246,323,1
246,324,1
246,325,1
246,326,1
246,327,1
247,328,1
247,329,1
247,330,1
247,331,1
247,332,1
248,333,1
248,334,1
248,335,1
249,336,1
249,337,1
250,337,1
250,338,1
251,339,1
251,340,1
252,341,1
252,342,1
253,343,1
253,344,1
254,345,1
255,345,1
255,346,1
256,347,1
257,348,1
258,349,1
259,350,1
260,351,1
261,351,1
262,352,1
263,353,1
264,354,1
265,354,1
265,355,1
266,355,1
267,356,1
268,356,1
269,357,1
270,357,1
271,358,1
272,358,1
273,359,1
274,359,1
275,359,1
276,360,1
277,360,1
278,360,1
279,360,1
280,361,1
281,361,1
282,361,1
283,361,1
284,361,1
285,361,1
286,361,1
287,362,1
288,362,1
289,362,1
290,362,1
291,362,1
292,362,1
293,362,1
294,362,1
295,362,1
296,362,1
297,362,1
298,362,1
299,362,1
300,362,1
301,362,1
302,362,1
303,362,1
304,362,1
305,362,1
306,362,1
307,362,1
308,362,1
309,362,1
310,363,1
311,363,1
312,363,1
313,363,1
313,364,1
314,364,1
315,364,1
316,365,1
317,366,1
318,366,1
318,367,1
319,367,1
320,368,1
320,369,1
321,369,1
321,370,1
322,371,1
322,372,1
323,372,1
323,373,1
324,374,1
324,375,1
325,376,1
325,377,1
326,377,1
326,378,1
326,379,1
327,380,1
327,381,1
327,382,1
328,383,1
328,384,1
328,385,1
329,386,1
329,387,1
329,388,1
329,389,1
330,390,1
330,391,1
330,392,1
331,393,1
331,394,1
331,395,1
331,396,1
296,403,0
255,417,1
256,417,1
257,418,1
258,418,1
259,418,1
260,418,1
261,418,1
262,418,1
263,418,1
264,418,1
265,417,1
266,417,1
267,417,1
267,416,1
268,415,1
269,415,1
270,414,1
271,413,1
272,413,1
273,412,1
274,411,1
274,410,1
275,410,1
275,409,1
276,408,1
276,407,1
277,407,1
277,406,1
278,405,1
278,404,1
278,403,1
278,402,1
279,401,1
279,400,1
279,399,1
279,398,1
279,397,1
279,396,1
279,395,1
278,394,1
278,393,1
278,392,1
277,392,1
277,391,1
277,390,1
276,390,1
276,389,1
276,388,1
275,387,1
274,386,1
273,385,1
272,385,1
271,384,1
270,384,1
269,384,1
268,384,1
267,384,1
266,384,1
292,298,0
315,219,1
315,218,1
315,217,1
314,216,1
314,215,1
313,214,1
313,213,1
312,212,1
311,211,1
310,210,1
310,209,1
309,208,1
308,208,1
307,207,1
306,206,1
305,206,1
305,205,1
304,204,1
303,203,1
302,202,1
301,201,1
300,200,1
299,199,1
298,199,1
297,198,1
296,197,1
295,197,1
294,196,1
293,196,1
292,195,1
292,194,1
291,194,1
290,193,1
289,193,1
288,192,1
287,192,1
286,191,1
285,191,1
284,190,1
283,190,1
282,189,1
281,189,1
280,188,1
279,188,1
278,188,1
277,187,1
276,187,1
275,186,1
274,186,1
273,186,1
272,185,1
271,185,1
270,185,1
269,184,1
268,184,1
267,184,1
266,184,1
265,183,1
264,183,1
263,183,1
262,183,1
261,182,1
260,182,1
259,182,1
258,182,1
257,181,1
256,181,1
255,181,1
254,181,1
253,181,1
252,181,1
251,181,1
250,180,1
249,180,1
248,180,1
247,180,1
246,180,1
245,180,1
244,180,1
243,180,1
242,180,1
241,180,1
240,180,1
239,180,1
238,180,1
237,180,1
236,180,1
235,180,1
234,180,1
233,180,1
232,181,1
231,181,1
230,181,1
229,181,1
228,181,1
227,181,1
226,181,1
225,182,1
224,182,1
223,182,1
222,182,1
221,183,1
220,183,1
219,183,1
218,183,1
217,184,1
216,184,1
215,184,1
214,184,1
213,185,1
212,185,1
211,185,1
210,186,1
209,186,1
208,186,1
207,187,1
206,187,1
205,187,1
204,188,1
203,188,1
202,188,1
201,189,1
200,189,1
199,190,1
198,190,1
197,191,1
196,191,1
195,192,1
194,192,1
193,193,1
192,193,1
191,194,1
190,194,1
189,195,1
188,196,1
187,196,1
187,197,1
186,197,1
185,198,1
184,199,1
183,199,1
182,200,1
181,201,1
180,201,1
179,202,1
178,203,1
177,204,1
176,205,1
175,206,1
174,206,1
174,207,1
173,208,1
172,209,1
171,210,1
170,211,1
169,212,1
169,213,1
168,214,1
167,215,1
166,216,1
166,217,1
165,218,1
165,219,1
164,220,1
164,221,1
163,222,1
162,223,1
162,224,1
161,225,1
161,226,1
160,227,1
160,228,1
160,229,1
159,230,1
159,231,1
159,232,1
158,233,1
158,234,1
158,235,1
157,236,1
157,237,1
157,238,1
157,239,1
156,240,1
156,241,1
156,242,1
156,243,1
155,244,1
155,245,1
155,246,1
155,247,1
155,248,1
155,249,1
154,250,1
154,251,1
154,252,1
154,253,1
154,254,1
154,255,1
154,256,1
154,257,1
154,258,1
154,259,1
154,260,1
153,261,1
153,262,1
153,263,1
153,264,1
153,265,1
153,266,1
153,267,1
153,268,1
153,269,1
153,270,1
153,271,1
153,272,1
153,273,1
153,274,1
153,275,1
154,276,1
154,277,1
154,278,1
154,279,1
154,280,1
154,281,1
154,282,1
154,283,1
154,284,1
154,285,1
154,286,1
154,287,1
154,288,1
154,289,1
155,290,1
155,291,1
155,292,1
155,293,1
155,294,1
155,295,1
155,296,1
155,297,1
155,298,1
155,299,1
155,300,1
155,301,1
156,302,1
156,303,1
156,304,1
156,305,1
156,306,1
156,307,1
156,308,1
156,309,1
156,310,1
157,311,1
157,312,1
157,313,1
157,314,1
157,315,1
157,316,1
157,317,1
158,318,1
158,319,1
158,320,1
158,321,1
158,322,1
158,323,1
158,324,1
159,325,1
159,326,1
159,327,1
159,328,1
159,329,1
159,330,1
159,331,1
160,332,1
160,333,1
160,334,1
160,335,1
160,336,1
160,337,1
161,338,1
161,339,1
161,340,1
161,341,1
161,342,1
161,343,1
162,344,1
162,345,1
162,346,1
162,347,1
162,348,1
162,349,1
163,350,1
163,351,1
163,352,1
163,353,1
163,354,1
164,355,1
164,356,1
164,357,1
164,358,1
164,359,1
165,360,1
165,361,1
165,362,1
165,363,1
165,364,1
166,365,1
166,366,1
166,367,1
166,368,1
166,369,1
166,370,1
167,371,1
167,372,1
167,373,1
167,374,1
167,375,1
168,376,1
168,377,1
168,378,1
168,379,1
168,380,1
169,381,1
169,382,1
169,383,1
169,384,1
169,385,1
170,386,1
170,387,1
170,388,1
170,389,1
170,390,1
171,391,1
171,392,1
171,393,1
171,394,1
171,395,1
172,396,1
172,397,1
172,398,1
172,399,1
173,400,1
173,401,1
173,402,1
173,403,1
174,404,1
174,405,1
174,406,1
174,407,1
174,408,1
175,409,1
175,410,1
175,411,1
176,412,1
176,413,1
177,414,1
177,415,1
178,416,1
307,340,0
434,265,1
435,266,1
436,266,1
436,267,1
437,268,1
438,269,1
439,270,1
439,271,1
439,272,1
439,273,1
439,274,1
439,275,1
439,276,1
439,277,1
439,278,1
439,279,1
439,280,1
439,281,1
439,282,1
439,283,1
438,284,1
438,285,1
438,286,1
438,287,1
438,288,1
437,289,1
437,290,1
437,291,1
437,292,1
436,293,1
436,294,1
436,295,1
435,296,1
435,297,1
435,298,1
434,299,1
434,300,1
434,301,1
434,302,1
433,303,1
433,304,1
433,305,1
432,306,1
432,307,1
432,308,1
431,309,1
431,310,1
431,311,1
431,312,1
430,313,1
430,314,1
430,315,1
430,316,1
429,317,1
429,318,1
429,319,1
429,320,1
429,321,1
428,322,1
428,323,1
428,324,1
428,325,1
428,326,1
428,327,1
428,328,1
428,329,1
428,330,1
428,331,1
428,332,1
429,333,1
429,334,1
429,335,1
429,336,1
430,337,1
430,338,1
430,339,1
431,340,1
431,341,1
432,342,1
433,343,1
433,344,1
434,345,1
434,346,1
435,347,1
436,347,1
436,348,1
437,349,1
438,349,1
438,350,1
439,351,1
440,351,1
441,352,1
442,352,1
443,353,1
444,353,1
444,354,1
445,354,1
446,355,1
447,355,1
448,355,1
449,355,1
450,356,1
451,356,1
452,356,1
453,356,1
454,356,1
455,356,1
456,356,1
457,356,1
458,356,1
459,356,1
460,356,1
461,356,1
462,356,1
463,356,1
464,356,1
465,355,1
466,355,1
467,355,1
468,354,1
469,354,1
470,353,1
471,353,1
472,352,1
473,352,1
474,351,1
475,351,1
475,350,1
476,350,1
477,349,1
478,349,1
478,348,1
479,347,1
480,347,1
481,346,1
481,345,1
482,344,1
482,343,1
483,343,1
484,342,1
484,341,1
485,340,1
485,339,1
486,338,1
486,337,1
487,337,1
487,336,1
488,335,1
488,334,1
489,333,1
489,332,1
489,331,1
490,330,1
490,329,1
490,328,1
491,327,1
491,326,1
491,325,1
492,324,1
492,323,1
492,322,1
492,321,1
493,320,1
493,319,1
493,318,1
493,317,1
493,316,1
494,315,1
494,314,1
494,313,1
494,312,1
494,311,1
494,310,1
494,309,1
494,308,1
495,307,1
495,306,1
495,305,1
495,304,1
495,303,1
495,302,1
495,301,1
495,300,1
495,299,1
496,298,1
496,297,1
496,296,1
496,295,1
496,294,1
497,294,1
497,293,1
497,292,1
498,291,1
499,290,1
500,290,1
501,290,1
501,291,1
502,291,1
502,292,1
503,292,1
503,293,1
504,294,1
504,295,1
505,295,1
505,296,1
505,297,1
506,298,1
506,299,1
506,300,1
507,300,1
507,301,1
507,302,1
508,303,1
508,304,1
508,305,1
509,306,1
509,307,1
509,308,1
510,309,1
510,310,1
510,311,1
510,312,1
511,313,1
511,314,1
511,315,1
512,316,1
512,317,1
512,318,1
513,319,1
513,320,1
513,321,1
514,322,1
514,323,1
514,324,1
515,325,1
515,326,1
515,327,1
515,328,1
516,329,1
516,330,1
516,331,1
517,332,1
517,333,1
517,334,1
518,335,1
518,336,1
518,337,1
518,338,1
519,339,1
519,340,1
519,341,1
520,342,1
520,343,1
520,344,1
520,345,1
521,346,1
521,347,1
521,348,1
522,349,1
522,350,1
522,351,1
523,352,1
523,353,1
523,354,1
524,355,1
524,356,1
525,357,1
525,358,1
526,359,1
526,360,1
527,360,1
528,360,1
529,360,1
569,329,0
613,295,1
613,296,1
613,297,1
614,298,1
614,299,1
614,300,1
614,301,1
614,302,1
615,303,1
615,304,1
615,305,1
615,306,1
616,307,1
616,308,1
616,309,1
616,310,1
616,311,1
617,312,1
617,313,1
617,314,1
617,315,1
618,316,1
618,317,1
618,318,1
618,319,1
619,320,1
619,321,1
619,322,1
619,323,1
619,324,1
620,325,1
620,326,1
620,327,1
621,328,1
621,329,1
621,330,1
621,331,1
621,332,1
622,333,1
622,334,1
622,335,1
622,336,1
623,337,1
623,338,1
623,339,1
623,340,1
623,341,1
624,342,1
624,343,1
624,344,1
624,345,1
624,346,1
625,347,1
625,348,1
625,349,1
625,350,1
625,351,1
625,352,1
625,353,1
626,354,1
626,355,1
626,356,1
626,357,1
626,358,1
626,359,1
626,360,1
626,361,1
626,362,1
626,363,1
626,364,1
626,365,1
626,366,1
626,367,1
625,367,1
624,367,1
623,366,1
623,366,0
555,209,0
761,301,1
761,302,1
761,303,1
761,304,1
761,305,1
761,306,1
761,307,1
761,308,1
761,309,1
760,310,1
760,311,1
760,312,1
760,313,1
759,314,1
759,315,1
759,316,1
759,317,1
758,318,1
758,319,1
758,320,1
757,321,1
757,322,1
756,323,1
756,324,1
755,325,1
755,326,1
754,327,1
754,328,1
753,329,1
753,330,1
752,331,1
752,332,1
751,333,1
750,334,1
749,335,1
748,336,1
748,337,1
747,338,1
746,339,1
745,340,1
744,341,1
743,342,1
742,342,1
742,343,1
741,344,1
740,344,1
739,345,1
738,345,1
737,346,1
736,346,1
736,347,1
735,347,1
734,348,1
733,348,1
732,349,1
731,349,1
730,349,1
729,349,1
728,349,1
727,350,1
726,350,1
725,350,1
724,350,1
723,350,1
722,350,1
721,349,1
720,349,1
719,349,1
718,349,1
717,348,1
716,348,1
715,347,1
714,346,1
713,345,1
713,344,1
712,343,1
712,342,1
712,341,1
712,340,1
712,339,1
713,338,1
713,337,1
714,336,1
715,335,1
716,335,1
717,334,1
718,333,1
719,333,1
720,333,1
721,333,1
722,333,1
722,332,1
723,332,1
724,332,1
725,332,1
726,332,1
727,332,1
728,332,1
729,332,1
730,332,1
731,333,1
732,333,1
733,333,1
734,333,1
735,333,1
736,333,1
737,334,1
738,334,1
739,334,1
740,334,1
741,335,1
742,335,1
743,335,1
744,336,1
745,337,1
746,337,1
747,337,1
748,338,1
749,338,1
750,338,1
751,339,1
752,339,1
753,340,1
754,340,1
755,341,1
756,342,1
757,342,1
758,342,1
759,343,1
760,343,1
761,344,1
762,344,1
762,345,1
763,345,1
764,346,1
765,346,1
766,347,1
767,347,1
768,348,1
769,348,1
770,348,1
771,349,1
772,349,1
773,350,1
774,350,1
774,351,1
775,351,1
776,351,1
777,352,1
778,352,1
779,353,1
780,353,1
781,354,1
782,354,1
783,354,1
784,355,1
785,355,1
786,355,1
787,356,1
788,356,1
789,356,1
804,333,0
825,304,1
825,305,1
825,306,1
825,307,1
825,308,1
826,309,1
826,310,1
826,311,1
826,312,1
826,313,1
826,314,1
826,315,1
827,316,1
827,317,1
827,318,1
827,319,1
827,320,1
827,321,1
828,322,1
828,323,1
828,324,1
828,325,1
828,326,1
828,327,1
829,328,1
829,329,1
829,330,1
829,331,1
829,332,1
829,333,1
830,334,1
830,335,1
830,336,1
830,337,1
830,338,1
830,339,1
830,340,1
831,341,1
831,342,1
831,343,1
831,344,1
831,345,1
831,346,1
832,347,1
832,348,1
832,349,1
832,350,1
832,351,1
833,352,1
833,353,1
833,354,1
833,355,1
833,356,1
833,357,1
834,358,1
834,359,1
834,360,1
834,361,1
834,362,1
834,363,1
835,364,1
835,365,1
835,366,1
835,367,1
835,368,1
835,369,1
814,370,0
796,385,1
795,384,1
794,383,1
794,382,1
794,381,1
793,380,1
793,379,1
793,378,1
794,377,1
795,376,1
796,375,1
797,375,1
798,374,1
799,374,1
799,373,1
800,373,1
800,372,1
801,372,1
802,371,1
803,371,1
804,370,1
805,370,1
806,370,1
807,370,1
808,369,1
809,369,1
810,369,1
811,369,1
812,369,1
813,369,1
814,369,1
815,369,1
816,369,1
817,369,1
818,369,1
819,369,1
820,369,1
821,369,1
822,369,1
823,369,1
824,369,1
825,369,1
826,369,1
827,369,1
828,369,1
829,369,1
830,369,1
831,369,1
832,370,1
833,370,1
834,370,1
835,370,1
836,370,1
837,370,1
838,371,1
839,371,1
840,371,1
841,371,1
842,371,1
843,371,1
844,372,1
845,372,1
846,372,1
847,372,1
848,372,1
849,373,1
850,373,1
851,373,1
852,373,1
853,373,1
854,374,1
855,374,1
856,374,1
857,374,1
858,374,1
859,375,1
860,375,1
861,375,1
862,375,1
863,375,1
864,376,1
865,376,1
866,376,1
867,376,1
868,377,1
869,377,1
870,377,1
871,377,1
872,377,1
873,377,1
874,377,1
873,377,1
872,377,1
871,376,1
870,376,1
869,376,1
868,376,1
867,375,1
866,375,1
615,302,0
349,227,1
350,227,1
351,227,1
352,227,1
353,227,1
354,226,1
355,226,1
356,226,1
357,226,1
358,226,1
359,226,1
360,226,1
361,226,1
362,226,1
363,226,1
364,226,1
365,226,1
366,226,1
367,226,1
368,225,1
369,225,1
370,225,1
371,225,1
372,225,1
373,225,1
374,225,1
375,225,1
376,225,1
377,225,1
378,225,1
379,225,1
380,225,1
381,225,1
382,225,1
383,225,1
384,225,1
385,225,1
386,224,1
387,224,1
388,224,1
389,224,1
390,224,1
391,224,1
392,224,1
393,224,1
394,224,1
395,224,1
396,224,1
397,224,1
398,224,1
399,224,1
400,224,1
401,224,1
402,224,1
403,224,1
404,224,1
405,224,1
406,224,1
407,224,1
408,224,1
409,224,1
410,224,1
411,224,1
412,224,1
413,224,1
414,224,1
415,224,1
416,224,1
417,224,1
418,224,1
419,224,1
420,224,1
421,224,1
422,224,1
423,224,1
424,224,1
425,224,1
426,224,1
427,224,1
428,224,1
429,224,1
430,224,1
431,224,1
432,224,1
433,224,1
434,224,1
435,224,1
436,224,1
437,224,1
438,224,1
439,224,1
440,224,1
441,224,1
442,224,1
443,224,1
444,224,1
445,224,1
446,224,1
447,224,1
448,224,1
449,224,1
450,224,1
451,224,1
452,224,1
453,224,1
454,224,1
455,224,1
456,224,1
457,224,1
458,224,1
459,224,1
460,224,1
461,224,1
462,224,1
463,224,1
464,224,1
465,224,1
466,224,1
467,223,1
468,223,1
469,223,1
470,223,1
471,223,1
472,223,1
473,223,1
474,223,1
475,223,1
476,223,1
477,223,1
478,223,1
479,223,1
480,223,1
481,223,1
482,223,1
483,223,1
484,223,1
485,223,1
486,223,1
487,223,1
488,223,1
489,223,1
490,223,1
491,223,1
492,223,1
493,223,1
494,223,1
495,223,1
496,223,1
497,223,1
498,223,1
499,223,1
500,223,1
501,223,1
502,223,1
503,223,1
504,223,1
505,223,1
506,223,1
507,223,1
508,223,1
509,223,1
510,223,1
511,223,1
512,223,1
513,223,1
514,223,1
515,223,1
516,223,1
517,223,1
518,223,1
519,223,1
520,223,1
521,223,1
522,223,1
523,223,1
524,223,1
525,223,1
526,223,1
527,223,1
528,223,1
529,223,1
530,223,1
531,223,1
532,223,1
533,223,1
534,223,1
535,223,1
536,223,1
537,223,1
538,223,1
539,223,1
540,223,1
541,223,1
542,223,1
543,223,1
544,223,1
545,223,1
546,223,1
547,223,1
548,223,1
549,223,1
550,223,1
551,224,1
552,224,1
553,224,1
554,224,1
555,224,1
556,224,1
557,224,1
558,224,1
559,224,1
560,224,1
561,224,1
562,224,1
563,224,1
564,224,1
565,224,1
566,224,1
567,224,1
568,224,1
569,224,1
570,224,1
571,224,1
572,224,1
573,224,1
574,224,1
575,224,1
576,224,1
577,224,1
578,224,1
579,224,1
580,224,1
581,224,1
582,224,1
583,224,1
584,224,1
585,224,1
586,224,1
587,224,1
588,224,1
589,224,1
590,224,1
591,224,1
592,224,1
593,225,1
594,225,1
595,225,1
596,225,1
597,225,1
598,225,1
599,225,1
600,225,1
601,225,1
602,225,1
603,225,1
604,225,1
605,225,1
606,225,1
607,225,1
608,225,1
609,225,1
610,225,1
611,225,1
612,225,1
613,225,1
614,225,1
615,225,1
616,225,1
617,225,1
618,225,1
619,225,1
620,225,1
621,226,1
622,226,1
623,226,1
624,226,1
625,226,1
626,226,1
627,226,1
628,226,1
629,226,1
630,226,1
631,226,1
632,226,1
633,226,1
634,226,1
635,226,1
636,226,1
637,226,1
638,226,1
639,226,1
640,226,1
641,226,1
642,226,1
643,226,1
644,226,1
645,226,1
646,226,1
647,226,1
648,226,1
649,226,1
650,226,1
651,226,1
652,226,1
653,226,1
654,226,1
655,226,1
656,226,1
657,226,1
658,226,1
659,226,1
660,226,1
661,226,1
662,226,1
663,226,1
664,226,1
665,226,1
666,226,1
667,227,1
668,227,1
669,227,1
670,227,1
671,227,1
672,227,1
673,227,1
674,227,1
675,227,1
676,227,1
677,227,1
678,227,1
679,227,1
680,227,1
681,227,1
682,227,1
683,227,1
684,227,1
685,227,1
686,227,1
687,227,1
688,227,1
689,227,1
690,227,1
691,228,1
692,228,1
693,228,1
694,228,1
695,228,1
696,228,1
697,228,1
698,228,1
699,228,1
700,228,1
701,228,1
702,228,1
703,228,1
704,228,1
705,228,1
706,228,1
707,228,1
708,228,1
709,228,1
710,228,1
711,229,1
712,229,1
713,229,1
714,229,1
715,229,1
716,229,1
717,229,1
718,229,1
719,229,1
720,229,1
721,229,1
722,229,1
723,229,1
724,229,1
725,229,1
726,229,1
727,229,1
728,230,1
729,230,1
730,230,1
731,230,1
732,230,1
733,230,1
734,230,1
735,230,1
736,230,1
737,230,1
738,230,1
739,230,1
740,230,1
741,230,1
742,230,1
743,230,1
744,230,1
745,230,1
746,230,1
747,230,1
748,231,1
749,231,1
750,231,1
751,231,1
752,231,1
753,231,1
754,231,1
755,231,1
756,231,1
757,231,1
758,231,1
759,231,1
760,231,1
761,231,1
762,231,1
763,231,1
764,231,1
765,231,1
766,231,1
767,231,1
768,231,1
769,232,1
770,232,1
771,232,1
772,232,1
773,232,1
774,232,1
775,232,1
776,232,1
777,232,1
778,232,1
779,232,1
780,232,1
781,232,1
782,232,1
783,232,1
784,232,1
785,232,1
786,232,1
787,232,1
788,232,1
789,232,1
790,233,1
791,233,1
792,233,1
793,233,1
794,233,1
795,233,1
796,233,1
797,233,1
798,233,1
799,233,1
800,233,1
801,233,1
802,233,1
803,233,1
804,233,1
805,233,1
806,233,1
807,234,1
808,234,1
809,234,1
810,234,1
811,234,1
812,234,1
813,234,1
814,234,1
815,234,1
816,234,1
817,234,1
818,234,1
819,234,1
820,234,1
821,234,1
822,234,1
823,234,1
824,234,1
825,235,1
826,235,1
827,235,1
828,235,1
829,235,1
830,235,1
831,235,1
832,235,1
833,235,1
834,235,1
835,235,1
836,235,1
837,235,1
838,235,1
839,235,1
840,235,1
841,235,1
842,235,1
843,235,1
844,235,1
845,235,1
846,235,1
847,236,1
848,236,1
849,236,1
850,236,1
851,236,1
852,236,1
853,236,1
854,236,1
855,236,1
856,236,1
857,236,1
858,236,1
859,236,1
860,236,1
861,236,1
862,236,1
863,236,1
864,236,1
865,236,1
866,236,1
867,236,1
868,236,1
869,236,1
870,236,1
871,236,1
872,236,1
873,236,1
874,236,1
875,236,1
876,236,1
877,236,1
878,236,1
879,236,1
880,236,1
881,236,1
882,236,1
883,236,1
882,236,1
881,236,1
880,236,1
879,236,1
879,236,0
