356,242,1
356,243,1
357,244,1
357,245,1
357,246,1
358,247,1
358,248,1
358,249,1
357,250,1
357,251,1
356,251,1
355,252,1
354,252,1
353,252,1
353,251,1
352,251,1
351,251,1
350,251,1
349,250,1
348,250,1
347,250,1
346,250,1
346,249,1
345,249,1
344,249,1
343,249,1
342,248,1
341,248,1
340,248,1
339,248,1
338,247,1
337,247,1
336,247,1
335,247,1
334,247,1
333,247,1
332,246,1
331,246,1
330,246,1
329,246,1
328,246,1
327,246,1
326,246,1
325,246,1
324,246,1
323,247,1
322,247,1
321,247,1
320,247,1
319,247,1
318,248,1
317,248,1
316,248,1
316,249,1
315,249,1
314,249,1
313,250,1
312,250,1
311,250,1
311,251,1
310,251,1
309,252,1
308,252,1
308,253,1
307,253,1
306,254,1
305,255,1
304,255,1
304,256,1
303,256,1
302,257,1
302,258,1
301,258,1
301,259,1
300,259,1
300,260,1
299,261,1
299,262,1
298,262,1
298,263,1
297,264,1
297,265,1
296,265,1
296,266,1
296,267,1
295,268,1
295,269,1
294,270,1
294,271,1
294,272,1
294,273,1
293,273,1
293,274,1
293,275,1
293,276,1
293,277,1
293,278,1
293,279,1
293,280,1
293,281,1
293,282,1
293,283,1
293,284,1
293,285,1
294,286,1
294,287,1
294,288,1
294,289,1
295,289,1
295,290,1
295,291,1
296,292,1
296,293,1
297,294,1
297,295,1
298,296,1
299,297,1
299,298,1
300,298,1
300,299,1
301,300,1
301,301,1
302,301,1
303,302,1
303,303,1
304,303,1
305,304,1
306,305,1
307,306,1
308,307,1
309,307,1
310,308,1
311,309,1
312,309,1
313,310,1
314,311,1
315,311,1
316,312,1
317,312,1
318,313,1
319,313,1
320,313,1
321,313,1
322,314,1
323,314,1
324,314,1
325,314,1
326,315,1
327,315,1
328,315,1
329,315,1
330,315,1
331,315,1
332,315,1
333,315,1
334,315,1
335,315,1
336,316,1
337,316,1
338,316,1
339,316,1
340,316,1
341,316,1
342,316,1
343,316,1
344,317,1
345,317,1
346,317,1
347,317,1
348,318,1
349,318,1
350,319,1
351,319,1
352,319,1
352,320,1
353,320,1
354,321,1
355,322,1
356,323,1
357,324,1
357,325,1
358,325,1
358,326,1
359,327,1
360,328,1
360,329,1
360,330,1
361,330,1
361,331,1
361,332,1
362,333,1
362,334,1
363,335,1
363,336,1
363,337,1
364,338,1
364,339,1
364,340,1
365,341,1
365,342,1
365,343,1
366,344,1
366,345,1
366,346,1
367,347,1
367,348,1
367,349,1
368,350,1
368,351,1
368,352,1
368,353,1
368,353,0
303,340,0
316,192,1
316,191,1
315,191,1
315,190,1
314,189,1
314,188,1
313,187,1
313,186,1
312,185,1
311,184,1
311,183,1
310,182,1
309,181,1
309,180,1
308,180,1
308,179,1
307,178,1
307,177,1
306,176,1
305,176,1
305,175,1
304,174,1
303,173,1
302,172,1
302,171,1
301,171,1
300,170,1
299,169,1
299,168,1
298,168,1
297,167,1
297,166,1
296,166,1
295,165,1
295,164,1
294,164,1
293,163,1
292,163,1
292,162,1
291,161,1
290,161,1
289,160,1
288,160,1
288,159,1
287,159,1
286,158,1
285,157,1
284,157,1
283,156,1
282,156,1
281,155,1
280,155,1
279,155,1
278,154,1
277,154,1
276,153,1
275,153,1
274,153,1
273,153,1
272,152,1
271,152,1
270,152,1
269,152,1
268,152,1
267,152,1
266,152,1
265,151,1
264,152,1
263,152,1
262,152,1
261,152,1
260,152,1
259,152,1
258,152,1
257,152,1
256,152,1
255,153,1
254,153,1
253,153,1
252,154,1
251,154,1
250,154,1
249,155,1
248,155,1
247,156,1
246,156,1
245,156,1
244,157,1
243,157,1
243,158,1
242,158,1
241,159,1
240,159,1
239,160,1
239,161,1
238,161,1
237,162,1
236,162,1
236,163,1
235,164,1
234,164,1
234,165,1
233,165,1
232,166,1
232,167,1
231,168,1
230,168,1
230,169,1
229,170,1
228,171,1
228,172,1
227,172,1
227,173,1
226,174,1
226,175,1
225,176,1
225,177,1
224,178,1
224,179,1
223,179,1
223,180,1
223,181,1
222,182,1
222,183,1
221,184,1
221,185,1
221,186,1
220,186,1
220,187,1
220,188,1
220,189,1
219,190,1
219,191,1
219,192,1
218,193,1
218,194,1
218,195,1
218,196,1
218,197,1
217,197,1
217,198,1
217,199,1
217,200,1
217,201,1
217,202,1
217,203,1
217,204,1
216,205,1
216,206,1
216,207,1
216,208,1
216,209,1
216,210,1
216,211,1
216,212,1
216,213,1
216,214,1
216,215,1
216,216,1
216,217,1
216,218,1
217,219,1
217,220,1
217,221,1
217,222,1
217,223,1
217,224,1
217,225,1
217,226,1
217,227,1
217,228,1
217,229,1
217,230,1
218,231,1
218,232,1
218,233,1
218,234,1
218,235,1
218,236,1
218,237,1
218,238,1
218,239,1
219,240,1
219,241,1
219,242,1
219,243,1
219,244,1
219,245,1
219,246,1
220,247,1
220,248,1
220,249,1
220,250,1
220,251,1
220,252,1
221,253,1
221,254,1
221,255,1
221,256,1
221,257,1
221,258,1
221,259,1
222,260,1
222,261,1
222,262,1
222,263,1
222,264,1
222,265,1
222,266,1
222,267,1
222,268,1
222,269,1
222,270,1
223,271,1
223,272,1
223,273,1
223,274,1
223,275,1
223,276,1
223,277,1
223,278,1
224,278,1
224,279,1
224,280,1
224,281,1
224,282,1
224,283,1
224,284,1
225,284,1
225,285,1
225,286,1
225,287,1
225,288,1
225,289,1
225,290,1
225,291,1
226,291,1
226,292,1
226,293,1
226,294,1
226,295,1
226,296,1
226,297,1
226,298,1
227,299,1
227,300,1
227,301,1
227,302,1
227,303,1
227,304,1
227,305,1
227,306,1
227,307,1
228,308,1
228,309,1
228,310,1
228,311,1
228,312,1
228,313,1
228,314,1
228,315,1
228,316,1
228,317,1
228,318,1
228,319,1
228,320,1
228,321,1
228,322,1
228,323,1
229,324,1
229,325,1
229,326,1
229,327,1
229,328,1
229,329,1
229,330,1
229,331,1
229,332,1
230,333,1
230,334,1
230,335,1
230,336,1
231,336,1
231,337,1
231,338,1
231,339,1
232,340,1
232,341,1
233,341,1
234,342,1
235,342,1
333,274,0
429,207,1
430,207,1
431,208,1
432,208,1
433,208,1
434,209,1
434,210,1
435,210,1
435,211,1
436,212,1
436,213,1
437,213,1
437,214,1
437,215,1
438,216,1
438,217,1
438,218,1
439,219,1
439,220,1
439,221,1
439,222,1
439,223,1
439,224,1
439,225,1
438,226,1
438,227,1
438,228,1
438,229,1
438,230,1
438,231,1
438,232,1
438,233,1
438,234,1
437,234,1
437,235,1
437,236,1
437,237,1
437,238,1
437,239,1
436,239,1
436,240,1
436,241,1
436,242,1
436,243,1
435,244,1
435,245,1
435,246,1
435,247,1
435,248,1
434,248,1
434,249,1
434,250,1
434,251,1
434,252,1
434,253,1
434,254,1
433,255,1
433,256,1
433,257,1
433,258,1
433,259,1
433,260,1
433,261,1
433,262,1
433,263,1
433,264,1
433,265,1
434,266,1
434,267,1
434,268,1
434,269,1
434,270,1
435,270,1
435,271,1
435,272,1
435,273,1
436,273,1
436,274,1
437,275,1
437,276,1
438,277,1
439,278,1
440,278,1
440,279,1
441,279,1
441,280,1
442,280,1
443,281,1
444,282,1
445,282,1
446,283,1
447,283,1
448,283,1
449,284,1
450,284,1
451,284,1
452,284,1
453,284,1
454,284,1
455,285,1
456,285,1
457,285,1
458,285,1
459,285,1
460,284,1
461,284,1
462,284,1
463,284,1
464,284,1
465,284,1
466,283,1
467,283,1
468,283,1
469,282,1
470,282,1
471,281,1
472,281,1
473,281,1
473,280,1
474,280,1
475,279,1
476,279,1
476,278,1
477,278,1
478,277,1
478,276,1
479,276,1
480,275,1
481,274,1
482,273,1
483,272,1
483,271,1
484,271,1
485,270,1
485,269,1
486,268,1
487,267,1
487,266,1
488,265,1
489,264,1
489,263,1
489,262,1
490,261,1
490,260,1
491,259,1
491,258,1
492,257,1
492,256,1
492,255,1
493,254,1
493,253,1
493,252,1
494,251,1
494,250,1
494,249,1
494,248,1
494,247,1
495,247,1
495,246,1
495,245,1
495,244,1
495,243,1
496,243,1
496,242,1
496,241,1
497,240,1
498,240,1
499,241,1
499,242,1
500,243,1
500,244,1
500,245,1
501,246,1
501,247,1
501,248,1
502,249,1
502,250,1
502,251,1
502,252,1
503,253,1
503,254,1
504,255,1
504,256,1
504,257,1
504,258,1
505,258,1
505,259,1
505,260,1
506,261,1
506,262,1
506,263,1
507,263,1
507,264,1
507,265,1
508,266,1
508,267,1
509,267,1
509,268,1
509,269,1
510,270,1
510,271,1
511,272,1
512,273,1
512,274,1
513,275,1
513,276,1
513,277,1
514,277,1
515,278,1
515,279,1
516,280,1
517,281,1
517,282,1
518,283,1
519,283,1
519,284,1
520,285,1
521,285,1
522,286,1
523,286,1
543,272,0
565,255,1
565,256,1
566,257,1
566,258,1
566,259,1
566,260,1
567,261,1
567,262,1
567,263,1
568,264,1
568,265,1
568,266,1
569,267,1
569,268,1
570,269,1
570,270,1
570,271,1
570,272,1
571,273,1
571,274,1
572,275,1
572,276,1
572,277,1
572,278,1
573,278,1
573,279,1
573,280,1
573,281,1
573,282,1
574,283,1
574,284,1
574,285,1
575,286,1
574,286,1
574,286,0
534,170,0
661,231,1
661,232,1
661,233,1
661,234,1
661,235,1
661,236,1
660,237,1
660,238,1
660,239,1
660,240,1
660,241,1
659,242,1
659,243,1
659,244,1
658,245,1
658,246,1
657,247,1
657,248,1
656,249,1
655,250,1
655,251,1
654,252,1
654,253,1
653,254,1
652,255,1
651,256,1
651,257,1
650,258,1
649,258,1
649,259,1
648,260,1
647,261,1
646,262,1
645,263,1
645,264,1
644,264,1
643,265,1
643,266,1
642,266,1
641,267,1
640,267,1
640,268,1
639,268,1
638,269,1
637,269,1
637,270,1
636,270,1
635,270,1
634,271,1
633,271,1
632,271,1
631,271,1
630,272,1
629,272,1
628,272,1
627,272,1
626,271,1
625,271,1
625,270,1
625,269,1
625,268,1
626,267,1
627,266,1
628,265,1
629,264,1
630,264,1
631,264,1
631,263,1
632,263,1
633,263,1
634,263,1
635,262,1
636,262,1
637,262,1
638,262,1
639,262,1
640,262,1
641,262,1
641,261,1
642,261,1
643,261,1
644,261,1
645,261,1
646,261,1
647,261,1
647,262,1
648,262,1
649,262,1
650,262,1
651,262,1
652,262,1
653,262,1
654,262,1
655,263,1
656,263,1
657,263,1
658,263,1
659,263,1
660,263,1
661,263,1
662,264,1
663,264,1
664,264,1
665,264,1
666,264,1
667,265,1
668,265,1
669,265,1
670,265,1
671,265,1
672,265,1
673,266,1
674,266,1
675,266,1
676,266,1
677,266,1
678,267,1
679,267,1
680,267,1
681,267,1
682,268,1
683,268,1
684,268,1
685,269,1
686,269,1
706,257,0
729,243,1
729,244,1
730,245,1
731,246,1
731,247,1
732,248,1
732,249,1
733,250,1
733,251,1
733,252,1
734,253,1
734,254,1
735,255,1
735,256,1
735,257,1
736,258,1
736,259,1
736,260,1
737,261,1
737,262,1
738,263,1
738,264,1
738,265,1
738,266,1
739,266,1
739,267,1
739,268,1
740,269,1
740,270,1
740,271,1
740,272,1
741,273,1
741,274,1
741,275,1
741,276,1
742,277,1
742,278,1
742,279,1
742,280,1
742,281,1
743,282,1
743,283,1
743,284,1
743,285,1
743,286,1
743,287,1
743,288,1
730,298,0
720,316,1
719,315,1
718,315,1
718,314,1
717,313,1
717,312,1
717,311,1
717,310,1
717,309,1
717,308,1
717,307,1
718,306,1
718,305,1
718,304,1
719,304,1
719,303,1
720,303,1
721,302,1
721,301,1
722,301,1
722,300,1
723,300,1
724,300,1
725,299,1
726,298,1
727,298,1
728,298,1
729,297,1
730,297,1
731,297,1
732,296,1
733,296,1
734,296,1
735,296,1
736,296,1
737,295,1
738,295,1
739,295,1
740,295,1
741,295,1
742,295,1
743,295,1
744,295,1
745,295,1
746,295,1
747,295,1
748,296,1
749,296,1
750,296,1
751,296,1
752,296,1
753,296,1
754,296,1
755,296,1
756,296,1
757,297,1
758,297,1
759,297,1
760,297,1
761,297,1
762,297,1
763,297,1
764,298,1
765,298,1
766,298,1
767,298,1
768,298,1
769,299,1
770,299,1
771,299,1
772,299,1
772,300,1
773,300,1
774,300,1
775,300,1
776,300,1
777,301,1
778,301,1
779,301,1
780,302,1
781,302,1
782,302,1
783,302,1
784,302,1
785,303,1
786,303,1
787,303,1
788,303,1
789,303,1
790,303,1
791,304,1
792,304,1
793,304,1
794,304,1
795,304,1
796,305,1
797,305,1
798,305,1
799,305,1
800,305,1
801,306,1
802,306,1
803,306,1
804,306,1
805,307,1
806,307,1
807,307,1
808,307,1
809,307,1
810,307,1
811,308,1
812,308,1
813,308,1
814,308,1
815,308,1
816,308,1
817,308,1
818,308,1
819,307,1
820,307,1
821,307,1
821,306,1
821,305,1
820,305,1
819,304,1
614,245,0
403,184,1
404,184,1
405,184,1
406,184,1
407,184,1
408,183,1
409,183,1
410,183,1
411,183,1
412,183,1
413,183,1
414,183,1
415,183,1
416,183,1
417,183,1
418,182,1
419,182,1
420,182,1
421,182,1
422,182,1
423,182,1
424,182,1
425,182,1
426,182,1
427,182,1
428,182,1
429,182,1
430,182,1
431,182,1
432,182,1
433,181,1
434,181,1
435,181,1
436,181,1
437,181,1
438,181,1
439,181,1
440,181,1
441,181,1
442,181,1
443,181,1
444,181,1
445,181,1
446,181,1
447,181,1
448,181,1
449,181,1
450,181,1
451,181,1
452,181,1
453,181,1
454,180,1
455,180,1
456,180,1
457,180,1
458,180,1
459,180,1
460,180,1
461,180,1
462,180,1
463,180,1
464,180,1
465,180,1
466,180,1
467,180,1
468,180,1
469,180,1
470,180,1
471,180,1
472,180,1
473,180,1
474,180,1
475,180,1
476,180,1
477,180,1
478,180,1
479,180,1
480,179,1
481,179,1
482,179,1
483,179,1
484,179,1
485,179,1
486,179,1
487,179,1
488,179,1
489,179,1
490,179,1
491,179,1
492,179,1
493,179,1
494,179,1
495,179,1
496,179,1
497,179,1
498,179,1
499,179,1
500,179,1
501,179,1
502,179,1
503,179,1
504,179,1
505,179,1
506,179,1
507,179,1
508,179,1
509,179,1
510,179,1
511,179,1
512,179,1
513,179,1
514,179,1
515,179,1
516,179,1
517,179,1
518,179,1
519,179,1
520,179,1
521,179,1
522,179,1
523,179,1
524,179,1
525,179,1
526,179,1
527,179,1
528,179,1
529,179,1
530,179,1
531,179,1
532,179,1
533,179,1
534,179,1
535,179,1
536,179,1
537,179,1
538,179,1
539,179,1
540,179,1
541,179,1
542,179,1
543,179,1
544,179,1
545,179,1
546,179,1
547,179,1
548,179,1
549,179,1
550,179,1
551,179,1
552,179,1
553,179,1
554,179,1
555,179,1
556,179,1
557,179,1
558,179,1
559,179,1
560,179,1
561,179,1
562,179,1
563,179,1
564,179,1
565,179,1
566,179,1
567,179,1
568,179,1
569,179,1
570,179,1
571,179,1
572,179,1
573,179,1
574,179,1
575,179,1
576,179,1
577,179,1
578,179,1
579,179,1
580,180,1
581,180,1
582,180,1
583,180,1
584,180,1
585,180,1
586,180,1
587,180,1
588,180,1
589,180,1
590,180,1
591,180,1
592,180,1
593,180,1
594,180,1
595,180,1
596,180,1
597,180,1
598,180,1
599,180,1
600,180,1
601,180,1
602,180,1
603,180,1
604,180,1
605,181,1
606,181,1
607,181,1
608,181,1
609,181,1
610,181,1
611,181,1
612,181,1
613,181,1
614,181,1
615,181,1
616,181,1
617,181,1
618,181,1
619,181,1
620,181,1
621,181,1
622,181,1
623,181,1
624,181,1
625,181,1
626,181,1
627,182,1
628,182,1
629,182,1
630,182,1
631,182,1
632,182,1
633,182,1
634,182,1
635,182,1
636,182,1
637,182,1
638,182,1
639,182,1
640,182,1
641,182,1
642,182,1
643,182,1
644,182,1
645,183,1
646,183,1
647,183,1
648,183,1
649,183,1
650,183,1
651,183,1
652,183,1
653,183,1
654,183,1
655,183,1
656,183,1
657,183,1
658,183,1
659,183,1
660,183,1
661,183,1
662,183,1
663,183,1
664,183,1
665,184,1
666,184,1
667,184,1
668,184,1
669,184,1
670,184,1
671,184,1
672,184,1
673,184,1
674,184,1
675,184,1
676,184,1
677,184,1
678,184,1
679,184,1
680,184,1
681,184,1
682,184,1
683,184,1
684,184,1
685,184,1
686,184,1
687,184,1
688,184,1
689,184,1
690,184,1
691,184,1
692,184,1
693,184,1
694,184,1
695,184,1
696,184,1
697,184,1
698,184,1
699,184,1
700,184,1
701,184,1
702,184,1
703,184,1
704,184,1
705,184,1
706,184,1
707,184,1
708,185,1
709,185,1
710,185,1
711,185,1
712,185,1
713,185,1
714,185,1
715,185,1
716,185,1
717,185,1
718,185,1
719,185,1
720,185,1
721,185,1
722,185,1
723,185,1
724,185,1
725,185,1
726,186,1
727,186,1
728,186,1
729,186,1
730,186,1
731,186,1
732,186,1
733,186,1
734,186,1
735,186,1
736,186,1
737,186,1
738,186,1
739,186,1
740,186,1
741,186,1
742,186,1
743,186,1
744,186,1
745,186,1
746,186,1
747,187,1
748,187,1
749,187,1
750,187,1
751,187,1
752,187,1
753,187,1
754,187,1
755,187,1
756,187,1
757,187,1
758,187,1
759,187,1
760,187,1
761,187,1
762,187,1
763,187,1
764,187,1
765,187,1
766,187,1
767,187,1
768,187,1
769,187,1
770,187,1
771,187,1
772,187,1
773,188,1
774,188,1
775,188,1
776,188,1
777,188,1
778,188,1
779,188,1
780,188,1
781,188,1
782,188,1
783,188,1
784,188,1
785,188,1
786,188,1
787,188,1
788,188,1
789,188,1
790,188,1
791,188,1
792,188,1
793,188,1
794,188,1
795,188,1
796,188,1
797,188,1
796,188,1
795,188,1
795,188,0
