439,312,1
439,313,1
440,314,1
440,315,1
440,316,1
441,317,1
441,318,1
441,319,1
440,319,1
439,319,1
438,319,1
437,319,1
437,318,1
436,318,1
435,317,1
434,317,1
433,317,1
433,316,1
432,316,1
431,315,1
430,315,1
429,315,1
428,314,1
427,314,1
426,314,1
425,313,1
424,313,1
423,313,1
422,312,1
421,312,1
420,312,1
419,312,1
418,311,1
417,311,1
416,311,1
415,311,1
414,311,1
413,311,1
412,311,1
411,311,1
410,311,1
409,311,1
408,311,1
407,311,1
406,311,1
405,312,1
404,312,1
403,312,1
402,312,1
401,313,1
400,313,1
399,314,1
398,314,1
397,314,1
396,315,1
395,315,1
395,316,1
394,316,1
393,317,1
392,317,1
391,318,1
390,318,1
389,319,1
389,320,1
388,320,1
387,321,1
386,322,1
385,323,1
384,324,1
384,325,1
383,325,1
382,326,1
382,327,1
381,328,1
380,329,1
380,330,1
379,331,1
379,332,1
378,332,1
378,333,1
377,334,1
377,335,1
377,336,1
376,337,1
376,338,1
376,339,1
376,340,1
376,341,1
375,342,1
375,343,1
375,344,1
375,345,1
375,346,1
375,347,1
375,348,1
375,349,1
376,350,1
376,351,1
376,352,1
376,353,1
376,354,1
377,355,1
377,356,1
377,357,1
378,358,1
378,359,1
378,360,1
379,361,1
379,362,1
380,363,1
380,364,1
381,364,1
382,365,1
382,366,1
383,367,1
384,368,1
384,369,1
385,370,1
386,370,1
386,371,1
387,372,1
388,373,1
389,374,1
389,375,1
390,375,1
391,376,1
392,377,1
393,377,1
394,378,1
394,379,1
395,379,1
396,380,1
397,381,1
398,381,1
399,382,1
400,382,1
400,383,1
401,383,1
402,384,1
403,384,1
404,385,1
405,385,1
406,385,1
407,386,1
408,386,1
408,387,1
409,387,1
410,387,1
411,387,1
412,388,1
413,388,1
414,388,1
415,388,1
416,388,1
417,388,1
418,389,1
419,389,1
420,389,1
421,389,1
422,389,1
423,389,1
424,389,1
425,389,1
426,389,1
427,390,1
428,390,1
429,390,1
430,390,1
431,390,1
432,390,1
433,390,1
433,391,1
434,391,1
435,391,1
436,391,1
436,392,1
437,392,1
438,392,1
439,393,1
440,394,1
441,394,1
442,395,1
443,396,1
444,397,1
445,398,1
446,399,1
446,400,1
447,401,1
447,402,1
448,403,1
448,404,1
449,405,1
449,406,1
449,407,1
450,408,1
450,409,1
451,410,1
451,411,1
451,412,1
451,413,1
452,414,1
452,415,1
452,416,1
452,417,1
452,418,1
453,419,1
453,420,1
453,421,1
453,422,1
454,423,1
454,424,1
454,425,1
455,426,1
455,427,1
455,428,1
455,429,1
456,430,1
456,431,1
456,432,1
456,433,1
456,434,1
457,435,1
457,436,1
457,437,1
457,438,1
458,439,1
458,440,1
458,441,1
458,441,0
392,409,0
382,243,1
381,242,1
380,241,1
379,241,1
379,240,1
378,239,1
377,239,1
377,238,1
376,237,1
375,237,1
374,236,1
373,236,1
373,235,1
372,235,1
371,234,1
370,234,1
369,233,1
368,233,1
368,232,1
367,232,1
366,231,1
365,231,1
364,231,1
363,230,1
362,230,1
361,229,1
360,229,1
359,229,1
358,229,1
358,228,1
357,228,1
356,228,1
355,227,1
354,227,1
353,227,1
352,227,1
351,227,1
350,226,1
349,226,1
348,226,1
347,226,1
346,226,1
345,226,1
344,226,1
343,225,1
342,225,1
341,225,1
340,225,1
339,225,1
338,225,1
337,225,1
336,225,1
335,225,1
334,226,1
333,226,1
332,226,1
331,226,1
330,226,1
329,226,1
328,226,1
327,227,1
326,227,1
325,227,1
324,228,1
323,228,1
322,228,1
321,228,1
320,229,1
319,229,1
318,229,1
317,230,1
316,231,1
315,231,1
314,231,1
313,232,1
312,232,1
312,233,1
311,233,1
310,234,1
309,234,1
308,235,1
307,236,1
306,237,1
305,237,1
304,238,1
303,239,1
302,240,1
301,240,1
301,241,1
300,242,1
299,243,1
298,244,1
297,245,1
297,246,1
296,246,1
296,247,1
295,248,1
295,249,1
294,250,1
293,251,1
293,252,1
292,253,1
292,254,1
291,255,1
291,256,1
291,257,1
290,258,1
290,259,1
289,260,1
289,261,1
289,262,1
288,263,1
288,264,1
288,265,1
288,266,1
287,267,1
287,268,1
287,269,1
287,270,1
286,271,1
286,272,1
286,273,1
286,274,1
286,275,1
286,276,1
286,277,1
286,278,1
285,279,1
285,280,1
285,281,1
285,282,1
285,283,1
285,284,1
285,285,1
285,286,1
285,287,1
285,288,1
285,289,1
285,290,1
285,291,1
285,292,1
285,293,1
285,294,1
285,295,1
285,296,1
285,297,1
285,298,1
285,299,1
285,300,1
285,301,1
285,302,1
285,303,1
285,304,1
285,305,1
285,306,1
286,307,1
286,308,1
286,309,1
286,310,1
286,311,1
286,312,1
286,313,1
286,314,1
286,315,1
286,316,1
286,317,1
287,318,1
287,319,1
287,320,1
287,321,1
287,322,1
287,323,1
287,324,1
287,325,1
287,326,1
287,327,1
288,328,1
288,329,1
288,330,1
288,331,1
288,332,1
288,333,1
288,334,1
288,335,1
288,336,1
288,337,1
288,338,1
288,339,1
289,340,1
289,341,1
289,342,1
289,343,1
289,344,1
289,345,1
289,346,1
289,347,1
289,348,1
289,349,1
289,350,1
290,351,1
290,352,1
290,353,1
290,354,1
290,355,1
290,356,1
290,357,1
290,358,1
290,359,1
290,360,1
290,361,1
290,362,1
290,363,1
290,364,1
290,365,1
290,366,1
290,367,1
290,368,1
290,369,1
290,370,1
290,371,1
290,372,1
291,373,1
291,374,1
291,375,1
291,376,1
291,377,1
291,378,1
291,379,1
291,380,1
291,381,1
291,382,1
291,383,1
291,384,1
291,385,1
291,386,1
291,387,1
291,388,1
291,389,1
291,390,1
291,391,1
291,392,1
291,393,1
291,394,1
291,395,1
291,396,1
291,397,1
291,398,1
291,399,1
291,400,1
291,401,1
291,402,1
291,403,1
291,404,1
291,405,1
291,406,1
291,407,1
291,408,1
291,409,1
291,410,1
291,411,1
291,412,1
291,413,1
291,414,1
291,415,1
291,416,1
292,416,1
292,417,1
292,418,1
292,419,1
292,420,1
292,421,1
292,422,1
292,423,1
292,424,1
292,425,1
292,426,1
292,427,1
292,428,1
292,429,1
293,430,1
293,431,1
293,432,1
293,433,1
294,433,1
294,434,1
294,435,1
295,436,1
296,437,1
297,436,1
298,436,1
299,435,1
399,364,0
498,291,1
499,291,1
500,291,1
501,292,1
502,292,1
502,293,1
503,293,1
504,294,1
504,295,1
504,296,1
505,297,1
505,298,1
505,299,1
505,300,1
506,301,1
506,302,1
506,303,1
506,304,1
506,305,1
506,306,1
506,307,1
506,308,1
506,309,1
506,310,1
506,311,1
506,312,1
506,313,1
506,314,1
506,315,1
506,316,1
506,317,1
505,318,1
505,319,1
505,320,1
505,321,1
505,322,1
505,323,1
505,324,1
505,325,1
504,325,1
504,326,1
504,327,1
504,328,1
504,329,1
504,330,1
504,331,1
503,332,1
503,333,1
503,334,1
503,335,1
503,336,1
503,337,1
503,338,1
503,339,1
503,340,1
503,341,1
503,342,1
503,343,1
503,344,1
503,345,1
503,346,1
503,347,1
503,348,1
503,349,1
503,350,1
504,351,1
504,352,1
504,353,1
504,354,1
505,355,1
505,356,1
505,357,1
506,357,1
506,358,1
506,359,1
507,360,1
507,361,1
508,362,1
508,363,1
509,364,1
509,365,1
510,366,1
511,367,1
512,368,1
512,369,1
513,369,1
514,370,1
515,371,1
516,372,1
517,373,1
518,373,1
518,374,1
519,374,1
520,375,1
521,375,1
522,376,1
523,376,1
524,377,1
525,377,1
526,377,1
527,377,1
527,378,1
528,378,1
529,378,1
530,378,1
531,378,1
532,378,1
533,378,1
534,378,1
535,378,1
536,378,1
537,378,1
538,378,1
539,378,1
539,377,1
540,377,1
541,377,1
542,377,1
543,376,1
544,376,1
545,376,1
545,375,1
546,375,1
547,374,1
548,374,1
548,373,1
549,373,1
550,372,1
551,371,1
552,370,1
553,370,1
553,369,1
554,368,1
554,367,1
555,367,1
555,366,1
556,365,1
556,364,1
557,364,1
557,363,1
558,362,1
558,361,1
559,360,1
559,359,1
559,358,1
560,357,1
560,356,1
561,355,1
561,354,1
561,353,1
562,352,1
562,351,1
562,350,1
563,349,1
563,348,1
563,347,1
563,346,1
564,345,1
564,344,1
564,343,1
564,342,1
565,341,1
565,340,1
565,339,1
565,338,1
565,337,1
565,336,1
565,335,1
566,334,1
566,333,1
566,332,1
566,331,1
566,330,1
566,329,1
567,328,1
567,327,1
567,326,1
568,325,1
569,325,1
569,326,1
570,326,1
570,327,1
570,328,1
571,329,1
571,330,1
571,331,1
572,332,1
572,333,1
572,334,1
572,335,1
573,336,1
573,337,1
573,338,1
573,339,1
574,339,1
574,340,1
574,341,1
574,342,1
575,343,1
575,344,1
575,345,1
576,346,1
576,347,1
576,348,1
576,349,1
577,349,1
577,350,1
577,351,1
578,352,1
578,353,1
579,354,1
579,355,1
579,356,1
580,357,1
580,358,1
581,358,1
581,359,1
582,360,1
582,361,1
583,362,1
583,363,1
583,364,1
584,365,1
584,366,1
585,367,1
585,368,1
586,369,1
587,370,1
587,371,1
588,372,1
588,373,1
589,374,1
589,375,1
590,376,1
590,377,1
591,377,1
591,378,1
592,379,1
593,380,1
593,381,1
594,381,1
594,382,1
595,383,1
596,384,1
596,385,1
597,386,1
598,386,1
598,387,1
599,388,1
600,389,1
601,389,1
602,390,1
603,391,1
624,370,0
649,348,1
649,349,1
649,350,1
650,351,1
650,352,1
650,353,1
650,354,1
651,355,1
651,356,1
651,357,1
652,358,1
652,359,1
653,360,1
653,361,1
653,362,1
653,363,1
654,364,1
654,365,1
654,366,1
654,367,1
655,368,1
655,369,1
655,370,1
656,371,1
656,372,1
656,373,1
656,374,1
656,375,1
657,376,1
657,377,1
657,378,1
656,378,1
656,377,1
656,377,0
606,248,0
753,316,1
753,317,1
754,318,1
754,319,1
755,319,1
755,320,1
755,321,1
756,322,1
756,323,1
756,324,1
756,325,1
757,326,1
757,327,1
757,328,1
757,329,1
757,330,1
757,331,1
757,332,1
757,333,1
757,334,1
757,335,1
757,336,1
757,337,1
757,338,1
757,339,1
757,340,1
757,341,1
756,342,1
756,343,1
756,344,1
755,345,1
755,346,1
755,347,1
755,348,1
754,349,1
754,350,1
753,351,1
753,352,1
752,353,1
752,354,1
751,355,1
751,356,1
750,357,1
750,358,1
749,359,1
748,360,1
748,361,1
747,362,1
747,363,1
746,363,1
745,364,1
745,365,1
744,366,1
743,367,1
742,367,1
742,368,1
741,369,1
740,369,1
739,370,1
738,370,1
737,371,1
737,372,1
736,372,1
735,373,1
734,373,1
733,373,1
732,374,1
731,374,1
730,374,1
729,375,1
728,375,1
727,375,1
726,375,1
725,375,1
724,375,1
723,375,1
723,374,1
722,374,1
721,373,1
721,372,1
721,371,1
722,371,1
722,370,1
723,370,1
723,369,1
724,369,1
724,368,1
725,368,1
726,368,1
727,367,1
728,367,1
729,367,1
730,366,1
731,366,1
732,366,1
733,366,1
734,366,1
735,366,1
736,366,1
737,366,1
738,366,1
739,366,1
740,366,1
741,366,1
742,366,1
743,367,1
744,367,1
745,367,1
746,367,1
747,367,1
748,368,1
749,368,1
750,368,1
751,368,1
752,368,1
753,369,1
754,369,1
755,369,1
756,370,1
757,370,1
758,370,1
759,371,1
760,371,1
761,371,1
762,371,1
763,372,1
764,372,1
765,372,1
766,372,1
767,373,1
768,373,1
769,373,1
770,374,1
771,374,1
772,374,1
773,374,1
774,375,1
775,375,1
776,375,1
777,375,1
778,376,1
779,376,1
780,376,1
781,376,1
782,377,1
783,377,1
784,377,1
785,377,1
786,377,1
787,377,1
788,377,1
789,378,1
790,378,1
791,378,1
792,378,1
793,378,1
794,378,1
795,379,1
796,378,1
797,378,1
798,378,1
809,361,0
823,338,1
823,339,1
824,340,1
824,341,1
824,342,1
825,343,1
825,344,1
825,345,1
825,346,1
825,347,1
826,348,1
826,349,1
826,350,1
826,351,1
827,352,1
827,353,1
827,354,1
827,355,1
828,356,1
828,357,1
828,358,1
829,359,1
829,360,1
829,361,1
829,362,1
830,363,1
830,364,1
830,365,1
830,366,1
831,367,1
831,368,1
831,369,1
831,370,1
832,371,1
832,372,1
832,373,1
832,374,1
833,375,1
833,376,1
833,377,1
834,378,1
834,379,1
834,380,1
834,381,1
835,382,1
835,383,1
835,384,1
835,385,1
836,386,1
836,387,1
836,388,1
836,389,1
837,390,1
837,391,1
837,392,1
831,399,0
827,417,1
826,416,1
826,415,1
825,414,1
825,413,1
825,412,1
826,411,1
826,410,1
826,409,1
827,409,1
827,408,1
828,407,1
828,406,1
829,406,1
829,405,1
830,404,1
831,403,1
832,402,1
833,401,1
834,400,1
835,400,1
836,399,1
836,398,1
837,398,1
838,397,1
839,397,1
840,396,1
841,396,1
841,395,1
842,395,1
843,395,1
844,394,1
845,394,1
846,394,1
847,393,1
848,393,1
849,392,1
850,392,1
851,392,1
852,391,1
853,391,1
854,391,1
855,391,1
856,391,1
857,390,1
858,390,1
859,390,1
860,390,1
861,390,1
862,390,1
863,389,1
864,389,1
865,389,1
866,389,1
867,389,1
868,389,1
869,389,1
870,389,1
871,389,1
872,389,1
873,389,1
874,389,1
875,389,1
876,389,1
877,389,1
878,389,1
879,389,1
880,389,1
881,389,1
882,389,1
883,389,1
884,389,1
885,389,1
886,390,1
887,390,1
888,390,1
889,390,1
890,390,1
891,390,1
892,390,1
893,390,1
894,390,1
895,390,1
896,391,1
897,391,1
898,391,1
899,391,1
900,391,1
901,391,1
902,391,1
903,391,1
904,391,1
905,391,1
906,391,1
907,392,1
908,392,1
909,392,1
910,392,1
911,392,1
912,392,1
913,392,1
914,392,1
915,392,1
916,392,1
917,392,1
918,392,1
919,392,1
920,392,1
921,392,1
922,392,1
923,392,1
924,392,1
925,392,1
926,392,1
927,392,1
928,392,1
929,392,1
930,392,1
931,392,1
932,392,1
933,392,1
934,392,1
935,392,1
936,392,1
937,392,1
938,392,1
939,392,1
940,392,1
940,391,1
941,391,1
942,391,1
943,391,1
944,391,1
944,390,1
944,389,1
943,388,1
942,388,1
942,387,1
712,329,0
474,268,1
475,268,1
476,268,1
477,268,1
478,268,1
479,268,1
480,268,1
481,268,1
482,268,1
483,268,1
484,268,1
485,268,1
486,268,1
487,268,1
488,268,1
489,268,1
490,268,1
491,268,1
492,268,1
493,268,1
494,268,1
495,268,1
496,268,1
497,268,1
498,268,1
499,268,1
500,268,1
501,268,1
502,268,1
503,268,1
504,268,1
505,268,1
506,268,1
507,268,1
508,268,1
509,268,1
510,268,1
511,268,1
512,268,1
513,268,1
514,268,1
515,268,1
516,268,1
517,268,1
518,268,1
519,268,1
520,268,1
521,268,1
522,268,1
523,268,1
524,268,1
525,268,1
526,268,1
527,268,1
528,268,1
529,268,1
530,268,1
531,268,1
532,268,1
533,268,1
534,268,1
535,268,1
536,268,1
537,268,1
538,268,1
539,268,1
540,268,1
541,268,1
542,268,1
543,268,1
544,268,1
545,268,1
546,268,1
547,268,1
548,268,1
549,268,1
550,268,1
551,268,1
552,268,1
553,268,1
554,268,1
555,268,1
556,268,1
557,268,1
558,268,1
559,268,1
560,268,1
561,268,1
562,268,1
563,268,1
564,268,1
565,268,1
566,268,1
567,268,1
568,268,1
569,268,1
570,268,1
571,268,1
572,268,1
573,268,1
574,268,1
575,268,1
576,269,1
577,269,1
578,269,1
579,269,1
580,269,1
581,269,1
582,269,1
583,269,1
584,269,1
585,269,1
586,269,1
587,269,1
588,269,1
589,269,1
590,269,1
591,269,1
592,269,1
593,269,1
594,269,1
595,269,1
596,269,1
597,269,1
598,269,1
599,269,1
600,269,1
601,270,1
602,270,1
603,270,1
604,270,1
605,270,1
606,270,1
607,270,1
608,270,1
609,270,1
610,270,1
611,270,1
612,270,1
613,270,1
614,270,1
615,270,1
616,270,1
617,270,1
618,270,1
619,270,1
620,270,1
621,270,1
622,271,1
623,271,1
624,271,1
625,271,1
626,271,1
627,271,1
628,271,1
629,271,1
630,271,1
631,271,1
632,271,1
633,271,1
634,271,1
635,271,1
636,271,1
637,271,1
638,271,1
639,271,1
640,271,1
641,271,1
642,271,1
643,272,1
644,272,1
645,272,1
646,272,1
647,272,1
648,272,1
649,272,1
650,272,1
651,272,1
652,272,1
653,272,1
654,272,1
655,272,1
656,272,1
657,272,1
658,272,1
659,272,1
660,272,1
661,272,1
662,272,1
663,272,1
664,272,1
665,272,1
666,273,1
667,273,1
668,273,1
669,273,1
670,273,1
671,273,1
672,273,1
673,273,1
674,273,1
675,273,1
676,273,1
677,273,1
678,273,1
679,273,1
680,273,1
681,273,1
682,273,1
683,273,1
684,273,1
685,273,1
686,273,1
687,273,1
688,274,1
689,274,1
690,274,1
691,274,1
692,274,1
693,274,1
694,274,1
695,274,1
696,274,1
697,274,1
698,274,1
699,274,1
700,274,1
701,274,1
702,274,1
703,274,1
704,274,1
705,274,1
706,274,1
707,274,1
708,274,1
708,275,1
709,275,1
710,275,1
711,275,1
712,275,1
713,275,1
714,275,1
715,275,1
716,275,1
717,275,1
718,275,1
719,275,1
720,275,1
721,275,1
722,275,1
723,275,1
724,275,1
725,275,1
726,275,1
727,275,1
728,275,1
729,275,1
730,275,1
731,275,1
732,275,1
733,275,1
734,275,1
735,275,1
736,275,1
737,275,1
738,275,1
739,275,1
740,275,1
741,275,1
742,275,1
743,275,1
744,275,1
745,275,1
746,276,1
747,276,1
748,276,1
749,276,1
750,276,1
751,276,1
752,276,1
753,276,1
754,276,1
755,276,1
756,276,1
757,276,1
758,276,1
759,276,1
760,276,1
761,276,1
762,276,1
763,277,1
764,277,1
765,277,1
766,277,1
767,277,1
768,277,1
769,277,1
770,277,1
771,277,1
772,277,1
773,277,1
774,277,1
775,277,1
776,277,1
777,277,1
778,277,1
779,278,1
780,278,1
781,278,1
782,278,1
783,278,1
784,278,1
785,278,1
786,278,1
787,278,1
788,278,1
789,278,1
790,278,1
791,278,1
792,278,1
793,278,1
794,279,1
795,279,1
796,279,1
797,279,1
798,279,1
799,279,1
800,279,1
801,279,1
802,279,1
803,279,1
804,279,1
805,279,1
806,279,1
807,279,1
808,279,1
809,279,1
810,279,1
811,280,1
812,280,1
813,280,1
814,280,1
815,280,1
816,280,1
817,280,1
818,280,1
819,280,1
820,280,1
821,280,1
822,280,1
823,280,1
824,280,1
825,280,1
826,280,1
827,280,1
828,280,1
829,281,1
830,281,1
831,281,1
832,281,1
833,281,1
834,281,1
835,281,1
836,281,1
837,281,1
838,281,1
839,281,1
840,281,1
841,281,1
842,281,1
843,281,1
844,281,1
845,281,1
846,281,1
847,281,1
848,281,1
849,281,1
850,281,1
851,281,1
852,281,1
853,282,1
854,282,1
855,282,1
856,282,1
857,282,1
858,282,1
859,282,1
860,282,1
861,282,1
862,282,1
863,282,1
864,282,1
865,282,1
866,282,1
867,282,1
868,282,1
869,282,1
870,282,1
871,282,1
872,282,1
873,282,1
874,282,1
875,282,1
876,282,1
877,282,1
878,282,1
879,282,1
880,282,1
881,282,1
882,282,1
883,282,1
884,282,1
885,282,1
886,282,1
887,282,1
888,282,1
889,282,1
890,282,1
891,282,1
892,282,1
893,282,1
894,282,1
895,282,1
896,282,1
897,282,1
897,283,1
897,283,0
