179,268,1
179,269,1
179,270,1
179,271,1
179,272,1
179,273,1
179,274,1
179,275,1
179,276,1
179,277,1
179,278,1
179,279,1
179,280,1
179,281,1
179,282,1
179,283,1
178,284,1
178,285,1
178,286,1
178,287,1
178,288,1
178,289,1
178,290,1
178,291,1
178,292,1
178,293,1
178,294,1
178,295,1
178,296,1
177,297,1
177,298,1
177,299,1
177,300,1
177,301,1
177,302,1
177,303,1
177,304,1
177,305,1
176,306,1
176,307,1
176,308,1
176,309,1
176,310,1
176,311,1
176,312,1
176,313,1
176,314,1
176,315,1
175,316,1
175,317,1
175,318,1
175,319,1
175,320,1
175,321,1
175,322,1
175,323,1
175,324,1
174,325,1
174,326,1
174,327,1
174,328,1
174,329,1
174,330,1
174,331,1
174,332,1
174,333,1
173,334,1
173,335,1
173,336,1
173,337,1
173,338,1
173,339,1
173,340,1
172,341,1
172,342,1
172,343,1
172,344,1
172,345,1
171,346,1
171,347,1
171,348,1
171,349,1
171,350,1
171,351,1
170,352,1
170,353,1
170,354,1
170,355,1
170,356,1
170,357,1
170,358,1
170,359,1
169,360,1
169,361,1
169,362,1
169,363,1
169,364,1
169,365,1
169,366,1
169,367,1
168,368,1
168,369,1
168,370,1
168,371,1
168,372,1
168,373,1
168,374,1
168,375,1
167,376,1
167,377,1
167,378,1
167,379,1
167,380,1
167,381,1
167,382,1
166,383,1
166,384,1
166,385,1
166,386,1
166,387,1
166,388,1
165,389,1
165,390,1
165,391,1
165,392,1
165,393,1
165,394,1
164,395,1
164,396,1
164,397,1
164,398,1
164,399,1
163,400,1
163,401,1
163,402,1
163,403,1
162,404,1
162,405,1
161,406,1
161,407,1
161,408,1
160,409,1
160,410,1
159,410,1
159,411,1
158,411,1
157,412,1
156,412,1
155,411,1
154,411,1
154,410,1
153,410,1
153,409,1
152,409,1
152,408,1
152,407,1
151,406,1
151,405,1
151,404,1
151,403,1
150,402,1
150,401,1
150,400,1
150,399,1
149,398,1
149,397,1
149,396,1
149,395,1
149,394,1
149,393,1
148,392,1
148,391,1
148,390,1
148,389,1
148,388,1
148,387,1
148,386,1
148,385,1
147,384,1
147,383,1
147,382,1
147,381,1
147,380,1
147,379,1
147,378,1
147,377,1
147,376,1
146,375,1
146,374,1
146,373,1
146,372,1
146,371,1
146,370,1
146,369,1
146,368,1
146,367,1
145,366,1
145,365,1
145,364,1
145,363,1
145,362,1
145,361,1
145,360,1
145,359,1
145,358,1
145,357,1
144,356,1
144,355,1
144,354,1
144,353,1
144,352,1
144,351,1
144,350,1
144,349,1
144,348,1
144,347,1
144,346,1
144,345,1
144,344,1
144,343,1
144,342,1
144,341,1
144,340,1
144,339,1
144,338,1
144,337,1
144,336,1
144,335,1
144,334,1
144,333,1
144,332,1
144,331,1
144,330,1
144,329,1
144,328,1
144,327,1
144,326,1
144,325,1
144,324,1
144,323,1
144,322,1
144,321,1
144,320,1
144,319,1
145,318,1
145,317,1
145,316,1
145,315,1
145,314,1
145,313,1
145,312,1
145,311,1
146,310,1
146,309,1
146,308,1
146,307,1
146,306,1
146,305,1
146,304,1
146,303,1
147,302,1
147,301,1
147,300,1
147,299,1
147,298,1
147,297,1
148,296,1
148,295,1
148,294,1
148,293,1
148,292,1
149,291,1
149,290,1
149,289,1
149,288,1
150,287,1
150,286,1
150,285,1
151,284,1
151,283,1
151,282,1
151,281,1
152,280,1
152,279,1
152,278,1
152,277,1
153,276,1
153,275,1
153,274,1
153,273,1
154,272,1
154,271,1
154,270,1
155,269,1
155,268,1
155,267,1
155,266,1
156,265,1
156,264,1
156,263,1
157,262,1
157,261,1
157,260,1
158,259,1
158,258,1
159,257,1
159,256,1
159,255,1
160,254,1
161,253,1
161,252,1
162,251,1
162,250,1
162,249,1
163,248,1
163,247,1
164,246,1
164,245,1
165,245,1
165,244,1
166,243,1
166,242,1
167,241,1
167,240,1
167,239,1
168,238,1
169,237,1
170,236,1
170,235,1
171,234,1
171,233,1
172,232,1
173,231,1
173,230,1
174,229,1
174,228,1
175,228,1
175,227,1
176,226,1
177,225,1
177,224,1
178,223,1
179,222,1
179,221,1
180,220,1
181,219,1
181,218,1
182,218,1
183,217,1
183,216,1
184,215,1
185,214,1
186,213,1
187,212,1
188,211,1
189,210,1
190,209,1
191,208,1
192,207,1
193,207,1
193,206,1
194,205,1
195,205,1
196,204,1
197,203,1
198,203,1
198,202,1
199,201,1
200,201,1
201,200,1
202,200,1
203,199,1
204,199,1
205,198,1
206,198,1
207,198,1
208,197,1
209,197,1
210,197,1
211,196,1
212,196,1
213,196,1
214,196,1
215,196,1
216,195,1
217,195,1
218,195,1
219,195,1
220,195,1
221,196,1
222,196,1
223,196,1
224,196,1
225,196,1
226,196,1
227,197,1
228,197,1
229,198,1
230,198,1
231,199,1
232,199,1
233,200,1
234,200,1
234,201,1
235,201,1
236,202,1
237,203,1
238,204,1
239,205,1
240,206,1
241,207,1
241,208,1
242,208,1
242,209,1
243,210,1
244,211,1
244,212,1
245,213,1
245,214,1
246,215,1
246,216,1
247,217,1
247,218,1
248,219,1
248,220,1
249,221,1
249,222,1
250,223,1
250,224,1
251,225,1
251,226,1
252,227,1
252,228,1
252,229,1
253,230,1
253,231,1
254,232,1
254,233,1
254,234,1
255,235,1
255,236,1
255,237,1
255,238,1
256,239,1
256,240,1
256,241,1
257,242,1
257,243,1
257,244,1
258,245,1
258,246,1
258,247,1
259,248,1
259,249,1
259,250,1
260,251,1
260,252,1
260,253,1
261,254,1
261,255,1
262,256,1
262,257,1
262,258,1
263,259,1
263,260,1
263,261,1
264,262,1
264,263,1
264,264,1
265,265,1
265,266,1
265,267,1
265,268,1
266,269,1
266,270,1
266,271,1
267,272,1
267,273,1
267,274,1
267,275,1
268,276,1
268,277,1
268,278,1
268,279,1
268,280,1
269,281,1
269,282,1
269,283,1
269,284,1
269,285,1
269,286,1
269,287,1
269,288,1
268,289,1
268,290,1
267,290,1
267,291,1
266,291,1
266,292,1
265,292,1
264,292,1
263,292,1
263,293,1
262,293,1
261,293,1
260,293,1
259,293,1
258,293,1
257,293,1
256,293,1
255,293,1
254,293,1
253,293,1
252,293,1
251,293,1
250,293,1
249,293,1
248,293,1
247,293,1
246,293,1
245,293,1
244,293,1
243,293,1
242,293,1
241,293,1
240,293,1
239,293,1
238,294,1
237,294,1
236,294,1
235,295,1
234,295,1
233,295,1
232,295,1
231,296,1
230,296,1
229,296,1
228,297,1
227,298,1
226,298,1
226,299,1
225,300,1
224,300,1
224,301,1
223,302,1
223,303,1
223,304,1
223,305,1
223,306,1
224,307,1
224,308,1
224,309,1
225,309,1
225,310,1
226,311,1
226,312,1
226,313,1
226,314,1
226,315,1
226,316,1
226,317,1
225,318,1
224,319,1
223,320,1
222,321,1
221,321,1
221,322,1
220,322,1
219,323,1
218,324,1
217,324,1
217,325,1
216,325,1
215,326,1
214,326,1
213,327,1
213,328,1
212,328,1
211,329,1
210,329,1
209,330,1
208,330,1
208,331,1
207,332,1
206,332,1
205,333,1
204,334,1
204,335,1
203,335,1
202,336,1
201,337,1
200,337,1
199,338,1
198,339,1
198,340,1
197,341,1
196,341,1
195,342,1
194,343,1
194,344,1
193,345,1
192,346,1
191,347,1
190,348,1
189,349,1
188,350,1
188,351,1
187,351,1
186,352,1
186,353,1
185,354,1
184,355,1
184,356,1
183,357,1
183,358,1
182,358,1
182,359,1
181,360,1
181,361,1
180,362,1
180,363,1
179,364,1
179,365,1
178,366,1
178,367,1
177,368,1
177,369,1
177,370,1
176,371,1
176,372,1
176,373,1
175,374,1
175,375,1
175,376,1
175,377,1
174,378,1
174,379,1
174,380,1
174,381,1
174,382,1
174,383,1
173,384,1
173,385,1
173,386,1
173,387,1
173,388,1
173,389,1
173,390,1
173,391,1
173,392,1
173,393,1
174,394,1
174,395,1
174,396,1
174,397,1
174,398,1
174,399,1
175,400,1
175,401,1
175,402,1
175,403,1
176,403,1
176,404,1
177,405,1
177,406,1
178,407,1
178,408,1
179,409,1
179,410,1
180,411,1
181,412,1
181,413,1
182,414,1
183,415,1
184,416,1
185,417,1
186,418,1
187,419,1
188,419,1
189,420,1
189,421,1
190,421,1
191,422,1
192,422,1
193,423,1
194,423,1
194,424,1
195,424,1
196,425,1
197,425,1
198,426,1
199,426,1
200,426,1
201,427,1
202,427,1
203,427,1
203,428,1
204,428,1
205,428,1
206,429,1
207,429,1
208,429,1
209,430,1
210,430,1
211,430,1
212,430,1
213,431,1
214,431,1
215,431,1
216,431,1
217,431,1
218,431,1
219,431,1
220,432,1
221,432,1
222,432,1
223,432,1
224,432,1
225,432,1
226,432,1
227,432,1
228,432,1
229,432,1
230,432,1
231,432,1
256,392,0
282,348,1
283,348,1
284,349,1
284,350,1
285,351,1
286,352,1
286,353,1
287,354,1
287,355,1
287,356,1
288,357,1
288,358,1
289,359,1
289,360,1
290,361,1
290,362,1
290,363,1
291,364,1
291,365,1
291,366,1
292,367,1
292,368,1
292,369,1
292,370,1
293,371,1
293,372,1
293,373,1
293,374,1
293,375,1
293,376,1
293,377,1
294,378,1
293,379,1
293,380,1
293,381,1
293,382,1
293,383,1
293,384,1
293,385,1
292,386,1
292,387,1
291,388,1
291,389,1
290,390,1
290,391,1
289,392,1
289,393,1
288,393,1
287,394,1
287,395,1
286,395,1
285,396,1
284,397,1
283,397,1
283,398,1
282,398,1
281,399,1
280,399,1
279,399,1
278,400,1
277,400,1
276,401,1
275,401,1
274,401,1
273,402,1
272,402,1
271,402,1
270,402,1
269,403,1
268,403,1
267,403,1
266,403,1
265,403,1
264,403,1
263,403,1
262,404,1
261,404,1
260,404,1
259,404,1
258,404,1
257,404,1
256,404,1
255,404,1
254,404,1
325,350,0
392,292,1
392,293,1
392,294,1
392,295,1
392,296,1
392,297,1
392,298,1
392,299,1
392,300,1
392,301,1
392,302,1
392,303,1
392,304,1
392,305,1
392,306,1
392,307,1
392,308,1
392,309,1
392,310,1
392,311,1
392,312,1
392,313,1
392,314,1
392,315,1
392,316,1
392,317,1
392,318,1
392,319,1
392,320,1
392,321,1
392,322,1
392,323,1
391,324,1
391,325,1
391,326,1
391,327,1
391,328,1
391,329,1
391,330,1
391,331,1
391,332,1
390,333,1
390,334,1
390,335,1
390,336,1
390,337,1
390,338,1
390,339,1
389,340,1
389,341,1
389,342,1
389,343,1
389,344,1
388,345,1
388,346,1
388,347,1
388,348,1
387,349,1
387,350,1
387,351,1
386,352,1
386,353,1
385,354,1
385,355,1
384,355,1
384,356,1
383,357,1
383,358,1
382,359,1
381,360,1
381,361,1
380,361,1
379,362,1
378,362,1
378,363,1
377,363,1
376,363,1
375,364,1
374,364,1
373,364,1
372,364,1
371,364,1
370,363,1
369,363,1
368,362,1
367,361,1
366,360,1
366,359,1
365,358,1
365,357,1
365,356,1
365,355,1
365,354,1
365,353,1
366,352,1
366,351,1
367,350,1
367,349,1
368,349,1
369,348,1
370,347,1
371,346,1
372,346,1
373,346,1
374,345,1
375,345,1
376,344,1
377,344,1
378,344,1
379,344,1
380,344,1
381,343,1
382,343,1
383,343,1
384,343,1
385,343,1
386,343,1
387,343,1
388,342,1
389,342,1
390,342,1
391,342,1
392,342,1
393,342,1
394,342,1
395,342,1
396,342,1
397,342,1
398,342,1
399,342,1
400,342,1
401,342,1
402,342,1
403,342,1
404,342,1
405,342,1
406,342,1
407,342,1
408,342,1
409,342,1
410,342,1
411,342,1
412,342,1
413,342,1
414,342,1
415,342,1
416,342,1
417,342,1
418,342,1
419,342,1
420,342,1
421,342,1
422,341,1
423,341,1
424,341,1
425,341,1
426,341,1
427,341,1
428,341,1
429,340,1
430,340,1
431,340,1
432,340,1
432,339,1
433,339,1
434,339,1
435,339,1
436,338,1
437,338,1
438,338,1
439,337,1
440,336,1
441,336,1
442,335,1
443,335,1
444,334,1
444,333,1
445,333,1
446,332,1
447,331,1
448,330,1
449,329,1
450,328,1
450,327,1
451,326,1
451,325,1
452,324,1
453,323,1
453,322,1
453,321,1
454,320,1
454,319,1
455,318,1
455,317,1
455,316,1
455,315,1
456,314,1
456,313,1
456,312,1
456,311,1
456,310,1
456,309,1
457,308,1
457,307,1
457,306,1
457,305,1
457,304,1
457,303,1
457,302,1
457,301,1
458,300,1
458,299,1
458,298,1
458,297,1
458,296,1
458,295,1
457,295,1
457,296,1
457,297,1
457,298,1
457,299,1
456,300,1
456,301,1
456,302,1
456,303,1
456,304,1
456,305,1
455,306,1
455,307,1
455,308,1
455,309,1
455,310,1
455,311,1
454,312,1
454,313,1
454,314,1
454,315,1
454,316,1
454,317,1
454,318,1
453,319,1
453,320,1
453,321,1
453,322,1
453,323,1
453,324,1
453,325,1
453,326,1
452,327,1
452,328,1
452,329,1
452,330,1
452,331,1
452,332,1
452,333,1
452,334,1
452,335,1
452,336,1
452,337,1
451,338,1
451,339,1
451,340,1
451,341,1
451,342,1
451,343,1
451,344,1
451,345,1
451,346,1
451,347,1
451,348,1
451,349,1
451,350,1
451,351,1
451,352,1
451,353,1
452,354,1
452,355,1
452,356,1
452,357,1
452,358,1
452,359,1
452,360,1
452,361,1
453,362,1
453,363,1
453,364,1
453,365,1
453,366,1
453,367,1
454,368,1
454,369,1
454,370,1
454,371,1
455,372,1
455,373,1
455,374,1
455,375,1
456,376,1
456,377,1
456,378,1
457,379,1
457,380,1
458,381,1
458,382,1
459,383,1
459,384,1
460,385,1
461,385,1
462,385,1
479,345,0
501,302,1
501,303,1
500,304,1
500,305,1
500,306,1
499,307,1
499,308,1
499,309,1
499,310,1
498,311,1
498,312,1
498,313,1
498,314,1
497,315,1
497,316,1
497,317,1
497,318,1
496,319,1
496,320,1
496,321,1
496,322,1
496,323,1
496,324,1
495,325,1
495,326,1
495,327,1
495,328,1
495,329,1
494,330,1
494,331,1
494,332,1
494,333,1
494,334,1
494,335,1
494,336,1
493,337,1
493,338,1
493,339,1
493,340,1
493,341,1
493,342,1
494,343,1
494,344,1
494,345,1
494,346,1
494,347,1
494,348,1
494,349,1
495,350,1
495,351,1
495,352,1
495,353,1
495,354,1
496,355,1
496,356,1
496,357,1
496,358,1
496,359,1
497,360,1
497,361,1
497,362,1
497,363,1
498,364,1
498,365,1
498,366,1
499,367,1
499,368,1
500,369,1
500,370,1
500,371,1
501,372,1
501,373,1
502,374,1
502,375,1
503,376,1
504,377,1
505,378,1
505,379,1
506,380,1
507,381,1
508,382,1
509,383,1
510,384,1
511,385,1
512,386,1
513,386,1
514,386,1
515,386,1
515,385,1
543,354,0
578,319,1
577,320,1
577,321,1
576,321,1
575,322,1
574,322,1
573,322,1
572,322,1
571,322,1
570,322,1
569,322,1
568,322,1
567,322,1
566,322,1
565,321,1
564,321,1
563,321,1
563,320,1
562,320,1
561,319,1
561,318,1
560,318,1
560,317,1
560,316,1
559,315,1
559,314,1
559,313,1
559,312,1
559,311,1
559,310,1
559,309,1
559,308,1
560,307,1
560,306,1
561,305,1
562,304,1
562,303,1
563,303,1
563,302,1
564,301,1
565,301,1
565,300,1
566,300,1
567,299,1
568,299,1
569,298,1
570,298,1
571,297,1
572,297,1
573,297,1
574,297,1
575,297,1
576,296,1
577,296,1
578,296,1
579,296,1
580,296,1
581,297,1
582,297,1
583,297,1
584,297,1
585,297,1
585,298,1
586,298,1
587,299,1
588,299,1
589,299,1
589,300,1
590,301,1
591,301,1
591,302,1
592,303,1
593,304,1
593,305,1
594,306,1
594,307,1
595,307,1
595,308,1
595,309,1
596,310,1
596,311,1
596,312,1
596,313,1
596,314,1
597,315,1
597,316,1
597,317,1
597,318,1
597,319,1
597,320,1
597,321,1
597,322,1
596,323,1
596,324,1
596,325,1
596,326,1
596,327,1
595,328,1
595,329,1
595,330,1
595,331,1
594,332,1
594,333,1
593,334,1
593,335,1
593,336,1
592,337,1
592,338,1
591,339,1
591,340,1
590,341,1
589,342,1
589,343,1
588,344,1
588,345,1
587,346,1
586,347,1
586,348,1
585,349,1
584,350,1
583,351,1
582,352,1
582,353,1
581,354,1
580,355,1
579,356,1
578,357,1
577,358,1
576,359,1
575,359,1
574,360,1
574,361,1
573,361,1
572,362,1
571,363,1
570,363,1
569,364,1
568,364,1
567,365,1
566,365,1
565,365,1
564,365,1
563,365,1
562,365,1
563,365,1
564,365,1
565,365,1
566,365,1
567,365,1
568,365,1
569,365,1
570,366,1
571,366,1
572,366,1
573,367,1
574,367,1
574,368,1
575,368,1
576,369,1
577,369,1
578,370,1
579,370,1
580,371,1
581,371,1
582,372,1
582,373,1
583,373,1
584,374,1
585,375,1
586,375,1
587,376,1
588,376,1
589,377,1
590,378,1
591,379,1
592,379,1
593,380,1
594,380,1
595,381,1
596,381,1
597,382,1
598,383,1
599,383,1
599,384,1
600,384,1
601,384,1
602,385,1
603,385,1
604,386,1
605,386,1
606,387,1
607,387,1
608,387,1
609,388,1
610,388,1
611,388,1
612,389,1
613,389,1
614,389,1
615,390,1
616,390,1
617,390,1
618,390,1
619,389,1
636,354,0
657,315,1
657,316,1
657,317,1
657,318,1
656,319,1
656,320,1
656,321,1
656,322,1
656,323,1
655,324,1
655,325,1
655,326,1
655,327,1
654,328,1
654,329,1
654,330,1
654,331,1
654,332,1
653,333,1
653,334,1
653,335,1
653,336,1
652,337,1
652,338,1
652,339,1
652,340,1
651,341,1
651,342,1
651,343,1
650,344,1
650,345,1
650,346,1
649,347,1
649,348,1
649,349,1
648,350,1
648,351,1
648,352,1
647,353,1
647,354,1
647,355,1
646,356,1
646,357,1
646,358,1
646,359,1
645,360,1
645,361,1
645,362,1
644,363,1
644,364,1
644,365,1
643,366,1
643,367,1
643,368,1
643,369,1
642,370,1
642,371,1
641,372,1
641,373,1
641,374,1
640,375,1
640,376,1
640,377,1
639,377,1
639,378,1
638,379,1
638,380,1
638,381,1
637,382,1
637,383,1
636,384,1
636,385,1
635,386,1
635,387,1
635,388,1
634,389,1
634,390,1
634,391,1
633,392,1
633,393,1
632,393,1
632,394,1
631,395,1
631,396,1
630,397,1
630,398,1
629,398,1
629,399,1
629,400,1
628,401,1
628,402,1
627,403,1
626,404,1
626,405,1
625,405,1
625,406,1
624,407,1
624,408,1
623,409,1
623,410,1
622,411,1
622,412,1
621,412,1
621,413,1
620,414,1
619,415,1
619,416,1
618,417,1
617,418,1
617,419,1
616,419,1
616,420,1
615,421,1
614,422,1
614,423,1
613,423,1
612,424,1
612,425,1
611,426,1
610,427,1
609,427,1
609,428,1
608,429,1
607,430,1
606,430,1
605,431,1
605,432,1
604,433,1
603,433,1
602,434,1
601,435,1
600,436,1
599,436,1
598,437,1
597,438,1
596,438,1
595,439,1
594,439,1
593,440,1
592,440,1
591,441,1
590,441,1
589,441,1
588,442,1
587,442,1
586,442,1
585,442,1
584,442,1
583,443,1
582,443,1
581,443,1
580,443,1
579,443,1
578,443,1
577,443,1
576,443,1
575,442,1
574,442,1
573,442,1
572,442,1
571,441,1
570,441,1
569,440,1
568,440,1
567,439,1
566,439,1
566,438,1
565,438,1
564,437,1
564,436,1
563,436,1
563,435,1
563,434,1
562,433,1
562,432,1
562,431,1
562,430,1
562,429,1
562,428,1
563,428,1
563,427,1
564,426,1
565,425,1
565,424,1
566,424,1
567,423,1
568,423,1
569,423,1
569,422,1
570,422,1
571,422,1
572,421,1
573,421,1
574,421,1
575,421,1
576,421,1
577,421,1
578,421,1
579,421,1
580,421,1
581,421,1
582,421,1
583,421,1
584,421,1
585,422,1
586,422,1
587,422,1
588,422,1
589,422,1
590,423,1
591,423,1
592,423,1
593,423,1
594,424,1
595,424,1
596,424,1
597,425,1
598,425,1
599,425,1
600,426,1
601,426,1
602,426,1
603,427,1
604,427,1
604,428,1
605,428,1
606,429,1
607,429,1
608,429,1
609,430,1
610,430,1
611,430,1
612,431,1
613,431,1
614,432,1
615,432,1
616,432,1
617,433,1
618,433,1
619,433,1
620,434,1
621,434,1
622,434,1
623,435,1
624,435,1
625,435,1
626,436,1
627,436,1
628,437,1
629,437,1
630,437,1
631,438,1
632,438,1
633,438,1
633,439,1
634,439,1
635,439,1
636,440,1
637,440,1
638,441,1
639,441,1
640,441,1
641,442,1
642,442,1
643,442,1
644,442,1
645,443,1
646,443,1
647,443,1
648,443,1
649,443,1
650,443,1
651,444,1
652,444,1
653,444,1
654,444,1
655,444,1
656,444,1
657,444,1
658,444,1
659,444,1
660,444,1
661,444,1
662,444,1
663,444,1
664,444,1
665,444,1
666,444,1
667,443,1
668,443,1
669,443,1
670,442,1
670,441,1
671,441,1
423,351,0
173,259,1
174,259,1
175,259,1
176,259,1
177,260,1
178,260,1
179,260,1
180,260,1
181,261,1
182,261,1
183,261,1
184,261,1
185,261,1
186,262,1
187,262,1
188,262,1
189,262,1
190,262,1
191,262,1
192,263,1
193,263,1
194,263,1
195,263,1
196,263,1
197,263,1
198,263,1
199,263,1
200,264,1
201,264,1
202,264,1
203,264,1
204,264,1
205,264,1
206,264,1
207,264,1
208,264,1
209,264,1
210,265,1
211,265,1
212,265,1
213,265,1
214,265,1
215,265,1
216,265,1
217,265,1
218,265,1
219,265,1
220,265,1
221,266,1
222,266,1
223,266,1
224,266,1
225,266,1
226,266,1
227,266,1
228,266,1
229,266,1
230,266,1
231,266,1
232,266,1
233,266,1
234,266,1
235,266,1
236,266,1
237,267,1
238,267,1
239,267,1
240,267,1
241,267,1
242,267,1
243,267,1
244,267,1
245,267,1
246,267,1
247,267,1
248,267,1
249,267,1
250,267,1
251,267,1
252,267,1
253,267,1
254,267,1
255,267,1
256,267,1
257,267,1
258,267,1
259,267,1
260,267,1
261,267,1
262,267,1
263,268,1
264,268,1
265,268,1
266,268,1
267,268,1
268,268,1
269,268,1
270,268,1
271,268,1
272,268,1
273,268,1
274,268,1
275,268,1
276,268,1
277,268,1
278,268,1
279,268,1
280,268,1
281,268,1
282,268,1
283,268,1
284,268,1
285,268,1
286,268,1
287,268,1
288,268,1
289,268,1
290,268,1
291,268,1
292,268,1
293,268,1
294,268,1
295,268,1
296,268,1
297,268,1
298,268,1
299,269,1
300,269,1
301,269,1
302,269,1
303,269,1
304,269,1
305,269,1
306,269,1
307,269,1
308,269,1
309,269,1
310,269,1
311,269,1
312,269,1
313,269,1
314,269,1
315,269,1
316,269,1
317,269,1
318,269,1
319,269,1
320,269,1
321,269,1
322,269,1
323,269,1
324,269,1
325,269,1
326,269,1
327,269,1
328,269,1
329,269,1
330,269,1
331,269,1
332,269,1
333,269,1
334,269,1
335,269,1
336,269,1
337,269,1
338,269,1
339,269,1
340,269,1
341,269,1
342,269,1
343,269,1
344,269,1
345,269,1
346,269,1
347,269,1
348,269,1
349,269,1
350,269,1
351,269,1
352,269,1
353,269,1
354,269,1
355,269,1
356,269,1
357,269,1
358,269,1
359,269,1
360,269,1
361,269,1
362,269,1
363,269,1
364,269,1
365,269,1
366,269,1
367,269,1
368,269,1
369,269,1
370,269,1
371,269,1
372,269,1
373,269,1
374,269,1
375,269,1
376,269,1
377,269,1
378,269,1
379,269,1
380,269,1
381,269,1
382,269,1
383,269,1
384,269,1
385,269,1
386,269,1
387,269,1
388,269,1
389,269,1
390,269,1
391,269,1
392,269,1
393,269,1
394,269,1
395,269,1
396,269,1
397,269,1
398,269,1
399,269,1
400,269,1
401,269,1
402,269,1
403,269,1
404,269,1
405,269,1
406,269,1
407,269,1
408,269,1
409,269,1
410,269,1
411,269,1
412,269,1
413,269,1
414,269,1
415,269,1
416,269,1
417,269,1
418,270,1
419,270,1
420,270,1
421,270,1
422,270,1
423,270,1
424,270,1
425,270,1
426,270,1
427,270,1
428,270,1
429,270,1
430,270,1
431,270,1
432,270,1
433,270,1
434,270,1
435,270,1
436,270,1
437,270,1
438,270,1
439,270,1
440,270,1
441,270,1
442,270,1
443,270,1
444,270,1
445,271,1
446,271,1
447,271,1
448,271,1
449,271,1
450,271,1
451,271,1
452,271,1
453,271,1
454,271,1
455,271,1
456,271,1
457,271,1
458,271,1
459,271,1
460,271,1
461,271,1
462,271,1
463,272,1
464,272,1
465,272,1
466,272,1
467,272,1
468,272,1
469,272,1
470,272,1
471,273,1
472,273,1
473,273,1
474,273,1
475,273,1
476,273,1
477,273,1
478,273,1
479,273,1
480,273,1
481,273,1
482,273,1
483,273,1
484,274,1
485,274,1
486,274,1
487,274,1
488,274,1
489,274,1
490,274,1
491,274,1
492,274,1
493,274,1
494,274,1
495,274,1
496,274,1
497,274,1
498,274,1
499,274,1
500,275,1
501,275,1
502,275,1
503,275,1
504,275,1
505,275,1
506,275,1
507,275,1
508,275,1
509,275,1
510,275,1
511,275,1
512,275,1
513,275,1
514,275,1
515,275,1
516,276,1
517,276,1
518,276,1
519,276,1
520,276,1
521,276,1
522,276,1
523,276,1
524,276,1
525,276,1
526,276,1
527,276,1
528,276,1
529,276,1
530,276,1
531,276,1
532,277,1
533,277,1
534,277,1
535,277,1
536,277,1
537,277,1
538,277,1
539,277,1
540,277,1
541,277,1
542,277,1
543,277,1
544,277,1
545,278,1
546,278,1
547,278,1
548,278,1
549,278,1
550,278,1
551,278,1
552,278,1
553,278,1
554,278,1
555,278,1
556,278,1
557,278,1
558,278,1
559,278,1
560,279,1
561,279,1
562,279,1
563,279,1
564,279,1
565,279,1
566,279,1
567,279,1
568,279,1
569,279,1
570,279,1
571,279,1
572,279,1
573,279,1
574,279,1
575,279,1
576,280,1
577,280,1
578,280,1
579,280,1
580,280,1
581,280,1
582,280,1
583,280,1
584,280,1
585,280,1
586,280,1
587,280,1
588,280,1
589,280,1
590,280,1
591,281,1
592,281,1
593,281,1
594,281,1
595,281,1
596,281,1
597,281,1
598,281,1
599,281,1
600,281,1
601,281,1
602,281,1
603,281,1
604,281,1
605,281,1
606,281,1
607,281,1
608,281,1
609,282,1
610,282,1
611,282,1
612,282,1
613,282,1
614,282,1
615,282,1
616,282,1
617,282,1
618,282,1
619,282,1
620,282,1
621,282,1
622,282,1
623,282,1
624,282,1
625,282,1
626,282,1
627,282,1
628,282,1
629,282,1
630,282,1
631,282,1
632,282,1
633,282,1
634,282,1
635,282,1
636,282,1
637,282,1
638,282,1
639,282,1
640,282,1
641,282,1
642,282,1
643,282,1
644,282,1
645,282,1
646,282,1
647,282,1
648,282,1
649,282,1
650,282,1
651,282,1
652,282,1
653,282,1
654,282,1
655,282,1
656,282,1
657,282,1
658,282,1
659,282,1
660,282,1
661,282,1
662,282,1
663,282,1
664,282,1
665,282,1
666,282,1
667,282,1
668,282,1
669,282,1
670,282,1
671,282,1
672,282,1
673,282,1
674,282,1
675,282,1
676,282,1
677,282,1
678,282,1
679,282,1
680,282,1
681,282,1
682,282,1
683,282,1
684,282,1
685,282,1
686,282,1
570,270,0
454,254,1
455,255,1
455,256,1
456,256,1
457,257,1
458,258,1
459,259,1
460,259,1
460,260,1
461,260,1
462,261,1
463,262,1
464,262,1
465,263,1
466,263,1
467,264,1
468,264,1
469,265,1
470,265,1
471,266,1
472,266,1
473,267,1
474,267,1
475,268,1
476,268,1
477,268,1
478,269,1
479,269,1
480,270,1
481,270,1
482,270,1
483,271,1
484,271,1
485,271,1
486,272,1
487,272,1
488,273,1
489,273,1
490,273,1
491,274,1
492,274,1
493,274,1
494,274,1
495,275,1
496,275,1
497,275,1
498,275,1
499,276,1
500,276,1
501,276,1
502,276,1
503,276,1
504,277,1
505,277,1
506,277,1
507,277,1
508,277,1
509,277,1
510,277,1
511,278,1
512,278,1
513,278,1
514,278,1
515,278,1
516,278,1
517,278,1
518,278,1
519,278,1
520,278,1
521,278,1
522,277,1
523,277,1
524,277,1
525,277,1
526,277,1
527,277,1
528,277,1
529,276,1
530,276,1
531,276,1
532,276,1
533,275,1
534,275,1
535,275,1
536,275,1
537,274,1
538,274,1
539,273,1
540,273,1
541,272,1
542,272,1
543,271,1
544,271,1
545,270,1
546,270,1
547,269,1
548,269,1
549,268,1
550,268,1
551,267,1
552,266,1
553,265,1
554,265,1
555,264,1
556,264,1
557,263,1
558,262,1
559,261,1
560,261,1
561,260,1
561,259,1
562,259,1
563,258,1
564,257,1
565,256,1
566,256,1
566,255,1
567,255,1
568,254,1
568,253,1
568,253,0
