284,329,1
286,379,1
286,380,1
286,381,1
286,382,1
286,383,1
286,384,1
286,385,1
286,386,1
286,387,1
286,388,1
286,389,1
286,390,1
286,391,1
286,392,1
286,393,1
286,394,1
286,395,1
286,396,1
286,397,1
286,398,1
286,399,1
286,400,1
286,401,1
286,402,1
286,403,1
286,404,1
286,405,1
286,406,1
286,407,1
286,408,1
286,409,1
286,410,1
286,411,1
286,412,1
286,413,1
286,414,1
286,415,1
286,416,1
286,417,1
286,418,1
286,419,1
286,420,1
286,421,1
286,422,1
285,423,1
285,424,1
285,425,1
285,426,1
285,427,1
285,428,1
285,429,1
284,430,1
284,431,1
284,432,1
284,433,1
283,434,1
283,435,1
282,436,1
282,437,1
281,438,1
281,439,1
280,439,1
280,440,1
279,441,1
278,441,1
277,442,1
276,442,1
275,443,1
274,443,1
273,443,1
272,443,1
271,443,1
270,443,1
269,443,1
269,442,1
268,442,1
267,441,1
266,440,1
265,439,1
265,438,1
264,437,1
264,436,1
264,435,1
264,434,1
264,433,1
264,432,1
264,431,1
264,430,1
265,429,1
265,428,1
266,427,1
266,426,1
267,425,1
267,424,1
268,424,1
269,423,1
269,422,1
270,422,1
270,421,1
271,421,1
272,420,1
273,419,1
274,419,1
275,418,1
276,418,1
276,417,1
277,417,1
278,417,1
279,416,1
280,416,1
281,416,1
282,415,1
283,415,1
284,415,1
284,414,1
285,414,1
286,414,1
287,413,1
288,413,1
289,413,1
290,412,1
291,412,1
292,412,1
293,412,1
294,411,1
295,411,1
296,411,1
297,411,1
298,410,1
299,410,1
300,410,1
301,409,1
302,409,1
303,409,1
304,409,1
305,408,1
306,408,1
307,408,1
308,408,1
309,408,1
310,407,1
311,407,1
312,407,1
313,407,1
314,406,1
315,406,1
316,406,1
317,405,1
318,405,1
319,405,1
320,405,1
321,404,1
322,404,1
323,404,1
324,404,1
325,403,1
326,403,1
327,403,1
328,403,1
328,402,1
329,402,1
330,402,1
331,402,1
332,401,1
333,401,1
334,401,1
335,401,1
336,400,1
337,400,1
338,400,1
339,400,1
340,399,1
341,399,1
342,399,1
343,399,1
344,398,1
345,398,1
346,398,1
347,397,1
348,397,1
349,397,1
350,397,1
351,396,1
352,396,1
353,396,1
354,395,1
355,395,1
356,395,1
357,395,1
358,394,1
359,394,1
360,394,1
361,393,1
362,393,1
363,393,1
364,393,1
365,392,1
366,392,1
367,392,1
368,391,1
369,391,1
370,391,1
371,391,1
371,390,1
372,390,1
373,390,1
374,389,1
375,389,1
376,389,1
377,388,1
378,388,1
379,388,1
380,388,1
381,387,1
382,387,1
383,387,1
384,386,1
385,386,1
386,385,1
387,385,1
388,385,1
389,384,1
390,384,1
391,384,1
392,383,1
393,383,1
394,383,1
395,382,1
396,382,1
397,382,1
397,381,1
398,381,1
399,381,1
400,380,1
401,380,1
441,348,1
442,347,1
443,346,1
443,345,1
443,344,1
444,343,1
444,342,1
444,341,1
445,340,1
445,339,1
445,338,1
445,337,1
445,336,1
446,335,1
446,334,1
446,333,1
446,332,1
446,331,1
446,330,1
445,329,1
445,328,1
445,327,1
444,327,1
444,326,1
443,326,1
443,327,1
442,327,1
442,328,1
442,329,1
441,329,1
441,330,1
441,331,1
441,332,1
440,332,1
440,333,1
440,334,1
440,335,1
440,336,1
440,337,1
440,338,1
440,339,1
439,339,1
439,340,1
439,341,1
439,342,1
439,343,1
439,344,1
439,345,1
439,346,1
439,347,1
439,348,1
439,349,1
439,350,1
439,351,1
439,352,1
439,353,1
439,354,1
439,355,1
439,356,1
439,357,1
439,358,1
439,359,1
439,360,1
438,361,1
438,362,1
438,363,1
438,364,1
438,365,1
438,366,1
438,367,1
438,368,1
438,369,1
438,370,1
438,371,1
438,372,1
438,373,1
438,374,1
438,375,1
438,376,1
438,377,1
438,378,1
438,379,1
438,380,1
438,381,1
438,382,1
438,383,1
438,384,1
438,385,1
438,386,1
438,387,1
438,388,1
438,389,1
438,390,1
438,391,1
438,392,1
438,393,1
438,394,1
438,395,1
438,396,1
437,397,1
437,398,1
437,399,1
437,400,1
437,401,1
437,402,1
437,403,1
437,404,1
437,405,1
437,406,1
437,407,1
437,408,1
437,409,1
437,410,1
437,411,1
437,412,1
437,413,1
437,414,1
437,415,1
437,416,1
437,417,1
437,418,1
437,419,1
437,420,1
437,421,1
437,422,1
437,423,1
437,424,1
437,425,1
437,426,1
437,427,1
437,428,1
438,429,1
438,430,1
438,431,1
438,432,1
438,433,1
438,434,1
438,435,1
438,436,1
438,437,1
438,438,1
438,439,1
438,440,1
438,441,1
438,442,1
438,443,1
439,444,1
439,445,1
439,446,1
439,447,1
439,448,1
439,449,1
439,450,1
439,451,1
439,452,1
439,453,1
440,454,1
440,455,1
440,456,1
440,457,1
441,457,1
441,458,1
442,458,1
443,458,1
490,393,0
541,324,1
541,325,1
541,326,1
541,327,1
541,328,1
541,329,1
541,330,1
540,331,1
540,332,1
540,333,1
540,334,1
540,335,1
540,336,1
540,337,1
539,338,1
539,339,1
539,340,1
539,341,1
539,342,1
539,343,1
539,344,1
539,345,1
539,346,1
538,347,1
538,348,1
538,349,1
538,350,1
538,351,1
538,352,1
538,353,1
538,354,1
538,355,1
538,356,1
538,357,1
537,358,1
537,359,1
537,360,1
537,361,1
537,362,1
537,363,1
537,364,1
537,365,1
537,366,1
537,367,1
537,368,1
536,369,1
536,370,1
536,371,1
536,372,1
536,373,1
536,374,1
536,375,1
536,376,1
536,377,1
536,378,1
535,379,1
535,380,1
535,381,1
535,382,1
535,383,1
535,384,1
535,385,1
535,386,1
535,387,1
535,388,1
535,389,1
535,390,1
535,391,1
535,392,1
534,392,1
534,393,1
535,394,1
535,395,1
535,396,1
536,395,1
536,394,1
536,393,1
536,392,1
511,291,0
480,182,1
481,182,1
482,183,1
483,184,1
483,185,1
484,185,1
485,186,1
486,187,1
487,187,1
487,188,1
488,189,1
489,190,1
490,190,1
491,191,1
492,192,1
493,193,1
494,194,1
495,195,1
496,196,1
497,196,1
498,197,1
498,198,1
499,199,1
500,199,1
501,200,1
502,201,1
503,202,1
504,203,1
505,204,1
506,204,1
506,205,1
507,206,1
508,207,1
509,207,1
510,208,1
511,209,1
512,210,1
513,211,1
514,212,1
515,212,1
515,213,1
516,214,1
517,214,1
518,215,1
519,216,1
520,216,1
520,217,1
521,218,1
522,218,1
523,219,1
524,220,1
524,221,1
525,221,1
526,222,1
527,223,1
528,224,1
529,225,1
530,225,1
531,226,1
531,227,1
532,227,1
533,228,1
534,229,1
535,229,1
535,230,1
536,231,1
537,231,1
538,232,1
538,233,1
539,233,1
540,234,1
541,235,1
542,235,1
542,236,1
543,236,1
544,237,1
545,238,1
546,239,1
547,240,1
548,240,1
549,241,1
549,242,1
550,242,1
551,243,1
552,244,1
553,245,1
554,245,1
555,246,1
556,247,1
557,248,1
558,249,1
559,249,1
559,250,1
560,250,1
561,251,1
562,252,1
563,252,1
563,253,1
564,254,1
565,254,1
566,255,1
567,255,1
567,256,1
568,257,1
569,257,1
570,258,1
571,259,1
572,259,1
573,260,1
574,261,1
575,262,1
576,262,1
577,263,1
578,264,1
579,264,1
580,265,1
581,266,1
582,267,1
583,267,1
584,268,1
585,268,1
585,269,1
586,269,1
587,270,1
588,270,1
589,271,1
590,272,1
591,273,1
592,273,1
593,274,1
594,274,1
595,275,1
726,280,0
867,283,1
867,284,1
867,285,1
867,286,1
867,287,1
867,288,1
866,288,1
865,288,1
864,289,1
863,289,1
862,288,1
861,288,1
860,288,1
859,288,1
858,288,1
857,288,1
856,288,1
855,288,1
854,288,1
853,288,1
852,288,1
851,288,1
850,288,1
849,288,1
848,288,1
847,288,1
846,288,1
845,288,1
844,288,1
843,287,1
842,287,1
841,287,1
840,287,1
839,287,1
838,287,1
837,287,1
836,287,1
835,287,1
834,287,1
833,287,1
832,287,1
831,287,1
830,287,1
829,287,1
828,287,1
827,287,1
826,287,1
825,287,1
824,287,1
823,287,1
822,287,1
821,287,1
820,287,1
819,287,1
818,287,1
817,287,1
816,287,1
815,287,1
814,287,1
813,287,1
812,287,1
811,287,1
810,287,1
809,288,1
808,288,1
807,288,1
806,288,1
805,288,1
804,288,1
803,289,1
802,289,1
801,289,1
800,290,1
799,290,1
798,290,1
797,291,1
796,291,1
795,291,1
794,291,1
794,292,1
793,292,1
792,293,1
791,293,1
790,293,1
790,294,1
789,294,1
788,295,1
787,295,1
787,296,1
786,296,1
785,297,1
784,298,1
783,298,1
783,299,1
782,300,1
781,301,1
781,302,1
780,302,1
780,303,1
780,304,1
779,304,1
779,305,1
779,306,1
778,307,1
778,308,1
778,309,1
778,310,1
778,311,1
778,312,1
778,313,1
778,314,1
779,315,1
779,316,1
779,317,1
780,317,1
780,318,1
780,319,1
781,319,1
781,320,1
782,321,1
783,322,1
784,323,1
785,323,1
785,324,1
786,324,1
787,325,1
788,326,1
789,326,1
790,327,1
791,327,1
791,328,1
792,328,1
793,328,1
794,329,1
795,329,1
796,329,1
797,330,1
798,330,1
799,331,1
800,331,1
801,331,1
802,331,1
803,332,1
804,332,1
805,332,1
806,332,1
807,333,1
808,333,1
809,333,1
810,333,1
811,333,1
812,334,1
813,334,1
814,334,1
815,334,1
816,334,1
817,335,1
818,335,1
819,335,1
820,335,1
821,335,1
822,335,1
823,336,1
824,336,1
825,336,1
826,336,1
827,336,1
828,336,1
829,336,1
830,336,1
831,336,1
832,336,1
833,336,1
834,337,1
835,337,1
836,337,1
837,337,1
838,337,1
839,337,1
840,337,1
841,337,1
842,337,1
843,337,1
844,337,1
845,336,1
846,336,1
847,336,1
848,336,1
849,336,1
850,336,1
851,336,1
851,335,1
852,335,1
852,334,1
851,334,1
850,334,1
850,333,1
849,333,1
848,333,1
847,333,1
846,333,1
845,333,1
844,333,1
843,333,1
842,333,1
841,333,1
840,333,1
839,333,1
838,333,1
837,333,1
836,333,1
835,333,1
834,333,1
833,333,1
832,334,1
831,334,1
830,334,1
829,334,1
828,334,1
827,334,1
826,334,1
825,335,1
824,335,1
823,335,1
822,335,1
821,336,1
820,336,1
819,336,1
818,336,1
817,337,1
816,337,1
815,337,1
814,337,1
813,338,1
812,338,1
811,338,1
810,339,1
809,339,1
808,339,1
808,340,1
807,340,1
806,340,1
805,341,1
804,341,1
803,341,1
802,342,1
801,342,1
800,343,1
799,343,1
798,343,1
798,344,1
797,344,1
796,345,1
795,345,1
794,346,1
793,346,1
792,347,1
791,348,1
790,348,1
789,349,1
788,350,1
787,351,1
786,351,1
785,352,1
785,353,1
784,353,1
783,354,1
782,355,1
781,356,1
780,357,1
779,358,1
778,359,1
778,360,1
777,360,1
777,361,1
776,362,1
776,363,1
775,364,1
775,365,1
774,366,1
774,367,1
773,368,1
773,369,1
773,370,1
773,371,1
772,372,1
772,373,1
772,374,1
772,375,1
772,376,1
772,377,1
772,378,1
772,379,1
772,380,1
772,381,1
772,382,1
772,383,1
773,383,1
773,384,1
773,385,1
773,386,1
774,387,1
774,388,1
775,388,1
775,389,1
775,390,1
776,391,1
777,392,1
777,393,1
778,394,1
779,394,1
779,395,1
780,396,1
781,396,1
781,397,1
782,397,1
783,398,1
784,399,1
785,399,1
786,400,1
787,400,1
787,401,1
788,401,1
789,401,1
790,402,1
791,402,1
792,402,1
792,403,1
793,403,1
794,403,1
795,404,1
796,404,1
797,404,1
798,404,1
799,405,1
800,405,1
801,405,1
802,405,1
803,405,1
804,405,1
804,406,1
805,406,1
806,406,1
807,406,1
808,406,1
809,406,1
810,406,1
811,406,1
812,406,1
813,406,1
814,406,1
815,406,1
816,406,1
817,406,1
818,406,1
819,406,1
820,406,1
821,406,1
822,406,1
823,406,1
824,406,1
825,405,1
826,405,1
827,405,1
828,405,1
829,404,1
830,404,1
831,404,1
832,404,1
833,403,1
834,403,1
835,403,1
836,403,1
837,402,1
838,402,1
839,401,1
840,401,1
841,400,1
842,400,1
842,399,1
843,399,1
844,398,1
845,397,1
846,396,1
755,379,0
672,347,1
672,348,1
672,349,1
672,350,1
672,351,1
672,352,1
672,353,1
672,354,1
672,355,1
672,356,1
672,357,1
672,358,1
672,359,1
672,360,1
672,361,1
672,362,1
672,363,1
672,364,1
672,365,1
672,366,1
672,367,1
672,368,1
672,369,1
672,370,1
672,371,1
672,372,1
673,373,1
673,374,1
673,375,1
673,376,1
673,377,1
674,377,1
674,378,1
674,379,1
675,379,1
675,380,1
676,380,1
677,380,1
677,379,1
678,379,1
678,378,1
679,377,1
679,376,1
679,375,1
680,375,1
680,374,1
680,373,1
680,372,1
681,371,1
681,370,1
681,369,1
681,368,1
682,368,1
682,367,1
682,366,1
682,365,1
683,364,1
683,363,1
683,362,1
683,361,1
683,360,1
684,359,1
684,358,1
684,357,1
684,356,1
684,355,1
685,354,1
685,353,1
685,352,1
685,351,1
685,350,1
685,349,1
686,348,1
686,347,1
686,346,1
686,345,1
686,344,1
687,343,1
687,342,1
687,341,1
687,340,1
687,339,1
688,338,1
688,337,1
688,336,1
688,335,1
688,334,1
688,333,1
689,332,1
689,331,1
689,330,1
689,329,1
689,328,1
690,327,1
690,326,1
690,325,1
690,324,1
690,323,1
691,322,1
691,321,1
691,320,1
691,319,1
691,318,1
691,317,1
692,316,1
692,315,1
692,314,1
692,313,1
692,312,1
693,311,1
693,310,1
693,309,1
693,308,1
693,307,1
694,306,1
694,305,1
694,304,1
694,303,1
695,302,1
695,301,1
695,300,1
695,299,1
695,298,1
696,297,1
696,296,1
696,295,1
696,294,1
696,293,1
697,292,1
697,291,1
697,290,1
697,289,1
697,288,1
698,287,1
698,286,1
698,285,1
698,284,1
698,283,1
699,282,1
699,281,1
699,280,1
699,279,1
700,278,1
700,277,1
700,276,1
700,275,1
700,274,1
701,273,1
701,272,1
701,271,1
701,270,1
702,269,1
702,268,1
702,267,1
703,266,1
703,265,1
703,264,1
703,263,1
704,262,1
704,261,1
704,260,1
704,259,1
704,258,1
705,257,1
705,256,1
705,255,1
706,254,1
706,253,1
706,252,1
706,251,1
707,250,1
707,249,1
707,248,1
707,247,1
708,246,1
708,245,1
708,244,1
708,243,1
709,242,1
709,241,1
709,240,1
709,239,1
710,239,1
710,238,1
710,237,1
711,236,1
711,235,1
711,234,1
712,233,1
712,232,1
712,231,1
712,230,1
713,229,1
713,228,1
713,227,1
714,226,1
714,225,1
715,224,1
715,223,1
715,222,1
715,221,1
716,220,1
716,219,1
716,218,1
717,217,1
717,216,1
717,215,1
718,215,1
718,214,1
719,213,1
719,212,1
719,211,1
720,210,1
720,209,1
720,208,1
721,207,1
721,206,1
722,205,1
722,204,1
723,203,1
723,202,1
724,201,1
724,200,1
725,199,1
725,198,1
726,197,1
726,196,1
727,195,1
727,194,1
728,193,1
728,192,1
729,191,1
729,190,1
730,189,1
730,188,1
731,187,1
731,186,1
732,185,1
732,184,1
733,183,1
733,182,1
734,181,1
735,181,1
735,180,1
736,179,1
736,178,1
737,177,1
737,176,1
738,175,1
739,174,1
740,173,1
740,172,1
741,171,1
741,170,1
742,170,1
743,169,1
743,168,1
744,167,1
745,166,1
745,165,1
746,165,1
747,164,1
747,163,1
748,162,1
749,162,1
749,161,1
750,160,1
751,159,1
752,158,1
753,157,1
753,156,1
754,156,1
755,155,1
756,154,1
757,153,1
758,152,1
759,152,1
759,151,1
760,150,1
761,150,1
762,149,1
763,149,1
763,148,1
764,147,1
765,147,1
766,146,1
767,146,1
767,145,1
768,145,1
769,144,1
770,144,1
771,143,1
772,143,1
772,142,1
773,142,1
774,142,1
775,141,1
776,141,1
777,141,1
778,140,1
779,140,1
780,140,1
781,139,1
782,139,1
783,138,1
784,138,1
785,138,1
786,138,1
787,138,1
788,138,1
789,137,1
790,137,1
791,137,1
792,137,1
793,137,1
794,137,1
795,137,1
796,137,1
797,137,1
798,137,1
799,137,1
800,137,1
801,137,1
802,138,1
803,138,1
804,138,1
805,138,1
806,138,1
807,139,1
808,139,1
809,139,1
810,140,1
811,140,1
812,140,1
813,141,1
814,141,1
815,142,1
816,142,1
817,143,1
818,143,1
819,144,1
820,144,1
820,145,1
821,145,1
822,146,1
823,147,1
824,147,1
824,148,1
825,148,1
826,149,1
826,150,1
827,150,1
828,151,1
829,152,1
830,153,1
831,154,1
832,155,1
833,156,1
833,157,1
834,157,1
834,158,1
835,159,1
836,160,1
836,161,1
837,162,1
838,163,1
838,164,1
839,165,1
839,166,1
840,167,1
841,168,1
842,169,1
842,170,1
843,171,1
843,172,1
844,173,1
844,174,1
844,175,1
845,175,1
845,176,1
846,177,1
846,178,1
847,179,1
847,180,1
847,181,1
848,182,1
848,183,1
849,184,1
849,185,1
850,186,1
850,187,1
850,188,1
851,189,1
851,190,1
851,191,1
852,192,1
852,193,1
852,194,1
853,194,1
853,195,1
853,196,1
854,197,1
854,198,1
854,199,1
855,200,1
855,201,1
855,202,1
855,203,1
856,204,1
856,205,1
856,206,1
857,206,1
857,207,1
857,208,1
857,209,1
858,210,1
858,211,1
858,212,1
858,213,1
859,214,1
859,215,1
859,216,1
859,217,1
860,218,1
860,219,1
860,220,1
860,221,1
861,222,1
861,223,1
861,224,1
861,225,1
862,226,1
862,227,1
862,228,1
862,229,1
862,230,1
863,231,1
863,232,1
863,233,1
863,234,1
864,235,1
864,236,1
864,237,1
864,238,1
864,239,1
865,240,1
865,241,1
865,242,1
865,243,1
866,244,1
866,245,1
866,246,1
866,247,1
867,248,1
867,249,1
867,250,1
867,251,1
867,252,1
868,253,1
868,254,1
1002,261,0
1141,268,1
1141,269,1
1141,270,1
1140,271,1
1140,272,1
1140,273,1
1139,274,1
1139,275,1
1139,276,1
1139,277,1
1139,278,1
1138,279,1
1138,280,1
1138,281,1
1138,282,1
1138,283,1
1137,284,1
1137,285,1
1137,286,1
1137,287,1
1137,288,1
1136,289,1
1136,290,1
1136,291,1
1136,292,1
1136,293,1
1135,293,1
1135,294,1
1135,295,1
1135,296,1
1134,297,1
1134,298,1
1134,299,1
1133,299,1
1133,300,1
1133,301,1
1132,301,1
1132,302,1
1131,302,1
1130,303,1
1129,303,1
1128,303,1
1128,302,1
1127,302,1
1126,301,1
1125,300,1
1124,299,1
1123,298,1
1123,297,1
1122,297,1
1122,296,1
1121,295,1
1120,294,1
1120,293,1
1119,293,1
1119,292,1
1118,291,1
1117,290,1
1116,290,1
1116,289,1
1115,288,1
1114,287,1
1113,287,1
1113,286,1
1112,286,1
1111,285,1
1110,285,1
1110,284,1
1109,284,1
1108,283,1
1107,283,1
1107,282,1
1106,282,1
1105,281,1
1104,281,1
1103,281,1
1103,280,1
1102,280,1
1101,280,1
1100,279,1
1099,279,1
1098,279,1
1097,278,1
1096,278,1
1095,278,1
1094,278,1
1093,277,1
1092,277,1
1091,277,1
1090,277,1
1089,277,1
1088,277,1
1087,277,1
1086,277,1
1085,277,1
1084,277,1
1083,277,1
1082,277,1
1081,277,1
1080,277,1
1079,277,1
1078,277,1
1077,277,1
1076,277,1
1075,277,1
1074,277,1
1073,278,1
1072,278,1
1071,278,1
1070,278,1
1069,278,1
1068,279,1
1067,279,1
1066,279,1
1065,279,1
1064,279,1
1063,280,1
1062,280,1
1061,280,1
1060,281,1
1059,281,1
1058,281,1
1057,282,1
1056,282,1
1056,283,1
1055,283,1
1054,283,1
1053,284,1
1052,284,1
1051,285,1
1050,285,1
1049,286,1
1048,286,1
1047,286,1
1046,287,1
1045,287,1
1044,288,1
1043,288,1
1042,289,1
1041,290,1
1040,291,1
1039,291,1
1038,292,1
1037,292,1
1036,293,1
1035,293,1
1035,294,1
1034,295,1
1033,295,1
1032,296,1
1031,296,1
1030,297,1
1030,298,1
1029,298,1
1028,299,1
1027,300,1
1026,301,1
1025,301,1
1024,302,1
1024,303,1
1023,303,1
1022,304,1
1022,305,1
1021,306,1
1020,306,1
1019,307,1
1019,308,1
1018,308,1
1017,309,1
1017,310,1
1016,311,1
1015,312,1
1014,313,1
1013,314,1
1013,315,1
1012,316,1
1011,317,1
1010,318,1
1010,319,1
1009,320,1
1008,321,1
1008,322,1
1007,323,1
1006,324,1
1006,325,1
1005,325,1
1005,326,1
1004,327,1
1004,328,1
1003,329,1
1003,330,1
1002,331,1
1001,332,1
1001,333,1
1001,334,1
1000,335,1
1000,336,1
999,337,1
999,338,1
998,339,1
998,340,1
998,341,1
997,342,1
997,343,1
997,344,1
996,344,1
996,345,1
996,346,1
996,347,1
996,348,1
995,349,1
995,350,1
995,351,1
995,352,1
995,353,1
995,354,1
994,355,1
994,356,1
994,357,1
994,358,1
994,359,1
994,360,1
994,361,1
994,362,1
994,363,1
995,364,1
995,365,1
996,366,1
996,367,1
997,368,1
659,304,0
316,249,1
317,249,1
318,249,1
319,249,1
320,249,1
321,249,1
322,249,1
323,249,1
324,249,1
325,249,1
326,249,1
327,249,1
328,249,1
329,249,1
330,249,1
331,249,1
332,249,1
333,249,1
334,249,1
335,249,1
336,249,1
337,249,1
338,249,1
339,249,1
340,249,1
341,248,1
342,248,1
343,248,1
344,248,1
345,248,1
346,248,1
347,248,1
348,248,1
349,248,1
350,248,1
351,248,1
352,248,1
353,248,1
354,248,1
355,248,1
356,248,1
357,248,1
358,247,1
359,247,1
360,247,1
361,247,1
362,247,1
363,247,1
364,247,1
365,247,1
366,247,1
367,247,1
368,247,1
369,247,1
370,247,1
371,247,1
372,247,1
373,247,1
374,247,1
375,247,1
376,246,1
377,246,1
378,246,1
379,246,1
380,246,1
381,246,1
382,246,1
383,246,1
384,246,1
385,246,1
386,246,1
387,246,1
388,246,1
389,246,1
390,246,1
391,246,1
392,246,1
393,246,1
394,246,1
395,246,1
396,246,1
397,245,1
398,245,1
399,245,1
400,245,1
401,245,1
402,245,1
403,245,1
404,245,1
405,245,1
406,245,1
407,245,1
408,245,1
409,245,1
410,245,1
411,244,1
412,244,1
413,244,1
414,244,1
415,244,1
416,244,1
417,244,1
418,244,1
419,244,1
420,244,1
421,244,1
422,244,1
423,244,1
424,244,1
425,243,1
426,243,1
427,243,1
428,243,1
429,243,1
430,243,1
431,243,1
432,243,1
433,243,1
434,243,1
435,243,1
436,243,1
437,243,1
438,243,1
439,242,1
440,242,1
441,242,1
442,242,1
443,242,1
444,242,1
445,242,1
446,242,1
447,242,1
448,242,1
449,242,1
450,242,1
451,242,1
452,242,1
453,242,1
454,242,1
455,242,1
456,242,1
457,241,1
458,241,1
459,241,1
460,241,1
461,241,1
462,241,1
463,241,1
464,241,1
465,241,1
466,241,1
467,241,1
468,241,1
469,241,1
470,240,1
471,240,1
472,240,1
473,240,1
474,240,1
475,240,1
476,240,1
477,240,1
478,240,1
479,240,1
480,239,1
481,239,1
482,239,1
483,239,1
484,239,1
485,239,1
486,239,1
487,239,1
488,239,1
489,239,1
490,239,1
491,239,1
492,239,1
493,238,1
494,238,1
495,238,1
496,238,1
497,238,1
498,238,1
499,238,1
500,238,1
501,238,1
502,238,1
503,238,1
504,238,1
505,238,1
506,238,1
507,238,1
508,238,1
509,238,1
510,238,1
511,238,1
512,238,1
513,238,1
514,238,1
515,238,1
516,238,1
517,238,1
518,237,1
519,237,1
520,237,1
521,237,1
522,237,1
523,237,1
524,237,1
525,237,1
526,237,1
527,237,1
528,237,1
529,237,1
530,237,1
531,237,1
532,237,1
533,237,1
534,237,1
535,237,1
536,237,1
537,237,1
538,237,1
539,237,1
540,237,1
541,237,1
542,237,1
543,237,1
544,237,1
545,237,1
546,237,1
547,237,1
548,237,1
549,237,1
550,237,1
551,237,1
552,237,1
553,237,1
554,237,1
555,237,1
556,237,1
557,237,1
558,237,1
559,237,1
560,237,1
561,237,1
562,237,1
563,237,1
564,237,1
565,237,1
566,237,1
567,237,1
568,237,1
569,237,1
570,237,1
571,237,1
572,237,1
573,237,1
574,237,1
575,237,1
576,237,1
577,237,1
578,237,1
579,237,1
580,237,1
581,237,1
582,237,1
583,237,1
584,237,1
585,237,1
586,237,1
587,237,1
588,237,1
589,237,1
590,237,1
591,237,1
592,237,1
593,237,1
594,237,1
595,237,1
596,237,1
597,237,1
598,237,1
599,237,1
600,237,1
601,237,1
602,237,1
603,237,1
604,237,1
605,237,1
606,237,1
607,237,1
608,237,1
609,237,1
610,237,1
611,237,1
612,237,1
613,237,1
614,237,1
615,237,1
616,237,1
617,237,1
618,237,1
619,237,1
620,237,1
621,237,1
622,237,1
623,237,1
624,237,1
625,237,1
626,237,1
627,237,1
628,237,1
629,237,1
630,237,1
631,237,1
632,237,1
633,237,1
634,237,1
635,237,1
636,237,1
637,237,1
638,238,1
639,238,1
640,238,1
641,238,1
642,238,1
643,238,1
644,238,1
645,238,1
646,238,1
647,238,1
648,238,1
649,238,1
650,238,1
651,238,1
652,238,1
653,238,1
654,238,1
655,238,1
656,238,1
657,238,1
658,238,1
659,238,1
660,238,1
661,238,1
662,238,1
663,238,1
664,238,1
665,238,1
666,238,1
667,238,1
668,238,1
669,238,1
670,238,1
671,238,1
672,238,1
673,238,1
674,238,1
675,238,1
676,238,1
677,238,1
678,238,1
679,238,1
680,238,1
681,238,1
682,238,1
683,238,1
684,238,1
685,238,1
686,238,1
687,238,1
688,238,1
689,238,1
690,238,1
691,238,1
692,238,1
693,238,1
694,238,1
695,238,1
696,238,1
697,238,1
698,238,1
699,238,1
700,238,1
701,238,1
702,238,1
703,238,1
704,238,1
705,238,1
706,238,1
707,238,1
708,238,1
709,238,1
710,238,1
711,238,1
712,238,1
713,238,1
714,238,1
715,238,1
716,238,1
717,238,1
718,238,1
719,238,1
720,238,1
721,238,1
722,238,1
723,238,1
724,238,1
725,238,1
726,238,1
727,238,1
728,238,1
729,238,1
730,238,1
731,238,1
732,238,1
733,238,1
734,238,1
735,238,1
736,238,1
737,238,1
738,238,1
739,238,1
740,238,1
741,238,1
742,238,1
743,238,1
744,238,1
745,238,1
746,238,1
747,238,1
748,238,1
749,238,1
750,238,1
751,238,1
752,238,1
753,238,1
754,238,1
755,238,1
756,238,1
757,238,1
758,238,1
759,238,1
760,238,1
761,238,1
762,238,1
763,238,1
764,238,1
765,238,1
766,238,1
767,238,1
768,238,1
769,238,1
770,238,1
771,238,1
772,238,1
773,238,1
774,238,1
775,238,1
776,238,1
777,238,1
778,238,1
779,238,1
780,238,1
781,238,1
782,238,1
783,238,1
784,238,1
785,238,1
786,237,1
787,237,1
788,237,1
789,237,1
790,237,1
791,237,1
792,237,1
793,237,1
794,237,1
795,237,1
796,237,1
797,237,1
798,237,1
799,237,1
800,237,1
801,237,1
802,237,1
803,237,1
804,237,1
805,237,1
806,237,1
807,237,1
808,237,1
809,237,1
810,237,1
811,237,1
812,237,1
813,237,1
814,237,1
815,237,1
816,237,1
817,237,1
818,237,1
819,237,1
820,237,1
821,237,1
822,236,1
823,236,1
824,236,1
825,236,1
826,236,1
827,236,1
828,236,1
829,236,1
830,236,1
831,236,1
832,236,1
833,236,1
834,236,1
835,236,1
836,236,1
837,236,1
838,236,1
839,236,1
840,236,1
841,236,1
842,235,1
843,235,1
844,235,1
845,235,1
846,235,1
847,235,1
848,235,1
849,235,1
850,235,1
851,235,1
852,235,1
853,235,1
854,235,1
855,235,1
856,235,1
857,235,1
858,235,1
859,235,1
860,234,1
861,234,1
862,234,1
863,234,1
864,234,1
865,234,1
866,234,1
867,234,1
868,234,1
869,234,1
870,234,1
871,234,1
872,234,1
873,234,1
874,234,1
875,234,1
876,234,1
877,234,1
878,233,1
879,233,1
880,233,1
881,233,1
882,233,1
883,233,1
884,233,1
885,233,1
886,233,1
887,233,1
888,233,1
889,233,1
890,233,1
891,233,1
892,233,1
893,233,1
894,233,1
895,233,1
896,233,1
897,233,1
898,233,1
899,232,1
900,232,1
901,232,1
902,232,1
903,232,1
904,232,1
905,232,1
906,232,1
907,232,1
908,232,1
909,232,1
910,232,1
911,231,1
912,231,1
913,231,1
914,231,1
915,231,1
916,231,1
917,231,1
918,231,1
919,231,1
920,231,1
921,231,1
922,231,1
923,230,1
924,230,1
925,230,1
926,230,1
927,230,1
928,230,1
929,230,1
930,230,1
931,230,1
932,230,1
933,230,1
934,230,1
935,230,1
936,229,1
937,229,1
938,229,1
939,229,1
940,229,1
941,229,1
942,229,1
943,229,1
944,229,1
945,229,1
946,229,1
947,229,1
948,229,1
949,229,1
950,229,1
951,229,1
952,229,1
953,229,1
954,228,1
955,228,1
956,228,1
957,228,1
958,228,1
959,228,1
960,228,1
961,228,1
962,228,1
963,228,1
964,228,1
965,228,1
966,228,1
967,228,1
968,227,1
969,227,1
970,227,1
971,227,1
972,227,1
973,227,1
974,227,1
975,227,1
976,227,1
977,227,1
978,227,1
979,227,1
980,227,1
981,227,1
982,227,1
983,227,1
984,226,1
985,226,1
986,226,1
987,226,1
988,226,1
989,226,1
990,226,1
991,226,1
992,226,1
993,226,1
994,226,1
995,226,1
996,226,1
997,226,1
998,226,1
999,226,1
1000,226,1
1001,226,1
1002,226,1
1003,226,1
1004,225,1
1005,225,1
1006,225,1
1007,225,1
1008,225,1
1009,225,1
1010,225,1
1011,225,1
1012,225,1
1013,225,1
1014,225,1
1015,225,1
1016,225,1
1017,225,1
1018,225,1
1019,225,1
1020,225,1
1021,225,1
1022,225,1
1023,225,1
1024,225,1
1025,225,1
1026,225,1
1027,225,1
1028,225,1
1029,225,1
1030,225,1
1031,225,1
1032,225,1
1033,224,1
1034,224,1
1035,224,1
1036,224,1
1037,224,1
1038,224,1
1039,224,1
1040,224,1
1041,224,1
1042,224,1
1043,224,1
1044,224,1
1045,224,1
1046,224,1
1047,224,1
1048,224,1
1049,224,1
1050,224,1
1051,224,1
1052,224,1
1053,224,1
1054,224,1
1055,224,1
1056,224,1
1057,224,1
1058,223,1
1059,223,1
1060,223,1
1061,223,1
1062,223,1
1063,223,1
1064,223,1
1065,223,1
1066,223,1
1067,223,1
1068,223,1
1069,223,1
1070,223,1
1071,223,1
1072,223,1
1073,223,1
1074,223,1
1075,223,1
1076,222,1
1077,222,1
1078,222,1
1079,222,1
1080,222,1
1081,222,1
1082,222,1
1083,222,1
1084,222,1
1085,222,1
1086,222,1
1087,222,1
1088,222,1
1089,222,1
1090,222,1
1091,222,1
1092,222,1
1093,222,1
1094,222,1
1095,222,1
1096,222,1
1097,222,1
1098,222,1
1099,222,1
1100,222,1
1101,222,1
1102,222,1
1103,222,1
1104,222,1
1105,222,1
1106,222,1
1107,222,1
1108,222,1
1109,222,1
1110,222,1
1111,222,1
1112,222,1
1113,222,1
1114,222,1
1115,222,1
1116,222,1
1117,222,1
1118,222,1
1119,222,1
1120,222,1
1121,222,1
1122,222,1
1123,222,1
1124,222,1
1125,222,1
1126,223,1
1127,223,1
1128,223,1
1129,223,1
1130,223,1
1131,223,1
1132,223,1
1133,223,1
1134,223,1
1135,223,1
1136,223,1
1137,223,1
1138,223,1
1139,223,1
1140,223,1
1141,223,1
1142,223,1
1143,223,1
1144,223,1
1145,224,1
1146,224,1
1147,224,1
1148,224,1
1149,224,1
1150,224,1
1151,224,1
1152,224,1
1153,224,1
1154,224,1
1155,224,1
1156,224,1
1157,224,1
1158,224,1
1159,224,1
1160,224,1
1161,224,1
1162,224,1
1163,224,1
1164,224,1
1165,224,1
1166,224,1
1167,224,1
1168,224,1
1169,224,1
1170,224,1
1171,225,1
1172,225,1
1173,225,1
1174,225,1
1175,225,1
1176,225,1
1177,225,1
1178,225,1
1179,225,1
1180,225,1
1181,225,1
1182,225,1
1183,225,1
1184,225,1
1185,225,1
1186,225,1
1187,225,1
1188,225,1
1189,225,1
1190,225,1
1191,225,1
1192,225,1
1193,225,1
1194,225,1
1195,225,1
1196,225,1
1197,225,1
1198,225,1
1199,225,1
1200,225,1
1201,225,1
1202,225,1
1203,225,1
1204,225,1
1205,225,1
1206,225,1
1207,225,1
1208,225,1
1209,225,1
1210,225,1
1211,225,1
1212,225,1
1213,225,1
1214,225,1
1215,225,1
1216,225,1
1217,225,1
1218,225,1
1219,225,1
1220,225,1
1221,225,1
1222,225,1
1223,225,1
1224,225,1
1224,224,1
1224,224,0
