203,289,1
204,339,1
204,340,1
204,341,1
204,342,1
204,343,1
203,344,1
203,345,1
203,346,1
203,347,1
203,348,1
203,349,1
203,350,1
202,350,1
202,351,1
202,352,1
202,353,1
201,354,1
201,355,1
200,356,1
200,357,1
199,358,1
198,359,1
197,359,1
196,359,1
195,358,1
195,357,1
195,356,1
195,355,1
195,354,1
195,353,1
195,352,1
195,351,1
196,350,1
196,349,1
197,349,1
197,348,1
198,347,1
198,346,1
199,345,1
200,344,1
201,343,1
202,342,1
203,341,1
204,340,1
254,326,1
255,325,1
256,325,1
257,325,1
258,325,1
259,324,1
260,324,1
261,324,1
262,324,1
263,324,1
264,323,1
265,323,1
266,323,1
267,323,1
268,322,1
269,322,1
270,322,1
271,322,1
272,321,1
273,321,1
274,321,1
275,321,1
276,320,1
277,320,1
278,320,1
279,320,1
280,319,1
281,319,1
282,319,1
283,319,1
284,318,1
285,318,1
286,318,1
287,317,1
288,317,1
289,317,1
290,316,1
291,316,1
292,316,1
293,315,1
294,315,1
295,315,1
296,314,1
297,314,1
298,314,1
299,313,1
300,313,1
301,313,1
302,312,1
303,312,1
304,311,1
305,311,1
306,310,1
307,310,1
308,310,1
309,309,1
310,309,1
311,308,1
312,308,1
313,307,1
314,307,1
315,307,1
316,306,1
317,305,1
318,305,1
319,304,1
320,304,1
334,278,1
333,279,1
333,280,1
333,281,1
333,282,1
333,283,1
332,284,1
332,285,1
332,286,1
332,287,1
332,288,1
332,289,1
332,290,1
332,291,1
332,292,1
332,293,1
332,294,1
331,295,1
331,296,1
331,297,1
331,298,1
331,299,1
331,300,1
331,301,1
331,302,1
331,303,1
331,304,1
331,305,1
331,306,1
331,307,1
331,308,1
331,309,1
331,310,1
331,311,1
331,312,1
331,313,1
331,314,1
331,315,1
331,316,1
330,317,1
330,318,1
330,319,1
330,320,1
330,321,1
330,322,1
330,323,1
330,324,1
330,325,1
330,326,1
330,327,1
330,328,1
330,329,1
330,330,1
330,331,1
330,332,1
330,333,1
330,334,1
330,335,1
330,336,1
330,337,1
330,338,1
330,339,1
330,340,1
330,341,1
330,342,1
330,343,1
330,344,1
330,345,1
330,346,1
330,347,1
330,348,1
330,349,1
330,350,1
329,351,1
329,352,1
329,353,1
329,354,1
329,355,1
329,356,1
329,357,1
329,358,1
329,359,1
329,360,1
329,361,1
329,362,1
329,363,1
329,364,1
329,365,1
329,366,1
329,367,1
329,368,1
329,369,1
329,370,1
329,371,1
329,372,1
329,373,1
329,374,1
329,375,1
330,375,1
330,376,1
330,377,1
330,378,1
331,378,1
331,377,1
383,326,0
438,271,1
438,272,1
438,273,1
437,274,1
437,275,1
437,276,1
436,277,1
436,278,1
436,279,1
436,280,1
436,281,1
436,282,1
435,283,1
435,284,1
435,285,1
435,286,1
435,287,1
435,288,1
434,289,1
434,290,1
434,291,1
434,292,1
434,293,1
434,294,1
434,295,1
433,296,1
433,297,1
433,298,1
433,299,1
433,300,1
433,301,1
432,302,1
432,303,1
432,304,1
432,305,1
432,306,1
432,307,1
432,308,1
431,309,1
431,310,1
431,311,1
431,312,1
431,313,1
431,314,1
430,315,1
430,316,1
430,317,1
430,318,1
430,319,1
430,320,1
430,321,1
429,322,1
429,323,1
429,324,1
429,325,1
429,326,1
429,327,1
428,328,1
428,329,1
428,330,1
428,331,1
428,332,1
428,333,1
428,332,1
428,331,1
421,240,0
408,144,1
409,145,1
410,146,1
411,147,1
412,148,1
413,149,1
414,149,1
414,150,1
415,151,1
416,152,1
416,153,1
417,153,1
418,154,1
418,155,1
419,156,1
420,157,1
420,158,1
421,159,1
422,159,1
422,160,1
423,161,1
424,162,1
425,163,1
425,164,1
426,165,1
427,165,1
427,166,1
428,167,1
429,168,1
429,169,1
430,170,1
431,171,1
432,171,1
432,172,1
433,173,1
434,174,1
434,175,1
435,176,1
436,177,1
436,178,1
437,178,1
438,179,1
439,180,1
439,181,1
440,182,1
441,183,1
441,184,1
442,184,1
443,185,1
444,186,1
444,187,1
445,188,1
446,189,1
447,190,1
448,191,1
448,192,1
449,193,1
450,194,1
450,195,1
451,195,1
452,196,1
453,197,1
453,198,1
454,199,1
455,200,1
456,201,1
457,202,1
458,203,1
459,204,1
459,205,1
460,206,1
461,207,1
462,207,1
462,208,1
463,209,1
464,210,1
465,211,1
466,212,1
467,213,1
468,214,1
469,215,1
469,216,1
470,217,1
471,218,1
472,219,1
473,219,1
474,220,1
475,221,1
587,218,0
710,219,1
710,220,1
710,221,1
709,221,1
708,221,1
707,221,1
706,221,1
705,221,1
704,221,1
703,221,1
702,221,1
701,221,1
700,221,1
699,220,1
698,220,1
697,220,1
696,220,1
695,220,1
694,220,1
693,220,1
692,220,1
691,220,1
690,220,1
689,220,1
688,220,1
687,220,1
686,220,1
685,220,1
684,220,1
683,220,1
682,220,1
681,220,1
680,220,1
679,220,1
678,220,1
677,220,1
676,220,1
675,220,1
674,220,1
673,220,1
672,220,1
671,220,1
670,220,1
669,220,1
668,220,1
667,220,1
666,220,1
665,221,1
664,221,1
663,221,1
662,221,1
661,221,1
660,222,1
659,222,1
658,222,1
657,222,1
656,223,1
655,223,1
654,224,1
653,224,1
652,224,1
651,225,1
650,225,1
649,226,1
648,226,1
647,227,1
646,227,1
646,228,1
645,229,1
644,230,1
643,230,1
643,231,1
643,232,1
642,232,1
642,233,1
642,234,1
641,234,1
641,235,1
641,236,1
641,237,1
641,238,1
641,239,1
641,240,1
641,241,1
642,242,1
642,243,1
642,244,1
643,244,1
643,245,1
644,245,1
644,246,1
645,247,1
646,247,1
646,248,1
647,248,1
648,249,1
649,249,1
649,250,1
650,250,1
651,250,1
652,251,1
653,251,1
654,251,1
655,252,1
656,252,1
657,253,1
658,253,1
659,253,1
660,253,1
661,254,1
662,254,1
663,254,1
664,254,1
665,254,1
666,255,1
667,255,1
668,255,1
669,255,1
670,255,1
671,255,1
672,255,1
673,255,1
674,256,1
675,256,1
676,256,1
677,256,1
678,256,1
679,256,1
680,256,1
681,256,1
682,256,1
683,256,1
684,256,1
685,256,1
686,256,1
687,256,1
688,256,1
689,256,1
690,256,1
691,256,1
692,256,1
693,256,1
694,256,1
695,256,1
696,256,1
697,256,1
698,256,1
699,256,1
700,256,1
701,256,1
702,256,1
701,256,1
701,255,1
700,256,1
699,256,1
698,256,1
697,256,1
696,256,1
695,256,1
694,256,1
693,256,1
692,256,1
691,256,1
690,257,1
689,257,1
688,257,1
687,257,1
686,257,1
685,257,1
684,258,1
683,258,1
682,258,1
681,258,1
680,259,1
679,259,1
678,259,1
677,260,1
676,260,1
675,260,1
674,261,1
673,261,1
672,261,1
671,262,1
670,262,1
669,263,1
668,263,1
667,263,1
666,264,1
665,264,1
664,265,1
663,265,1
662,266,1
661,266,1
660,266,1
659,267,1
658,267,1
657,268,1
656,269,1
655,269,1
654,270,1
653,270,1
652,271,1
651,272,1
650,272,1
649,273,1
648,274,1
647,275,1
646,275,1
645,276,1
645,277,1
644,277,1
643,278,1
642,279,1
642,280,1
641,280,1
640,281,1
640,282,1
639,283,1
638,283,1
638,284,1
637,285,1
637,286,1
636,287,1
636,288,1
636,289,1
635,289,1
635,290,1
635,291,1
634,292,1
634,293,1
634,294,1
634,295,1
634,296,1
634,297,1
634,298,1
634,299,1
635,300,1
635,301,1
635,302,1
636,303,1
636,304,1
637,304,1
637,305,1
638,306,1
638,307,1
639,307,1
639,308,1
640,309,1
641,309,1
641,310,1
642,310,1
643,311,1
644,311,1
644,312,1
645,312,1
646,313,1
647,313,1
648,314,1
649,314,1
650,314,1
650,315,1
651,315,1
652,315,1
653,316,1
654,316,1
655,316,1
656,317,1
657,317,1
658,317,1
659,317,1
660,317,1
661,318,1
662,318,1
663,318,1
664,318,1
665,318,1
666,318,1
667,318,1
668,318,1
669,318,1
670,318,1
671,318,1
672,318,1
673,318,1
674,318,1
675,318,1
676,318,1
677,318,1
678,318,1
679,318,1
680,318,1
681,318,1
682,318,1
683,318,1
684,318,1
685,317,1
686,317,1
687,317,1
688,317,1
689,317,1
690,316,1
691,316,1
692,316,1
693,316,1
694,315,1
695,315,1
696,315,1
697,315,1
698,315,1
699,314,1
700,314,1
701,314,1
702,313,1
703,312,1
704,312,1
705,311,1
706,311,1
706,310,1
707,309,1
623,301,0
545,282,1
545,283,1
545,284,1
545,285,1
545,286,1
545,287,1
545,288,1
545,289,1
545,290,1
545,291,1
545,292,1
545,293,1
545,294,1
545,295,1
545,296,1
545,297,1
545,298,1
545,299,1
545,300,1
545,301,1
545,302,1
545,301,1
545,300,1
545,299,1
545,298,1
546,298,1
546,297,1
546,296,1
546,295,1
546,294,1
546,293,1
546,292,1
546,291,1
546,290,1
546,289,1
546,288,1
546,287,1
547,286,1
547,285,1
547,284,1
547,283,1
547,282,1
547,281,1
547,280,1
547,279,1
548,278,1
548,277,1
548,276,1
548,275,1
548,274,1
548,273,1
548,272,1
549,271,1
549,270,1
549,269,1
549,268,1
549,267,1
549,266,1
549,265,1
550,264,1
550,263,1
550,262,1
550,261,1
550,260,1
550,259,1
551,258,1
551,257,1
551,256,1
551,255,1
551,254,1
552,253,1
552,252,1
552,251,1
552,250,1
552,249,1
552,248,1
553,247,1
553,246,1
553,245,1
553,244,1
554,243,1
554,242,1
554,241,1
554,240,1
554,239,1
555,238,1
555,237,1
555,236,1
555,235,1
556,234,1
556,233,1
556,232,1
556,231,1
557,230,1
557,229,1
557,228,1
558,227,1
558,226,1
558,225,1
558,224,1
559,223,1
559,222,1
559,221,1
560,220,1
560,219,1
560,218,1
561,217,1
561,216,1
561,215,1
562,214,1
562,213,1
563,212,1
563,211,1
564,210,1
564,209,1
564,208,1
565,207,1
565,206,1
566,205,1
566,204,1
566,203,1
567,202,1
567,201,1
568,200,1
568,199,1
568,198,1
569,197,1
569,196,1
570,195,1
570,194,1
570,193,1
571,193,1
571,192,1
572,191,1
572,190,1
573,189,1
573,188,1
574,187,1
574,186,1
575,185,1
575,184,1
576,183,1
576,182,1
577,181,1
578,180,1
578,179,1
579,178,1
579,177,1
580,176,1
581,175,1
581,174,1
582,173,1
583,172,1
584,171,1
584,170,1
585,169,1
585,168,1
586,167,1
587,167,1
587,166,1
588,165,1
589,164,1
589,163,1
590,163,1
591,162,1
592,161,1
592,160,1
593,159,1
594,159,1
595,158,1
595,157,1
596,156,1
597,155,1
598,155,1
599,154,1
599,153,1
600,153,1
601,152,1
602,151,1
603,150,1
604,150,1
605,149,1
606,148,1
607,147,1
608,147,1
609,146,1
610,145,1
611,145,1
612,144,1
613,144,1
614,143,1
615,143,1
616,142,1
617,142,1
618,141,1
619,141,1
620,141,1
621,140,1
622,140,1
623,139,1
624,139,1
625,139,1
626,139,1
627,138,1
628,138,1
629,138,1
630,137,1
631,137,1
632,137,1
633,137,1
634,137,1
635,137,1
636,137,1
637,137,1
638,137,1
639,137,1
640,137,1
641,137,1
642,137,1
643,137,1
644,137,1
645,138,1
646,138,1
647,138,1
648,138,1
649,139,1
650,139,1
651,139,1
652,140,1
653,140,1
654,140,1
654,141,1
655,141,1
656,142,1
657,142,1
658,142,1
659,143,1
660,144,1
661,144,1
662,145,1
663,146,1
664,146,1
665,147,1
666,148,1
667,148,1
668,149,1
668,150,1
669,150,1
670,151,1
671,152,1
672,153,1
673,154,1
674,155,1
675,156,1
675,157,1
676,157,1
677,158,1
677,159,1
678,160,1
679,161,1
680,161,1
680,162,1
681,163,1
681,164,1
682,165,1
683,166,1
683,167,1
684,167,1
685,168,1
685,169,1
686,170,1
686,171,1
687,172,1
687,173,1
688,174,1
689,174,1
689,175,1
690,176,1
690,177,1
691,178,1
691,179,1
692,180,1
692,181,1
693,182,1
812,206,0
938,230,1
938,231,1
937,232,1
937,233,1
936,234,1
936,235,1
936,236,1
936,237,1
935,238,1
935,239,1
935,240,1
935,241,1
934,242,1
934,243,1
934,244,1
934,245,1
934,246,1
933,247,1
933,248,1
933,249,1
933,250,1
932,251,1
932,252,1
932,253,1
932,254,1
932,255,1
931,256,1
931,257,1
931,258,1
931,259,1
930,260,1
930,261,1
930,262,1
929,263,1
929,264,1
928,265,1
928,266,1
927,266,1
927,267,1
926,268,1
925,268,1
924,269,1
923,269,1
922,269,1
921,269,1
920,269,1
919,269,1
918,268,1
917,268,1
916,268,1
915,267,1
914,267,1
913,266,1
912,266,1
912,265,1
911,265,1
910,265,1
909,264,1
908,264,1
908,263,1
907,263,1
906,263,1
905,262,1
904,262,1
903,262,1
902,262,1
901,261,1
900,261,1
899,261,1
898,260,1
897,260,1
896,260,1
895,260,1
894,260,1
893,260,1
892,260,1
891,260,1
890,260,1
889,260,1
888,260,1
887,260,1
886,260,1
885,260,1
884,260,1
883,260,1
882,261,1
881,261,1
880,261,1
879,261,1
878,261,1
877,262,1
876,262,1
875,262,1
875,263,1
874,263,1
873,263,1
872,264,1
871,264,1
870,264,1
869,265,1
868,265,1
867,266,1
866,266,1
865,266,1
864,267,1
863,267,1
862,268,1
861,268,1
860,269,1
859,269,1
858,270,1
857,271,1
856,272,1
855,272,1
854,273,1
853,273,1
852,274,1
851,274,1
851,275,1
850,276,1
849,276,1
848,277,1
847,277,1
847,278,1
846,279,1
845,279,1
844,280,1
843,281,1
843,282,1
842,282,1
841,283,1
840,284,1
840,285,1
839,286,1
838,286,1
838,287,1
837,288,1
836,289,1
835,290,1
834,291,1
834,292,1
833,293,1
832,294,1
832,295,1
831,296,1
830,297,1
829,298,1
829,299,1
828,300,1
828,301,1
827,302,1
827,303,1
827,304,1
826,305,1
826,306,1
825,307,1
825,308,1
825,309,1
825,310,1
824,311,1
824,312,1
824,313,1
823,314,1
823,315,1
823,316,1
823,317,1
823,318,1
823,319,1
823,320,1
823,321,1
823,322,1
823,323,1
824,323,1
824,324,1
528,269,0
226,220,1
227,220,1
228,220,1
229,220,1
230,220,1
231,220,1
232,220,1
233,220,1
234,220,1
235,219,1
236,219,1
237,219,1
238,219,1
239,219,1
240,219,1
241,219,1
242,219,1
243,219,1
244,219,1
245,219,1
246,219,1
247,219,1
248,219,1
249,219,1
250,219,1
251,219,1
252,219,1
253,219,1
254,219,1
255,218,1
256,218,1
257,218,1
258,218,1
259,218,1
260,218,1
261,218,1
262,218,1
263,218,1
264,218,1
265,218,1
266,218,1
267,218,1
268,218,1
269,218,1
270,218,1
271,218,1
272,218,1
273,218,1
274,218,1
275,218,1
276,217,1
277,217,1
278,217,1
279,217,1
280,217,1
281,217,1
282,217,1
283,217,1
284,217,1
285,217,1
286,217,1
287,217,1
288,217,1
289,217,1
290,217,1
291,217,1
292,217,1
293,217,1
294,217,1
295,217,1
296,217,1
297,217,1
298,216,1
299,216,1
300,216,1
301,216,1
302,216,1
303,216,1
304,216,1
305,216,1
306,216,1
307,216,1
308,216,1
309,216,1
310,216,1
311,216,1
312,216,1
313,216,1
314,216,1
315,216,1
316,216,1
317,216,1
318,215,1
319,215,1
320,215,1
321,215,1
322,215,1
323,215,1
324,215,1
325,215,1
326,215,1
327,215,1
328,215,1
329,215,1
330,215,1
331,215,1
332,215,1
333,214,1
334,214,1
335,214,1
336,214,1
337,214,1
338,214,1
339,214,1
340,214,1
341,214,1
342,214,1
343,214,1
344,214,1
345,214,1
346,214,1
347,213,1
348,213,1
349,213,1
350,213,1
351,213,1
352,213,1
353,213,1
354,213,1
355,213,1
356,213,1
357,212,1
358,212,1
359,212,1
360,212,1
361,212,1
362,212,1
363,212,1
364,212,1
365,211,1
366,211,1
367,211,1
368,211,1
369,211,1
370,211,1
371,211,1
372,211,1
373,211,1
374,211,1
375,210,1
376,210,1
377,210,1
378,210,1
379,210,1
380,210,1
381,210,1
382,210,1
383,210,1
384,210,1
385,210,1
386,210,1
387,210,1
388,210,1
389,210,1
390,209,1
391,209,1
392,209,1
393,209,1
394,209,1
395,209,1
396,209,1
397,209,1
398,209,1
399,209,1
400,209,1
401,209,1
402,209,1
403,209,1
404,209,1
405,209,1
406,208,1
407,208,1
408,208,1
409,208,1
410,208,1
411,208,1
412,208,1
413,208,1
414,208,1
415,208,1
416,208,1
417,208,1
418,208,1
419,208,1
420,208,1
421,208,1
422,208,1
423,208,1
424,208,1
425,208,1
426,208,1
427,207,1
428,207,1
429,207,1
430,207,1
431,207,1
432,207,1
433,207,1
434,207,1
435,207,1
436,207,1
437,207,1
438,207,1
439,207,1
440,207,1
441,207,1
442,207,1
443,207,1
444,207,1
445,207,1
446,207,1
447,207,1
448,207,1
449,207,1
450,207,1
451,206,1
452,206,1
453,206,1
454,206,1
455,206,1
456,206,1
457,206,1
458,206,1
459,206,1
460,206,1
461,206,1
462,206,1
463,206,1
464,206,1
465,206,1
466,206,1
467,206,1
468,206,1
469,206,1
470,206,1
471,206,1
472,206,1
473,206,1
474,206,1
475,205,1
476,205,1
477,205,1
478,205,1
479,205,1
480,205,1
481,205,1
482,205,1
483,205,1
484,205,1
485,205,1
486,205,1
487,205,1
488,205,1
489,205,1
490,205,1
491,205,1
492,205,1
493,205,1
494,205,1
495,205,1
496,205,1
497,205,1
498,205,1
499,204,1
500,204,1
501,204,1
502,204,1
503,204,1
504,204,1
505,204,1
506,204,1
507,204,1
508,204,1
509,204,1
510,204,1
511,204,1
512,204,1
513,204,1
514,204,1
515,204,1
516,204,1
517,204,1
518,204,1
519,204,1
520,204,1
521,204,1
522,203,1
523,203,1
524,203,1
525,203,1
526,203,1
527,203,1
528,203,1
529,203,1
530,203,1
531,203,1
532,203,1
533,203,1
534,203,1
535,203,1
536,203,1
537,203,1
538,203,1
539,203,1
540,203,1
541,203,1
542,203,1
543,203,1
544,203,1
545,202,1
546,202,1
547,202,1
548,202,1
549,202,1
550,202,1
551,202,1
552,202,1
553,202,1
554,202,1
555,202,1
556,202,1
557,202,1
558,202,1
559,202,1
560,202,1
561,202,1
562,202,1
563,202,1
564,202,1
565,202,1
566,202,1
567,201,1
568,201,1
569,201,1
570,201,1
571,201,1
572,201,1
573,201,1
574,201,1
575,201,1
576,201,1
577,201,1
578,201,1
579,201,1
580,201,1
581,201,1
582,201,1
583,201,1
584,201,1
585,201,1
586,201,1
587,201,1
588,201,1
589,200,1
590,200,1
591,200,1
592,200,1
593,200,1
594,200,1
595,200,1
596,200,1
597,200,1
598,200,1
599,200,1
600,200,1
601,200,1
602,200,1
603,200,1
604,200,1
605,200,1
606,200,1
607,200,1
608,200,1
609,199,1
610,199,1
611,199,1
612,199,1
613,199,1
614,199,1
615,199,1
616,199,1
617,199,1
618,199,1
619,199,1
620,199,1
621,199,1
622,199,1
623,199,1
624,199,1
625,199,1
626,199,1
627,199,1
628,199,1
629,199,1
630,199,1
631,198,1
632,198,1
633,198,1
634,198,1
635,198,1
636,198,1
637,198,1
638,198,1
639,198,1
640,198,1
641,198,1
642,198,1
643,198,1
644,198,1
645,198,1
646,198,1
647,198,1
648,198,1
649,198,1
650,198,1
651,197,1
652,197,1
653,197,1
654,197,1
655,197,1
656,197,1
657,197,1
658,197,1
659,197,1
660,197,1
661,197,1
662,197,1
663,197,1
664,197,1
665,197,1
666,197,1
667,197,1
668,197,1
669,196,1
670,196,1
671,196,1
672,196,1
673,196,1
674,196,1
675,196,1
676,196,1
677,196,1
678,196,1
679,196,1
680,196,1
681,196,1
682,196,1
683,196,1
684,196,1
685,196,1
686,196,1
687,196,1
688,196,1
689,195,1
690,195,1
691,195,1
692,195,1
693,195,1
694,195,1
695,195,1
696,195,1
697,195,1
698,195,1
699,195,1
700,195,1
701,195,1
702,195,1
703,195,1
704,195,1
705,195,1
706,195,1
707,195,1
708,195,1
709,195,1
710,195,1
711,195,1
712,195,1
713,194,1
714,194,1
715,194,1
716,194,1
717,194,1
718,194,1
719,194,1
720,194,1
721,194,1
722,194,1
723,194,1
724,194,1
725,194,1
726,194,1
727,194,1
728,194,1
729,194,1
730,194,1
731,194,1
732,194,1
733,194,1
734,194,1
735,194,1
736,194,1
737,194,1
738,194,1
739,194,1
740,194,1
741,194,1
742,194,1
743,194,1
744,194,1
745,194,1
746,194,1
747,194,1
748,194,1
749,194,1
750,194,1
751,194,1
752,194,1
753,194,1
754,194,1
755,194,1
756,194,1
757,194,1
758,194,1
759,194,1
760,194,1
761,194,1
762,194,1
763,194,1
764,194,1
765,194,1
766,194,1
767,194,1
768,194,1
769,194,1
770,194,1
771,194,1
772,194,1
773,194,1
774,194,1
775,194,1
776,194,1
777,194,1
778,194,1
779,194,1
780,194,1
781,194,1
782,194,1
783,194,1
784,194,1
785,194,1
786,194,1
787,194,1
788,194,1
789,194,1
790,194,1
791,194,1
792,194,1
793,194,1
794,194,1
795,194,1
796,194,1
797,194,1
798,194,1
799,194,1
800,194,1
801,194,1
802,194,1
803,194,1
804,194,1
805,194,1
806,194,1
807,194,1
808,194,1
809,194,1
810,194,1
811,194,1
812,194,1
813,194,1
814,194,1
815,194,1
816,194,1
817,194,1
818,194,1
819,194,1
820,194,1
821,194,1
822,194,1
823,194,1
824,194,1
825,194,1
826,194,1
827,194,1
828,194,1
829,194,1
830,194,1
831,194,1
832,194,1
833,194,1
834,194,1
835,194,1
836,194,1
837,194,1
838,194,1
839,194,1
840,194,1
841,194,1
842,194,1
843,194,1
844,194,1
845,194,1
846,194,1
847,194,1
848,194,1
849,194,1
850,194,1
851,194,1
852,194,1
853,194,1
854,194,1
855,194,1
856,194,1
857,194,1
858,194,1
859,194,1
860,194,1
861,194,1
862,194,1
863,194,1
864,194,1
865,194,1
866,194,1
867,194,1
868,194,1
869,194,1
870,194,1
871,194,1
872,194,1
873,194,1
874,194,1
875,194,1
876,194,1
877,194,1
878,194,1
879,194,1
880,193,1
881,193,1
882,193,1
883,193,1
884,193,1
885,193,1
886,193,1
887,193,1
888,193,1
889,193,1
890,193,1
891,193,1
892,193,1
893,193,1
894,193,1
895,193,1
896,193,1
897,193,1
898,193,1
899,193,1
900,193,1
901,193,1
902,193,1
903,193,1
904,193,1
905,192,1
906,192,1
907,192,1
908,192,1
909,192,1
910,192,1
911,192,1
912,192,1
913,192,1
914,192,1
915,192,1
916,192,1
917,192,1
918,192,1
919,192,1
920,192,1
921,192,1
922,192,1
923,192,1
924,192,1
925,192,1
926,192,1
927,192,1
928,192,1
929,191,1
930,191,1
931,191,1
932,191,1
933,191,1
934,191,1
935,191,1
936,191,1
937,191,1
938,191,1
939,191,1
940,191,1
941,191,1
942,191,1
943,191,1
944,191,1
945,191,1
946,191,1
947,191,1
948,191,1
949,191,1
950,191,1
951,191,1
952,191,1
953,191,1
954,191,1
955,191,1
956,191,1
957,191,1
958,191,1
959,191,1
960,191,1
961,191,1
962,191,1
963,191,1
964,191,1
965,191,1
966,191,1
967,191,1
968,191,1
969,191,1
970,191,1
971,191,1
972,191,1
973,191,1
974,191,1
975,191,1
976,191,1
977,191,1
978,191,1
979,191,1
980,191,1
981,191,1
982,191,1
983,191,1
984,191,1
985,191,1
986,191,1
987,191,1
988,191,1
989,191,1
990,191,1
991,191,1
992,191,1
993,191,1
994,191,1
994,191,0
