247,306,1
236,328,1
236,327,1
237,327,1
237,326,1
237,325,1
238,325,1
238,324,1
239,323,1
240,322,1
240,321,1
241,321,1
242,320,1
243,319,1
244,318,1
245,318,1
245,317,1
246,317,1
247,316,1
248,316,1
249,316,1
249,315,1
250,315,1
251,314,1
252,314,1
253,313,1
254,313,1
255,313,1
256,312,1
257,311,1
258,311,1
259,311,1
260,310,1
261,310,1
262,310,1
263,309,1
264,309,1
265,309,1
266,308,1
267,308,1
268,308,1
269,307,1
270,307,1
271,306,1
272,306,1
273,306,1
274,306,1
275,305,1
276,305,1
277,305,1
278,304,1
279,304,1
280,304,1
281,303,1
282,303,1
283,303,1
284,302,1
285,302,1
286,302,1
287,301,1
288,301,1
289,301,1
290,300,1
291,300,1
292,300,1
293,299,1
294,299,1
295,298,1
296,298,1
297,298,1
298,297,1
299,297,1
300,297,1
301,296,1
302,296,1
303,295,1
304,295,1
305,294,1
306,294,1
307,293,1
308,293,1
309,292,1
310,292,1
311,291,1
312,291,1
313,290,1
314,290,1
314,289,1
315,289,1
316,288,1
317,288,1
318,287,1
319,286,1
320,286,1
321,286,1
321,285,1
322,285,1
323,284,1
324,284,1
324,283,1
325,283,1
326,282,1
327,282,1
328,281,1
329,281,1
330,281,1
330,280,1
331,280,1
332,280,1
333,280,1
334,280,1
335,280,1
336,280,1
336,281,1
337,281,1
338,281,1
338,282,1
339,282,1
339,283,1
340,283,1
340,284,1
341,285,1
341,286,1
342,287,1
342,288,1
342,289,1
342,290,1
343,291,1
343,292,1
343,293,1
343,294,1
343,295,1
343,296,1
343,297,1
343,298,1
343,299,1
343,300,1
344,301,1
344,302,1
344,303,1
344,304,1
344,305,1
344,306,1
344,307,1
344,308,1
344,309,1
344,310,1
344,311,1
344,312,1
344,313,1
344,314,1
344,315,1
344,316,1
344,317,1
344,318,1
344,319,1
344,320,1
344,321,1
344,322,1
344,323,1
344,324,1
345,325,1
345,326,1
345,327,1
345,328,1
345,329,1
345,330,1
345,331,1
345,332,1
345,333,1
345,334,1
345,335,1
345,336,1
345,337,1
346,338,1
346,339,1
346,340,1
346,341,1
346,342,1
346,343,1
346,344,1
346,345,1
346,346,1
346,347,1
347,348,1
347,349,1
347,350,1
347,351,1
347,352,1
347,353,1
347,354,1
347,355,1
347,356,1
348,357,1
348,358,1
348,359,1
348,360,1
348,361,1
348,362,1
348,363,1
348,364,1
348,365,1
349,366,1
349,367,1
349,368,1
349,369,1
349,370,1
349,371,1
350,372,1
350,373,1
350,374,1
350,375,1
350,376,1
350,377,1
351,378,1
351,379,1
351,380,1
351,381,1
352,382,1
352,383,1
352,384,1
352,385,1
352,386,1
353,387,1
353,388,1
354,388,1
354,389,1
355,389,1
392,336,0
431,281,1
431,282,1
431,283,1
431,284,1
431,285,1
431,286,1
431,287,1
434,338,1
434,339,1
434,340,1
434,341,1
434,342,1
434,343,1
434,344,1
435,344,1
435,345,1
435,346,1
435,347,1
435,348,1
435,349,1
435,350,1
435,351,1
435,352,1
435,353,1
435,354,1
435,355,1
435,356,1
435,357,1
435,358,1
435,359,1
435,360,1
435,361,1
435,362,1
435,363,1
435,364,1
435,365,1
434,366,1
434,367,1
434,368,1
434,367,1
434,366,1
433,365,1
433,364,1
433,363,1
431,304,0
425,234,1
425,235,1
426,236,1
426,237,1
427,238,1
427,239,1
428,239,1
428,240,1
428,241,1
429,242,1
429,243,1
429,244,1
430,245,1
430,246,1
431,246,1
431,247,1
432,248,1
432,249,1
433,250,1
433,251,1
433,252,1
434,253,1
434,254,1
435,255,1
435,256,1
436,256,1
436,257,1
437,258,1
437,259,1
438,260,1
438,261,1
439,262,1
439,263,1
440,264,1
440,265,1
441,266,1
442,267,1
443,268,1
444,269,1
445,270,1
503,292,0
564,313,1
564,314,1
564,315,1
565,316,1
565,317,1
565,318,1
565,319,1
566,320,1
566,321,1
566,322,1
566,323,1
566,324,1
566,325,1
567,326,1
567,327,1
567,326,1
567,325,1
567,324,1
566,324,1
566,323,1
566,322,1
566,321,1
566,320,1
566,319,1
566,318,1
566,317,1
566,316,1
566,315,1
566,314,1
566,313,1
565,312,1
565,311,1
565,310,1
565,309,1
565,308,1
565,307,1
565,306,1
565,305,1
565,304,1
565,303,1
565,302,1
565,301,1
565,300,1
565,299,1
565,298,1
565,297,1
565,296,1
565,295,1
565,294,1
565,293,1
565,292,1
565,291,1
565,290,1
565,289,1
565,288,1
565,287,1
565,286,1
565,285,1
565,284,1
565,283,1
565,282,1
565,281,1
565,280,1
565,279,1
565,278,1
565,277,1
565,276,1
565,275,1
565,274,1
565,273,1
565,272,1
565,271,1
565,270,1
565,269,1
566,268,1
566,267,1
566,266,1
566,265,1
566,264,1
566,263,1
566,262,1
566,261,1
566,260,1
566,259,1
566,258,1
566,257,1
566,256,1
567,255,1
567,254,1
567,253,1
567,252,1
567,251,1
567,250,1
567,249,1
567,248,1
567,247,1
567,246,1
568,245,1
568,244,1
568,243,1
568,242,1
568,241,1
568,240,1
568,239,1
568,238,1
568,237,1
569,236,1
569,235,1
569,234,1
569,233,1
569,232,1
569,231,1
569,230,1
570,229,1
570,228,1
570,227,1
570,226,1
570,225,1
570,224,1
570,223,1
571,222,1
571,221,1
571,220,1
571,219,1
571,218,1
572,217,1
572,216,1
572,215,1
572,214,1
572,213,1
573,212,1
573,211,1
573,210,1
573,209,1
574,208,1
574,207,1
574,206,1
575,205,1
575,204,1
575,203,1
575,202,1
576,201,1
576,200,1
576,199,1
576,198,1
577,197,1
577,196,1
577,195,1
578,194,1
578,193,1
578,192,1
579,191,1
579,190,1
579,189,1
580,188,1
580,187,1
580,186,1
581,185,1
581,184,1
581,183,1
582,183,1
582,182,1
583,181,1
583,180,1
583,179,1
584,178,1
584,177,1
585,177,1
585,176,1
586,175,1
586,174,1
587,173,1
587,172,1
588,172,1
588,171,1
589,170,1
589,169,1
590,169,1
590,168,1
591,167,1
592,167,1
592,166,1
593,165,1
594,164,1
595,164,1
595,163,1
596,163,1
597,162,1
598,162,1
598,161,1
599,161,1
600,161,1
600,160,1
601,160,1
602,160,1
603,160,1
604,160,1
605,160,1
606,160,1
607,160,1
608,160,1
609,160,1
610,160,1
611,161,1
612,161,1
613,161,1
614,162,1
615,163,1
616,163,1
617,164,1
618,165,1
619,165,1
620,166,1
620,167,1
621,167,1
622,168,1
622,169,1
623,169,1
623,170,1
624,171,1
625,172,1
626,173,1
626,174,1
627,175,1
627,176,1
627,177,1
628,177,1
628,178,1
629,179,1
629,180,1
629,181,1
630,182,1
630,183,1
631,184,1
631,185,1
631,186,1
632,187,1
632,188,1
632,189,1
632,190,1
633,191,1
633,192,1
633,193,1
633,194,1
634,195,1
634,196,1
634,197,1
634,198,1
634,199,1
634,200,1
635,201,1
635,202,1
635,203,1
654,228,0
667,269,1
668,268,1
669,267,1
669,266,1
670,265,1
671,264,1
672,263,1
673,262,1
674,261,1
675,260,1
676,260,1
677,259,1
678,258,1
678,257,1
679,256,1
680,256,1
681,255,1
682,254,1
683,253,1
684,253,1
684,252,1
685,251,1
686,251,1
687,250,1
688,249,1
689,249,1
690,248,1
691,247,1
692,247,1
693,246,1
694,246,1
695,245,1
696,244,1
697,244,1
698,244,1
699,243,1
700,243,1
701,243,1
701,242,1
702,242,1
703,242,1
704,242,1
705,242,1
706,242,1
707,242,1
708,242,1
709,242,1
710,242,1
711,242,1
712,243,1
713,243,1
714,243,1
715,244,1
716,245,1
717,245,1
717,246,1
718,246,1
718,247,1
719,247,1
719,248,1
720,249,1
720,250,1
721,251,1
721,252,1
722,253,1
722,254,1
722,255,1
722,256,1
722,257,1
722,258,1
722,259,1
722,260,1
723,261,1
723,262,1
723,263,1
723,264,1
722,265,1
722,266,1
722,267,1
722,268,1
722,269,1
722,270,1
722,271,1
722,272,1
722,273,1
722,274,1
721,275,1
721,276,1
721,277,1
721,278,1
721,279,1
721,280,1
721,281,1
720,282,1
720,283,1
720,284,1
720,285,1
720,286,1
720,287,1
720,288,1
719,289,1
719,290,1
719,291,1
719,292,1
719,293,1
719,294,1
718,294,1
718,295,1
718,296,1
718,297,1
718,298,1
717,299,1
717,300,1
717,301,1
717,302,1
717,303,1
717,304,1
716,305,1
716,306,1
716,307,1
715,308,1
715,309,1
715,310,1
715,311,1
715,312,1
714,313,1
714,314,1
714,315,1
714,316,1
713,317,1
713,318,1
713,319,1
712,320,1
712,321,1
712,322,1
712,323,1
711,324,1
711,325,1
711,326,1
711,327,1
710,328,1
710,329,1
710,330,1
710,331,1
709,331,1
709,332,1
709,333,1
709,334,1
739,283,0
774,232,1
773,233,1
772,234,1
771,235,1
771,236,1
770,237,1
769,238,1
769,239,1
768,240,1
768,241,1
767,242,1
767,243,1
766,244,1
766,245,1
765,246,1
765,247,1
765,248,1
765,249,1
765,250,1
765,251,1
765,252,1
765,253,1
765,254,1
765,255,1
765,256,1
765,257,1
766,258,1
766,259,1
767,260,1
768,261,1
769,262,1
770,263,1
771,263,1
772,263,1
773,264,1
774,264,1
775,264,1
776,264,1
777,264,1
778,264,1
779,265,1
780,265,1
781,264,1
782,264,1
783,264,1
784,264,1
785,264,1
786,264,1
787,263,1
788,263,1
789,263,1
790,263,1
791,263,1
792,262,1
793,262,1
794,262,1
795,261,1
796,261,1
797,261,1
798,261,1
799,260,1
800,260,1
801,260,1
802,260,1
803,260,1
804,260,1
805,260,1
806,260,1
807,260,1
808,260,1
809,260,1
810,260,1
811,261,1
812,261,1
813,261,1
813,262,1
814,262,1
815,263,1
816,263,1
816,264,1
817,264,1
817,265,1
818,266,1
819,267,1
819,268,1
820,269,1
820,270,1
821,271,1
821,272,1
821,273,1
821,274,1
822,275,1
822,276,1
822,277,1
822,278,1
822,279,1
822,280,1
823,280,1
823,281,1
823,282,1
823,283,1
824,283,1
824,284,1
824,285,1
825,286,1
825,287,1
826,287,1
826,288,1
827,288,1
827,289,1
828,289,1
829,290,1
830,290,1
831,290,1
832,290,1
833,290,1
834,290,1
835,290,1
836,290,1
837,290,1
838,289,1
839,289,1
840,289,1
841,288,1
842,288,1
843,288,1
844,287,1
845,287,1
846,287,1
846,286,1
847,286,1
848,286,1
849,285,1
850,285,1
851,285,1
852,284,1
853,284,1
854,284,1
855,284,1
855,283,1
856,283,1
857,283,1
858,283,1
859,282,1
860,282,1
861,282,1
862,282,1
863,282,1
864,282,1
865,282,1
866,282,1
867,282,1
868,282,1
869,282,1
870,282,1
871,282,1
872,282,1
873,283,1
874,283,1
875,284,1
876,284,1
877,285,1
878,285,1
879,286,1
880,287,1
881,288,1
881,289,1
882,289,1
882,290,1
882,291,1
883,291,1
883,292,1
883,293,1
883,294,1
884,295,1
884,296,1
884,297,1
883,297,1
883,298,1
883,299,1
883,300,1
883,301,1
883,302,1
882,303,1
882,304,1
881,305,1
881,306,1
880,307,1
879,308,1
879,309,1
878,309,1
878,310,1
877,311,1
877,312,1
876,312,1
875,313,1
874,314,1
873,314,1
872,315,1
872,316,1
871,316,1
870,317,1
869,317,1
868,318,1
867,318,1
866,319,1
865,319,1
865,320,1
864,320,1
863,320,1
862,320,1
861,321,1
860,321,1
859,321,1
858,322,1
857,322,1
856,322,1
855,322,1
854,323,1
853,323,1
852,323,1
851,322,1
850,322,1
849,322,1
848,322,1
847,321,1
846,320,1
907,283,0
960,236,1
960,237,1
960,238,1
960,239,1
960,240,1
960,241,1
960,242,1
960,243,1
960,244,1
961,244,1
961,245,1
961,246,1
961,247,1
961,248,1
961,249,1
961,250,1
961,251,1
961,252,1
962,253,1
962,254,1
962,255,1
962,256,1
962,257,1
962,258,1
963,259,1
963,260,1
963,261,1
963,262,1
963,263,1
963,264,1
964,265,1
964,266,1
964,267,1
964,268,1
964,269,1
965,270,1
965,271,1
965,272,1
965,273,1
965,274,1
966,275,1
966,276,1
966,277,1
966,278,1
966,279,1
967,280,1
967,281,1
967,282,1
967,283,1
967,284,1
968,285,1
968,286,1
968,287,1
968,288,1
968,289,1
969,290,1
969,291,1
969,292,1
969,293,1
969,294,1
970,294,1
970,295,1
970,296,1
970,297,1
970,298,1
971,299,1
971,300,1
971,301,1
971,302,1
971,303,1
972,304,1
972,305,1
972,306,1
972,307,1
973,308,1
973,309,1
973,310,1
973,311,1
973,312,1
973,313,1
974,314,1
974,315,1
974,316,1
974,317,1
974,318,1
974,319,1
974,320,1
975,321,1
975,322,1
975,323,1
975,324,1
975,325,1
975,326,1
975,327,1
975,328,1
975,329,1
975,330,1
975,331,1
975,332,1
975,333,1
975,334,1
975,335,1
975,336,1
975,337,1
975,338,1
975,339,1
975,340,1
974,341,1
974,342,1
974,343,1
974,344,1
973,345,1
973,346,1
973,347,1
972,348,1
972,349,1
971,349,1
971,350,1
970,350,1
970,351,1
970,352,1
969,352,1
969,353,1
968,354,1
967,355,1
966,355,1
966,356,1
965,356,1
964,356,1
963,356,1
962,356,1
961,356,1
960,356,1
959,356,1
958,356,1
796,280,0
619,204,1
620,204,1
621,204,1
622,204,1
623,204,1
624,204,1
625,204,1
626,204,1
627,204,1
628,204,1
629,204,1
630,203,1
631,203,1
632,203,1
633,203,1
634,203,1
635,203,1
636,203,1
637,203,1
638,203,1
639,203,1
640,203,1
641,203,1
642,203,1
643,203,1
644,203,1
645,203,1
646,203,1
647,203,1
648,202,1
649,202,1
650,202,1
651,202,1
652,202,1
653,202,1
654,202,1
655,202,1
656,202,1
657,202,1
658,202,1
659,202,1
660,202,1
661,202,1
662,202,1
663,202,1
664,202,1
665,202,1
666,202,1
667,202,1
668,201,1
669,201,1
670,201,1
671,201,1
672,201,1
673,201,1
674,201,1
675,201,1
676,201,1
677,201,1
678,201,1
679,201,1
680,201,1
681,201,1
682,201,1
683,201,1
684,201,1
685,201,1
686,200,1
687,200,1
688,200,1
689,200,1
690,200,1
691,200,1
692,200,1
693,200,1
694,200,1
695,200,1
696,200,1
697,200,1
698,200,1
699,200,1
700,200,1
701,200,1
702,200,1
703,200,1
704,200,1
705,200,1
706,200,1
706,199,1
707,199,1
708,199,1
709,199,1
710,199,1
711,199,1
712,199,1
713,199,1
714,199,1
715,199,1
716,199,1
717,199,1
718,199,1
719,199,1
720,199,1
721,199,1
722,199,1
723,199,1
724,199,1
725,199,1
726,199,1
727,199,1
728,199,1
729,199,1
730,199,1
731,198,1
732,198,1
733,198,1
734,198,1
735,198,1
736,198,1
737,198,1
738,198,1
739,198,1
740,198,1
741,198,1
742,198,1
743,198,1
744,198,1
745,198,1
746,198,1
747,198,1
748,198,1
749,198,1
750,198,1
751,198,1
752,198,1
753,198,1
754,198,1
755,198,1
756,198,1
757,197,1
758,197,1
759,197,1
760,197,1
761,197,1
762,197,1
763,197,1
764,197,1
765,197,1
766,197,1
767,197,1
768,197,1
769,197,1
770,197,1
771,197,1
772,197,1
773,197,1
774,197,1
775,197,1
776,197,1
777,197,1
778,197,1
779,197,1
780,197,1
781,197,1
782,197,1
783,197,1
784,197,1
785,197,1
786,197,1
787,196,1
788,196,1
789,196,1
790,196,1
791,196,1
792,196,1
793,196,1
794,196,1
795,196,1
796,196,1
797,196,1
798,196,1
799,196,1
800,196,1
801,196,1
802,196,1
803,196,1
804,196,1
805,196,1
806,196,1
807,196,1
808,196,1
809,196,1
810,196,1
811,196,1
812,196,1
813,196,1
814,196,1
815,196,1
816,196,1
817,196,1
818,196,1
819,195,1
820,195,1
821,195,1
822,195,1
823,195,1
824,195,1
825,195,1
826,195,1
827,195,1
828,195,1
829,195,1
830,195,1
831,195,1
832,195,1
833,195,1
834,195,1
835,195,1
836,195,1
837,195,1
838,195,1
839,195,1
840,195,1
841,195,1
842,195,1
843,195,1
844,195,1
845,195,1
846,195,1
847,195,1
848,195,1
849,195,1
850,195,1
851,195,1
852,195,1
853,195,1
854,194,1
855,194,1
856,194,1
857,194,1
858,194,1
859,194,1
860,194,1
861,194,1
862,194,1
863,194,1
864,194,1
865,194,1
866,194,1
867,194,1
868,194,1
869,194,1
870,194,1
871,194,1
872,194,1
873,194,1
874,194,1
875,194,1
876,194,1
877,194,1
878,194,1
879,194,1
880,194,1
881,194,1
882,194,1
883,194,1
884,194,1
885,194,1
886,194,1
887,194,1
888,194,1
889,194,1
890,194,1
891,194,1
892,194,1
893,194,1
894,194,1
895,194,1
896,194,1
897,194,1
898,194,1
899,194,1
900,194,1
901,194,1
902,194,1
903,194,1
904,194,1
905,194,1
906,194,1
907,194,1
908,194,1
909,194,1
910,194,1
911,194,1
912,194,1
913,194,1
914,194,1
915,194,1
916,194,1
917,194,1
918,194,1
919,194,1
920,194,1
921,194,1
922,194,1
923,194,1
924,194,1
925,194,1
926,194,1
927,194,1
928,194,1
929,194,1
930,194,1
931,194,1
932,194,1
933,194,1
934,194,1
935,194,1
936,194,1
937,194,1
938,194,1
939,194,1
940,194,1
941,194,1
942,194,1
943,194,1
944,194,1
945,194,1
946,194,1
947,193,1
948,193,1
949,193,1
950,193,1
951,193,1
952,193,1
953,193,1
954,193,1
955,193,1
956,193,1
957,193,1
958,193,1
959,193,1
960,193,1
961,193,1
962,193,1
963,193,1
964,193,1
965,193,1
966,193,1
967,193,1
968,193,1
969,193,1
970,193,1
971,193,1
972,193,1
973,193,1
974,193,1
975,193,1
976,193,1
977,193,1
978,193,1
979,193,1
980,193,1
981,193,1
982,193,1
983,193,1
984,193,1
985,192,1
986,192,1
987,192,1
988,192,1
989,192,1
990,192,1
991,192,1
992,192,1
993,192,1
994,192,1
995,192,1
996,192,1
997,192,1
998,192,1
999,192,1
1000,192,1
1001,192,1
1002,192,1
1003,192,1
1004,192,1
1005,192,1
1006,192,1
1007,192,1
1008,192,1
1009,192,1
1010,192,1
1011,192,1
1012,192,1
1013,192,1
1014,192,1
1015,192,1
1016,192,1
1017,192,1
1018,192,1
1019,192,1
1020,192,1
1021,192,1
1022,192,1
1023,192,1
1024,192,1
1025,192,1
1026,192,1
1027,192,1
1028,192,1
1029,192,1
1030,192,1
1031,192,1
1032,192,1
1033,192,1
1034,192,1
1035,192,1
1036,192,1
1037,192,1
1038,192,1
1039,192,1
1040,192,1
1041,192,1
1042,192,1
1043,192,1
1044,192,1
1045,192,1
1046,192,1
1047,192,1
1048,192,1
1049,192,1
1050,192,1
1051,192,1
1052,192,1
1053,192,1
1054,192,1
1055,192,1
1056,192,1
1057,192,1
1058,191,1
1059,191,1
1060,191,1
1061,191,1
1062,191,1
1063,191,1
1064,191,1
1065,191,1
1066,191,1
1067,191,1
1068,191,1
1069,191,1
1070,191,1
1071,191,1
1072,191,1
1073,191,1
1074,191,1
1075,191,1
1076,191,1
1077,191,1
1078,191,1
1079,191,1
1080,191,1
1081,191,1
1082,191,1
1083,191,1
1084,191,1
1085,191,1
1086,191,1
1087,191,1
1088,191,1
1089,191,1
1090,191,1
1091,191,1
1092,191,1
1093,191,1
1094,191,1
1095,191,1
1096,191,1
1097,191,1
1098,191,1
1099,191,1
1100,191,1
1101,191,1
1102,191,1
1103,191,1
1104,191,1
1105,191,1
1106,191,1
1106,192,1
1107,192,1
1108,192,1
1109,192,1
1110,192,1
1111,192,1
1112,192,1
1113,192,1
1114,192,1
1115,192,1
1116,192,1
1117,192,1
1118,192,1
1118,193,1
1119,193,1
1118,194,1
1118,194,0
