325,305,1
325,306,1
325,340,1
325,339,1
325,338,1
325,337,1
325,336,1
325,335,1
326,334,1
326,333,1
326,332,1
327,331,1
327,330,1
328,329,1
328,328,1
329,328,1
329,327,1
329,326,1
330,326,1
330,325,1
331,325,1
331,324,1
332,323,1
333,323,1
333,322,1
334,322,1
335,321,1
336,320,1
337,320,1
337,319,1
338,319,1
339,319,1
339,318,1
340,318,1
341,317,1
342,317,1
342,316,1
343,316,1
344,316,1
345,315,1
346,315,1
347,314,1
348,314,1
349,314,1
350,313,1
351,313,1
352,313,1
352,312,1
353,312,1
354,311,1
355,311,1
356,311,1
357,310,1
358,310,1
359,309,1
360,309,1
361,308,1
362,308,1
363,307,1
364,307,1
365,306,1
366,305,1
367,305,1
367,304,1
368,304,1
369,303,1
370,302,1
371,302,1
371,301,1
372,301,1
372,300,1
373,300,1
374,299,1
374,298,1
375,298,1
375,297,1
376,296,1
376,295,1
377,295,1
377,294,1
378,293,1
379,292,1
391,333,1
391,334,1
391,335,1
392,336,1
392,337,1
392,338,1
392,339,1
393,340,1
393,341,1
393,342,1
393,343,1
393,344,1
394,345,1
394,346,1
394,347,1
395,348,1
395,349,1
395,350,1
395,351,1
396,352,1
396,353,1
396,354,1
396,355,1
397,356,1
397,357,1
397,358,1
398,359,1
398,360,1
398,361,1
398,362,1
399,363,1
399,364,1
399,365,1
400,365,1
400,366,1
400,367,1
400,368,1
401,369,1
401,370,1
401,371,1
402,371,1
402,372,1
403,373,1
403,374,1
404,375,1
404,376,1
404,377,1
405,378,1
406,379,1
407,380,1
408,380,1
436,327,0
468,272,1
468,273,1
468,274,1
468,275,1
468,276,1
468,277,1
468,278,1
469,279,1
469,280,1
469,281,1
469,282,1
469,283,1
469,284,1
470,285,1
470,286,1
470,287,1
470,288,1
470,289,1
471,290,1
471,291,1
471,292,1
471,293,1
471,294,1
472,295,1
472,296,1
472,297,1
472,298,1
472,299,1
472,300,1
473,301,1
473,302,1
473,303,1
473,304,1
473,305,1
473,306,1
473,307,1
474,308,1
474,309,1
474,310,1
474,311,1
474,312,1
474,313,1
474,314,1
474,315,1
475,316,1
475,317,1
475,318,1
475,319,1
475,320,1
475,321,1
475,322,1
476,323,1
476,324,1
476,325,1
476,326,1
476,327,1
477,328,1
477,329,1
477,330,1
477,331,1
477,332,1
478,333,1
478,334,1
478,335,1
478,336,1
478,337,1
478,338,1
479,339,1
479,340,1
479,341,1
479,342,1
480,343,1
480,344,1
480,345,1
480,346,1
480,347,1
481,348,1
481,349,1
481,350,1
481,351,1
481,352,1
481,353,1
482,354,1
482,355,1
482,356,1
482,357,1
482,358,1
483,358,1
483,359,1
483,360,1
483,361,1
483,362,1
484,363,1
484,364,1
484,365,1
484,366,1
485,367,1
485,368,1
485,369,1
485,370,1
486,370,1
486,371,1
486,372,1
486,373,1
486,374,1
487,375,1
487,376,1
487,375,1
487,374,1
486,373,1
486,372,1
422,276,0
362,176,1
361,176,1
360,177,1
359,177,1
358,177,1
357,177,1
356,177,1
355,177,1
354,177,1
353,177,1
352,177,1
351,177,1
350,177,1
349,177,1
348,176,1
347,176,1
346,176,1
346,175,1
345,175,1
344,175,1
343,174,1
342,173,1
341,172,1
341,171,1
340,171,1
340,170,1
340,169,1
340,168,1
339,167,1
339,166,1
340,166,1
340,165,1
340,164,1
340,163,1
341,162,1
341,161,1
342,160,1
343,159,1
344,158,1
345,157,1
346,156,1
347,156,1
348,155,1
349,154,1
350,154,1
351,153,1
352,153,1
353,152,1
354,152,1
355,152,1
356,151,1
357,151,1
358,151,1
358,150,1
359,150,1
360,150,1
361,149,1
362,149,1
363,149,1
364,149,1
365,148,1
366,148,1
367,147,1
368,147,1
369,147,1
370,147,1
371,147,1
371,146,1
372,146,1
373,146,1
374,146,1
375,146,1
376,146,1
377,146,1
377,145,1
378,145,1
379,145,1
380,145,1
381,145,1
382,145,1
383,145,1
384,145,1
385,145,1
386,145,1
387,145,1
388,144,1
389,144,1
390,144,1
391,144,1
392,144,1
393,144,1
394,144,1
395,144,1
396,144,1
397,144,1
398,144,1
399,144,1
400,144,1
401,144,1
402,144,1
403,144,1
404,144,1
405,144,1
406,144,1
407,144,1
408,144,1
409,144,1
410,144,1
411,144,1
412,144,1
413,144,1
414,144,1
415,144,1
416,144,1
417,144,1
418,145,1
419,145,1
420,145,1
421,145,1
422,145,1
423,145,1
424,145,1
425,145,1
426,145,1
427,146,1
428,146,1
429,146,1
430,146,1
431,146,1
432,147,1
433,147,1
434,147,1
435,147,1
435,148,1
436,148,1
437,148,1
438,148,1
439,149,1
440,149,1
441,149,1
442,150,1
443,150,1
444,151,1
445,151,1
446,151,1
447,152,1
448,152,1
449,153,1
450,153,1
451,154,1
452,154,1
453,154,1
453,155,1
454,155,1
455,156,1
456,156,1
457,157,1
458,158,1
459,158,1
460,159,1
461,159,1
461,160,1
462,160,1
463,161,1
464,161,1
464,162,1
465,162,1
466,163,1
467,163,1
467,164,1
468,165,1
469,165,1
469,166,1
470,166,1
471,167,1
471,168,1
472,168,1
473,169,1
474,170,1
475,171,1
476,172,1
477,173,1
478,174,1
479,175,1
480,176,1
481,177,1
482,178,1
482,179,1
483,180,1
484,180,1
484,181,1
485,182,1
485,183,1
486,183,1
486,184,1
487,185,1
488,186,1
489,187,1
489,188,1
490,189,1
490,190,1
491,191,1
492,192,1
492,193,1
493,194,1
494,195,1
494,196,1
495,197,1
496,198,1
496,199,1
497,200,1
497,201,1
498,202,1
498,203,1
499,204,1
499,205,1
500,206,1
500,207,1
501,208,1
501,209,1
502,210,1
502,211,1
503,212,1
503,213,1
503,214,1
504,215,1
504,216,1
505,217,1
505,218,1
506,219,1
506,220,1
506,221,1
507,222,1
507,223,1
508,224,1
508,225,1
508,226,1
509,227,1
509,228,1
509,229,1
510,229,1
510,230,1
510,231,1
511,232,1
511,233,1
511,234,1
512,235,1
512,236,1
512,237,1
513,238,1
513,239,1
513,240,1
514,241,1
514,242,1
515,243,1
515,244,1
515,245,1
516,246,1
516,247,1
517,248,1
517,249,1
518,250,1
518,251,1
519,252,1
519,253,1
520,254,1
521,255,1
522,255,1
576,268,0
633,280,1
633,281,1
633,282,1
633,283,1
633,284,1
633,285,1
634,286,1
634,287,1
634,288,1
634,289,1
634,290,1
634,291,1
634,292,1
634,293,1
635,294,1
635,295,1
635,296,1
635,297,1
635,298,1
635,299,1
635,300,1
635,301,1
636,302,1
636,303,1
636,304,1
636,305,1
636,306,1
636,307,1
636,308,1
636,309,1
637,309,1
637,310,1
637,311,1
637,310,1
637,309,1
637,308,1
637,307,1
637,306,1
637,305,1
636,304,1
636,303,1
636,302,1
636,301,1
636,300,1
636,299,1
636,298,1
636,297,1
635,296,1
635,295,1
635,294,1
635,293,1
635,292,1
635,291,1
635,290,1
635,289,1
635,288,1
635,287,1
634,287,1
634,286,1
634,285,1
634,284,1
634,283,1
634,282,1
634,281,1
633,280,1
633,279,1
633,278,1
633,277,1
633,276,1
633,275,1
632,274,1
632,273,1
632,272,1
632,271,1
632,270,1
631,269,1
631,268,1
631,267,1
631,266,1
631,265,1
630,264,1
630,263,1
630,262,1
630,261,1
630,260,1
630,259,1
629,258,1
629,257,1
629,256,1
629,255,1
629,254,1
629,253,1
629,252,1
628,251,1
628,250,1
628,249,1
628,248,1
628,247,1
628,246,1
627,245,1
627,244,1
627,243,1
627,242,1
627,241,1
626,240,1
626,239,1
626,238,1
626,237,1
626,236,1
626,235,1
625,235,1
625,234,1
625,233,1
625,232,1
625,231,1
625,230,1
624,229,1
624,228,1
624,227,1
624,226,1
624,225,1
624,224,1
624,223,1
623,222,1
623,221,1
623,220,1
623,219,1
623,218,1
623,217,1
623,216,1
623,215,1
623,214,1
623,213,1
623,212,1
623,211,1
623,210,1
623,209,1
623,208,1
622,207,1
622,206,1
622,205,1
622,204,1
622,203,1
622,202,1
622,201,1
622,200,1
622,199,1
622,198,1
622,197,1
622,196,1
622,195,1
622,194,1
623,193,1
623,192,1
623,191,1
623,190,1
623,189,1
623,188,1
623,187,1
623,186,1
623,185,1
623,184,1
624,183,1
624,182,1
624,181,1
624,180,1
624,179,1
625,178,1
625,177,1
625,176,1
626,175,1
626,174,1
626,173,1
627,172,1
627,171,1
628,170,1
628,169,1
628,168,1
629,167,1
629,166,1
630,166,1
630,165,1
630,164,1
631,163,1
632,162,1
632,161,1
633,160,1
633,159,1
634,158,1
634,157,1
635,157,1
636,156,1
636,155,1
637,155,1
637,154,1
638,153,1
639,152,1
640,151,1
640,150,1
641,150,1
642,149,1
642,148,1
643,148,1
644,147,1
645,146,1
646,146,1
646,145,1
647,145,1
648,144,1
649,143,1
650,142,1
651,142,1
652,141,1
653,141,1
654,140,1
655,140,1
655,139,1
656,139,1
657,139,1
658,138,1
659,138,1
660,137,1
661,137,1
662,137,1
663,137,1
664,136,1
665,136,1
666,136,1
667,136,1
668,136,1
669,136,1
670,136,1
671,137,1
672,137,1
673,137,1
674,137,1
675,138,1
676,139,1
677,139,1
678,140,1
679,141,1
680,141,1
680,142,1
681,143,1
682,144,1
683,145,1
683,146,1
684,147,1
685,148,1
685,149,1
685,150,1
685,151,1
686,152,1
686,153,1
686,154,1
687,155,1
687,156,1
687,157,1
687,158,1
687,159,1
687,160,1
687,161,1
688,162,1
688,163,1
688,164,1
688,165,1
688,166,1
688,167,1
688,168,1
688,169,1
688,170,1
688,171,1
688,172,1
688,173,1
689,174,1
689,175,1
689,176,1
689,177,1
689,178,1
689,179,1
689,180,1
689,181,1
689,182,1
689,183,1
689,184,1
689,185,1
689,186,1
689,187,1
689,188,1
689,189,1
689,190,1
689,191,1
689,192,1
689,193,1
689,194,1
689,195,1
689,196,1
689,197,1
689,198,1
689,199,1
689,200,1
689,201,1
689,202,1
689,203,1
689,204,1
689,205,1
689,206,1
689,207,1
689,208,1
689,209,1
689,210,1
689,211,1
689,212,1
689,213,1
689,214,1
689,215,1
689,216,1
689,217,1
689,218,1
689,219,1
689,220,1
689,221,1
689,222,1
689,223,1
689,224,1
689,225,1
689,226,1
689,227,1
689,228,1
689,229,1
706,231,0
719,242,1
720,242,1
721,241,1
722,240,1
723,239,1
724,238,1
725,237,1
726,237,1
726,236,1
727,235,1
728,235,1
729,235,1
729,234,1
730,234,1
731,234,1
732,234,1
733,233,1
734,234,1
735,234,1
736,234,1
737,235,1
738,235,1
738,236,1
739,237,1
740,238,1
740,239,1
741,240,1
741,241,1
742,242,1
742,243,1
743,244,1
743,245,1
743,246,1
743,247,1
744,248,1
744,249,1
744,250,1
744,251,1
744,252,1
744,253,1
744,254,1
744,255,1
744,256,1
744,257,1
744,258,1
744,259,1
744,260,1
744,261,1
744,262,1
744,263,1
744,264,1
744,265,1
744,266,1
744,267,1
744,268,1
743,269,1
743,270,1
743,271,1
743,272,1
743,273,1
743,274,1
743,275,1
743,276,1
743,277,1
743,278,1
743,279,1
743,280,1
743,281,1
742,281,1
742,282,1
742,283,1
742,284,1
742,285,1
742,286,1
742,287,1
742,288,1
742,289,1
742,290,1
742,291,1
741,292,1
741,293,1
741,294,1
741,295,1
741,296,1
741,297,1
741,298,1
741,299,1
741,300,1
741,301,1
741,302,1
740,303,1
740,304,1
740,305,1
740,306,1
740,307,1
740,308,1
740,309,1
740,310,1
740,311,1
740,312,1
740,313,1
740,314,1
740,315,1
740,316,1
740,317,1
740,318,1
740,319,1
740,320,1
740,321,1
740,322,1
740,323,1
740,324,1
740,325,1
740,326,1
740,327,1
740,328,1
740,329,1
740,330,1
740,331,1
741,332,1
741,333,1
741,334,1
741,335,1
741,336,1
741,337,1
742,338,1
743,339,1
744,339,1
765,294,0
790,248,1
790,249,1
789,250,1
789,251,1
789,252,1
788,253,1
788,254,1
788,255,1
787,255,1
787,256,1
787,257,1
787,258,1
786,259,1
786,260,1
786,261,1
786,262,1
786,263,1
786,264,1
786,265,1
786,266,1
786,267,1
787,268,1
787,269,1
787,270,1
788,271,1
789,272,1
789,273,1
790,273,1
790,274,1
791,274,1
792,275,1
793,276,1
794,276,1
795,276,1
796,277,1
797,277,1
798,277,1
799,277,1
800,277,1
801,277,1
802,277,1
803,277,1
803,276,1
804,276,1
805,276,1
806,276,1
807,275,1
808,275,1
809,274,1
810,274,1
811,273,1
812,273,1
813,272,1
814,272,1
815,271,1
816,271,1
817,270,1
818,270,1
818,269,1
819,269,1
820,268,1
821,268,1
822,267,1
823,267,1
824,266,1
825,266,1
826,266,1
827,265,1
828,265,1
829,265,1
830,265,1
831,265,1
832,265,1
833,265,1
834,265,1
835,265,1
836,265,1
837,266,1
838,266,1
839,267,1
840,267,1
840,268,1
841,268,1
841,269,1
842,270,1
843,271,1
843,272,1
844,272,1
844,273,1
844,274,1
844,275,1
845,276,1
845,277,1
845,278,1
845,279,1
845,280,1
846,281,1
846,282,1
846,283,1
846,284,1
846,285,1
846,286,1
846,287,1
846,288,1
846,289,1
846,290,1
846,291,1
846,292,1
846,293,1
845,294,1
845,295,1
845,296,1
845,297,1
845,298,1
846,299,1
847,299,1
847,298,1
848,298,1
848,297,1
848,296,1
849,296,1
849,295,1
850,294,1
851,293,1
851,292,1
852,291,1
853,290,1
853,289,1
854,288,1
855,288,1
855,287,1
856,286,1
857,285,1
857,284,1
858,284,1
859,283,1
860,282,1
861,281,1
862,280,1
863,280,1
863,279,1
864,279,1
865,278,1
866,278,1
866,277,1
867,277,1
868,277,1
869,276,1
870,276,1
871,275,1
872,275,1
873,275,1
874,275,1
875,274,1
876,274,1
877,274,1
878,274,1
879,274,1
880,274,1
881,274,1
882,275,1
883,275,1
884,275,1
885,275,1
886,276,1
887,276,1
888,277,1
889,277,1
889,278,1
890,278,1
890,279,1
891,279,1
891,280,1
892,280,1
892,281,1
892,282,1
893,283,1
893,284,1
893,285,1
893,286,1
893,287,1
893,288,1
893,289,1
893,290,1
892,291,1
892,292,1
892,293,1
891,293,1
891,294,1
890,295,1
890,296,1
889,297,1
889,298,1
888,298,1
888,299,1
887,300,1
887,301,1
886,301,1
885,302,1
885,303,1
884,303,1
883,304,1
882,305,1
881,306,1
880,307,1
879,308,1
878,309,1
877,309,1
876,310,1
875,311,1
874,311,1
873,312,1
872,313,1
871,313,1
870,314,1
869,314,1
869,315,1
868,315,1
867,315,1
866,316,1
865,316,1
864,317,1
863,317,1
862,317,1
861,318,1
860,318,1
859,318,1
858,319,1
857,319,1
856,319,1
855,319,1
854,319,1
853,319,1
852,319,1
852,318,1
851,318,1
850,318,1
849,317,1
849,316,1
849,315,1
902,276,0
953,229,1
953,230,1
953,231,1
953,232,1
953,233,1
953,234,1
953,235,1
954,236,1
954,237,1
954,238,1
954,239,1
954,240,1
954,241,1
954,242,1
954,243,1
954,244,1
954,245,1
954,246,1
954,247,1
954,248,1
954,249,1
954,250,1
954,251,1
954,252,1
954,253,1
954,254,1
954,255,1
955,256,1
955,257,1
955,258,1
955,259,1
955,260,1
955,261,1
955,262,1
955,263,1
955,264,1
955,265,1
955,266,1
955,267,1
955,268,1
955,269,1
955,270,1
955,271,1
955,272,1
955,273,1
955,274,1
955,275,1
955,276,1
955,277,1
955,278,1
955,279,1
955,280,1
955,281,1
955,282,1
955,283,1
955,284,1
955,285,1
955,286,1
955,287,1
955,288,1
955,289,1
955,290,1
955,291,1
955,292,1
955,293,1
955,294,1
955,295,1
955,296,1
955,297,1
955,298,1
955,299,1
955,300,1
955,301,1
955,302,1
955,303,1
955,304,1
955,305,1
955,306,1
955,307,1
955,308,1
955,309,1
955,310,1
955,311,1
955,312,1
955,313,1
954,313,1
954,314,1
954,315,1
954,316,1
954,317,1
954,318,1
954,319,1
954,320,1
954,321,1
954,322,1
954,323,1
953,324,1
953,325,1
953,326,1
953,327,1
953,328,1
953,329,1
953,330,1
953,331,1
953,332,1
952,332,1
952,333,1
952,334,1
952,335,1
952,336,1
952,337,1
952,338,1
951,339,1
951,340,1
951,341,1
951,342,1
950,343,1
950,344,1
950,345,1
949,346,1
949,347,1
949,348,1
948,349,1
948,350,1
948,351,1
947,352,1
947,353,1
946,354,1
946,355,1
946,356,1
945,357,1
945,358,1
944,359,1
944,360,1
944,361,1
943,362,1
943,363,1
942,364,1
941,365,1
941,366,1
940,367,1
940,368,1
939,369,1
938,369,1
938,370,1
937,371,1
936,371,1
657,295,0
369,222,1
370,222,1
371,222,1
372,222,1
373,222,1
374,221,1
375,221,1
376,221,1
377,221,1
378,221,1
379,221,1
380,221,1
381,221,1
382,221,1
383,221,1
384,220,1
385,220,1
386,220,1
387,220,1
388,220,1
389,220,1
390,220,1
391,220,1
392,220,1
393,220,1
394,219,1
395,219,1
396,219,1
397,219,1
398,219,1
399,219,1
400,219,1
401,219,1
402,219,1
403,219,1
403,218,1
404,218,1
405,218,1
406,218,1
407,218,1
408,218,1
409,218,1
410,218,1
411,218,1
412,218,1
413,217,1
414,217,1
415,217,1
416,217,1
417,217,1
418,217,1
419,217,1
420,217,1
421,217,1
422,217,1
423,216,1
424,216,1
425,216,1
426,216,1
427,216,1
428,216,1
429,216,1
430,216,1
431,216,1
432,216,1
433,216,1
434,216,1
435,216,1
436,216,1
437,216,1
438,216,1
439,216,1
440,216,1
441,216,1
442,216,1
442,215,1
443,215,1
444,215,1
445,215,1
446,215,1
447,215,1
448,215,1
449,215,1
450,215,1
451,215,1
452,214,1
453,214,1
454,214,1
455,214,1
456,214,1
457,214,1
458,214,1
459,214,1
460,214,1
461,214,1
461,213,1
462,213,1
463,213,1
464,213,1
465,213,1
466,213,1
467,213,1
468,213,1
469,213,1
470,213,1
471,213,1
472,212,1
473,212,1
474,212,1
475,212,1
476,212,1
477,212,1
478,212,1
479,212,1
480,212,1
481,212,1
481,211,1
482,211,1
483,211,1
484,211,1
485,211,1
486,211,1
487,211,1
488,211,1
489,211,1
490,210,1
491,210,1
492,210,1
493,210,1
494,210,1
495,210,1
496,210,1
497,210,1
498,210,1
499,210,1
500,210,1
501,210,1
502,210,1
503,210,1
504,210,1
505,210,1
506,210,1
507,210,1
508,209,1
509,209,1
510,209,1
511,209,1
512,209,1
513,209,1
514,209,1
515,209,1
516,209,1
517,208,1
518,208,1
519,208,1
520,208,1
521,208,1
522,208,1
523,208,1
524,208,1
525,208,1
526,207,1
527,207,1
528,207,1
529,207,1
530,207,1
531,207,1
532,207,1
533,207,1
534,207,1
535,206,1
536,206,1
537,206,1
538,206,1
539,206,1
540,206,1
541,206,1
542,206,1
543,206,1
544,205,1
545,205,1
546,205,1
547,205,1
548,205,1
549,205,1
550,205,1
551,205,1
552,205,1
553,204,1
554,204,1
555,204,1
556,204,1
557,204,1
558,204,1
559,204,1
560,204,1
561,204,1
562,204,1
563,203,1
564,203,1
565,203,1
566,203,1
567,203,1
568,203,1
569,203,1
570,203,1
571,203,1
572,203,1
573,203,1
574,203,1
575,203,1
576,203,1
577,203,1
578,203,1
579,203,1
580,203,1
581,203,1
582,203,1
583,203,1
584,202,1
585,202,1
586,202,1
587,202,1
588,202,1
589,202,1
590,202,1
591,202,1
592,202,1
593,202,1
594,202,1
595,201,1
596,201,1
597,201,1
598,201,1
599,201,1
600,201,1
601,201,1
602,201,1
603,201,1
604,201,1
605,201,1
606,201,1
607,201,1
608,201,1
609,201,1
610,200,1
611,200,1
612,200,1
613,200,1
614,200,1
615,200,1
616,200,1
617,200,1
618,200,1
619,200,1
620,200,1
621,200,1
622,200,1
623,200,1
624,200,1
625,200,1
626,200,1
627,200,1
628,200,1
629,200,1
629,199,1
630,199,1
631,199,1
632,199,1
633,199,1
634,199,1
635,199,1
636,199,1
637,199,1
638,199,1
639,199,1
640,199,1
641,199,1
642,199,1
643,199,1
644,199,1
645,199,1
646,199,1
647,199,1
648,199,1
649,199,1
650,199,1
651,199,1
652,199,1
653,199,1
654,199,1
655,199,1
655,198,1
656,198,1
657,198,1
658,198,1
659,198,1
660,198,1
661,198,1
662,198,1
663,198,1
664,198,1
665,198,1
666,198,1
667,198,1
668,198,1
669,198,1
670,198,1
671,198,1
672,198,1
673,198,1
674,198,1
675,198,1
676,198,1
677,198,1
678,198,1
679,198,1
680,198,1
681,198,1
682,198,1
683,198,1
684,198,1
685,198,1
686,198,1
687,198,1
688,198,1
689,198,1
690,198,1
691,198,1
692,198,1
693,198,1
694,198,1
695,198,1
696,198,1
697,198,1
698,198,1
699,197,1
700,197,1
701,197,1
702,197,1
703,197,1
704,197,1
705,197,1
706,197,1
707,197,1
708,197,1
709,197,1
710,197,1
711,197,1
712,197,1
713,197,1
714,197,1
715,197,1
716,197,1
717,197,1
718,197,1
719,197,1
720,197,1
721,197,1
722,197,1
723,197,1
724,197,1
725,197,1
726,197,1
727,197,1
728,197,1
729,197,1
730,197,1
731,197,1
732,197,1
733,197,1
734,197,1
735,197,1
736,197,1
737,197,1
738,197,1
739,197,1
740,197,1
741,197,1
742,197,1
743,197,1
744,197,1
745,197,1
746,197,1
747,197,1
748,197,1
749,197,1
750,197,1
751,197,1
752,197,1
753,197,1
754,197,1
755,197,1
756,197,1
757,197,1
758,197,1
759,197,1
760,197,1
761,197,1
762,197,1
763,197,1
764,197,1
765,197,1
766,197,1
767,197,1
768,197,1
769,197,1
770,197,1
771,197,1
772,197,1
773,197,1
774,197,1
775,197,1
776,197,1
777,197,1
778,197,1
779,197,1
780,197,1
781,197,1
782,197,1
783,197,1
784,197,1
785,197,1
786,197,1
787,197,1
788,197,1
789,197,1
790,197,1
791,197,1
792,197,1
793,197,1
794,197,1
795,197,1
796,197,1
797,197,1
798,197,1
799,197,1
800,197,1
801,197,1
802,197,1
803,197,1
804,197,1
805,197,1
806,197,1
807,197,1
808,197,1
809,197,1
810,197,1
811,197,1
812,197,1
813,197,1
814,197,1
815,197,1
816,197,1
817,197,1
818,197,1
819,197,1
820,197,1
821,197,1
822,197,1
823,197,1
824,197,1
825,197,1
826,197,1
827,197,1
828,197,1
829,197,1
830,197,1
831,197,1
832,197,1
833,197,1
834,197,1
835,197,1
836,197,1
837,197,1
838,197,1
839,197,1
840,197,1
841,197,1
842,197,1
843,197,1
844,197,1
845,197,1
846,197,1
847,197,1
848,197,1
849,197,1
850,197,1
851,197,1
852,197,1
853,197,1
854,197,1
855,197,1
856,197,1
857,197,1
858,197,1
859,197,1
860,197,1
861,197,1
862,197,1
863,197,1
864,197,1
865,197,1
866,197,1
867,197,1
868,197,1
869,197,1
870,197,1
871,197,1
872,197,1
873,197,1
874,197,1
875,197,1
876,197,1
877,197,1
878,197,1
879,197,1
880,197,1
881,197,1
882,197,1
883,197,1
884,197,1
885,197,1
886,197,1
887,197,1
888,197,1
889,197,1
890,197,1
891,197,1
892,197,1
893,197,1
894,197,1
895,197,1
896,197,1
897,197,1
898,197,1
899,197,1
900,197,1
901,197,1
902,197,1
903,197,1
904,197,1
905,197,1
906,197,1
907,197,1
908,197,1
909,197,1
910,197,1
911,198,1
912,198,1
913,198,1
914,198,1
915,198,1
916,198,1
917,198,1
918,198,1
919,198,1
920,198,1
921,198,1
922,198,1
923,198,1
924,198,1
925,198,1
926,198,1
927,198,1
928,198,1
929,198,1
930,198,1
931,198,1
932,198,1
933,198,1
934,198,1
935,198,1
936,198,1
937,198,1
938,199,1
939,199,1
940,199,1
941,199,1
942,199,1
943,199,1
944,199,1
945,199,1
946,199,1
947,199,1
948,199,1
949,199,1
950,199,1
951,199,1
952,199,1
953,199,1
954,199,1
955,199,1
956,199,1
957,199,1
958,199,1
959,199,1
960,200,1
961,200,1
962,200,1
963,200,1
964,200,1
965,200,1
966,200,1
967,200,1
968,200,1
969,200,1
970,200,1
971,200,1
972,200,1
973,200,1
974,200,1
975,200,1
976,200,1
977,201,1
978,201,1
979,201,1
980,201,1
981,201,1
982,201,1
983,201,1
984,201,1
985,201,1
986,201,1
987,202,1
988,202,1
989,202,1
990,202,1
991,202,1
992,202,1
993,202,1
994,203,1
995,203,1
996,203,1
997,203,1
998,203,1
999,203,1
998,204,1
997,204,1
997,204,0
