467,436,1
467,437,1
467,438,1
467,439,1
472,486,1
472,487,1
473,488,1
473,489,1
473,490,1
473,491,1
473,492,1
473,493,1
473,494,1
473,495,1
473,496,1
473,497,1
474,498,1
474,499,1
474,500,1
474,501,1
474,502,1
474,503,1
474,504,1
474,505,1
474,506,1
474,507,1
475,508,1
475,509,1
475,510,1
475,511,1
475,512,1
475,513,1
475,514,1
475,515,1
475,516,1
475,517,1
475,518,1
475,519,1
476,520,1
476,521,1
476,522,1
476,523,1
476,524,1
476,525,1
476,526,1
476,527,1
476,528,1
476,529,1
476,530,1
476,531,1
476,532,1
476,533,1
475,534,1
475,535,1
475,536,1
475,537,1
475,538,1
474,539,1
474,540,1
474,541,1
473,542,1
473,543,1
472,544,1
471,545,1
470,545,1
470,546,1
469,546,1
468,546,1
467,546,1
466,546,1
465,546,1
464,546,1
463,545,1
462,545,1
461,544,1
460,543,1
459,542,1
458,541,1
457,541,1
457,540,1
456,539,1
455,538,1
455,537,1
454,537,1
454,536,1
453,535,1
453,534,1
452,534,1
452,533,1
452,532,1
451,531,1
451,530,1
451,529,1
450,529,1
450,528,1
450,527,1
450,526,1
449,525,1
449,524,1
449,523,1
449,522,1
448,521,1
448,520,1
448,519,1
448,518,1
448,517,1
448,516,1
448,515,1
449,514,1
449,513,1
449,512,1
449,511,1
450,510,1
450,509,1
450,508,1
451,507,1
451,506,1
452,505,1
452,504,1
453,503,1
454,502,1
455,501,1
455,500,1
456,500,1
457,499,1
458,498,1
459,498,1
459,497,1
460,497,1
461,497,1
462,496,1
463,495,1
464,495,1
465,495,1
465,494,1
466,494,1
467,493,1
468,493,1
469,493,1
470,492,1
471,492,1
472,491,1
473,491,1
474,491,1
475,490,1
476,490,1
477,490,1
478,490,1
479,489,1
480,489,1
481,488,1
482,488,1
483,488,1
484,488,1
485,487,1
486,487,1
487,487,1
488,487,1
489,486,1
490,486,1
491,486,1
492,485,1
493,485,1
494,485,1
495,485,1
496,484,1
497,484,1
498,484,1
499,484,1
500,483,1
501,483,1
502,483,1
503,482,1
504,482,1
505,482,1
506,482,1
507,481,1
508,481,1
509,481,1
510,480,1
511,480,1
512,480,1
513,480,1
514,479,1
515,479,1
516,479,1
517,478,1
518,478,1
519,478,1
520,477,1
521,477,1
522,477,1
523,476,1
524,476,1
525,476,1
526,475,1
527,475,1
528,475,1
529,474,1
530,474,1
531,474,1
532,473,1
533,473,1
534,473,1
535,472,1
536,472,1
537,471,1
538,471,1
539,471,1
540,470,1
541,470,1
542,470,1
543,469,1
544,469,1
545,468,1
546,468,1
546,467,1
547,467,1
548,466,1
549,466,1
550,466,1
551,465,1
552,465,1
553,464,1
554,464,1
555,464,1
555,463,1
556,463,1
557,462,1
558,461,1
559,461,1
560,460,1
589,500,1
589,501,1
589,502,1
589,503,1
589,504,1
589,505,1
589,506,1
589,507,1
589,508,1
589,509,1
589,510,1
589,511,1
589,512,1
589,513,1
589,514,1
589,515,1
589,516,1
589,517,1
589,518,1
589,519,1
589,520,1
589,521,1
589,522,1
589,523,1
589,524,1
589,525,1
589,526,1
589,527,1
589,528,1
589,529,1
589,530,1
590,531,1
590,532,1
590,533,1
590,534,1
590,535,1
590,536,1
590,537,1
590,538,1
590,539,1
590,540,1
590,541,1
590,542,1
590,543,1
590,544,1
590,545,1
591,546,1
591,547,1
591,548,1
591,549,1
591,550,1
591,551,1
591,552,1
591,553,1
591,554,1
591,555,1
591,556,1
592,557,1
592,558,1
592,559,1
592,560,1
592,561,1
592,562,1
592,563,1
592,564,1
592,565,1
592,566,1
593,567,1
593,568,1
593,569,1
593,570,1
593,571,1
594,571,1
594,572,1
594,573,1
594,574,1
594,575,1
595,576,1
595,577,1
595,578,1
595,579,1
596,579,1
596,580,1
597,580,1
598,579,1
598,578,1
599,577,1
599,576,1
640,525,0
685,461,1
685,462,1
685,463,1
685,464,1
685,465,1
685,466,1
685,467,1
685,468,1
685,469,1
685,470,1
685,471,1
685,472,1
685,473,1
685,474,1
685,475,1
685,476,1
685,477,1
685,478,1
685,479,1
686,480,1
686,481,1
686,482,1
686,483,1
686,484,1
686,485,1
686,486,1
686,487,1
686,488,1
686,489,1
686,490,1
686,491,1
686,492,1
686,493,1
687,494,1
687,495,1
687,496,1
687,497,1
687,498,1
687,499,1
687,500,1
687,501,1
687,502,1
687,503,1
687,504,1
688,505,1
688,506,1
688,507,1
688,508,1
688,509,1
688,510,1
688,511,1
688,512,1
688,513,1
688,514,1
688,515,1
688,516,1
688,517,1
689,518,1
689,519,1
689,520,1
689,521,1
689,522,1
689,523,1
689,524,1
689,525,1
689,526,1
689,527,1
689,528,1
689,529,1
688,528,1
688,527,1
688,526,1
688,525,1
687,525,1
629,406,0
577,279,1
576,279,1
575,280,1
574,280,1
573,281,1
572,281,1
571,282,1
570,282,1
569,282,1
568,282,1
567,283,1
566,283,1
565,283,1
564,283,1
563,283,1
562,283,1
561,283,1
560,283,1
559,283,1
558,283,1
557,283,1
556,282,1
555,282,1
554,282,1
553,282,1
552,281,1
551,281,1
550,281,1
549,280,1
548,280,1
547,279,1
546,278,1
545,278,1
544,277,1
543,277,1
543,276,1
542,275,1
541,275,1
541,274,1
540,273,1
539,272,1
538,271,1
538,270,1
537,269,1
537,268,1
536,267,1
536,266,1
536,265,1
535,265,1
535,264,1
535,263,1
535,262,1
535,261,1
535,260,1
535,259,1
534,258,1
535,257,1
535,256,1
535,255,1
535,254,1
535,253,1
535,252,1
536,252,1
536,251,1
536,250,1
537,249,1
537,248,1
537,247,1
538,246,1
539,245,1
539,244,1
540,243,1
541,242,1
542,241,1
542,240,1
543,240,1
544,239,1
544,238,1
545,238,1
546,237,1
547,236,1
548,235,1
549,235,1
549,234,1
550,234,1
551,234,1
552,233,1
553,233,1
553,232,1
554,232,1
555,232,1
556,231,1
557,231,1
558,231,1
559,230,1
560,230,1
561,230,1
562,230,1
563,229,1
564,229,1
565,229,1
566,229,1
567,229,1
568,229,1
569,229,1
570,229,1
571,229,1
572,229,1
573,229,1
574,229,1
575,229,1
576,229,1
577,229,1
578,229,1
579,229,1
580,230,1
581,230,1
582,230,1
583,230,1
584,230,1
585,231,1
586,231,1
587,231,1
588,231,1
589,232,1
590,232,1
591,232,1
592,233,1
593,233,1
594,233,1
595,234,1
596,235,1
597,235,1
598,236,1
599,236,1
600,237,1
601,237,1
602,238,1
603,238,1
603,239,1
604,239,1
605,240,1
606,240,1
607,241,1
608,241,1
609,242,1
609,243,1
610,243,1
611,244,1
612,244,1
613,245,1
614,246,1
615,247,1
616,248,1
617,248,1
618,249,1
618,250,1
619,251,1
620,251,1
621,252,1
622,253,1
623,253,1
623,254,1
624,255,1
625,256,1
626,256,1
626,257,1
627,258,1
628,259,1
629,259,1
629,260,1
630,261,1
631,262,1
632,263,1
633,264,1
633,265,1
634,265,1
635,266,1
635,267,1
636,268,1
637,269,1
638,270,1
639,271,1
639,272,1
640,273,1
641,274,1
642,275,1
642,276,1
643,277,1
644,278,1
645,279,1
646,280,1
646,281,1
647,282,1
647,283,1
648,283,1
649,284,1
649,285,1
650,286,1
650,287,1
651,288,1
652,289,1
653,290,1
653,291,1
654,292,1
654,293,1
655,294,1
656,294,1
656,295,1
657,296,1
657,297,1
658,298,1
658,299,1
659,300,1
660,301,1
660,302,1
661,303,1
662,304,1
662,305,1
663,306,1
663,307,1
664,307,1
664,308,1
665,309,1
665,310,1
666,311,1
666,312,1
667,313,1
667,314,1
667,315,1
668,315,1
668,316,1
669,317,1
669,318,1
670,319,1
670,320,1
671,321,1
671,322,1
672,323,1
672,324,1
673,325,1
673,326,1
674,327,1
674,328,1
675,329,1
675,330,1
675,331,1
676,332,1
676,333,1
677,333,1
677,334,1
677,335,1
678,336,1
678,337,1
678,338,1
679,339,1
679,340,1
680,341,1
680,342,1
680,343,1
681,344,1
681,345,1
682,346,1
682,347,1
682,348,1
683,349,1
683,350,1
683,351,1
684,352,1
684,353,1
684,354,1
685,355,1
685,356,1
685,357,1
686,358,1
686,359,1
686,360,1
686,361,1
687,362,1
687,363,1
687,364,1
688,365,1
688,366,1
688,367,1
688,368,1
689,369,1
689,370,1
689,371,1
689,372,1
689,373,1
690,374,1
690,375,1
690,376,1
690,377,1
690,378,1
691,379,1
691,380,1
691,381,1
691,382,1
691,383,1
691,384,1
691,385,1
692,386,1
692,387,1
692,388,1
692,389,1
692,390,1
692,391,1
693,392,1
693,393,1
693,394,1
693,395,1
693,396,1
693,397,1
693,398,1
693,399,1
694,400,1
694,401,1
694,402,1
694,403,1
694,404,1
694,405,1
694,406,1
694,407,1
694,408,1
695,409,1
695,410,1
695,411,1
695,412,1
695,413,1
695,414,1
695,415,1
695,416,1
695,417,1
695,418,1
695,419,1
695,420,1
696,421,1
696,422,1
696,423,1
696,424,1
696,425,1
696,426,1
696,427,1
696,428,1
696,429,1
696,430,1
696,431,1
696,432,1
697,433,1
697,434,1
697,435,1
697,436,1
697,437,1
697,438,1
697,439,1
697,440,1
697,441,1
697,442,1
698,443,1
698,444,1
698,445,1
699,446,1
699,447,1
700,448,1
785,446,0
875,443,1
875,444,1
875,445,1
875,446,1
875,447,1
874,448,1
874,449,1
874,450,1
874,451,1
874,452,1
874,453,1
874,454,1
874,455,1
874,456,1
874,457,1
873,458,1
873,459,1
873,460,1
873,461,1
873,462,1
873,463,1
873,464,1
873,465,1
873,466,1
873,467,1
873,468,1
873,469,1
873,470,1
873,471,1
873,472,1
873,473,1
873,474,1
873,475,1
873,476,1
873,477,1
873,478,1
873,479,1
873,480,1
873,481,1
873,482,1
873,483,1
873,484,1
873,485,1
873,486,1
873,487,1
873,488,1
873,489,1
873,490,1
873,491,1
873,492,1
873,493,1
873,494,1
873,495,1
873,496,1
873,497,1
873,498,1
873,499,1
873,500,1
873,501,1
873,502,1
873,503,1
873,504,1
873,505,1
873,506,1
873,507,1
873,508,1
873,509,1
873,510,1
872,511,1
872,512,1
872,513,1
872,514,1
872,515,1
872,516,1
871,516,1
871,517,1
871,518,1
870,519,1
869,519,1
868,519,1
867,519,1
867,518,1
867,517,1
866,517,1
866,516,1
865,515,1
865,514,1
865,513,1
864,513,1
864,512,1
864,511,1
864,510,1
864,509,1
863,508,1
863,507,1
863,506,1
863,505,1
863,504,1
862,503,1
862,502,1
862,501,1
862,500,1
862,499,1
862,498,1
862,497,1
861,496,1
861,495,1
861,494,1
861,493,1
861,492,1
861,491,1
861,490,1
861,489,1
861,488,1
860,487,1
860,486,1
860,485,1
860,484,1
860,483,1
860,482,1
860,481,1
860,480,1
860,479,1
860,478,1
860,477,1
860,476,1
860,475,1
860,474,1
860,473,1
859,472,1
859,471,1
859,470,1
859,469,1
859,468,1
859,467,1
859,466,1
859,465,1
859,464,1
859,463,1
859,462,1
859,461,1
859,460,1
859,459,1
859,458,1
859,457,1
859,456,1
859,455,1
859,454,1
859,453,1
859,452,1
859,451,1
859,450,1
859,449,1
859,448,1
859,447,1
859,446,1
859,445,1
859,444,1
859,443,1
859,442,1
859,441,1
859,440,1
859,439,1
859,438,1
859,437,1
859,436,1
859,435,1
859,434,1
859,433,1
859,432,1
859,431,1
859,430,1
859,429,1
859,428,1
859,427,1
859,426,1
859,425,1
859,424,1
859,423,1
859,422,1
859,421,1
859,420,1
859,419,1
859,418,1
859,417,1
859,416,1
859,415,1
859,414,1
859,413,1
859,412,1
859,411,1
859,410,1
859,409,1
859,408,1
859,407,1
859,406,1
859,405,1
859,404,1
859,403,1
859,402,1
859,401,1
859,400,1
859,399,1
859,398,1
859,397,1
859,396,1
859,395,1
859,394,1
860,393,1
860,392,1
860,391,1
860,390,1
860,389,1
860,388,1
860,387,1
860,386,1
860,385,1
860,384,1
860,383,1
860,382,1
860,381,1
860,380,1
860,379,1
860,378,1
861,377,1
861,376,1
861,375,1
861,374,1
861,373,1
861,372,1
861,371,1
861,370,1
861,369,1
861,368,1
862,367,1
862,366,1
862,365,1
862,364,1
862,363,1
862,362,1
862,361,1
862,360,1
862,359,1
863,358,1
863,357,1
863,356,1
863,355,1
863,354,1
863,353,1
863,352,1
863,351,1
864,350,1
864,349,1
864,348,1
864,347,1
864,346,1
864,345,1
865,344,1
865,343,1
865,342,1
865,341,1
865,340,1
865,339,1
865,338,1
866,337,1
866,336,1
866,335,1
866,334,1
866,333,1
867,332,1
867,331,1
867,330,1
867,329,1
867,328,1
868,327,1
868,326,1
868,325,1
868,324,1
868,323,1
869,322,1
869,321,1
869,320,1
869,319,1
869,318,1
870,317,1
870,316,1
870,315,1
871,314,1
871,313,1
871,312,1
871,311,1
871,310,1
872,309,1
872,308,1
872,307,1
872,306,1
873,305,1
873,304,1
873,303,1
873,302,1
874,301,1
874,300,1
874,299,1
875,298,1
875,297,1
875,296,1
876,295,1
876,294,1
876,293,1
876,292,1
877,291,1
877,290,1
877,289,1
878,288,1
878,287,1
878,286,1
878,285,1
879,284,1
879,283,1
879,282,1
880,281,1
880,280,1
880,279,1
881,278,1
881,277,1
881,276,1
882,275,1
882,274,1
882,273,1
883,272,1
883,271,1
884,270,1
884,269,1
885,268,1
885,267,1
886,266,1
886,265,1
886,264,1
887,263,1
887,262,1
888,261,1
888,260,1
888,259,1
889,258,1
889,257,1
890,257,1
890,256,1
891,255,1
891,254,1
892,253,1
892,252,1
893,251,1
893,250,1
894,250,1
894,249,1
895,248,1
895,247,1
896,246,1
896,245,1
897,245,1
898,244,1
898,243,1
899,242,1
899,241,1
900,241,1
901,240,1
901,239,1
902,238,1
903,237,1
904,236,1
905,235,1
906,234,1
907,233,1
907,232,1
908,232,1
909,231,1
910,231,1
910,230,1
911,229,1
912,229,1
913,228,1
914,228,1
914,227,1
915,226,1
916,226,1
917,226,1
918,225,1
919,225,1
919,224,1
920,224,1
921,223,1
922,223,1
923,223,1
924,222,1
925,222,1
926,222,1
927,222,1
928,221,1
929,221,1
930,221,1
931,221,1
932,221,1
933,220,1
934,220,1
935,220,1
936,220,1
937,220,1
938,220,1
939,221,1
940,221,1
941,221,1
942,221,1
943,221,1
944,221,1
945,222,1
946,222,1
947,222,1
948,222,1
949,223,1
950,223,1
950,224,1
951,224,1
952,224,1
953,225,1
954,225,1
955,226,1
956,226,1
957,227,1
958,228,1
959,229,1
960,229,1
961,230,1
962,231,1
963,232,1
964,233,1
965,234,1
966,235,1
967,235,1
967,236,1
968,237,1
968,238,1
969,238,1
970,239,1
970,240,1
971,241,1
972,242,1
973,243,1
973,244,1
974,245,1
974,246,1
975,247,1
976,248,1
976,249,1
977,250,1
977,251,1
978,252,1
978,253,1
979,254,1
979,255,1
980,256,1
980,257,1
981,258,1
981,259,1
981,260,1
982,261,1
982,262,1
983,263,1
983,264,1
983,265,1
984,266,1
984,267,1
984,268,1
985,269,1
985,270,1
985,271,1
986,272,1
986,273,1
987,274,1
987,275,1
987,276,1
988,277,1
988,278,1
988,279,1
988,280,1
989,281,1
989,282,1
989,283,1
989,284,1
990,285,1
990,286,1
990,287,1
991,288,1
991,289,1
991,290,1
991,291,1
991,292,1
992,293,1
992,294,1
992,295,1
992,296,1
993,297,1
993,298,1
993,299,1
993,300,1
993,301,1
994,302,1
994,303,1
994,304,1
994,305,1
994,306,1
995,307,1
995,308,1
995,309,1
995,310,1
995,311,1
995,312,1
996,313,1
996,314,1
996,315,1
996,316,1
996,317,1
1008,348,0
1017,393,1
1018,393,1
1019,392,1
1019,391,1
1020,391,1
1020,390,1
1021,389,1
1021,388,1
1022,387,1
1022,386,1
1023,386,1
1024,385,1
1024,384,1
1025,383,1
1025,382,1
1026,382,1
1027,381,1
1027,380,1
1028,379,1
1029,378,1
1030,377,1
1030,376,1
1031,376,1
1032,375,1
1032,374,1
1033,373,1
1034,372,1
1035,371,1
1035,370,1
1036,370,1
1037,369,1
1037,368,1
1038,367,1
1039,367,1
1039,366,1
1040,365,1
1041,365,1
1041,364,1
1042,363,1
1043,363,1
1044,362,1
1044,361,1
1045,361,1
1046,360,1
1047,359,1
1048,358,1
1049,357,1
1050,357,1
1051,356,1
1052,356,1
1052,355,1
1053,355,1
1054,354,1
1055,354,1
1056,353,1
1057,353,1
1058,352,1
1059,352,1
1059,351,1
1060,351,1
1061,351,1
1062,351,1
1063,350,1
1064,350,1
1065,350,1
1066,350,1
1067,350,1
1068,350,1
1069,350,1
1070,350,1
1071,350,1
1072,350,1
1073,350,1
1074,351,1
1075,351,1
1076,352,1
1077,352,1
1078,353,1
1079,354,1
1080,354,1
1080,355,1
1081,355,1
1081,356,1
1082,357,1
1083,357,1
1083,358,1
1084,359,1
1084,360,1
1085,361,1
1085,362,1
1086,363,1
1086,364,1
1086,365,1
1087,365,1
1087,366,1
1087,367,1
1088,368,1
1088,369,1
1088,370,1
1088,371,1
1088,372,1
1089,373,1
1089,374,1
1089,375,1
1089,376,1
1089,377,1
1089,378,1
1090,379,1
1090,380,1
1090,381,1
1090,382,1
1090,383,1
1090,384,1
1090,385,1
1090,386,1
1090,387,1
1090,388,1
1090,389,1
1091,390,1
1091,391,1
1091,392,1
1091,393,1
1091,394,1
1091,395,1
1091,396,1
1091,397,1
1091,398,1
1091,399,1
1091,400,1
1091,401,1
1091,402,1
1091,403,1
1091,404,1
1091,405,1
1091,406,1
1091,407,1
1091,408,1
1091,409,1
1091,410,1
1090,411,1
1090,412,1
1090,413,1
1090,414,1
1090,415,1
1090,416,1
1090,417,1
1090,418,1
1090,419,1
1090,420,1
1090,421,1
1090,422,1
1090,423,1
1090,424,1
1090,425,1
1090,426,1
1090,427,1
1089,428,1
1089,429,1
1089,430,1
1089,431,1
1089,432,1
1089,433,1
1089,434,1
1089,435,1
1089,436,1
1089,437,1
1089,438,1
1089,439,1
1089,440,1
1089,441,1
1089,442,1
1089,443,1
1088,444,1
1088,445,1
1088,446,1
1088,447,1
1088,448,1
1088,449,1
1088,450,1
1088,451,1
1088,452,1
1088,453,1
1088,454,1
1088,455,1
1088,456,1
1088,457,1
1088,458,1
1088,459,1
1087,460,1
1087,461,1
1087,462,1
1087,463,1
1087,464,1
1087,465,1
1087,466,1
1087,467,1
1087,468,1
1087,469,1
1087,470,1
1086,471,1
1086,472,1
1086,473,1
1086,474,1
1086,475,1
1086,476,1
1086,477,1
1086,478,1
1086,479,1
1086,480,1
1085,481,1
1085,482,1
1085,483,1
1085,484,1
1085,485,1
1085,486,1
1085,487,1
1085,488,1
1085,489,1
1085,490,1
1085,491,1
1085,492,1
1085,493,1
1085,494,1
1085,495,1
1085,496,1
1085,497,1
1085,498,1
1085,499,1
1085,500,1
1085,501,1
1085,502,1
1085,503,1
1084,504,1
1085,505,1
1085,506,1
1085,507,1
1085,508,1
1085,509,1
1085,510,1
1086,511,1
1086,512,1
1087,512,1
1088,512,1
1130,441,0
1180,368,1
1179,369,1
1179,370,1
1178,371,1
1177,372,1
1177,373,1
1176,374,1
1176,375,1
1176,376,1
1175,376,1
1175,377,1
1175,378,1
1174,379,1
1174,380,1
1174,381,1
1174,382,1
1174,383,1
1174,384,1
1173,385,1
1173,386,1
1173,387,1
1173,388,1
1173,389,1
1173,390,1
1173,391,1
1174,392,1
1174,393,1
1174,394,1
1174,395,1
1175,396,1
1175,397,1
1175,398,1
1176,398,1
1176,399,1
1177,400,1
1178,401,1
1179,402,1
1180,402,1
1180,403,1
1181,403,1
1182,404,1
1183,404,1
1184,405,1
1185,405,1
1186,405,1
1187,405,1
1188,406,1
1189,406,1
1190,406,1
1191,406,1
1192,405,1
1193,405,1
1194,405,1
1195,405,1
1196,405,1
1196,404,1
1197,404,1
1198,404,1
1199,404,1
1200,403,1
1201,403,1
1202,403,1
1203,402,1
1204,402,1
1204,401,1
1205,401,1
1206,401,1
1207,400,1
1208,400,1
1209,399,1
1210,399,1
1211,398,1
1212,398,1
1213,397,1
1214,397,1
1215,397,1
1216,396,1
1217,396,1
1217,395,1
1218,395,1
1219,395,1
1220,394,1
1221,394,1
1222,394,1
1223,393,1
1224,393,1
1225,393,1
1226,393,1
1227,392,1
1228,392,1
1229,392,1
1230,392,1
1231,392,1
1232,392,1
1233,392,1
1234,392,1
1235,392,1
1236,393,1
1237,393,1
1238,393,1
1239,394,1
1240,394,1
1240,395,1
1241,395,1
1241,396,1
1242,396,1
1243,397,1
1244,398,1
1244,399,1
1245,400,1
1245,401,1
1246,401,1
1246,402,1
1246,403,1
1247,404,1
1247,405,1
1248,406,1
1248,407,1
1248,408,1
1248,409,1
1248,410,1
1248,411,1
1248,412,1
1248,413,1
1248,414,1
1248,415,1
1248,416,1
1248,417,1
1248,418,1
1248,419,1
1248,420,1
1248,421,1
1248,422,1
1248,423,1
1248,424,1
1248,425,1
1248,426,1
1247,427,1
1247,428,1
1247,429,1
1247,430,1
1247,431,1
1247,432,1
1247,433,1
1248,433,1
1249,433,1
1249,432,1
1250,432,1
1250,431,1
1251,431,1
1252,430,1
1253,429,1
1253,428,1
1254,428,1
1254,427,1
1255,427,1
1256,426,1
1256,425,1
1257,425,1
1258,424,1
1259,423,1
1260,422,1
1261,422,1
1261,421,1
1262,421,1
1263,420,1
1264,420,1
1265,419,1
1266,418,1
1267,418,1
1268,418,1
1269,417,1
1270,417,1
1271,417,1
1272,416,1
1273,416,1
1274,416,1
1275,416,1
1276,416,1
1277,416,1
1278,416,1
1279,416,1
1280,416,1
1281,416,1
1282,416,1
1283,416,1
1284,417,1
1285,417,1
1286,418,1
1287,418,1
1288,419,1
1289,419,1
1289,420,1
1290,420,1
1290,421,1
1291,422,1
1291,423,1
1292,424,1
1292,425,1
1293,426,1
1293,427,1
1293,428,1
1293,429,1
1294,430,1
1294,431,1
1294,432,1
1294,433,1
1294,434,1
1293,435,1
1293,436,1
1293,437,1
1293,438,1
1292,439,1
1292,440,1
1292,441,1
1292,442,1
1291,442,1
1291,443,1
1290,444,1
1289,445,1
1289,446,1
1288,446,1
1288,447,1
1287,448,1
1286,449,1
1285,449,1
1285,450,1
1284,451,1
1283,451,1
1283,452,1
1282,452,1
1281,453,1
1280,454,1
1279,454,1
1278,454,1
1278,455,1
1277,455,1
1276,455,1
1275,456,1
1274,456,1
1273,457,1
1272,457,1
1271,457,1
1270,457,1
1269,458,1
1268,458,1
1267,458,1
1266,458,1
1265,458,1
1264,459,1
1263,459,1
1262,459,1
1261,459,1
1260,459,1
1259,459,1
1258,458,1
1258,459,1
1257,459,1
1256,459,1
1255,459,1
1254,458,1
1253,458,1
1252,458,1
1251,458,1
1250,458,1
1249,458,1
1248,457,1
1247,457,1
1247,456,1
1246,456,1
1245,455,1
1244,455,1
1244,454,1
1243,453,1
1315,409,0
1381,352,1
1381,353,1
1381,354,1
1381,355,1
1381,356,1
1381,357,1
1381,358,1
1380,359,1
1380,360,1
1380,361,1
1380,362,1
1380,363,1
1380,364,1
1380,365,1
1379,366,1
1379,367,1
1379,368,1
1379,369,1
1379,370,1
1379,371,1
1379,372,1
1378,373,1
1378,374,1
1378,375,1
1378,376,1
1378,377,1
1378,378,1
1377,379,1
1377,380,1
1377,381,1
1377,382,1
1377,383,1
1377,384,1
1376,385,1
1376,386,1
1376,387,1
1376,388,1
1376,389,1
1376,390,1
1375,391,1
1375,392,1
1375,393,1
1375,394,1
1375,395,1
1375,396,1
1374,397,1
1374,398,1
1374,399,1
1374,400,1
1374,401,1
1373,402,1
1373,403,1
1373,404,1
1373,405,1
1373,406,1
1372,407,1
1372,408,1
1372,409,1
1372,410,1
1372,411,1
1372,412,1
1371,413,1
1371,414,1
1371,415,1
1371,416,1
1371,417,1
1370,418,1
1370,419,1
1370,420,1
1370,421,1
1369,422,1
1369,423,1
1369,424,1
1369,425,1
1369,426,1
1368,427,1
1368,428,1
1368,429,1
1368,430,1
1367,431,1
1367,432,1
1367,433,1
1367,434,1
1367,435,1
1366,436,1
1366,437,1
1366,438,1
1366,439,1
1365,440,1
1365,441,1
1365,442,1
1364,443,1
1364,444,1
1364,445,1
1364,446,1
1363,447,1
1363,448,1
1362,449,1
1362,450,1
1362,451,1
1361,452,1
1361,453,1
1361,454,1
1360,455,1
1360,456,1
1359,457,1
1359,458,1
1359,459,1
1358,460,1
1358,461,1
1357,462,1
1357,463,1
1356,464,1
1356,465,1
1355,466,1
1355,467,1
1354,468,1
1353,468,1
1353,469,1
1352,470,1
1351,471,1
1351,472,1
1350,472,1
1349,473,1
1348,474,1
1348,475,1
1347,476,1
1346,476,1
1346,477,1
1345,478,1
1344,478,1
1343,479,1
1342,479,1
1341,479,1
1340,479,1
1339,478,1
1338,478,1
1337,477,1
1336,477,1
1335,476,1
896,431,0
439,384,1
440,384,1
441,384,1
442,384,1
443,384,1
444,383,1
445,383,1
446,383,1
447,383,1
448,383,1
449,383,1
450,382,1
451,382,1
452,382,1
453,382,1
454,382,1
455,382,1
456,381,1
457,381,1
458,381,1
459,381,1
460,381,1
461,381,1
462,381,1
463,381,1
464,380,1
465,380,1
466,380,1
467,380,1
468,380,1
469,380,1
470,379,1
471,379,1
472,379,1
473,379,1
474,379,1
475,379,1
476,379,1
477,378,1
478,378,1
479,378,1
480,378,1
481,378,1
482,378,1
483,377,1
484,377,1
485,377,1
486,377,1
487,377,1
488,377,1
489,376,1
490,376,1
491,376,1
492,376,1
493,376,1
494,376,1
495,376,1
496,375,1
497,375,1
498,375,1
499,375,1
500,375,1
501,375,1
502,374,1
503,374,1
504,374,1
505,374,1
506,374,1
507,374,1
508,374,1
509,373,1
510,373,1
511,373,1
512,373,1
513,373,1
514,373,1
515,373,1
516,372,1
517,372,1
518,372,1
519,372,1
520,372,1
521,372,1
522,371,1
523,371,1
524,371,1
525,371,1
526,371,1
527,371,1
528,371,1
529,371,1
530,370,1
531,370,1
532,370,1
533,370,1
534,370,1
535,370,1
536,370,1
537,369,1
538,369,1
539,369,1
540,369,1
541,369,1
542,369,1
543,369,1
544,368,1
545,368,1
546,368,1
547,368,1
548,368,1
549,368,1
550,367,1
551,367,1
552,367,1
553,367,1
554,367,1
555,367,1
556,367,1
557,367,1
558,366,1
559,366,1
560,366,1
561,366,1
562,366,1
563,366,1
564,366,1
565,365,1
566,365,1
567,365,1
568,365,1
569,365,1
570,365,1
571,365,1
572,365,1
573,364,1
574,364,1
575,364,1
576,364,1
577,364,1
578,364,1
579,363,1
580,363,1
581,363,1
582,363,1
583,363,1
584,363,1
585,363,1
586,363,1
587,362,1
588,362,1
589,362,1
590,362,1
591,362,1
592,362,1
593,362,1
594,362,1
595,361,1
596,361,1
597,361,1
598,361,1
599,361,1
600,361,1
601,361,1
602,361,1
603,360,1
604,360,1
605,360,1
606,360,1
607,360,1
608,360,1
609,359,1
610,359,1
611,359,1
612,359,1
613,359,1
614,359,1
615,359,1
616,359,1
617,359,1
618,358,1
619,358,1
620,358,1
621,358,1
622,358,1
623,358,1
624,358,1
625,357,1
626,357,1
627,357,1
628,357,1
629,357,1
630,357,1
631,357,1
632,357,1
633,357,1
634,356,1
635,356,1
636,356,1
637,356,1
638,356,1
639,356,1
640,356,1
641,355,1
642,355,1
643,355,1
644,355,1
645,355,1
646,355,1
647,355,1
648,355,1
649,354,1
650,354,1
651,354,1
652,354,1
653,354,1
654,354,1
655,354,1
656,354,1
657,353,1
658,353,1
659,353,1
660,353,1
661,353,1
662,353,1
663,353,1
664,353,1
665,353,1
666,352,1
667,352,1
668,352,1
669,352,1
670,352,1
671,352,1
672,352,1
673,352,1
674,351,1
675,351,1
676,351,1
677,351,1
678,351,1
679,351,1
680,351,1
681,351,1
682,350,1
683,350,1
684,350,1
685,350,1
686,350,1
687,350,1
688,350,1
689,350,1
690,350,1
691,350,1
692,349,1
693,349,1
694,349,1
695,349,1
696,349,1
697,349,1
698,349,1
699,349,1
700,348,1
701,348,1
702,348,1
703,348,1
704,348,1
705,348,1
706,348,1
707,348,1
708,348,1
709,347,1
710,347,1
711,347,1
712,347,1
713,347,1
714,347,1
715,347,1
716,347,1
717,347,1
718,346,1
719,346,1
720,346,1
721,346,1
722,346,1
723,346,1
724,346,1
725,346,1
726,346,1
727,345,1
728,345,1
729,345,1
730,345,1
731,345,1
732,345,1
733,345,1
734,345,1
735,345,1
736,344,1
737,344,1
738,344,1
739,344,1
740,344,1
741,344,1
742,344,1
743,344,1
744,344,1
745,343,1
746,343,1
747,343,1
748,343,1
749,343,1
750,343,1
751,343,1
752,343,1
753,343,1
754,342,1
755,342,1
756,342,1
757,342,1
758,342,1
759,342,1
760,342,1
761,342,1
762,342,1
763,342,1
764,341,1
765,341,1
766,341,1
767,341,1
768,341,1
769,341,1
770,341,1
771,341,1
772,341,1
773,340,1
774,340,1
775,340,1
776,340,1
777,340,1
778,340,1
779,340,1
780,340,1
781,340,1
782,340,1
783,340,1
784,340,1
785,339,1
786,339,1
787,339,1
788,339,1
789,339,1
790,339,1
791,339,1
792,339,1
793,339,1
794,339,1
795,338,1
796,338,1
797,338,1
798,338,1
799,338,1
800,338,1
801,338,1
802,338,1
803,338,1
804,338,1
805,337,1
806,337,1
807,337,1
808,337,1
809,337,1
810,337,1
811,337,1
812,337,1
813,337,1
814,337,1
815,337,1
816,336,1
817,336,1
818,336,1
819,336,1
820,336,1
821,336,1
822,336,1
823,336,1
824,336,1
825,336,1
826,336,1
827,336,1
828,336,1
829,336,1
830,336,1
831,336,1
832,335,1
833,335,1
834,335,1
835,335,1
836,335,1
837,335,1
838,335,1
839,335,1
840,335,1
841,335,1
842,335,1
843,335,1
844,334,1
845,334,1
846,334,1
847,334,1
848,334,1
849,334,1
850,334,1
851,334,1
852,334,1
853,334,1
854,334,1
855,333,1
856,333,1
857,333,1
858,333,1
859,333,1
860,333,1
861,333,1
862,333,1
863,333,1
864,333,1
865,333,1
866,333,1
867,332,1
868,332,1
869,332,1
870,332,1
871,332,1
872,332,1
873,332,1
874,332,1
875,332,1
876,332,1
877,332,1
878,332,1
879,332,1
880,332,1
881,332,1
882,332,1
883,332,1
884,331,1
885,331,1
886,331,1
887,331,1
888,331,1
889,331,1
890,331,1
891,331,1
892,331,1
893,331,1
894,331,1
895,331,1
896,330,1
897,330,1
898,330,1
899,330,1
900,330,1
901,330,1
902,330,1
903,330,1
904,330,1
905,330,1
906,330,1
907,329,1
908,329,1
909,329,1
910,329,1
911,329,1
912,329,1
913,329,1
914,329,1
915,329,1
916,329,1
917,329,1
918,329,1
919,329,1
920,328,1
921,328,1
922,328,1
923,328,1
924,328,1
925,328,1
926,328,1
927,328,1
928,328,1
929,328,1
930,328,1
931,328,1
932,328,1
933,328,1
934,328,1
935,328,1
936,328,1
937,328,1
938,328,1
939,328,1
940,327,1
941,327,1
942,327,1
943,327,1
944,327,1
945,327,1
946,327,1
947,327,1
948,327,1
949,327,1
950,327,1
951,327,1
952,327,1
953,327,1
954,327,1
955,326,1
956,326,1
957,326,1
958,326,1
959,326,1
960,326,1
961,326,1
962,326,1
963,326,1
964,326,1
965,326,1
966,326,1
967,326,1
968,326,1
969,326,1
970,326,1
971,326,1
972,325,1
973,325,1
974,325,1
975,325,1
976,325,1
977,325,1
978,325,1
979,325,1
980,325,1
981,325,1
982,325,1
983,325,1
984,325,1
985,325,1
986,325,1
987,325,1
988,325,1
989,325,1
990,325,1
991,325,1
992,324,1
993,324,1
994,324,1
995,324,1
996,324,1
997,324,1
998,324,1
999,324,1
1000,324,1
1001,324,1
1002,324,1
1003,324,1
1004,324,1
1005,324,1
1006,324,1
1007,324,1
1008,324,1
1009,324,1
1010,324,1
1011,324,1
1012,324,1
1013,324,1
1014,324,1
1015,324,1
1016,324,1
1017,324,1
1018,324,1
1019,324,1
1020,324,1
1021,324,1
1022,324,1
1023,324,1
1024,324,1
1025,324,1
1026,324,1
1027,324,1
1028,324,1
1029,323,1
1030,323,1
1031,323,1
1032,323,1
1033,323,1
1034,323,1
1035,323,1
1036,323,1
1037,323,1
1038,323,1
1039,323,1
1040,323,1
1041,323,1
1042,323,1
1043,323,1
1044,323,1
1045,323,1
1046,323,1
1047,323,1
1048,323,1
1049,323,1
1050,323,1
1051,323,1
1052,323,1
1053,323,1
1054,323,1
1055,323,1
1056,323,1
1057,323,1
1058,323,1
1059,323,1
1060,323,1
1061,323,1
1062,323,1
1063,323,1
1064,322,1
1065,322,1
1066,322,1
1067,322,1
1068,322,1
1069,322,1
1070,322,1
1071,322,1
1072,322,1
1073,322,1
1074,322,1
1075,322,1
1076,322,1
1077,322,1
1078,322,1
1079,322,1
1080,322,1
1081,322,1
1082,321,1
1083,321,1
1084,321,1
1085,321,1
1086,321,1
1087,321,1
1088,321,1
1089,321,1
1090,321,1
1091,321,1
1092,321,1
1093,321,1
1094,321,1
1095,321,1
1096,321,1
1097,321,1
1098,321,1
1099,321,1
1100,321,1
1101,321,1
1102,321,1
1103,321,1
1104,321,1
1105,321,1
1106,321,1
1107,321,1
1108,321,1
1109,321,1
1110,321,1
1111,320,1
1112,320,1
1113,320,1
1114,320,1
1115,320,1
1116,320,1
1117,320,1
1118,320,1
1119,320,1
1120,320,1
1121,320,1
1122,320,1
1123,320,1
1124,320,1
1125,320,1
1126,320,1
1127,320,1
1128,320,1
1129,320,1
1130,320,1
1131,320,1
1132,320,1
1133,320,1
1134,320,1
1135,320,1
1136,320,1
1137,320,1
1138,320,1
1139,320,1
1140,320,1
1141,320,1
1142,320,1
1143,320,1
1144,320,1
1145,320,1
1146,320,1
1147,320,1
1148,319,1
1149,319,1
1150,319,1
1151,319,1
1152,319,1
1153,319,1
1154,319,1
1155,319,1
1156,319,1
1157,319,1
1158,319,1
1159,319,1
1160,319,1
1161,319,1
1162,319,1
1163,319,1
1164,319,1
1165,319,1
1166,319,1
1167,319,1
1168,319,1
1169,319,1
1170,319,1
1171,319,1
1172,319,1
1173,319,1
1174,319,1
1175,319,1
1176,319,1
1177,319,1
1178,319,1
1179,319,1
1180,319,1
1181,319,1
1182,319,1
1183,319,1
1184,319,1
1185,319,1
1186,319,1
1187,319,1
1188,318,1
1189,318,1
1190,318,1
1191,318,1
1192,318,1
1193,318,1
1194,318,1
1195,318,1
1196,318,1
1197,318,1
1198,318,1
1199,318,1
1200,318,1
1201,318,1
1202,318,1
1203,318,1
1204,318,1
1205,318,1
1206,317,1
1207,317,1
1208,317,1
1209,317,1
1210,317,1
1211,317,1
1212,317,1
1213,317,1
1214,317,1
1215,317,1
1216,317,1
1217,317,1
1218,317,1
1219,317,1
1220,317,1
1221,317,1
1222,317,1
1223,317,1
1224,317,1
1225,317,1
1226,317,1
1227,317,1
1228,317,1
1229,317,1
1230,317,1
1231,317,1
1232,317,1
1233,317,1
1234,317,1
1235,317,1
1236,317,1
1237,316,1
1238,316,1
1239,316,1
1240,316,1
1241,316,1
1242,316,1
1243,316,1
1244,316,1
1245,316,1
1246,316,1
1247,316,1
1248,316,1
1249,316,1
1250,316,1
1251,316,1
1252,316,1
1253,316,1
1254,316,1
1255,316,1
1256,316,1
1257,316,1
1258,316,1
1259,316,1
1260,316,1
1261,316,1
1262,316,1
1263,316,1
1264,316,1
1265,316,1
1266,316,1
1267,316,1
1268,316,1
1269,316,1
1270,316,1
1271,315,1
1272,315,1
1273,315,1
1274,315,1
1275,315,1
1276,315,1
1277,315,1
1278,315,1
1279,315,1
1280,315,1
1281,315,1
1282,315,1
1283,315,1
1284,315,1
1285,315,1
1286,315,1
1287,315,1
1288,315,1
1289,315,1
1290,315,1
1291,314,1
1292,314,1
1293,314,1
1294,314,1
1295,314,1
1296,314,1
1297,314,1
1298,314,1
1299,314,1
1300,314,1
1301,314,1
1302,314,1
1303,314,1
1304,314,1
1305,314,1
1306,314,1
1307,314,1
1308,313,1
1309,313,1
1310,313,1
1311,313,1
1312,313,1
1313,313,1
1314,313,1
1315,313,1
1316,313,1
1317,313,1
1318,313,1
1319,313,1
1320,313,1
1321,313,1
1322,313,1
1323,313,1
1324,313,1
1325,312,1
1326,312,1
1327,312,1
1328,312,1
1329,312,1
1330,312,1
1331,312,1
1332,312,1
1333,312,1
1334,312,1
1335,312,1
1336,312,1
1337,312,1
1338,312,1
1339,312,1
1340,312,1
1341,312,1
1342,312,1
1343,312,1
1344,312,1
1345,312,1
1346,312,1
1347,312,1
1348,312,1
1349,312,1
1350,312,1
1351,312,1
1352,312,1
1353,312,1
1354,312,1
1355,312,1
1356,312,1
1357,312,1
1358,312,1
1359,312,1
1360,312,1
1361,312,1
1362,312,1
1363,312,1
1364,312,1
1365,312,1
1366,312,1
1367,312,1
1368,312,1
1369,311,1
1370,311,1
1371,311,1
1372,311,1
1373,311,1
1374,311,1
1375,311,1
1376,311,1
1376,312,1
1377,312,1
1376,312,1
1375,312,1
1374,312,1
1373,312,1
1373,312,0
