528,522,1
528,523,1
536,572,1
536,573,1
536,574,1
536,575,1
536,576,1
536,577,1
536,578,1
536,579,1
537,580,1
537,581,1
537,582,1
537,583,1
537,584,1
537,585,1
538,586,1
538,587,1
538,588,1
538,589,1
538,590,1
538,591,1
538,592,1
538,593,1
539,594,1
539,595,1
539,596,1
539,597,1
539,598,1
539,599,1
539,600,1
539,601,1
540,602,1
540,603,1
540,604,1
540,605,1
540,606,1
540,607,1
540,608,1
540,609,1
540,610,1
540,611,1
540,612,1
540,613,1
540,614,1
540,615,1
540,616,1
540,617,1
540,618,1
540,619,1
540,620,1
540,621,1
540,622,1
539,622,1
539,623,1
539,624,1
539,625,1
538,625,1
538,626,1
538,627,1
537,628,1
537,629,1
536,629,1
536,630,1
535,630,1
535,631,1
534,631,1
533,632,1
532,632,1
532,633,1
531,633,1
530,633,1
511,594,1
512,593,1
513,592,1
513,591,1
514,590,1
515,589,1
515,588,1
516,588,1
516,587,1
517,586,1
518,586,1
518,585,1
519,585,1
519,584,1
520,584,1
521,583,1
522,582,1
523,581,1
524,581,1
525,581,1
525,580,1
526,580,1
527,579,1
528,579,1
529,578,1
530,577,1
531,577,1
532,576,1
533,576,1
534,575,1
535,574,1
536,574,1
537,574,1
538,573,1
539,573,1
540,572,1
541,572,1
542,571,1
543,571,1
544,570,1
545,570,1
546,569,1
547,569,1
548,568,1
549,568,1
550,567,1
551,567,1
552,566,1
553,566,1
554,566,1
555,565,1
556,565,1
557,564,1
558,564,1
559,563,1
560,563,1
561,562,1
562,562,1
563,561,1
564,561,1
565,560,1
566,560,1
567,559,1
568,559,1
569,558,1
570,558,1
571,557,1
572,557,1
573,556,1
574,556,1
575,555,1
576,554,1
577,554,1
578,553,1
579,553,1
580,552,1
581,551,1
582,551,1
583,550,1
584,550,1
584,549,1
585,549,1
586,548,1
587,548,1
588,547,1
589,547,1
589,546,1
590,545,1
591,545,1
592,544,1
593,544,1
593,543,1
594,543,1
595,542,1
596,541,1
597,540,1
597,539,1
598,539,1
599,538,1
599,537,1
599,536,1
600,535,1
607,532,0
621,511,1
621,512,1
621,513,1
621,514,1
621,515,1
621,516,1
621,517,1
621,518,1
621,519,1
621,520,1
621,521,1
621,522,1
621,523,1
622,524,1
622,525,1
622,526,1
622,527,1
622,528,1
622,529,1
622,530,1
622,531,1
622,532,1
622,533,1
623,534,1
623,535,1
623,536,1
623,537,1
623,538,1
623,539,1
623,540,1
623,541,1
623,542,1
624,543,1
624,544,1
624,545,1
624,546,1
624,547,1
624,548,1
624,549,1
624,550,1
624,551,1
624,552,1
625,553,1
625,554,1
625,555,1
625,556,1
625,557,1
625,558,1
625,559,1
626,560,1
626,561,1
626,562,1
626,563,1
626,564,1
626,565,1
626,566,1
626,567,1
627,568,1
627,569,1
627,570,1
627,571,1
627,572,1
628,573,1
628,574,1
628,575,1
628,576,1
628,577,1
628,578,1
629,579,1
629,580,1
629,581,1
629,582,1
630,583,1
630,584,1
630,585,1
630,586,1
631,587,1
631,588,1
631,589,1
631,590,1
632,591,1
632,592,1
633,593,1
633,594,1
633,595,1
634,596,1
634,597,1
634,598,1
635,599,1
635,600,1
636,601,1
636,602,1
637,603,1
637,604,1
637,605,1
638,606,1
639,607,1
639,608,1
640,609,1
641,610,1
642,611,1
643,612,1
644,613,1
645,613,1
645,614,1
646,614,1
647,614,1
648,614,1
648,615,1
649,615,1
650,616,1
651,616,1
652,616,1
653,616,1
654,616,1
654,615,1
655,614,1
655,613,1
656,612,1
656,611,1
656,610,1
656,609,1
657,608,1
657,607,1
657,606,1
687,547,0
717,468,1
717,469,1
717,470,1
718,471,1
718,472,1
718,473,1
718,474,1
718,475,1
719,476,1
719,477,1
719,478,1
719,479,1
720,480,1
720,481,1
720,482,1
721,483,1
721,484,1
721,485,1
721,486,1
722,487,1
722,488,1
722,489,1
723,490,1
723,491,1
723,492,1
723,493,1
724,494,1
724,495,1
724,496,1
724,497,1
725,498,1
725,499,1
725,500,1
726,501,1
726,502,1
726,503,1
726,504,1
727,505,1
727,506,1
727,507,1
728,508,1
728,509,1
728,510,1
728,511,1
729,512,1
729,513,1
729,514,1
729,515,1
730,516,1
730,517,1
730,518,1
730,519,1
731,520,1
731,521,1
731,522,1
731,523,1
732,524,1
732,525,1
732,526,1
733,527,1
733,528,1
733,529,1
734,530,1
734,531,1
734,532,1
734,533,1
734,534,1
735,535,1
735,536,1
735,537,1
735,538,1
736,539,1
736,540,1
736,541,1
736,542,1
736,543,1
737,544,1
737,545,1
737,546,1
738,547,1
738,548,1
738,549,1
738,550,1
738,551,1
739,552,1
739,553,1
739,554,1
739,555,1
739,556,1
740,557,1
740,558,1
740,559,1
740,560,1
740,561,1
740,562,1
741,563,1
741,564,1
741,565,1
741,566,1
741,567,1
741,568,1
741,569,1
742,570,1
742,571,1
742,572,1
742,573,1
742,574,1
742,575,1
742,576,1
742,577,1
742,578,1
742,579,1
742,580,1
741,580,1
741,579,1
740,579,1
639,442,0
547,310,1
546,310,1
545,310,1
544,310,1
543,310,1
542,311,1
541,311,1
540,311,1
539,311,1
538,311,1
537,311,1
536,311,1
535,311,1
534,311,1
533,311,1
532,311,1
531,310,1
530,310,1
529,310,1
528,310,1
527,310,1
526,309,1
525,309,1
524,309,1
523,308,1
522,308,1
521,308,1
520,308,1
519,307,1
518,307,1
517,306,1
516,306,1
515,306,1
514,305,1
513,304,1
512,304,1
511,304,1
511,303,1
510,303,1
509,302,1
508,301,1
507,301,1
507,300,1
506,299,1
505,298,1
505,297,1
504,297,1
504,296,1
503,296,1
503,295,1
503,294,1
502,293,1
502,292,1
501,291,1
501,290,1
501,289,1
501,288,1
501,287,1
501,286,1
501,285,1
501,284,1
501,283,1
501,282,1
501,281,1
501,280,1
502,280,1
502,279,1
502,278,1
502,277,1
503,277,1
503,276,1
503,275,1
504,274,1
505,273,1
505,272,1
506,271,1
507,270,1
507,269,1
508,269,1
509,268,1
509,267,1
510,267,1
510,266,1
511,265,1
512,265,1
513,264,1
514,263,1
515,262,1
516,262,1
516,261,1
517,261,1
518,260,1
519,260,1
520,259,1
521,258,1
522,258,1
523,258,1
524,257,1
525,257,1
525,256,1
526,256,1
527,256,1
528,255,1
529,255,1
530,255,1
531,254,1
532,254,1
533,254,1
534,253,1
535,253,1
536,253,1
537,252,1
538,252,1
539,252,1
540,252,1
541,251,1
542,251,1
543,251,1
544,251,1
545,251,1
546,251,1
547,250,1
548,250,1
549,250,1
550,250,1
551,250,1
552,250,1
553,250,1
554,250,1
555,250,1
556,250,1
557,250,1
558,250,1
559,250,1
560,250,1
561,250,1
562,250,1
563,250,1
564,250,1
565,250,1
566,250,1
567,251,1
568,251,1
569,251,1
570,251,1
571,251,1
572,251,1
573,252,1
574,252,1
575,252,1
576,253,1
577,253,1
578,253,1
579,253,1
580,254,1
581,254,1
582,254,1
583,255,1
584,255,1
585,256,1
586,256,1
587,257,1
588,257,1
589,258,1
590,258,1
591,259,1
592,259,1
593,260,1
594,260,1
594,261,1
595,261,1
596,262,1
597,262,1
598,263,1
599,263,1
600,264,1
600,265,1
601,265,1
602,266,1
603,267,1
604,267,1
605,268,1
605,269,1
606,269,1
607,270,1
608,271,1
609,271,1
609,272,1
610,273,1
611,273,1
612,274,1
612,275,1
613,276,1
614,276,1
615,277,1
615,278,1
616,279,1
617,279,1
617,280,1
618,281,1
619,282,1
619,283,1
620,283,1
621,284,1
621,285,1
622,286,1
623,287,1
624,288,1
625,289,1
625,290,1
626,291,1
627,291,1
627,292,1
628,293,1
628,294,1
629,295,1
629,296,1
630,296,1
630,297,1
631,298,1
632,299,1
632,300,1
633,301,1
634,302,1
634,303,1
635,304,1
635,305,1
636,306,1
636,307,1
637,307,1
637,308,1
638,309,1
638,310,1
639,311,1
639,312,1
640,313,1
640,314,1
641,315,1
641,316,1
642,317,1
642,318,1
643,319,1
643,320,1
644,321,1
644,322,1
645,323,1
645,324,1
646,324,1
646,325,1
646,326,1
647,327,1
647,328,1
648,329,1
648,330,1
649,331,1
649,332,1
649,333,1
650,333,1
650,334,1
651,335,1
651,336,1
651,337,1
652,338,1
652,339,1
653,340,1
653,341,1
654,342,1
654,343,1
654,344,1
655,345,1
655,346,1
656,347,1
656,348,1
656,349,1
657,349,1
657,350,1
658,351,1
658,352,1
658,353,1
659,354,1
659,355,1
660,356,1
660,357,1
660,358,1
661,359,1
661,360,1
662,361,1
662,362,1
662,363,1
663,363,1
663,364,1
664,365,1
664,366,1
664,367,1
665,368,1
665,369,1
665,370,1
666,371,1
667,372,1
763,428,0
864,483,1
864,484,1
864,485,1
864,486,1
864,487,1
864,488,1
864,489,1
864,490,1
864,491,1
864,492,1
864,493,1
864,494,1
864,495,1
865,496,1
865,497,1
865,498,1
865,499,1
865,500,1
865,501,1
865,502,1
865,503,1
865,504,1
865,505,1
865,506,1
865,507,1
865,508,1
865,509,1
865,510,1
866,511,1
866,512,1
866,513,1
866,514,1
866,515,1
866,516,1
866,517,1
866,518,1
866,519,1
866,520,1
866,521,1
867,522,1
867,523,1
867,524,1
867,525,1
867,526,1
867,527,1
867,528,1
867,529,1
867,530,1
867,531,1
867,532,1
867,533,1
868,534,1
868,535,1
868,536,1
868,537,1
868,538,1
868,539,1
868,540,1
869,541,1
869,542,1
869,543,1
869,544,1
869,545,1
870,546,1
870,547,1
870,548,1
870,549,1
871,549,1
871,550,1
871,551,1
872,551,1
873,551,1
873,550,1
873,549,1
873,548,1
874,548,1
874,547,1
874,546,1
874,545,1
874,544,1
874,543,1
874,542,1
875,542,1
875,541,1
875,540,1
875,539,1
875,538,1
875,537,1
875,536,1
875,535,1
875,534,1
875,533,1
875,532,1
875,531,1
875,530,1
875,529,1
875,528,1
875,527,1
875,526,1
875,525,1
875,524,1
875,523,1
875,522,1
875,521,1
875,520,1
876,519,1
876,518,1
876,517,1
876,516,1
876,515,1
876,514,1
876,513,1
876,512,1
876,511,1
876,510,1
876,509,1
876,508,1
876,507,1
876,506,1
876,505,1
876,504,1
876,503,1
876,502,1
876,501,1
876,500,1
876,499,1
876,498,1
876,497,1
876,496,1
877,495,1
877,494,1
877,493,1
877,492,1
877,491,1
877,490,1
877,489,1
877,488,1
877,487,1
877,486,1
877,485,1
877,484,1
877,483,1
877,482,1
877,481,1
877,480,1
877,479,1
877,478,1
877,477,1
877,476,1
877,475,1
877,474,1
877,473,1
878,472,1
878,471,1
878,470,1
878,469,1
878,468,1
878,467,1
878,466,1
878,465,1
878,464,1
878,463,1
878,462,1
878,461,1
878,460,1
878,459,1
878,458,1
878,457,1
878,456,1
878,455,1
878,454,1
878,453,1
878,452,1
878,451,1
878,450,1
878,449,1
878,448,1
878,447,1
878,446,1
878,445,1
878,444,1
878,443,1
878,442,1
878,441,1
878,440,1
878,439,1
878,438,1
878,437,1
878,436,1
878,435,1
878,434,1
878,433,1
878,432,1
878,431,1
878,430,1
878,429,1
878,428,1
878,427,1
878,426,1
878,425,1
878,424,1
878,423,1
878,422,1
878,421,1
878,420,1
878,419,1
878,418,1
878,417,1
878,416,1
878,415,1
877,414,1
877,413,1
877,412,1
877,411,1
877,410,1
877,409,1
877,408,1
877,407,1
877,406,1
877,405,1
877,404,1
877,403,1
877,402,1
877,401,1
877,400,1
877,399,1
877,398,1
877,397,1
877,396,1
877,395,1
876,394,1
876,393,1
876,392,1
876,391,1
876,390,1
876,389,1
876,388,1
876,387,1
876,386,1
876,385,1
876,384,1
876,383,1
876,382,1
876,381,1
876,380,1
876,379,1
876,378,1
876,377,1
876,376,1
875,375,1
875,374,1
875,373,1
875,372,1
875,371,1
875,370,1
875,369,1
875,368,1
875,367,1
875,366,1
875,365,1
875,364,1
875,363,1
875,362,1
875,361,1
875,360,1
875,359,1
875,358,1
875,357,1
875,356,1
875,355,1
874,354,1
874,353,1
874,352,1
874,351,1
874,350,1
874,349,1
874,348,1
874,347,1
874,346,1
874,345,1
874,344,1
874,343,1
874,342,1
874,341,1
873,340,1
873,339,1
873,338,1
873,337,1
873,336,1
873,335,1
873,334,1
873,333,1
873,332,1
873,331,1
873,330,1
873,329,1
873,328,1
872,327,1
872,326,1
872,325,1
872,324,1
872,323,1
872,322,1
872,321,1
872,320,1
872,319,1
872,318,1
872,317,1
872,316,1
872,315,1
872,314,1
872,313,1
871,312,1
871,311,1
871,310,1
871,309,1
871,308,1
871,307,1
871,306,1
871,305,1
871,304,1
871,303,1
871,302,1
871,301,1
871,300,1
871,299,1
871,298,1
871,297,1
871,296,1
871,295,1
871,294,1
871,293,1
871,292,1
871,291,1
871,290,1
871,289,1
871,288,1
871,287,1
871,286,1
872,285,1
872,284,1
872,283,1
872,282,1
872,281,1
872,280,1
872,279,1
872,278,1
872,277,1
872,276,1
873,276,1
873,275,1
873,274,1
873,273,1
873,272,1
873,271,1
874,270,1
874,269,1
874,268,1
874,267,1
874,266,1
875,265,1
875,264,1
875,263,1
875,262,1
876,262,1
876,261,1
876,260,1
877,259,1
877,258,1
877,257,1
878,256,1
879,255,1
879,254,1
879,253,1
880,252,1
880,251,1
881,251,1
881,250,1
882,249,1
882,248,1
883,248,1
883,247,1
884,246,1
884,245,1
885,245,1
885,244,1
886,243,1
887,243,1
887,242,1
888,241,1
889,241,1
889,240,1
890,239,1
891,238,1
892,238,1
893,237,1
894,236,1
895,236,1
895,235,1
896,235,1
897,234,1
898,234,1
899,234,1
899,233,1
900,233,1
901,232,1
902,232,1
903,232,1
904,232,1
904,231,1
905,231,1
906,231,1
907,230,1
908,230,1
909,230,1
910,230,1
911,230,1
912,230,1
913,229,1
914,229,1
915,229,1
916,229,1
917,229,1
918,229,1
919,229,1
920,229,1
921,229,1
922,229,1
923,229,1
924,230,1
925,230,1
926,230,1
927,230,1
928,230,1
929,231,1
930,231,1
931,231,1
932,231,1
933,232,1
934,232,1
935,232,1
936,233,1
937,233,1
938,233,1
939,234,1
940,234,1
941,235,1
942,235,1
943,235,1
944,236,1
945,236,1
946,237,1
947,237,1
947,238,1
948,238,1
949,239,1
950,239,1
951,240,1
952,241,1
953,241,1
954,242,1
955,242,1
955,243,1
956,244,1
957,244,1
958,245,1
959,246,1
960,247,1
961,247,1
961,248,1
962,249,1
963,249,1
964,250,1
964,251,1
965,251,1
966,252,1
967,253,1
967,254,1
968,254,1
969,255,1
969,256,1
970,257,1
971,258,1
972,259,1
973,260,1
974,261,1
974,262,1
975,263,1
976,264,1
977,265,1
977,266,1
978,267,1
978,268,1
979,268,1
980,269,1
980,270,1
981,271,1
981,272,1
982,273,1
982,274,1
983,274,1
983,275,1
984,276,1
985,277,1
985,278,1
985,279,1
986,280,1
986,281,1
987,281,1
987,282,1
988,283,1
988,284,1
989,285,1
989,286,1
990,287,1
990,288,1
990,289,1
991,289,1
991,290,1
992,291,1
992,292,1
992,293,1
993,294,1
993,295,1
994,296,1
994,297,1
994,298,1
995,298,1
995,299,1
995,300,1
996,301,1
996,302,1
996,303,1
997,304,1
997,305,1
997,306,1
998,307,1
998,308,1
999,309,1
999,310,1
999,311,1
999,312,1
1000,313,1
1000,314,1
1000,315,1
1000,316,1
1001,317,1
1001,318,1
1001,319,1
1001,320,1
1002,321,1
1002,322,1
1002,323,1
1003,324,1
1003,325,1
1003,326,1
1003,327,1
1004,328,1
1004,329,1
1004,330,1
1004,331,1
1004,332,1
1004,333,1
1005,334,1
1005,335,1
1005,336,1
1005,337,1
1005,338,1
1005,339,1
1006,340,1
1006,341,1
1006,342,1
1006,343,1
1024,378,0
1039,431,1
1039,430,1
1040,429,1
1041,428,1
1041,427,1
1042,426,1
1043,425,1
1044,424,1
1045,423,1
1045,422,1
1046,421,1
1046,420,1
1047,420,1
1048,419,1
1048,418,1
1049,417,1
1050,416,1
1050,415,1
1051,414,1
1052,414,1
1053,413,1
1053,412,1
1054,411,1
1055,410,1
1056,409,1
1057,408,1
1057,407,1
1058,406,1
1059,405,1
1060,404,1
1061,403,1
1062,402,1
1062,401,1
1063,401,1
1064,400,1
1065,399,1
1065,398,1
1066,397,1
1067,397,1
1068,396,1
1068,395,1
1069,394,1
1070,394,1
1071,393,1
1071,392,1
1072,391,1
1073,391,1
1074,390,1
1074,389,1
1075,389,1
1076,388,1
1077,387,1
1078,386,1
1079,386,1
1080,385,1
1081,384,1
1082,383,1
1083,383,1
1084,382,1
1085,381,1
1086,381,1
1087,380,1
1088,380,1
1089,380,1
1089,379,1
1090,379,1
1091,379,1
1092,378,1
1093,378,1
1094,378,1
1095,378,1
1095,377,1
1096,377,1
1097,377,1
1098,377,1
1099,377,1
1100,377,1
1101,377,1
1102,377,1
1103,377,1
1104,377,1
1105,377,1
1106,377,1
1107,377,1
1108,377,1
1108,378,1
1109,378,1
1110,378,1
1111,378,1
1111,379,1
1112,379,1
1113,379,1
1114,380,1
1115,380,1
1116,381,1
1117,382,1
1118,382,1
1118,383,1
1119,383,1
1119,384,1
1120,384,1
1120,385,1
1121,386,1
1122,386,1
1122,387,1
1123,388,1
1123,389,1
1124,390,1
1125,391,1
1125,392,1
1125,393,1
1126,393,1
1126,394,1
1127,395,1
1127,396,1
1127,397,1
1128,397,1
1128,398,1
1128,399,1
1129,400,1
1129,401,1
1129,402,1
1130,403,1
1130,404,1
1130,405,1
1131,406,1
1131,407,1
1131,408,1
1131,409,1
1132,410,1
1132,411,1
1132,412,1
1132,413,1
1133,414,1
1133,415,1
1133,416,1
1133,417,1
1133,418,1
1134,418,1
1134,419,1
1134,420,1
1134,421,1
1134,422,1
1135,423,1
1135,424,1
1135,425,1
1135,426,1
1135,427,1
1135,428,1
1136,429,1
1136,430,1
1136,431,1
1136,432,1
1136,433,1
1136,434,1
1136,435,1
1137,436,1
1137,437,1
1137,438,1
1137,439,1
1137,440,1
1137,441,1
1137,442,1
1137,443,1
1138,444,1
1138,445,1
1138,446,1
1138,447,1
1138,448,1
1138,449,1
1138,450,1
1138,451,1
1138,452,1
1138,453,1
1138,454,1
1138,455,1
1138,456,1
1139,457,1
1139,458,1
1139,459,1
1139,460,1
1139,461,1
1139,462,1
1139,463,1
1139,464,1
1139,465,1
1139,466,1
1139,467,1
1139,468,1
1139,469,1
1139,470,1
1139,471,1
1139,472,1
1139,473,1
1139,474,1
1139,475,1
1139,476,1
1139,477,1
1140,478,1
1140,479,1
1140,480,1
1140,481,1
1140,482,1
1140,483,1
1140,484,1
1140,485,1
1140,486,1
1140,487,1
1140,488,1
1140,489,1
1140,490,1
1140,491,1
1140,492,1
1140,493,1
1140,494,1
1140,495,1
1140,496,1
1140,497,1
1140,498,1
1140,499,1
1140,500,1
1140,501,1
1140,502,1
1140,503,1
1140,504,1
1140,505,1
1140,506,1
1140,507,1
1140,508,1
1140,509,1
1140,510,1
1140,511,1
1140,512,1
1140,513,1
1140,514,1
1140,515,1
1140,516,1
1140,517,1
1140,518,1
1140,519,1
1140,520,1
1140,521,1
1140,522,1
1140,523,1
1140,524,1
1140,525,1
1140,526,1
1140,527,1
1140,528,1
1140,529,1
1140,530,1
1140,531,1
1140,532,1
1140,533,1
1140,534,1
1140,535,1
1140,536,1
1140,537,1
1140,538,1
1140,539,1
1140,540,1
1140,541,1
1140,542,1
1140,543,1
1140,544,1
1140,545,1
1140,546,1
1140,547,1
1140,548,1
1140,549,1
1140,550,1
1140,551,1
1140,552,1
1140,553,1
1140,554,1
1140,555,1
1140,556,1
1140,557,1
1140,558,1
1141,559,1
1185,484,0
1238,411,1
1237,412,1
1236,413,1
1235,413,1
1235,414,1
1234,414,1
1233,415,1
1232,416,1
1231,416,1
1231,417,1
1230,418,1
1229,419,1
1228,420,1
1227,421,1
1226,422,1
1226,423,1
1225,424,1
1224,425,1
1224,426,1
1224,427,1
1224,428,1
1223,429,1
1223,430,1
1222,431,1
1222,432,1
1222,433,1
1221,434,1
1221,435,1
1221,436,1
1221,437,1
1221,438,1
1221,439,1
1221,440,1
1221,441,1
1221,442,1
1222,442,1
1222,443,1
1222,444,1
1223,445,1
1224,446,1
1224,447,1
1225,447,1
1226,447,1
1226,448,1
1227,448,1
1228,449,1
1229,449,1
1230,449,1
1231,449,1
1232,449,1
1233,449,1
1234,449,1
1235,449,1
1236,449,1
1237,449,1
1238,449,1
1239,449,1
1240,448,1
1241,448,1
1242,448,1
1243,448,1
1244,447,1
1245,447,1
1246,446,1
1247,446,1
1248,446,1
1249,445,1
1250,445,1
1251,444,1
1252,443,1
1253,443,1
1254,442,1
1255,442,1
1256,441,1
1257,441,1
1257,440,1
1258,440,1
1259,440,1
1260,439,1
1261,439,1
1262,438,1
1263,437,1
1264,437,1
1264,436,1
1265,436,1
1266,435,1
1267,435,1
1268,434,1
1269,434,1
1270,434,1
1271,433,1
1272,432,1
1273,432,1
1274,431,1
1275,431,1
1276,430,1
1277,430,1
1278,429,1
1279,429,1
1280,428,1
1281,428,1
1282,428,1
1283,427,1
1284,427,1
1285,427,1
1286,426,1
1287,426,1
1288,426,1
1289,426,1
1290,426,1
1291,425,1
1292,425,1
1293,425,1
1294,425,1
1295,425,1
1296,425,1
1297,425,1
1298,425,1
1299,425,1
1300,425,1
1301,426,1
1302,426,1
1303,426,1
1304,426,1
1304,427,1
1305,427,1
1306,427,1
1306,428,1
1307,428,1
1308,428,1
1308,429,1
1309,429,1
1309,430,1
1310,430,1
1310,431,1
1311,432,1
1312,433,1
1313,434,1
1313,435,1
1314,436,1
1314,437,1
1315,438,1
1315,439,1
1315,440,1
1316,441,1
1316,442,1
1316,443,1
1316,444,1
1317,445,1
1317,446,1
1317,447,1
1317,448,1
1317,449,1
1317,450,1
1317,451,1
1317,452,1
1318,453,1
1318,454,1
1318,455,1
1318,456,1
1318,457,1
1318,458,1
1317,459,1
1317,460,1
1317,461,1
1317,462,1
1317,463,1
1317,464,1
1317,465,1
1317,466,1
1317,467,1
1316,468,1
1316,469,1
1316,470,1
1316,471,1
1316,472,1
1316,473,1
1315,474,1
1315,475,1
1315,476,1
1314,477,1
1314,478,1
1314,479,1
1314,480,1
1313,481,1
1313,482,1
1313,483,1
1313,484,1
1312,484,1
1312,485,1
1312,486,1
1313,486,1
1313,485,1
1314,485,1
1314,484,1
1315,484,1
1315,483,1
1316,483,1
1316,482,1
1317,482,1
1317,481,1
1318,480,1
1319,479,1
1320,479,1
1320,478,1
1321,477,1
1322,476,1
1323,475,1
1324,474,1
1325,473,1
1326,472,1
1327,471,1
1328,470,1
1329,470,1
1329,469,1
1330,468,1
1331,468,1
1332,467,1
1333,466,1
1334,466,1
1334,465,1
1335,465,1
1336,464,1
1337,464,1
1338,463,1
1339,463,1
1340,462,1
1341,462,1
1342,461,1
1343,460,1
1344,460,1
1345,459,1
1346,459,1
1347,459,1
1348,458,1
1349,458,1
1350,458,1
1351,458,1
1352,457,1
1353,457,1
1354,457,1
1355,457,1
1356,457,1
1357,456,1
1358,456,1
1359,456,1
1360,456,1
1361,456,1
1362,456,1
1363,456,1
1364,456,1
1365,456,1
1366,456,1
1367,456,1
1367,457,1
1368,457,1
1369,457,1
1370,457,1
1371,457,1
1371,458,1
1372,458,1
1373,458,1
1374,459,1
1375,459,1
1376,460,1
1377,460,1
1377,461,1
1378,461,1
1379,462,1
1380,463,1
1381,463,1
1381,464,1
1382,465,1
1383,466,1
1383,467,1
1384,467,1
1384,468,1
1384,469,1
1385,469,1
1385,470,1
1386,471,1
1386,472,1
1386,473,1
1387,474,1
1387,475,1
1387,476,1
1387,477,1
1387,478,1
1388,479,1
1388,480,1
1388,481,1
1388,482,1
1387,483,1
1387,484,1
1387,485,1
1387,486,1
1387,487,1
1386,488,1
1386,489,1
1386,490,1
1385,491,1
1385,492,1
1384,492,1
1384,493,1
1384,494,1
1383,495,1
1382,496,1
1382,497,1
1381,497,1
1380,498,1
1380,499,1
1379,499,1
1379,500,1
1378,500,1
1377,501,1
1376,502,1
1375,502,1
1374,503,1
1373,504,1
1372,504,1
1371,505,1
1370,505,1
1369,506,1
1368,506,1
1367,507,1
1366,507,1
1365,507,1
1364,508,1
1363,508,1
1362,508,1
1361,508,1
1360,508,1
1359,509,1
1358,509,1
1357,509,1
1356,509,1
1355,509,1
1354,509,1
1353,509,1
1352,509,1
1351,509,1
1350,509,1
1349,509,1
1348,510,1
1347,510,1
1346,510,1
1345,510,1
1344,510,1
1343,510,1
1342,510,1
1341,509,1
1340,509,1
1339,509,1
1338,509,1
1337,509,1
1336,509,1
1335,508,1
1334,508,1
1333,508,1
1332,507,1
1331,507,1
1330,507,1
1329,507,1
1328,506,1
1414,447,0
1490,375,1
1490,376,1
1490,377,1
1490,378,1
1490,379,1
1490,380,1
1490,381,1
1490,382,1
1490,383,1
1490,384,1
1490,385,1
1490,386,1
1490,387,1
1490,388,1
1490,389,1
1490,390,1
1490,391,1
1490,392,1
1490,393,1
1490,394,1
1490,395,1
1490,396,1
1490,397,1
1490,398,1
1490,399,1
1490,400,1
1490,401,1
1490,402,1
1490,403,1
1490,404,1
1490,405,1
1490,406,1
1490,407,1
1489,408,1
1489,409,1
1489,410,1
1489,411,1
1489,412,1
1489,413,1
1489,414,1
1489,415,1
1489,416,1
1489,417,1
1489,418,1
1489,419,1
1489,420,1
1489,421,1
1489,422,1
1489,423,1
1489,424,1
1489,425,1
1489,426,1
1489,427,1
1489,428,1
1489,429,1
1489,430,1
1489,431,1
1489,432,1
1489,433,1
1489,434,1
1488,435,1
1488,436,1
1488,437,1
1488,438,1
1488,439,1
1488,440,1
1488,441,1
1488,442,1
1488,443,1
1488,444,1
1488,445,1
1488,446,1
1488,447,1
1488,448,1
1488,449,1
1487,450,1
1487,451,1
1487,452,1
1487,453,1
1487,454,1
1487,455,1
1487,456,1
1487,457,1
1487,458,1
1487,459,1
1487,460,1
1487,461,1
1487,462,1
1487,463,1
1487,464,1
1486,465,1
1486,466,1
1486,467,1
1486,468,1
1486,469,1
1486,470,1
1486,471,1
1486,472,1
1486,473,1
1486,474,1
1486,475,1
1486,476,1
1486,477,1
1486,478,1
1486,479,1
1486,480,1
1485,481,1
1485,482,1
1485,483,1
1485,484,1
1485,485,1
1485,486,1
1485,487,1
1485,488,1
1485,489,1
1485,490,1
1485,491,1
1485,492,1
1485,493,1
1485,494,1
1485,495,1
1485,496,1
1485,497,1
1485,498,1
1485,499,1
1485,500,1
1485,501,1
1485,502,1
1485,503,1
1486,504,1
1486,505,1
1486,506,1
951,446,0
407,399,1
408,399,1
409,399,1
410,398,1
411,398,1
412,398,1
413,397,1
414,397,1
415,397,1
416,397,1
417,396,1
418,396,1
419,396,1
420,396,1
421,396,1
422,395,1
423,395,1
424,395,1
425,395,1
426,395,1
427,394,1
428,394,1
429,394,1
430,394,1
431,393,1
432,393,1
433,393,1
434,393,1
435,393,1
436,392,1
437,392,1
438,392,1
439,392,1
440,391,1
441,391,1
442,391,1
443,391,1
444,390,1
445,390,1
446,390,1
447,390,1
448,390,1
449,390,1
450,389,1
451,389,1
452,389,1
453,389,1
454,389,1
455,388,1
456,388,1
457,388,1
458,387,1
459,387,1
460,387,1
461,387,1
462,387,1
463,386,1
464,386,1
465,386,1
466,386,1
467,386,1
468,385,1
469,385,1
470,385,1
471,385,1
472,385,1
473,384,1
474,384,1
475,384,1
476,384,1
477,383,1
478,383,1
479,383,1
480,383,1
481,383,1
482,382,1
483,382,1
484,382,1
485,382,1
486,382,1
487,381,1
488,381,1
489,381,1
490,381,1
491,381,1
491,380,1
492,380,1
493,380,1
494,380,1
495,380,1
496,379,1
497,379,1
498,379,1
499,379,1
500,379,1
501,379,1
502,378,1
503,378,1
504,378,1
505,378,1
506,378,1
507,377,1
508,377,1
509,377,1
510,377,1
511,377,1
512,376,1
513,376,1
514,376,1
515,376,1
516,376,1
517,376,1
518,375,1
519,375,1
520,375,1
521,375,1
522,375,1
523,375,1
524,374,1
525,374,1
526,374,1
527,374,1
528,374,1
529,374,1
530,373,1
531,373,1
532,373,1
533,373,1
534,373,1
535,372,1
536,372,1
537,372,1
538,372,1
539,372,1
540,372,1
541,372,1
542,371,1
543,371,1
544,371,1
545,371,1
546,371,1
547,371,1
548,370,1
549,370,1
550,370,1
551,370,1
552,370,1
553,370,1
554,369,1
555,369,1
556,369,1
557,369,1
558,369,1
559,369,1
560,369,1
561,368,1
562,368,1
563,368,1
564,368,1
565,368,1
566,368,1
567,368,1
568,367,1
569,367,1
570,367,1
571,367,1
572,367,1
573,367,1
574,367,1
575,367,1
576,366,1
577,366,1
578,366,1
579,366,1
580,366,1
581,366,1
582,366,1
583,365,1
584,365,1
585,365,1
586,365,1
587,365,1
588,365,1
589,365,1
590,365,1
591,364,1
592,364,1
593,364,1
594,364,1
595,364,1
596,364,1
597,364,1
598,364,1
599,363,1
600,363,1
601,363,1
602,363,1
603,363,1
604,363,1
605,363,1
606,363,1
607,362,1
608,362,1
609,362,1
610,362,1
611,362,1
612,362,1
613,362,1
614,362,1
615,361,1
616,361,1
617,361,1
618,361,1
619,361,1
620,361,1
621,361,1
622,360,1
623,360,1
624,360,1
625,360,1
626,360,1
627,360,1
628,360,1
629,360,1
630,359,1
631,359,1
632,359,1
633,359,1
634,359,1
635,359,1
636,359,1
637,359,1
638,359,1
639,359,1
640,358,1
641,358,1
642,358,1
643,358,1
644,358,1
645,358,1
646,358,1
647,358,1
648,358,1
649,358,1
650,357,1
651,357,1
652,357,1
653,357,1
654,357,1
655,357,1
656,357,1
657,357,1
658,357,1
659,357,1
660,356,1
661,356,1
662,356,1
663,356,1
664,356,1
665,356,1
666,356,1
667,356,1
668,356,1
669,356,1
670,356,1
671,355,1
672,355,1
673,355,1
674,355,1
675,355,1
676,355,1
677,355,1
678,355,1
679,355,1
680,355,1
681,355,1
682,354,1
683,354,1
684,354,1
685,354,1
686,354,1
687,354,1
688,354,1
689,354,1
690,354,1
691,354,1
692,354,1
693,354,1
694,353,1
695,353,1
696,353,1
697,353,1
698,353,1
699,353,1
700,353,1
701,353,1
702,353,1
703,353,1
704,353,1
705,353,1
706,352,1
707,352,1
708,352,1
709,352,1
710,352,1
711,352,1
712,352,1
713,352,1
714,352,1
715,352,1
716,352,1
717,352,1
718,352,1
719,351,1
720,351,1
721,351,1
722,351,1
723,351,1
724,351,1
725,351,1
726,351,1
727,351,1
728,351,1
729,351,1
730,351,1
731,351,1
732,351,1
733,351,1
734,350,1
735,350,1
736,350,1
737,350,1
738,350,1
739,350,1
740,350,1
741,350,1
742,350,1
743,350,1
744,350,1
745,350,1
746,350,1
747,350,1
748,350,1
749,350,1
750,350,1
751,350,1
752,350,1
753,350,1
754,349,1
755,349,1
756,349,1
757,349,1
758,349,1
759,349,1
760,349,1
761,349,1
762,349,1
763,349,1
764,349,1
765,349,1
766,349,1
767,349,1
768,349,1
769,348,1
770,348,1
771,348,1
772,348,1
773,348,1
774,348,1
775,348,1
776,348,1
777,348,1
778,348,1
779,348,1
780,348,1
781,348,1
782,348,1
783,347,1
784,347,1
785,347,1
786,347,1
787,347,1
788,347,1
789,347,1
790,347,1
791,347,1
792,347,1
793,347,1
794,347,1
795,347,1
796,347,1
797,347,1
798,347,1
799,346,1
800,346,1
801,346,1
802,346,1
803,346,1
804,346,1
805,346,1
806,346,1
807,346,1
808,346,1
809,346,1
810,346,1
811,346,1
812,346,1
813,346,1
814,346,1
815,346,1
816,346,1
817,346,1
818,345,1
819,345,1
820,345,1
821,345,1
822,345,1
823,345,1
824,345,1
825,345,1
826,345,1
827,345,1
828,345,1
829,345,1
830,345,1
831,345,1
832,345,1
833,345,1
834,345,1
835,345,1
836,345,1
837,345,1
838,345,1
839,344,1
840,344,1
841,344,1
842,344,1
843,344,1
844,344,1
845,344,1
846,344,1
847,344,1
848,344,1
849,344,1
850,344,1
851,344,1
852,344,1
853,344,1
854,344,1
855,344,1
856,344,1
857,344,1
858,344,1
859,344,1
860,344,1
861,344,1
862,344,1
863,343,1
864,343,1
865,343,1
866,343,1
867,343,1
868,343,1
869,343,1
870,343,1
871,343,1
872,343,1
873,343,1
874,343,1
875,343,1
876,343,1
877,343,1
878,343,1
879,343,1
880,343,1
881,343,1
882,343,1
883,343,1
884,343,1
885,343,1
886,343,1
887,343,1
888,343,1
889,343,1
890,343,1
891,343,1
892,343,1
893,343,1
894,343,1
895,343,1
896,343,1
897,342,1
898,342,1
899,342,1
900,342,1
901,342,1
902,342,1
903,342,1
904,342,1
905,342,1
906,342,1
907,342,1
908,342,1
909,342,1
910,342,1
911,342,1
912,342,1
913,342,1
914,342,1
915,342,1
916,342,1
917,342,1
918,342,1
919,342,1
920,342,1
921,341,1
922,341,1
923,341,1
924,341,1
925,341,1
926,341,1
927,341,1
928,341,1
929,341,1
930,341,1
931,341,1
932,341,1
933,341,1
934,341,1
935,341,1
936,341,1
937,341,1
938,341,1
939,341,1
940,341,1
941,341,1
942,341,1
943,340,1
944,340,1
945,340,1
946,340,1
947,340,1
948,340,1
949,340,1
950,340,1
951,340,1
952,340,1
953,340,1
954,340,1
955,340,1
956,340,1
957,340,1
958,340,1
959,340,1
960,340,1
961,340,1
962,340,1
963,340,1
964,340,1
965,340,1
966,340,1
967,340,1
968,340,1
969,339,1
970,339,1
971,339,1
972,339,1
973,339,1
974,339,1
975,339,1
976,339,1
977,339,1
978,339,1
979,339,1
980,339,1
981,339,1
982,339,1
983,339,1
984,339,1
985,339,1
986,339,1
987,339,1
988,339,1
989,339,1
990,339,1
991,339,1
992,339,1
993,339,1
994,339,1
995,339,1
996,339,1
997,339,1
998,339,1
999,339,1
1000,339,1
1001,339,1
1002,339,1
1003,339,1
1004,339,1
1005,339,1
1006,339,1
1007,339,1
1008,339,1
1009,339,1
1010,339,1
1011,339,1
1012,339,1
1013,339,1
1014,339,1
1015,339,1
1016,339,1
1017,339,1
1018,339,1
1019,339,1
1020,339,1
1021,339,1
1022,339,1
1023,339,1
1024,339,1
1025,339,1
1026,338,1
1027,338,1
1028,338,1
1029,338,1
1030,338,1
1031,338,1
1032,338,1
1033,338,1
1034,338,1
1035,338,1
1036,338,1
1037,338,1
1038,338,1
1039,338,1
1040,338,1
1041,338,1
1042,338,1
1043,338,1
1044,338,1
1045,338,1
1046,338,1
1047,338,1
1048,338,1
1049,338,1
1050,338,1
1051,338,1
1052,338,1
1053,338,1
1054,338,1
1055,338,1
1056,338,1
1057,338,1
1058,338,1
1059,338,1
1060,338,1
1061,338,1
1062,338,1
1063,338,1
1064,338,1
1065,338,1
1066,338,1
1067,338,1
1068,338,1
1069,338,1
1070,338,1
1071,338,1
1072,338,1
1073,338,1
1074,338,1
1075,338,1
1076,338,1
1077,338,1
1078,338,1
1079,338,1
1080,337,1
1081,337,1
1082,337,1
1083,337,1
1084,337,1
1085,337,1
1086,337,1
1087,337,1
1088,337,1
1089,337,1
1090,337,1
1091,337,1
1092,337,1
1093,337,1
1094,337,1
1095,337,1
1096,337,1
1097,337,1
1098,337,1
1099,337,1
1100,337,1
1101,337,1
1102,337,1
1103,336,1
1104,336,1
1105,336,1
1106,336,1
1107,336,1
1108,336,1
1109,336,1
1110,336,1
1111,336,1
1112,336,1
1113,336,1
1114,336,1
1115,336,1
1116,336,1
1117,336,1
1118,336,1
1119,336,1
1120,336,1
1121,336,1
1122,336,1
1123,336,1
1124,336,1
1125,336,1
1126,336,1
1127,336,1
1128,336,1
1129,336,1
1130,336,1
1131,336,1
1132,336,1
1133,336,1
1134,336,1
1135,336,1
1136,336,1
1137,336,1
1138,336,1
1139,336,1
1140,336,1
1141,336,1
1142,336,1
1143,336,1
1144,336,1
1145,336,1
1146,336,1
1147,336,1
1148,336,1
1149,336,1
1150,336,1
1151,336,1
1152,336,1
1153,335,1
1154,335,1
1155,335,1
1156,335,1
1157,335,1
1158,335,1
1159,335,1
1160,335,1
1161,335,1
1162,335,1
1163,335,1
1164,335,1
1165,335,1
1166,335,1
1167,335,1
1168,335,1
1169,335,1
1170,335,1
1171,335,1
1172,335,1
1173,335,1
1174,335,1
1175,335,1
1176,335,1
1177,335,1
1178,335,1
1179,335,1
1180,335,1
1181,335,1
1182,335,1
1183,335,1
1184,335,1
1185,335,1
1186,335,1
1187,335,1
1188,335,1
1189,335,1
1190,335,1
1191,335,1
1192,335,1
1193,335,1
1194,335,1
1195,335,1
1196,335,1
1197,335,1
1198,335,1
1199,335,1
1200,335,1
1201,335,1
1202,335,1
1203,335,1
1204,335,1
1205,335,1
1206,335,1
1207,335,1
1208,335,1
1209,335,1
1210,335,1
1211,335,1
1212,335,1
1213,335,1
1214,335,1
1215,335,1
1216,335,1
1217,335,1
1218,335,1
1219,335,1
1220,335,1
1221,335,1
1222,335,1
1223,335,1
1224,335,1
1225,335,1
1226,335,1
1227,335,1
1228,335,1
1229,335,1
1230,335,1
1231,335,1
1232,335,1
1233,335,1
1234,335,1
1235,335,1
1236,335,1
1237,335,1
1238,335,1
1239,335,1
1240,335,1
1241,335,1
1242,335,1
1243,335,1
1244,335,1
1245,335,1
1246,335,1
1247,335,1
1248,335,1
1249,335,1
1250,335,1
1251,335,1
1252,335,1
1253,335,1
1254,335,1
1255,335,1
1256,335,1
1257,335,1
1258,335,1
1259,335,1
1260,335,1
1261,335,1
1262,335,1
1263,335,1
1264,335,1
1265,335,1
1266,335,1
1267,335,1
1268,335,1
1269,335,1
1270,335,1
1271,335,1
1272,335,1
1273,335,1
1274,335,1
1275,335,1
1276,335,1
1277,335,1
1278,335,1
1279,335,1
1280,335,1
1281,335,1
1282,335,1
1283,335,1
1284,335,1
1285,335,1
1286,335,1
1287,335,1
1288,335,1
1289,335,1
1290,335,1
1291,335,1
1292,335,1
1293,335,1
1294,335,1
1295,335,1
1296,335,1
1297,335,1
1298,335,1
1299,335,1
1300,335,1
1301,335,1
1302,335,1
1303,335,1
1304,335,1
1305,335,1
1306,335,1
1307,335,1
1308,335,1
1309,335,1
1310,335,1
1311,335,1
1312,335,1
1313,335,1
1314,335,1
1315,335,1
1316,335,1
1317,335,1
1318,335,1
1319,335,1
1320,335,1
1321,336,1
1322,336,1
1323,336,1
1324,336,1
1325,336,1
1326,336,1
1327,336,1
1328,336,1
1329,336,1
1330,336,1
1331,336,1
1332,336,1
1333,336,1
1334,336,1
1335,336,1
1336,336,1
1337,336,1
1338,336,1
1339,336,1
1340,336,1
1341,336,1
1342,336,1
1343,336,1
1344,336,1
1345,336,1
1346,336,1
1347,336,1
1348,336,1
1349,336,1
1350,336,1
1351,336,1
1352,336,1
1353,336,1
1354,336,1
1355,336,1
1356,336,1
1357,336,1
1358,336,1
1359,336,1
1360,336,1
1361,336,1
1362,336,1
1363,336,1
1364,336,1
1365,336,1
1366,336,1
1367,336,1
1368,336,1
1369,336,1
1370,336,1
1371,336,1
1372,336,1
1373,336,1
1374,336,1
1375,336,1
1376,336,1
1377,336,1
1378,336,1
1379,336,1
1380,336,1
1381,336,1
1382,336,1
1383,336,1
1384,336,1
1385,336,1
1386,336,1
1387,336,1
1388,336,1
1389,336,1
1390,336,1
1391,336,1
1392,336,1
1393,336,1
1394,336,1
1395,336,1
1396,336,1
1397,336,1
1398,336,1
1399,336,1
1400,336,1
1401,336,1
1402,336,1
1403,336,1
1404,337,1
1405,337,1
1406,337,1
1407,337,1
1408,337,1
1409,337,1
1410,337,1
1411,337,1
1412,337,1
1413,337,1
1414,337,1
1415,337,1
1416,337,1
1417,337,1
1418,337,1
1419,337,1
1420,337,1
1421,337,1
1422,337,1
1423,337,1
1424,337,1
1425,337,1
1426,338,1
1427,338,1
1428,338,1
1429,338,1
1430,338,1
1431,338,1
1432,338,1
1433,338,1
1434,338,1
1435,338,1
1436,338,1
1437,338,1
1438,338,1
1439,338,1
1440,338,1
1441,338,1
1442,338,1
1443,338,1
1444,338,1
1445,338,1
1446,338,1
1447,338,1
1448,338,1
1449,338,1
1450,338,1
1451,338,1
1452,338,1
1453,338,1
1454,338,1
1455,338,1
1456,338,1
1457,338,1
1458,338,1
1459,338,1
1460,338,1
1461,338,1
1462,338,1
1463,338,1
1464,338,1
1465,338,1
1466,338,1
1467,338,1
1468,338,1
1469,338,1
1470,338,1
1471,338,1
1472,338,1
1473,338,1
1474,338,1
1475,338,1
1476,338,1
1477,338,1
1478,338,1
1479,338,1
1480,338,1
1481,338,1
1482,338,1
1483,338,1
1484,338,1
1485,338,1
1486,338,1
1487,338,1
1488,338,1
1489,338,1
1490,338,1
1491,338,1
1492,338,1
1493,338,1
1494,338,1
1495,338,1
1496,338,1
1497,338,1
1498,338,1
1499,338,1
1500,338,1
1501,338,1
1502,338,1
1503,338,1
1504,338,1
1505,338,1
1506,338,1
1507,338,1
1508,338,1
1509,338,1
1510,338,1
1511,338,1
1512,338,1
1513,338,1
1514,338,1
1515,338,1
1516,338,1
1517,338,1
1518,338,1
1519,338,1
1520,338,1
1521,338,1
1522,338,1
1523,337,1
1524,337,1
1525,337,1
1526,337,1
1527,337,1
1528,337,1
1529,337,1
1530,337,1
1531,337,1
1532,337,1
1533,337,1
1534,337,1
1535,337,1
1536,337,1
1537,337,1
1538,337,1
1539,337,1
1540,337,1
1540,336,1
1541,336,1
1542,336,1
1543,336,1
1544,336,1
1545,336,1
1546,336,1
1545,336,1
1544,336,1
1543,336,1
1543,336,0
