354,451,1
363,501,1
363,502,1
363,503,1
363,504,1
363,505,1
363,506,1
363,507,1
364,508,1
364,509,1
364,510,1
364,511,1
364,512,1
365,513,1
365,514,1
365,515,1
365,516,1
365,517,1
365,518,1
365,519,1
366,520,1
366,521,1
366,522,1
366,523,1
366,524,1
366,525,1
366,526,1
366,527,1
366,528,1
367,528,1
367,529,1
367,530,1
367,531,1
367,532,1
367,533,1
367,534,1
367,535,1
367,536,1
367,537,1
367,538,1
367,539,1
366,539,1
366,540,1
366,541,1
366,542,1
366,543,1
365,544,1
365,545,1
364,546,1
363,547,1
362,548,1
361,548,1
360,548,1
360,549,1
359,549,1
358,549,1
357,549,1
356,548,1
355,548,1
354,548,1
353,547,1
352,546,1
351,546,1
351,545,1
350,545,1
350,544,1
349,544,1
349,543,1
348,542,1
347,542,1
347,541,1
346,540,1
345,539,1
345,538,1
345,537,1
344,536,1
344,535,1
343,534,1
343,533,1
343,532,1
342,531,1
342,530,1
342,529,1
342,528,1
342,527,1
342,526,1
342,525,1
342,524,1
342,523,1
342,522,1
342,521,1
342,520,1
343,519,1
343,518,1
343,517,1
343,516,1
344,516,1
344,515,1
344,514,1
345,513,1
345,512,1
346,512,1
388,486,1
389,486,1
390,486,1
391,485,1
392,485,1
393,485,1
394,484,1
395,484,1
396,483,1
397,483,1
398,482,1
399,482,1
400,482,1
401,481,1
402,481,1
403,480,1
404,480,1
405,480,1
406,479,1
407,478,1
408,478,1
409,478,1
410,477,1
411,477,1
412,477,1
413,476,1
414,476,1
415,475,1
416,475,1
417,475,1
417,474,1
418,474,1
419,473,1
420,473,1
421,473,1
422,472,1
423,472,1
424,471,1
425,471,1
426,471,1
427,470,1
428,470,1
429,469,1
430,469,1
431,468,1
432,468,1
433,467,1
434,467,1
435,466,1
436,466,1
437,466,1
438,465,1
439,465,1
440,464,1
441,464,1
442,463,1
443,463,1
444,463,1
444,462,1
445,462,1
446,461,1
447,461,1
448,460,1
449,460,1
450,460,1
451,459,1
452,459,1
453,458,1
454,458,1
454,457,1
455,457,1
456,457,1
457,456,1
458,456,1
459,455,1
460,455,1
461,454,1
462,453,1
463,453,1
464,452,1
465,452,1
466,452,1
467,451,1
468,450,1
469,450,1
470,449,1
471,449,1
472,448,1
473,448,1
473,447,1
474,447,1
475,446,1
476,446,1
477,445,1
478,444,1
479,444,1
480,443,1
481,442,1
482,441,1
483,440,1
483,439,1
471,461,0
465,466,1
465,467,1
465,468,1
465,469,1
465,470,1
466,471,1
466,472,1
466,473,1
466,474,1
466,475,1
466,476,1
467,477,1
467,478,1
467,479,1
467,480,1
467,481,1
467,482,1
468,483,1
468,484,1
468,485,1
468,486,1
468,487,1
468,488,1
468,489,1
469,490,1
469,491,1
469,492,1
469,493,1
469,494,1
469,495,1
470,496,1
470,497,1
470,498,1
470,499,1
470,500,1
470,501,1
471,502,1
471,503,1
471,504,1
471,505,1
471,506,1
471,507,1
471,508,1
472,509,1
472,510,1
472,511,1
472,512,1
472,513,1
473,514,1
473,515,1
473,516,1
473,517,1
473,518,1
474,519,1
474,520,1
474,521,1
474,522,1
474,523,1
475,524,1
475,525,1
475,526,1
475,527,1
476,528,1
476,529,1
476,530,1
476,531,1
476,532,1
477,533,1
477,534,1
477,535,1
478,536,1
478,537,1
478,538,1
478,539,1
479,540,1
479,541,1
479,542,1
479,543,1
480,544,1
480,545,1
480,546,1
480,547,1
481,547,1
481,548,1
481,549,1
482,550,1
482,551,1
482,552,1
483,553,1
483,554,1
483,555,1
484,556,1
484,557,1
484,558,1
485,559,1
485,560,1
485,561,1
486,562,1
486,563,1
487,563,1
487,564,1
487,565,1
488,566,1
488,567,1
488,568,1
489,568,1
489,569,1
490,570,1
490,571,1
491,572,1
492,573,1
492,574,1
493,574,1
493,575,1
494,576,1
494,577,1
495,578,1
496,579,1
496,580,1
497,580,1
498,581,1
499,581,1
500,581,1
500,580,1
500,579,1
501,578,1
501,577,1
501,576,1
501,575,1
531,509,0
564,428,1
564,429,1
564,430,1
564,431,1
564,432,1
565,433,1
565,434,1
565,435,1
565,436,1
565,437,1
565,438,1
565,439,1
565,440,1
565,441,1
565,442,1
565,443,1
566,444,1
566,445,1
566,446,1
566,447,1
566,448,1
566,449,1
566,450,1
567,451,1
567,452,1
567,453,1
567,454,1
567,455,1
567,456,1
567,457,1
567,458,1
568,459,1
568,460,1
568,461,1
568,462,1
568,463,1
568,464,1
568,465,1
568,466,1
568,467,1
569,468,1
569,469,1
569,470,1
569,471,1
569,472,1
569,473,1
569,474,1
569,475,1
570,476,1
570,477,1
570,478,1
570,479,1
570,480,1
570,481,1
570,482,1
570,483,1
570,484,1
571,485,1
571,486,1
571,487,1
571,488,1
571,489,1
571,490,1
571,491,1
571,492,1
572,493,1
572,494,1
572,495,1
572,496,1
572,497,1
572,498,1
573,499,1
573,500,1
573,501,1
573,502,1
573,503,1
573,504,1
573,505,1
573,506,1
574,507,1
574,508,1
574,509,1
574,510,1
574,511,1
574,512,1
575,513,1
575,514,1
575,515,1
575,516,1
575,517,1
575,518,1
575,519,1
576,520,1
576,521,1
576,522,1
576,523,1
576,524,1
576,525,1
576,526,1
577,527,1
577,528,1
577,529,1
577,530,1
577,531,1
578,532,1
578,533,1
578,534,1
578,535,1
579,536,1
579,537,1
579,538,1
579,539,1
579,540,1
580,541,1
523,390,0
479,248,1
478,248,1
477,248,1
476,248,1
475,248,1
474,248,1
473,248,1
472,248,1
471,249,1
470,249,1
469,248,1
468,248,1
467,248,1
466,248,1
465,248,1
464,247,1
463,247,1
462,247,1
461,246,1
460,246,1
459,245,1
458,245,1
457,244,1
456,244,1
455,244,1
454,243,1
453,243,1
452,243,1
451,242,1
450,242,1
450,241,1
449,241,1
448,240,1
447,240,1
446,239,1
445,239,1
445,238,1
444,237,1
443,237,1
442,236,1
442,235,1
441,235,1
440,234,1
440,233,1
439,233,1
438,232,1
438,231,1
437,231,1
437,230,1
436,229,1
435,228,1
434,227,1
434,226,1
433,225,1
433,224,1
432,223,1
432,222,1
431,222,1
431,221,1
431,220,1
430,219,1
430,218,1
430,217,1
430,216,1
429,215,1
429,214,1
429,213,1
429,212,1
429,211,1
429,210,1
429,209,1
429,208,1
429,207,1
429,206,1
430,205,1
430,204,1
430,203,1
431,202,1
431,201,1
432,200,1
433,199,1
433,198,1
434,197,1
435,197,1
435,196,1
436,195,1
437,194,1
438,193,1
439,193,1
439,192,1
440,192,1
441,191,1
442,191,1
442,190,1
443,190,1
444,190,1
445,189,1
446,189,1
447,188,1
448,188,1
449,188,1
450,188,1
451,187,1
452,187,1
453,187,1
454,187,1
455,186,1
456,186,1
457,186,1
458,186,1
459,186,1
460,186,1
461,186,1
462,186,1
463,186,1
464,186,1
465,186,1
466,186,1
467,187,1
468,187,1
469,187,1
470,187,1
471,187,1
472,188,1
473,188,1
474,188,1
475,188,1
476,188,1
477,189,1
478,189,1
479,189,1
480,190,1
481,190,1
482,190,1
483,191,1
484,191,1
485,191,1
486,192,1
487,193,1
488,193,1
489,193,1
490,194,1
491,194,1
492,195,1
493,195,1
494,196,1
495,196,1
496,197,1
497,198,1
498,198,1
499,199,1
500,199,1
501,200,1
502,200,1
503,201,1
504,202,1
505,203,1
506,203,1
507,204,1
508,205,1
509,205,1
510,206,1
511,207,1
512,208,1
513,208,1
514,209,1
515,210,1
516,211,1
517,212,1
518,212,1
518,213,1
519,214,1
520,214,1
521,215,1
522,216,1
523,217,1
524,218,1
525,219,1
526,219,1
526,220,1
527,221,1
528,222,1
529,222,1
529,223,1
530,224,1
531,225,1
532,226,1
533,227,1
534,228,1
534,229,1
535,230,1
536,230,1
537,231,1
537,232,1
538,233,1
539,234,1
540,235,1
541,236,1
541,237,1
542,238,1
543,239,1
543,240,1
544,240,1
545,241,1
545,242,1
546,243,1
547,244,1
547,245,1
548,245,1
549,246,1
549,247,1
550,248,1
551,249,1
551,250,1
552,251,1
553,252,1
554,253,1
554,254,1
555,255,1
555,256,1
556,257,1
557,258,1
557,259,1
558,260,1
558,261,1
559,262,1
560,263,1
560,264,1
561,265,1
561,266,1
562,267,1
563,268,1
563,269,1
564,270,1
564,271,1
565,272,1
565,273,1
566,274,1
567,275,1
567,276,1
568,277,1
568,278,1
569,279,1
569,280,1
569,281,1
570,282,1
571,283,1
571,284,1
572,285,1
572,286,1
572,287,1
573,288,1
573,289,1
574,290,1
574,291,1
574,292,1
575,292,1
575,293,1
575,294,1
576,295,1
576,296,1
577,297,1
577,298,1
577,299,1
578,300,1
578,301,1
579,302,1
579,303,1
579,304,1
580,305,1
580,306,1
580,307,1
581,308,1
581,309,1
581,310,1
582,311,1
582,312,1
582,313,1
583,314,1
583,315,1
583,316,1
584,317,1
584,318,1
584,319,1
585,320,1
585,321,1
585,322,1
585,323,1
586,324,1
586,325,1
586,326,1
586,327,1
587,328,1
587,329,1
588,330,1
588,331,1
588,332,1
588,333,1
589,334,1
589,335,1
589,336,1
589,337,1
590,338,1
590,339,1
590,340,1
590,341,1
591,342,1
591,343,1
591,344,1
591,345,1
592,346,1
592,347,1
592,348,1
592,349,1
592,350,1
593,351,1
593,352,1
593,353,1
593,354,1
594,355,1
594,356,1
594,357,1
594,358,1
595,359,1
595,360,1
595,361,1
595,362,1
595,363,1
596,364,1
596,365,1
596,366,1
596,367,1
597,368,1
597,369,1
597,370,1
597,371,1
597,372,1
598,373,1
598,374,1
598,375,1
598,376,1
599,377,1
599,378,1
599,379,1
599,380,1
599,381,1
600,382,1
600,383,1
600,384,1
600,385,1
600,386,1
601,387,1
601,388,1
601,389,1
601,390,1
602,391,1
602,392,1
602,393,1
602,394,1
603,395,1
603,396,1
603,397,1
603,398,1
604,399,1
604,400,1
604,401,1
605,402,1
605,403,1
605,404,1
606,405,1
681,433,0
758,461,1
758,462,1
758,463,1
758,464,1
758,465,1
758,466,1
758,467,1
758,468,1
759,469,1
759,470,1
759,471,1
759,472,1
759,473,1
758,474,1
757,474,1
756,474,1
755,473,1
755,472,1
754,471,1
754,470,1
753,469,1
753,468,1
753,467,1
753,466,1
752,465,1
752,464,1
752,463,1
752,462,1
751,461,1
751,460,1
751,459,1
751,458,1
750,457,1
750,456,1
750,455,1
750,454,1
750,453,1
749,452,1
749,451,1
749,450,1
749,449,1
749,448,1
749,447,1
748,446,1
748,445,1
748,444,1
748,443,1
748,442,1
748,441,1
747,440,1
747,439,1
747,438,1
747,437,1
747,436,1
746,435,1
746,434,1
746,433,1
746,432,1
746,431,1
746,430,1
746,429,1
745,428,1
745,427,1
745,426,1
745,425,1
745,424,1
745,423,1
745,422,1
744,421,1
744,420,1
744,419,1
744,418,1
744,417,1
744,416,1
743,415,1
743,414,1
743,413,1
743,412,1
743,411,1
743,410,1
743,409,1
743,408,1
742,407,1
742,406,1
742,405,1
742,404,1
742,403,1
742,402,1
741,401,1
741,400,1
741,399,1
741,398,1
741,397,1
741,396,1
741,395,1
741,394,1
740,393,1
740,392,1
740,391,1
740,390,1
740,389,1
740,388,1
740,387,1
740,386,1
740,385,1
739,384,1
739,383,1
739,382,1
739,381,1
739,380,1
739,379,1
739,378,1
739,377,1
738,376,1
738,375,1
738,374,1
738,373,1
738,372,1
738,371,1
738,370,1
738,369,1
737,368,1
737,367,1
737,366,1
737,365,1
737,364,1
737,363,1
737,362,1
737,361,1
736,360,1
736,359,1
736,358,1
736,357,1
736,356,1
736,355,1
736,354,1
736,353,1
736,352,1
735,351,1
735,350,1
735,349,1
735,348,1
735,347,1
735,346,1
735,345,1
735,344,1
735,343,1
735,342,1
734,341,1
734,340,1
734,339,1
734,338,1
734,337,1
734,336,1
734,335,1
734,334,1
734,333,1
734,332,1
734,331,1
733,330,1
733,329,1
733,328,1
733,327,1
733,326,1
733,325,1
733,324,1
733,323,1
733,322,1
733,321,1
733,320,1
732,319,1
732,318,1
732,317,1
732,316,1
732,315,1
732,314,1
732,313,1
732,312,1
732,311,1
732,310,1
732,309,1
732,308,1
732,307,1
732,306,1
732,305,1
731,304,1
731,303,1
731,302,1
731,301,1
731,300,1
731,299,1
731,298,1
731,297,1
731,296,1
731,295,1
731,294,1
731,293,1
731,292,1
732,291,1
732,290,1
732,289,1
732,288,1
732,287,1
732,286,1
732,285,1
732,284,1
732,283,1
732,282,1
732,281,1
733,280,1
733,279,1
733,278,1
733,277,1
733,276,1
733,275,1
734,274,1
734,273,1
734,272,1
734,271,1
734,270,1
735,269,1
735,268,1
735,267,1
735,266,1
736,265,1
736,264,1
736,263,1
737,262,1
737,261,1
738,260,1
738,259,1
738,258,1
739,257,1
739,256,1
739,255,1
740,254,1
740,253,1
741,252,1
741,251,1
742,251,1
742,250,1
743,249,1
743,248,1
744,247,1
744,246,1
745,245,1
746,244,1
746,243,1
747,242,1
748,241,1
749,240,1
750,239,1
750,238,1
751,237,1
752,237,1
752,236,1
753,235,1
754,235,1
755,234,1
755,233,1
756,233,1
757,232,1
758,231,1
759,230,1
760,230,1
761,229,1
762,229,1
762,228,1
763,227,1
764,227,1
765,226,1
766,226,1
767,226,1
768,225,1
769,224,1
770,224,1
771,224,1
772,223,1
773,223,1
774,223,1
775,222,1
776,222,1
777,222,1
778,222,1
779,221,1
780,221,1
781,221,1
782,221,1
783,220,1
784,220,1
785,220,1
786,220,1
787,220,1
788,220,1
789,220,1
790,220,1
791,220,1
792,220,1
793,220,1
794,220,1
795,220,1
796,221,1
797,221,1
798,221,1
799,221,1
800,221,1
801,221,1
802,222,1
803,222,1
804,222,1
805,223,1
806,223,1
807,223,1
808,224,1
809,224,1
810,224,1
811,225,1
812,225,1
813,225,1
814,226,1
815,226,1
815,227,1
816,227,1
817,228,1
818,228,1
819,229,1
820,229,1
821,230,1
822,230,1
822,231,1
823,231,1
824,232,1
825,232,1
826,233,1
827,234,1
828,235,1
829,236,1
830,236,1
831,237,1
831,238,1
832,238,1
833,239,1
834,240,1
835,241,1
836,242,1
837,243,1
838,244,1
839,245,1
840,246,1
840,247,1
841,247,1
842,248,1
842,249,1
843,250,1
844,251,1
844,252,1
845,252,1
846,253,1
846,254,1
847,255,1
848,256,1
848,257,1
849,257,1
849,258,1
850,259,1
850,260,1
851,261,1
851,262,1
852,263,1
853,264,1
853,265,1
854,266,1
854,267,1
855,268,1
855,269,1
856,270,1
857,271,1
857,272,1
857,273,1
858,274,1
858,275,1
859,276,1
859,277,1
860,278,1
860,279,1
860,280,1
861,281,1
861,282,1
861,283,1
862,284,1
862,285,1
862,286,1
863,287,1
863,288,1
863,289,1
864,289,1
864,290,1
864,291,1
864,292,1
865,293,1
865,294,1
865,295,1
865,296,1
866,297,1
866,298,1
866,299,1
866,300,1
867,301,1
867,302,1
867,303,1
867,304,1
867,305,1
868,306,1
868,307,1
868,308,1
868,309,1
868,310,1
869,311,1
869,312,1
869,313,1
869,314,1
869,315,1
869,316,1
869,317,1
869,318,1
870,319,1
870,320,1
870,321,1
870,322,1
870,323,1
870,324,1
870,325,1
870,326,1
870,327,1
871,328,1
871,329,1
871,330,1
871,331,1
871,332,1
871,333,1
871,334,1
871,335,1
871,336,1
871,337,1
871,338,1
871,339,1
871,340,1
871,341,1
871,342,1
871,343,1
871,344,1
871,345,1
892,352,0
908,378,1
908,377,1
908,376,1
909,375,1
909,374,1
910,373,1
910,372,1
911,371,1
911,370,1
912,370,1
912,369,1
913,368,1
913,367,1
914,366,1
914,365,1
915,364,1
915,363,1
916,362,1
917,361,1
918,360,1
918,359,1
919,358,1
919,357,1
920,356,1
920,355,1
921,354,1
922,353,1
923,352,1
923,351,1
924,350,1
924,349,1
925,348,1
926,347,1
927,346,1
927,345,1
928,344,1
929,343,1
929,342,1
930,341,1
931,340,1
932,339,1
932,338,1
933,337,1
934,336,1
935,335,1
936,334,1
936,333,1
937,332,1
938,331,1
939,330,1
939,329,1
940,328,1
941,328,1
941,327,1
942,326,1
943,325,1
944,325,1
944,324,1
945,323,1
946,322,1
947,322,1
947,321,1
948,320,1
949,320,1
950,319,1
950,318,1
951,318,1
952,317,1
953,317,1
953,316,1
954,315,1
955,315,1
956,314,1
957,314,1
957,313,1
958,313,1
959,313,1
960,312,1
961,312,1
961,311,1
962,311,1
963,311,1
964,311,1
965,310,1
966,310,1
967,310,1
968,310,1
969,310,1
970,309,1
971,309,1
972,309,1
973,309,1
973,310,1
974,310,1
975,310,1
976,310,1
977,310,1
978,311,1
979,311,1
980,312,1
981,313,1
982,313,1
983,314,1
984,315,1
984,316,1
985,316,1
985,317,1
986,317,1
986,318,1
987,319,1
987,320,1
988,321,1
988,322,1
989,322,1
989,323,1
989,324,1
990,325,1
990,326,1
990,327,1
991,328,1
991,329,1
991,330,1
991,331,1
992,332,1
992,333,1
992,334,1
992,335,1
993,336,1
993,337,1
993,338,1
993,339,1
993,340,1
993,341,1
993,342,1
994,343,1
994,344,1
994,345,1
994,346,1
994,347,1
994,348,1
994,349,1
994,350,1
994,351,1
994,352,1
994,353,1
994,354,1
994,355,1
994,356,1
995,357,1
995,358,1
995,359,1
995,360,1
995,361,1
995,362,1
995,363,1
995,364,1
995,365,1
995,366,1
995,367,1
995,368,1
995,369,1
995,370,1
995,371,1
995,372,1
995,373,1
995,374,1
995,375,1
995,376,1
995,377,1
995,378,1
995,379,1
994,380,1
994,381,1
994,382,1
994,383,1
994,384,1
994,385,1
994,386,1
994,387,1
994,388,1
994,389,1
994,390,1
994,391,1
994,392,1
994,393,1
994,394,1
994,395,1
994,396,1
994,397,1
994,398,1
994,399,1
994,400,1
994,401,1
994,402,1
994,403,1
994,404,1
994,405,1
994,406,1
994,407,1
994,408,1
994,409,1
994,410,1
994,411,1
994,412,1
994,413,1
994,414,1
994,415,1
994,416,1
994,417,1
994,418,1
995,419,1
995,420,1
995,421,1
995,422,1
995,423,1
995,424,1
995,425,1
995,426,1
995,427,1
995,428,1
995,429,1
995,430,1
995,431,1
995,432,1
995,433,1
995,434,1
995,435,1
995,436,1
995,437,1
995,438,1
995,439,1
995,440,1
996,441,1
996,442,1
996,443,1
996,444,1
996,445,1
996,446,1
996,447,1
996,448,1
996,449,1
996,450,1
996,451,1
996,452,1
996,453,1
996,454,1
997,455,1
997,456,1
997,457,1
997,458,1
997,459,1
997,460,1
997,461,1
997,462,1
997,463,1
998,464,1
998,465,1
998,466,1
998,467,1
998,468,1
998,469,1
998,470,1
998,471,1
998,472,1
999,473,1
999,474,1
999,475,1
999,476,1
999,477,1
999,478,1
999,479,1
1000,480,1
1000,481,1
1000,482,1
1000,483,1
1000,484,1
1000,485,1
1000,486,1
1001,487,1
1001,488,1
1001,489,1
1001,490,1
1001,491,1
1001,492,1
1002,493,1
1002,494,1
1002,495,1
1002,496,1
1003,497,1
1003,498,1
1003,499,1
1004,500,1
1004,501,1
1004,502,1
1004,503,1
1005,503,1
1047,438,0
1098,374,1
1097,374,1
1096,375,1
1096,376,1
1095,377,1
1094,378,1
1094,379,1
1093,380,1
1093,381,1
1092,382,1
1092,383,1
1091,384,1
1091,385,1
1091,386,1
1091,387,1
1091,388,1
1091,389,1
1091,390,1
1091,391,1
1092,391,1
1092,392,1
1092,393,1
1092,394,1
1093,395,1
1093,396,1
1094,397,1
1095,398,1
1095,399,1
1096,399,1
1097,400,1
1098,400,1
1099,400,1
1100,401,1
1101,401,1
1102,401,1
1103,401,1
1104,401,1
1105,401,1
1106,401,1
1107,401,1
1108,401,1
1109,401,1
1110,400,1
1111,400,1
1112,400,1
1113,400,1
1114,399,1
1115,399,1
1116,399,1
1117,398,1
1118,398,1
1119,397,1
1120,397,1
1121,397,1
1122,396,1
1123,395,1
1124,395,1
1125,394,1
1126,394,1
1127,394,1
1127,393,1
1128,393,1
1129,392,1
1130,392,1
1131,391,1
1132,391,1
1133,391,1
1133,390,1
1134,390,1
1135,389,1
1136,389,1
1137,388,1
1138,388,1
1139,388,1
1139,387,1
1140,387,1
1141,386,1
1142,386,1
1143,386,1
1144,385,1
1145,385,1
1146,385,1
1146,384,1
1147,384,1
1148,384,1
1149,384,1
1150,383,1
1151,383,1
1152,383,1
1153,383,1
1154,383,1
1155,383,1
1156,383,1
1157,383,1
1158,383,1
1159,383,1
1160,383,1
1161,383,1
1162,383,1
1162,384,1
1163,384,1
1164,384,1
1165,384,1
1165,385,1
1166,385,1
1167,386,1
1168,386,1
1168,387,1
1169,387,1
1169,388,1
1170,389,1
1171,390,1
1171,391,1
1172,391,1
1172,392,1
1173,393,1
1173,394,1
1173,395,1
1174,396,1
1174,397,1
1174,398,1
1174,399,1
1175,399,1
1175,400,1
1175,401,1
1175,402,1
1175,403,1
1175,404,1
1175,405,1
1175,406,1
1175,407,1
1175,408,1
1175,409,1
1175,410,1
1175,411,1
1175,412,1
1175,413,1
1175,414,1
1174,415,1
1174,416,1
1174,417,1
1174,418,1
1174,419,1
1174,420,1
1173,421,1
1173,422,1
1173,423,1
1173,424,1
1173,425,1
1173,426,1
1173,427,1
1173,428,1
1173,429,1
1173,430,1
1173,431,1
1173,432,1
1173,433,1
1174,433,1
1175,433,1
1176,433,1
1177,433,1
1177,432,1
1178,432,1
1179,432,1
1179,431,1
1180,431,1
1181,431,1
1181,430,1
1182,430,1
1183,429,1
1184,428,1
1185,427,1
1186,426,1
1187,426,1
1188,425,1
1189,424,1
1190,423,1
1191,422,1
1192,422,1
1192,421,1
1193,421,1
1194,420,1
1195,420,1
1196,419,1
1196,418,1
1197,418,1
1198,417,1
1199,417,1
1200,417,1
1200,416,1
1201,416,1
1202,415,1
1203,415,1
1204,415,1
1205,414,1
1206,414,1
1207,413,1
1208,413,1
1209,413,1
1210,413,1
1211,412,1
1212,412,1
1213,412,1
1214,412,1
1215,412,1
1216,412,1
1217,412,1
1218,412,1
1219,412,1
1220,412,1
1221,412,1
1222,412,1
1223,412,1
1224,413,1
1225,413,1
1226,413,1
1227,413,1
1228,414,1
1229,414,1
1230,415,1
1231,415,1
1232,416,1
1233,416,1
1234,417,1
1234,418,1
1235,418,1
1236,419,1
1237,420,1
1237,421,1
1238,421,1
1238,422,1
1239,423,1
1240,424,1
1240,425,1
1241,426,1
1241,427,1
1242,428,1
1242,429,1
1242,430,1
1242,431,1
1242,432,1
1243,433,1
1243,434,1
1243,435,1
1243,436,1
1243,437,1
1243,438,1
1243,439,1
1243,440,1
1243,441,1
1242,442,1
1242,443,1
1242,444,1
1241,445,1
1241,446,1
1241,447,1
1240,448,1
1240,449,1
1239,450,1
1239,451,1
1238,452,1
1238,453,1
1237,454,1
1236,455,1
1235,456,1
1235,457,1
1234,457,1
1233,458,1
1233,459,1
1232,459,1
1231,460,1
1231,461,1
1230,461,1
1229,462,1
1228,462,1
1228,463,1
1227,463,1
1226,464,1
1225,464,1
1224,465,1
1223,466,1
1222,466,1
1221,467,1
1220,467,1
1219,468,1
1218,468,1
1217,469,1
1216,469,1
1215,469,1
1214,469,1
1213,470,1
1212,470,1
1211,470,1
1210,470,1
1209,471,1
1208,471,1
1207,471,1
1206,472,1
1205,472,1
1204,472,1
1203,472,1
1202,472,1
1201,472,1
1200,472,1
1199,472,1
1198,472,1
1197,473,1
1196,473,1
1195,473,1
1194,473,1
1193,473,1
1192,473,1
1191,473,1
1190,473,1
1189,473,1
1188,473,1
1187,473,1
1186,473,1
1185,472,1
1184,472,1
1183,472,1
1182,472,1
1181,472,1
1180,472,1
1180,471,1
1179,471,1
1178,471,1
1177,471,1
1176,471,1
1175,471,1
1174,471,1
1173,470,1
1172,470,1
1171,470,1
1170,470,1
1169,469,1
1168,469,1
1167,468,1
1166,468,1
1165,468,1
1164,467,1
1163,466,1
1162,466,1
1161,465,1
1160,464,1
1159,463,1
1245,410,0
1321,341,1
1321,342,1
1321,343,1
1321,344,1
1321,345,1
1321,346,1
1321,347,1
1321,348,1
1321,349,1
1321,350,1
1321,351,1
1321,352,1
1321,353,1
1321,354,1
1321,355,1
1321,356,1
1321,357,1
1321,358,1
1321,359,1
1321,360,1
1321,361,1
1321,362,1
1321,363,1
1321,364,1
1321,365,1
1321,366,1
1321,367,1
1321,368,1
1321,369,1
1321,370,1
1321,371,1
1321,372,1
1321,373,1
1321,374,1
1321,375,1
1321,376,1
1321,377,1
1320,378,1
1320,379,1
1320,380,1
1320,381,1
1320,382,1
1320,383,1
1320,384,1
1320,385,1
1320,386,1
1320,387,1
1320,388,1
1320,389,1
1320,390,1
1320,391,1
1320,392,1
1320,393,1
1320,394,1
1320,395,1
1320,396,1
1320,397,1
1320,398,1
1320,399,1
1320,400,1
1320,401,1
1320,402,1
1320,403,1
1320,404,1
1320,405,1
1320,406,1
1320,407,1
1320,408,1
1320,409,1
1320,410,1
1320,411,1
1320,412,1
1320,413,1
1320,414,1
1320,415,1
1320,416,1
1320,417,1
1319,418,1
1319,419,1
1319,420,1
1319,421,1
1319,422,1
1319,423,1
1319,424,1
1319,425,1
1319,426,1
1319,427,1
1319,428,1
1319,429,1
1319,430,1
1319,431,1
1319,432,1
1319,433,1
1319,434,1
1319,435,1
1319,436,1
1319,437,1
1319,438,1
1319,439,1
1319,440,1
1319,441,1
1319,442,1
1319,443,1
1319,444,1
1319,445,1
1319,446,1
1319,447,1
1319,448,1
1319,449,1
1319,450,1
1319,451,1
1319,452,1
1319,453,1
1319,454,1
1319,455,1
1319,456,1
1319,457,1
1319,458,1
1319,459,1
1320,460,1
1320,461,1
1320,462,1
1320,463,1
1320,464,1
1320,465,1
1320,466,1
1320,467,1
1320,468,1
1320,469,1
1320,470,1
1320,471,1
1320,472,1
1320,473,1
1320,474,1
1320,475,1
1320,476,1
1320,477,1
1320,478,1
1320,479,1
1320,480,1
1320,481,1
1320,482,1
1320,483,1
1320,484,1
1320,485,1
1320,486,1
1320,487,1
1320,488,1
1320,489,1
1320,490,1
1320,491,1
1320,492,1
1320,493,1
1320,494,1
1320,495,1
1320,496,1
1320,497,1
1320,498,1
1320,499,1
1320,500,1
1320,501,1
1320,502,1
1319,503,1
1319,504,1
1319,505,1
1319,506,1
1319,507,1
1319,508,1
1319,509,1
1319,510,1
1319,511,1
1319,512,1
1319,513,1
1319,514,1
1318,515,1
1318,516,1
1317,517,1
1317,518,1
1316,518,1
1315,518,1
1314,518,1
1313,518,1
806,428,0
283,345,1
284,345,1
285,345,1
286,345,1
287,345,1
288,344,1
289,344,1
290,344,1
291,344,1
292,344,1
293,344,1
294,344,1
295,344,1
296,343,1
297,343,1
298,343,1
299,343,1
300,343,1
301,343,1
302,342,1
303,342,1
304,342,1
305,342,1
306,342,1
307,342,1
308,341,1
309,341,1
310,341,1
311,341,1
312,341,1
313,341,1
314,341,1
315,341,1
316,340,1
317,340,1
318,340,1
319,340,1
320,340,1
321,340,1
322,340,1
323,339,1
324,339,1
325,339,1
326,339,1
327,339,1
328,339,1
329,339,1
330,338,1
331,338,1
332,338,1
333,338,1
334,338,1
335,338,1
336,338,1
337,338,1
338,337,1
339,337,1
340,337,1
341,337,1
342,337,1
343,337,1
344,337,1
345,336,1
346,336,1
347,336,1
348,336,1
349,336,1
350,336,1
351,336,1
352,336,1
353,335,1
354,335,1
355,335,1
356,335,1
357,335,1
358,335,1
359,335,1
360,335,1
361,334,1
362,334,1
363,334,1
364,334,1
365,334,1
366,334,1
367,334,1
368,334,1
369,334,1
370,333,1
371,333,1
372,333,1
373,333,1
374,333,1
375,333,1
376,333,1
377,333,1
378,333,1
379,332,1
380,332,1
381,332,1
382,332,1
383,332,1
384,332,1
385,332,1
386,332,1
387,332,1
388,331,1
389,331,1
390,331,1
391,331,1
392,331,1
393,331,1
394,331,1
395,331,1
396,331,1
397,331,1
398,330,1
399,330,1
400,330,1
401,330,1
402,330,1
403,330,1
404,330,1
405,330,1
406,330,1
407,330,1
408,329,1
409,329,1
410,329,1
411,329,1
412,329,1
413,329,1
414,329,1
415,329,1
416,329,1
417,329,1
418,329,1
419,329,1
420,328,1
421,328,1
422,328,1
423,328,1
424,328,1
425,328,1
426,328,1
427,328,1
428,328,1
429,328,1
430,327,1
431,327,1
432,327,1
433,327,1
434,327,1
435,327,1
436,327,1
437,327,1
438,327,1
439,327,1
440,326,1
441,326,1
442,326,1
443,326,1
444,326,1
445,326,1
446,326,1
447,326,1
448,326,1
449,326,1
450,326,1
451,325,1
452,325,1
453,325,1
454,325,1
455,325,1
456,325,1
457,325,1
458,325,1
459,325,1
460,325,1
461,325,1
462,325,1
463,325,1
464,324,1
465,324,1
466,324,1
467,324,1
468,324,1
469,324,1
470,324,1
471,324,1
472,324,1
473,324,1
474,324,1
475,324,1
476,324,1
477,324,1
478,324,1
479,323,1
480,323,1
481,323,1
482,323,1
483,323,1
484,323,1
485,323,1
486,323,1
487,323,1
488,323,1
489,323,1
490,323,1
491,322,1
492,322,1
493,322,1
494,322,1
495,322,1
496,322,1
497,322,1
498,322,1
499,322,1
500,322,1
501,322,1
502,321,1
503,321,1
504,321,1
505,321,1
506,321,1
507,321,1
508,321,1
509,321,1
510,321,1
511,321,1
512,321,1
513,321,1
514,320,1
515,320,1
516,320,1
517,320,1
518,320,1
519,320,1
520,320,1
521,320,1
522,320,1
523,320,1
524,320,1
525,320,1
526,320,1
527,320,1
528,320,1
529,320,1
530,320,1
531,320,1
532,319,1
533,319,1
534,319,1
535,319,1
536,319,1
537,319,1
538,319,1
539,319,1
540,319,1
541,319,1
542,319,1
543,319,1
544,319,1
545,319,1
546,319,1
547,319,1
548,319,1
549,319,1
550,318,1
551,318,1
552,318,1
553,318,1
554,318,1
555,318,1
556,318,1
557,318,1
558,318,1
559,318,1
560,318,1
561,318,1
562,318,1
563,317,1
564,317,1
565,317,1
566,317,1
567,317,1
568,317,1
569,317,1
570,317,1
571,317,1
572,317,1
573,317,1
574,316,1
575,316,1
576,316,1
577,316,1
578,316,1
579,316,1
580,316,1
581,316,1
582,316,1
583,316,1
584,316,1
585,316,1
586,316,1
587,315,1
588,315,1
589,315,1
590,315,1
591,315,1
592,315,1
593,315,1
594,315,1
595,315,1
596,315,1
597,315,1
598,315,1
599,315,1
600,315,1
601,315,1
602,315,1
603,315,1
604,315,1
605,314,1
606,314,1
607,314,1
608,314,1
609,314,1
610,314,1
611,314,1
612,314,1
613,314,1
614,314,1
615,314,1
616,314,1
617,314,1
618,314,1
619,314,1
620,314,1
621,314,1
622,313,1
623,313,1
624,313,1
625,313,1
626,313,1
627,313,1
628,313,1
629,313,1
630,313,1
631,313,1
632,313,1
633,313,1
634,313,1
635,312,1
636,312,1
637,312,1
638,312,1
639,312,1
640,312,1
641,312,1
642,312,1
643,312,1
644,312,1
645,312,1
646,312,1
647,311,1
648,311,1
649,311,1
650,311,1
651,311,1
652,311,1
653,311,1
654,311,1
655,311,1
656,311,1
657,311,1
658,311,1
659,311,1
660,310,1
661,310,1
662,310,1
663,310,1
664,310,1
665,310,1
666,310,1
667,310,1
668,310,1
669,310,1
670,310,1
671,310,1
672,310,1
673,310,1
674,310,1
675,310,1
676,310,1
677,310,1
678,310,1
679,309,1
680,309,1
681,309,1
682,309,1
683,309,1
684,309,1
685,309,1
686,309,1
687,309,1
688,309,1
689,309,1
690,309,1
691,309,1
692,309,1
693,309,1
694,309,1
695,309,1
696,309,1
697,309,1
698,308,1
699,308,1
700,308,1
701,308,1
702,308,1
703,308,1
704,308,1
705,308,1
706,308,1
707,308,1
708,308,1
709,308,1
710,308,1
711,307,1
712,307,1
713,307,1
714,307,1
715,307,1
716,307,1
717,307,1
718,307,1
719,307,1
720,307,1
721,307,1
722,307,1
723,307,1
724,306,1
725,306,1
726,306,1
727,306,1
728,306,1
729,306,1
730,306,1
731,306,1
732,306,1
733,306,1
734,306,1
735,306,1
736,306,1
737,305,1
738,305,1
739,305,1
740,305,1
741,305,1
742,305,1
743,305,1
744,305,1
745,305,1
746,305,1
747,305,1
748,305,1
749,305,1
750,305,1
751,305,1
752,305,1
753,305,1
754,305,1
755,305,1
756,304,1
757,304,1
758,304,1
759,304,1
760,304,1
761,304,1
762,304,1
763,304,1
764,304,1
765,304,1
766,304,1
767,304,1
768,304,1
769,304,1
770,304,1
771,304,1
772,304,1
773,304,1
774,304,1
775,303,1
776,303,1
777,303,1
778,303,1
779,303,1
780,303,1
781,303,1
782,303,1
783,303,1
784,303,1
785,303,1
786,303,1
787,303,1
788,303,1
789,302,1
790,302,1
791,302,1
792,302,1
793,302,1
794,302,1
795,302,1
796,302,1
797,302,1
798,302,1
799,302,1
800,302,1
801,301,1
802,301,1
803,301,1
804,301,1
805,301,1
806,301,1
807,301,1
808,301,1
809,301,1
810,301,1
811,301,1
812,301,1
813,301,1
814,300,1
815,300,1
816,300,1
817,300,1
818,300,1
819,300,1
820,300,1
821,300,1
822,300,1
823,300,1
824,300,1
825,300,1
826,300,1
827,300,1
828,300,1
829,300,1
830,300,1
831,299,1
832,299,1
833,299,1
834,299,1
835,299,1
836,299,1
837,299,1
838,299,1
839,299,1
840,299,1
841,299,1
842,299,1
843,299,1
844,299,1
845,299,1
846,299,1
847,299,1
848,298,1
849,298,1
850,298,1
851,298,1
852,298,1
853,298,1
854,298,1
855,298,1
856,298,1
857,298,1
858,298,1
859,298,1
860,298,1
861,297,1
862,297,1
863,297,1
864,297,1
865,297,1
866,297,1
867,297,1
868,297,1
869,297,1
870,297,1
871,297,1
872,296,1
873,296,1
874,296,1
875,296,1
876,296,1
877,296,1
878,296,1
879,296,1
880,296,1
881,296,1
882,296,1
883,296,1
884,296,1
885,296,1
886,295,1
887,295,1
888,295,1
889,295,1
890,295,1
891,295,1
892,295,1
893,295,1
894,295,1
895,295,1
896,295,1
897,295,1
898,295,1
899,295,1
900,295,1
901,295,1
902,295,1
903,295,1
904,295,1
905,295,1
906,295,1
907,294,1
908,294,1
909,294,1
910,294,1
911,294,1
912,294,1
913,294,1
914,294,1
915,294,1
916,294,1
917,294,1
918,294,1
919,294,1
920,294,1
921,294,1
922,294,1
923,294,1
924,294,1
925,294,1
926,294,1
927,294,1
928,294,1
929,294,1
930,294,1
931,294,1
932,294,1
933,294,1
934,293,1
935,293,1
936,293,1
937,293,1
938,293,1
939,293,1
940,293,1
941,293,1
942,293,1
943,293,1
944,293,1
945,293,1
946,293,1
947,293,1
948,293,1
949,293,1
950,293,1
951,293,1
952,293,1
953,293,1
954,293,1
955,293,1
956,293,1
957,293,1
958,293,1
959,293,1
960,292,1
961,292,1
962,292,1
963,292,1
964,292,1
965,292,1
966,292,1
967,292,1
968,292,1
969,292,1
970,292,1
971,292,1
972,292,1
973,292,1
974,292,1
975,292,1
976,292,1
977,292,1
978,292,1
979,292,1
980,291,1
981,291,1
982,291,1
983,291,1
984,291,1
985,291,1
986,291,1
987,291,1
988,291,1
989,291,1
990,291,1
991,291,1
992,291,1
993,291,1
994,291,1
995,291,1
996,291,1
997,291,1
998,291,1
999,291,1
1000,291,1
1001,291,1
1002,291,1
1003,291,1
1004,291,1
1005,291,1
1006,291,1
1007,291,1
1008,291,1
1009,291,1
1010,291,1
1011,291,1
1012,291,1
1013,291,1
1014,291,1
1015,291,1
1016,291,1
1017,291,1
1018,291,1
1019,291,1
1020,291,1
1021,291,1
1022,291,1
1023,291,1
1024,291,1
1025,291,1
1026,291,1
1027,291,1
1028,291,1
1029,291,1
1030,291,1
1031,291,1
1032,291,1
1033,291,1
1034,291,1
1035,291,1
1036,291,1
1037,291,1
1038,291,1
1039,291,1
1040,291,1
1041,291,1
1042,291,1
1043,291,1
1044,291,1
1045,291,1
1046,291,1
1047,291,1
1048,291,1
1049,291,1
1050,291,1
1051,291,1
1052,291,1
1053,291,1
1054,291,1
1055,291,1
1056,291,1
1057,291,1
1058,291,1
1059,291,1
1060,291,1
1061,291,1
1062,291,1
1063,291,1
1064,291,1
1065,291,1
1066,291,1
1067,291,1
1068,291,1
1069,291,1
1070,291,1
1071,291,1
1072,291,1
1073,291,1
1074,291,1
1075,291,1
1076,291,1
1077,291,1
1078,291,1
1079,291,1
1080,291,1
1081,291,1
1082,291,1
1083,291,1
1084,291,1
1085,291,1
1086,291,1
1087,291,1
1088,291,1
1089,291,1
1090,291,1
1091,291,1
1092,291,1
1093,291,1
1094,291,1
1095,291,1
1096,291,1
1097,291,1
1098,291,1
1099,291,1
1100,291,1
1101,291,1
1102,291,1
1103,291,1
1104,291,1
1105,291,1
1106,291,1
1107,291,1
1108,291,1
1109,291,1
1110,291,1
1111,291,1
1112,291,1
1113,291,1
1114,291,1
1115,291,1
1116,291,1
1117,291,1
1118,291,1
1119,291,1
1120,291,1
1121,291,1
1122,291,1
1123,291,1
1124,291,1
1125,291,1
1126,291,1
1127,291,1
1128,291,1
1129,291,1
1130,291,1
1131,291,1
1132,291,1
1133,291,1
1134,291,1
1135,291,1
1136,291,1
1137,291,1
1138,291,1
1139,291,1
1140,291,1
1141,291,1
1142,292,1
1143,292,1
1144,292,1
1145,292,1
1146,292,1
1147,292,1
1148,292,1
1149,292,1
1150,292,1
1151,292,1
1152,292,1
1153,292,1
1154,292,1
1155,292,1
1156,292,1
1157,292,1
1158,292,1
1159,292,1
1160,292,1
1161,292,1
1162,292,1
1163,293,1
1164,293,1
1165,293,1
1166,293,1
1167,293,1
1168,293,1
1169,293,1
1170,293,1
1171,293,1
1172,293,1
1173,293,1
1174,293,1
1175,293,1
1176,293,1
1177,293,1
1178,293,1
1179,293,1
1180,293,1
1181,293,1
1182,293,1
1183,293,1
1184,293,1
1185,293,1
1186,294,1
1187,294,1
1188,294,1
1189,294,1
1190,294,1
1191,294,1
1192,294,1
1193,294,1
1194,294,1
1195,294,1
1196,294,1
1197,294,1
1198,294,1
1199,294,1
1200,294,1
1201,294,1
1202,294,1
1203,294,1
1204,294,1
1205,294,1
1206,294,1
1207,294,1
1208,294,1
1209,294,1
1210,294,1
1211,294,1
1212,294,1
1213,294,1
1214,294,1
1215,294,1
1216,294,1
1217,294,1
1218,294,1
1219,294,1
1220,295,1
1221,295,1
1222,295,1
1223,295,1
1224,295,1
1225,295,1
1226,295,1
1227,295,1
1228,295,1
1229,295,1
1230,295,1
1231,295,1
1232,295,1
1233,295,1
1234,295,1
1235,295,1
1236,295,1
1237,295,1
1238,295,1
1239,295,1
1240,295,1
1241,295,1
1242,295,1
1243,295,1
1244,295,1
1245,295,1
1246,295,1
1247,295,1
1248,295,1
1249,295,1
1250,295,1
1251,295,1
1252,295,1
1253,295,1
1254,295,1
1255,295,1
1256,295,1
1257,295,1
1258,295,1
1259,295,1
1260,295,1
1261,295,1
1262,295,1
1263,295,1
1264,295,1
1265,295,1
1266,295,1
1267,295,1
1268,295,1
1269,295,1
1270,295,1
1271,296,1
1272,296,1
1273,296,1
1274,296,1
1275,296,1
1276,296,1
1277,296,1
1278,296,1
1279,296,1
1280,296,1
1281,296,1
1282,296,1
1283,296,1
1284,296,1
1285,296,1
1286,296,1
1287,296,1
1288,296,1
1289,296,1
1290,296,1
1291,296,1
1292,296,1
1293,296,1
1294,296,1
1295,296,1
1296,296,1
1297,296,1
1298,296,1
1299,296,1
1300,296,1
1301,297,1
1302,297,1
1303,297,1
1304,297,1
1305,297,1
1306,297,1
1307,297,1
1308,297,1
1309,297,1
1310,297,1
1311,297,1
1312,297,1
1313,297,1
1314,297,1
1315,297,1
1316,297,1
1317,297,1
1318,297,1
1319,297,1
1320,297,1
1321,298,1
1322,298,1
1323,298,1
1324,298,1
1325,298,1
1326,298,1
1327,298,1
1328,298,1
1329,298,1
1330,298,1
1331,298,1
1332,298,1
1333,298,1
1334,298,1
1335,298,1
1336,298,1
1337,298,1
1338,298,1
1339,298,1
1340,298,1
1341,298,1
1342,298,1
1343,298,1
1344,298,1
1345,298,1
1346,298,1
1347,298,1
1348,299,1
1349,299,1
1350,299,1
1351,299,1
1352,299,1
1353,299,1
1354,299,1
1355,299,1
1356,299,1
1357,299,1
1358,299,1
1359,299,1
1360,299,1
1361,299,1
1362,299,1
1363,299,1
1364,299,1
1365,299,1
1366,299,1
1367,299,1
1368,299,1
1369,299,1
1370,299,1
1371,299,1
1372,299,1
1373,299,1
1374,299,1
1375,299,1
1376,299,1
1377,299,1
1378,299,1
1379,299,1
1380,299,1
1381,299,1
1382,299,1
1383,300,1
1384,300,1
1385,300,1
1386,300,1
1385,300,1
1384,300,1
1384,300,0
