900,1123,1
899,1123,1
860,1150,1
860,1151,1
860,1152,1
860,1153,1
861,1154,1
861,1155,1
861,1156,1
861,1157,1
861,1158,1
862,1158,1
862,1159,1
862,1160,1
862,1161,1
863,1161,1
863,1162,1
863,1163,1
863,1164,1
864,1164,1
864,1165,1
864,1166,1
865,1166,1
865,1167,1
866,1168,1
866,1169,1
867,1170,1
867,1171,1
868,1171,1
868,1172,1
869,1172,1
869,1173,1
870,1174,1
871,1175,1
872,1176,1
873,1176,1
873,1177,1
874,1177,1
875,1178,1
876,1179,1
877,1179,1
878,1180,1
879,1181,1
880,1181,1
881,1182,1
882,1182,1
882,1183,1
883,1183,1
884,1183,1
884,1184,1
885,1184,1
886,1184,1
886,1185,1
887,1185,1
888,1185,1
888,1186,1
889,1186,1
890,1186,1
890,1187,1
891,1187,1
892,1187,1
893,1187,1
893,1188,1
894,1188,1
895,1188,1
895,1189,1
896,1189,1
897,1189,1
897,1190,1
898,1190,1
899,1190,1
900,1191,1
901,1191,1
902,1191,1
902,1192,1
903,1192,1
904,1192,1
905,1193,1
906,1193,1
907,1193,1
908,1194,1
909,1194,1
910,1195,1
911,1195,1
912,1196,1
913,1196,1
913,1197,1
914,1197,1
915,1198,1
916,1199,1
917,1199,1
917,1200,1
918,1200,1
918,1201,1
919,1201,1
919,1202,1
920,1202,1
920,1203,1
921,1203,1
921,1204,1
921,1205,1
922,1205,1
922,1206,1
923,1207,1
923,1208,1
924,1209,1
924,1210,1
925,1210,1
925,1211,1
926,1212,1
926,1213,1
927,1213,1
927,1214,1
928,1215,1
928,1216,1
929,1217,1
929,1218,1
930,1218,1
930,1219,1
931,1220,1
931,1221,1
932,1221,1
932,1222,1
933,1223,1
933,1224,1
934,1224,1
934,1225,1
935,1225,1
935,1226,1
936,1226,1
936,1227,1
937,1227,1
937,1228,1
938,1228,1
938,1229,1
939,1229,1
940,1229,1
940,1230,1
941,1230,1
942,1231,1
943,1232,1
944,1232,1
944,1233,1
945,1233,1
946,1233,1
946,1234,1
947,1234,1
948,1235,1
949,1235,1
950,1236,1
951,1236,1
952,1237,1
953,1237,1
954,1238,1
955,1238,1
956,1239,1
957,1239,1
958,1239,1
959,1240,1
960,1240,1
961,1241,1
962,1241,1
963,1241,1
964,1242,1
965,1242,1
966,1242,1
966,1243,1
967,1243,1
968,1243,1
969,1243,1
969,1244,1
970,1244,1
971,1244,1
972,1245,1
973,1245,1
974,1245,1
975,1246,1
976,1246,1
977,1246,1
977,1247,1
978,1247,1
979,1247,1
979,1248,1
980,1248,1
981,1249,1
982,1249,1
983,1250,1
984,1250,1
984,1251,1
985,1251,1
986,1252,1
987,1252,1
987,1253,1
988,1253,1
988,1254,1
989,1254,1
990,1255,1
990,1256,1
991,1256,1
991,1257,1
992,1257,1
992,1258,1
993,1259,1
993,1260,1
993,1261,1
994,1261,1
994,1262,1
994,1263,1
994,1264,1
995,1264,1
995,1265,1
995,1266,1
995,1267,1
995,1268,1
995,1269,1
995,1270,1
995,1271,1
995,1272,1
994,1272,1
994,1273,1
994,1274,1
994,1275,1
993,1276,1
993,1277,1
993,1278,1
993,1279,1
992,1280,1
992,1281,1
992,1282,1
992,1283,1
992,1284,1
991,1285,1
991,1286,1
991,1287,1
991,1288,1
990,1289,1
990,1290,1
990,1291,1
990,1292,1
989,1293,1
989,1294,1
989,1295,1
989,1296,1
988,1297,1
988,1298,1
988,1299,1
987,1300,1
987,1301,1
987,1302,1
987,1303,1
987,1304,1
986,1305,1
986,1306,1
985,1307,1
985,1308,1
985,1309,1
984,1310,1
984,1311,1
984,1312,1
983,1313,1
983,1314,1
982,1315,1
982,1316,1
982,1317,1
982,1318,1
1085,1271,0
1182,1223,1
1182,1224,1
1182,1225,1
1182,1226,1
1183,1227,1
1183,1228,1
1184,1229,1
1184,1230,1
1184,1231,1
1185,1232,1
1185,1233,1
1185,1234,1
1186,1235,1
1186,1236,1
1186,1237,1
1187,1238,1
1187,1239,1
1187,1240,1
1187,1241,1
1188,1242,1
1188,1243,1
1188,1244,1
1188,1245,1
1188,1246,1
1188,1247,1
1188,1248,1
1188,1249,1
1188,1250,1
1187,1251,1
1187,1252,1
1187,1253,1
1187,1254,1
1187,1255,1
1187,1256,1
1186,1257,1
1186,1258,1
1186,1259,1
1186,1260,1
1185,1260,1
1185,1261,1
1185,1262,1
1185,1263,1
1185,1264,1
1184,1265,1
1184,1266,1
1184,1267,1
1184,1268,1
1183,1269,1
1183,1270,1
1183,1271,1
1182,1272,1
1182,1273,1
1181,1274,1
1181,1275,1
1180,1276,1
1180,1277,1
1179,1278,1
1179,1279,1
1179,1280,1
1178,1281,1
1177,1282,1
1177,1283,1
1177,1284,1
1177,1285,1
1177,1286,1
1148,1333,1
1148,1334,1
1147,1334,1
1146,1335,1
1145,1336,1
1011,1408,0
905,1536,1
904,1536,1
903,1536,1
902,1536,1
901,1536,1
900,1536,1
899,1536,1
898,1536,1
897,1536,1
896,1536,1
895,1536,1
894,1536,1
893,1536,1
892,1537,1
891,1537,1
890,1538,1
889,1538,1
888,1538,1
887,1538,1
886,1538,1
885,1538,1
884,1538,1
883,1539,1
882,1539,1
881,1539,1
880,1539,1
879,1539,1
878,1539,1
878,1538,1
877,1538,1
876,1538,1
875,1538,1
874,1538,1
873,1538,1
872,1538,1
871,1538,1
870,1538,1
869,1538,1
868,1538,1
867,1538,1
866,1538,1
865,1538,1
864,1538,1
863,1537,1
862,1537,1
861,1537,1
860,1537,1
859,1537,1
858,1537,1
857,1537,1
856,1537,1
855,1536,1
854,1536,1
853,1536,1
852,1536,1
851,1536,1
850,1535,1
849,1535,1
848,1535,1
847,1535,1
846,1535,1
845,1534,1
844,1534,1
843,1534,1
842,1533,1
841,1533,1
840,1533,1
839,1533,1
838,1533,1
837,1533,1
836,1533,1
835,1533,1
834,1533,1
833,1533,1
832,1533,1
831,1533,1
830,1532,1
829,1532,1
828,1532,1
827,1532,1
826,1532,1
825,1532,1
824,1531,1
823,1531,1
822,1531,1
821,1531,1
820,1531,1
820,1530,1
819,1530,1
818,1530,1
817,1530,1
816,1530,1
815,1529,1
814,1529,1
813,1529,1
812,1529,1
811,1529,1
810,1528,1
809,1528,1
808,1528,1
807,1528,1
806,1527,1
805,1527,1
804,1526,1
803,1526,1
802,1526,1
801,1526,1
800,1525,1
799,1525,1
798,1525,1
798,1524,1
797,1524,1
796,1523,1
795,1523,1
794,1522,1
793,1522,1
792,1521,1
791,1521,1
791,1520,1
790,1520,1
789,1519,1
788,1518,1
787,1517,1
786,1517,1
785,1517,1
784,1516,1
783,1515,1
782,1514,1
1094,1456,0
1377,1382,1
1376,1383,1
1375,1384,1
1374,1385,1
1373,1385,1
1372,1385,1
1371,1386,1
1370,1387,1
1369,1388,1
1368,1388,1
1367,1389,1
1366,1389,1
1365,1389,1
1364,1390,1
1363,1390,1
1362,1390,1
1361,1391,1
1360,1391,1
1359,1391,1
1358,1391,1
1357,1391,1
1356,1392,1
1355,1392,1
1354,1392,1
1353,1392,1
1352,1392,1
1351,1392,1
1350,1392,1
1349,1392,1
1349,1391,1
1348,1391,1
1347,1391,1
1346,1391,1
1346,1390,1
1345,1390,1
1344,1389,1
1344,1388,1
1343,1388,1
1343,1387,1
1343,1386,1
1343,1385,1
1343,1384,1
1344,1383,1
1344,1382,1
1345,1382,1
1345,1381,1
1346,1381,1
1346,1380,1
1347,1380,1
1347,1379,1
1348,1379,1
1348,1378,1
1349,1378,1
1349,1377,1
1350,1377,1
1350,1376,1
1351,1376,1
1352,1375,1
1353,1375,1
1353,1374,1
1354,1374,1
1354,1373,1
1355,1373,1
1356,1373,1
1356,1372,1
1357,1372,1
1358,1371,1
1359,1371,1
1360,1370,1
1361,1370,1
1361,1369,1
1362,1369,1
1363,1368,1
1364,1368,1
1365,1367,1
1366,1367,1
1367,1366,1
1368,1366,1
1369,1365,1
1370,1365,1
1371,1364,1
1372,1364,1
1373,1364,1
1373,1363,1
1374,1363,1
1375,1363,1
1375,1362,1
1376,1362,1
1377,1362,1
1378,1361,1
1379,1361,1
1380,1360,1
1381,1360,1
1382,1359,1
1383,1359,1
1384,1358,1
1385,1358,1
1386,1358,1
1387,1357,1
1388,1357,1
1389,1356,1
1390,1356,1
1391,1356,1
1391,1355,1
1392,1355,1
1393,1355,1
1394,1354,1
1395,1354,1
1396,1353,1
1397,1353,1
1398,1352,1
1399,1352,1
1400,1352,1
1401,1351,1
1402,1351,1
1403,1351,1
1404,1350,1
1405,1350,1
1406,1349,1
1407,1349,1
1408,1349,1
1409,1348,1
1410,1348,1
1411,1348,1
1411,1347,1
1412,1347,1
1413,1347,1
1414,1346,1
1415,1346,1
1416,1346,1
1416,1345,1
1417,1345,1
1418,1345,1
1418,1344,1
1419,1344,1
1420,1344,1
1421,1343,1
1422,1343,1
1423,1342,1
1424,1342,1
1425,1342,1
1425,1341,1
1426,1341,1
1427,1341,1
1428,1340,1
1429,1340,1
1430,1340,1
1430,1339,1
1431,1339,1
1432,1339,1
1433,1339,1
1434,1338,1
1435,1338,1
1436,1338,1
1436,1337,1
1437,1337,1
1438,1337,1
1439,1337,1
1440,1336,1
1441,1336,1
1442,1336,1
1443,1336,1
1443,1335,1
1444,1335,1
1445,1335,1
1446,1335,1
1447,1334,1
1448,1334,1
1449,1334,1
1450,1334,1
1451,1334,1
1451,1333,1
1452,1333,1
1453,1333,1
1454,1333,1
1455,1333,1
1456,1333,1
1457,1332,1
1458,1332,1
1459,1332,1
1460,1332,1
1461,1332,1
1462,1332,1
1463,1332,1
1464,1332,1
1465,1332,1
1466,1332,1
1467,1332,1
1468,1331,1
1469,1331,1
1470,1331,1
1471,1331,1
1472,1331,1
1473,1331,1
1474,1331,1
1475,1331,1
1476,1331,1
1477,1331,1
1478,1331,1
1479,1331,1
1480,1331,1
1481,1331,1
1481,1332,1
1482,1332,1
1483,1332,1
1484,1332,1
1485,1332,1
1486,1332,1
1487,1332,1
1488,1332,1
1489,1332,1
1490,1332,1
1491,1333,1
1492,1333,1
1493,1333,1
1494,1333,1
1495,1333,1
1496,1334,1
1497,1334,1
1498,1334,1
1499,1334,1
1500,1335,1
1501,1335,1
1502,1335,1
1503,1335,1
1503,1336,1
1504,1336,1
1505,1336,1
1506,1336,1
1506,1337,1
1507,1337,1
1508,1337,1
1509,1338,1
1510,1338,1
1511,1338,1
1512,1338,1
1513,1338,1
1514,1338,1
1515,1338,1
1516,1338,1
1517,1338,1
1518,1338,1
1519,1338,1
1520,1338,1
1521,1338,1
1522,1338,1
1523,1337,1
1524,1337,1
1525,1337,1
1526,1337,1
1527,1337,1
1528,1337,1
1529,1337,1
1530,1337,1
1531,1338,1
1532,1338,1
1533,1338,1
1534,1338,1
1535,1338,1
1536,1338,1
1537,1338,1
1538,1338,1
1539,1338,1
1540,1338,1
1541,1338,1
1542,1339,1
1543,1339,1
1544,1339,1
1545,1339,1
1546,1339,1
1546,1340,1
1547,1340,1
1548,1340,1
1549,1340,1
1549,1341,1
1550,1341,1
1551,1341,1
1552,1342,1
1553,1342,1
1554,1343,1
1555,1343,1
1555,1344,1
1556,1344,1
1557,1344,1
1557,1345,1
1558,1345,1
1559,1346,1
1559,1347,1
1560,1347,1
1560,1348,1
1561,1348,1
1561,1349,1
1562,1349,1
1562,1350,1
1563,1351,1
1563,1352,1
1564,1352,1
1564,1353,1
1565,1354,1
1565,1355,1
1565,1356,1
1566,1356,1
1566,1357,1
1566,1358,1
1567,1358,1
1567,1359,1
1567,1360,1
1567,1361,1
1568,1361,1
1568,1362,1
1568,1363,1
1568,1364,1
1568,1365,1
1568,1366,1
1568,1367,1
1568,1368,1
1568,1369,1
1568,1370,1
1568,1371,1
1568,1372,1
1568,1373,1
1568,1374,1
1568,1375,1
1568,1376,1
1568,1377,1
1568,1378,1
1568,1379,1
1568,1380,1
1568,1381,1
1567,1382,1
1567,1383,1
1567,1384,1
1567,1385,1
1567,1386,1
1567,1387,1
1567,1388,1
1566,1389,1
1566,1390,1
1566,1391,1
1566,1392,1
1566,1393,1
1566,1394,1
1566,1395,1
1566,1396,1
1565,1397,1
1565,1398,1
1565,1399,1
1565,1400,1
1565,1401,1
1565,1402,1
1565,1403,1
1565,1404,1
1565,1405,1
1565,1406,1
1564,1407,1
1564,1408,1
1564,1409,1
1564,1410,1
1564,1411,1
1564,1412,1
1563,1413,1
1563,1414,1
1563,1415,1
1563,1416,1
1563,1417,1
1563,1418,1
1563,1419,1
1563,1420,1
1563,1421,1
1563,1422,1
1562,1423,1
1562,1424,1
1562,1425,1
1561,1425,1
1560,1426,1
1559,1427,1
1627,1407,0
1691,1386,1
1691,1387,1
1691,1388,1
1691,1389,1
1691,1390,1
1691,1391,1
1691,1392,1
1691,1393,1
1691,1394,1
1691,1395,1
1691,1396,1
1691,1397,1
1691,1398,1
1691,1399,1
1691,1400,1
1691,1401,1
1691,1402,1
1691,1403,1
1690,1404,1
1690,1405,1
1690,1406,1
1690,1407,1
1689,1408,1
1689,1409,1
1689,1410,1
1689,1411,1
1689,1412,1
1689,1413,1
1689,1414,1
1689,1415,1
1689,1416,1
1688,1417,1
1688,1418,1
1688,1419,1
1688,1420,1
1688,1421,1
1688,1422,1
1688,1423,1
1688,1424,1
1687,1425,1
1687,1426,1
1687,1427,1
1687,1428,1
1686,1429,1
1686,1430,1
1686,1431,1
1686,1432,1
1686,1433,1
1686,1434,1
1686,1435,1
1686,1436,1
1686,1437,1
1686,1438,1
1686,1439,1
1686,1440,1
1686,1441,1
1686,1442,1
1686,1443,1
1686,1444,1
1686,1445,1
1776,1398,0
1882,1355,1
1881,1356,1
1880,1356,1
1880,1357,1
1879,1358,1
1878,1358,1
1877,1359,1
1877,1360,1
1876,1361,1
1875,1361,1
1874,1362,1
1874,1363,1
1873,1364,1
1872,1364,1
1872,1365,1
1871,1366,1
1870,1367,1
1870,1368,1
1869,1369,1
1869,1370,1
1868,1371,1
1867,1372,1
1866,1373,1
1866,1374,1
1866,1375,1
1865,1376,1
1865,1377,1
1864,1378,1
1864,1379,1
1864,1380,1
1864,1381,1
1863,1382,1
1863,1383,1
1863,1384,1
1863,1385,1
1863,1386,1
1862,1387,1
1862,1388,1
1862,1389,1
1862,1390,1
1862,1391,1
1862,1392,1
1862,1393,1
1862,1394,1
1863,1395,1
1863,1396,1
1863,1397,1
1863,1398,1
1863,1399,1
1863,1400,1
1863,1401,1
1864,1402,1
1864,1403,1
1864,1404,1
1864,1405,1
1865,1406,1
1865,1407,1
1865,1408,1
1866,1409,1
1866,1410,1
1866,1411,1
1867,1412,1
1867,1413,1
1868,1414,1
1868,1415,1
1868,1416,1
1869,1417,1
1869,1418,1
1870,1419,1
1870,1420,1
1871,1421,1
1871,1422,1
1872,1422,1
1872,1423,1
1872,1424,1
1873,1425,1
1873,1426,1
1874,1427,1
1874,1428,1
1875,1429,1
1875,1430,1
1876,1431,1
1876,1432,1
1877,1433,1
1877,1434,1
1878,1435,1
1878,1436,1
1879,1437,1
1879,1438,1
1880,1439,1
1880,1440,1
1881,1441,1
1882,1442,1
1882,1443,1
1883,1444,1
1883,1445,1
1884,1446,1
1884,1447,1
1885,1448,1
1886,1449,1
1886,1450,1
1887,1451,1
1887,1452,1
1888,1453,1
1889,1454,1
1889,1455,1
1890,1456,1
1890,1457,1
1891,1458,1
1891,1459,1
1892,1460,1
1892,1461,1
1893,1461,1
1893,1462,1
1894,1463,1
1895,1464,1
1895,1465,1
1896,1466,1
1896,1467,1
1897,1468,1
1898,1469,1
1899,1470,1
1899,1471,1
1900,1472,1
1900,1473,1
1901,1474,1
1902,1475,1
1902,1476,1
1903,1476,1
1904,1477,1
1904,1478,1
1905,1479,1
1905,1480,1
1906,1481,1
1907,1482,1
1907,1483,1
1908,1484,1
1909,1485,1
1910,1486,1
1911,1487,1
1911,1488,1
1912,1489,1
1913,1490,1
1913,1491,1
1914,1492,1
1915,1493,1
1916,1494,1
1916,1495,1
1917,1496,1
1918,1497,1
1918,1498,1
1919,1499,1
1920,1499,1
1920,1500,1
1921,1501,1
1922,1502,1
1922,1503,1
1923,1504,1
1924,1505,1
1924,1506,1
1925,1506,1
1925,1507,1
1926,1508,1
1926,1509,1
1927,1510,1
1927,1511,1
1928,1512,1
1928,1513,1
1929,1513,1
1929,1514,1
1929,1515,1
1930,1516,1
1930,1517,1
1931,1518,1
1931,1519,1
1932,1520,1
1932,1521,1
1933,1522,1
1934,1523,1
1934,1524,1
1935,1525,1
1935,1526,1
1936,1527,1
1936,1528,1
1937,1529,1
1937,1530,1
1938,1531,1
1939,1532,1
1939,1533,1
1940,1534,1
1940,1535,1
1941,1536,1
1941,1537,1
1942,1538,1
1942,1539,1
1943,1540,1
1944,1541,1
1944,1542,1
1945,1543,1
1945,1544,1
1946,1545,1
1947,1546,1
1947,1547,1
1948,1548,1
1948,1549,1
1949,1550,1
1950,1550,1
1950,1551,1
1951,1552,1
1951,1553,1
1952,1554,1
1953,1555,1
1953,1556,1
1954,1557,1
1955,1558,1
1955,1559,1
1956,1559,1
1957,1560,1
1957,1561,1
1958,1562,1
1958,1563,1
1959,1564,1
1960,1565,1
1961,1566,1
1961,1567,1
1962,1567,1
1963,1568,1
1963,1569,1
1964,1570,1
1965,1571,1
1965,1572,1
1966,1573,1
1967,1574,1
1967,1575,1
1968,1575,1
1969,1576,1
1969,1577,1
1970,1578,1
1971,1579,1
1971,1580,1
1972,1581,1
1973,1582,1
1973,1583,1
1974,1583,1
1974,1584,1
1975,1585,1
1976,1586,1
1976,1587,1
1977,1588,1
1978,1589,1
1979,1590,1
1980,1591,1
1980,1592,1
1981,1593,1
1982,1594,1
1982,1595,1
1983,1595,1
1984,1596,1
1984,1597,1
1985,1598,1
1986,1599,1
1986,1600,1
1987,1600,1
1988,1601,1
1988,1602,1
1989,1603,1
1990,1604,1
1990,1605,1
1991,1605,1
1992,1606,1
1992,1607,1
1993,1608,1
1994,1609,1
1994,1610,1
1995,1610,1
1996,1611,1
1996,1612,1
1997,1613,1
1998,1614,1
1998,1615,1
1999,1616,1
2000,1616,1
2001,1617,1
2001,1618,1
2002,1619,1
2003,1620,1
2004,1621,1
2005,1622,1
2006,1623,1
2007,1624,1
2007,1625,1
2008,1626,1
2009,1627,1
2010,1628,1
2010,1629,1
2011,1629,1
2012,1630,1
2012,1631,1
2013,1632,1
2014,1633,1
2014,1634,1
2015,1635,1
2016,1636,1
2017,1637,1
2018,1638,1
2018,1639,1
2019,1640,1
2020,1641,1
2021,1642,1
2021,1643,1
2022,1644,1
2022,1645,1
2023,1645,1
2023,1646,1
2024,1647,1
2024,1648,1
2025,1649,1
2026,1650,1
2026,1651,1
2027,1652,1
2027,1653,1
2028,1654,1
2028,1655,1
2029,1656,1
2029,1657,1
2029,1658,1
2030,1659,1
2030,1660,1
2030,1661,1
2031,1662,1
2031,1663,1
2031,1664,1
2032,1665,1
2032,1666,1
2032,1667,1
2033,1668,1
2033,1669,1
2033,1670,1
2033,1671,1
2033,1672,1
2033,1673,1
2033,1674,1
2032,1674,1
2032,1675,1
2031,1675,1
2031,1676,1
2030,1676,1
2030,1677,1
2029,1677,1
2028,1677,1
2027,1677,1
1994,1384,0
1909,1159,1
1910,1159,1
1911,1159,1
1912,1159,1
1913,1159,1
1914,1159,1
1915,1159,1
1916,1159,1
1917,1159,1
1918,1159,1
1919,1159,1
1920,1159,1
1921,1159,1
1922,1159,1
1923,1159,1
1924,1159,1
1925,1159,1
1926,1159,1
1927,1159,1
1928,1159,1
1929,1159,1
1930,1159,1
1931,1159,1
1932,1159,1
1933,1159,1
1934,1159,1
1935,1159,1
1936,1159,1
1937,1159,1
1938,1159,1
1939,1159,1
1940,1159,1
1941,1159,1
1942,1159,1
1943,1159,1
1944,1159,1
1945,1159,1
1946,1159,1
1947,1159,1
1948,1159,1
1949,1159,1
1950,1159,1
1951,1159,1
1952,1159,1
1953,1159,1
1954,1159,1
1955,1159,1
1956,1159,1
1957,1159,1
1958,1159,1
1959,1159,1
1960,1159,1
1961,1159,1
1962,1159,1
1963,1159,1
1964,1159,1
1965,1159,1
1966,1159,1
1967,1159,1
1968,1159,1
1969,1159,1
1970,1159,1
1971,1159,1
1972,1159,1
1973,1159,1
1974,1159,1
1975,1159,1
1976,1159,1
1977,1159,1
1978,1159,1
1979,1159,1
1980,1159,1
1981,1159,1
1982,1159,1
1983,1159,1
1984,1159,1
1985,1159,1
1986,1159,1
1987,1159,1
1988,1159,1
1989,1159,1
1990,1159,1
1991,1159,1
1992,1159,1
1993,1159,1
1994,1159,1
1995,1159,1
1996,1159,1
1997,1159,1
1998,1159,1
1999,1159,1
2000,1159,1
2001,1159,1
2002,1159,1
2003,1159,1
2004,1159,1
2005,1159,1
2006,1159,1
2007,1159,1
2008,1159,1
2009,1159,1
2010,1159,1
2011,1159,1
2012,1159,1
2013,1159,1
2014,1159,1
2015,1159,1
2016,1159,1
2017,1159,1
2018,1159,1
2019,1159,1
2020,1159,1
2021,1159,1
2022,1159,1
2023,1159,1
2024,1159,1
2025,1159,1
2026,1159,1
2027,1159,1
2028,1159,1
2029,1159,1
2030,1159,1
2031,1159,1
2032,1159,1
2033,1159,1
2034,1159,1
2035,1159,1
2036,1159,1
2037,1159,1
2038,1159,1
2039,1159,1
2040,1159,1
2041,1159,1
2042,1159,1
2043,1159,1
2044,1159,1
2045,1159,1
2046,1159,1
2047,1159,1
2048,1159,1
2049,1159,1
2050,1159,1
2051,1159,1
2052,1159,1
2053,1159,1
2054,1159,1
2055,1159,1
2056,1159,1
2057,1159,1
2058,1159,1
2059,1159,1
2060,1159,1
2061,1159,1
2062,1159,1
2063,1159,1
2064,1159,1
2065,1159,1
2066,1159,1
2067,1159,1
2068,1159,1
2069,1159,1
2070,1159,1
2071,1159,1
2072,1159,1
2073,1159,1
2074,1158,1
2075,1158,1
2076,1158,1
2077,1158,1
2078,1158,1
2079,1158,1
2080,1158,1
2081,1158,1
2082,1158,1
2083,1158,1
2084,1158,1
2085,1158,1
2086,1158,1
2087,1158,1
2088,1158,1
2089,1158,1
2090,1157,1
2091,1157,1
2092,1157,1
2093,1156,1
2093,1155,1
2092,1155,1
2091,1155,1
2149,1250,0
2232,1382,1
2232,1381,1
2232,1380,1
2232,1379,1
2231,1378,1
2230,1377,1
2230,1376,1
2230,1375,1
2229,1374,1
2229,1373,1
2229,1372,1
2229,1371,1
2229,1370,1
2230,1369,1
2230,1368,1
2230,1367,1
2231,1366,1
2231,1365,1
2232,1364,1
2232,1363,1
2233,1362,1
2233,1361,1
2234,1361,1
2234,1360,1
2235,1359,1
2236,1358,1
2237,1358,1
2237,1357,1
2238,1356,1
2239,1356,1
2240,1355,1
2241,1354,1
2242,1354,1
2243,1353,1
2244,1353,1
2244,1352,1
2245,1352,1
2246,1352,1
2247,1351,1
2248,1351,1
2248,1350,1
2249,1350,1
2250,1350,1
2251,1349,1
2252,1349,1
2253,1349,1
2254,1348,1
2255,1348,1
2256,1347,1
2257,1347,1
2258,1347,1
2259,1346,1
2260,1346,1
2261,1346,1
2262,1346,1
2263,1345,1
2264,1345,1
2265,1345,1
2266,1344,1
2267,1344,1
2268,1344,1
2269,1344,1
2270,1343,1
2271,1343,1
2272,1343,1
2273,1343,1
2274,1343,1
2275,1342,1
2276,1342,1
2277,1342,1
2278,1342,1
2279,1341,1
2280,1341,1
2281,1341,1
2282,1341,1
2283,1341,1
2284,1340,1
2285,1340,1
2286,1340,1
2287,1340,1
2288,1340,1
2289,1339,1
2290,1339,1
2291,1339,1
2292,1339,1
2293,1339,1
2294,1339,1
2295,1338,1
2296,1338,1
2297,1338,1
2298,1338,1
2299,1338,1
2300,1337,1
2301,1337,1
2302,1337,1
2303,1337,1
2304,1337,1
2305,1337,1
2306,1337,1
2307,1337,1
2308,1336,1
2309,1336,1
2310,1336,1
2311,1336,1
2312,1336,1
2313,1336,1
2314,1336,1
2315,1335,1
2316,1335,1
2317,1335,1
2318,1335,1
2319,1335,1
2320,1335,1
2321,1335,1
2322,1334,1
2323,1334,1
2324,1334,1
2325,1334,1
2326,1334,1
2327,1334,1
2328,1334,1
2329,1334,1
2330,1333,1
2331,1333,1
2332,1333,1
2333,1333,1
2334,1333,1
2335,1333,1
2336,1333,1
2337,1333,1
2338,1332,1
2339,1332,1
2340,1332,1
2341,1332,1
2342,1332,1
2343,1332,1
2344,1332,1
2345,1332,1
2346,1331,1
2347,1331,1
2348,1331,1
2349,1331,1
2350,1331,1
2351,1331,1
2352,1331,1
2353,1330,1
2354,1330,1
2355,1330,1
2356,1330,1
2357,1330,1
2358,1330,1
2359,1330,1
2360,1329,1
2361,1329,1
2362,1329,1
2363,1329,1
2364,1329,1
2365,1329,1
2366,1329,1
2367,1328,1
2368,1328,1
2369,1328,1
2370,1327,1
2371,1327,1
2372,1327,1
2373,1327,1
2374,1326,1
2375,1326,1
2376,1326,1
2377,1326,1
2378,1325,1
2379,1325,1
2380,1325,1
2381,1325,1
2382,1324,1
2383,1324,1
2384,1324,1
2385,1324,1
2386,1324,1
2387,1323,1
2388,1323,1
2389,1323,1
2390,1323,1
2391,1323,1
2391,1322,1
2392,1322,1
2393,1322,1
2394,1322,1
2395,1322,1
2396,1321,1
2397,1321,1
2398,1321,1
2399,1321,1
2400,1321,1
2401,1320,1
2402,1320,1
2403,1320,1
2404,1320,1
2405,1320,1
2406,1320,1
2407,1319,1
2408,1319,1
2409,1319,1
2410,1319,1
2411,1319,1
2412,1318,1
2413,1318,1
2414,1318,1
2415,1318,1
2416,1318,1
2417,1317,1
2418,1317,1
2419,1317,1
2420,1317,1
2421,1317,1
2422,1317,1
2423,1316,1
2424,1316,1
2425,1316,1
2426,1316,1
2427,1316,1
2428,1315,1
2429,1315,1
2430,1315,1
2431,1315,1
2432,1315,1
2433,1314,1
2434,1314,1
2435,1314,1
2436,1314,1
2437,1314,1
2438,1314,1
2439,1313,1
2440,1313,1
2441,1313,1
2442,1313,1
2443,1313,1
2444,1312,1
2445,1312,1
2446,1312,1
2447,1312,1
2448,1312,1
2449,1311,1
2450,1311,1
2451,1311,1
2452,1311,1
2453,1311,1
2454,1310,1
2455,1310,1
2456,1310,1
2457,1310,1
2458,1310,1
2459,1310,1
2460,1309,1
2461,1309,1
2462,1309,1
2463,1309,1
2464,1309,1
2465,1308,1
2466,1308,1
2467,1308,1
2468,1308,1
2469,1308,1
2470,1308,1
2471,1308,1
2472,1307,1
2473,1307,1
2474,1307,1
2475,1307,1
2476,1307,1
2477,1307,1
2478,1306,1
2479,1306,1
2480,1306,1
2481,1306,1
2482,1306,1
2483,1306,1
2484,1306,1
2485,1306,1
2486,1306,1
2486,1305,1
2487,1305,1
2488,1305,1
2489,1305,1
2490,1305,1
2491,1305,1
2492,1305,1
2493,1305,1
2494,1305,1
2495,1305,1
2496,1305,1
2497,1305,1
2498,1305,1
2499,1304,1
2500,1304,1
2501,1304,1
2502,1304,1
2503,1304,1
2504,1304,1
2505,1304,1
2506,1304,1
2507,1304,1
2508,1304,1
2509,1304,1
2510,1304,1
2511,1304,1
2512,1304,1
2513,1304,1
2514,1304,1
2515,1304,1
2516,1304,1
2517,1304,1
2518,1304,1
2519,1305,1
2520,1305,1
2521,1305,1
2522,1305,1
2523,1305,1
2524,1305,1
2525,1305,1
2526,1305,1
2527,1305,1
2528,1305,1
2529,1306,1
2530,1306,1
2531,1306,1
2532,1306,1
2533,1306,1
2534,1306,1
2534,1307,1
2535,1307,1
2536,1307,1
2537,1307,1
2538,1307,1
2539,1308,1
2540,1308,1
2541,1308,1
2542,1308,1
2542,1309,1
2543,1309,1
2544,1309,1
2545,1309,1
2545,1310,1
2546,1310,1
2547,1310,1
2548,1311,1
2549,1311,1
2550,1312,1
2551,1312,1
2552,1313,1
2553,1313,1
2553,1314,1
2554,1314,1
2555,1315,1
2556,1315,1
2556,1316,1
2557,1316,1
2558,1317,1
2559,1318,1
2560,1318,1
2560,1319,1
2561,1319,1
2562,1319,1
2563,1319,1
2564,1319,1
2565,1319,1
2566,1319,1
2567,1319,1
2568,1319,1
2568,1320,1
2569,1320,1
2570,1320,1
2571,1320,1
2572,1320,1
2573,1320,1
2574,1320,1
2575,1320,1
2576,1320,1
2577,1321,1
2578,1321,1
2579,1321,1
2580,1321,1
2580,1322,1
2581,1322,1
2582,1322,1
2583,1323,1
2584,1323,1
2584,1324,1
2585,1324,1
2586,1325,1
2586,1326,1
2587,1326,1
2587,1327,1
2588,1327,1
2588,1328,1
2588,1329,1
2589,1330,1
2589,1331,1
2589,1332,1
2589,1333,1
2589,1334,1
2589,1335,1
2589,1336,1
2589,1337,1
2589,1338,1
2589,1339,1
2589,1340,1
2589,1341,1
2589,1342,1
2588,1342,1
2588,1343,1
2588,1344,1
2588,1345,1
2587,1346,1
2587,1347,1
2586,1348,1
2586,1349,1
2585,1350,1
2585,1351,1
2585,1352,1
2584,1353,1
2584,1354,1
2584,1355,1
2583,1356,1
2583,1357,1
2583,1358,1
2582,1358,1
2582,1359,1
2581,1360,1
2581,1361,1
2581,1362,1
2580,1363,1
2580,1364,1
2580,1365,1
2579,1366,1
2579,1367,1
2578,1368,1
2578,1369,1
2578,1370,1
2577,1371,1
2577,1372,1
2576,1373,1
2576,1374,1
2576,1375,1
2576,1376,1
2575,1377,1
2575,1378,1
2574,1379,1
2574,1380,1
2574,1381,1
2573,1382,1
2573,1383,1
2573,1384,1
2572,1385,1
2572,1386,1
2572,1387,1
2571,1388,1
2571,1389,1
2571,1390,1
2570,1391,1
2570,1392,1
2569,1393,1
2569,1394,1
2568,1395,1
2568,1396,1
2568,1397,1
2567,1398,1
2567,1399,1
2567,1400,1
2566,1401,1
2566,1402,1
2566,1403,1
2565,1404,1
2565,1405,1
2565,1406,1
2565,1407,1
2564,1408,1
2564,1409,1
2564,1410,1
2563,1411,1
2563,1412,1
2563,1413,1
2562,1414,1
2562,1415,1
2562,1416,1
2561,1416,1
2560,1417,1
2559,1418,1
2666,1373,0
2745,1323,1
2745,1324,1
2745,1325,1
2745,1326,1
2744,1327,1
2744,1328,1
2743,1329,1
2743,1330,1
2742,1331,1
2742,1332,1
2741,1333,1
2741,1334,1
2740,1335,1
2740,1336,1
2740,1337,1
2739,1338,1
2739,1339,1
2739,1340,1
2738,1341,1
2738,1342,1
2738,1343,1
2737,1344,1
2737,1345,1
2737,1346,1
2737,1347,1
2737,1348,1
2736,1349,1
2736,1350,1
2736,1351,1
2736,1352,1
2736,1353,1
2736,1354,1
2736,1355,1
2736,1356,1
2735,1357,1
2735,1358,1
2735,1359,1
2735,1360,1
2735,1361,1
2735,1362,1
2735,1363,1
2735,1364,1
2735,1365,1
2735,1366,1
2735,1367,1
2735,1368,1
2736,1369,1
2736,1370,1
2736,1371,1
2736,1372,1
2736,1373,1
2736,1374,1
2736,1375,1
2736,1376,1
2737,1377,1
2737,1378,1
2737,1379,1
2737,1380,1
2737,1381,1
2738,1382,1
2738,1383,1
2738,1384,1
2738,1385,1
2738,1386,1
2739,1387,1
2739,1388,1
2739,1389,1
2740,1390,1
2740,1391,1
2740,1392,1
2740,1393,1
2740,1394,1
2741,1395,1
2741,1396,1
2741,1397,1
2741,1398,1
2741,1399,1
2742,1400,1
2742,1401,1
2742,1402,1
2742,1403,1
2743,1404,1
2743,1405,1
2743,1406,1
2743,1407,1
2743,1408,1
2744,1409,1
2744,1410,1
2744,1411,1
2745,1412,1
2745,1413,1
2745,1414,1
2745,1415,1
2746,1416,1
2746,1417,1
2746,1418,1
2746,1419,1
2747,1420,1
2747,1421,1
2747,1422,1
2748,1423,1
2748,1424,1
2748,1425,1
2748,1426,1
2749,1426,1
2749,1427,1
2749,1428,1
2750,1429,1
2750,1430,1
2750,1431,1
2751,1432,1
2751,1433,1
2751,1434,1
2752,1435,1
2752,1436,1
2752,1437,1
2753,1438,1
2753,1439,1
2754,1440,1
2754,1441,1
2754,1442,1
2755,1443,1
2755,1444,1
2755,1445,1
2756,1446,1
2756,1447,1
2756,1448,1
2757,1449,1
2757,1450,1
2757,1451,1
2758,1451,1
2758,1452,1
2758,1453,1
2758,1454,1
2759,1455,1
2759,1456,1
2759,1457,1
2759,1458,1
2759,1459,1
2759,1460,1
2759,1461,1
2759,1462,1
2760,1463,1
2760,1464,1
2760,1465,1
2760,1466,1
2761,1467,1
2761,1468,1
2761,1469,1
2761,1470,1
2761,1471,1
2762,1472,1
2762,1473,1
2762,1474,1
2762,1475,1
2763,1476,1
2763,1477,1
2763,1478,1
2764,1479,1
2764,1480,1
2764,1481,1
2764,1482,1
2765,1483,1
2765,1484,1
2766,1485,1
2766,1486,1
2766,1487,1
2767,1488,1
2767,1489,1
2767,1490,1
2768,1491,1
2768,1492,1
2768,1493,1
2769,1494,1
2769,1495,1
2769,1496,1
2770,1497,1
2770,1498,1
2771,1499,1
2771,1500,1
2771,1501,1
2772,1502,1
2772,1503,1
2772,1504,1
2773,1505,1
2773,1506,1
2773,1507,1
2774,1508,1
2774,1509,1
2774,1510,1
2775,1510,1
2775,1511,1
2775,1512,1
2776,1513,1
2776,1514,1
2776,1515,1
2777,1516,1
2777,1517,1
2777,1518,1
2778,1519,1
2778,1520,1
2778,1521,1
2779,1521,1
2779,1522,1
2779,1523,1
2780,1524,1
2780,1525,1
2781,1526,1
2781,1527,1
2781,1528,1
2782,1529,1
2783,1530,1
2783,1531,1
2783,1532,1
2784,1533,1
2784,1534,1
2785,1535,1
2785,1536,1
2785,1537,1
2786,1537,1
2786,1538,1
2787,1539,1
2787,1540,1
2788,1541,1
2788,1542,1
2789,1543,1
2789,1544,1
2790,1545,1
2790,1546,1
2791,1547,1
2791,1548,1
2792,1549,1
2792,1550,1
2793,1551,1
2793,1552,1
2794,1553,1
2794,1554,1
2795,1555,1
2795,1556,1
2796,1557,1
2796,1558,1
2796,1559,1
2797,1560,1
2797,1561,1
2797,1562,1
2798,1563,1
2798,1564,1
2798,1565,1
2799,1565,1
2799,1566,1
2800,1567,1
2800,1568,1
2800,1569,1
2801,1570,1
2801,1571,1
2801,1572,1
2802,1572,1
2802,1573,1
2803,1573,1
2802,1573,1
2801,1573,1
2800,1573,1
2611,1194,0
2427,914,1
2426,914,1
2425,914,1
2424,914,1
2423,914,1
2422,914,1
2421,914,1
2420,913,1
2419,912,1
2419,911,1
2418,911,1
2417,910,1
2417,909,1
2416,908,1
2416,907,1
2415,906,1
2415,905,1
2415,904,1
2414,904,1
2414,903,1
2414,902,1
2414,901,1
2414,900,1
2414,899,1
2414,898,1
2414,897,1
2415,896,1
2415,895,1
2415,894,1
2416,894,1
2416,893,1
2416,892,1
2417,892,1
2417,891,1
2417,890,1
2418,890,1
2418,889,1
2419,889,1
2419,888,1
2420,888,1
2420,887,1
2421,887,1
2421,886,1
2422,886,1
2423,885,1
2424,885,1
2424,884,1
2425,884,1
2426,884,1
2427,883,1
2428,883,1
2429,883,1
2430,883,1
2431,883,1
2432,883,1
2432,882,1
2433,882,1
2434,882,1
2435,882,1
2436,882,1
2437,882,1
2438,882,1
2439,882,1
2440,882,1
2441,882,1
2442,882,1
2443,882,1
2444,883,1
2445,883,1
2446,883,1
2447,883,1
2448,883,1
2449,883,1
2450,883,1
2451,883,1
2452,883,1
2453,884,1
2454,884,1
2455,884,1
2456,884,1
2457,884,1
2458,885,1
2459,885,1
2460,885,1
2461,885,1
2462,886,1
2463,886,1
2464,886,1
2465,886,1
2466,886,1
2466,887,1
2467,887,1
2468,887,1
2469,888,1
2470,888,1
2471,888,1
2472,889,1
2473,889,1
2474,889,1
2475,890,1
2476,890,1
2477,890,1
2477,891,1
2478,891,1
2479,891,1
2480,892,1
2481,892,1
2482,893,1
2483,893,1
2484,894,1
2485,894,1
2486,895,1
2487,895,1
2488,895,1
2489,896,1
2490,897,1
2491,897,1
2492,897,1
2492,898,1
2493,898,1
2494,899,1
2495,899,1
2495,900,1
2496,900,1
2497,900,1
2498,901,1
2499,902,1
2500,902,1
2501,903,1
2502,903,1
2503,904,1
2504,904,1
2505,905,1
2506,906,1
2507,906,1
2508,907,1
2509,908,1
2510,909,1
2511,909,1
2511,910,1
2512,910,1
2513,911,1
2514,911,1
2514,912,1
2515,912,1
2516,913,1
2517,913,1
2517,914,1
2518,914,1
2519,914,1
2520,915,1
2521,915,1
2522,916,1
2523,916,1
2524,916,1
2525,917,1
2526,917,1
2527,918,1
2528,918,1
2529,919,1
2530,919,1
2531,920,1
2532,920,1
2533,921,1
2534,921,1
2535,922,1
2536,922,1
2537,923,1
2538,923,1
2538,924,1
2539,924,1
2540,924,1
2541,925,1
2542,925,1
2542,926,1
2543,926,1
2544,927,1
2545,927,1
2545,928,1
2546,928,1
2547,928,1
2548,929,1
2549,930,1
2550,930,1
2551,931,1
2552,931,1
2552,932,1
2553,932,1
2554,933,1
2555,933,1
2555,934,1
2556,934,1
2557,935,1
2558,935,1
2558,936,1
2559,937,1
2560,937,1
2561,938,1
2562,938,1
2562,939,1
2563,939,1
2564,940,1
2565,940,1
2565,941,1
2566,942,1
2567,942,1
2568,943,1
2569,943,1
2569,944,1
2570,945,1
2571,945,1
2572,946,1
2573,947,1
2574,948,1
2575,948,1
2576,949,1
2577,950,1
2578,951,1
2579,951,1
2579,952,1
2580,952,1
2581,953,1
2582,954,1
2583,955,1
2584,956,1
2585,956,1
2585,957,1
2586,958,1
2587,958,1
2588,959,1
2589,960,1
2590,961,1
2591,961,1
2591,962,1
2592,963,1
2593,963,1
2594,964,1
2594,965,1
2595,965,1
2596,966,1
2597,967,1
2598,968,1
2599,969,1
2600,969,1
2600,970,1
2601,971,1
2602,971,1
2602,972,1
2603,973,1
2604,973,1
2605,974,1
2605,975,1
2606,975,1
2607,976,1
2608,977,1
2609,978,1
2610,979,1
2610,980,1
2611,980,1
2612,981,1
2613,982,1
2614,983,1
2615,984,1
2616,985,1
2617,986,1
2618,986,1
2618,987,1
2619,988,1
2620,988,1
2620,989,1
2621,990,1
2622,991,1
2623,991,1
2623,992,1
2624,993,1
2625,993,1
2625,994,1
2626,995,1
2627,996,1
2628,996,1
2628,997,1
2629,998,1
2630,998,1
2631,999,1
2631,1000,1
2632,1000,1
2633,1001,1
2634,1002,1
2635,1003,1
2636,1004,1
2637,1004,1
2637,1005,1
2638,1006,1
2639,1007,1
2640,1008,1
2641,1009,1
2642,1009,1
2642,1010,1
2643,1011,1
2644,1012,1
2645,1012,1
2645,1013,1
2646,1014,1
2647,1014,1
2647,1015,1
2648,1016,1
2649,1017,1
2650,1018,1
2651,1019,1
2652,1020,1
2653,1021,1
2654,1022,1
2654,1023,1
2655,1024,1
2656,1024,1
2656,1025,1
2657,1026,1
2658,1027,1
2659,1027,1
2659,1028,1
2660,1029,1
2661,1030,1
2661,1031,1
2662,1031,1
2663,1032,1
2663,1033,1
2664,1034,1
2665,1035,1
2666,1036,1
2667,1037,1
2667,1038,1
2668,1038,1
2669,1039,1
2669,1040,1
2670,1041,1
2671,1042,1
2672,1043,1
2673,1044,1
2674,1045,1
2674,1046,1
2675,1047,1
2676,1048,1
2677,1049,1
2678,1050,1
2679,1051,1
2679,1052,1
2680,1053,1
2681,1054,1
2682,1055,1
2683,1056,1
2683,1057,1
2684,1058,1
2685,1059,1
2686,1060,1
2687,1061,1
2687,1062,1
2688,1063,1
2689,1064,1
2690,1064,1
2690,1065,1
2691,1066,1
2692,1067,1
2692,1068,1
2693,1069,1
2694,1069,1
2694,1070,1
2695,1071,1
2696,1072,1
2696,1073,1
2697,1074,1
2698,1075,1
2699,1076,1
2699,1077,1
2700,1078,1
2701,1079,1
2701,1080,1
2702,1080,1
2703,1081,1
2703,1082,1
2704,1083,1
2705,1084,1
2705,1085,1
2706,1086,1
2707,1086,1
2707,1087,1
2708,1088,1
2708,1089,1
2709,1090,1
2710,1091,1
2711,1092,1
2712,1093,1
2712,1094,1
2713,1095,1
2713,1096,1
2714,1096,1
2715,1097,1
2715,1098,1
2716,1099,1
2717,1100,1
2718,1101,1
2718,1102,1
2719,1102,1
2719,1103,1
2720,1104,1
2720,1105,1
2721,1106,1
2722,1106,1
2722,1107,1
2723,1108,1
2723,1109,1
2724,1110,1
2725,1110,1
2725,1111,1
2726,1112,1
2726,1113,1
2727,1113,1
2727,1114,1
2728,1115,1
2728,1116,1
2729,1116,1
2730,1117,1
2730,1118,1
2731,1118,1
2731,1119,1
2732,1120,1
2732,1121,1
2733,1121,1
2733,1122,1
2734,1123,1
2734,1124,1
2735,1125,1
2735,1126,1
2736,1127,1
2737,1128,1
2738,1129,1
2739,1130,1
2740,1131,1
2741,1132,1
2759,1190,0
2836,1364,1
2835,1364,1
2834,1364,1
2833,1364,1
2832,1364,1
2831,1364,1
2830,1364,1
2829,1364,1
2828,1364,1
2827,1363,1
2826,1363,1
2825,1362,1
2824,1362,1
2823,1362,1
2822,1361,1
2821,1361,1
2820,1360,1
2819,1359,1
2818,1358,1
2817,1358,1
2817,1357,1
2816,1356,1
2815,1356,1
2815,1355,1
2814,1354,1
2813,1353,1
2813,1352,1
2812,1351,1
2812,1350,1
2812,1349,1
2812,1348,1
2811,1347,1
2811,1346,1
2811,1345,1
2811,1344,1
2811,1343,1
2811,1342,1
2812,1341,1
2812,1340,1
2812,1339,1
2812,1338,1
2812,1337,1
2813,1337,1
2813,1336,1
2813,1335,1
2814,1334,1
2814,1333,1
2815,1333,1
2815,1332,1
2815,1331,1
2816,1331,1
2816,1330,1
2817,1329,1
2817,1328,1
2818,1328,1
2818,1327,1
2819,1327,1
2819,1326,1
2820,1326,1
2820,1325,1
2821,1325,1
2821,1324,1
2822,1324,1
2823,1323,1
2823,1322,1
2824,1322,1
2824,1321,1
2825,1321,1
2825,1320,1
2826,1320,1
2826,1319,1
2827,1319,1
2828,1318,1
2829,1317,1
2830,1316,1
2831,1316,1
2832,1315,1
2833,1314,1
2834,1314,1
2834,1313,1
2835,1313,1
2836,1312,1
2837,1311,1
2838,1311,1
2839,1310,1
2840,1310,1
2840,1309,1
2841,1309,1
2842,1309,1
2842,1308,1
2843,1308,1
2844,1307,1
2845,1307,1
2846,1306,1
2847,1306,1
2848,1305,1
2849,1305,1
2850,1304,1
2851,1304,1
2852,1303,1
2853,1303,1
2854,1303,1
2855,1302,1
2856,1302,1
2857,1301,1
2858,1301,1
2859,1301,1
2859,1300,1
2860,1300,1
2861,1300,1
2862,1300,1
2863,1299,1
2864,1299,1
2865,1299,1
2866,1298,1
2867,1298,1
2868,1298,1
2869,1297,1
2870,1297,1
2871,1297,1
2872,1297,1
2873,1296,1
2874,1296,1
2875,1296,1
2876,1295,1
2877,1295,1
2878,1295,1
2879,1295,1
2880,1295,1
2881,1294,1
2882,1294,1
2883,1294,1
2884,1294,1
2885,1294,1
2886,1293,1
2887,1293,1
2888,1293,1
2889,1293,1
2890,1293,1
2891,1293,1
2892,1292,1
2893,1292,1
2894,1292,1
2895,1292,1
2896,1292,1
2897,1292,1
2897,1291,1
2898,1291,1
2899,1291,1
2900,1290,1
2901,1290,1
2902,1290,1
2903,1289,1
2904,1289,1
2905,1288,1
2906,1288,1
2907,1288,1
2908,1287,1
2909,1287,1
2910,1287,1
2910,1286,1
2911,1286,1
2912,1286,1
2913,1286,1
2913,1285,1
2914,1285,1
2915,1285,1
2916,1285,1
2917,1284,1
2918,1284,1
2919,1284,1
2920,1284,1
2921,1283,1
2922,1283,1
2923,1283,1
2924,1282,1
2925,1282,1
2926,1282,1
2927,1282,1
2928,1281,1
2929,1281,1
2930,1281,1
2931,1281,1
2932,1281,1
2933,1280,1
2934,1280,1
2935,1280,1
2936,1280,1
2937,1280,1
2938,1279,1
2939,1279,1
2940,1279,1
2941,1279,1
2942,1279,1
2943,1279,1
2944,1279,1
2945,1278,1
2946,1278,1
2947,1278,1
2948,1278,1
2949,1278,1
2950,1278,1
2951,1278,1
2952,1277,1
2953,1277,1
2954,1277,1
2955,1277,1
2956,1277,1
2957,1277,1
2958,1277,1
2959,1277,1
2960,1277,1
2961,1277,1
2962,1277,1
2963,1276,1
2964,1276,1
2965,1276,1
2966,1276,1
2967,1276,1
2968,1276,1
2969,1276,1
2970,1276,1
2971,1276,1
2972,1276,1
2973,1276,1
2974,1276,1
2975,1276,1
2976,1276,1
2976,1275,1
2977,1275,1
2978,1275,1
2979,1275,1
2980,1275,1
2981,1275,1
2982,1275,1
2983,1275,1
2984,1275,1
2985,1275,1
2986,1275,1
2987,1275,1
2988,1275,1
2989,1275,1
2990,1275,1
2991,1275,1
2992,1275,1
2993,1275,1
2994,1275,1
2995,1275,1
2996,1275,1
2997,1275,1
2998,1275,1
2999,1275,1
3000,1275,1
3001,1275,1
3002,1275,1
3003,1275,1
3004,1275,1
3005,1275,1
3006,1275,1
3007,1275,1
3008,1275,1
3009,1275,1
3010,1275,1
3011,1275,1
3012,1275,1
3013,1275,1
3014,1275,1
3015,1275,1
3016,1275,1
3017,1275,1
3018,1275,1
3019,1275,1
3020,1275,1
3021,1275,1
3022,1274,1
3023,1274,1
3024,1274,1
3025,1274,1
3026,1274,1
3027,1274,1
3028,1274,1
3029,1274,1
3030,1274,1
3031,1274,1
3032,1274,1
3033,1274,1
3034,1274,1
3035,1274,1
3036,1274,1
3037,1274,1
3038,1274,1
3039,1274,1
3040,1274,1
3041,1274,1
3042,1274,1
3043,1275,1
3044,1275,1
3045,1275,1
3046,1275,1
3047,1275,1
3048,1275,1
3049,1275,1
3050,1275,1
3051,1275,1
3052,1275,1
3053,1275,1
3054,1275,1
3055,1275,1
3056,1275,1
3057,1275,1
3058,1276,1
3059,1276,1
3060,1276,1
3061,1276,1
3062,1276,1
3063,1276,1
3064,1276,1
3065,1276,1
3066,1276,1
3067,1277,1
3068,1277,1
3069,1277,1
3070,1277,1
3071,1277,1
3072,1277,1
3073,1277,1
3074,1277,1
3075,1277,1
3076,1278,1
3077,1278,1
3078,1278,1
3079,1278,1
3080,1278,1
3081,1278,1
3082,1278,1
3083,1279,1
3084,1279,1
3085,1279,1
3086,1279,1
3087,1279,1
3088,1279,1
3089,1280,1
3090,1280,1
3091,1280,1
3092,1280,1
3093,1280,1
3094,1280,1
3095,1280,1
3096,1281,1
3097,1281,1
3098,1281,1
3099,1281,1
3100,1281,1
3101,1281,1
3102,1282,1
3103,1282,1
3104,1282,1
3105,1282,1
3106,1282,1
3107,1283,1
3108,1283,1
3109,1283,1
3110,1283,1
3111,1283,1
3112,1283,1
3113,1283,1
3114,1284,1
3115,1284,1
3116,1284,1
3117,1284,1
3118,1284,1
3119,1284,1
3119,1285,1
3120,1285,1
3121,1285,1
3122,1285,1
3123,1285,1
3124,1286,1
3125,1286,1
3126,1286,1
3127,1286,1
3128,1286,1
3129,1287,1
3130,1287,1
3131,1287,1
3132,1287,1
3133,1287,1
3134,1288,1
3135,1288,1
3136,1288,1
3137,1288,1
3138,1288,1
3139,1289,1
3140,1289,1
3141,1289,1
3142,1289,1
3143,1289,1
3144,1289,1
3145,1290,1
3146,1290,1
3147,1290,1
3148,1290,1
3149,1290,1
3150,1291,1
3151,1291,1
3152,1291,1
3153,1291,1
3154,1291,1
3155,1292,1
3156,1292,1
3157,1292,1
3158,1292,1
3159,1293,1
3160,1293,1
3161,1293,1
3162,1293,1
3163,1293,1
3164,1293,1
3165,1294,1
3166,1294,1
3167,1294,1
3168,1294,1
3169,1295,1
3170,1295,1
3171,1295,1
3172,1295,1
3173,1295,1
3174,1295,1
3175,1295,1
3176,1295,1
3177,1295,1
3148,1313,0
3168,1286,1
3168,1287,1
3168,1288,1
3168,1289,1
3168,1290,1
3168,1291,1
3168,1292,1
3168,1293,1
3168,1294,1
3168,1295,1
3167,1296,1
3167,1297,1
3167,1298,1
3167,1299,1
3166,1300,1
3166,1301,1
3166,1302,1
3166,1303,1
3166,1304,1
3166,1305,1
3166,1306,1
3166,1307,1
3167,1308,1
3167,1309,1
3167,1310,1
3167,1311,1
3167,1312,1
3168,1313,1
3168,1314,1
3168,1315,1
3169,1316,1
3170,1317,1
3170,1318,1
3170,1319,1
3171,1320,1
3172,1321,1
3172,1322,1
3173,1323,1
3174,1324,1
3174,1325,1
3175,1325,1
3175,1326,1
3176,1327,1
3177,1328,1
3178,1328,1
3178,1329,1
3179,1330,1
3180,1330,1
3181,1331,1
3182,1331,1
3182,1332,1
3183,1332,1
3184,1333,1
3185,1333,1
3186,1334,1
3187,1334,1
3187,1335,1
3188,1335,1
3189,1336,1
3190,1337,1
3191,1337,1
3191,1338,1
3192,1338,1
3192,1339,1
3193,1339,1
3194,1340,1
3195,1341,1
3196,1342,1
3197,1342,1
3197,1343,1
3198,1344,1
3199,1345,1
3200,1346,1
3201,1347,1
3202,1348,1
3202,1349,1
3203,1350,1
3204,1351,1
3204,1352,1
3205,1353,1
3206,1354,1
3206,1355,1
3207,1356,1
3207,1357,1
3208,1358,1
3208,1359,1
3208,1360,1
3209,1360,1
3209,1361,1
3209,1362,1
3209,1363,1
3210,1364,1
3210,1365,1
3210,1366,1
3210,1367,1
3211,1368,1
3211,1369,1
3211,1370,1
3211,1371,1
3211,1372,1
3211,1373,1
3212,1374,1
3212,1375,1
3212,1376,1
3212,1377,1
3212,1378,1
3212,1379,1
3212,1380,1
3212,1381,1
3213,1382,1
3213,1383,1
3213,1384,1
3213,1385,1
3213,1386,1
3213,1387,1
3213,1388,1
3213,1389,1
3213,1390,1
3213,1391,1
3213,1392,1
3213,1393,1
3214,1394,1
3214,1395,1
3214,1396,1
3214,1397,1
3214,1398,1
3214,1399,1
3214,1400,1
3214,1401,1
3214,1402,1
3214,1403,1
3214,1404,1
3214,1405,1
3214,1406,1
3215,1406,1
3215,1407,1
3215,1408,1
3216,1409,1
3216,1410,1
3217,1411,1
3217,1412,1
3218,1413,1
3218,1414,1
3219,1415,1
3219,1416,1
3220,1417,1
3220,1418,1
3221,1418,1
3221,1419,1
3221,1420,1
3222,1420,1
3222,1421,1
3222,1422,1
3223,1422,1
3223,1423,1
3224,1424,1
3224,1425,1
3225,1426,1
3225,1427,1
3226,1428,1
3226,1429,1
3227,1430,1
3227,1431,1
3228,1432,1
3228,1433,1
3229,1434,1
3229,1435,1
3229,1436,1
3230,1436,1
3230,1437,1
3230,1438,1
3230,1439,1
3231,1440,1
3231,1441,1
3231,1442,1
3231,1443,1
3231,1444,1
3231,1445,1
3231,1446,1
3232,1446,1
3232,1447,1
3232,1448,1
3232,1449,1
3232,1450,1
3232,1451,1
3232,1452,1
3232,1453,1
3232,1454,1
3232,1455,1
3232,1456,1
3232,1457,1
3232,1458,1
3232,1459,1
3232,1460,1
3231,1461,1
3231,1462,1
3231,1463,1
3231,1464,1
3231,1465,1
3231,1466,1
3231,1467,1
3230,1468,1
3230,1469,1
3230,1470,1
3230,1471,1
3230,1472,1
3229,1473,1
3229,1474,1
3229,1475,1
3229,1476,1
3228,1477,1
3228,1478,1
3228,1479,1
3227,1480,1
3227,1481,1
3227,1482,1
3227,1483,1
3226,1484,1
3226,1485,1
3226,1486,1
3226,1487,1
3225,1488,1
3225,1489,1
3225,1490,1
3225,1491,1
3225,1492,1
3224,1493,1
3224,1494,1
3224,1495,1
3224,1496,1
3224,1497,1
3224,1498,1
3224,1499,1
3224,1500,1
3224,1501,1
3224,1502,1
3223,1503,1
3223,1504,1
3223,1505,1
3223,1506,1
3223,1507,1
3223,1508,1
3223,1509,1
3223,1510,1
3223,1511,1
3223,1512,1
3223,1513,1
3223,1514,1
3223,1515,1
3223,1516,1
3223,1517,1
3223,1518,1
3223,1519,1
3223,1520,1
3223,1521,1
3223,1522,1
3223,1523,1
3223,1524,1
3223,1525,1
3223,1526,1
3223,1527,1
3223,1528,1
3223,1529,1
3223,1530,1
3223,1531,1
3223,1532,1
3223,1533,1
3223,1534,1
3223,1535,1
3223,1536,1
3223,1537,1
3223,1538,1
3223,1539,1
3223,1540,1
3223,1541,1
3223,1542,1
3223,1543,1
3223,1544,1
3223,1545,1
3097,1478,0
3018,1445,1
3017,1445,1
3016,1445,1
3015,1445,1
3014,1446,1
3013,1447,1
3012,1447,1
3011,1448,1
3010,1448,1
3009,1448,1
3008,1448,1
3007,1449,1
3006,1449,1
3005,1450,1
3004,1450,1
3003,1450,1
3002,1451,1
3001,1451,1
3000,1451,1
2999,1452,1
2998,1452,1
2997,1453,1
2996,1453,1
2995,1453,1
2994,1453,1
2993,1454,1
2992,1454,1
2991,1454,1
2990,1454,1
2989,1455,1
2988,1455,1
2987,1455,1
2986,1456,1
2985,1456,1
2984,1456,1
2983,1457,1
2982,1457,1
2981,1457,1
2980,1457,1
2979,1457,1
2978,1458,1
2977,1458,1
2976,1458,1
2975,1458,1
2974,1459,1
2973,1459,1
2972,1459,1
2971,1459,1
2970,1459,1
2969,1460,1
2968,1460,1
2967,1460,1
2966,1461,1
2965,1461,1
2964,1461,1
2963,1461,1
2962,1462,1
2961,1462,1
2960,1462,1
2959,1462,1
2958,1463,1
2957,1463,1
2956,1463,1
2955,1463,1
2954,1464,1
2953,1464,1
2952,1464,1
2951,1464,1
2950,1465,1
2949,1465,1
2948,1465,1
2947,1465,1
2946,1465,1
2945,1466,1
2944,1466,1
2943,1466,1
2942,1466,1
2941,1466,1
2940,1466,1
2939,1466,1
2938,1467,1
2937,1467,1
2936,1467,1
2935,1467,1
2934,1468,1
2933,1468,1
2932,1468,1
2931,1468,1
2930,1468,1
2929,1468,1
2928,1468,1
2927,1468,1
2926,1468,1
2925,1468,1
2924,1468,1
2923,1468,1
3166,1305,0
3314,1155,1
3315,1155,1
3316,1155,1
3317,1155,1
3318,1155,1
3319,1155,1
3320,1155,1
3321,1155,1
3322,1155,1
3323,1155,1
3324,1155,1
3325,1155,1
3326,1155,1
3327,1155,1
3328,1155,1
3329,1155,1
3330,1155,1
3331,1154,1
3332,1154,1
3333,1154,1
3334,1154,1
3335,1153,1
3336,1153,1
3337,1153,1
3338,1153,1
3339,1153,1
3340,1153,1
3341,1153,1
3342,1153,1
3343,1153,1
3344,1152,1
3345,1152,1
3346,1152,1
3347,1152,1
3348,1152,1
3349,1152,1
3350,1152,1
3351,1152,1
3352,1152,1
3353,1152,1
3354,1152,1
3355,1152,1
3356,1152,1
3357,1152,1
3358,1152,1
3359,1152,1
3360,1152,1
3361,1152,1
3362,1152,1
3363,1152,1
3364,1151,1
3365,1151,1
3366,1151,1
3367,1151,1
3368,1151,1
3369,1151,1
3370,1151,1
3371,1151,1
3372,1151,1
3373,1151,1
3374,1151,1
3375,1151,1
3376,1151,1
3377,1151,1
3378,1151,1
3379,1151,1
3380,1151,1
3381,1151,1
3382,1151,1
3383,1151,1
3384,1151,1
3385,1151,1
3386,1151,1
3387,1151,1
3388,1151,1
3389,1151,1
3390,1151,1
3391,1151,1
3392,1151,1
3393,1151,1
3394,1150,1
3395,1150,1
3396,1150,1
3397,1150,1
3398,1150,1
3399,1150,1
3400,1150,1
3401,1150,1
3402,1150,1
3403,1150,1
3404,1150,1
3405,1150,1
3406,1150,1
3407,1150,1
3408,1150,1
3409,1150,1
3410,1150,1
3411,1150,1
3412,1150,1
3413,1149,1
3414,1149,1
3415,1149,1
3416,1149,1
3417,1149,1
3418,1149,1
3419,1149,1
3420,1149,1
3421,1149,1
3422,1149,1
3423,1149,1
3424,1149,1
3425,1149,1
3426,1149,1
3427,1149,1
3428,1149,1
3429,1149,1
3430,1149,1
3431,1149,1
3432,1149,1
3433,1149,1
3434,1149,1
3435,1149,1
3436,1149,1
3437,1149,1
3438,1149,1
3439,1149,1
3440,1149,1
3441,1149,1
3442,1149,1
3443,1149,1
3444,1149,1
3445,1149,1
3446,1149,1
3447,1149,1
3448,1149,1
3449,1149,1
3450,1149,1
3451,1149,1
3452,1148,1
3453,1148,1
3454,1148,1
3455,1148,1
3456,1148,1
3457,1148,1
3458,1147,1
3459,1147,1
3460,1146,1
3460,1145,1
3459,1145,1
3458,1145,1
3457,1145,1
3456,1145,1
3455,1145,1
3558,1268,0
3645,1368,1
3646,1368,1
3647,1368,1
3648,1368,1
3649,1369,1
3650,1369,1
3651,1370,1
3652,1370,1
3653,1371,1
3654,1371,1
3655,1372,1
3656,1372,1
3657,1373,1
3658,1373,1
3659,1374,1
3660,1374,1
3661,1375,1
3662,1375,1
3663,1376,1
3664,1376,1
3665,1376,1
3666,1377,1
3667,1377,1
3668,1377,1
3669,1378,1
3670,1378,1
3671,1378,1
3672,1378,1
3673,1379,1
3674,1379,1
3675,1379,1
3676,1379,1
3677,1380,1
3678,1380,1
3679,1380,1
3680,1380,1
3681,1380,1
3682,1381,1
3683,1381,1
3684,1381,1
3685,1381,1
3685,1382,1
3686,1382,1
3687,1382,1
3688,1382,1
3689,1382,1
3690,1383,1
3691,1383,1
3692,1383,1
3693,1383,1
3694,1383,1
3695,1383,1
3696,1384,1
3697,1384,1
3698,1384,1
3699,1384,1
3700,1384,1
3701,1384,1
3702,1384,1
3703,1384,1
3704,1384,1
3705,1385,1
3706,1385,1
3707,1385,1
3708,1385,1
3709,1385,1
3710,1385,1
3711,1385,1
3712,1385,1
3713,1385,1
3714,1385,1
3715,1385,1
3716,1385,1
3717,1385,1
3718,1385,1
3719,1385,1
3720,1385,1
3721,1385,1
3722,1385,1
3723,1385,1
3724,1385,1
3725,1385,1
3726,1385,1
3727,1385,1
3728,1385,1
3729,1385,1
3730,1385,1
3731,1385,1
3732,1385,1
3733,1385,1
3734,1385,1
3735,1385,1
3736,1385,1
3737,1385,1
3738,1385,1
3739,1385,1
3740,1385,1
3741,1385,1
3742,1385,1
3743,1385,1
3744,1385,1
3745,1384,1
3746,1384,1
3747,1384,1
3748,1384,1
3749,1384,1
3750,1384,1
3751,1384,1
3752,1384,1
3753,1384,1
3754,1384,1
3755,1384,1
3756,1383,1
3757,1383,1
3758,1383,1
3759,1383,1
3760,1383,1
3761,1383,1
3762,1383,1
3763,1383,1
3764,1382,1
3765,1382,1
3766,1382,1
3767,1382,1
3768,1382,1
3769,1382,1
3770,1381,1
3771,1381,1
3772,1381,1
3773,1381,1
3774,1380,1
3775,1380,1
3776,1380,1
3777,1380,1
3778,1379,1
3779,1379,1
3780,1379,1
3781,1379,1
3782,1379,1
3783,1378,1
3784,1378,1
3785,1378,1
3786,1377,1
3787,1377,1
3788,1377,1
3789,1377,1
3790,1376,1
3791,1376,1
3792,1376,1
3793,1376,1
3793,1375,1
3794,1375,1
3795,1375,1
3796,1374,1
3797,1374,1
3798,1374,1
3799,1374,1
3800,1373,1
3801,1373,1
3802,1372,1
3803,1372,1
3804,1372,1
3805,1371,1
3806,1371,1
3807,1371,1
3808,1371,1
3809,1371,1
3810,1371,1
3811,1371,1
3812,1370,1
3813,1370,1
3814,1370,1
3815,1370,1
3816,1370,1
3817,1370,1
3818,1370,1
3819,1370,1
3820,1370,1
3820,1369,1
3821,1369,1
3822,1369,1
3823,1369,1
3824,1369,1
3825,1369,1
3826,1369,1
3827,1369,1
3828,1369,1
3829,1368,1
3830,1368,1
3831,1368,1
3832,1368,1
3833,1368,1
3834,1368,1
3835,1368,1
3836,1368,1
3837,1368,1
3838,1368,1
3839,1368,1
3839,1367,1
3840,1367,1
3841,1367,1
3842,1367,1
3843,1367,1
3844,1367,1
3845,1367,1
3846,1367,1
3847,1367,1
3848,1367,1
3849,1367,1
3850,1367,1
3851,1367,1
3852,1367,1
3853,1367,1
3854,1367,1
3855,1367,1
3856,1367,1
3857,1367,1
3858,1367,1
3859,1367,1
3860,1367,1
3861,1367,1
3862,1367,1
3863,1367,1
3864,1367,1
3865,1367,1
3865,1368,1
3866,1368,1
3867,1368,1
3868,1368,1
3869,1368,1
3870,1368,1
3871,1368,1
3871,1369,1
3872,1369,1
3873,1369,1
3874,1369,1
3874,1370,1
3875,1370,1
3876,1370,1
3877,1370,1
3877,1371,1
3878,1371,1
3879,1372,1
3880,1372,1
3880,1373,1
3881,1373,1
3881,1374,1
3882,1374,1
3882,1375,1
3883,1375,1
3883,1376,1
3884,1376,1
3884,1377,1
3885,1378,1
3885,1379,1
3885,1380,1
3886,1380,1
3886,1381,1
3886,1382,1
3886,1383,1
3886,1384,1
3887,1384,1
3887,1385,1
3887,1386,1
3887,1387,1
3887,1388,1
3887,1389,1
3887,1390,1
3887,1391,1
3886,1392,1
3886,1393,1
3886,1394,1
3886,1395,1
3886,1396,1
3885,1397,1
3885,1398,1
3886,1398,1
3886,1399,1
3886,1400,1
3886,1401,1
3886,1402,1
3886,1403,1
3885,1404,1
3885,1405,1
3885,1406,1
3884,1406,1
3884,1407,1
3884,1408,1
3883,1409,1
3883,1410,1
3882,1410,1
3882,1411,1
3881,1412,1
3881,1413,1
3880,1414,1
3879,1415,1
3879,1416,1
3878,1417,1
3877,1418,1
3877,1419,1
3876,1420,1
3876,1421,1
3875,1421,1
3875,1422,1
3874,1423,1
3874,1424,1
3873,1425,1
3872,1426,1
3872,1427,1
3871,1428,1
3871,1429,1
3870,1430,1
3869,1431,1
3869,1432,1
3868,1433,1
3868,1434,1
3867,1435,1
3867,1436,1
3866,1436,1
3866,1437,1
3865,1438,1
3865,1439,1
3864,1440,1
3864,1441,1
3863,1442,1
3863,1443,1
3862,1444,1
3862,1445,1
3861,1446,1
3861,1447,1
3860,1448,1
3859,1449,1
3859,1450,1
3859,1451,1
3858,1452,1
3858,1453,1
3857,1454,1
3856,1455,1
3856,1456,1
3855,1457,1
3855,1458,1
3855,1459,1
3854,1460,1
3853,1461,1
3853,1462,1
3853,1463,1
3852,1464,1
3852,1465,1
3851,1466,1
3851,1467,1
3850,1468,1
3850,1469,1
3849,1470,1
3849,1471,1
3848,1472,1
3848,1473,1
3847,1474,1
3847,1475,1
3847,1476,1
3846,1476,1
3846,1477,1
3845,1478,1
3845,1479,1
3845,1480,1
3844,1481,1
3844,1482,1
3843,1483,1
3843,1484,1
3842,1485,1
3842,1486,1
3841,1487,1
3841,1488,1
3840,1489,1
3840,1490,1
3839,1491,1
3839,1492,1
3838,1493,1
3838,1494,1
3837,1495,1
3837,1496,1
3836,1496,1
3836,1497,1
3835,1498,1
3835,1499,1
3835,1500,1
3834,1501,1
3834,1502,1
3833,1502,1
3833,1503,1
3832,1504,1
3832,1505,1
3831,1506,1
3831,1507,1
3830,1508,1
3830,1509,1
3829,1509,1
3829,1510,1
3828,1511,1
3827,1512,1
3826,1513,1
3826,1514,1
3826,1515,1
3825,1516,1
3824,1517,1
3823,1518,1
3722,1473,0
3664,1477,1
3663,1477,1
3662,1477,1
3661,1477,1
3660,1478,1
3659,1479,1
3658,1479,1
3657,1479,1
3656,1480,1
3655,1480,1
3654,1480,1
3653,1480,1
3652,1480,1
3651,1481,1
3650,1481,1
3649,1481,1
3648,1482,1
3647,1482,1
3646,1482,1
3645,1482,1
3644,1482,1
3643,1483,1
3642,1483,1
3641,1483,1
3640,1484,1
3639,1484,1
3638,1484,1
3637,1484,1
3636,1485,1
3635,1485,1
3634,1485,1
3633,1486,1
3632,1486,1
3631,1486,1
3630,1486,1
3629,1487,1
3628,1487,1
3627,1487,1
3626,1487,1
3625,1488,1
3624,1488,1
3623,1488,1
3622,1489,1
3621,1489,1
3620,1489,1
3619,1490,1
3618,1490,1
3617,1490,1
3616,1490,1
3615,1491,1
3614,1491,1
3613,1491,1
3612,1492,1
3611,1492,1
3610,1492,1
3609,1492,1
3608,1493,1
3607,1493,1
3606,1493,1
3605,1493,1
3604,1494,1
3603,1494,1
3602,1494,1
3601,1494,1
3600,1495,1
3599,1495,1
3598,1495,1
3597,1496,1
3596,1496,1
3595,1496,1
3594,1496,1
3593,1497,1
3592,1497,1
3591,1497,1
3590,1498,1
3589,1498,1
3588,1498,1
3587,1499,1
3586,1499,1
3585,1499,1
3584,1499,1
3583,1500,1
3582,1500,1
3581,1500,1
3580,1500,1
3579,1501,1
3578,1501,1
3577,1501,1
3576,1501,1
3575,1502,1
3574,1502,1
3573,1502,1
3572,1502,1
3571,1503,1
3570,1503,1
3569,1503,1
3568,1503,1
3567,1504,1
3566,1504,1
3565,1504,1
3564,1505,1
3563,1505,1
3562,1505,1
3561,1506,1
3560,1506,1
3559,1506,1
3558,1506,1
3557,1507,1
3556,1507,1
3555,1507,1
3554,1507,1
3553,1508,1
3552,1508,1
3551,1508,1
3550,1509,1
3549,1509,1
3548,1509,1
3547,1509,1
3546,1510,1
3545,1510,1
3544,1510,1
3543,1510,1
3542,1511,1
3541,1511,1
3540,1511,1
3539,1511,1
3538,1512,1
3537,1512,1
3536,1512,1
3535,1513,1
3534,1513,1
3533,1513,1
3532,1513,1
3532,1514,1
3531,1514,1
3530,1514,1
3529,1514,1
3528,1515,1
3527,1515,1
3526,1515,1
3525,1516,1
3524,1516,1
3523,1516,1
3522,1516,1
3521,1516,1
3520,1517,1
3519,1517,1
3518,1517,1
3517,1517,1
3516,1518,1
3515,1518,1
3514,1518,1
3513,1518,1
3512,1519,1
3511,1519,1
3510,1519,1
3509,1520,1
3508,1520,1
3507,1520,1
3506,1520,1
3505,1521,1
3504,1521,1
3503,1521,1
3502,1522,1
3501,1522,1
3500,1522,1
3499,1522,1
3498,1522,1
3497,1523,1
3496,1523,1
3495,1523,1
3494,1523,1
3493,1524,1
3492,1524,1
3491,1524,1
3490,1524,1
3489,1524,1
3488,1525,1
3487,1525,1
3486,1525,1
3485,1525,1
3484,1525,1
3483,1526,1
3482,1526,1
3481,1526,1
3480,1526,1
3480,1525,1
3479,1525,1
3478,1524,1
3477,1523,1
3780,1449,0
4032,1336,1
4031,1336,1
4030,1336,1
4029,1336,1
4028,1337,1
4027,1338,1
4026,1338,1
4025,1338,1
4024,1339,1
4023,1339,1
4022,1340,1
4021,1340,1
4020,1341,1
4019,1342,1
4018,1342,1
4017,1343,1
4016,1343,1
4015,1344,1
4014,1345,1
4013,1345,1
4012,1346,1
4011,1346,1
4011,1347,1
4010,1347,1
4009,1348,1
4008,1348,1
4007,1349,1
4006,1349,1
4005,1350,1
4005,1351,1
4004,1351,1
4003,1352,1
4003,1353,1
4002,1353,1
4002,1354,1
4001,1355,1
4001,1356,1
4000,1356,1
4000,1357,1
4000,1358,1
3999,1359,1
3999,1360,1
3999,1361,1
3999,1362,1
3998,1363,1
3998,1364,1
3998,1365,1
3998,1366,1
3998,1367,1
3998,1368,1
3998,1369,1
3998,1370,1
3998,1371,1
3998,1372,1
3999,1372,1
3999,1373,1
3999,1374,1
3999,1375,1
3999,1376,1
4000,1377,1
4000,1378,1
4000,1379,1
4000,1380,1
4001,1381,1
4001,1382,1
4001,1383,1
4002,1384,1
4002,1385,1
4002,1386,1
4003,1387,1
4003,1388,1
4004,1389,1
4004,1390,1
4004,1391,1
4005,1392,1
4005,1393,1
4005,1394,1
4006,1395,1
4006,1396,1
4006,1397,1
4007,1398,1
4007,1399,1
4008,1399,1
4008,1400,1
4008,1401,1
4009,1402,1
4009,1403,1
4010,1404,1
4010,1405,1
4011,1406,1
4011,1407,1
4012,1407,1
4012,1408,1
4012,1409,1
4013,1410,1
4014,1411,1
4014,1412,1
4015,1413,1
4015,1414,1
4016,1415,1
4016,1416,1
4017,1417,1
4017,1418,1
4018,1418,1
4018,1419,1
4019,1420,1
4019,1421,1
4020,1422,1
4021,1423,1
4021,1424,1
4022,1425,1
4023,1426,1
4023,1427,1
4024,1428,1
4025,1429,1
4026,1430,1
4026,1431,1
4027,1432,1
4028,1433,1
4028,1434,1
4029,1435,1
4030,1436,1
4031,1437,1
4031,1438,1
4032,1438,1
4032,1439,1
4033,1440,1
4033,1441,1
4034,1441,1
4035,1442,1
4035,1443,1
4036,1444,1
4037,1445,1
4037,1446,1
4038,1447,1
4039,1447,1
4039,1448,1
4040,1449,1
4040,1450,1
4041,1450,1
4042,1451,1
4042,1452,1
4043,1453,1
4044,1454,1
4045,1455,1
4045,1456,1
4046,1456,1
4046,1457,1
4047,1458,1
4047,1459,1
4048,1460,1
4048,1461,1
4048,1462,1
4049,1462,1
4049,1463,1
4050,1464,1
4050,1465,1
4051,1466,1
4051,1467,1
4051,1468,1
4052,1468,1
4052,1469,1
4053,1470,1
4053,1471,1
4053,1472,1
4054,1472,1
4054,1473,1
4055,1474,1
4055,1475,1
4056,1476,1
4056,1477,1
4057,1478,1
4057,1479,1
4058,1480,1
4058,1481,1
4059,1482,1
4059,1483,1
4060,1484,1
4060,1485,1
4061,1486,1
4061,1487,1
4062,1488,1
4062,1489,1
4063,1489,1
4063,1490,1
4064,1491,1
4064,1492,1
4065,1493,1
4066,1494,1
4066,1495,1
4067,1496,1
4068,1497,1
4069,1498,1
4069,1499,1
4070,1500,1
4070,1501,1
4071,1501,1
4072,1502,1
4072,1503,1
4073,1504,1
4074,1505,1
4075,1506,1
4075,1507,1
4076,1507,1
4076,1508,1
4077,1509,1
4078,1510,1
4079,1511,1
4079,1512,1
4080,1513,1
4081,1514,1
4082,1515,1
4082,1516,1
4083,1517,1
4084,1517,1
4084,1518,1
4085,1519,1
4085,1520,1
4086,1520,1
4087,1521,1
4087,1522,1
4088,1523,1
4088,1524,1
4089,1524,1
4090,1525,1
4090,1526,1
4091,1527,1
4092,1527,1
4092,1528,1
4093,1529,1
4094,1530,1
4094,1531,1
4095,1531,1
4096,1532,1
4096,1533,1
4097,1534,1
4098,1534,1
4098,1535,1
4099,1536,1
4100,1537,1
4100,1538,1
4101,1538,1
4102,1539,1
4103,1540,1
4103,1541,1
4104,1541,1
4105,1542,1
4105,1543,1
4106,1544,1
4107,1544,1
4107,1545,1
4108,1546,1
4109,1546,1
4110,1547,1
4110,1548,1
4111,1549,1
4112,1549,1
4112,1550,1
4113,1551,1
4114,1552,1
4115,1553,1
4116,1554,1
4117,1554,1
4117,1555,1
4118,1556,1
4119,1557,1
4120,1558,1
4121,1559,1
4122,1560,1
4123,1561,1
4123,1562,1
4124,1562,1
4125,1563,1
4125,1564,1
4126,1565,1
4127,1565,1
4127,1566,1
4128,1567,1
4129,1567,1
4129,1568,1
4130,1569,1
4131,1570,1
4132,1571,1
4133,1572,1
4133,1573,1
4134,1574,1
4135,1575,1
4136,1576,1
4136,1577,1
4137,1578,1
4138,1579,1
4139,1580,1
4139,1581,1
4140,1582,1
4141,1582,1
4141,1583,1
4142,1584,1
4143,1585,1
4143,1586,1
4144,1586,1
4144,1587,1
4145,1588,1
4145,1589,1
4146,1590,1
4146,1591,1
4147,1592,1
4147,1593,1
4148,1593,1
4148,1594,1
4148,1595,1
4149,1596,1
4149,1597,1
4149,1598,1
4150,1599,1
4150,1600,1
4150,1601,1
4150,1602,1
4151,1603,1
4151,1604,1
4151,1605,1
4151,1606,1
4151,1607,1
4150,1608,1
4149,1608,1
4148,1609,1
4147,1609,1
4146,1609,1
4145,1609,1
4151,1475,0
4118,1423,1
4119,1423,1
4120,1423,1
4121,1423,1
4122,1423,1
4123,1423,1
4124,1423,1
4125,1423,1
4126,1423,1
4127,1423,1
4128,1423,1
4129,1423,1
4130,1423,1
4131,1423,1
4132,1423,1
4133,1423,1
4134,1423,1
4135,1423,1
4136,1423,1
4137,1423,1
4138,1423,1
4139,1423,1
4140,1423,1
4141,1423,1
4142,1422,1
4143,1422,1
4144,1422,1
4145,1422,1
4146,1422,1
4147,1422,1
4148,1422,1
4149,1421,1
4150,1421,1
4151,1421,1
4152,1421,1
4153,1421,1
4154,1421,1
4155,1421,1
4156,1421,1
4157,1420,1
4158,1420,1
4159,1420,1
4160,1420,1
4161,1419,1
4162,1419,1
4163,1419,1
4164,1419,1
4165,1419,1
4166,1418,1
4167,1418,1
4168,1418,1
4169,1417,1
4170,1417,1
4171,1417,1
4172,1416,1
4173,1416,1
4174,1415,1
4175,1415,1
4176,1414,1
4177,1414,1
4178,1413,1
4179,1413,1
4180,1412,1
4181,1412,1
4182,1411,1
4183,1411,1
4184,1410,1
4185,1409,1
4186,1409,1
4187,1408,1
4188,1407,1
4189,1407,1
4190,1407,1
4191,1406,1
4192,1406,1
4193,1405,1
4194,1405,1
4195,1404,1
4196,1404,1
4197,1404,1
4197,1403,1
4198,1403,1
4199,1403,1
4200,1402,1
4201,1402,1
4202,1402,1
4202,1403,1
4203,1403,1
4203,1404,1
4203,1405,1
4203,1406,1
4203,1407,1
4203,1408,1
4203,1409,1
4203,1410,1
4203,1411,1
4203,1412,1
4202,1412,1
4202,1413,1
4202,1414,1
4203,1414,1
4204,1414,1
4205,1414,1
4206,1414,1
4206,1413,1
4207,1413,1
4208,1413,1
4209,1413,1
4210,1413,1
4211,1413,1
4212,1413,1
4213,1412,1
4214,1412,1
4215,1412,1
4216,1412,1
4217,1412,1
4218,1412,1
4219,1412,1
4220,1412,1
4221,1412,1
4221,1413,1
4221,1414,1
4221,1415,1
4220,1416,1
4220,1417,1
4219,1418,1
4219,1419,1
4219,1420,1
4218,1420,1
4218,1421,1
4217,1422,1
4217,1423,1
4216,1423,1
4216,1424,1
4215,1425,1
4214,1426,1
4213,1427,1
4213,1428,1
4212,1428,1
4212,1429,1
4211,1430,1
4211,1431,1
4210,1432,1
4210,1433,1
4209,1433,1
4209,1434,1
4208,1435,1
4208,1436,1
4207,1437,1
4207,1438,1
4206,1439,1
4206,1440,1
4205,1441,1
4205,1442,1
4204,1443,1
4204,1444,1
4203,1444,1
4203,1445,1
4202,1446,1
4202,1447,1
4201,1448,1
4201,1449,1
4200,1450,1
4200,1451,1
4199,1452,1
4199,1453,1
4198,1454,1
4198,1455,1
4197,1456,1
4197,1457,1
4196,1457,1
4196,1458,1
4195,1459,1
4195,1460,1
4194,1461,1
4194,1462,1
4193,1463,1
4193,1464,1
4192,1465,1
4191,1466,1
4190,1467,1
4190,1468,1
4189,1469,1
4189,1470,1
4188,1471,1
4187,1472,1
4187,1473,1
4186,1474,1
4185,1475,1
4185,1476,1
4185,1477,1
4184,1477,1
4183,1477,1
4182,1477,1
4253,1472,0
4323,1464,1
4322,1465,1
4321,1465,1
4321,1466,1
4320,1467,1
4320,1468,1
4319,1468,1
4319,1469,1
4318,1470,1
4318,1471,1
4317,1472,1
4317,1473,1
4317,1474,1
4316,1475,1
4316,1476,1
4316,1477,1
4315,1478,1
4315,1479,1
4314,1480,1
4314,1481,1
4314,1482,1
4314,1483,1
4314,1484,1
4314,1485,1
4314,1486,1
4397,1446,0
4486,1409,1
4485,1410,1
4485,1411,1
4484,1411,1
4483,1412,1
4483,1413,1
4482,1414,1
4481,1414,1
4480,1415,1
4480,1416,1
4479,1417,1
4478,1417,1
4477,1418,1
4477,1419,1
4476,1420,1
4476,1421,1
4475,1421,1
4474,1422,1
4474,1423,1
4473,1424,1
4472,1425,1
4471,1426,1
4471,1427,1
4470,1428,1
4469,1429,1
4469,1430,1
4468,1430,1
4467,1431,1
4467,1432,1
4466,1433,1
4466,1434,1
4465,1435,1
4465,1436,1
4464,1437,1
4464,1438,1
4463,1439,1
4463,1440,1
4463,1441,1
4462,1442,1
4462,1443,1
4462,1444,1
4462,1445,1
4462,1446,1
4462,1447,1
4462,1448,1
4462,1449,1
4462,1450,1
4462,1451,1
4462,1452,1
4462,1453,1
4462,1454,1
4462,1455,1
4463,1456,1
4463,1457,1
4463,1458,1
4463,1459,1
4464,1460,1
4464,1461,1
4465,1462,1
4465,1463,1
4465,1464,1
4466,1464,1
4466,1465,1
4467,1466,1
4467,1467,1
4468,1467,1
4468,1468,1
4468,1469,1
4469,1469,1
4469,1470,1
4470,1471,1
4471,1472,1
4471,1473,1
4472,1473,1
4472,1474,1
4473,1474,1
4473,1475,1
4474,1476,1
4475,1476,1
4475,1477,1
4476,1478,1
4477,1479,1
4478,1480,1
4479,1480,1
4479,1481,1
4480,1481,1
4480,1482,1
4481,1482,1
4482,1483,1
4483,1484,1
4484,1484,1
4484,1485,1
4485,1485,1
4486,1485,1
4486,1486,1
4487,1486,1
4488,1487,1
4489,1487,1
4490,1488,1
4491,1488,1
4492,1489,1
4493,1489,1
4494,1490,1
4495,1490,1
4496,1491,1
4497,1491,1
4498,1491,1
4499,1491,1
4500,1492,1
4501,1492,1
4502,1492,1
4503,1492,1
4504,1493,1
4505,1493,1
4506,1493,1
4507,1493,1
4508,1493,1
4509,1493,1
4510,1493,1
4511,1493,1
4512,1493,1
4513,1493,1
4514,1493,1
4515,1493,1
4516,1493,1
4517,1493,1
4518,1493,1
4519,1493,1
4520,1494,1
4521,1494,1
4522,1494,1
4523,1494,1
4524,1494,1
4524,1495,1
4525,1495,1
4526,1496,1
4527,1497,1
4527,1498,1
4528,1498,1
4528,1499,1
4529,1500,1
4529,1501,1
4530,1501,1
4530,1502,1
4531,1502,1
4531,1503,1
4532,1504,1
4532,1505,1
4533,1505,1
4533,1506,1
4534,1506,1
4534,1507,1
4535,1508,1
4536,1509,1
4536,1510,1
4537,1510,1
4537,1511,1
4538,1511,1
4538,1512,1
4539,1512,1
4539,1513,1
4540,1513,1
4540,1514,1
4541,1514,1
4541,1515,1
4542,1516,1
4543,1516,1
4543,1517,1
4544,1517,1
4544,1518,1
4545,1518,1
4545,1519,1
4546,1519,1
4546,1520,1
4547,1520,1
4547,1521,1
4548,1521,1
4548,1522,1
4549,1522,1
4550,1523,1
4550,1524,1
4551,1524,1
4552,1525,1
4553,1526,1
4554,1526,1
4554,1527,1
4555,1527,1
4555,1528,1
4556,1528,1
4557,1529,1
4558,1530,1
4559,1530,1
4560,1531,1
4561,1531,1
4562,1531,1
4563,1531,1
4563,1532,1
4564,1532,1
4565,1532,1
4566,1532,1
4567,1533,1
4568,1533,1
4569,1533,1
4570,1533,1
4570,1534,1
4571,1534,1
4572,1534,1
4573,1534,1
4574,1534,1
4574,1535,1
4575,1535,1
4576,1535,1
4577,1535,1
4578,1535,1
4579,1535,1
4580,1535,1
4580,1536,1
4581,1536,1
4582,1536,1
4583,1536,1
4583,1537,1
4584,1537,1
4584,1538,1
4584,1539,1
4584,1540,1
4583,1540,1
4583,1541,1
4583,1542,1
4583,1543,1
4582,1543,1
4582,1544,1
4582,1545,1
4581,1545,1
4581,1546,1
4580,1547,1
4580,1548,1
4580,1549,1
4579,1550,1
4579,1551,1
4579,1552,1
4578,1553,1
4578,1554,1
4578,1555,1
4578,1556,1
4577,1557,1
4577,1558,1
4577,1559,1
4577,1560,1
4577,1561,1
4577,1562,1
4576,1563,1
4576,1564,1
4576,1565,1
4576,1566,1
4576,1567,1
4577,1568,1
4577,1569,1
4577,1570,1
4577,1571,1
4577,1572,1
4578,1573,1
4578,1574,1
4578,1575,1
4579,1576,1
4579,1577,1
4579,1578,1
4580,1579,1
4580,1580,1
4580,1581,1
4581,1582,1
4582,1583,1
4582,1584,1
4583,1585,1
4583,1586,1
4584,1587,1
4584,1588,1
4585,1588,1
4586,1589,1
4586,1590,1
4587,1591,1
4588,1592,1
4589,1593,1
4589,1594,1
4590,1594,1
4591,1595,1
4591,1596,1
4592,1596,1
4593,1597,1
4594,1597,1
4595,1598,1
4596,1599,1
4597,1599,1
4598,1600,1
4599,1600,1
4600,1600,1
4601,1600,1
4602,1600,1
4603,1600,1
4604,1600,1
4605,1600,1
4606,1600,1
4607,1600,1
4608,1600,1
4609,1600,1
4577,1368,0
4491,1186,1
4492,1186,1
4493,1186,1
4494,1186,1
4495,1186,1
4496,1186,1
4497,1186,1
4498,1186,1
4499,1186,1
4500,1186,1
4501,1186,1
4502,1186,1
4503,1186,1
4504,1186,1
4505,1186,1
4506,1187,1
4507,1187,1
4508,1187,1
4509,1188,1
4510,1188,1
4511,1188,1
4512,1188,1
4513,1188,1
4514,1188,1
4515,1188,1
4516,1188,1
4517,1189,1
4518,1189,1
4519,1189,1
4520,1189,1
4521,1189,1
4522,1189,1
4523,1189,1
4524,1189,1
4525,1189,1
4526,1189,1
4527,1189,1
4528,1189,1
4529,1189,1
4530,1189,1
4531,1189,1
4532,1189,1
4533,1189,1
4534,1190,1
4535,1190,1
4536,1190,1
4537,1190,1
4538,1190,1
4539,1190,1
4540,1190,1
4541,1190,1
4542,1190,1
4543,1190,1
4544,1190,1
4545,1190,1
4546,1190,1
4547,1190,1
4548,1190,1
4549,1191,1
4550,1191,1
4551,1191,1
4552,1191,1
4553,1191,1
4554,1191,1
4555,1191,1
4556,1191,1
4557,1191,1
4558,1191,1
4559,1191,1
4560,1191,1
4561,1191,1
4562,1191,1
4563,1191,1
4564,1191,1
4565,1191,1
4566,1192,1
4567,1192,1
4568,1192,1
4569,1192,1
4570,1192,1
4571,1192,1
4572,1192,1
4573,1192,1
4574,1192,1
4575,1192,1
4576,1192,1
4577,1192,1
4578,1192,1
4579,1192,1
4580,1192,1
4581,1192,1
4582,1192,1
4583,1192,1
4584,1192,1
4585,1192,1
4586,1192,1
4587,1192,1
4588,1193,1
4589,1193,1
4590,1193,1
4591,1193,1
4592,1193,1
4593,1193,1
4594,1193,1
4595,1193,1
4596,1193,1
4597,1193,1
4598,1193,1
4599,1193,1
4600,1193,1
4601,1193,1
4602,1194,1
4603,1194,1
4604,1194,1
4605,1194,1
4606,1194,1
4607,1194,1
4608,1194,1
4609,1194,1
4610,1194,1
4611,1194,1
4612,1194,1
4613,1194,1
4614,1194,1
4615,1194,1
4616,1194,1
4617,1194,1
4618,1194,1
4619,1194,1
4620,1194,1
4621,1194,1
4622,1195,1
4623,1195,1
4624,1195,1
4625,1195,1
4626,1195,1
4627,1195,1
4628,1195,1
4629,1195,1
4630,1195,1
4631,1195,1
4632,1195,1
4633,1195,1
4634,1195,1
4635,1195,1
4636,1195,1
4637,1195,1
4637,1196,1
4638,1196,1
4639,1196,1
4640,1196,1
4641,1196,1
4642,1196,1
4643,1196,1
4644,1196,1
4645,1196,1
4646,1196,1
4647,1196,1
4648,1196,1
4649,1196,1
4650,1196,1
4651,1196,1
4652,1196,1
4653,1196,1
4654,1196,1
4655,1196,1
4656,1196,1
4657,1196,1
4658,1196,1
4659,1197,1
4660,1197,1
4661,1197,1
4662,1197,1
4663,1197,1
4664,1197,1
4665,1197,1
4666,1197,1
4667,1197,1
4668,1197,1
4669,1197,1
4670,1197,1
4671,1197,1
4672,1197,1
4673,1197,1
4674,1197,1
4675,1197,1
4676,1198,1
4677,1198,1
4678,1198,1
4679,1198,1
4680,1198,1
4681,1198,1
4682,1198,1
4683,1198,1
4684,1198,1
4685,1198,1
4686,1198,1
4687,1198,1
4688,1198,1
4689,1198,1
4690,1198,1
4691,1198,1
4692,1198,1
4693,1198,1
4694,1198,1
4695,1198,1
4696,1198,1
4697,1198,1
4698,1198,1
4699,1199,1
4700,1199,1
4701,1199,1
4702,1199,1
4703,1199,1
4704,1199,1
4705,1199,1
4706,1199,1
4707,1199,1
4708,1199,1
4709,1199,1
4710,1199,1
4711,1199,1
4712,1199,1
4713,1200,1
4714,1200,1
4715,1200,1
4716,1200,1
4717,1200,1
4718,1200,1
4719,1200,1
4720,1200,1
4721,1200,1
4722,1200,1
4723,1200,1
4724,1200,1
4725,1200,1
4726,1200,1
4727,1200,1
4728,1200,1
4729,1200,1
4730,1200,1
4731,1200,1
4732,1200,1
4733,1200,1
4734,1200,1
4735,1200,1
4736,1200,1
4737,1200,1
4738,1200,1
4739,1200,1
4740,1200,1
4741,1200,1
4742,1200,1
4743,1200,1
4744,1200,1
4745,1200,1
4746,1200,1
4747,1200,1
4748,1200,1
4749,1200,1
4750,1200,1
4751,1200,1
4752,1200,1
4753,1200,1
4752,1200,1
4751,1200,1
4750,1200,1
4750,1200,0
