611,982,1
610,982,1
581,1008,1
582,1008,1
582,1009,1
583,1009,1
584,1010,1
585,1010,1
585,1011,1
586,1011,1
587,1011,1
588,1012,1
589,1012,1
590,1013,1
591,1013,1
592,1014,1
593,1014,1
594,1014,1
594,1015,1
595,1015,1
596,1015,1
597,1015,1
597,1016,1
598,1016,1
599,1016,1
599,1017,1
600,1017,1
601,1017,1
602,1017,1
602,1018,1
603,1018,1
604,1018,1
604,1019,1
605,1019,1
606,1019,1
606,1020,1
607,1020,1
608,1020,1
609,1020,1
609,1021,1
610,1021,1
611,1021,1
612,1021,1
612,1022,1
613,1022,1
614,1022,1
615,1023,1
616,1023,1
616,1024,1
617,1024,1
618,1024,1
618,1025,1
619,1025,1
620,1026,1
621,1027,1
622,1027,1
622,1028,1
622,1029,1
623,1029,1
623,1030,1
624,1030,1
624,1031,1
625,1032,1
626,1033,1
626,1034,1
627,1034,1
627,1035,1
628,1035,1
628,1036,1
629,1036,1
629,1037,1
630,1038,1
630,1039,1
631,1039,1
631,1040,1
632,1041,1
633,1042,1
633,1043,1
634,1043,1
634,1044,1
635,1044,1
635,1045,1
636,1046,1
637,1047,1
637,1048,1
638,1048,1
638,1049,1
639,1049,1
639,1050,1
640,1050,1
640,1051,1
641,1052,1
642,1053,1
643,1054,1
643,1055,1
644,1055,1
644,1056,1
645,1056,1
645,1057,1
646,1057,1
646,1058,1
647,1058,1
647,1059,1
648,1059,1
649,1059,1
650,1060,1
651,1060,1
652,1060,1
652,1061,1
653,1061,1
654,1061,1
654,1062,1
655,1062,1
656,1062,1
657,1063,1
658,1063,1
659,1064,1
660,1064,1
660,1065,1
661,1065,1
662,1065,1
662,1066,1
663,1066,1
663,1067,1
664,1067,1
665,1067,1
665,1068,1
666,1068,1
666,1069,1
667,1069,1
667,1070,1
668,1070,1
669,1070,1
669,1071,1
670,1071,1
670,1072,1
671,1072,1
671,1073,1
672,1073,1
672,1074,1
673,1074,1
673,1075,1
674,1076,1
675,1077,1
675,1078,1
676,1079,1
676,1080,1
677,1080,1
677,1081,1
677,1082,1
678,1083,1
678,1084,1
678,1085,1
678,1086,1
679,1087,1
679,1088,1
679,1089,1
679,1090,1
679,1091,1
678,1092,1
678,1093,1
678,1094,1
678,1095,1
677,1096,1
677,1097,1
677,1098,1
676,1099,1
676,1100,1
676,1101,1
676,1102,1
675,1103,1
675,1104,1
675,1105,1
674,1106,1
674,1107,1
674,1108,1
673,1109,1
673,1110,1
673,1111,1
672,1112,1
672,1113,1
672,1114,1
671,1115,1
671,1116,1
671,1117,1
670,1118,1
670,1119,1
670,1120,1
669,1121,1
669,1122,1
668,1123,1
668,1124,1
668,1125,1
667,1126,1
667,1127,1
666,1128,1
666,1129,1
666,1130,1
665,1131,1
665,1132,1
664,1133,1
664,1134,1
663,1134,1
663,1135,1
662,1136,1
662,1137,1
662,1138,1
661,1139,1
660,1140,1
727,1084,0
768,1039,1
769,1039,1
770,1039,1
771,1039,1
772,1039,1
773,1039,1
774,1040,1
775,1040,1
776,1040,1
777,1041,1
778,1042,1
779,1043,1
780,1043,1
781,1044,1
781,1045,1
782,1046,1
782,1047,1
783,1048,1
783,1049,1
783,1050,1
784,1051,1
784,1052,1
784,1053,1
784,1054,1
784,1055,1
784,1056,1
784,1057,1
784,1058,1
784,1059,1
784,1060,1
784,1061,1
784,1062,1
783,1063,1
783,1064,1
783,1065,1
783,1066,1
783,1067,1
783,1068,1
783,1069,1
782,1070,1
782,1071,1
782,1072,1
781,1073,1
781,1074,1
781,1075,1
780,1075,1
780,1076,1
780,1077,1
779,1078,1
779,1079,1
778,1079,1
778,1080,1
777,1081,1
777,1082,1
777,1083,1
777,1084,1
777,1085,1
777,1086,1
777,1087,1
777,1088,1
777,1089,1
777,1090,1
776,1091,1
776,1092,1
776,1093,1
775,1094,1
775,1095,1
775,1096,1
774,1097,1
774,1098,1
773,1099,1
773,1100,1
773,1101,1
772,1101,1
772,1102,1
771,1103,1
771,1104,1
770,1104,1
770,1105,1
770,1106,1
769,1107,1
769,1108,1
768,1109,1
767,1110,1
767,1111,1
766,1112,1
765,1113,1
764,1114,1
764,1115,1
763,1115,1
762,1116,1
761,1116,1
760,1117,1
760,1118,1
759,1118,1
758,1119,1
757,1119,1
756,1120,1
756,1121,1
755,1121,1
754,1122,1
753,1122,1
752,1123,1
751,1124,1
750,1124,1
749,1124,1
749,1125,1
748,1125,1
747,1126,1
747,1126,0
642,1175,0
1014,1088,1
1015,1088,1
1016,1088,1
1017,1088,1
1018,1087,1
1019,1086,1
1020,1086,1
1021,1086,1
1022,1085,1
1023,1085,1
1024,1084,1
1025,1084,1
1026,1084,1
1027,1083,1
1028,1083,1
1029,1082,1
1030,1082,1
1031,1081,1
1032,1081,1
1032,1080,1
1033,1080,1
1034,1080,1
1035,1079,1
1036,1079,1
1037,1079,1
1038,1079,1
1039,1079,1
1040,1079,1
1041,1080,1
1042,1080,1
1042,1081,1
1043,1082,1
1044,1083,1
1045,1084,1
1046,1085,1
1046,1086,1
1047,1086,1
1047,1087,1
1047,1088,1
1048,1089,1
1048,1090,1
1049,1091,1
1049,1092,1
1049,1093,1
1049,1094,1
1049,1095,1
1049,1096,1
1049,1097,1
1050,1098,1
1050,1099,1
1050,1100,1
1050,1101,1
1050,1102,1
1050,1103,1
1050,1104,1
1050,1105,1
1050,1106,1
1049,1107,1
1049,1108,1
1049,1109,1
1050,1109,1
1051,1109,1
1051,1110,1
1052,1110,1
1052,1111,1
1053,1111,1
1053,1112,1
1054,1113,1
1054,1114,1
1055,1115,1
1055,1116,1
1055,1117,1
1055,1118,1
1055,1119,1
1055,1120,1
1056,1121,1
1056,1122,1
1056,1123,1
1056,1124,1
1056,1125,1
1056,1126,1
1056,1127,1
1056,1128,1
1056,1129,1
1056,1130,1
1056,1131,1
1056,1132,1
1055,1133,1
1055,1134,1
1055,1135,1
1055,1136,1
1055,1137,1
1055,1138,1
1055,1139,1
1054,1140,1
1054,1141,1
1054,1142,1
1054,1143,1
1053,1143,1
1053,1144,1
1053,1145,1
1053,1146,1
1052,1147,1
1052,1148,1
1052,1149,1
1051,1150,1
1051,1151,1
1051,1152,1
1051,1153,1
1050,1154,1
1050,1155,1
1049,1156,1
1049,1157,1
1049,1158,1
1049,1159,1
1048,1160,1
1047,1161,1
1047,1162,1
1047,1163,1
1047,1164,1
1046,1165,1
1045,1166,1
1045,1167,1
1045,1168,1
1044,1168,1
1043,1168,1
1042,1168,1
1092,1168,0
1137,1165,1
1137,1166,1
1137,1167,1
1137,1168,1
1137,1169,1
1137,1170,1
1137,1171,1
1137,1172,1
1137,1173,1
1137,1174,1
1137,1175,1
1137,1176,1
1137,1177,1
1137,1178,1
1137,1179,1
1204,1159,0
1274,1140,1
1274,1141,1
1274,1142,1
1274,1143,1
1273,1144,1
1272,1145,1
1272,1146,1
1272,1147,1
1271,1148,1
1271,1149,1
1271,1150,1
1271,1151,1
1271,1152,1
1271,1153,1
1271,1154,1
1271,1155,1
1271,1156,1
1271,1157,1
1271,1158,1
1271,1159,1
1271,1160,1
1271,1161,1
1271,1162,1
1271,1163,1
1271,1164,1
1271,1165,1
1271,1166,1
1272,1167,1
1272,1168,1
1272,1169,1
1273,1170,1
1273,1171,1
1273,1172,1
1273,1173,1
1274,1174,1
1274,1175,1
1275,1176,1
1275,1177,1
1275,1178,1
1276,1179,1
1276,1180,1
1277,1181,1
1277,1182,1
1278,1183,1
1279,1184,1
1279,1185,1
1279,1186,1
1280,1187,1
1280,1188,1
1281,1188,1
1281,1189,1
1282,1190,1
1282,1191,1
1283,1192,1
1283,1193,1
1284,1194,1
1284,1195,1
1285,1196,1
1285,1197,1
1286,1198,1
1286,1199,1
1287,1199,1
1287,1200,1
1288,1201,1
1288,1202,1
1289,1203,1
1289,1204,1
1290,1205,1
1290,1206,1
1291,1207,1
1291,1208,1
1292,1209,1
1292,1210,1
1293,1210,1
1293,1211,1
1294,1212,1
1294,1213,1
1294,1214,1
1295,1215,1
1296,1216,1
1296,1217,1
1297,1218,1
1297,1219,1
1298,1220,1
1299,1221,1
1299,1222,1
1300,1223,1
1300,1224,1
1301,1224,1
1301,1225,1
1302,1226,1
1302,1227,1
1303,1228,1
1303,1229,1
1304,1229,1
1304,1230,1
1305,1231,1
1305,1232,1
1306,1233,1
1306,1234,1
1307,1235,1
1308,1236,1
1309,1237,1
1309,1238,1
1309,1239,1
1310,1240,1
1310,1241,1
1311,1241,1
1311,1242,1
1312,1243,1
1312,1244,1
1313,1245,1
1313,1246,1
1314,1247,1
1314,1248,1
1315,1249,1
1315,1250,1
1316,1251,1
1316,1252,1
1317,1253,1
1317,1254,1
1317,1255,1
1318,1255,1
1318,1256,1
1319,1257,1
1319,1258,1
1319,1259,1
1320,1260,1
1320,1261,1
1321,1261,1
1321,1262,1
1322,1263,1
1322,1264,1
1322,1265,1
1323,1266,1
1324,1267,1
1324,1268,1
1325,1269,1
1325,1270,1
1326,1271,1
1327,1272,1
1327,1273,1
1328,1274,1
1328,1275,1
1329,1276,1
1330,1277,1
1330,1278,1
1331,1279,1
1332,1280,1
1332,1281,1
1333,1281,1
1333,1282,1
1334,1283,1
1334,1284,1
1335,1285,1
1335,1286,1
1336,1286,1
1336,1287,1
1337,1288,1
1337,1289,1
1338,1290,1
1338,1291,1
1339,1292,1
1340,1293,1
1340,1294,1
1341,1295,1
1341,1296,1
1342,1297,1
1342,1298,1
1343,1298,1
1343,1299,1
1344,1300,1
1344,1301,1
1345,1302,1
1345,1303,1
1346,1304,1
1347,1305,1
1347,1306,1
1348,1307,1
1348,1308,1
1349,1309,1
1349,1310,1
1350,1310,1
1350,1311,1
1351,1312,1
1351,1313,1
1352,1314,1
1352,1315,1
1353,1315,1
1354,1316,1
1354,1317,1
1355,1318,1
1355,1319,1
1356,1320,1
1357,1321,1
1357,1322,1
1358,1323,1
1358,1324,1
1359,1325,1
1359,1326,1
1360,1327,1
1360,1328,1
1361,1329,1
1361,1330,1
1362,1330,1
1362,1331,1
1363,1332,1
1363,1333,1
1364,1334,1
1364,1335,1
1365,1336,1
1365,1337,1
1365,1338,1
1366,1339,1
1366,1340,1
1367,1341,1
1367,1342,1
1367,1343,1
1368,1344,1
1368,1345,1
1368,1346,1
1369,1347,1
1369,1348,1
1369,1349,1
1369,1350,1
1370,1351,1
1370,1352,1
1370,1353,1
1370,1354,1
1371,1355,1
1371,1356,1
1371,1357,1
1371,1358,1
1371,1359,1
1371,1360,1
1371,1361,1
1370,1361,1
1369,1361,1
1368,1361,1
1353,1171,0
1298,1035,1
1299,1035,1
1300,1035,1
1301,1035,1
1302,1035,1
1303,1035,1
1304,1035,1
1305,1035,1
1306,1035,1
1307,1035,1
1308,1035,1
1309,1035,1
1310,1035,1
1311,1035,1
1312,1035,1
1313,1035,1
1314,1035,1
1315,1035,1
1316,1035,1
1317,1035,1
1318,1035,1
1319,1035,1
1320,1035,1
1321,1035,1
1322,1035,1
1323,1035,1
1324,1035,1
1325,1035,1
1326,1035,1
1327,1035,1
1328,1035,1
1329,1035,1
1330,1035,1
1331,1035,1
1332,1035,1
1333,1035,1
1334,1035,1
1335,1035,1
1336,1035,1
1337,1035,1
1338,1035,1
1339,1035,1
1340,1035,1
1341,1035,1
1342,1034,1
1343,1034,1
1344,1034,1
1345,1034,1
1346,1034,1
1347,1034,1
1348,1034,1
1349,1034,1
1350,1034,1
1351,1034,1
1352,1034,1
1353,1034,1
1354,1034,1
1355,1034,1
1356,1034,1
1357,1034,1
1358,1034,1
1359,1034,1
1360,1034,1
1361,1034,1
1362,1034,1
1363,1034,1
1364,1034,1
1365,1034,1
1366,1034,1
1367,1034,1
1368,1034,1
1369,1034,1
1370,1034,1
1370,1033,1
1371,1033,1
1372,1033,1
1373,1033,1
1374,1033,1
1375,1033,1
1376,1033,1
1377,1033,1
1378,1033,1
1379,1033,1
1380,1033,1
1381,1033,1
1382,1033,1
1383,1033,1
1384,1033,1
1385,1033,1
1386,1033,1
1387,1033,1
1388,1033,1
1439,1031,1
1440,1031,1
1441,1031,1
1442,1030,1
1443,1030,1
1444,1030,1
1445,1030,1
1446,1030,1
1447,1030,1
1448,1030,1
1449,1030,1
1450,1030,1
1451,1030,1
1452,1030,1
1453,1030,1
1454,1030,1
1455,1029,1
1456,1029,1
1457,1029,1
1458,1029,1
1459,1029,1
1460,1028,1
1461,1028,1
1462,1028,1
1463,1028,1
1464,1028,1
1465,1028,1
1466,1028,1
1467,1028,1
1467,1027,1
1468,1027,1
1469,1027,1
1470,1027,1
1470,1026,1
1470,1025,1
1530,1084,0
1625,1172,1
1624,1171,1
1623,1170,1
1622,1169,1
1621,1168,1
1620,1167,1
1619,1166,1
1618,1165,1
1618,1164,1
1617,1163,1
1617,1162,1
1616,1161,1
1616,1160,1
1616,1159,1
1616,1158,1
1616,1157,1
1616,1156,1
1617,1155,1
1617,1154,1
1617,1153,1
1618,1153,1
1618,1152,1
1619,1151,1
1620,1150,1
1620,1149,1
1621,1149,1
1621,1148,1
1622,1147,1
1623,1147,1
1624,1146,1
1625,1145,1
1626,1145,1
1627,1145,1
1627,1144,1
1628,1144,1
1629,1143,1
1630,1143,1
1631,1143,1
1631,1142,1
1632,1142,1
1633,1141,1
1634,1141,1
1635,1140,1
1636,1140,1
1637,1140,1
1638,1140,1
1638,1139,1
1639,1139,1
1640,1139,1
1641,1139,1
1642,1138,1
1643,1138,1
1644,1138,1
1645,1137,1
1646,1137,1
1647,1137,1
1648,1137,1
1649,1136,1
1650,1136,1
1651,1136,1
1652,1136,1
1653,1135,1
1654,1135,1
1655,1135,1
1656,1135,1
1657,1135,1
1658,1135,1
1659,1134,1
1660,1134,1
1661,1134,1
1662,1134,1
1663,1133,1
1664,1133,1
1665,1133,1
1666,1133,1
1667,1133,1
1668,1132,1
1669,1132,1
1670,1132,1
1671,1132,1
1672,1131,1
1673,1131,1
1674,1131,1
1675,1131,1
1676,1131,1
1677,1130,1
1678,1130,1
1679,1130,1
1680,1130,1
1681,1130,1
1681,1129,1
1682,1129,1
1683,1129,1
1684,1129,1
1685,1129,1
1686,1128,1
1687,1128,1
1688,1128,1
1689,1128,1
1690,1128,1
1691,1127,1
1692,1127,1
1693,1127,1
1694,1127,1
1695,1126,1
1696,1126,1
1697,1126,1
1698,1126,1
1699,1126,1
1700,1125,1
1701,1125,1
1702,1125,1
1703,1125,1
1704,1124,1
1705,1124,1
1706,1124,1
1707,1123,1
1708,1123,1
1709,1122,1
1710,1122,1
1711,1122,1
1712,1122,1
1713,1121,1
1714,1121,1
1715,1121,1
1716,1120,1
1717,1120,1
1718,1120,1
1719,1119,1
1720,1119,1
1721,1119,1
1722,1119,1
1723,1119,1
1724,1118,1
1725,1118,1
1726,1118,1
1727,1117,1
1728,1117,1
1729,1117,1
1730,1117,1
1731,1117,1
1732,1116,1
1733,1116,1
1734,1116,1
1735,1116,1
1736,1116,1
1737,1115,1
1738,1115,1
1739,1115,1
1740,1115,1
1741,1115,1
1742,1115,1
1743,1114,1
1744,1114,1
1745,1114,1
1746,1114,1
1747,1114,1
1748,1113,1
1749,1113,1
1750,1113,1
1751,1113,1
1752,1113,1
1753,1113,1
1754,1113,1
1755,1112,1
1756,1112,1
1757,1112,1
1758,1112,1
1759,1112,1
1760,1112,1
1761,1112,1
1762,1112,1
1762,1111,1
1763,1111,1
1764,1111,1
1765,1111,1
1766,1111,1
1767,1111,1
1768,1111,1
1769,1110,1
1770,1110,1
1771,1110,1
1772,1110,1
1773,1110,1
1774,1110,1
1775,1110,1
1776,1109,1
1777,1109,1
1778,1109,1
1779,1109,1
1780,1109,1
1781,1109,1
1782,1109,1
1783,1108,1
1784,1108,1
1785,1108,1
1786,1108,1
1787,1108,1
1788,1108,1
1789,1108,1
1790,1108,1
1791,1108,1
1792,1108,1
1793,1108,1
1794,1107,1
1795,1107,1
1796,1107,1
1797,1107,1
1798,1107,1
1799,1107,1
1800,1107,1
1801,1107,1
1802,1107,1
1803,1107,1
1804,1107,1
1805,1107,1
1806,1107,1
1807,1107,1
1808,1107,1
1809,1107,1
1810,1107,1
1811,1107,1
1812,1107,1
1813,1107,1
1814,1107,1
1815,1107,1
1816,1107,1
1817,1107,1
1818,1107,1
1819,1108,1
1820,1108,1
1821,1108,1
1822,1108,1
1823,1108,1
1824,1108,1
1825,1108,1
1826,1108,1
1826,1109,1
1827,1109,1
1828,1109,1
1829,1109,1
1830,1109,1
1831,1110,1
1832,1110,1
1833,1110,1
1834,1111,1
1835,1111,1
1836,1111,1
1836,1112,1
1837,1112,1
1838,1112,1
1839,1111,1
1840,1111,1
1841,1111,1
1842,1111,1
1843,1111,1
1844,1111,1
1845,1111,1
1846,1111,1
1847,1111,1
1848,1111,1
1849,1111,1
1850,1111,1
1851,1111,1
1852,1111,1
1853,1111,1
1854,1111,1
1855,1111,1
1856,1112,1
1857,1112,1
1858,1112,1
1859,1112,1
1860,1112,1
1861,1112,1
1862,1112,1
1863,1113,1
1864,1113,1
1865,1113,1
1866,1113,1
1866,1114,1
1867,1114,1
1868,1114,1
1869,1115,1
1870,1115,1
1870,1116,1
1871,1116,1
1872,1116,1
1872,1117,1
1873,1117,1
1873,1118,1
1874,1118,1
1874,1119,1
1875,1119,1
1875,1120,1
1875,1121,1
1876,1121,1
1876,1122,1
1876,1123,1
1876,1124,1
1876,1125,1
1876,1126,1
1876,1127,1
1875,1128,1
1875,1129,1
1874,1130,1
1874,1131,1
1874,1132,1
1873,1133,1
1873,1134,1
1872,1135,1
1872,1136,1
1871,1137,1
1871,1138,1
1871,1139,1
1870,1140,1
1870,1141,1
1869,1142,1
1869,1143,1
1869,1144,1
1868,1145,1
1868,1146,1
1868,1147,1
1867,1147,1
1867,1148,1
1866,1149,1
1866,1150,1
1866,1151,1
1866,1152,1
1865,1152,1
1865,1153,1
1865,1154,1
1864,1155,1
1864,1156,1
1863,1157,1
1863,1158,1
1863,1159,1
1862,1160,1
1862,1161,1
1862,1162,1
1862,1163,1
1861,1163,1
1861,1164,1
1860,1165,1
1933,1139,0
1989,1102,1
1988,1103,1
1987,1104,1
1987,1105,1
1987,1106,1
1986,1107,1
1986,1108,1
1985,1108,1
1985,1109,1
1984,1110,1
1984,1111,1
1983,1112,1
1983,1113,1
1983,1114,1
1982,1115,1
1982,1116,1
1982,1117,1
1982,1118,1
1982,1119,1
1982,1120,1
1981,1120,1
1981,1121,1
1981,1122,1
1981,1123,1
1981,1124,1
1981,1125,1
1981,1126,1
1981,1127,1
1981,1128,1
1982,1129,1
1982,1130,1
1982,1131,1
1982,1132,1
1982,1133,1
1982,1134,1
1983,1135,1
1983,1136,1
1983,1137,1
1983,1138,1
1984,1139,1
1984,1140,1
1984,1141,1
1985,1142,1
1985,1143,1
1985,1144,1
1986,1145,1
1986,1146,1
1986,1147,1
1987,1148,1
1987,1149,1
1988,1150,1
1988,1151,1
1988,1152,1
1988,1153,1
1989,1154,1
1989,1155,1
1989,1156,1
1990,1157,1
1990,1158,1
1990,1159,1
1991,1160,1
1992,1161,1
1992,1162,1
1992,1163,1
1993,1164,1
1993,1165,1
1994,1166,1
1994,1167,1
1995,1168,1
1995,1169,1
1996,1170,1
1996,1171,1
1997,1172,1
1997,1173,1
1998,1173,1
1998,1174,1
1998,1175,1
1999,1176,1
1999,1177,1
2000,1178,1
2000,1179,1
2001,1179,1
2001,1180,1
2002,1181,1
2002,1182,1
2002,1183,1
2002,1184,1
2002,1185,1
2003,1186,1
2003,1187,1
2003,1188,1
2003,1189,1
2004,1190,1
2004,1191,1
2005,1192,1
2005,1193,1
2005,1194,1
2006,1195,1
2006,1196,1
2006,1197,1
2007,1198,1
2007,1199,1
2008,1200,1
2008,1201,1
2009,1201,1
2009,1202,1
2009,1203,1
2010,1204,1
2010,1205,1
2011,1206,1
2011,1207,1
2012,1208,1
2013,1209,1
2013,1210,1
2014,1211,1
2014,1212,1
2015,1213,1
2015,1214,1
2016,1215,1
2016,1216,1
2017,1217,1
2017,1218,1
2018,1219,1
2018,1220,1
2019,1220,1
2019,1221,1
2020,1222,1
2020,1223,1
2021,1224,1
2021,1225,1
2022,1225,1
2022,1226,1
2023,1227,1
2023,1228,1
2024,1229,1
2025,1230,1
2025,1231,1
2026,1232,1
2027,1233,1
2028,1234,1
2028,1235,1
2029,1236,1
2030,1236,1
2030,1237,1
2031,1238,1
2031,1239,1
2032,1240,1
2032,1241,1
2033,1242,1
2034,1242,1
2034,1243,1
2035,1244,1
2035,1245,1
2036,1246,1
2036,1247,1
2037,1248,1
2037,1249,1
2038,1250,1
2039,1251,1
2039,1252,1
2039,1253,1
2039,1254,1
2039,1255,1
2039,1256,1
1906,1003,0
1765,825,1
1765,824,1
1765,823,1
1765,822,1
1765,821,1
1765,820,1
1765,819,1
1765,818,1
1765,817,1
1765,816,1
1765,815,1
1765,814,1
1766,813,1
1766,812,1
1766,811,1
1767,810,1
1767,809,1
1768,808,1
1768,807,1
1769,806,1
1770,805,1
1771,804,1
1772,803,1
1773,802,1
1774,801,1
1775,801,1
1776,801,1
1777,800,1
1778,800,1
1779,799,1
1780,799,1
1781,799,1
1782,799,1
1783,798,1
1784,798,1
1785,798,1
1786,798,1
1787,798,1
1788,798,1
1789,798,1
1790,798,1
1791,798,1
1792,798,1
1793,798,1
1794,799,1
1795,799,1
1796,799,1
1797,799,1
1798,800,1
1799,800,1
1800,800,1
1801,801,1
1802,801,1
1803,801,1
1803,802,1
1804,802,1
1805,802,1
1806,803,1
1807,803,1
1808,804,1
1809,804,1
1810,804,1
1810,805,1
1811,805,1
1812,806,1
1813,806,1
1814,807,1
1815,807,1
1816,808,1
1817,808,1
1818,809,1
1819,809,1
1820,810,1
1821,810,1
1822,811,1
1823,811,1
1823,812,1
1824,812,1
1825,813,1
1826,813,1
1827,814,1
1828,815,1
1829,815,1
1830,815,1
1830,816,1
1831,816,1
1832,817,1
1833,817,1
1833,818,1
1834,818,1
1835,819,1
1836,820,1
1837,821,1
1838,821,1
1839,822,1
1840,823,1
1841,823,1
1842,824,1
1843,825,1
1844,825,1
1845,826,1
1845,827,1
1846,827,1
1847,828,1
1848,829,1
1849,829,1
1850,830,1
1851,830,1
1852,831,1
1853,831,1
1854,832,1
1855,832,1
1856,833,1
1857,833,1
1858,834,1
1859,834,1
1860,835,1
1861,835,1
1862,836,1
1863,836,1
1863,837,1
1864,837,1
1865,838,1
1866,838,1
1866,839,1
1867,839,1
1868,840,1
1869,840,1
1869,841,1
1870,841,1
1871,842,1
1872,842,1
1872,843,1
1873,843,1
1874,844,1
1875,844,1
1875,845,1
1876,845,1
1877,846,1
1878,847,1
1879,848,1
1880,848,1
1880,849,1
1881,849,1
1882,850,1
1883,851,1
1884,852,1
1885,852,1
1886,853,1
1886,854,1
1887,854,1
1888,855,1
1888,856,1
1889,856,1
1890,857,1
1891,857,1
1891,858,1
1892,859,1
1893,859,1
1893,860,1
1894,861,1
1895,861,1
1895,862,1
1896,863,1
1897,863,1
1898,864,1
1898,865,1
1899,865,1
1900,866,1
1900,867,1
1901,867,1
1902,868,1
1902,869,1
1903,869,1
1904,870,1
1904,871,1
1905,871,1
1906,872,1
1906,873,1
1907,873,1
1908,874,1
1908,875,1
1909,875,1
1910,876,1
1910,877,1
1911,877,1
1912,878,1
1912,879,1
1913,879,1
1914,880,1
1914,881,1
1915,881,1
1916,882,1
1916,883,1
1917,884,1
1918,884,1
1918,885,1
1919,886,1
1920,886,1
1920,887,1
1921,888,1
1922,888,1
1922,889,1
1923,890,1
1924,890,1
1924,891,1
1925,892,1
1926,893,1
1927,894,1
1928,895,1
1929,896,1
1930,897,1
1930,898,1
1931,898,1
1931,899,1
1932,900,1
1933,900,1
1933,901,1
1934,902,1
1935,903,1
1936,904,1
1937,905,1
1937,906,1
1938,906,1
1939,907,1
1939,908,1
1940,908,1
1941,909,1
1941,910,1
1942,911,1
1943,911,1
1943,912,1
1944,913,1
1945,914,1
1946,915,1
1947,916,1
1947,917,1
1948,917,1
1948,918,1
1949,919,1
1950,919,1
1950,920,1
1951,921,1
1952,922,1
1953,923,1
1954,924,1
1954,925,1
1955,925,1
1956,926,1
1956,927,1
1957,928,1
1958,928,1
1958,929,1
1959,930,1
1959,931,1
1960,931,1
1961,932,1
1961,933,1
1962,934,1
1963,934,1
1963,935,1
1964,936,1
1965,937,1
1966,938,1
1966,939,1
1967,940,1
1968,940,1
1968,941,1
1969,942,1
1970,943,1
1971,944,1
1971,945,1
1972,946,1
1973,946,1
1973,947,1
1974,948,1
1975,949,1
1976,950,1
1976,951,1
1977,952,1
1978,952,1
1978,953,1
1979,954,1
1979,955,1
1980,955,1
1981,956,1
1981,957,1
1982,958,1
1982,959,1
1983,959,1
1984,960,1
1984,961,1
1985,962,1
1986,963,1
1987,964,1
1987,965,1
1988,966,1
1989,967,1
1990,968,1
1990,969,1
1991,970,1
1992,970,1
1992,971,1
1993,972,1
1993,973,1
1994,974,1
1995,974,1
1995,975,1
1996,976,1
1996,977,1
1997,977,1
1998,978,1
1998,979,1
1999,980,1
1999,981,1
2000,981,1
2001,982,1
2001,983,1
2002,984,1
2003,985,1
2004,986,1
2004,987,1
2005,988,1
2006,989,1
2007,990,1
2007,991,1
2008,992,1
2009,992,1
2009,993,1
2010,994,1
2010,995,1
2011,996,1
2012,996,1
2012,997,1
2013,998,1
2014,999,1
2014,1000,1
2015,1001,1
2016,1002,1
2017,1003,1
2018,1004,1
2018,1005,1
2019,1006,1
2020,1007,1
2021,1008,1
2021,1009,1
2022,1010,1
2023,1011,1
2024,1012,1
2025,1013,1
2025,1014,1
2026,1015,1
2027,1015,1
2027,1016,1
2028,1017,1
2029,1018,1
2030,1018,1
2030,1019,1
2031,1020,1
2031,1021,1
2032,1021,1
2032,1022,1
2033,1023,1
2034,1023,1
2034,1024,1
2035,1025,1
2035,1025,0
2186,1165,0
2312,1161,1
2313,1162,1
2314,1163,1
2315,1164,1
2315,1165,1
2316,1165,1
2316,1166,1
2317,1167,1
2318,1168,1
2319,1169,1
2320,1169,1
2321,1170,1
2322,1171,1
2323,1171,1
2324,1172,1
2325,1173,1
2326,1173,1
2327,1173,1
2328,1173,1
2329,1174,1
2330,1174,1
2331,1174,1
2332,1174,1
2333,1175,1
2334,1175,1
2335,1175,1
2336,1175,1
2337,1175,1
2338,1175,1
2339,1175,1
2340,1174,1
2341,1174,1
2342,1174,1
2343,1174,1
2344,1174,1
2344,1173,1
2345,1173,1
2346,1173,1
2346,1172,1
2347,1172,1
2348,1172,1
2349,1172,1
2349,1173,1
2350,1173,1
2350,1174,1
2350,1175,1
2350,1176,1
2350,1177,1
2350,1178,1
2349,1179,1
2349,1180,1
2349,1181,1
2349,1182,1
2349,1183,1
2348,1183,1
2348,1184,1
2348,1185,1
2348,1186,1
2348,1187,1
2348,1188,1
2348,1189,1
2348,1190,1
2347,1190,1
2347,1191,1
2347,1192,1
2347,1193,1
2347,1194,1
2347,1195,1
2347,1196,1
2347,1197,1
2348,1197,1
2348,1198,1
2349,1198,1
2349,1199,1
2350,1199,1
2350,1200,1
2351,1200,1
2351,1201,1
2352,1202,1
2352,1203,1
2352,1204,1
2351,1205,1
2351,1206,1
2351,1207,1
2350,1207,1
2350,1208,1
2350,1209,1
2349,1209,1
2349,1210,1
2348,1211,1
2348,1212,1
2348,1213,1
2347,1214,1
2347,1215,1
2347,1216,1
2346,1217,1
2346,1218,1
2346,1219,1
2346,1220,1
2345,1220,1
2345,1221,1
2345,1222,1
2344,1222,1
2344,1223,1
2344,1224,1
2343,1225,1
2343,1226,1
2342,1227,1
2342,1228,1
2342,1229,1
2342,1230,1
2342,1231,1
2341,1232,1
2341,1233,1
2341,1234,1
2341,1235,1
2341,1236,1
2341,1237,1
2341,1238,1
2341,1239,1
2341,1240,1
2341,1241,1
2341,1242,1
2341,1243,1
2341,1244,1
2341,1245,1
2341,1246,1
2341,1247,1
2341,1248,1
2341,1249,1
2341,1250,1
2341,1251,1
2341,1252,1
2341,1253,1
2341,1254,1
2341,1255,1
2341,1256,1
2341,1257,1
2341,1258,1
2341,1259,1
2341,1260,1
2341,1261,1
2342,1262,1
2342,1263,1
2342,1264,1
2342,1265,1
2342,1266,1
2343,1267,1
2343,1268,1
2343,1269,1
2344,1270,1
2344,1271,1
2344,1272,1
2344,1273,1
2344,1274,1
2261,1263,0
2189,1260,1
2188,1260,1
2187,1260,1
2186,1260,1
2185,1260,1
2184,1260,1
2183,1260,1
2182,1260,1
2181,1260,1
2180,1260,1
2179,1260,1
2178,1260,1
2177,1260,1
2176,1260,1
2175,1260,1
2174,1260,1
2173,1260,1
2172,1260,1
2287,1157,0
2386,1053,1
2387,1053,1
2388,1053,1
2389,1053,1
2390,1053,1
2391,1053,1
2392,1053,1
2393,1053,1
2394,1053,1
2395,1053,1
2396,1053,1
2397,1053,1
2398,1053,1
2399,1053,1
2400,1053,1
2401,1053,1
2402,1053,1
2403,1053,1
2404,1053,1
2405,1053,1
2406,1053,1
2407,1053,1
2408,1053,1
2409,1053,1
2410,1053,1
2411,1053,1
2412,1053,1
2413,1053,1
2414,1053,1
2415,1053,1
2416,1053,1
2417,1053,1
2418,1053,1
2419,1053,1
2420,1053,1
2421,1053,1
2422,1053,1
2423,1053,1
2424,1053,1
2425,1053,1
2426,1052,1
2427,1052,1
2428,1052,1
2429,1052,1
2430,1052,1
2431,1052,1
2432,1052,1
2433,1052,1
2434,1052,1
2435,1052,1
2436,1052,1
2437,1052,1
2438,1052,1
2439,1052,1
2440,1052,1
2441,1051,1
2442,1051,1
2443,1051,1
2444,1051,1
2445,1051,1
2446,1051,1
2447,1051,1
2448,1051,1
2449,1051,1
2450,1051,1
2451,1051,1
2452,1051,1
2453,1051,1
2454,1051,1
2455,1051,1
2456,1051,1
2457,1051,1
2458,1051,1
2459,1050,1
2460,1050,1
2461,1050,1
2462,1050,1
2463,1050,1
2464,1050,1
2465,1050,1
2466,1050,1
2467,1050,1
2468,1050,1
2469,1050,1
2470,1050,1
2471,1049,1
2472,1049,1
2473,1049,1
2474,1049,1
2475,1049,1
2476,1049,1
2477,1049,1
2478,1048,1
2479,1048,1
2480,1048,1
2481,1048,1
2482,1048,1
2483,1048,1
2484,1048,1
2485,1048,1
2486,1048,1
2487,1048,1
2488,1048,1
2489,1048,1
2490,1048,1
2491,1048,1
2492,1048,1
2492,1047,1
2493,1047,1
2492,1047,1
2492,1046,1
2491,1046,1
2490,1046,1
2489,1046,1
2488,1046,1
2633,1081,0
2814,1109,1
2815,1108,1
2816,1107,1
2817,1106,1
2818,1106,1
2819,1106,1
2820,1105,1
2821,1104,1
2822,1103,1
2823,1103,1
2824,1102,1
2824,1101,1
2825,1101,1
2826,1100,1
2826,1099,1
2827,1098,1
2828,1098,1
2828,1097,1
2829,1096,1
2829,1095,1
2830,1095,1
2829,1095,1
2829,1096,1
2829,1097,1
2829,1098,1
2828,1098,1
2828,1099,1
2827,1100,1
2827,1101,1
2826,1102,1
2826,1103,1
2825,1104,1
2825,1105,1
2825,1106,1
2824,1106,1
2824,1107,1
2823,1108,1
2823,1109,1
2822,1109,1
2822,1110,1
2821,1111,1
2821,1112,1
2820,1113,1
2820,1114,1
2819,1115,1
2819,1116,1
2818,1116,1
2818,1117,1
2818,1118,1
2817,1118,1
2817,1119,1
2817,1120,1
2816,1120,1
2816,1121,1
2815,1122,1
2815,1123,1
2814,1124,1
2814,1125,1
2813,1126,1
2813,1127,1
2813,1128,1
2812,1128,1
2812,1129,1
2811,1130,1
2811,1131,1
2811,1132,1
2810,1132,1
2810,1133,1
2809,1134,1
2809,1135,1
2808,1136,1
2808,1137,1
2807,1138,1
2807,1139,1
2807,1140,1
2806,1140,1
2806,1141,1
2806,1142,1
2805,1142,1
2805,1143,1
2804,1144,1
2804,1145,1
2803,1146,1
2803,1147,1
2802,1147,1
2802,1148,1
2802,1149,1
2801,1150,1
2801,1151,1
2800,1151,1
2800,1152,1
2799,1153,1
2799,1154,1
2799,1155,1
2798,1155,1
2798,1156,1
2797,1157,1
2797,1158,1
2796,1159,1
2796,1160,1
2795,1161,1
2795,1162,1
2794,1162,1
2794,1163,1
2793,1164,1
2793,1165,1
2793,1166,1
2792,1166,1
2792,1167,1
2791,1168,1
2791,1169,1
2790,1170,1
2790,1171,1
2789,1171,1
2789,1172,1
2788,1173,1
2788,1174,1
2788,1175,1
2787,1176,1
2786,1177,1
2786,1178,1
2785,1179,1
2785,1180,1
2785,1181,1
2784,1181,1
2784,1182,1
2783,1183,1
2783,1184,1
2783,1185,1
2782,1186,1
2781,1187,1
2781,1188,1
2781,1189,1
2780,1190,1
2780,1191,1
2779,1192,1
2779,1193,1
2778,1194,1
2778,1195,1
2778,1196,1
2777,1196,1
2777,1197,1
2776,1198,1
2776,1199,1
2775,1200,1
2775,1201,1
2774,1202,1
2774,1203,1
2773,1204,1
2772,1205,1
2772,1206,1
2771,1207,1
2771,1208,1
2770,1208,1
2769,1209,1
2769,1210,1
2768,1211,1
2767,1212,1
2766,1213,1
2765,1214,1
2672,1193,0
2593,1193,1
2592,1193,1
2591,1193,1
2590,1193,1
2589,1194,1
2588,1194,1
2587,1195,1
2586,1195,1
2585,1195,1
2584,1195,1
2583,1195,1
2582,1196,1
2581,1196,1
2580,1196,1
2579,1197,1
2578,1197,1
2577,1197,1
2576,1197,1
2575,1198,1
2574,1198,1
2573,1198,1
2572,1198,1
2572,1199,1
2571,1199,1
2570,1199,1
2569,1199,1
2568,1200,1
2567,1200,1
2566,1200,1
2565,1200,1
2564,1201,1
2563,1201,1
2562,1201,1
2561,1201,1
2560,1201,1
2559,1202,1
2558,1202,1
2557,1202,1
2556,1203,1
2555,1203,1
2554,1203,1
2553,1203,1
2552,1204,1
2551,1204,1
2550,1204,1
2549,1204,1
2548,1205,1
2547,1205,1
2546,1205,1
2545,1205,1
2544,1206,1
2543,1206,1
2542,1206,1
2541,1206,1
2540,1206,1
2539,1207,1
2538,1207,1
2537,1207,1
2536,1207,1
2535,1207,1
2534,1207,1
2533,1207,1
2532,1207,1
2531,1207,1
2530,1207,1
2728,1188,0
2898,1144,1
2898,1145,1
2898,1146,1
2897,1147,1
2897,1148,1
2897,1149,1
2896,1149,1
2896,1150,1
2896,1151,1
2896,1152,1
2895,1153,1
2895,1154,1
2895,1155,1
2894,1156,1
2894,1157,1
2894,1158,1
2894,1159,1
2893,1160,1
2893,1161,1
2893,1162,1
2893,1163,1
2893,1164,1
2893,1165,1
2893,1166,1
2894,1166,1
2894,1167,1
2894,1168,1
2894,1169,1
2894,1170,1
2894,1171,1
2894,1172,1
2895,1173,1
2895,1174,1
2895,1175,1
2896,1176,1
2896,1177,1
2896,1178,1
2897,1179,1
2897,1180,1
2898,1181,1
2898,1182,1
2898,1183,1
2899,1184,1
2899,1185,1
2900,1186,1
2900,1187,1
2900,1188,1
2901,1189,1
2901,1190,1
2902,1191,1
2902,1192,1
2902,1193,1
2903,1194,1
2903,1195,1
2904,1195,1
2904,1196,1
2905,1197,1
2905,1198,1
2906,1199,1
2906,1200,1
2907,1201,1
2908,1202,1
2908,1203,1
2909,1204,1
2909,1205,1
2910,1206,1
2911,1206,1
2911,1207,1
2912,1208,1
2912,1209,1
2913,1210,1
2914,1211,1
2914,1212,1
2914,1213,1
2915,1214,1
2915,1215,1
2916,1216,1
2916,1217,1
2916,1218,1
2916,1219,1
2917,1220,1
2918,1221,1
2918,1222,1
2918,1223,1
2919,1224,1
2919,1225,1
2920,1226,1
2921,1227,1
2921,1228,1
2922,1229,1
2922,1230,1
2923,1230,1
2923,1231,1
2924,1232,1
2924,1233,1
2925,1234,1
2925,1235,1
2926,1235,1
2926,1236,1
2927,1237,1
2927,1238,1
2928,1239,1
2929,1239,1
2929,1240,1
2930,1241,1
2930,1242,1
2931,1243,1
2932,1244,1
2932,1245,1
2933,1246,1
2934,1247,1
2934,1248,1
2935,1248,1
2936,1249,1
2936,1250,1
2937,1251,1
2938,1251,1
2938,1252,1
2939,1253,1
2940,1254,1
2941,1255,1
2942,1256,1
2943,1257,1
2944,1257,1
2944,1258,1
2945,1259,1
2946,1260,1
2947,1260,1
2948,1261,1
2949,1262,1
2950,1263,1
2951,1263,1
2952,1264,1
2953,1265,1
2953,1266,1
2954,1266,1
2955,1267,1
2956,1268,1
2957,1268,1
2958,1268,1
2959,1268,1
2960,1269,1
2961,1270,1
3008,1194,0
3053,1168,1
3054,1168,1
3055,1168,1
3056,1168,1
3057,1168,1
3058,1168,1
3059,1168,1
3060,1168,1
3061,1168,1
3062,1168,1
3063,1168,1
3064,1168,1
3065,1168,1
3066,1168,1
3067,1168,1
3068,1168,1
3069,1167,1
3070,1167,1
3071,1167,1
3072,1167,1
3073,1167,1
3074,1166,1
3075,1166,1
3076,1166,1
3077,1165,1
3078,1165,1
3079,1165,1
3080,1164,1
3081,1164,1
3082,1163,1
3083,1163,1
3084,1163,1
3085,1162,1
3086,1161,1
3087,1161,1
3088,1161,1
3089,1160,1
3090,1160,1
3091,1160,1
3092,1160,1
3093,1161,1
3094,1161,1
3095,1161,1
3095,1162,1
3096,1162,1
3096,1163,1
3096,1164,1
3096,1165,1
3096,1166,1
3096,1167,1
3096,1168,1
3096,1169,1
3095,1170,1
3095,1171,1
3095,1172,1
3094,1173,1
3094,1174,1
3094,1175,1
3093,1175,1
3093,1176,1
3094,1177,1
3095,1177,1
3096,1177,1
3097,1177,1
3097,1178,1
3098,1178,1
3099,1179,1
3099,1180,1
3099,1181,1
3099,1182,1
3099,1183,1
3099,1184,1
3098,1184,1
3098,1185,1
3098,1186,1
3098,1187,1
3097,1188,1
3097,1189,1
3096,1190,1
3096,1191,1
3096,1192,1
3095,1192,1
3095,1193,1
3094,1194,1
3093,1195,1
3093,1196,1
3092,1197,1
3091,1198,1
3091,1199,1
3090,1200,1
3090,1201,1
3089,1201,1
3089,1202,1
3088,1203,1
3088,1204,1
3087,1204,1
3087,1205,1
3086,1206,1
3086,1207,1
3085,1208,1
3084,1208,1
3084,1209,1
3083,1210,1
3083,1211,1
3082,1212,1
3081,1213,1
3081,1214,1
3080,1215,1
3080,1216,1
3079,1217,1
3078,1217,1
3077,1218,1
3077,1219,1
3076,1220,1
3076,1221,1
3075,1222,1
3074,1223,1
3074,1224,1
3073,1224,1
3073,1225,1
3072,1226,1
3072,1227,1
3071,1227,1
3070,1228,1
3117,1211,0
3161,1193,1
3161,1194,1
3161,1195,1
3160,1196,1
3160,1197,1
3160,1198,1
3159,1198,1
3159,1199,1
3159,1200,1
3159,1201,1
3158,1202,1
3158,1203,1
3158,1204,1
3157,1205,1
3157,1206,1
3157,1207,1
3157,1208,1
3156,1209,1
3155,1210,1
3154,1211,1
3239,1170,0
3326,1133,1
3325,1134,1
3325,1135,1
3324,1135,1
3323,1136,1
3322,1137,1
3321,1137,1
3321,1138,1
3320,1139,1
3319,1140,1
3318,1140,1
3318,1141,1
3317,1142,1
3316,1142,1
3315,1143,1
3315,1144,1
3314,1144,1
3313,1145,1
3313,1146,1
3312,1147,1
3311,1147,1
3311,1148,1
3310,1149,1
3310,1150,1
3309,1150,1
3309,1151,1
3308,1152,1
3308,1153,1
3308,1154,1
3308,1155,1
3308,1156,1
3308,1157,1
3307,1158,1
3307,1159,1
3308,1160,1
3308,1161,1
3308,1162,1
3308,1163,1
3309,1164,1
3309,1165,1
3310,1166,1
3311,1167,1
3311,1168,1
3312,1168,1
3312,1169,1
3313,1169,1
3313,1170,1
3314,1170,1
3315,1171,1
3316,1171,1
3316,1172,1
3317,1172,1
3318,1172,1
3318,1173,1
3319,1173,1
3320,1173,1
3321,1174,1
3322,1174,1
3323,1174,1
3324,1175,1
3325,1175,1
3326,1175,1
3327,1176,1
3328,1176,1
3329,1176,1
3330,1176,1
3331,1177,1
3332,1177,1
3333,1177,1
3334,1178,1
3335,1178,1
3336,1178,1
3337,1179,1
3338,1179,1
3339,1179,1
3339,1180,1
3340,1180,1
3341,1180,1
3342,1181,1
3343,1181,1
3344,1182,1
3345,1182,1
3345,1183,1
3346,1183,1
3346,1184,1
3347,1184,1
3347,1185,1
3347,1186,1
3348,1186,1
3348,1187,1
3348,1188,1
3349,1189,1
3349,1190,1
3349,1191,1
3350,1192,1
3350,1193,1
3351,1194,1
3351,1195,1
3351,1196,1
3352,1196,1
3352,1197,1
3352,1198,1
3353,1199,1
3353,1200,1
3354,1201,1
3354,1202,1
3355,1203,1
3355,1204,1
3356,1204,1
3356,1205,1
3357,1206,1
3357,1207,1
3358,1207,1
3358,1208,1
3359,1208,1
3359,1209,1
3360,1209,1
3361,1210,1
3362,1210,1
3362,1211,1
3363,1211,1
3364,1211,1
3365,1212,1
3366,1212,1
3366,1213,1
3367,1213,1
3368,1213,1
3369,1214,1
3370,1214,1
3371,1215,1
3372,1215,1
3373,1216,1
3374,1216,1
3375,1217,1
3376,1217,1
3376,1218,1
3377,1218,1
3378,1219,1
3378,1220,1
3379,1220,1
3379,1221,1
3380,1221,1
3380,1222,1
3380,1223,1
3380,1224,1
3381,1224,1
3381,1225,1
3381,1226,1
3380,1227,1
3380,1228,1
3380,1229,1
3380,1230,1
3379,1230,1
3379,1231,1
3378,1232,1
3377,1233,1
3377,1234,1
3376,1234,1
3376,1235,1
3376,1236,1
3375,1236,1
3375,1237,1
3374,1238,1
3374,1239,1
3373,1240,1
3373,1241,1
3373,1242,1
3372,1243,1
3372,1244,1
3372,1245,1
3371,1246,1
3371,1247,1
3371,1248,1
3371,1249,1
3371,1250,1
3370,1251,1
3370,1252,1
3370,1253,1
3370,1254,1
3370,1255,1
3370,1256,1
3370,1257,1
3370,1258,1
3370,1259,1
3370,1260,1
3371,1261,1
3371,1262,1
3371,1263,1
3371,1264,1
3371,1265,1
3371,1266,1
3372,1267,1
3372,1268,1
3372,1269,1
3372,1270,1
3373,1271,1
3373,1272,1
3374,1272,1
3374,1273,1
3375,1274,1
3375,1275,1
3376,1276,1
3376,1277,1
3376,1278,1
3377,1279,1
3378,1280,1
3379,1281,1
3400,1133,0
3361,1032,1
3362,1032,1
3363,1032,1
3364,1032,1
3365,1032,1
3366,1032,1
3367,1032,1
3368,1032,1
3369,1033,1
3370,1033,1
3371,1033,1
3372,1033,1
3373,1033,1
3374,1034,1
3375,1034,1
3376,1034,1
3377,1034,1
3378,1034,1
3379,1034,1
3380,1034,1
3381,1034,1
3382,1034,1
3383,1034,1
3384,1034,1
3385,1034,1
3386,1035,1
3387,1035,1
3388,1035,1
3389,1035,1
3390,1035,1
3391,1035,1
3392,1036,1
3393,1036,1
3394,1036,1
3395,1036,1
3396,1036,1
3397,1036,1
3398,1036,1
3399,1036,1
3400,1036,1
3401,1036,1
3402,1036,1
3403,1036,1
3404,1037,1
3405,1037,1
3406,1037,1
3407,1037,1
3408,1037,1
3409,1037,1
3410,1037,1
3411,1037,1
3412,1037,1
3413,1038,1
3414,1038,1
3415,1038,1
3416,1038,1
3417,1038,1
3418,1038,1
3419,1038,1
3420,1038,1
3421,1038,1
3422,1038,1
3423,1038,1
3424,1038,1
3425,1039,1
3426,1039,1
3427,1039,1
3428,1039,1
3429,1039,1
3430,1039,1
3431,1039,1
3432,1039,1
3433,1039,1
3434,1039,1
3435,1039,1
3436,1040,1
3437,1040,1
3438,1040,1
3439,1040,1
3440,1040,1
3441,1040,1
3442,1040,1
3443,1040,1
3444,1040,1
3445,1040,1
3446,1040,1
3447,1040,1
3448,1041,1
3449,1041,1
3450,1041,1
3451,1041,1
3452,1041,1
3453,1041,1
3454,1041,1
3455,1041,1
3456,1041,1
3457,1041,1
3458,1041,1
3459,1041,1
3460,1042,1
3461,1042,1
3462,1042,1
3463,1042,1
3464,1042,1
3465,1042,1
3466,1042,1
3467,1042,1
3468,1042,1
3469,1042,1
3470,1042,1
3470,1043,1
3471,1043,1
3472,1043,1
3473,1043,1
3474,1043,1
3475,1043,1
3476,1043,1
3477,1043,1
3478,1043,1
3479,1043,1
3480,1043,1
3481,1044,1
3482,1044,1
3483,1044,1
3484,1044,1
3485,1044,1
3486,1044,1
3487,1044,1
3488,1044,1
3489,1044,1
3490,1044,1
3491,1044,1
3492,1044,1
3493,1044,1
3494,1045,1
3495,1045,1
3496,1045,1
3497,1045,1
3498,1045,1
3499,1045,1
3500,1045,1
3501,1045,1
3502,1045,1
3503,1045,1
3504,1045,1
3505,1046,1
3506,1046,1
3507,1046,1
3508,1046,1
3509,1046,1
3510,1046,1
3511,1046,1
3512,1046,1
3513,1046,1
3514,1046,1
3515,1046,1
3516,1046,1
3517,1046,1
3518,1046,1
3519,1047,1
3520,1047,1
3521,1047,1
3522,1047,1
3523,1047,1
3524,1047,1
3525,1047,1
3526,1047,1
3527,1047,1
3528,1047,1
3528,1048,1
3529,1048,1
3530,1048,1
3531,1048,1
3532,1048,1
3533,1048,1
3534,1048,1
3535,1048,1
3536,1048,1
3537,1048,1
3538,1048,1
3539,1048,1
3540,1048,1
3541,1048,1
3542,1048,1
3543,1049,1
3544,1049,1
3545,1049,1
3546,1049,1
3547,1049,1
3548,1049,1
3549,1049,1
3550,1049,1
3551,1049,1
3552,1049,1
3553,1049,1
3554,1049,1
3555,1049,1
3556,1049,1
3557,1049,1
3558,1049,1
3559,1049,1
3560,1049,1
3561,1049,1
3562,1049,1
3563,1049,1
3564,1049,1
3565,1049,1
3565,1049,0
