564,330,1
567,380,1
567,381,1
567,382,1
567,383,1
567,384,1
568,385,1
568,386,1
568,387,1
568,388,1
568,389,1
568,390,1
568,391,1
568,392,1
568,393,1
569,394,1
569,395,1
574,446,1
574,447,1
574,448,1
574,449,1
574,450,1
574,451,1
574,452,1
574,453,1
574,454,1
574,455,1
575,456,1
575,457,1
575,458,1
575,459,1
575,460,1
575,461,1
575,462,1
575,463,1
575,464,1
575,465,1
575,466,1
576,467,1
576,468,1
576,469,1
576,470,1
576,471,1
576,472,1
576,473,1
576,474,1
576,475,1
576,476,1
576,477,1
576,478,1
576,479,1
577,480,1
577,481,1
577,482,1
577,483,1
577,484,1
577,485,1
577,486,1
577,487,1
577,488,1
577,489,1
577,490,1
577,491,1
577,492,1
577,493,1
577,494,1
577,495,1
578,496,1
578,497,1
578,498,1
578,499,1
578,500,1
578,501,1
578,502,1
578,503,1
578,504,1
578,505,1
578,506,1
578,507,1
578,508,1
578,509,1
578,510,1
578,511,1
578,512,1
579,513,1
579,514,1
579,515,1
579,516,1
579,517,1
579,518,1
579,519,1
579,520,1
579,521,1
579,522,1
579,523,1
579,524,1
579,525,1
579,526,1
579,527,1
579,528,1
579,529,1
579,530,1
579,531,1
579,532,1
579,533,1
580,534,1
580,535,1
580,536,1
580,537,1
580,538,1
580,539,1
580,540,1
580,541,1
580,542,1
580,543,1
580,544,1
580,545,1
580,546,1
580,547,1
580,548,1
580,549,1
580,550,1
580,551,1
580,552,1
581,553,1
581,554,1
581,555,1
581,556,1
581,557,1
581,558,1
581,559,1
581,560,1
581,561,1
581,562,1
581,563,1
581,564,1
581,565,1
581,566,1
582,567,1
582,568,1
450,427,1
449,427,1
448,427,1
447,427,1
446,427,1
445,428,1
444,428,1
443,428,1
442,428,1
441,428,1
440,429,1
439,429,1
438,429,1
437,429,1
436,429,1
435,430,1
434,430,1
433,430,1
432,430,1
431,430,1
430,431,1
429,431,1
428,431,1
427,431,1
426,432,1
425,432,1
424,432,1
423,432,1
422,432,1
421,433,1
420,433,1
419,433,1
418,433,1
417,433,1
416,434,1
415,434,1
414,434,1
413,434,1
412,435,1
411,435,1
410,435,1
409,435,1
408,435,1
408,436,1
407,436,1
406,436,1
405,436,1
404,437,1
403,437,1
402,437,1
401,437,1
400,438,1
399,438,1
398,438,1
397,438,1
396,439,1
395,439,1
394,439,1
393,439,1
392,440,1
391,440,1
390,440,1
389,440,1
388,441,1
387,441,1
386,441,1
385,442,1
384,442,1
383,442,1
382,442,1
381,443,1
380,443,1
379,443,1
378,443,1
377,444,1
376,444,1
375,444,1
374,445,1
373,445,1
372,445,1
371,445,1
370,446,1
369,446,1
368,446,1
367,447,1
366,447,1
365,448,1
364,448,1
363,448,1
362,449,1
361,449,1
360,449,1
359,449,1
358,450,1
357,450,1
356,450,1
355,451,1
354,451,1
353,451,1
352,452,1
351,452,1
351,453,1
350,453,1
349,453,1
348,454,1
347,454,1
346,454,1
345,455,1
344,455,1
343,456,1
342,456,1
341,456,1
340,457,1
339,458,1
338,458,1
337,458,1
336,459,1
335,459,1
334,460,1
333,460,1
332,461,1
331,461,1
330,462,1
329,462,1
328,463,1
327,463,1
326,464,1
325,465,1
324,465,1
323,466,1
322,466,1
322,467,1
321,467,1
320,468,1
319,468,1
319,469,1
318,470,1
317,470,1
316,471,1
315,472,1
314,473,1
313,474,1
312,475,1
311,476,1
311,477,1
310,477,1
310,478,1
309,478,1
309,479,1
309,480,1
308,480,1
308,481,1
307,482,1
307,483,1
307,484,1
307,485,1
306,485,1
306,486,1
306,487,1
306,488,1
306,489,1
307,489,1
307,490,1
307,491,1
307,492,1
308,492,1
308,493,1
309,493,1
309,494,1
310,495,1
311,495,1
312,496,1
313,496,1
314,497,1
315,497,1
316,497,1
317,497,1
317,498,1
318,498,1
319,498,1
320,498,1
321,498,1
322,498,1
323,498,1
324,498,1
325,498,1
326,498,1
327,498,1
328,498,1
329,497,1
330,497,1
331,497,1
332,497,1
332,496,1
333,496,1
334,496,1
335,495,1
336,495,1
317,465,1
316,465,1
315,465,1
314,465,1
313,466,1
312,466,1
311,466,1
310,467,1
309,467,1
309,468,1
308,469,1
307,469,1
306,470,1
412,508,0
517,544,1
516,544,1
515,545,1
514,545,1
513,546,1
512,547,1
511,547,1
510,547,1
509,548,1
508,549,1
507,549,1
506,550,1
505,550,1
505,551,1
504,551,1
503,552,1
502,553,1
501,553,1
500,554,1
499,555,1
498,556,1
498,557,1
497,557,1
496,558,1
496,559,1
495,560,1
495,561,1
494,562,1
494,563,1
494,564,1
493,565,1
493,566,1
492,567,1
492,568,1
491,568,1
491,569,1
491,570,1
490,571,1
490,572,1
489,573,1
489,574,1
489,575,1
488,576,1
488,577,1
488,578,1
488,579,1
488,580,1
488,581,1
487,582,1
487,583,1
488,584,1
488,585,1
488,586,1
488,587,1
488,588,1
488,589,1
488,590,1
489,590,1
489,591,1
489,592,1
489,593,1
490,593,1
490,594,1
490,595,1
491,596,1
492,597,1
492,598,1
493,599,1
494,600,1
494,601,1
495,601,1
495,602,1
496,603,1
497,604,1
498,605,1
499,606,1
500,607,1
501,608,1
502,609,1
503,609,1
504,610,1
505,611,1
506,611,1
507,612,1
508,613,1
509,613,1
510,614,1
511,614,1
511,615,1
512,615,1
513,615,1
514,616,1
515,616,1
516,617,1
517,617,1
518,617,1
519,618,1
520,618,1
521,619,1
522,619,1
523,619,1
524,619,1
525,620,1
526,620,1
527,620,1
528,620,1
529,621,1
530,621,1
531,621,1
532,621,1
533,621,1
534,621,1
535,622,1
536,622,1
537,622,1
538,622,1
539,622,1
540,622,1
541,622,1
542,623,1
543,623,1
544,623,1
545,623,1
546,623,1
547,623,1
548,623,1
549,623,1
550,623,1
551,623,1
552,623,1
553,623,1
554,623,1
555,623,1
556,624,1
557,624,1
558,624,1
559,624,1
560,624,1
561,624,1
562,624,1
563,624,1
564,624,1
565,624,1
566,624,1
567,624,1
568,624,1
569,624,1
570,624,1
571,623,1
572,623,1
573,623,1
574,623,1
575,623,1
576,623,1
577,623,1
578,623,1
579,623,1
580,623,1
581,623,1
582,623,1
583,623,1
584,623,1
585,623,1
586,623,1
587,623,1
588,623,1
589,623,1
590,623,1
591,623,1
592,623,1
593,622,1
594,622,1
595,622,1
596,622,1
597,622,1
598,622,1
599,622,1
600,622,1
601,622,1
602,622,1
603,622,1
604,622,1
605,622,1
606,622,1
607,621,1
608,621,1
609,621,1
610,621,1
611,621,1
612,621,1
613,621,1
614,621,1
615,621,1
616,621,1
617,621,1
618,620,1
619,620,1
620,620,1
621,620,1
622,620,1
623,620,1
624,620,1
625,620,1
626,620,1
627,620,1
628,620,1
629,619,1
630,619,1
631,619,1
632,619,1
633,619,1
634,619,1
635,619,1
636,619,1
637,618,1
638,618,1
639,618,1
640,618,1
641,618,1
642,618,1
643,618,1
644,618,1
645,618,1
646,617,1
647,617,1
648,617,1
649,617,1
650,617,1
651,617,1
652,617,1
653,617,1
654,617,1
655,616,1
656,616,1
657,616,1
658,616,1
659,616,1
660,616,1
661,615,1
662,615,1
663,615,1
664,615,1
665,615,1
666,615,1
667,615,1
668,614,1
669,614,1
670,614,1
671,614,1
672,614,1
673,614,1
674,614,1
675,613,1
676,613,1
677,613,1
678,613,1
679,613,1
680,613,1
681,613,1
681,612,1
682,612,1
683,612,1
684,612,1
685,612,1
686,612,1
687,612,1
688,611,1
689,611,1
690,611,1
691,611,1
692,611,1
693,611,1
694,610,1
695,610,1
696,610,1
697,610,1
698,610,1
699,610,1
700,609,1
701,609,1
702,609,1
703,609,1
704,608,1
705,608,1
706,608,1
707,608,1
708,607,1
709,607,1
710,607,1
711,607,1
712,607,1
713,606,1
746,467,0
786,309,1
786,310,1
786,311,1
787,312,1
788,313,1
788,314,1
789,315,1
789,316,1
790,317,1
791,318,1
791,319,1
792,320,1
793,321,1
794,322,1
794,323,1
795,324,1
796,324,1
796,325,1
797,326,1
798,326,1
799,327,1
800,328,1
801,329,1
802,329,1
803,329,1
804,330,1
805,330,1
806,330,1
807,331,1
808,331,1
809,331,1
810,332,1
811,332,1
812,333,1
813,333,1
814,334,1
815,334,1
816,334,1
817,335,1
818,335,1
819,335,1
820,336,1
821,336,1
822,336,1
823,336,1
824,336,1
825,336,1
826,336,1
827,336,1
828,336,1
829,336,1
830,336,1
831,336,1
832,336,1
833,336,1
834,336,1
835,336,1
836,336,1
837,336,1
838,336,1
839,335,1
840,335,1
841,335,1
842,334,1
843,334,1
844,334,1
845,333,1
846,333,1
847,332,1
848,332,1
849,332,1
850,331,1
851,330,1
852,330,1
853,329,1
854,329,1
855,328,1
856,328,1
856,327,1
857,327,1
858,326,1
859,325,1
860,324,1
861,324,1
861,323,1
862,323,1
863,322,1
864,321,1
865,320,1
866,319,1
867,318,1
868,317,1
869,316,1
870,315,1
871,314,1
872,314,1
872,313,1
873,313,1
873,312,1
874,312,1
874,311,1
875,311,1
876,310,1
877,310,1
877,309,1
878,309,1
879,309,1
880,309,1
881,309,1
882,310,1
882,311,1
883,311,1
883,312,1
883,313,1
883,314,1
884,314,1
884,315,1
884,316,1
884,317,1
884,318,1
884,319,1
884,320,1
884,321,1
884,322,1
884,323,1
884,324,1
884,325,1
884,326,1
884,327,1
884,328,1
884,329,1
884,330,1
884,331,1
884,332,1
884,333,1
884,334,1
884,335,1
884,336,1
884,337,1
884,338,1
884,339,1
884,340,1
884,341,1
884,342,1
884,343,1
884,344,1
884,345,1
884,346,1
884,347,1
884,348,1
884,349,1
884,350,1
884,351,1
884,352,1
884,353,1
884,354,1
884,355,1
884,356,1
884,357,1
884,358,1
885,359,1
885,360,1
885,361,1
885,362,1
885,363,1
885,364,1
885,365,1
885,366,1
885,367,1
885,368,1
885,369,1
885,370,1
885,371,1
885,372,1
885,373,1
885,374,1
885,375,1
885,376,1
885,377,1
885,378,1
885,379,1
886,380,1
886,381,1
886,382,1
886,383,1
886,384,1
886,385,1
886,386,1
886,387,1
886,388,1
886,389,1
886,390,1
886,391,1
886,392,1
887,393,1
887,394,1
887,395,1
887,396,1
887,397,1
887,398,1
887,399,1
887,400,1
887,401,1
887,402,1
887,403,1
888,404,1
888,405,1
888,406,1
888,407,1
888,408,1
888,409,1
888,410,1
888,411,1
888,412,1
889,412,1
889,413,1
889,414,1
889,415,1
889,416,1
889,417,1
889,418,1
889,419,1
889,420,1
890,421,1
890,422,1
890,423,1
890,424,1
890,425,1
890,426,1
891,427,1
891,428,1
891,429,1
891,430,1
892,431,1
892,432,1
892,433,1
892,434,1
893,434,1
893,435,1
894,435,1
812,259,0
717,95,1
718,95,1
719,95,1
720,95,1
721,95,1
722,95,1
723,95,1
724,95,1
725,95,1
726,95,1
727,95,1
728,95,1
729,96,1
730,96,1
731,96,1
732,96,1
733,96,1
734,96,1
735,96,1
736,96,1
737,97,1
738,97,1
739,97,1
740,97,1
741,98,1
742,98,1
743,98,1
744,99,1
745,99,1
746,99,1
747,100,1
748,100,1
749,101,1
750,101,1
751,102,1
752,102,1
753,102,1
754,103,1
755,103,1
756,103,1
757,104,1
758,104,1
759,105,1
760,105,1
761,105,1
762,106,1
763,106,1
764,107,1
765,107,1
765,108,1
766,108,1
767,109,1
768,109,1
769,110,1
770,110,1
771,111,1
772,111,1
773,112,1
774,112,1
775,113,1
776,114,1
777,114,1
778,115,1
779,115,1
780,116,1
781,116,1
782,117,1
782,118,1
783,118,1
784,119,1
785,119,1
786,120,1
787,121,1
788,121,1
788,122,1
789,123,1
790,123,1
791,124,1
792,124,1
792,125,1
793,126,1
794,126,1
795,127,1
796,128,1
797,129,1
798,130,1
799,130,1
800,131,1
800,132,1
801,132,1
802,133,1
803,134,1
804,134,1
804,135,1
805,136,1
806,136,1
807,137,1
808,138,1
809,139,1
810,140,1
811,141,1
812,142,1
813,143,1
814,144,1
815,144,1
815,145,1
816,146,1
817,146,1
817,147,1
818,148,1
819,149,1
820,149,1
820,150,1
821,151,1
822,152,1
823,153,1
824,154,1
825,155,1
826,156,1
827,157,1
827,158,1
828,159,1
829,159,1
829,160,1
830,161,1
831,162,1
832,163,1
833,164,1
834,165,1
834,166,1
835,167,1
836,167,1
836,168,1
837,169,1
838,170,1
838,171,1
839,171,1
840,172,1
841,173,1
841,174,1
842,175,1
843,175,1
843,176,1
844,177,1
845,178,1
845,179,1
846,180,1
847,180,1
848,181,1
848,182,1
849,183,1
850,184,1
850,185,1
851,185,1
852,186,1
853,187,1
853,188,1
854,189,1
855,190,1
856,191,1
857,192,1
857,193,1
858,194,1
859,194,1
859,195,1
860,196,1
861,197,1
862,198,1
862,199,1
863,199,1
864,200,1
865,201,1
866,202,1
867,203,1
868,204,1
869,205,1
869,206,1
870,207,1
871,207,1
872,208,1
873,209,1
874,210,1
1007,254,0
1169,308,1
1168,308,1
1167,308,1
1166,308,1
1165,308,1
1164,309,1
1163,309,1
1162,309,1
1161,309,1
1160,309,1
1159,309,1
1158,309,1
1157,310,1
1156,310,1
1155,310,1
1155,311,1
1154,311,1
1153,311,1
1152,312,1
1151,312,1
1150,312,1
1149,313,1
1148,313,1
1147,314,1
1146,315,1
1145,315,1
1144,315,1
1143,316,1
1142,317,1
1141,318,1
1140,318,1
1140,319,1
1139,319,1
1138,320,1
1137,320,1
1136,321,1
1135,321,1
1134,322,1
1134,323,1
1133,323,1
1132,324,1
1131,325,1
1130,325,1
1129,326,1
1128,327,1
1127,328,1
1126,329,1
1126,330,1
1125,330,1
1124,331,1
1123,332,1
1122,333,1
1121,334,1
1121,335,1
1120,335,1
1120,336,1
1119,337,1
1118,338,1
1117,339,1
1116,340,1
1116,341,1
1115,341,1
1115,342,1
1115,343,1
1114,344,1
1113,345,1
1113,346,1
1112,346,1
1112,347,1
1111,348,1
1110,349,1
1110,350,1
1110,351,1
1109,351,1
1109,352,1
1108,353,1
1108,354,1
1107,355,1
1107,356,1
1107,357,1
1106,358,1
1106,359,1
1106,360,1
1105,360,1
1105,361,1
1105,362,1
1104,362,1
1104,363,1
1103,364,1
1103,365,1
1102,365,1
1102,366,1
1101,366,1
1100,366,1
1100,367,1
1099,367,1
1098,367,1
1097,368,1
1096,369,1
1096,368,1
1096,367,1
1095,367,1
1095,366,1
1095,365,1
1094,364,1
1093,363,1
1092,362,1
1092,361,1
1091,361,1
1090,360,1
1089,360,1
1089,359,1
1088,359,1
1087,358,1
1086,358,1
1085,358,1
1084,357,1
1083,357,1
1213,336,0
1333,290,1
1333,291,1
1333,292,1
1333,293,1
1333,294,1
1333,295,1
1332,296,1
1332,297,1
1332,298,1
1332,299,1
1332,300,1
1332,301,1
1332,302,1
1332,303,1
1332,304,1
1332,305,1
1331,306,1
1331,307,1
1331,308,1
1331,309,1
1332,310,1
1332,311,1
1332,312,1
1332,313,1
1332,314,1
1332,315,1
1332,316,1
1332,317,1
1332,318,1
1332,319,1
1332,320,1
1332,321,1
1332,322,1
1332,323,1
1332,324,1
1331,325,1
1331,326,1
1331,327,1
1331,328,1
1331,329,1
1331,330,1
1331,331,1
1331,332,1
1331,333,1
1330,334,1
1330,335,1
1330,336,1
1330,337,1
1330,338,1
1330,339,1
1329,340,1
1329,341,1
1329,342,1
1329,343,1
1329,344,1
1328,345,1
1328,346,1
1328,347,1
1327,348,1
1327,349,1
1327,350,1
1326,351,1
1326,352,1
1326,353,1
1326,354,1
1325,354,1
1325,355,1
1325,356,1
1324,357,1
1324,358,1
1323,359,1
1323,360,1
1322,361,1
1322,362,1
1321,363,1
1321,364,1
1320,365,1
1319,366,1
1319,367,1
1318,368,1
1317,369,1
1317,370,1
1317,371,1
1316,371,1
1316,372,1
1315,373,1
1315,374,1
1314,374,1
1314,375,1
1313,376,1
1313,377,1
1312,378,1
1312,379,1
1311,380,1
1310,381,1
1310,382,1
1310,383,1
1309,383,1
1309,384,1
1308,385,1
1308,386,1
1307,386,1
1307,387,1
1307,388,1
1306,389,1
1306,390,1
1305,390,1
1305,391,1
1305,392,1
1304,393,1
1304,394,1
1303,395,1
1303,396,1
1303,397,1
1303,398,1
1302,398,1
1302,399,1
1302,400,1
1301,401,1
1301,402,1
1301,403,1
1301,404,1
1300,405,1
1300,406,1
1300,407,1
1300,408,1
1300,409,1
1300,410,1
1299,411,1
1299,412,1
1299,413,1
1299,414,1
1299,415,1
1299,416,1
1299,417,1
1299,418,1
1299,419,1
1299,420,1
1299,421,1
1300,422,1
1300,423,1
1300,424,1
1300,425,1
1300,426,1
1300,427,1
1301,428,1
1301,429,1
1301,430,1
1302,431,1
1302,432,1
1302,433,1
1303,433,1
1303,434,1
1303,435,1
1304,436,1
1304,437,1
1305,438,1
1306,439,1
1306,440,1
1306,441,1
1307,441,1
1307,442,1
1308,442,1
1308,443,1
1309,444,1
1310,445,1
1310,446,1
1311,446,1
1311,447,1
1312,447,1
1312,448,1
1313,448,1
1313,449,1
1314,450,1
1315,450,1
1315,451,1
1316,451,1
1316,452,1
1317,453,1
1317,454,1
1318,455,1
1318,456,1
1318,457,1
1317,457,1
1317,458,1
1317,459,1
1316,459,1
1315,460,1
1314,460,1
1314,461,1
1313,461,1
1312,462,1
1311,462,1
1310,463,1
1309,463,1
1308,464,1
1307,464,1
1306,464,1
1305,465,1
1304,465,1
1303,466,1
1302,466,1
1301,467,1
1300,467,1
1299,468,1
1298,468,1
1298,469,1
1297,469,1
1296,470,1
1295,470,1
1294,470,1
1294,471,1
1293,472,1
1292,472,1
1291,473,1
1290,474,1
1289,474,1
1288,475,1
1287,476,1
1286,476,1
1285,477,1
1285,478,1
1284,478,1
1283,479,1
1282,480,1
1281,481,1
1280,481,1
1280,482,1
1279,483,1
1278,483,1
1278,484,1
1277,485,1
1276,485,1
1276,486,1
1275,487,1
1274,488,1
1273,489,1
1272,490,1
1272,491,1
1271,491,1
1270,492,1
1270,493,1
1269,494,1
1268,494,1
1268,495,1
1267,496,1
1267,497,1
1266,498,1
1265,498,1
1265,499,1
1264,500,1
1263,501,1
1263,502,1
1262,502,1
1262,503,1
1261,504,1
1260,505,1
1260,506,1
1259,506,1
1259,507,1
1258,508,1
1258,509,1
1257,510,1
1256,511,1
1256,512,1
1255,512,1
1255,513,1
1254,514,1
1254,515,1
1253,516,1
1253,517,1
1252,518,1
1251,518,1
1251,519,1
1250,520,1
1250,521,1
1249,522,1
1249,523,1
1248,524,1
1248,525,1
1247,526,1
1246,527,1
1246,528,1
1245,529,1
1245,530,1
1244,531,1
1243,532,1
1243,533,1
1242,534,1
1242,535,1
1241,535,1
1241,536,1
1240,537,1
1240,538,1
1239,539,1
1239,540,1
1239,541,1
1238,542,1
1238,543,1
1237,543,1
1237,544,1
1236,545,1
1236,546,1
1235,547,1
1235,548,1
1234,549,1
1234,550,1
1233,551,1
1232,552,1
1232,553,1
1231,554,1
1231,555,1
1230,556,1
1230,557,1
1230,558,1
1229,559,1
1228,560,1
1228,561,1
1227,562,1
1227,563,1
1226,564,1
1226,565,1
1226,566,1
1225,567,1
1225,568,1
1224,568,1
1224,569,1
1223,570,1
1223,571,1
1222,572,1
1222,573,1
1222,574,1
1221,575,1
1221,576,1
1220,577,1
1220,578,1
1219,578,1
1219,579,1
1218,580,1
1218,581,1
1218,582,1
1217,583,1
1217,584,1
1216,585,1
1216,586,1
1215,587,1
1215,588,1
1215,589,1
1214,590,1
1213,591,1
1213,592,1
1213,593,1
1212,594,1
1212,595,1
1211,596,1
1211,597,1
1210,598,1
1210,599,1
1210,600,1
1209,601,1
1209,602,1
1208,603,1
1208,604,1
1208,605,1
1207,606,1
1207,607,1
1206,608,1
1206,609,1
1205,610,1
1205,611,1
1205,612,1
1204,613,1
1204,614,1
1203,615,1
1203,616,1
1203,617,1
1202,618,1
1202,619,1
1202,620,1
1201,621,1
1201,622,1
1200,623,1
1200,624,1
1199,625,1
1199,626,1
1199,627,1
1198,628,1
1198,629,1
1197,630,1
1197,631,1
1197,632,1
1196,633,1
1196,634,1
1196,635,1
1195,636,1
1195,637,1
1195,638,1
1194,639,1
1194,640,1
1193,641,1
1193,642,1
1193,643,1
1192,644,1
1192,645,1
1192,646,1
1191,647,1
1191,648,1
1191,649,1
1190,650,1
1190,651,1
1190,652,1
1189,652,1
1189,653,1
1189,654,1
1188,655,1
1188,656,1
1187,657,1
1187,658,1
1187,659,1
1186,660,1
1186,661,1
1186,662,1
1182,586,0
1189,522,1
1188,522,1
1187,522,1
1186,522,1
1185,523,1
1184,523,1
1183,523,1
1182,523,1
1181,523,1
1180,523,1
1179,524,1
1178,524,1
1177,524,1
1176,524,1
1175,524,1
1174,525,1
1173,525,1
1172,525,1
1171,525,1
1170,525,1
1169,526,1
1168,526,1
1167,526,1
1166,526,1
1165,526,1
1164,526,1
1163,527,1
1162,527,1
1161,527,1
1160,527,1
1159,527,1
1158,527,1
1157,527,1
1156,528,1
1155,528,1
1154,528,1
1153,528,1
1152,528,1
1151,528,1
1150,529,1
1149,529,1
1148,529,1
1147,529,1
1146,529,1
1145,529,1
1144,529,1
1143,530,1
1142,530,1
1141,530,1
1140,530,1
1139,530,1
1138,530,1
1137,530,1
1136,531,1
1135,531,1
1134,531,1
1133,531,1
1132,531,1
1131,531,1
1130,532,1
1129,532,1
1128,532,1
1127,532,1
1126,532,1
1125,532,1
1124,532,1
1123,533,1
1122,533,1
1121,533,1
1120,533,1
1119,533,1
1118,533,1
1117,533,1
1116,533,1
1115,534,1
1114,534,1
1113,534,1
1112,534,1
1111,534,1
1110,534,1
1109,534,1
1108,534,1
1107,534,1
1106,535,1
1105,535,1
1104,535,1
1103,535,1
1102,535,1
1101,535,1
1100,535,1
1099,535,1
1098,536,1
1097,536,1
1096,536,1
1095,536,1
1094,536,1
1093,536,1
1092,536,1
1091,536,1
1090,537,1
1089,537,1
1088,537,1
1087,537,1
1086,537,1
1085,537,1
1084,537,1
1083,537,1
1082,537,1
1081,537,1
1080,538,1
1079,538,1
1078,538,1
1077,538,1
1076,538,1
1075,538,1
1074,538,1
1073,538,1
1072,538,1
1071,538,1
1070,539,1
1069,539,1
1068,539,1
1067,539,1
1066,539,1
1065,539,1
1064,539,1
1063,539,1
1062,539,1
1061,539,1
1060,539,1
1059,539,1
1058,540,1
1057,540,1
1056,540,1
1055,540,1
1054,540,1
1053,540,1
1052,540,1
1051,540,1
1050,540,1
1049,540,1
1048,540,1
1047,541,1
1046,541,1
1045,541,1
1044,541,1
1043,541,1
1042,541,1
1041,541,1
1040,541,1
1039,541,1
1038,541,1
1037,541,1
1036,541,1
1035,541,1
1034,542,1
1033,542,1
1032,542,1
1031,542,1
1030,542,1
1029,542,1
1028,542,1
1027,542,1
1026,542,1
1025,542,1
1024,542,1
1023,542,1
1022,542,1
1021,543,1
1020,543,1
1019,543,1
1018,543,1
1017,543,1
1016,543,1
1015,543,1
1014,543,1
1013,543,1
808,374,0
571,206,1
572,206,1
573,206,1
574,206,1
575,206,1
576,206,1
577,206,1
578,206,1
579,206,1
580,206,1
581,206,1
582,206,1
583,206,1
584,206,1
585,206,1
586,206,1
587,206,1
588,206,1
589,206,1
590,206,1
591,206,1
592,206,1
593,206,1
594,206,1
595,206,1
596,206,1
597,206,1
598,206,1
599,206,1
600,206,1
601,206,1
602,206,1
603,206,1
604,206,1
605,206,1
606,206,1
607,206,1
608,206,1
609,206,1
610,206,1
611,206,1
612,206,1
613,206,1
614,206,1
615,206,1
616,206,1
617,206,1
618,206,1
619,206,1
620,206,1
621,206,1
622,206,1
623,206,1
624,206,1
625,206,1
626,206,1
627,206,1
628,205,1
629,205,1
630,205,1
631,205,1
632,205,1
633,205,1
634,205,1
635,205,1
636,205,1
637,205,1
638,205,1
639,205,1
640,205,1
641,205,1
642,205,1
643,205,1
644,205,1
645,205,1
646,205,1
647,205,1
648,205,1
649,205,1
650,205,1
651,205,1
652,205,1
653,205,1
654,205,1
655,205,1
656,205,1
657,205,1
658,205,1
659,205,1
660,204,1
661,204,1
662,204,1
663,204,1
664,204,1
665,204,1
666,204,1
667,204,1
668,204,1
669,204,1
670,204,1
671,204,1
672,204,1
673,204,1
674,204,1
675,204,1
676,204,1
677,204,1
678,204,1
679,204,1
680,204,1
681,204,1
682,204,1
683,204,1
684,204,1
685,204,1
686,204,1
687,204,1
688,204,1
689,203,1
690,203,1
691,203,1
692,203,1
693,203,1
694,203,1
695,203,1
696,203,1
697,203,1
698,203,1
699,203,1
700,203,1
701,203,1
702,203,1
703,203,1
704,203,1
705,203,1
706,203,1
707,203,1
708,203,1
709,203,1
710,203,1
711,203,1
712,202,1
713,202,1
714,202,1
715,202,1
716,202,1
717,202,1
718,202,1
719,202,1
720,202,1
721,202,1
722,202,1
723,202,1
724,202,1
725,202,1
726,202,1
727,202,1
728,202,1
729,202,1
730,202,1
731,201,1
732,201,1
733,201,1
734,201,1
735,201,1
736,201,1
737,201,1
738,201,1
739,201,1
740,201,1
741,201,1
742,201,1
743,201,1
744,201,1
745,201,1
746,201,1
747,201,1
748,201,1
749,201,1
750,200,1
751,200,1
752,200,1
753,200,1
754,200,1
755,200,1
756,200,1
757,200,1
758,200,1
759,200,1
760,200,1
761,200,1
762,200,1
763,200,1
764,200,1
765,200,1
766,200,1
767,200,1
768,200,1
769,200,1
770,200,1
771,199,1
772,199,1
773,199,1
774,199,1
775,199,1
776,199,1
777,199,1
778,199,1
779,199,1
780,199,1
781,199,1
782,199,1
783,199,1
784,199,1
785,199,1
786,199,1
787,198,1
788,198,1
789,198,1
790,198,1
791,198,1
792,198,1
793,198,1
794,198,1
795,198,1
796,198,1
797,198,1
798,198,1
799,198,1
800,198,1
801,198,1
802,198,1
803,198,1
804,197,1
805,197,1
806,197,1
807,197,1
808,197,1
809,197,1
810,197,1
811,197,1
812,197,1
813,197,1
814,197,1
815,197,1
816,196,1
817,196,1
818,196,1
819,196,1
820,196,1
821,196,1
822,196,1
823,196,1
824,196,1
825,196,1
826,196,1
827,196,1
828,195,1
829,195,1
830,195,1
831,195,1
832,195,1
833,195,1
834,195,1
835,195,1
836,195,1
837,195,1
838,195,1
839,195,1
840,195,1
841,195,1
842,195,1
843,194,1
844,194,1
845,194,1
846,194,1
847,194,1
848,194,1
849,194,1
850,194,1
851,194,1
852,194,1
853,194,1
854,194,1
855,194,1
856,194,1
857,194,1
858,193,1
859,193,1
860,193,1
861,193,1
862,193,1
863,193,1
864,193,1
865,193,1
866,193,1
867,193,1
868,193,1
869,193,1
870,192,1
871,192,1
872,192,1
873,192,1
874,192,1
875,192,1
876,192,1
877,192,1
878,192,1
879,192,1
880,192,1
881,192,1
882,192,1
883,192,1
884,192,1
885,192,1
886,191,1
887,191,1
888,191,1
889,191,1
890,191,1
891,191,1
892,191,1
893,191,1
894,191,1
895,191,1
896,191,1
897,191,1
898,191,1
899,191,1
900,191,1
901,190,1
902,190,1
903,190,1
904,190,1
905,190,1
906,190,1
907,190,1
908,190,1
909,190,1
910,190,1
911,190,1
912,190,1
913,189,1
914,189,1
915,189,1
916,189,1
917,189,1
918,189,1
919,189,1
920,189,1
921,189,1
922,189,1
923,189,1
924,189,1
925,189,1
926,188,1
927,188,1
928,188,1
929,188,1
930,188,1
931,188,1
932,188,1
933,188,1
934,188,1
935,188,1
936,188,1
937,188,1
938,188,1
939,188,1
940,188,1
941,188,1
942,187,1
943,187,1
944,187,1
945,187,1
946,187,1
947,187,1
948,187,1
949,187,1
950,187,1
951,187,1
952,187,1
953,187,1
954,187,1
955,187,1
956,187,1
957,187,1
958,186,1
959,186,1
960,186,1
961,186,1
962,186,1
963,186,1
964,186,1
965,186,1
966,186,1
967,186,1
968,186,1
969,186,1
970,186,1
971,186,1
972,186,1
973,186,1
974,186,1
975,185,1
976,185,1
977,185,1
978,185,1
979,185,1
980,185,1
981,185,1
982,185,1
983,185,1
984,185,1
985,185,1
986,185,1
987,185,1
988,185,1
989,185,1
990,185,1
991,185,1
992,185,1
993,184,1
994,184,1
995,184,1
996,184,1
997,184,1
998,184,1
999,184,1
1000,184,1
1001,184,1
1002,184,1
1003,184,1
1004,184,1
1005,184,1
1006,184,1
1007,184,1
1008,184,1
1009,184,1
1010,183,1
1011,183,1
1012,183,1
1013,183,1
1014,183,1
1015,183,1
1016,183,1
1017,183,1
1018,183,1
1019,183,1
1020,183,1
1021,183,1
1022,183,1
1023,183,1
1024,183,1
1025,183,1
1026,183,1
1027,183,1
1028,183,1
1029,182,1
1030,182,1
1031,182,1
1032,182,1
1033,182,1
1034,182,1
1035,182,1
1036,182,1
1037,182,1
1038,182,1
1039,182,1
1040,182,1
1041,182,1
1042,182,1
1043,182,1
1044,182,1
1045,182,1
1046,182,1
1047,182,1
1048,181,1
1049,181,1
1050,181,1
1051,181,1
1052,181,1
1053,181,1
1054,181,1
1055,181,1
1056,181,1
1057,181,1
1058,181,1
1059,181,1
1060,181,1
1061,181,1
1062,181,1
1063,181,1
1064,181,1
1065,181,1
1066,181,1
1067,181,1
1068,181,1
1069,181,1
1070,181,1
1071,181,1
1072,181,1
1073,180,1
1074,180,1
1075,180,1
1076,180,1
1077,180,1
1078,180,1
1079,180,1
1080,180,1
1081,180,1
1082,180,1
1083,180,1
1084,180,1
1085,180,1
1086,180,1
1087,180,1
1088,180,1
1089,180,1
1090,180,1
1091,180,1
1092,180,1
1093,180,1
1094,180,1
1095,180,1
1096,180,1
1097,180,1
1098,180,1
1099,180,1
1100,180,1
1101,180,1
1102,180,1
1103,179,1
1104,179,1
1105,179,1
1106,179,1
1107,179,1
1108,179,1
1109,179,1
1110,179,1
1111,179,1
1112,179,1
1113,179,1
1114,179,1
1115,179,1
1116,179,1
1117,179,1
1118,179,1
1119,179,1
1120,179,1
1121,179,1
1122,179,1
1123,179,1
1124,179,1
1125,179,1
1126,179,1
1127,179,1
1128,179,1
1129,179,1
1130,179,1
1131,179,1
1132,179,1
1133,179,1
1134,179,1
1135,179,1
1136,179,1
1137,179,1
1138,179,1
1139,179,1
1140,179,1
1141,179,1
1142,179,1
1143,179,1
1144,179,1
1145,179,1
1146,179,1
1147,179,1
1148,179,1
1149,179,1
1150,179,1
1151,179,1
1152,179,1
1153,179,1
1154,179,1
1155,179,1
1156,179,1
1157,179,1
1158,179,1
1159,179,1
1160,179,1
1161,178,1
1162,178,1
1163,178,1
1164,178,1
1165,178,1
1166,178,1
1167,178,1
1168,178,1
1169,178,1
1170,178,1
1171,178,1
1172,178,1
1173,178,1
1174,178,1
1175,178,1
1176,178,1
1177,178,1
1178,178,1
1179,178,1
1180,178,1
1181,178,1
1182,178,1
1183,178,1
1184,178,1
1185,178,1
1186,178,1
1187,178,1
1188,178,1
1189,178,1
1190,178,1
1191,178,1
1192,178,1
1193,178,1
1194,178,1
1195,178,1
1196,178,1
1197,178,1
1198,178,1
1199,178,1
1200,178,1
1201,178,1
1202,178,1
1203,178,1
1204,178,1
1205,178,1
1206,178,1
1207,178,1
1208,178,1
1209,178,1
1210,178,1
1211,178,1
1212,178,1
1213,178,1
1214,178,1
1215,178,1
1216,178,1
1217,178,1
1218,178,1
1219,178,1
1220,178,1
1221,178,1
1222,178,1
1223,178,1
1224,178,1
1225,178,1
1226,178,1
1227,178,1
1228,178,1
1229,178,1
1230,178,1
1231,178,1
1232,178,1
1233,178,1
1234,178,1
1235,178,1
1236,178,1
1237,178,1
1238,178,1
1239,178,1
1240,178,1
1241,178,1
1242,178,1
1243,178,1
1244,178,1
1245,178,1
1246,178,1
1247,178,1
1248,178,1
1249,178,1
1250,178,1
1251,178,1
1252,178,1
1253,178,1
1254,178,1
1255,178,1
1256,178,1
1257,178,1
1258,178,1
1259,178,1
1260,178,1
1261,178,1
1262,178,1
1263,178,1
1264,178,1
1265,178,1
1266,178,1
1267,178,1
1268,178,1
1269,178,1
1270,178,1
1271,178,1
1272,178,1
1273,178,1
1274,178,1
1275,178,1
1276,178,1
1277,178,1
1278,178,1
1279,178,1
1280,178,1
1281,178,1
1282,178,1
1283,178,1
1284,178,1
1285,178,1
1286,178,1
1287,178,1
1288,178,1
1289,178,1
1290,178,1
1291,178,1
1292,178,1
1293,178,1
1294,178,1
1295,178,1
1296,178,1
1297,178,1
1298,178,1
1299,178,1
1300,178,1
1301,178,1
1302,178,1
1303,178,1
1304,178,1
1305,178,1
1306,178,1
1307,178,1
1308,178,1
1309,178,1
1310,178,1
1311,178,1
1312,178,1
1313,178,1
1314,178,1
1315,178,1
1316,178,1
1317,178,1
1318,178,1
1319,178,1
1320,178,1
1321,178,1
1321,179,1
1322,179,1
1323,179,1
1324,179,1
1325,179,1
1326,179,1
1327,179,1
1328,179,1
1329,179,1
1329,180,1
1330,180,1
1331,180,1
1331,181,1
1331,182,1
1331,182,0
