303,207,1
306,257,1
309,304,1
309,305,1
309,306,1
309,307,1
309,308,1
309,309,1
309,310,1
309,311,1
309,312,1
309,313,1
309,314,1
310,314,1
310,315,1
310,316,1
310,317,1
310,318,1
310,319,1
310,320,1
310,321,1
310,322,1
311,323,1
311,324,1
311,325,1
311,326,1
311,327,1
311,328,1
312,328,1
312,329,1
312,330,1
312,331,1
312,332,1
313,333,1
313,334,1
313,335,1
285,295,0
263,258,1
262,258,1
261,258,1
260,258,1
259,258,1
258,258,1
257,259,1
256,259,1
255,259,1
254,259,1
253,259,1
253,260,1
252,260,1
251,260,1
250,260,1
249,260,1
249,261,1
248,261,1
247,261,1
246,261,1
245,261,1
244,262,1
243,262,1
242,262,1
241,262,1
240,263,1
239,263,1
238,263,1
237,263,1
236,264,1
235,264,1
234,264,1
233,264,1
232,265,1
231,265,1
230,265,1
229,265,1
228,266,1
227,266,1
226,266,1
225,267,1
224,267,1
223,267,1
222,267,1
221,268,1
220,268,1
219,268,1
218,269,1
217,269,1
216,269,1
215,270,1
214,270,1
213,270,1
212,270,1
212,271,1
211,271,1
210,271,1
209,272,1
175,302,1
175,303,1
176,304,1
176,305,1
177,305,1
177,306,1
256,347,1
256,348,1
255,349,1
254,350,1
254,351,1
254,352,1
253,352,1
253,353,1
253,354,1
253,355,1
253,356,1
253,357,1
253,358,1
253,359,1
253,360,1
253,361,1
253,362,1
254,363,1
254,364,1
254,365,1
255,365,1
255,366,1
255,367,1
256,367,1
256,368,1
257,369,1
258,370,1
259,371,1
260,372,1
261,372,1
261,373,1
262,373,1
263,374,1
264,374,1
265,374,1
265,375,1
266,375,1
267,375,1
268,376,1
269,376,1
270,376,1
271,376,1
272,377,1
273,377,1
274,377,1
275,377,1
276,377,1
277,377,1
277,378,1
278,378,1
279,378,1
280,378,1
281,378,1
282,378,1
283,378,1
284,378,1
285,378,1
286,378,1
287,378,1
288,378,1
289,378,1
290,378,1
291,378,1
292,378,1
293,377,1
294,377,1
295,377,1
296,377,1
297,377,1
298,377,1
299,377,1
300,377,1
301,376,1
302,376,1
303,376,1
304,376,1
305,376,1
306,376,1
307,375,1
308,375,1
309,375,1
310,375,1
311,375,1
312,375,1
313,374,1
314,374,1
315,374,1
316,374,1
317,373,1
318,373,1
319,373,1
320,373,1
321,372,1
322,372,1
323,372,1
324,371,1
325,371,1
326,371,1
327,371,1
328,370,1
329,370,1
330,370,1
367,297,0
406,217,1
406,218,1
407,219,1
407,220,1
407,221,1
408,221,1
409,222,1
409,223,1
410,224,1
410,225,1
411,225,1
412,226,1
412,227,1
413,227,1
414,228,1
414,229,1
415,229,1
416,230,1
416,231,1
417,231,1
418,232,1
419,232,1
419,233,1
420,233,1
421,234,1
422,234,1
422,235,1
423,235,1
424,235,1
425,236,1
426,236,1
427,237,1
428,237,1
429,237,1
430,238,1
431,238,1
432,238,1
433,238,1
434,238,1
435,238,1
435,239,1
436,239,1
437,239,1
438,239,1
439,239,1
440,239,1
440,238,1
441,238,1
442,238,1
443,238,1
444,238,1
445,237,1
446,237,1
447,236,1
448,236,1
449,235,1
450,235,1
450,234,1
451,234,1
452,233,1
453,232,1
454,231,1
454,230,1
455,230,1
455,229,1
456,229,1
456,228,1
456,227,1
457,227,1
457,226,1
458,225,1
458,224,1
459,223,1
459,222,1
460,221,1
460,220,1
460,219,1
460,218,1
460,217,1
461,216,1
460,216,1
460,217,1
460,218,1
459,218,1
459,219,1
459,220,1
459,221,1
459,222,1
458,223,1
458,224,1
458,225,1
458,226,1
458,227,1
458,228,1
458,229,1
458,230,1
458,231,1
458,232,1
458,233,1
458,234,1
458,235,1
457,235,1
457,236,1
457,237,1
457,238,1
457,239,1
457,240,1
457,241,1
457,242,1
457,243,1
457,244,1
457,245,1
457,246,1
457,247,1
457,248,1
457,249,1
456,249,1
456,250,1
456,251,1
456,252,1
456,253,1
456,254,1
456,255,1
456,256,1
456,257,1
456,258,1
456,259,1
456,260,1
456,261,1
456,262,1
456,263,1
456,264,1
456,265,1
456,266,1
456,267,1
456,268,1
456,269,1
456,270,1
456,271,1
456,272,1
456,273,1
456,274,1
456,275,1
456,276,1
456,277,1
456,278,1
455,279,1
455,280,1
455,281,1
421,191,0
381,105,1
382,105,1
383,105,1
384,105,1
385,106,1
386,106,1
387,106,1
388,107,1
389,107,1
390,108,1
391,108,1
392,109,1
393,109,1
394,110,1
395,110,1
396,111,1
397,111,1
398,112,1
399,113,1
400,113,1
401,114,1
402,114,1
402,115,1
403,115,1
404,116,1
405,116,1
406,117,1
406,118,1
407,118,1
408,119,1
409,119,1
410,120,1
411,121,1
412,121,1
413,122,1
413,123,1
414,123,1
415,124,1
416,124,1
417,125,1
418,126,1
419,127,1
420,127,1
420,128,1
421,128,1
422,129,1
423,130,1
424,131,1
425,132,1
426,132,1
427,133,1
427,134,1
428,134,1
429,135,1
430,136,1
431,137,1
432,138,1
433,139,1
434,139,1
434,140,1
435,141,1
436,141,1
437,142,1
438,143,1
438,144,1
439,144,1
440,145,1
441,146,1
442,146,1
442,147,1
443,148,1
444,149,1
445,150,1
446,151,1
447,152,1
448,153,1
449,153,1
449,154,1
450,155,1
451,156,1
452,156,1
453,157,1
453,158,1
454,159,1
455,160,1
456,160,1
457,161,1
458,162,1
458,163,1
459,164,1
460,165,1
461,165,1
462,166,1
531,185,0
610,209,1
609,209,1
608,209,1
607,209,1
606,209,1
605,209,1
604,210,1
603,210,1
602,210,1
601,210,1
600,210,1
599,211,1
598,211,1
597,211,1
596,211,1
595,212,1
594,212,1
593,212,1
592,212,1
591,213,1
590,213,1
589,213,1
589,214,1
588,214,1
587,214,1
586,215,1
585,215,1
584,216,1
583,216,1
582,216,1
581,217,1
580,218,1
579,218,1
578,219,1
577,220,1
576,220,1
575,221,1
574,222,1
573,222,1
572,223,1
571,224,1
570,224,1
570,225,1
569,226,1
568,226,1
568,227,1
567,228,1
566,229,1
566,230,1
565,230,1
565,231,1
564,232,1
563,233,1
563,234,1
563,235,1
562,235,1
562,236,1
562,237,1
562,238,1
561,239,1
561,240,1
561,241,1
561,242,1
561,243,1
560,243,1
560,242,1
559,241,1
559,240,1
558,239,1
557,238,1
556,237,1
555,236,1
554,236,1
554,235,1
553,235,1
553,234,1
552,234,1
551,234,1
550,233,1
549,233,1
548,233,1
547,232,1
546,232,1
545,232,1
544,232,1
543,232,1
542,232,1
541,233,1
541,234,1
609,221,0
674,204,1
674,205,1
674,206,1
674,207,1
674,208,1
674,209,1
674,210,1
674,211,1
674,212,1
674,213,1
674,214,1
674,215,1
674,216,1
674,217,1
674,218,1
674,219,1
674,220,1
674,221,1
675,222,1
675,223,1
675,224,1
675,225,1
675,226,1
675,227,1
675,228,1
676,229,1
676,230,1
676,231,1
676,232,1
677,233,1
677,234,1
677,235,1
677,236,1
677,237,1
678,238,1
678,239,1
678,240,1
678,241,1
678,242,1
678,243,1
677,244,1
677,245,1
677,246,1
676,247,1
675,248,1
674,249,1
673,249,1
673,250,1
672,250,1
671,251,1
670,251,1
669,251,1
668,251,1
668,252,1
667,252,1
666,252,1
665,253,1
664,253,1
663,254,1
662,254,1
661,255,1
660,256,1
659,256,1
659,257,1
658,257,1
658,258,1
657,259,1
656,259,1
656,260,1
655,261,1
655,262,1
654,263,1
653,264,1
653,265,1
653,266,1
652,267,1
652,268,1
652,269,1
652,270,1
652,271,1
652,272,1
651,273,1
651,274,1
652,275,1
652,276,1
652,277,1
652,278,1
652,279,1
652,280,1
653,281,1
653,282,1
653,283,1
654,284,1
654,285,1
654,286,1
655,286,1
655,287,1
656,288,1
656,289,1
657,290,1
658,291,1
659,292,1
659,293,1
660,293,1
660,294,1
661,294,1
661,295,1
662,295,1
662,296,1
663,296,1
664,297,1
665,297,1
665,298,1
666,298,1
666,299,1
667,299,1
668,300,1
669,300,1
669,301,1
669,300,1
668,300,1
667,300,1
666,299,1
665,299,1
664,299,1
663,298,1
662,298,1
661,298,1
660,298,1
659,298,1
658,298,1
658,297,1
657,297,1
656,297,1
655,297,1
654,297,1
653,297,1
652,297,1
651,297,1
650,297,1
649,297,1
648,297,1
647,297,1
646,297,1
645,297,1
644,298,1
643,298,1
642,298,1
641,298,1
640,298,1
639,299,1
638,299,1
637,299,1
636,299,1
635,300,1
634,300,1
633,301,1
632,301,1
631,301,1
631,302,1
630,302,1
629,303,1
628,303,1
627,303,1
627,304,1
626,304,1
625,305,1
624,305,1
624,306,1
623,306,1
622,307,1
621,307,1
621,308,1
620,308,1
619,309,1
618,309,1
618,310,1
617,310,1
616,311,1
615,311,1
615,312,1
614,313,1
613,313,1
612,314,1
611,315,1
610,316,1
609,316,1
609,317,1
608,318,1
607,318,1
606,319,1
606,320,1
605,320,1
604,321,1
603,321,1
603,322,1
602,323,1
601,323,1
600,324,1
600,325,1
599,325,1
598,326,1
597,327,1
596,328,1
595,329,1
594,330,1
593,331,1
592,331,1
592,332,1
591,333,1
590,334,1
589,334,1
588,335,1
588,336,1
587,337,1
586,337,1
585,338,1
584,339,1
584,340,1
583,340,1
582,341,1
581,342,1
580,343,1
579,343,1
579,344,1
578,345,1
577,346,1
576,346,1
575,347,1
574,348,1
574,349,1
573,349,1
572,350,1
571,350,1
570,351,1
567,327,0
563,306,1
562,306,1
561,306,1
560,306,1
560,307,1
559,307,1
558,307,1
557,307,1
556,307,1
555,307,1
554,307,1
553,307,1
552,307,1
551,308,1
550,308,1
549,308,1
548,308,1
547,308,1
546,308,1
545,308,1
544,308,1
543,308,1
542,309,1
541,309,1
540,309,1
539,309,1
538,309,1
537,309,1
536,309,1
535,309,1
534,309,1
533,309,1
532,309,1
531,309,1
530,309,1
529,309,1
528,309,1
527,309,1
526,309,1
525,309,1
524,309,1
523,309,1
522,309,1
365,228,0
198,147,1
199,147,1
200,147,1
201,147,1
202,147,1
203,147,1
204,147,1
205,147,1
206,147,1
207,147,1
208,147,1
209,147,1
210,147,1
211,147,1
212,147,1
213,147,1
214,147,1
215,147,1
216,147,1
217,147,1
218,146,1
219,146,1
220,146,1
221,146,1
222,146,1
223,146,1
224,146,1
225,146,1
226,146,1
227,146,1
228,146,1
229,146,1
230,146,1
231,146,1
232,146,1
233,146,1
234,146,1
235,146,1
236,146,1
237,146,1
238,146,1
239,145,1
240,145,1
241,145,1
242,145,1
243,145,1
244,145,1
245,145,1
246,145,1
247,145,1
248,145,1
249,145,1
250,145,1
251,145,1
252,145,1
253,145,1
254,145,1
255,145,1
256,145,1
257,145,1
258,145,1
259,145,1
260,145,1
261,145,1
262,145,1
263,145,1
264,145,1
265,145,1
266,145,1
267,144,1
268,144,1
269,144,1
270,144,1
271,144,1
272,144,1
273,144,1
274,144,1
275,144,1
276,144,1
277,144,1
278,144,1
279,144,1
280,144,1
281,144,1
282,144,1
283,144,1
284,144,1
285,144,1
286,144,1
287,144,1
288,144,1
289,144,1
290,144,1
291,144,1
292,144,1
293,144,1
294,144,1
295,144,1
296,144,1
297,144,1
298,144,1
299,144,1
300,144,1
301,144,1
302,144,1
303,144,1
304,144,1
305,144,1
306,144,1
307,144,1
308,144,1
309,144,1
310,144,1
311,144,1
312,144,1
313,144,1
314,144,1
315,144,1
316,144,1
317,144,1
318,144,1
319,144,1
320,144,1
321,144,1
322,144,1
323,144,1
324,144,1
325,145,1
326,145,1
327,145,1
328,145,1
329,145,1
330,145,1
331,145,1
332,145,1
333,145,1
334,145,1
335,145,1
336,145,1
337,145,1
338,145,1
339,145,1
340,145,1
341,145,1
342,145,1
343,145,1
344,145,1
345,145,1
346,145,1
347,145,1
348,145,1
349,145,1
350,145,1
351,145,1
352,145,1
353,145,1
354,145,1
355,145,1
356,145,1
356,146,1
357,146,1
358,146,1
359,146,1
360,146,1
361,146,1
362,146,1
363,146,1
364,146,1
365,146,1
366,146,1
367,146,1
368,146,1
369,146,1
370,146,1
371,146,1
372,146,1
373,146,1
374,146,1
375,146,1
376,146,1
377,146,1
378,146,1
379,146,1
380,146,1
381,146,1
382,146,1
383,146,1
384,146,1
385,147,1
386,147,1
387,147,1
388,147,1
389,147,1
390,147,1
391,147,1
392,147,1
393,147,1
394,147,1
395,147,1
396,147,1
397,147,1
398,147,1
399,147,1
400,147,1
401,147,1
402,147,1
403,147,1
404,147,1
405,147,1
406,147,1
407,147,1
408,147,1
409,147,1
410,147,1
411,147,1
412,147,1
413,147,1
414,147,1
415,147,1
416,147,1
417,147,1
418,147,1
419,147,1
420,147,1
421,147,1
422,147,1
423,147,1
424,147,1
425,147,1
426,147,1
427,147,1
428,147,1
429,147,1
430,147,1
431,147,1
432,147,1
433,148,1
434,148,1
435,148,1
436,148,1
437,148,1
438,148,1
439,148,1
440,148,1
441,148,1
442,148,1
443,148,1
444,148,1
445,148,1
446,148,1
447,148,1
448,148,1
449,148,1
450,148,1
451,148,1
452,148,1
453,149,1
454,149,1
455,149,1
456,149,1
457,149,1
458,149,1
459,149,1
460,149,1
461,149,1
462,149,1
463,149,1
464,149,1
465,149,1
466,149,1
467,149,1
468,149,1
469,149,1
470,149,1
471,149,1
472,149,1
472,150,1
473,150,1
474,150,1
475,150,1
476,150,1
477,150,1
478,150,1
479,150,1
480,150,1
481,150,1
482,150,1
483,150,1
484,150,1
485,150,1
486,150,1
487,150,1
488,150,1
489,150,1
490,150,1
491,150,1
492,150,1
493,150,1
494,150,1
495,150,1
496,150,1
497,151,1
498,151,1
499,151,1
500,151,1
501,151,1
502,151,1
503,151,1
504,151,1
505,151,1
506,151,1
507,151,1
508,151,1
509,151,1
510,151,1
511,151,1
512,151,1
513,151,1
514,151,1
515,151,1
516,151,1
517,151,1
518,151,1
519,151,1
520,151,1
521,151,1
522,151,1
523,151,1
524,151,1
525,151,1
526,151,1
527,151,1
528,151,1
529,151,1
530,151,1
531,151,1
532,151,1
533,151,1
534,151,1
535,151,1
536,151,1
537,151,1
538,151,1
539,151,1
540,151,1
541,151,1
542,151,1
543,151,1
544,151,1
545,151,1
546,151,1
547,151,1
548,151,1
549,151,1
550,151,1
551,151,1
552,151,1
553,151,1
554,151,1
555,151,1
556,151,1
557,151,1
558,151,1
559,151,1
560,151,1
561,151,1
562,151,1
563,151,1
564,151,1
565,151,1
566,151,1
567,151,1
568,151,1
569,151,1
570,151,1
571,151,1
572,151,1
573,151,1
574,151,1
575,151,1
576,151,1
577,151,1
578,151,1
579,152,1
580,152,1
581,152,1
582,152,1
583,152,1
584,152,1
585,152,1
586,152,1
587,152,1
588,152,1
589,152,1
590,152,1
591,152,1
592,152,1
593,152,1
594,152,1
595,152,1
596,152,1
597,152,1
598,152,1
599,152,1
600,152,1
601,152,1
602,152,1
603,152,1
604,152,1
605,152,1
606,152,1
607,152,1
608,152,1
609,152,1
610,152,1
611,152,1
612,152,1
613,152,1
614,153,1
615,153,1
616,153,1
617,153,1
618,153,1
619,153,1
620,153,1
621,153,1
622,153,1
623,153,1
624,153,1
625,153,1
626,153,1
627,153,1
628,153,1
629,153,1
630,153,1
631,153,1
632,153,1
633,153,1
634,153,1
635,153,1
636,153,1
637,153,1
638,153,1
639,153,1
640,154,1
641,154,1
642,154,1
643,154,1
644,154,1
645,154,1
646,154,1
647,154,1
648,154,1
649,154,1
650,154,1
651,154,1
652,154,1
653,154,1
654,154,1
655,154,1
656,154,1
657,154,1
658,154,1
659,154,1
660,154,1
661,155,1
662,155,1
663,155,1
664,155,1
665,155,1
666,155,1
667,155,1
668,155,1
669,155,1
670,155,1
671,155,1
672,155,1
673,155,1
674,155,1
675,155,1
676,155,1
677,155,1
678,155,1
679,155,1
680,155,1
681,155,1
682,156,1
683,156,1
684,156,1
685,156,1
686,156,1
687,156,1
688,156,1
689,156,1
690,156,1
691,156,1
692,156,1
693,156,1
694,156,1
695,156,1
696,156,1
697,156,1
698,156,1
699,156,1
700,156,1
701,156,1
702,156,1
703,156,1
704,156,1
705,156,1
706,156,1
707,156,1
708,156,1
709,156,1
710,156,1
711,156,1
712,156,1
713,156,1
714,156,1
715,157,1
716,157,1
717,157,1
717,158,1
716,158,1
716,158,0
