480,268,1
479,366,1
479,367,1
479,368,1
479,369,1
479,370,1
479,371,1
479,372,1
479,373,1
479,374,1
479,375,1
479,376,1
479,377,1
479,378,1
479,379,1
479,380,1
479,381,1
479,382,1
479,383,1
479,384,1
479,385,1
479,386,1
479,387,1
479,388,1
478,389,1
478,390,1
478,391,1
478,392,1
478,393,1
478,394,1
478,395,1
478,396,1
478,397,1
478,398,1
478,399,1
478,400,1
478,401,1
478,402,1
478,403,1
478,404,1
478,405,1
478,406,1
478,407,1
478,408,1
478,409,1
478,410,1
478,411,1
478,412,1
478,413,1
478,414,1
478,415,1
478,416,1
478,417,1
478,418,1
478,419,1
478,420,1
478,421,1
478,422,1
478,423,1
478,424,1
478,425,1
478,426,1
478,427,1
478,428,1
478,429,1
478,430,1
478,431,1
478,432,1
478,433,1
478,434,1
478,435,1
478,436,1
479,437,1
479,438,1
479,439,1
479,440,1
479,441,1
479,442,1
479,443,1
479,444,1
479,445,1
479,446,1
479,447,1
479,448,1
479,449,1
479,450,1
479,451,1
479,452,1
479,453,1
479,454,1
479,455,1
479,456,1
479,457,1
479,458,1
479,459,1
479,460,1
479,461,1
480,462,1
480,463,1
480,464,1
443,397,0
419,341,1
418,341,1
417,341,1
416,341,1
415,341,1
414,342,1
413,342,1
364,353,1
363,353,1
362,353,1
361,353,1
360,354,1
359,354,1
358,354,1
357,354,1
356,355,1
355,355,1
354,355,1
353,355,1
352,356,1
351,356,1
350,356,1
349,357,1
348,357,1
347,357,1
346,357,1
345,358,1
344,358,1
343,358,1
342,358,1
341,359,1
340,359,1
339,359,1
338,360,1
337,360,1
287,379,1
286,380,1
285,380,1
284,381,1
283,381,1
282,382,1
281,382,1
280,383,1
279,384,1
278,385,1
277,385,1
276,386,1
275,386,1
275,387,1
274,388,1
273,388,1
272,389,1
272,390,1
271,390,1
270,391,1
270,392,1
269,392,1
269,393,1
268,394,1
268,395,1
267,395,1
267,396,1
266,397,1
266,398,1
265,399,1
265,400,1
265,401,1
264,402,1
264,403,1
264,404,1
264,405,1
264,406,1
264,407,1
264,408,1
265,408,1
265,409,1
265,410,1
266,411,1
266,412,1
267,413,1
268,414,1
269,415,1
270,415,1
271,416,1
272,416,1
272,417,1
273,417,1
274,417,1
275,418,1
276,418,1
277,418,1
278,419,1
279,419,1
280,419,1
281,419,1
282,419,1
283,420,1
284,420,1
285,420,1
286,420,1
287,420,1
288,420,1
289,420,1
290,420,1
291,419,1
292,419,1
293,419,1
294,419,1
295,419,1
296,419,1
297,418,1
298,418,1
299,418,1
300,418,1
301,417,1
302,417,1
303,416,1
304,416,1
305,416,1
306,415,1
307,415,1
308,414,1
309,414,1
309,413,1
310,413,1
310,412,1
311,412,1
312,411,1
313,410,1
313,409,1
314,408,1
314,407,1
315,407,1
315,406,1
315,405,1
315,404,1
316,404,1
316,403,1
316,402,1
316,401,1
315,400,1
315,399,1
315,398,1
315,397,1
314,397,1
314,396,1
313,395,1
313,394,1
312,394,1
312,393,1
311,393,1
311,392,1
310,392,1
309,391,1
308,391,1
307,390,1
306,390,1
306,389,1
305,389,1
304,389,1
303,388,1
302,388,1
301,387,1
300,387,1
299,387,1
298,387,1
297,386,1
296,386,1
295,386,1
294,386,1
293,385,1
292,385,1
291,385,1
290,385,1
289,385,1
288,385,1
287,385,1
286,385,1
285,385,1
284,385,1
283,385,1
282,385,1
281,385,1
280,385,1
279,385,1
278,385,1
277,385,1
276,385,1
275,385,1
274,385,1
273,385,1
272,385,1
271,385,1
270,385,1
269,385,1
268,385,1
267,386,1
266,386,1
265,386,1
264,386,1
264,387,1
263,387,1
262,388,1
261,389,1
260,389,1
259,390,1
336,420,0
414,452,1
413,452,1
412,452,1
411,452,1
410,453,1
409,453,1
408,453,1
407,453,1
406,454,1
405,454,1
404,454,1
403,455,1
402,455,1
402,456,1
401,456,1
400,456,1
399,457,1
398,457,1
397,458,1
396,458,1
396,459,1
395,460,1
394,460,1
393,461,1
393,462,1
392,462,1
391,463,1
390,463,1
389,464,1
388,465,1
387,466,1
386,466,1
386,467,1
385,468,1
384,468,1
384,469,1
383,470,1
382,470,1
382,471,1
381,472,1
380,473,1
379,474,1
379,475,1
378,476,1
377,477,1
377,478,1
376,479,1
376,480,1
376,481,1
375,481,1
375,482,1
375,483,1
374,484,1
374,485,1
374,486,1
374,487,1
373,488,1
373,489,1
373,490,1
373,491,1
373,492,1
373,493,1
373,494,1
373,495,1
374,496,1
374,497,1
374,498,1
375,499,1
375,500,1
376,501,1
376,502,1
377,502,1
377,503,1
378,504,1
379,505,1
380,506,1
380,507,1
381,507,1
382,508,1
383,509,1
384,509,1
385,509,1
385,510,1
386,510,1
387,511,1
388,511,1
389,511,1
389,512,1
390,512,1
391,512,1
392,513,1
393,513,1
394,513,1
394,514,1
395,514,1
396,514,1
397,515,1
398,515,1
399,515,1
400,515,1
401,516,1
402,516,1
403,516,1
404,516,1
405,516,1
406,517,1
407,517,1
408,517,1
409,517,1
410,517,1
411,517,1
412,517,1
413,517,1
414,518,1
415,518,1
416,518,1
417,518,1
418,518,1
419,518,1
420,518,1
421,518,1
422,518,1
423,518,1
424,518,1
425,518,1
426,518,1
427,518,1
428,518,1
429,518,1
430,518,1
431,518,1
432,518,1
433,518,1
434,518,1
435,518,1
436,518,1
437,518,1
438,518,1
439,518,1
440,517,1
441,517,1
442,517,1
443,517,1
444,517,1
445,517,1
446,517,1
447,517,1
448,517,1
449,517,1
450,517,1
451,517,1
452,517,1
453,516,1
454,516,1
455,516,1
456,516,1
457,516,1
458,516,1
459,516,1
460,516,1
461,516,1
462,516,1
463,515,1
464,515,1
465,515,1
466,515,1
467,515,1
468,515,1
469,515,1
470,515,1
471,515,1
472,514,1
473,514,1
474,514,1
475,514,1
476,514,1
477,514,1
478,514,1
479,514,1
480,514,1
481,513,1
482,513,1
483,513,1
484,513,1
485,513,1
486,512,1
487,512,1
488,512,1
489,512,1
490,512,1
491,511,1
492,511,1
493,511,1
494,511,1
572,411,0
657,300,1
657,301,1
658,302,1
658,303,1
658,304,1
659,305,1
659,306,1
660,307,1
660,308,1
661,309,1
662,309,1
662,310,1
663,311,1
664,312,1
665,313,1
665,314,1
666,314,1
667,315,1
668,316,1
669,316,1
669,317,1
670,317,1
671,318,1
672,319,1
673,320,1
674,320,1
675,321,1
675,322,1
676,322,1
677,323,1
678,323,1
678,324,1
679,325,1
680,325,1
681,326,1
682,326,1
683,327,1
684,328,1
685,328,1
686,329,1
687,329,1
688,329,1
689,330,1
690,330,1
690,331,1
691,331,1
692,331,1
693,332,1
694,332,1
695,332,1
696,333,1
697,333,1
698,333,1
699,333,1
700,334,1
701,334,1
702,334,1
703,334,1
704,334,1
704,335,1
705,335,1
706,335,1
707,335,1
708,335,1
709,335,1
710,335,1
711,335,1
712,335,1
713,335,1
714,335,1
715,335,1
716,335,1
717,335,1
718,335,1
719,334,1
720,334,1
721,334,1
722,334,1
723,334,1
724,333,1
725,333,1
726,333,1
727,332,1
728,332,1
729,332,1
730,331,1
731,331,1
732,330,1
733,330,1
734,330,1
735,329,1
736,328,1
737,328,1
738,327,1
739,327,1
739,326,1
740,326,1
741,325,1
742,324,1
743,324,1
744,323,1
744,322,1
745,322,1
746,321,1
746,320,1
747,320,1
747,319,1
748,318,1
749,318,1
749,317,1
750,317,1
750,316,1
751,315,1
752,314,1
753,313,1
753,312,1
754,312,1
754,311,1
755,310,1
755,309,1
756,309,1
756,308,1
757,307,1
757,306,1
758,306,1
758,305,1
759,304,1
759,303,1
760,302,1
761,301,1
761,300,1
761,299,1
762,299,1
762,298,1
763,297,1
763,296,1
764,296,1
764,295,1
764,294,1
765,294,1
765,293,1
766,293,1
766,292,1
767,292,1
767,291,1
768,291,1
768,290,1
769,290,1
770,290,1
771,290,1
771,291,1
772,291,1
772,292,1
773,292,1
773,293,1
773,294,1
774,294,1
774,295,1
774,296,1
774,297,1
774,298,1
775,298,1
775,299,1
775,300,1
775,301,1
775,302,1
775,303,1
776,304,1
776,305,1
776,306,1
776,307,1
776,308,1
776,309,1
776,310,1
776,311,1
776,312,1
777,313,1
777,314,1
777,315,1
777,316,1
777,317,1
777,318,1
777,319,1
777,320,1
777,321,1
777,322,1
777,323,1
778,324,1
778,325,1
778,326,1
778,327,1
778,328,1
778,329,1
778,330,1
778,331,1
778,332,1
779,333,1
779,334,1
779,335,1
779,336,1
779,337,1
779,338,1
779,339,1
779,340,1
779,341,1
779,342,1
779,343,1
780,344,1
780,345,1
780,346,1
780,347,1
780,348,1
780,349,1
780,350,1
780,351,1
780,352,1
781,353,1
781,354,1
781,355,1
781,356,1
781,357,1
781,358,1
781,359,1
781,360,1
781,361,1
781,362,1
782,363,1
782,364,1
782,365,1
782,366,1
782,367,1
782,368,1
782,369,1
783,370,1
783,371,1
783,372,1
783,373,1
783,374,1
783,375,1
783,376,1
783,377,1
783,378,1
783,379,1
783,380,1
746,254,0
699,138,1
700,138,1
701,138,1
702,138,1
703,138,1
704,139,1
705,139,1
706,139,1
707,140,1
708,140,1
709,140,1
710,140,1
711,141,1
712,141,1
713,141,1
714,142,1
715,142,1
716,143,1
717,143,1
718,144,1
719,144,1
719,145,1
720,145,1
721,146,1
722,146,1
723,146,1
724,147,1
725,147,1
726,148,1
727,148,1
728,149,1
729,150,1
730,150,1
731,151,1
732,151,1
733,152,1
734,153,1
735,153,1
736,154,1
737,155,1
738,155,1
739,156,1
740,157,1
741,157,1
741,158,1
742,158,1
743,159,1
744,160,1
745,160,1
745,161,1
746,161,1
747,162,1
748,163,1
749,163,1
749,164,1
750,165,1
751,165,1
752,166,1
753,167,1
754,168,1
755,169,1
756,169,1
756,170,1
757,171,1
758,171,1
759,172,1
759,173,1
760,173,1
761,174,1
762,175,1
763,176,1
764,177,1
764,178,1
765,178,1
766,179,1
766,180,1
767,180,1
768,181,1
769,182,1
769,183,1
770,183,1
771,184,1
771,185,1
772,186,1
773,186,1
773,187,1
774,188,1
775,189,1
775,190,1
776,190,1
777,191,1
778,192,1
778,193,1
779,194,1
780,194,1
780,195,1
781,196,1
781,197,1
782,198,1
783,198,1
783,199,1
784,200,1
785,201,1
785,202,1
786,203,1
787,203,1
787,204,1
788,205,1
789,206,1
789,207,1
790,208,1
791,209,1
791,210,1
792,211,1
793,211,1
793,212,1
794,213,1
794,214,1
795,215,1
796,215,1
796,216,1
797,217,1
797,218,1
798,219,1
799,220,1
874,247,0
968,284,1
967,284,1
966,284,1
965,284,1
964,284,1
963,284,1
962,284,1
961,284,1
960,284,1
959,284,1
958,285,1
957,285,1
956,285,1
955,285,1
954,285,1
953,286,1
952,286,1
951,286,1
950,287,1
949,287,1
948,287,1
947,288,1
946,288,1
945,289,1
944,289,1
943,289,1
942,290,1
941,290,1
940,291,1
939,291,1
938,291,1
938,292,1
937,292,1
936,293,1
935,293,1
934,293,1
933,294,1
932,294,1
931,295,1
930,295,1
929,296,1
928,297,1
927,297,1
926,298,1
925,298,1
925,299,1
924,300,1
923,300,1
922,301,1
921,301,1
921,302,1
920,303,1
919,303,1
918,304,1
918,305,1
917,305,1
916,306,1
916,307,1
915,307,1
914,308,1
914,309,1
913,309,1
913,310,1
912,311,1
912,312,1
911,312,1
911,313,1
910,314,1
910,315,1
909,315,1
909,316,1
909,317,1
908,318,1
908,319,1
907,320,1
907,321,1
907,322,1
906,323,1
906,324,1
906,325,1
906,326,1
906,327,1
906,328,1
906,329,1
906,330,1
906,331,1
906,332,1
906,333,1
907,333,1
907,334,1
907,333,1
907,332,1
907,331,1
906,330,1
906,329,1
905,328,1
905,327,1
904,327,1
904,326,1
903,325,1
903,324,1
902,324,1
902,323,1
901,322,1
901,321,1
900,320,1
899,319,1
898,318,1
897,317,1
896,316,1
895,316,1
894,315,1
893,314,1
892,314,1
891,313,1
890,313,1
889,313,1
888,312,1
887,311,1
886,311,1
885,311,1
884,310,1
883,310,1
989,306,0
1085,285,1
1085,286,1
1085,287,1
1085,288,1
1085,289,1
1085,290,1
1085,291,1
1085,292,1
1085,293,1
1085,294,1
1085,295,1
1085,296,1
1085,297,1
1085,298,1
1085,299,1
1086,300,1
1086,301,1
1086,302,1
1086,303,1
1086,304,1
1087,305,1
1087,306,1
1087,307,1
1087,308,1
1088,309,1
1088,310,1
1088,311,1
1088,312,1
1088,313,1
1089,314,1
1089,315,1
1089,316,1
1089,317,1
1089,318,1
1090,319,1
1090,320,1
1090,321,1
1090,322,1
1091,322,1
1091,323,1
1091,324,1
1091,325,1
1092,326,1
1092,327,1
1092,328,1
1092,329,1
1093,329,1
1093,330,1
1093,331,1
1093,332,1
1094,333,1
1094,334,1
1094,335,1
1094,336,1
1094,337,1
1094,338,1
1095,339,1
1095,340,1
1095,341,1
1095,342,1
1095,343,1
1095,344,1
1095,345,1
1095,346,1
1095,347,1
1095,348,1
1095,349,1
1095,350,1
1095,351,1
1094,352,1
1094,353,1
1094,354,1
1094,355,1
1094,356,1
1093,356,1
1093,357,1
1093,358,1
1093,359,1
1092,359,1
1092,360,1
1092,361,1
1091,361,1
1091,362,1
1091,363,1
1090,364,1
1090,365,1
1089,365,1
1089,366,1
1089,367,1
1088,367,1
1088,368,1
1087,369,1
1087,370,1
1086,371,1
1086,372,1
1085,373,1
1085,374,1
1084,375,1
1084,376,1
1084,377,1
1083,377,1
1083,378,1
1082,379,1
1082,380,1
1082,381,1
1081,382,1
1081,383,1
1081,384,1
1081,385,1
1080,386,1
1080,387,1
1080,388,1
1080,389,1
1079,390,1
1079,391,1
1079,392,1
1079,393,1
1079,394,1
1079,395,1
1079,396,1
1079,397,1
1079,398,1
1079,399,1
1079,400,1
1079,401,1
1080,402,1
1080,403,1
1080,404,1
1080,405,1
1080,406,1
1081,406,1
1081,407,1
1081,408,1
1081,409,1
1082,410,1
1082,411,1
1083,412,1
1083,413,1
1084,414,1
1084,415,1
1085,416,1
1086,417,1
1086,418,1
1087,418,1
1087,419,1
1088,419,1
1088,420,1
1089,420,1
1089,421,1
1090,421,1
1090,422,1
1091,422,1
1090,422,1
1090,421,1
1089,421,1
1089,420,1
1088,420,1
1088,419,1
1087,419,1
1086,418,1
1085,418,1
1085,417,1
1084,417,1
1083,417,1
1083,416,1
1082,416,1
1081,416,1
1080,415,1
1079,415,1
1078,414,1
1077,414,1
1076,414,1
1075,413,1
1074,413,1
1073,413,1
1072,412,1
1071,412,1
1070,412,1
1069,412,1
1068,411,1
1067,411,1
1066,411,1
1065,411,1
1064,411,1
1063,410,1
1062,410,1
1061,410,1
1060,410,1
1059,410,1
1058,410,1
1057,410,1
1056,410,1
1055,410,1
1054,410,1
1053,410,1
1052,410,1
1051,410,1
1050,410,1
1049,410,1
1048,410,1
1047,410,1
1046,410,1
1045,410,1
1044,410,1
1043,410,1
1042,410,1
1041,410,1
1040,410,1
1039,410,1
1038,410,1
1037,411,1
1036,411,1
1035,411,1
1034,411,1
1033,411,1
1032,411,1
1031,411,1
1030,412,1
1029,412,1
1028,412,1
1027,412,1
1026,412,1
1025,412,1
1025,413,1
1024,413,1
1023,413,1
1022,413,1
1021,414,1
1020,414,1
1019,414,1
1018,414,1
1017,415,1
1016,415,1
1015,415,1
1014,415,1
1013,416,1
1012,416,1
1011,416,1
1010,416,1
1009,417,1
1008,417,1
1007,417,1
1006,418,1
1005,418,1
1004,419,1
1003,419,1
1002,419,1
1001,420,1
1000,420,1
999,420,1
998,421,1
997,421,1
996,422,1
995,422,1
994,422,1
993,423,1
992,424,1
991,424,1
990,425,1
989,425,1
988,425,1
987,426,1
986,426,1
985,427,1
984,427,1
984,428,1
983,428,1
982,429,1
981,429,1
980,430,1
979,430,1
978,431,1
977,431,1
976,432,1
975,433,1
974,433,1
973,434,1
972,434,1
971,435,1
970,435,1
970,436,1
969,437,1
968,437,1
967,438,1
966,438,1
965,439,1
964,440,1
963,440,1
963,441,1
962,441,1
961,442,1
960,443,1
959,443,1
958,444,1
957,444,1
957,445,1
956,446,1
955,446,1
954,447,1
953,448,1
952,448,1
951,449,1
951,450,1
950,450,1
949,451,1
948,452,1
947,452,1
946,453,1
946,454,1
945,454,1
944,455,1
943,456,1
942,456,1
941,457,1
941,458,1
940,458,1
939,459,1
938,460,1
937,461,1
936,461,1
936,462,1
935,463,1
934,464,1
933,464,1
932,465,1
931,466,1
930,467,1
929,468,1
928,469,1
927,470,1
926,470,1
925,471,1
925,472,1
924,473,1
923,474,1
922,474,1
921,475,1
921,476,1
920,477,1
919,478,1
918,478,1
917,479,1
916,480,1
915,481,1
915,482,1
914,483,1
913,483,1
912,484,1
911,485,1
910,486,1
910,487,1
909,488,1
690,326,0
449,175,1
450,175,1
451,175,1
452,175,1
453,175,1
454,175,1
455,175,1
456,175,1
457,175,1
458,175,1
459,175,1
460,175,1
461,175,1
462,175,1
463,175,1
464,175,1
465,175,1
466,175,1
467,175,1
468,175,1
469,175,1
470,175,1
471,175,1
472,175,1
473,175,1
474,175,1
475,175,1
476,175,1
477,175,1
478,175,1
479,175,1
480,175,1
481,175,1
482,175,1
483,175,1
484,175,1
485,175,1
486,175,1
487,175,1
488,175,1
489,175,1
490,175,1
491,175,1
492,175,1
493,175,1
494,175,1
495,175,1
496,175,1
497,175,1
498,175,1
499,175,1
500,175,1
501,175,1
502,175,1
503,175,1
504,175,1
505,175,1
506,175,1
507,175,1
508,175,1
509,175,1
510,175,1
511,175,1
512,175,1
513,175,1
514,175,1
515,175,1
516,175,1
517,175,1
518,175,1
519,175,1
520,175,1
521,175,1
522,175,1
523,175,1
524,175,1
525,175,1
526,175,1
527,175,1
528,175,1
529,175,1
530,175,1
531,175,1
532,175,1
533,175,1
534,175,1
535,175,1
536,175,1
537,175,1
538,175,1
539,175,1
540,175,1
541,175,1
542,175,1
543,175,1
544,175,1
545,175,1
546,175,1
547,175,1
548,175,1
549,175,1
550,175,1
551,175,1
552,175,1
553,175,1
554,175,1
555,175,1
556,175,1
557,175,1
558,175,1
559,175,1
560,175,1
561,175,1
562,175,1
563,175,1
564,175,1
565,175,1
566,175,1
567,175,1
568,175,1
569,175,1
570,175,1
571,175,1
572,175,1
573,175,1
574,175,1
575,175,1
576,175,1
577,175,1
578,175,1
579,175,1
580,175,1
581,175,1
582,175,1
583,175,1
584,175,1
585,175,1
586,175,1
587,175,1
588,175,1
589,175,1
590,175,1
591,175,1
592,175,1
593,175,1
594,175,1
595,175,1
596,175,1
597,175,1
598,175,1
599,175,1
600,175,1
601,175,1
602,175,1
603,175,1
604,175,1
605,175,1
606,175,1
607,175,1
608,175,1
609,175,1
610,175,1
611,175,1
612,175,1
613,175,1
614,175,1
615,175,1
616,175,1
617,175,1
618,175,1
619,175,1
620,175,1
621,175,1
622,175,1
623,175,1
624,175,1
625,175,1
626,175,1
627,175,1
628,175,1
629,175,1
630,175,1
631,175,1
632,175,1
633,175,1
634,175,1
635,175,1
636,175,1
637,175,1
638,174,1
639,174,1
640,174,1
641,174,1
642,174,1
643,174,1
644,174,1
645,174,1
646,174,1
647,174,1
648,174,1
649,174,1
650,174,1
651,174,1
652,174,1
653,174,1
654,174,1
655,174,1
656,174,1
657,174,1
658,174,1
659,174,1
660,174,1
661,174,1
662,174,1
663,174,1
664,174,1
665,174,1
666,174,1
667,174,1
668,174,1
669,174,1
670,174,1
671,174,1
672,174,1
673,174,1
674,174,1
675,174,1
676,174,1
677,174,1
678,174,1
679,174,1
680,174,1
681,174,1
682,174,1
683,174,1
684,174,1
685,174,1
686,174,1
687,174,1
688,174,1
689,174,1
690,174,1
691,174,1
692,174,1
693,174,1
694,174,1
695,174,1
696,174,1
697,174,1
698,174,1
699,174,1
700,174,1
701,174,1
702,174,1
703,174,1
704,174,1
705,174,1
706,174,1
707,174,1
708,174,1
709,174,1
710,174,1
711,174,1
712,174,1
713,174,1
714,174,1
715,174,1
716,174,1
717,174,1
718,174,1
719,174,1
720,174,1
721,174,1
722,174,1
723,174,1
724,174,1
725,174,1
726,174,1
727,174,1
728,174,1
729,174,1
730,174,1
731,174,1
732,174,1
733,174,1
734,174,1
735,174,1
736,174,1
737,174,1
738,174,1
739,174,1
740,174,1
741,174,1
742,174,1
743,174,1
744,174,1
745,174,1
746,174,1
747,174,1
748,174,1
749,174,1
750,174,1
751,174,1
752,174,1
753,174,1
754,174,1
755,174,1
756,174,1
757,174,1
758,175,1
759,175,1
760,175,1
761,175,1
762,175,1
763,175,1
764,175,1
765,175,1
766,175,1
767,175,1
768,175,1
769,175,1
770,175,1
771,175,1
772,175,1
773,175,1
774,175,1
775,175,1
776,175,1
777,175,1
778,175,1
779,175,1
780,175,1
781,175,1
782,175,1
783,175,1
784,175,1
785,175,1
786,175,1
787,176,1
788,176,1
789,176,1
790,176,1
791,176,1
792,176,1
793,176,1
794,176,1
795,176,1
796,176,1
797,176,1
798,176,1
799,176,1
800,176,1
801,176,1
802,176,1
803,176,1
804,176,1
805,176,1
806,176,1
807,176,1
808,176,1
809,177,1
810,177,1
811,177,1
812,177,1
813,177,1
814,177,1
815,177,1
816,177,1
817,177,1
818,177,1
819,177,1
820,177,1
821,177,1
822,177,1
823,177,1
824,177,1
825,177,1
826,177,1
827,177,1
828,177,1
829,177,1
830,177,1
831,178,1
832,178,1
833,178,1
834,178,1
835,178,1
836,178,1
837,178,1
838,178,1
839,178,1
840,178,1
841,178,1
842,178,1
843,178,1
844,178,1
845,178,1
846,178,1
847,178,1
848,178,1
849,178,1
850,178,1
851,178,1
852,178,1
853,178,1
854,178,1
855,178,1
856,179,1
857,179,1
858,179,1
859,179,1
860,179,1
861,179,1
862,179,1
863,179,1
864,179,1
865,179,1
866,179,1
867,179,1
868,179,1
869,179,1
870,179,1
871,179,1
872,179,1
873,179,1
874,179,1
875,179,1
876,179,1
877,179,1
878,179,1
879,179,1
880,180,1
881,180,1
882,180,1
883,180,1
884,180,1
885,180,1
886,180,1
887,180,1
888,180,1
889,180,1
890,180,1
891,180,1
892,180,1
893,180,1
894,180,1
895,180,1
896,180,1
897,180,1
898,180,1
899,180,1
900,180,1
901,180,1
902,181,1
903,181,1
904,181,1
905,181,1
906,181,1
907,181,1
908,181,1
909,181,1
910,181,1
911,181,1
912,181,1
913,181,1
914,181,1
915,181,1
916,181,1
917,182,1
918,182,1
919,182,1
920,182,1
921,182,1
922,182,1
923,182,1
924,182,1
925,182,1
926,182,1
927,182,1
928,182,1
929,182,1
930,182,1
931,182,1
932,183,1
933,183,1
934,183,1
935,183,1
936,183,1
937,183,1
938,183,1
939,183,1
940,183,1
941,183,1
942,183,1
943,183,1
944,183,1
945,183,1
946,183,1
947,183,1
948,183,1
949,184,1
950,184,1
951,184,1
952,184,1
953,184,1
954,184,1
955,184,1
956,184,1
957,184,1
958,184,1
959,184,1
960,184,1
961,184,1
962,184,1
963,184,1
964,184,1
965,184,1
966,184,1
967,184,1
968,184,1
969,184,1
970,184,1
971,184,1
972,184,1
973,184,1
974,184,1
975,184,1
976,184,1
977,184,1
978,185,1
979,185,1
980,185,1
981,185,1
982,185,1
983,185,1
984,185,1
985,185,1
986,185,1
987,185,1
988,185,1
989,185,1
990,185,1
991,185,1
992,185,1
993,185,1
994,185,1
995,185,1
996,185,1
997,185,1
998,185,1
999,185,1
1000,185,1
1001,185,1
1002,185,1
1003,185,1
1004,185,1
1005,185,1
1006,185,1
1007,185,1
1008,185,1
1009,185,1
1010,185,1
1011,185,1
1012,185,1
1013,185,1
1014,185,1
1015,185,1
1016,185,1
1017,186,1
1018,186,1
1019,186,1
1020,186,1
1021,186,1
1022,186,1
1023,186,1
1024,186,1
1025,186,1
1026,186,1
1027,186,1
1028,186,1
1029,186,1
1030,186,1
1031,186,1
1032,186,1
1033,186,1
1034,186,1
1035,186,1
1036,186,1
1037,186,1
1038,186,1
1039,186,1
1040,186,1
1041,186,1
1042,186,1
1043,186,1
1044,186,1
1045,186,1
1046,186,1
1047,186,1
1048,186,1
1049,186,1
1050,186,1
1051,186,1
1052,186,1
1053,186,1
1054,186,1
1055,186,1
1056,186,1
1057,186,1
1058,186,1
1059,186,1
1060,186,1
1061,186,1
1062,186,1
1063,186,1
1064,186,1
1065,186,1
1066,186,1
1067,186,1
1068,186,1
1069,186,1
1070,186,1
1071,186,1
1072,186,1
1073,186,1
1074,187,1
1075,187,1
1076,187,1
1077,187,1
1078,187,1
1079,187,1
1080,187,1
1081,187,1
1082,187,1
1083,187,1
1084,187,1
1085,187,1
1086,187,1
1087,187,1
1088,187,1
1089,187,1
1090,187,1
1091,187,1
1092,187,1
1093,187,1
1094,187,1
1095,187,1
1096,187,1
1097,187,1
1098,188,1
1099,188,1
1100,188,1
1101,188,1
1102,188,1
1103,188,1
1104,188,1
1105,188,1
1106,188,1
1107,188,1
1108,188,1
1109,188,1
1110,188,1
1111,188,1
1112,188,1
1113,188,1
1114,188,1
1115,188,1
1116,188,1
1117,188,1
1118,188,1
1119,188,1
1120,188,1
1121,188,1
1122,188,1
1123,188,1
1124,188,1
1125,188,1
1126,188,1
1127,188,1
1128,188,1
1129,188,1
1130,188,1
1131,188,1
1132,188,1
1133,188,1
1134,188,1
1135,188,1
1136,188,1
1137,188,1
1138,188,1
1139,188,1
1140,188,1
1141,188,1
1142,188,1
1143,188,1
1144,188,1
1145,188,1
1146,188,1
1147,188,1
1148,188,1
1149,188,1
1150,188,1
1151,188,1
1152,188,1
1153,188,1
1154,188,1
1155,188,1
1156,188,1
1157,188,1
1158,188,1
1159,188,1
1160,188,1
1161,188,1
1162,188,1
1163,188,1
1163,188,0
