87,176,1
87,177,1
85,225,1
84,225,1
84,226,1
84,227,1
84,228,1
84,229,1
84,230,1
84,231,1
83,231,1
83,232,1
83,233,1
82,233,1
82,232,1
81,232,1
81,231,1
81,230,1
81,229,1
81,228,1
81,227,1
81,226,1
81,225,1
81,224,1
81,223,1
81,222,1
81,221,1
81,220,1
81,219,1
81,218,1
81,217,1
81,216,1
81,215,1
81,214,1
81,213,1
81,212,1
81,211,1
81,210,1
81,209,1
81,208,1
81,207,1
81,206,1
81,205,1
81,204,1
81,203,1
82,202,1
82,201,1
82,200,1
82,199,1
82,198,1
82,197,1
82,196,1
82,195,1
83,195,1
83,194,1
83,193,1
83,192,1
83,191,1
83,190,1
84,190,1
84,189,1
84,188,1
84,187,1
84,186,1
85,185,1
85,184,1
85,183,1
85,182,1
86,182,1
86,181,1
86,180,1
86,179,1
87,178,1
87,177,1
87,176,1
87,175,1
88,175,1
88,174,1
88,173,1
89,172,1
89,171,1
89,170,1
90,170,1
90,169,1
90,168,1
91,168,1
91,167,1
91,166,1
92,166,1
92,165,1
92,164,1
93,164,1
93,163,1
93,162,1
94,162,1
94,161,1
95,161,1
95,160,1
95,159,1
96,159,1
96,158,1
97,158,1
97,157,1
98,157,1
98,156,1
99,155,1
100,154,1
101,153,1
102,153,1
102,152,1
103,152,1
103,151,1
104,151,1
104,150,1
105,150,1
105,149,1
106,149,1
106,148,1
107,148,1
107,147,1
108,147,1
109,146,1
110,146,1
110,145,1
111,145,1
112,144,1
113,144,1
113,143,1
114,143,1
115,142,1
116,142,1
117,141,1
118,141,1
119,140,1
120,140,1
120,139,1
121,139,1
122,139,1
123,138,1
124,138,1
125,138,1
125,137,1
126,137,1
127,137,1
128,136,1
129,136,1
130,136,1
131,135,1
132,135,1
133,135,1
134,135,1
134,134,1
135,134,1
136,134,1
137,134,1
138,134,1
139,134,1
140,133,1
141,133,1
142,133,1
143,133,1
144,133,1
145,133,1
146,133,1
147,133,1
148,133,1
149,133,1
150,133,1
150,134,1
151,134,1
152,134,1
153,134,1
154,135,1
155,135,1
156,135,1
156,136,1
157,136,1
158,137,1
159,137,1
159,138,1
160,138,1
161,139,1
162,140,1
163,141,1
163,142,1
164,142,1
164,143,1
165,143,1
165,144,1
166,145,1
166,146,1
167,146,1
167,147,1
167,148,1
168,149,1
168,150,1
169,150,1
169,151,1
169,152,1
169,153,1
170,153,1
170,154,1
170,155,1
170,156,1
171,157,1
171,158,1
171,159,1
171,160,1
171,161,1
172,162,1
172,163,1
172,164,1
172,165,1
172,166,1
172,167,1
172,168,1
172,169,1
172,170,1
172,171,1
173,172,1
173,173,1
173,174,1
173,175,1
173,176,1
173,177,1
173,178,1
173,179,1
173,180,1
173,181,1
172,182,1
172,183,1
172,184,1
172,185,1
172,186,1
172,187,1
172,188,1
172,189,1
172,190,1
172,191,1
172,192,1
172,193,1
172,194,1
172,195,1
172,196,1
171,197,1
171,198,1
171,199,1
171,200,1
171,201,1
171,202,1
171,203,1
171,204,1
171,205,1
171,206,1
171,207,1
170,207,1
170,208,1
170,209,1
170,210,1
170,211,1
170,212,1
170,213,1
170,214,1
170,215,1
170,214,1
170,213,1
171,213,1
171,212,1
171,211,1
171,210,1
171,209,1
171,208,1
171,207,1
139,189,1
138,189,1
137,189,1
137,190,1
136,190,1
135,190,1
135,191,1
134,191,1
133,191,1
133,192,1
132,192,1
131,192,1
131,193,1
130,193,1
129,194,1
128,194,1
128,195,1
127,195,1
127,196,1
126,196,1
125,197,1
125,198,1
124,198,1
123,199,1
123,200,1
122,201,1
122,202,1
121,202,1
121,203,1
121,204,1
120,204,1
120,205,1
120,206,1
120,207,1
120,208,1
120,209,1
120,210,1
121,210,1
245,206,1
245,205,1
244,205,1
244,204,1
244,203,1
243,203,1
243,202,1
242,202,1
242,201,1
241,200,1
241,199,1
240,199,1
240,198,1
239,198,1
239,197,1
238,197,1
237,196,1
236,196,1
235,196,1
235,195,1
234,195,1
233,195,1
232,195,1
232,194,1
231,194,1
230,194,1
229,194,1
228,194,1
227,194,1
226,194,1
225,195,1
224,195,1
223,195,1
222,195,1
222,196,1
221,196,1
220,196,1
219,197,1
218,197,1
218,198,1
217,198,1
216,199,1
215,200,1
215,201,1
214,201,1
214,202,1
213,202,1
213,203,1
212,204,1
212,205,1
211,206,1
211,207,1
211,208,1
210,208,1
210,209,1
210,210,1
210,211,1
210,212,1
211,213,1
211,214,1
211,215,1
211,216,1
211,217,1
212,218,1
213,219,1
214,220,1
215,220,1
216,220,1
214,177,0
215,134,1
214,134,1
213,134,1
212,134,1
211,134,1
210,134,1
209,134,1
208,134,1
207,134,1
206,134,1
205,133,1
204,133,1
203,132,1
202,132,1
202,131,1
202,130,1
202,129,1
203,129,1
204,129,1
205,128,1
206,128,1
207,128,1
208,128,1
209,128,1
210,128,1
211,128,1
212,128,1
213,128,1
213,129,1
214,129,1
215,129,1
216,129,1
217,129,1
218,129,1
218,130,1
219,130,1
220,130,1
221,130,1
221,131,1
222,131,1
223,131,1
224,132,1
225,132,1
226,132,1
226,133,1
227,133,1
228,134,1
229,134,1
230,135,1
231,135,1
232,136,1
233,136,1
233,137,1
234,137,1
234,138,1
235,138,1
236,139,1
237,139,1
237,140,1
238,140,1
238,141,1
239,141,1
240,142,1
241,143,1
242,144,1
243,145,1
244,146,1
245,147,1
246,148,1
246,149,1
247,149,1
247,150,1
248,150,1
248,151,1
249,152,1
249,153,1
250,154,1
251,155,1
251,156,1
251,157,1
252,157,1
252,158,1
252,159,1
253,159,1
253,160,1
253,161,1
254,162,1
254,163,1
254,164,1
254,165,1
255,165,1
255,166,1
255,167,1
255,168,1
256,168,1
256,169,1
256,170,1
256,171,1
257,172,1
257,173,1
257,174,1
258,174,1
258,175,1
258,176,1
259,177,1
259,178,1
259,179,1
260,179,1
260,180,1
261,181,1
262,182,1
263,182,1
264,182,1
265,182,1
276,190,0
289,198,1
288,198,1
288,199,1
287,199,1
286,200,1
285,200,1
285,201,1
284,201,1
283,202,1
282,202,1
281,202,1
280,202,1
279,202,1
278,202,1
277,201,1
276,201,1
275,201,1
275,200,1
275,199,1
275,198,1
275,197,1
275,196,1
276,196,1
277,195,1
278,195,1
279,194,1
280,194,1
281,194,1
282,194,1
283,194,1
284,194,1
285,194,1
286,194,1
287,194,1
287,195,1
288,195,1
289,195,1
290,195,1
290,196,1
291,196,1
292,196,1
292,197,1
293,197,1
294,197,1
295,198,1
296,198,1
297,199,1
298,199,1
299,200,1
300,201,1
301,201,1
302,201,1
302,202,1
303,202,1
304,203,1
305,203,1
306,204,1
307,204,1
308,204,1
308,205,1
309,205,1
310,205,1
311,206,1
312,206,1
313,207,1
314,207,1
315,207,1
316,207,1
317,207,1
318,207,1
319,207,1
328,195,0
338,181,1
338,182,1
338,183,1
338,184,1
338,185,1
338,186,1
338,187,1
338,188,1
338,189,1
338,190,1
337,190,1
337,191,1
337,192,1
337,193,1
337,194,1
337,195,1
337,196,1
336,196,1
336,197,1
336,198,1
336,199,1
336,200,1
336,201,1
335,202,1
335,203,1
335,204,1
335,205,1
334,206,1
334,207,1
333,208,1
333,209,1
332,209,1
217,187,0
99,166,1
100,166,1
101,166,1
102,166,1
103,165,1
104,165,1
105,165,1
106,165,1
107,165,1
108,165,1
109,165,1
110,165,1
111,165,1
112,165,1
113,165,1
113,164,1
114,164,1
115,164,1
116,164,1
117,164,1
118,164,1
119,164,1
120,164,1
121,164,1
122,164,1
123,164,1
124,164,1
125,164,1
125,163,1
126,163,1
127,163,1
128,163,1
129,163,1
130,163,1
131,163,1
132,163,1
133,163,1
134,163,1
135,163,1
136,163,1
137,163,1
138,163,1
139,163,1
140,163,1
141,162,1
142,162,1
143,162,1
144,162,1
145,162,1
146,162,1
147,162,1
148,162,1
149,162,1
150,162,1
151,162,1
152,162,1
153,162,1
154,162,1
155,162,1
156,162,1
157,162,1
157,161,1
158,161,1
159,161,1
160,161,1
161,161,1
162,161,1
163,161,1
164,161,1
165,161,1
166,161,1
167,161,1
168,161,1
169,161,1
170,161,1
171,161,1
172,161,1
173,161,1
174,161,1
175,161,1
175,160,1
176,160,1
177,160,1
178,160,1
179,160,1
180,160,1
181,160,1
182,160,1
183,160,1
184,160,1
185,160,1
186,160,1
187,160,1
188,160,1
189,160,1
190,160,1
191,160,1
192,160,1
192,159,1
193,159,1
194,159,1
195,159,1
196,159,1
197,159,1
198,159,1
199,159,1
200,159,1
201,159,1
202,159,1
203,159,1
204,159,1
205,159,1
206,159,1
207,159,1
208,159,1
208,158,1
209,158,1
210,158,1
211,158,1
212,158,1
213,158,1
214,158,1
215,158,1
216,158,1
217,158,1
218,158,1
219,158,1
220,158,1
221,158,1
222,158,1
223,158,1
224,158,1
224,157,1
225,157,1
226,157,1
227,157,1
228,157,1
229,157,1
230,157,1
231,157,1
232,157,1
233,157,1
234,157,1
235,157,1
236,157,1
237,157,1
238,157,1
239,157,1
240,157,1
241,157,1
241,156,1
242,156,1
243,156,1
244,156,1
245,156,1
246,156,1
247,156,1
248,156,1
249,156,1
250,156,1
251,156,1
252,156,1
253,156,1
254,156,1
255,156,1
256,156,1
257,156,1
258,156,1
259,156,1
259,155,1
260,155,1
261,155,1
262,155,1
263,155,1
264,155,1
265,155,1
266,155,1
267,155,1
268,155,1
269,155,1
270,155,1
271,155,1
272,155,1
273,155,1
274,155,1
275,155,1
276,155,1
277,155,1
278,155,1
278,154,1
279,154,1
280,154,1
281,154,1
282,154,1
283,154,1
284,154,1
285,154,1
286,154,1
287,154,1
288,154,1
289,154,1
290,154,1
291,154,1
292,154,1
293,154,1
294,154,1
295,154,1
296,154,1
297,154,1
298,153,1
299,153,1
300,153,1
301,153,1
302,153,1
303,153,1
304,153,1
305,153,1
306,153,1
307,153,1
308,153,1
309,153,1
310,153,1
311,153,1
312,153,1
313,153,1
314,153,1
315,153,1
316,153,1
316,152,1
317,152,1
318,152,1
319,152,1
320,152,1
321,152,1
322,152,1
323,152,1
324,152,1
325,152,1
326,152,1
327,152,1
328,152,1
329,152,1
330,152,1
331,152,1
332,152,1
333,152,1
334,152,1
335,151,1
336,151,1
337,151,1
338,151,1
339,151,1
340,151,1
341,151,1
342,151,1
343,151,1
344,151,1
345,151,1
346,151,1
347,151,1
348,151,1
349,151,1
350,151,1
351,151,1
352,150,1
353,150,1
354,150,1
355,150,1
356,150,1
357,150,1
358,150,1
359,150,1
360,150,1
361,150,1
362,150,1
363,150,1
363,149,1
364,149,1
365,149,1
366,149,1
367,149,1
368,149,1
369,149,1
370,149,1
371,149,1
372,149,1
373,149,1
374,148,1
375,148,1
376,148,1
377,148,1
378,148,1
379,148,1
380,148,1
381,148,1
382,148,1
383,148,1
384,148,1
384,147,1
385,147,1
386,147,1
387,147,1
388,147,1
389,147,1
390,147,1
391,147,1
392,147,1
393,147,1
394,147,1
394,146,1
395,146,1
396,146,1
397,146,1
398,146,1
399,146,1
400,146,1
401,146,1
402,146,1
403,146,1
402,146,1
401,146,1
400,146,1
399,147,1
398,147,1
397,147,1
396,147,1
396,148,1
395,148,1
395,148,0
