103,233,1
103,234,1
100,283,1
100,284,1
100,285,1
100,286,1
100,287,1
100,288,1
99,289,1
99,290,1
99,291,1
99,292,1
99,293,1
99,294,1
99,295,1
99,296,1
99,297,1
99,298,1
99,299,1
99,300,1
99,301,1
99,302,1
98,303,1
98,304,1
98,305,1
98,306,1
98,307,1
98,308,1
98,309,1
98,310,1
97,311,1
96,310,1
96,309,1
96,308,1
96,307,1
96,306,1
95,305,1
95,304,1
95,303,1
95,302,1
95,301,1
95,300,1
95,299,1
95,298,1
95,297,1
95,296,1
96,295,1
96,294,1
96,293,1
96,292,1
96,291,1
96,290,1
96,289,1
96,288,1
96,287,1
96,286,1
96,285,1
96,284,1
96,283,1
96,282,1
97,281,1
97,280,1
97,279,1
97,278,1
97,277,1
97,276,1
97,275,1
97,274,1
98,273,1
98,272,1
98,271,1
98,270,1
98,269,1
98,268,1
98,267,1
98,266,1
98,265,1
98,264,1
98,263,1
99,262,1
99,261,1
99,260,1
99,259,1
99,258,1
99,257,1
100,256,1
100,255,1
100,254,1
100,253,1
100,252,1
113,206,1
113,205,1
114,204,1
114,203,1
115,202,1
115,201,1
115,200,1
116,199,1
117,198,1
117,197,1
117,196,1
118,196,1
118,195,1
118,194,1
119,193,1
120,192,1
120,191,1
120,190,1
121,189,1
121,188,1
122,188,1
122,187,1
123,186,1
123,185,1
124,184,1
124,183,1
125,183,1
125,182,1
126,181,1
126,180,1
127,179,1
127,178,1
128,178,1
129,177,1
129,176,1
130,175,1
131,174,1
131,173,1
132,173,1
132,172,1
133,171,1
133,170,1
134,170,1
135,169,1
135,168,1
136,168,1
136,167,1
137,166,1
138,165,1
139,164,1
140,163,1
141,162,1
142,161,1
143,160,1
143,159,1
144,159,1
145,158,1
145,157,1
146,156,1
147,156,1
148,155,1
148,154,1
149,154,1
150,153,1
151,152,1
152,151,1
153,150,1
154,150,1
154,149,1
155,148,1
156,148,1
157,147,1
158,146,1
159,146,1
159,145,1
160,144,1
161,144,1
162,143,1
163,143,1
163,142,1
164,142,1
165,141,1
166,141,1
167,140,1
168,139,1
169,139,1
170,138,1
171,137,1
172,137,1
173,136,1
174,136,1
174,135,1
175,135,1
176,135,1
177,134,1
178,134,1
178,133,1
179,133,1
180,133,1
181,132,1
182,132,1
183,131,1
184,131,1
185,130,1
186,130,1
187,129,1
188,129,1
189,128,1
190,128,1
191,128,1
192,127,1
193,127,1
194,126,1
195,126,1
196,126,1
197,125,1
198,125,1
199,124,1
200,124,1
201,124,1
202,124,1
203,123,1
204,123,1
205,123,1
206,123,1
207,122,1
208,122,1
209,122,1
210,122,1
211,121,1
212,121,1
213,121,1
214,121,1
215,120,1
216,120,1
217,120,1
218,120,1
219,120,1
220,119,1
221,119,1
222,119,1
223,119,1
224,119,1
225,119,1
226,118,1
227,118,1
228,118,1
229,118,1
230,118,1
231,118,1
232,118,1
233,118,1
234,118,1
235,118,1
236,119,1
237,119,1
238,119,1
239,119,1
240,119,1
241,120,1
242,120,1
243,120,1
244,121,1
245,121,1
246,121,1
247,121,1
247,122,1
248,122,1
249,122,1
250,123,1
251,123,1
252,124,1
253,124,1
253,125,1
254,125,1
255,126,1
256,127,1
257,127,1
258,128,1
258,129,1
259,129,1
260,130,1
260,131,1
261,131,1
262,132,1
262,133,1
263,133,1
264,134,1
264,135,1
265,136,1
266,137,1
266,138,1
267,139,1
268,140,1
268,141,1
269,142,1
269,143,1
270,143,1
270,144,1
270,145,1
271,146,1
271,147,1
271,148,1
272,148,1
272,149,1
272,150,1
273,151,1
273,152,1
273,153,1
274,153,1
274,154,1
274,155,1
274,156,1
274,157,1
275,158,1
275,159,1
275,160,1
276,161,1
276,162,1
276,163,1
277,164,1
277,165,1
277,166,1
277,167,1
277,168,1
278,169,1
278,170,1
278,171,1
278,172,1
278,173,1
278,174,1
278,175,1
279,176,1
279,177,1
279,178,1
279,179,1
279,180,1
279,181,1
279,182,1
280,183,1
280,184,1
280,185,1
280,186,1
280,187,1
280,188,1
281,189,1
281,190,1
281,191,1
281,192,1
281,193,1
281,194,1
281,195,1
281,196,1
281,197,1
281,198,1
281,199,1
281,200,1
282,201,1
282,202,1
282,203,1
282,204,1
282,205,1
282,206,1
282,207,1
282,208,1
282,209,1
282,210,1
282,211,1
282,212,1
282,213,1
282,214,1
282,215,1
282,216,1
282,217,1
282,218,1
282,219,1
282,220,1
282,221,1
282,222,1
282,223,1
282,224,1
282,225,1
282,226,1
282,227,1
282,228,1
282,229,1
282,230,1
282,231,1
282,232,1
282,233,1
281,233,1
281,234,1
281,235,1
281,236,1
281,237,1
281,238,1
281,239,1
281,240,1
281,241,1
281,242,1
281,243,1
280,243,1
280,244,1
280,245,1
280,246,1
280,247,1
280,248,1
280,249,1
280,250,1
279,251,1
279,252,1
279,253,1
279,254,1
279,255,1
279,256,1
278,257,1
278,258,1
278,259,1
278,260,1
278,261,1
278,262,1
278,263,1
278,264,1
278,265,1
277,266,1
277,267,1
277,268,1
277,269,1
277,270,1
276,271,1
276,272,1
276,273,1
276,274,1
275,275,1
275,276,1
275,277,1
275,278,1
274,279,1
274,280,1
274,281,1
274,282,1
274,283,1
273,284,1
273,285,1
273,286,1
273,287,1
273,288,1
272,289,1
272,290,1
272,291,1
272,292,1
272,293,1
271,293,1
271,294,1
271,295,1
271,296,1
271,297,1
270,297,1
270,298,1
270,297,1
271,296,1
271,295,1
271,294,1
271,293,1
271,292,1
272,292,1
272,291,1
272,290,1
272,289,1
272,288,1
272,287,1
273,286,1
273,285,1
273,284,1
273,283,1
273,282,1
273,281,1
273,280,1
273,279,1
273,278,1
273,277,1
273,276,1
273,275,1
273,274,1
273,273,1
273,272,1
273,271,1
273,270,1
273,269,1
273,268,1
273,267,1
273,266,1
273,265,1
273,264,1
273,263,1
273,262,1
273,261,1
273,260,1
273,259,1
273,258,1
273,257,1
272,256,1
272,255,1
272,254,1
272,253,1
271,252,1
271,251,1
271,250,1
270,249,1
270,248,1
270,247,1
269,246,1
269,245,1
268,245,1
268,244,1
267,243,1
267,242,1
266,241,1
266,240,1
265,240,1
265,239,1
264,238,1
263,238,1
263,237,1
262,236,1
261,236,1
261,235,1
260,235,1
259,234,1
258,233,1
257,232,1
256,232,1
255,231,1
254,231,1
254,230,1
253,230,1
252,230,1
252,229,1
251,229,1
250,229,1
249,228,1
248,228,1
247,228,1
246,227,1
245,227,1
244,227,1
243,227,1
242,227,1
241,226,1
240,226,1
239,226,1
238,226,1
237,226,1
236,226,1
235,226,1
234,226,1
233,226,1
232,226,1
231,226,1
230,226,1
229,226,1
228,226,1
227,226,1
226,226,1
225,227,1
224,227,1
223,227,1
222,227,1
221,227,1
220,227,1
219,227,1
218,228,1
217,228,1
216,228,1
215,228,1
214,228,1
213,229,1
212,229,1
211,229,1
210,229,1
209,229,1
208,230,1
207,230,1
206,231,1
205,231,1
204,231,1
203,231,1
203,232,1
202,232,1
201,232,1
200,233,1
199,233,1
198,233,1
197,234,1
196,234,1
195,234,1
195,235,1
194,235,1
193,235,1
192,236,1
191,236,1
190,237,1
189,237,1
188,237,1
188,238,1
187,238,1
186,238,1
185,239,1
184,239,1
184,240,1
183,240,1
182,240,1
181,241,1
180,241,1
180,242,1
179,242,1
178,242,1
177,243,1
176,244,1
175,244,1
174,245,1
173,245,1
173,246,1
172,246,1
171,247,1
170,248,1
169,249,1
168,249,1
167,250,1
167,251,1
166,251,1
166,252,1
165,252,1
164,253,1
164,254,1
163,254,1
163,255,1
162,255,1
162,256,1
161,257,1
160,258,1
160,259,1
160,260,1
159,260,1
159,261,1
159,262,1
158,263,1
158,264,1
158,265,1
158,266,1
158,267,1
158,268,1
158,269,1
158,270,1
159,271,1
159,272,1
159,273,1
160,274,1
161,275,1
161,276,1
162,276,1
162,277,1
163,277,1
164,278,1
165,278,1
166,279,1
167,279,1
168,279,1
169,279,1
170,280,1
171,280,1
172,280,1
173,280,1
174,280,1
175,280,1
176,280,1
177,279,1
178,279,1
179,279,1
180,279,1
181,279,1
182,278,1
183,278,1
184,277,1
185,277,1
186,277,1
186,276,1
187,276,1
188,275,1
189,275,1
190,274,1
191,273,1
192,273,1
193,272,1
193,271,1
194,271,1
195,270,1
195,269,1
196,268,1
197,268,1
197,267,1
198,266,1
198,265,1
199,264,1
199,263,1
200,263,1
200,262,1
200,261,1
200,260,1
200,259,1
200,258,1
200,257,1
200,256,1
200,255,1
199,255,1
199,254,1
198,253,1
198,252,1
197,252,1
197,251,1
196,251,1
196,250,1
195,250,1
194,249,1
193,249,1
192,248,1
191,248,1
190,248,1
189,248,1
188,248,1
188,247,1
187,247,1
186,247,1
185,247,1
184,247,1
183,247,1
182,247,1
181,247,1
180,247,1
179,247,1
178,247,1
177,247,1
176,247,1
175,247,1
174,247,1
173,248,1
172,248,1
171,248,1
170,248,1
169,248,1
168,248,1
167,248,1
166,248,1
165,249,1
164,249,1
163,249,1
163,250,1
162,250,1
161,251,1
160,252,1
161,253,1
162,253,1
301,226,0
442,198,1
442,199,1
442,200,1
441,201,1
441,202,1
441,203,1
441,204,1
441,205,1
440,206,1
440,207,1
440,208,1
440,209,1
440,210,1
439,211,1
439,212,1
439,213,1
439,214,1
439,215,1
438,216,1
438,217,1
438,218,1
438,219,1
438,220,1
437,221,1
437,222,1
437,223,1
437,224,1
437,225,1
436,226,1
436,227,1
436,228,1
435,228,1
435,229,1
435,230,1
435,231,1
434,232,1
434,233,1
434,234,1
434,235,1
433,236,1
433,237,1
433,238,1
433,239,1
432,240,1
432,241,1
432,242,1
431,243,1
431,244,1
431,245,1
430,246,1
430,247,1
430,248,1
429,248,1
429,249,1
429,250,1
428,251,1
428,252,1
428,253,1
427,254,1
427,255,1
427,256,1
426,257,1
426,258,1
426,259,1
425,260,1
425,261,1
424,262,1
424,263,1
423,264,1
423,265,1
422,265,1
422,266,1
421,266,1
421,267,1
420,267,1
419,267,1
418,267,1
417,266,1
416,266,1
416,265,1
416,264,1
415,264,1
415,263,1
415,262,1
414,262,1
414,261,1
414,260,1
414,259,1
413,258,1
413,257,1
413,256,1
412,255,1
412,254,1
412,253,1
411,253,1
411,252,1
411,251,1
410,250,1
410,249,1
410,248,1
409,248,1
409,247,1
408,246,1
408,245,1
407,244,1
406,243,1
406,242,1
406,241,1
405,241,1
405,240,1
404,239,1
403,239,1
403,238,1
402,238,1
402,237,1
401,237,1
400,236,1
399,235,1
398,235,1
397,234,1
396,234,1
395,233,1
394,233,1
393,233,1
393,232,1
392,232,1
391,232,1
390,232,1
389,232,1
388,232,1
387,232,1
386,232,1
385,232,1
384,232,1
383,232,1
382,232,1
381,232,1
380,233,1
379,233,1
378,233,1
377,233,1
376,234,1
375,234,1
374,235,1
373,235,1
372,236,1
371,236,1
370,237,1
369,238,1
368,239,1
367,239,1
366,240,1
365,240,1
365,241,1
364,242,1
363,242,1
363,243,1
362,244,1
361,244,1
361,245,1
360,245,1
359,246,1
359,247,1
358,247,1
357,248,1
357,249,1
356,249,1
356,250,1
355,251,1
355,252,1
354,252,1
354,253,1
354,254,1
353,254,1
353,255,1
352,256,1
352,257,1
352,258,1
351,258,1
351,259,1
351,260,1
351,261,1
350,262,1
350,263,1
349,264,1
349,265,1
349,266,1
349,267,1
349,268,1
349,269,1
349,270,1
349,271,1
350,272,1
350,273,1
351,273,1
351,274,1
352,274,1
353,275,1
354,275,1
355,275,1
356,274,1
358,204,0
367,132,1
366,132,1
365,132,1
364,132,1
363,132,1
362,133,1
361,133,1
360,133,1
359,133,1
358,133,1
357,133,1
356,133,1
355,133,1
354,133,1
353,132,1
352,132,1
351,132,1
350,132,1
349,131,1
348,131,1
347,130,1
346,130,1
345,130,1
344,130,1
344,129,1
343,129,1
342,128,1
341,128,1
341,127,1
340,127,1
340,126,1
339,126,1
339,125,1
338,125,1
338,124,1
338,123,1
338,122,1
338,121,1
338,120,1
338,119,1
338,118,1
339,118,1
339,117,1
339,116,1
340,115,1
341,115,1
341,114,1
342,113,1
343,113,1
343,112,1
344,112,1
345,111,1
346,111,1
346,110,1
347,110,1
348,110,1
349,109,1
350,109,1
351,109,1
352,109,1
353,108,1
354,108,1
355,108,1
356,108,1
357,108,1
358,108,1
359,108,1
360,108,1
361,108,1
362,108,1
363,108,1
364,108,1
365,108,1
366,108,1
367,108,1
368,108,1
369,108,1
370,109,1
371,109,1
372,109,1
373,109,1
374,109,1
375,110,1
376,110,1
377,110,1
378,111,1
379,111,1
380,111,1
381,112,1
382,112,1
383,112,1
383,113,1
384,113,1
385,113,1
386,114,1
387,114,1
388,115,1
389,115,1
390,116,1
391,116,1
392,117,1
393,117,1
394,118,1
395,118,1
395,119,1
396,119,1
397,120,1
398,120,1
398,121,1
399,121,1
400,122,1
401,122,1
402,123,1
403,124,1
404,124,1
404,125,1
405,125,1
406,126,1
407,126,1
407,127,1
408,128,1
409,128,1
410,129,1
410,130,1
411,130,1
412,131,1
413,132,1
413,133,1
414,133,1
415,134,1
415,135,1
416,136,1
417,136,1
417,137,1
418,138,1
419,139,1
420,140,1
420,141,1
421,142,1
422,142,1
422,143,1
423,144,1
423,145,1
424,145,1
424,146,1
425,147,1
425,148,1
426,148,1
426,149,1
427,150,1
428,151,1
428,152,1
429,153,1
430,154,1
430,155,1
431,156,1
431,157,1
432,158,1
433,159,1
433,160,1
434,161,1
434,162,1
435,163,1
436,164,1
436,165,1
437,166,1
437,167,1
438,168,1
439,169,1
439,170,1
440,171,1
440,172,1
441,173,1
442,174,1
442,175,1
443,176,1
443,177,1
444,178,1
445,179,1
446,180,1
446,181,1
447,182,1
447,183,1
448,183,1
448,184,1
449,185,1
450,185,1
450,186,1
451,187,1
451,188,1
452,188,1
453,188,1
453,189,1
472,184,0
493,183,1
492,182,1
492,181,1
493,180,1
493,179,1
494,178,1
495,177,1
496,177,1
497,176,1
498,176,1
499,176,1
500,175,1
501,175,1
502,175,1
503,175,1
504,175,1
505,175,1
506,175,1
507,175,1
508,175,1
509,175,1
510,176,1
511,176,1
512,176,1
513,176,1
514,177,1
515,177,1
516,177,1
516,178,1
517,178,1
518,178,1
518,179,1
519,179,1
520,180,1
521,181,1
522,182,1
523,183,1
524,184,1
524,185,1
525,185,1
525,186,1
526,187,1
526,188,1
527,189,1
527,190,1
527,191,1
528,192,1
528,193,1
528,194,1
528,195,1
528,196,1
528,197,1
528,198,1
528,199,1
528,200,1
528,201,1
528,202,1
528,203,1
528,204,1
528,205,1
527,206,1
527,207,1
527,208,1
527,209,1
526,210,1
526,211,1
526,212,1
525,213,1
524,214,1
524,215,1
523,216,1
523,217,1
522,218,1
521,219,1
521,220,1
521,221,1
520,221,1
519,222,1
519,223,1
518,224,1
517,225,1
517,226,1
516,226,1
515,227,1
515,228,1
514,229,1
513,229,1
512,230,1
512,231,1
511,231,1
510,232,1
510,233,1
509,233,1
508,234,1
507,235,1
506,235,1
506,236,1
505,236,1
504,237,1
503,237,1
503,238,1
502,239,1
501,239,1
500,240,1
499,240,1
498,241,1
497,241,1
496,242,1
495,242,1
494,243,1
493,243,1
493,244,1
492,244,1
491,244,1
490,245,1
489,245,1
488,245,1
488,246,1
487,246,1
486,246,1
485,247,1
484,247,1
483,247,1
482,247,1
481,248,1
480,248,1
479,248,1
478,248,1
477,248,1
476,247,1
475,247,1
475,246,1
474,245,1
475,245,1
475,244,1
476,243,1
477,243,1
478,242,1
479,242,1
480,241,1
481,241,1
482,241,1
483,241,1
484,240,1
485,240,1
486,240,1
487,240,1
488,240,1
489,240,1
490,239,1
491,239,1
492,239,1
493,239,1
494,239,1
495,239,1
496,239,1
497,240,1
498,240,1
499,240,1
500,240,1
501,240,1
502,240,1
503,240,1
504,240,1
505,240,1
506,240,1
507,241,1
508,241,1
509,241,1
510,241,1
511,241,1
512,241,1
513,242,1
514,242,1
515,242,1
516,242,1
517,242,1
518,242,1
519,243,1
520,243,1
521,243,1
522,243,1
523,243,1
524,243,1
525,243,1
526,243,1
527,243,1
528,243,1
529,244,1
530,244,1
531,244,1
532,244,1
533,244,1
534,244,1
535,245,1
536,245,1
537,245,1
538,245,1
539,245,1
540,245,1
541,246,1
542,246,1
543,246,1
544,246,1
545,246,1
546,246,1
547,246,1
548,246,1
549,246,1
550,246,1
551,245,1
552,245,1
553,245,1
579,219,0
609,190,1
609,191,1
608,192,1
608,193,1
608,194,1
608,195,1
608,196,1
607,197,1
607,198,1
607,199,1
606,200,1
606,201,1
606,202,1
605,203,1
605,204,1
604,205,1
604,206,1
604,207,1
604,208,1
603,208,1
603,209,1
603,210,1
602,211,1
602,212,1
602,213,1
601,214,1
601,215,1
601,216,1
600,217,1
600,218,1
599,219,1
599,220,1
599,221,1
598,222,1
598,223,1
597,223,1
597,224,1
596,225,1
596,226,1
596,227,1
595,228,1
595,229,1
594,230,1
594,231,1
593,232,1
593,233,1
592,233,1
592,234,1
591,235,1
591,236,1
591,237,1
590,238,1
589,239,1
589,240,1
588,241,1
587,242,1
587,243,1
586,243,1
586,244,1
585,245,1
585,246,1
584,247,1
583,248,1
582,249,1
581,250,1
580,251,1
331,218,0
76,188,1
77,188,1
78,188,1
79,187,1
80,187,1
81,187,1
82,187,1
83,187,1
84,187,1
85,186,1
86,186,1
87,186,1
88,186,1
89,186,1
90,186,1
91,186,1
92,185,1
93,185,1
94,185,1
95,185,1
96,185,1
97,185,1
98,184,1
99,184,1
100,184,1
101,184,1
102,184,1
103,184,1
104,183,1
105,183,1
106,183,1
107,183,1
108,183,1
109,183,1
110,183,1
111,183,1
112,183,1
113,183,1
114,183,1
115,183,1
116,183,1
117,183,1
118,182,1
119,182,1
120,182,1
121,182,1
122,182,1
123,182,1
124,181,1
125,181,1
126,181,1
127,181,1
128,181,1
129,181,1
130,181,1
131,181,1
132,180,1
133,180,1
134,180,1
135,180,1
136,180,1
137,180,1
138,180,1
139,179,1
140,179,1
141,179,1
142,179,1
143,179,1
144,179,1
145,179,1
146,179,1
147,178,1
148,178,1
149,178,1
150,178,1
151,178,1
152,178,1
153,178,1
154,178,1
155,178,1
156,178,1
157,178,1
158,178,1
159,178,1
160,178,1
161,177,1
162,177,1
163,177,1
164,177,1
165,177,1
166,177,1
167,177,1
168,177,1
168,176,1
169,176,1
170,176,1
171,176,1
172,176,1
173,176,1
174,176,1
175,176,1
176,176,1
177,175,1
178,175,1
179,175,1
180,175,1
181,175,1
182,175,1
183,175,1
184,175,1
185,175,1
186,174,1
187,174,1
188,174,1
189,174,1
190,174,1
191,174,1
192,174,1
193,174,1
194,174,1
195,174,1
196,174,1
197,173,1
198,173,1
199,173,1
200,173,1
201,173,1
202,173,1
203,173,1
204,173,1
205,173,1
206,173,1
207,173,1
208,173,1
209,173,1
210,173,1
211,173,1
212,173,1
213,173,1
214,173,1
215,173,1
216,173,1
217,173,1
218,173,1
219,173,1
220,173,1
221,172,1
222,172,1
223,172,1
224,172,1
225,172,1
226,172,1
227,172,1
228,172,1
229,172,1
230,172,1
231,172,1
232,172,1
233,171,1
234,171,1
235,171,1
236,171,1
237,171,1
238,171,1
239,171,1
240,171,1
241,171,1
242,171,1
243,171,1
244,171,1
245,171,1
246,171,1
247,171,1
248,170,1
249,170,1
250,170,1
251,170,1
252,170,1
253,170,1
254,170,1
255,170,1
256,170,1
257,170,1
258,170,1
259,170,1
260,170,1
261,170,1
262,170,1
263,170,1
264,170,1
265,170,1
266,169,1
267,169,1
268,169,1
269,169,1
270,169,1
271,169,1
272,169,1
273,169,1
274,169,1
275,169,1
276,169,1
277,169,1
278,169,1
279,169,1
280,169,1
281,169,1
282,169,1
283,169,1
284,169,1
285,169,1
286,169,1
287,168,1
288,168,1
289,168,1
290,168,1
291,168,1
292,168,1
293,168,1
294,168,1
295,168,1
296,168,1
297,168,1
298,168,1
299,168,1
300,168,1
301,168,1
302,168,1
303,168,1
304,168,1
305,168,1
306,168,1
307,168,1
308,168,1
309,168,1
310,168,1
311,168,1
312,168,1
313,168,1
314,168,1
315,168,1
316,168,1
317,168,1
318,168,1
319,168,1
320,168,1
321,168,1
322,168,1
323,168,1
324,168,1
325,168,1
326,168,1
327,168,1
328,168,1
329,167,1
330,167,1
331,167,1
332,167,1
333,167,1
334,167,1
335,167,1
336,167,1
337,167,1
338,167,1
339,167,1
340,167,1
341,167,1
342,167,1
343,167,1
344,167,1
345,167,1
346,167,1
347,167,1
348,167,1
349,167,1
350,167,1
351,167,1
352,167,1
353,167,1
354,167,1
355,167,1
356,167,1
357,167,1
358,167,1
359,167,1
360,167,1
361,167,1
362,167,1
363,167,1
363,166,1
364,166,1
365,166,1
366,166,1
367,166,1
368,166,1
369,166,1
370,166,1
371,166,1
372,166,1
373,166,1
374,166,1
375,166,1
376,166,1
377,166,1
378,166,1
379,166,1
380,166,1
381,166,1
382,166,1
383,166,1
384,166,1
385,166,1
386,166,1
387,166,1
388,166,1
389,166,1
390,166,1
391,166,1
392,166,1
393,166,1
394,166,1
395,166,1
396,166,1
397,166,1
398,166,1
399,166,1
400,166,1
401,166,1
402,166,1
403,166,1
404,166,1
405,166,1
406,166,1
407,166,1
408,166,1
409,166,1
410,166,1
411,166,1
412,166,1
413,166,1
414,166,1
415,166,1
416,166,1
417,166,1
418,166,1
419,166,1
420,166,1
421,166,1
422,166,1
423,166,1
424,166,1
425,166,1
426,166,1
427,166,1
428,166,1
429,166,1
430,166,1
431,166,1
432,166,1
433,166,1
434,166,1
435,166,1
436,166,1
437,166,1
438,165,1
439,165,1
440,165,1
441,165,1
442,165,1
443,165,1
444,165,1
445,165,1
446,165,1
447,165,1
448,165,1
449,165,1
450,165,1
451,165,1
452,165,1
453,165,1
454,165,1
455,165,1
456,165,1
457,165,1
458,165,1
459,165,1
460,165,1
461,165,1
462,165,1
463,165,1
464,165,1
465,165,1
466,165,1
467,165,1
468,165,1
469,165,1
470,165,1
471,165,1
472,165,1
473,165,1
474,165,1
475,165,1
476,164,1
477,164,1
478,164,1
479,164,1
480,164,1
481,164,1
482,164,1
483,164,1
484,164,1
485,164,1
486,164,1
487,164,1
488,164,1
489,164,1
490,164,1
491,164,1
492,164,1
493,164,1
494,164,1
495,164,1
496,164,1
497,164,1
498,164,1
499,164,1
500,164,1
501,164,1
502,164,1
503,164,1
503,163,1
504,163,1
505,163,1
506,163,1
507,163,1
508,163,1
509,163,1
510,163,1
511,163,1
512,163,1
513,163,1
514,163,1
515,163,1
516,163,1
517,163,1
518,163,1
519,163,1
520,163,1
521,163,1
522,163,1
523,163,1
524,163,1
525,163,1
526,163,1
527,163,1
528,163,1
529,163,1
530,163,1
531,163,1
532,163,1
533,163,1
534,163,1
535,163,1
536,163,1
537,163,1
538,163,1
539,163,1
540,163,1
541,163,1
542,163,1
543,163,1
544,163,1
545,163,1
546,163,1
547,163,1
548,163,1
548,162,1
549,162,1
550,162,1
551,162,1
552,162,1
553,162,1
554,162,1
555,162,1
556,162,1
557,162,1
558,162,1
559,162,1
560,162,1
561,162,1
562,162,1
563,162,1
564,162,1
565,162,1
566,162,1
567,162,1
568,162,1
569,162,1
570,162,1
571,161,1
572,161,1
573,161,1
574,161,1
575,161,1
576,161,1
577,161,1
578,161,1
579,161,1
580,161,1
581,161,1
582,161,1
583,161,1
584,161,1
585,161,1
586,161,1
587,161,1
588,161,1
588,160,1
589,160,1
590,160,1
591,160,1
592,160,1
593,160,1
594,160,1
595,160,1
596,160,1
597,160,1
598,160,1
599,160,1
600,160,1
601,160,1
602,160,1
603,159,1
604,159,1
605,159,1
606,159,1
607,159,1
608,159,1
609,159,1
610,159,1
611,159,1
612,159,1
613,159,1
614,159,1
615,159,1
616,158,1
617,158,1
618,158,1
619,158,1
620,158,1
621,158,1
622,158,1
623,158,1
624,158,1
625,158,1
626,158,1
627,158,1
628,158,1
629,158,1
630,158,1
631,158,1
632,158,1
633,158,1
634,158,1
635,158,1
636,158,1
637,158,1
638,158,1
638,157,1
639,157,1
640,157,1
641,157,1
642,157,1
643,157,1
644,157,1
645,157,1
646,157,1
647,157,1
648,156,1
649,156,1
650,156,1
651,156,1
652,156,1
653,156,1
654,156,1
655,156,1
656,156,1
657,155,1
658,155,1
659,155,1
660,155,1
661,155,1
662,155,1
663,155,1
664,154,1
665,154,1
666,154,1
667,154,1
668,154,1
669,154,1
670,154,1
671,153,1
672,153,1
673,153,1
674,153,1
675,153,1
674,153,1
673,154,1
672,154,1
671,154,1
670,154,1
669,154,1
668,154,1
668,155,1
667,155,1
666,155,1
665,155,1
665,155,0
