203,357,1
203,358,1
204,407,1
204,408,1
204,409,1
204,410,1
204,411,1
204,412,1
204,413,1
204,414,1
204,415,1
204,416,1
204,417,1
204,418,1
204,419,1
204,420,1
204,421,1
204,422,1
204,423,1
204,424,1
204,425,1
204,426,1
204,427,1
204,428,1
204,429,1
204,430,1
204,431,1
204,432,1
204,433,1
204,434,1
204,435,1
204,436,1
204,437,1
204,438,1
204,439,1
204,440,1
204,441,1
204,442,1
204,443,1
204,444,1
204,445,1
204,446,1
204,447,1
204,448,1
204,449,1
204,450,1
204,451,1
204,452,1
204,453,1
204,454,1
204,455,1
204,456,1
204,457,1
204,458,1
204,459,1
204,460,1
204,461,1
204,462,1
204,463,1
204,464,1
204,465,1
204,466,1
204,467,1
203,467,1
203,468,1
203,469,1
203,470,1
203,471,1
203,472,1
203,473,1
203,474,1
202,474,1
202,475,1
202,476,1
202,477,1
201,477,1
201,478,1
200,479,1
199,479,1
199,478,1
198,478,1
190,431,1
190,430,1
190,429,1
190,428,1
190,427,1
190,426,1
190,425,1
190,424,1
190,423,1
189,422,1
189,421,1
189,420,1
189,419,1
189,418,1
189,417,1
189,416,1
189,415,1
189,414,1
189,413,1
189,412,1
189,411,1
189,410,1
189,409,1
189,408,1
189,407,1
189,406,1
189,405,1
189,404,1
189,403,1
189,402,1
190,401,1
190,400,1
190,399,1
190,398,1
190,397,1
190,396,1
190,395,1
190,394,1
190,393,1
190,392,1
190,391,1
190,390,1
190,389,1
190,388,1
190,387,1
190,386,1
191,385,1
191,384,1
191,383,1
191,382,1
191,381,1
191,380,1
191,379,1
191,378,1
191,377,1
191,376,1
192,375,1
192,374,1
192,373,1
192,372,1
192,371,1
192,370,1
192,369,1
193,368,1
193,367,1
193,366,1
193,365,1
193,364,1
193,363,1
193,362,1
193,361,1
194,360,1
194,359,1
194,358,1
194,357,1
194,356,1
194,355,1
195,354,1
195,353,1
195,352,1
195,351,1
195,350,1
195,349,1
196,348,1
196,347,1
196,346,1
196,345,1
196,344,1
197,343,1
197,342,1
197,341,1
197,340,1
198,339,1
198,338,1
198,337,1
198,336,1
199,335,1
199,334,1
199,333,1
199,332,1
199,331,1
200,330,1
200,329,1
200,328,1
200,327,1
201,326,1
201,325,1
201,324,1
201,323,1
202,322,1
202,321,1
203,320,1
203,319,1
203,318,1
203,317,1
204,316,1
204,315,1
204,314,1
205,313,1
205,312,1
205,311,1
205,310,1
206,309,1
206,308,1
207,307,1
207,306,1
207,305,1
208,304,1
208,303,1
208,302,1
208,301,1
209,300,1
209,299,1
209,298,1
210,297,1
210,296,1
211,295,1
211,294,1
211,293,1
212,292,1
212,291,1
212,290,1
213,289,1
213,288,1
214,288,1
214,287,1
214,286,1
215,285,1
215,284,1
215,283,1
216,282,1
216,281,1
216,280,1
217,279,1
217,278,1
218,278,1
218,277,1
218,276,1
219,275,1
219,274,1
220,273,1
220,272,1
221,271,1
221,270,1
221,269,1
222,269,1
222,268,1
223,267,1
223,266,1
224,265,1
224,264,1
225,263,1
225,262,1
226,262,1
226,261,1
227,260,1
227,259,1
227,258,1
228,257,1
228,256,1
229,255,1
230,255,1
230,254,1
231,253,1
231,252,1
232,251,1
232,250,1
233,249,1
233,248,1
234,248,1
234,247,1
235,246,1
235,245,1
236,244,1
237,243,1
238,242,1
238,241,1
239,240,1
240,239,1
240,238,1
241,238,1
242,237,1
242,236,1
243,235,1
244,234,1
244,233,1
245,232,1
246,232,1
246,231,1
247,230,1
248,229,1
248,228,1
249,228,1
250,227,1
250,226,1
251,225,1
252,224,1
253,224,1
253,223,1
254,222,1
255,221,1
256,220,1
257,219,1
258,218,1
259,217,1
260,217,1
260,216,1
261,215,1
262,214,1
263,214,1
264,213,1
264,212,1
265,212,1
266,211,1
267,210,1
268,209,1
269,209,1
269,208,1
270,207,1
271,207,1
272,206,1
273,205,1
274,204,1
275,203,1
276,203,1
277,202,1
278,202,1
278,201,1
279,200,1
280,200,1
281,199,1
282,199,1
283,198,1
284,198,1
284,197,1
285,197,1
286,196,1
287,195,1
288,195,1
289,194,1
290,194,1
291,193,1
292,193,1
292,192,1
293,192,1
294,191,1
295,191,1
296,190,1
297,190,1
298,189,1
299,189,1
300,189,1
300,188,1
301,188,1
302,187,1
303,187,1
304,186,1
305,186,1
306,186,1
307,185,1
308,185,1
309,185,1
310,184,1
311,184,1
312,184,1
313,183,1
314,183,1
315,183,1
315,182,1
316,182,1
317,182,1
318,181,1
319,181,1
320,181,1
321,180,1
322,180,1
323,180,1
324,180,1
325,179,1
326,179,1
327,179,1
328,179,1
329,179,1
330,178,1
331,178,1
332,178,1
333,178,1
334,178,1
335,178,1
336,177,1
337,177,1
338,177,1
339,177,1
340,177,1
341,177,1
342,177,1
343,177,1
344,177,1
345,177,1
346,177,1
347,177,1
348,177,1
349,177,1
350,177,1
351,177,1
352,177,1
353,177,1
353,178,1
354,178,1
355,178,1
356,178,1
357,178,1
358,178,1
359,179,1
360,179,1
361,179,1
362,179,1
363,179,1
364,180,1
365,180,1
366,180,1
367,180,1
367,181,1
368,181,1
369,181,1
370,182,1
371,182,1
372,182,1
373,183,1
374,183,1
374,184,1
375,184,1
376,184,1
377,185,1
378,185,1
379,186,1
380,186,1
380,187,1
381,187,1
382,188,1
383,188,1
384,189,1
385,190,1
386,190,1
387,191,1
388,191,1
388,192,1
389,193,1
390,193,1
391,194,1
392,195,1
393,196,1
394,196,1
394,197,1
395,198,1
396,198,1
396,199,1
397,200,1
398,201,1
399,201,1
399,202,1
400,203,1
401,204,1
401,205,1
402,205,1
403,206,1
403,207,1
404,208,1
404,209,1
405,209,1
406,210,1
406,211,1
407,212,1
407,213,1
408,214,1
408,215,1
409,216,1
410,216,1
410,217,1
411,218,1
411,219,1
412,220,1
412,221,1
413,222,1
413,223,1
414,224,1
414,225,1
414,226,1
415,227,1
416,228,1
416,229,1
417,230,1
417,231,1
417,232,1
418,233,1
418,234,1
418,235,1
419,236,1
419,237,1
419,238,1
420,239,1
420,240,1
420,241,1
421,242,1
421,243,1
421,244,1
422,245,1
422,246,1
422,247,1
422,248,1
423,249,1
423,250,1
423,251,1
423,252,1
424,253,1
424,254,1
424,255,1
424,256,1
424,257,1
425,258,1
425,259,1
425,260,1
425,261,1
425,262,1
426,263,1
426,264,1
426,265,1
426,266,1
426,267,1
426,268,1
426,269,1
427,270,1
427,271,1
427,272,1
427,273,1
427,274,1
427,275,1
427,276,1
428,277,1
428,278,1
428,279,1
428,280,1
428,281,1
428,282,1
428,283,1
428,284,1
428,285,1
428,286,1
428,287,1
429,288,1
429,289,1
429,290,1
429,291,1
429,292,1
429,293,1
429,294,1
429,295,1
429,296,1
429,297,1
429,298,1
429,299,1
429,300,1
429,301,1
429,302,1
429,303,1
429,304,1
430,305,1
430,306,1
430,307,1
430,308,1
430,309,1
430,310,1
430,311,1
430,312,1
430,313,1
430,314,1
430,315,1
430,316,1
430,317,1
430,318,1
430,319,1
430,320,1
430,321,1
430,322,1
430,323,1
430,324,1
430,325,1
430,326,1
430,327,1
431,328,1
431,329,1
431,330,1
431,331,1
431,332,1
431,333,1
431,334,1
431,335,1
431,336,1
431,337,1
431,338,1
431,339,1
431,340,1
431,341,1
431,342,1
431,343,1
431,344,1
431,345,1
431,346,1
431,347,1
431,348,1
431,349,1
432,350,1
432,351,1
432,352,1
432,353,1
432,354,1
432,355,1
432,356,1
432,357,1
432,358,1
432,359,1
432,360,1
432,361,1
432,362,1
432,363,1
432,364,1
432,365,1
432,366,1
432,367,1
432,368,1
432,369,1
432,370,1
432,371,1
432,372,1
432,373,1
432,374,1
432,375,1
432,376,1
432,377,1
432,378,1
432,379,1
432,380,1
432,381,1
432,382,1
432,383,1
432,384,1
432,385,1
432,386,1
432,387,1
432,388,1
432,389,1
432,390,1
432,391,1
432,392,1
432,393,1
432,394,1
432,395,1
432,396,1
432,397,1
432,398,1
432,399,1
432,400,1
432,401,1
432,402,1
432,403,1
432,404,1
432,405,1
432,406,1
432,407,1
431,407,1
431,406,1
431,405,1
431,404,1
431,403,1
431,402,1
430,402,1
430,401,1
430,400,1
430,399,1
430,398,1
430,397,1
430,396,1
430,395,1
430,394,1
430,393,1
430,392,1
429,391,1
429,390,1
429,389,1
429,388,1
429,387,1
429,386,1
429,385,1
429,384,1
429,383,1
428,382,1
428,381,1
428,380,1
428,379,1
428,378,1
428,377,1
427,376,1
427,375,1
427,374,1
427,373,1
426,372,1
426,371,1
426,370,1
426,369,1
425,368,1
425,367,1
425,366,1
425,365,1
424,365,1
424,364,1
424,363,1
423,362,1
423,361,1
423,360,1
422,359,1
422,358,1
421,357,1
421,356,1
420,355,1
419,354,1
419,353,1
419,352,1
418,351,1
417,350,1
417,349,1
416,348,1
415,348,1
415,347,1
414,346,1
413,345,1
412,344,1
411,343,1
410,343,1
410,342,1
409,341,1
408,341,1
408,340,1
407,340,1
406,339,1
405,338,1
404,338,1
403,337,1
402,336,1
401,336,1
400,336,1
399,335,1
398,335,1
398,334,1
397,334,1
396,334,1
395,334,1
394,333,1
393,333,1
392,333,1
391,332,1
390,332,1
389,332,1
388,332,1
387,332,1
386,332,1
385,331,1
384,331,1
383,331,1
382,331,1
381,331,1
380,331,1
379,331,1
378,331,1
377,331,1
376,331,1
375,332,1
374,332,1
373,332,1
372,332,1
371,332,1
370,332,1
369,332,1
368,333,1
367,333,1
366,333,1
365,333,1
364,334,1
363,334,1
362,334,1
361,334,1
360,335,1
359,335,1
358,336,1
357,336,1
356,336,1
355,337,1
354,337,1
353,337,1
352,338,1
351,338,1
350,339,1
349,339,1
348,340,1
347,340,1
346,341,1
345,341,1
344,342,1
343,342,1
342,343,1
341,343,1
341,344,1
340,344,1
339,345,1
338,345,1
337,346,1
336,346,1
335,347,1
334,348,1
333,348,1
332,349,1
331,350,1
330,350,1
329,351,1
328,352,1
327,353,1
326,353,1
325,354,1
324,355,1
323,356,1
322,356,1
321,357,1
321,358,1
320,358,1
319,359,1
318,360,1
317,360,1
317,361,1
316,362,1
315,362,1
314,363,1
314,364,1
313,364,1
312,365,1
312,366,1
311,367,1
310,367,1
309,368,1
309,369,1
308,370,1
307,370,1
307,371,1
306,372,1
305,373,1
305,374,1
304,374,1
303,375,1
303,376,1
302,377,1
302,378,1
301,378,1
300,379,1
300,380,1
299,381,1
299,382,1
298,382,1
298,383,1
297,384,1
297,385,1
296,386,1
296,387,1
295,388,1
295,389,1
294,390,1
294,391,1
294,392,1
293,393,1
293,394,1
293,395,1
292,396,1
292,397,1
292,398,1
292,399,1
292,400,1
291,401,1
291,402,1
291,403,1
291,404,1
292,405,1
292,406,1
292,407,1
292,408,1
292,409,1
293,409,1
293,410,1
294,411,1
295,412,1
295,413,1
296,413,1
297,414,1
298,415,1
299,415,1
300,416,1
301,416,1
302,416,1
303,416,1
304,416,1
305,416,1
306,416,1
307,416,1
308,416,1
309,415,1
310,415,1
311,415,1
312,414,1
313,414,1
314,413,1
315,412,1
316,412,1
316,411,1
317,411,1
317,410,1
318,409,1
319,408,1
319,407,1
320,407,1
320,406,1
320,405,1
321,404,1
321,403,1
321,402,1
322,401,1
322,400,1
322,399,1
322,398,1
322,397,1
322,396,1
322,395,1
321,394,1
321,393,1
321,392,1
320,391,1
320,390,1
319,389,1
319,388,1
318,387,1
317,386,1
317,385,1
316,385,1
316,384,1
315,383,1
314,383,1
314,382,1
313,382,1
312,381,1
311,380,1
310,380,1
309,379,1
308,379,1
308,378,1
307,378,1
306,377,1
305,377,1
304,377,1
303,376,1
302,376,1
302,375,1
301,375,1
300,375,1
299,375,1
298,374,1
297,374,1
296,374,1
295,374,1
294,373,1
293,373,1
292,373,1
291,373,1
290,373,1
289,373,1
289,372,1
288,372,1
287,372,1
286,372,1
285,372,1
284,372,1
283,372,1
282,372,1
281,372,1
280,372,1
279,372,1
278,372,1
277,372,1
276,372,1
275,372,1
274,372,1
273,373,1
272,373,1
271,373,1
270,373,1
269,373,1
268,374,1
267,374,1
266,374,1
265,374,1
264,374,1
263,374,1
262,375,1
261,375,1
260,375,1
259,376,1
258,377,1
257,377,1
256,378,1
255,378,1
255,379,1
254,380,1
253,381,1
253,382,1
254,383,1
507,347,0
755,308,1
755,309,1
755,310,1
755,311,1
755,312,1
755,313,1
755,314,1
755,315,1
755,316,1
755,317,1
755,318,1
755,319,1
754,320,1
754,321,1
754,322,1
754,323,1
754,324,1
754,325,1
754,326,1
754,327,1
754,328,1
754,329,1
754,330,1
754,331,1
754,332,1
754,333,1
754,334,1
754,335,1
754,336,1
754,337,1
754,338,1
754,339,1
754,340,1
754,341,1
754,342,1
754,343,1
754,344,1
754,345,1
754,346,1
754,347,1
754,348,1
754,349,1
754,350,1
754,351,1
754,352,1
754,353,1
754,354,1
754,355,1
754,356,1
754,357,1
754,358,1
753,359,1
753,360,1
753,361,1
753,362,1
753,363,1
753,364,1
753,365,1
753,366,1
753,367,1
753,368,1
753,369,1
753,370,1
753,371,1
753,372,1
753,373,1
753,374,1
752,375,1
752,376,1
752,377,1
752,378,1
752,379,1
752,380,1
752,381,1
752,382,1
751,383,1
751,384,1
751,385,1
751,386,1
750,387,1
750,388,1
749,389,1
749,390,1
748,390,1
748,391,1
747,392,1
746,393,1
745,393,1
744,394,1
743,394,1
742,394,1
741,394,1
740,394,1
739,394,1
738,393,1
737,393,1
736,392,1
735,392,1
734,391,1
733,390,1
732,390,1
731,389,1
730,388,1
729,388,1
729,387,1
728,386,1
727,386,1
726,385,1
726,384,1
725,384,1
724,383,1
724,382,1
723,382,1
722,381,1
721,380,1
720,379,1
719,378,1
718,378,1
718,377,1
717,376,1
716,376,1
715,375,1
714,374,1
713,373,1
712,373,1
711,372,1
711,371,1
710,371,1
709,370,1
708,370,1
707,369,1
706,368,1
705,368,1
704,367,1
703,367,1
703,366,1
702,366,1
701,365,1
700,365,1
699,364,1
698,364,1
698,363,1
697,363,1
696,362,1
695,362,1
694,361,1
693,361,1
692,361,1
691,360,1
690,360,1
689,359,1
688,359,1
687,359,1
686,358,1
685,358,1
684,358,1
683,358,1
683,357,1
682,357,1
681,357,1
680,357,1
679,357,1
678,356,1
677,356,1
676,356,1
675,356,1
674,356,1
673,355,1
672,355,1
671,355,1
670,355,1
669,355,1
668,355,1
667,355,1
666,355,1
665,354,1
664,354,1
663,354,1
662,354,1
661,354,1
660,354,1
659,354,1
658,354,1
657,354,1
656,354,1
655,354,1
654,354,1
653,354,1
652,354,1
651,354,1
650,355,1
649,355,1
648,355,1
647,355,1
646,355,1
645,355,1
644,355,1
643,355,1
642,355,1
641,355,1
640,355,1
639,356,1
638,356,1
637,356,1
636,356,1
635,356,1
634,357,1
633,357,1
632,357,1
631,357,1
630,357,1
629,358,1
628,358,1
627,358,1
626,358,1
625,359,1
624,359,1
623,359,1
622,360,1
621,360,1
620,360,1
619,361,1
618,361,1
617,361,1
616,362,1
615,362,1
614,362,1
614,363,1
613,363,1
612,363,1
611,364,1
610,364,1
609,365,1
608,365,1
607,365,1
607,366,1
606,366,1
605,367,1
604,367,1
603,368,1
602,369,1
601,369,1
600,370,1
599,370,1
599,371,1
598,371,1
597,372,1
596,372,1
596,373,1
595,374,1
594,374,1
594,375,1
593,375,1
592,376,1
592,377,1
591,377,1
590,378,1
589,379,1
588,380,1
587,381,1
587,382,1
586,383,1
585,383,1
585,384,1
584,385,1
583,386,1
583,387,1
582,388,1
582,389,1
581,389,1
581,390,1
581,391,1
580,392,1
580,393,1
579,394,1
579,395,1
578,396,1
578,397,1
578,398,1
578,399,1
577,400,1
577,401,1
577,402,1
577,403,1
576,404,1
576,405,1
576,406,1
576,407,1
576,408,1
576,409,1
575,410,1
575,411,1
575,412,1
575,413,1
575,414,1
575,415,1
575,416,1
575,417,1
575,418,1
575,419,1
576,419,1
576,420,1
576,421,1
576,422,1
576,423,1
576,424,1
576,425,1
577,426,1
577,427,1
577,428,1
577,429,1
578,429,1
578,430,1
578,431,1
579,432,1
579,433,1
580,433,1
580,434,1
581,435,1
581,436,1
582,436,1
582,437,1
583,438,1
583,439,1
584,440,1
585,441,1
586,442,1
586,443,1
587,443,1
588,443,1
588,444,1
589,444,1
590,444,1
591,443,1
592,443,1
592,442,1
593,441,1
593,440,1
593,439,1
571,296,0
566,147,1
565,147,1
564,147,1
563,147,1
562,148,1
561,148,1
560,148,1
559,148,1
558,148,1
557,148,1
556,148,1
555,148,1
554,148,1
553,148,1
552,148,1
551,148,1
550,148,1
549,148,1
548,148,1
547,148,1
546,148,1
545,148,1
545,147,1
544,147,1
543,147,1
542,147,1
541,147,1
540,147,1
539,147,1
538,146,1
537,146,1
536,146,1
535,146,1
534,146,1
533,145,1
532,145,1
531,145,1
530,144,1
529,144,1
528,144,1
527,143,1
526,143,1
525,143,1
524,142,1
523,141,1
522,141,1
521,141,1
520,140,1
519,140,1
518,139,1
517,138,1
516,138,1
515,137,1
514,137,1
514,136,1
513,136,1
512,135,1
512,134,1
511,134,1
510,133,1
510,132,1
509,132,1
509,131,1
508,130,1
507,129,1
507,128,1
506,128,1
506,127,1
506,126,1
505,125,1
505,124,1
505,123,1
504,123,1
504,122,1
504,121,1
504,120,1
504,119,1
504,118,1
505,117,1
505,116,1
505,115,1
506,114,1
506,113,1
507,113,1
507,112,1
508,111,1
509,110,1
510,110,1
510,109,1
511,109,1
512,109,1
512,108,1
513,108,1
514,108,1
515,107,1
516,107,1
517,107,1
518,106,1
519,106,1
520,106,1
521,106,1
522,106,1
523,106,1
524,106,1
525,106,1
526,106,1
527,106,1
528,106,1
529,106,1
530,106,1
531,106,1
532,106,1
533,107,1
534,107,1
535,107,1
536,107,1
537,107,1
538,108,1
539,108,1
540,108,1
541,108,1
541,109,1
542,109,1
543,109,1
544,110,1
545,110,1
546,110,1
547,111,1
548,111,1
549,112,1
550,112,1
551,112,1
552,113,1
553,113,1
554,114,1
555,114,1
556,115,1
557,115,1
558,116,1
559,116,1
560,117,1
561,117,1
562,118,1
563,119,1
564,119,1
565,120,1
566,120,1
567,121,1
568,121,1
569,122,1
570,123,1
571,124,1
572,124,1
573,125,1
574,125,1
575,126,1
576,127,1
577,127,1
577,128,1
578,128,1
579,129,1
580,130,1
581,130,1
582,131,1
583,132,1
584,132,1
584,133,1
585,134,1
586,134,1
587,135,1
588,136,1
589,136,1
590,137,1
590,138,1
591,139,1
592,139,1
593,140,1
594,141,1
595,141,1
595,142,1
596,143,1
597,144,1
598,144,1
599,145,1
599,146,1
600,147,1
601,147,1
602,148,1
603,149,1
603,150,1
604,150,1
605,151,1
606,152,1
607,153,1
607,154,1
608,154,1
609,155,1
610,156,1
610,157,1
611,158,1
612,158,1
613,159,1
613,160,1
614,161,1
615,161,1
616,162,1
616,163,1
617,164,1
618,165,1
619,166,1
620,167,1
621,168,1
621,169,1
622,169,1
623,170,1
623,171,1
624,172,1
625,173,1
626,174,1
626,175,1
627,176,1
628,176,1
628,177,1
629,178,1
630,179,1
630,180,1
631,180,1
632,181,1
632,182,1
633,183,1
633,184,1
634,185,1
635,185,1
635,186,1
636,187,1
636,188,1
637,189,1
638,190,1
639,191,1
639,192,1
640,193,1
640,194,1
641,195,1
642,195,1
642,196,1
643,197,1
643,198,1
644,199,1
645,200,1
645,201,1
646,201,1
646,202,1
647,203,1
647,204,1
648,205,1
649,206,1
649,207,1
650,208,1
651,209,1
651,210,1
652,211,1
653,212,1
653,213,1
654,214,1
654,215,1
655,215,1
655,216,1
656,217,1
656,218,1
657,219,1
657,220,1
658,221,1
658,222,1
659,222,1
659,223,1
660,224,1
660,225,1
661,226,1
661,227,1
662,228,1
663,229,1
664,230,1
664,231,1
664,232,1
665,232,1
665,233,1
666,234,1
666,235,1
667,236,1
667,237,1
668,238,1
668,239,1
669,239,1
669,240,1
670,241,1
670,242,1
671,243,1
671,244,1
672,244,1
672,245,1
673,246,1
674,247,1
674,248,1
674,247,1
675,246,1
759,260,0
858,275,1
857,275,1
856,275,1
855,276,1
854,276,1
854,277,1
853,277,1
852,278,1
851,278,1
850,278,1
849,278,1
848,278,1
847,279,1
846,279,1
845,279,1
844,279,1
843,278,1
842,278,1
841,278,1
840,277,1
839,276,1
838,276,1
837,276,1
836,275,1
835,275,1
834,274,1
833,274,1
832,273,1
831,272,1
830,271,1
830,270,1
829,269,1
829,268,1
828,267,1
828,266,1
828,265,1
828,264,1
827,264,1
827,263,1
827,262,1
827,261,1
828,261,1
828,260,1
828,259,1
828,258,1
828,257,1
829,256,1
829,255,1
830,254,1
830,253,1
831,252,1
832,251,1
833,250,1
834,249,1
835,249,1
836,248,1
837,248,1
838,247,1
839,247,1
840,247,1
841,247,1
842,246,1
843,246,1
844,246,1
845,246,1
846,247,1
847,247,1
848,247,1
849,247,1
850,247,1
851,248,1
852,248,1
853,249,1
854,249,1
855,249,1
855,250,1
856,250,1
857,251,1
858,251,1
858,252,1
859,252,1
860,253,1
860,254,1
861,254,1
862,255,1
863,256,1
863,257,1
864,257,1
864,258,1
865,259,1
866,260,1
867,261,1
867,262,1
867,263,1
868,264,1
868,265,1
869,265,1
869,266,1
869,267,1
870,268,1
870,269,1
870,270,1
871,271,1
871,272,1
871,273,1
871,274,1
872,275,1
872,276,1
872,277,1
872,278,1
872,279,1
872,280,1
872,281,1
872,282,1
872,283,1
872,284,1
872,285,1
872,286,1
872,287,1
872,288,1
872,289,1
872,290,1
872,291,1
871,292,1
871,293,1
871,294,1
871,295,1
870,296,1
870,297,1
870,298,1
869,299,1
869,300,1
868,301,1
868,302,1
868,303,1
867,304,1
867,305,1
866,305,1
866,306,1
866,307,1
865,308,1
864,309,1
864,310,1
863,311,1
862,312,1
862,313,1
861,314,1
860,315,1
859,316,1
859,317,1
858,317,1
858,318,1
857,319,1
856,319,1
856,320,1
855,320,1
855,321,1
854,322,1
853,322,1
853,323,1
852,324,1
851,324,1
851,325,1
850,325,1
849,326,1
848,326,1
848,327,1
847,328,1
846,328,1
845,329,1
844,330,1
843,330,1
842,331,1
841,332,1
840,332,1
839,333,1
838,333,1
837,333,1
837,334,1
836,334,1
835,335,1
834,335,1
833,335,1
832,336,1
831,336,1
831,337,1
830,337,1
829,337,1
828,338,1
827,338,1
826,338,1
825,339,1
824,339,1
823,339,1
822,339,1
821,340,1
820,340,1
819,340,1
818,341,1
817,341,1
816,341,1
815,341,1
814,341,1
813,341,1
812,341,1
811,342,1
810,342,1
809,342,1
808,342,1
807,342,1
806,342,1
805,342,1
804,342,1
803,342,1
803,341,1
804,341,1
804,340,1
805,340,1
806,340,1
807,340,1
808,340,1
809,340,1
810,340,1
811,340,1
812,340,1
813,339,1
814,339,1
815,339,1
816,339,1
817,339,1
818,339,1
819,340,1
820,340,1
821,340,1
822,340,1
823,340,1
824,340,1
825,340,1
826,340,1
827,340,1
828,340,1
829,340,1
830,340,1
831,340,1
832,340,1
833,340,1
834,341,1
835,341,1
836,341,1
837,341,1
838,341,1
839,341,1
840,341,1
841,341,1
842,341,1
843,341,1
844,341,1
845,342,1
846,342,1
847,342,1
848,342,1
849,342,1
850,342,1
851,342,1
852,342,1
853,342,1
854,342,1
855,342,1
856,342,1
857,342,1
858,342,1
859,342,1
860,343,1
861,343,1
862,343,1
863,343,1
864,343,1
865,343,1
866,343,1
867,343,1
868,343,1
869,343,1
870,343,1
871,343,1
872,343,1
873,343,1
874,343,1
875,342,1
876,342,1
877,342,1
878,342,1
879,342,1
880,342,1
881,342,1
882,342,1
883,342,1
884,342,1
885,342,1
886,342,1
887,342,1
888,342,1
889,342,1
890,342,1
891,341,1
892,341,1
893,341,1
894,341,1
895,341,1
896,341,1
897,341,1
898,340,1
899,340,1
900,340,1
901,340,1
902,339,1
903,339,1
904,339,1
905,338,1
906,338,1
907,338,1
908,338,1
909,337,1
910,337,1
911,337,1
912,336,1
913,336,1
914,336,1
914,335,1
915,335,1
916,335,1
917,334,1
918,334,1
919,333,1
920,333,1
921,333,1
922,332,1
923,332,1
924,331,1
924,330,1
925,330,1
926,329,1
927,328,1
928,328,1
928,327,1
929,326,1
930,325,1
931,325,1
932,324,1
950,321,0
979,301,1
979,302,1
979,303,1
979,304,1
979,305,1
979,306,1
979,307,1
978,308,1
978,309,1
978,310,1
978,311,1
978,312,1
978,313,1
978,314,1
977,315,1
977,316,1
977,317,1
977,318,1
977,319,1
976,320,1
976,321,1
976,322,1
976,323,1
976,324,1
976,325,1
975,326,1
975,327,1
975,328,1
975,329,1
975,330,1
974,331,1
974,332,1
974,333,1
974,334,1
974,335,1
974,336,1
973,337,1
973,338,1
973,339,1
973,340,1
972,341,1
972,342,1
972,343,1
972,344,1
972,345,1
971,346,1
971,347,1
971,348,1
971,349,1
970,350,1
970,351,1
970,352,1
970,353,1
969,354,1
969,355,1
969,356,1
968,357,1
968,358,1
968,359,1
968,360,1
967,361,1
967,362,1
967,363,1
967,364,1
966,365,1
966,366,1
966,367,1
966,368,1
965,369,1
965,370,1
964,371,1
964,372,1
964,373,1
963,374,1
963,375,1
963,376,1
962,377,1
962,378,1
961,379,1
960,380,1
960,381,1
959,382,1
958,383,1
958,383,0
36,296,0
366,278,1
367,278,1
368,278,1
369,278,1
370,278,1
371,278,1
372,278,1
373,277,1
374,277,1
375,277,1
376,277,1
377,277,1
378,277,1
379,277,1
380,277,1
381,276,1
382,276,1
383,276,1
384,276,1
385,276,1
386,276,1
387,276,1
388,276,1
389,276,1
390,276,1
391,276,1
392,276,1
393,276,1
394,275,1
395,275,1
396,275,1
397,275,1
398,275,1
399,275,1
400,275,1
401,275,1
402,275,1
403,275,1
404,275,1
405,275,1
406,275,1
407,275,1
408,274,1
409,274,1
410,274,1
411,274,1
412,274,1
413,274,1
414,274,1
415,274,1
416,274,1
417,274,1
418,274,1
419,274,1
420,274,1
421,273,1
422,273,1
423,273,1
424,273,1
425,273,1
426,273,1
427,273,1
428,273,1
429,273,1
430,273,1
431,273,1
432,273,1
433,273,1
434,272,1
435,272,1
436,272,1
437,272,1
438,272,1
439,272,1
440,272,1
441,272,1
442,272,1
443,272,1
444,272,1
445,272,1
446,272,1
447,272,1
448,272,1
449,271,1
450,271,1
451,271,1
452,271,1
453,271,1
454,271,1
455,271,1
456,271,1
457,271,1
458,271,1
459,271,1
460,271,1
461,271,1
462,271,1
463,271,1
464,271,1
465,271,1
466,271,1
467,271,1
468,271,1
469,271,1
470,271,1
471,270,1
472,270,1
473,270,1
474,270,1
475,270,1
476,270,1
477,270,1
478,270,1
479,270,1
480,270,1
481,270,1
482,270,1
483,270,1
484,270,1
485,270,1
486,270,1
487,270,1
488,270,1
489,269,1
490,269,1
491,269,1
492,269,1
493,269,1
494,269,1
495,269,1
496,269,1
497,269,1
498,269,1
499,269,1
500,269,1
501,269,1
502,269,1
503,269,1
504,268,1
505,268,1
506,268,1
507,268,1
508,268,1
509,268,1
510,268,1
511,268,1
512,268,1
513,268,1
514,268,1
515,268,1
516,268,1
517,268,1
518,268,1
519,267,1
520,267,1
521,267,1
522,267,1
523,267,1
524,267,1
525,267,1
526,267,1
527,267,1
528,267,1
529,267,1
530,267,1
531,267,1
532,267,1
533,267,1
534,267,1
535,267,1
536,267,1
537,267,1
538,267,1
539,266,1
540,266,1
541,266,1
542,266,1
543,266,1
544,266,1
545,266,1
546,266,1
547,266,1
548,266,1
549,266,1
550,266,1
551,266,1
552,266,1
553,265,1
554,265,1
555,265,1
556,265,1
557,265,1
558,265,1
559,265,1
560,265,1
561,265,1
562,265,1
563,265,1
564,265,1
565,264,1
566,264,1
567,264,1
568,264,1
569,264,1
570,264,1
571,264,1
572,264,1
573,264,1
574,264,1
575,264,1
576,264,1
577,264,1
578,263,1
579,263,1
580,263,1
581,263,1
582,263,1
583,263,1
584,263,1
585,263,1
586,263,1
587,263,1
588,263,1
589,263,1
590,263,1
591,263,1
592,263,1
593,263,1
594,262,1
595,262,1
596,262,1
597,262,1
598,262,1
599,262,1
600,262,1
601,262,1
602,262,1
603,262,1
604,262,1
605,262,1
606,262,1
607,262,1
608,262,1
609,261,1
610,261,1
611,261,1
612,261,1
613,261,1
614,261,1
615,261,1
616,261,1
617,261,1
618,261,1
619,261,1
620,261,1
621,260,1
622,260,1
623,260,1
624,260,1
625,260,1
626,260,1
627,260,1
628,260,1
629,260,1
630,260,1
631,259,1
632,259,1
633,259,1
634,259,1
635,259,1
636,259,1
637,259,1
638,259,1
639,259,1
640,259,1
641,259,1
642,258,1
643,258,1
644,258,1
645,258,1
646,258,1
647,258,1
648,258,1
649,258,1
650,258,1
651,258,1
652,257,1
653,257,1
654,257,1
655,257,1
656,257,1
657,257,1
658,257,1
659,257,1
660,257,1
661,257,1
662,256,1
663,256,1
664,256,1
665,256,1
666,256,1
667,256,1
668,256,1
669,256,1
670,256,1
671,256,1
672,255,1
673,255,1
674,255,1
675,255,1
676,255,1
677,255,1
678,255,1
679,255,1
680,255,1
681,255,1
682,254,1
683,254,1
684,254,1
685,254,1
686,254,1
687,254,1
688,254,1
689,254,1
690,253,1
691,253,1
692,253,1
693,253,1
694,253,1
695,253,1
696,253,1
697,253,1
698,253,1
699,253,1
700,252,1
701,252,1
702,252,1
703,252,1
704,252,1
705,252,1
706,252,1
707,252,1
708,251,1
709,251,1
710,251,1
711,251,1
712,251,1
713,251,1
714,251,1
715,251,1
716,251,1
717,251,1
718,250,1
719,250,1
720,250,1
721,250,1
722,250,1
723,250,1
724,250,1
725,249,1
726,249,1
727,249,1
728,249,1
729,249,1
730,249,1
731,249,1
732,249,1
733,249,1
734,248,1
735,248,1
736,248,1
737,248,1
738,248,1
739,248,1
740,248,1
741,248,1
742,247,1
743,247,1
744,247,1
745,247,1
746,247,1
747,247,1
748,247,1
749,247,1
750,246,1
751,246,1
752,246,1
753,246,1
754,246,1
755,246,1
756,246,1
757,245,1
758,245,1
759,245,1
760,245,1
761,245,1
762,245,1
763,245,1
764,245,1
765,244,1
766,244,1
767,244,1
768,244,1
769,244,1
770,244,1
771,244,1
772,243,1
773,243,1
774,243,1
775,243,1
776,243,1
777,243,1
778,243,1
779,242,1
780,242,1
781,242,1
782,242,1
783,242,1
784,242,1
785,242,1
786,241,1
787,241,1
788,241,1
789,241,1
790,241,1
791,241,1
792,241,1
793,240,1
794,240,1
795,240,1
796,240,1
797,240,1
798,240,1
799,240,1
800,239,1
801,239,1
802,239,1
803,239,1
804,239,1
805,239,1
806,239,1
807,239,1
808,238,1
809,238,1
810,238,1
811,238,1
812,238,1
813,238,1
814,238,1
815,237,1
816,237,1
817,237,1
818,237,1
819,237,1
820,237,1
821,237,1
822,237,1
823,236,1
824,236,1
825,236,1
826,236,1
827,236,1
828,236,1
829,236,1
830,236,1
831,235,1
832,235,1
833,235,1
834,235,1
835,235,1
836,235,1
837,235,1
838,234,1
839,234,1
840,234,1
841,234,1
842,234,1
843,234,1
844,234,1
845,234,1
846,234,1
847,233,1
848,233,1
849,233,1
850,233,1
851,233,1
852,233,1
853,233,1
854,232,1
855,232,1
856,232,1
857,232,1
858,232,1
859,232,1
860,232,1
861,232,1
862,232,1
863,231,1
864,231,1
865,231,1
866,231,1
867,231,1
868,231,1
869,231,1
870,231,1
871,230,1
872,230,1
873,230,1
874,230,1
875,230,1
876,230,1
877,230,1
878,230,1
879,230,1
880,230,1
881,229,1
882,229,1
883,229,1
884,229,1
885,229,1
886,229,1
887,229,1
888,228,1
889,228,1
890,228,1
891,228,1
892,228,1
893,228,1
894,228,1
895,228,1
896,228,1
897,228,1
898,227,1
899,227,1
900,227,1
901,227,1
902,227,1
903,227,1
904,227,1
905,227,1
906,227,1
907,227,1
908,226,1
909,226,1
910,226,1
911,226,1
912,226,1
913,226,1
914,226,1
915,226,1
916,226,1
917,226,1
918,225,1
919,225,1
920,225,1
921,225,1
922,225,1
923,225,1
924,225,1
925,225,1
926,225,1
927,224,1
928,224,1
929,224,1
930,224,1
931,224,1
932,224,1
933,224,1
934,224,1
935,224,1
936,224,1
937,224,1
938,223,1
939,223,1
940,223,1
941,223,1
942,223,1
943,223,1
944,223,1
945,223,1
946,223,1
947,223,1
948,222,1
949,222,1
950,222,1
951,222,1
952,222,1
953,222,1
954,222,1
955,222,1
956,222,1
957,222,1
958,222,1
959,222,1
960,221,1
961,221,1
962,221,1
963,221,1
964,221,1
965,221,1
966,221,1
967,221,1
968,221,1
969,221,1
970,221,1
971,221,1
972,221,1
973,221,1
974,221,1
975,221,1
976,221,1
977,220,1
978,220,1
979,220,1
980,220,1
981,220,1
982,220,1
983,220,1
984,220,1
985,220,1
986,220,1
987,220,1
988,220,1
989,220,1
990,220,1
991,219,1
992,219,1
993,219,1
994,219,1
995,219,1
996,219,1
997,219,1
998,219,1
999,219,1
1000,219,1
1001,219,1
1002,219,1
1003,219,1
1004,218,1
1005,218,1
1006,218,1
1007,218,1
1008,218,1
1009,218,1
1010,218,1
1011,218,1
1012,218,1
1013,218,1
1014,218,1
1015,218,1
1016,218,1
1017,218,1
1018,218,1
1019,217,1
1020,217,1
1021,217,1
1022,217,1
1023,217,1
1024,217,1
1025,217,1
1026,217,1
1027,217,1
1028,217,1
1029,217,1
1030,217,1
1031,217,1
1032,217,1
1033,217,1
1034,217,1
1035,217,1
1036,217,1
1037,217,1
1038,217,1
1039,217,1
1040,217,1
1041,217,1
1042,217,1
1043,217,1
1044,217,1
1045,217,1
1046,217,1
1047,217,1
1048,217,1
1049,217,1
1050,217,1
1051,216,1
1052,216,1
1053,216,1
1054,216,1
1055,216,1
1056,216,1
1057,216,1
1058,216,1
1059,216,1
1060,216,1
1061,216,1
1062,216,1
1063,216,1
1064,216,1
1065,216,1
1066,216,1
1067,216,1
1068,216,1
1069,216,1
1070,216,1
1071,216,1
1072,216,1
1073,216,1
1074,216,1
1075,216,1
1076,216,1
1077,216,1
1078,216,1
1079,216,1
1080,216,1
1081,216,1
1082,216,1
1083,216,1
1084,216,1
1085,216,1
1086,216,1
1087,216,1
1088,216,1
1089,216,1
1090,216,1
1091,216,1
1092,216,1
1093,216,1
1094,216,1
1095,216,1
1096,216,1
1097,216,1
1098,216,1
1099,216,1
1100,216,1
1101,216,1
1102,216,1
1103,216,1
1104,216,1
1105,216,1
1104,216,1
1103,216,1
1103,216,0
