154,310,1
154,311,1
157,360,1
157,361,1
157,362,1
157,363,1
157,364,1
157,365,1
157,366,1
157,367,1
157,368,1
157,369,1
157,370,1
157,371,1
157,372,1
157,373,1
157,374,1
157,375,1
157,376,1
157,377,1
156,377,1
156,378,1
156,379,1
155,380,1
154,380,1
154,379,1
153,379,1
153,378,1
152,377,1
152,376,1
151,375,1
151,374,1
151,373,1
151,372,1
150,371,1
150,370,1
150,369,1
150,368,1
149,367,1
149,366,1
149,365,1
149,364,1
149,363,1
148,362,1
148,361,1
148,360,1
148,359,1
148,358,1
147,357,1
147,356,1
147,355,1
147,354,1
147,353,1
146,352,1
146,351,1
146,350,1
146,349,1
145,348,1
145,347,1
145,346,1
145,345,1
145,344,1
144,343,1
144,342,1
144,341,1
144,340,1
144,339,1
144,338,1
144,337,1
143,336,1
143,335,1
143,334,1
143,333,1
143,332,1
143,331,1
143,330,1
142,329,1
142,328,1
142,327,1
142,326,1
142,325,1
142,324,1
142,323,1
142,322,1
142,321,1
141,320,1
141,319,1
141,318,1
141,317,1
141,316,1
141,315,1
141,314,1
141,313,1
141,312,1
141,311,1
141,310,1
141,309,1
141,308,1
141,307,1
141,306,1
141,305,1
141,304,1
141,303,1
141,302,1
141,301,1
141,300,1
141,299,1
141,298,1
141,297,1
141,296,1
141,295,1
141,294,1
141,293,1
141,292,1
142,291,1
142,290,1
142,289,1
142,288,1
142,287,1
142,286,1
142,285,1
143,284,1
143,283,1
143,282,1
143,281,1
143,280,1
144,279,1
144,278,1
144,277,1
144,276,1
145,275,1
145,274,1
145,273,1
146,272,1
146,271,1
146,270,1
147,269,1
147,268,1
147,267,1
148,266,1
148,265,1
149,264,1
149,263,1
149,262,1
150,261,1
150,260,1
151,259,1
151,258,1
152,257,1
152,256,1
152,255,1
153,254,1
153,253,1
154,252,1
154,251,1
155,250,1
156,250,1
156,249,1
157,248,1
157,247,1
158,246,1
159,245,1
159,244,1
160,243,1
160,242,1
161,241,1
162,241,1
203,205,1
204,205,1
205,205,1
206,205,1
207,204,1
208,204,1
209,204,1
210,204,1
211,204,1
212,204,1
213,204,1
214,204,1
215,204,1
216,204,1
217,204,1
218,204,1
219,204,1
220,204,1
221,205,1
222,205,1
223,205,1
224,206,1
225,206,1
226,206,1
227,207,1
228,208,1
229,208,1
230,209,1
231,209,1
232,210,1
233,210,1
233,211,1
234,212,1
235,212,1
236,213,1
236,214,1
237,214,1
238,215,1
239,216,1
239,217,1
240,218,1
241,218,1
241,219,1
242,220,1
243,221,1
243,222,1
244,223,1
244,224,1
245,225,1
246,226,1
246,227,1
247,228,1
247,229,1
248,230,1
249,231,1
249,232,1
250,233,1
250,234,1
250,235,1
251,236,1
251,237,1
252,238,1
252,239,1
253,240,1
253,241,1
253,242,1
254,243,1
254,244,1
254,245,1
255,246,1
255,247,1
256,248,1
256,249,1
256,250,1
257,250,1
257,251,1
257,252,1
258,253,1
258,254,1
258,255,1
259,256,1
259,257,1
259,258,1
259,259,1
260,260,1
260,261,1
260,262,1
261,263,1
261,264,1
261,265,1
261,266,1
262,267,1
262,268,1
262,269,1
262,270,1
263,270,1
263,271,1
263,272,1
263,273,1
263,274,1
264,275,1
264,276,1
264,277,1
264,278,1
264,279,1
265,280,1
265,281,1
265,282,1
265,283,1
265,284,1
266,285,1
266,286,1
266,287,1
266,288,1
266,289,1
266,290,1
267,290,1
267,291,1
267,292,1
267,293,1
267,294,1
267,295,1
267,296,1
268,297,1
268,298,1
268,299,1
268,300,1
268,301,1
268,302,1
268,303,1
268,304,1
268,305,1
269,306,1
269,307,1
269,308,1
269,309,1
269,310,1
269,311,1
269,312,1
269,313,1
270,314,1
270,315,1
270,316,1
270,317,1
270,318,1
270,319,1
270,320,1
270,321,1
270,322,1
270,323,1
270,324,1
270,325,1
270,326,1
270,327,1
270,328,1
270,329,1
270,330,1
270,331,1
270,332,1
270,333,1
270,334,1
270,335,1
270,336,1
270,337,1
271,337,1
271,336,1
271,335,1
271,334,1
271,333,1
271,332,1
271,331,1
271,330,1
271,329,1
271,328,1
271,327,1
271,326,1
271,325,1
271,324,1
271,323,1
271,322,1
271,321,1
270,320,1
270,319,1
270,318,1
270,317,1
269,317,1
269,316,1
269,315,1
268,314,1
268,313,1
267,312,1
267,311,1
266,311,1
266,310,1
265,309,1
264,308,1
264,307,1
263,307,1
262,306,1
261,306,1
261,305,1
260,304,1
259,304,1
258,303,1
257,303,1
256,302,1
255,302,1
254,301,1
253,301,1
252,301,1
251,300,1
250,300,1
249,300,1
248,300,1
247,300,1
246,300,1
245,300,1
244,300,1
243,300,1
242,300,1
241,300,1
240,300,1
239,300,1
238,300,1
237,300,1
236,300,1
235,300,1
234,300,1
233,301,1
232,301,1
231,301,1
230,301,1
229,302,1
228,302,1
227,302,1
226,302,1
225,303,1
224,303,1
223,303,1
222,304,1
221,304,1
220,304,1
219,305,1
218,305,1
217,305,1
216,306,1
215,306,1
214,306,1
213,307,1
212,307,1
211,308,1
210,308,1
209,309,1
208,309,1
207,310,1
206,310,1
205,311,1
204,311,1
203,312,1
202,312,1
201,313,1
200,313,1
199,314,1
198,314,1
197,315,1
196,315,1
195,316,1
194,317,1
193,318,1
192,318,1
191,319,1
190,320,1
189,321,1
188,322,1
187,323,1
186,324,1
185,325,1
184,326,1
184,327,1
183,327,1
183,328,1
182,329,1
182,330,1
181,330,1
181,331,1
180,332,1
180,333,1
180,334,1
180,335,1
180,336,1
180,337,1
180,338,1
181,339,1
181,340,1
182,340,1
182,341,1
183,341,1
184,342,1
185,342,1
186,342,1
187,342,1
188,342,1
189,342,1
190,342,1
191,342,1
192,342,1
193,341,1
194,341,1
195,341,1
195,340,1
196,340,1
197,339,1
198,338,1
199,337,1
200,336,1
200,335,1
201,334,1
201,333,1
201,332,1
201,331,1
201,330,1
201,329,1
201,328,1
200,327,1
200,326,1
199,325,1
198,324,1
197,323,1
196,323,1
196,322,1
195,322,1
194,322,1
193,321,1
192,321,1
191,320,1
190,320,1
189,320,1
188,319,1
187,319,1
186,319,1
185,319,1
184,319,1
183,319,1
182,319,1
181,319,1
180,319,1
179,319,1
178,319,1
177,319,1
176,319,1
175,319,1
174,319,1
173,319,1
172,319,1
171,319,1
170,319,1
169,320,1
331,284,0
490,244,1
490,245,1
490,246,1
490,247,1
490,248,1
490,249,1
490,250,1
490,251,1
490,252,1
490,253,1
490,254,1
490,255,1
490,256,1
490,257,1
490,258,1
490,259,1
490,260,1
490,261,1
489,262,1
489,263,1
489,264,1
489,265,1
489,266,1
489,267,1
489,268,1
489,269,1
489,270,1
488,271,1
488,272,1
488,273,1
488,274,1
488,275,1
488,276,1
488,277,1
488,278,1
488,279,1
488,280,1
487,281,1
487,282,1
487,283,1
487,284,1
487,285,1
487,286,1
487,287,1
487,288,1
487,289,1
486,290,1
486,291,1
486,292,1
486,293,1
485,294,1
485,295,1
485,296,1
484,296,1
484,297,1
483,297,1
482,298,1
481,297,1
480,297,1
479,296,1
478,296,1
478,295,1
477,295,1
477,294,1
476,293,1
475,293,1
475,292,1
474,291,1
473,290,1
472,289,1
471,288,1
470,287,1
469,287,1
469,286,1
468,285,1
467,285,1
466,284,1
465,283,1
464,282,1
463,282,1
462,281,1
461,281,1
461,280,1
460,280,1
459,280,1
458,279,1
457,279,1
456,279,1
455,278,1
454,278,1
453,278,1
452,278,1
451,278,1
450,278,1
450,277,1
449,277,1
448,277,1
447,277,1
446,277,1
445,277,1
444,277,1
443,277,1
442,277,1
441,277,1
440,277,1
439,277,1
438,278,1
437,278,1
436,278,1
435,278,1
434,278,1
433,278,1
432,279,1
431,279,1
430,279,1
429,279,1
428,280,1
427,280,1
426,280,1
425,281,1
424,281,1
423,281,1
422,282,1
421,282,1
420,282,1
419,283,1
418,283,1
417,283,1
416,284,1
415,284,1
414,285,1
413,285,1
412,286,1
411,286,1
410,286,1
410,287,1
409,287,1
408,288,1
407,288,1
406,289,1
405,289,1
404,290,1
403,290,1
402,291,1
401,292,1
400,292,1
399,293,1
398,294,1
397,294,1
397,295,1
396,295,1
395,296,1
395,297,1
394,298,1
393,298,1
393,299,1
392,300,1
391,301,1
391,302,1
390,302,1
390,303,1
389,304,1
389,305,1
389,306,1
388,307,1
388,308,1
388,309,1
387,310,1
387,311,1
387,312,1
387,313,1
387,314,1
387,315,1
387,316,1
387,317,1
387,318,1
387,319,1
387,320,1
387,321,1
388,322,1
388,323,1
388,324,1
389,325,1
389,326,1
390,327,1
391,328,1
391,329,1
392,329,1
392,330,1
393,330,1
394,331,1
395,331,1
395,332,1
396,332,1
397,332,1
398,332,1
399,332,1
400,332,1
401,332,1
401,331,1
402,330,1
397,250,0
401,167,1
400,167,1
399,168,1
398,168,1
397,168,1
396,168,1
395,169,1
394,169,1
393,169,1
392,169,1
391,169,1
390,169,1
389,170,1
388,170,1
387,170,1
386,170,1
385,170,1
384,170,1
383,170,1
382,170,1
381,170,1
380,170,1
379,170,1
378,170,1
377,171,1
376,171,1
375,171,1
374,171,1
373,171,1
372,171,1
371,171,1
370,171,1
369,171,1
368,171,1
367,171,1
366,171,1
365,171,1
364,171,1
363,171,1
362,171,1
361,171,1
360,171,1
359,171,1
358,171,1
357,171,1
356,171,1
355,171,1
354,171,1
353,171,1
352,171,1
351,171,1
350,171,1
349,171,1
348,170,1
347,170,1
346,170,1
345,170,1
344,170,1
343,170,1
342,170,1
341,169,1
340,169,1
339,169,1
338,168,1
337,168,1
336,168,1
335,167,1
334,167,1
333,166,1
332,165,1
331,165,1
330,164,1
330,163,1
329,163,1
329,162,1
328,161,1
328,160,1
327,159,1
327,158,1
327,157,1
328,156,1
328,155,1
329,155,1
329,154,1
330,154,1
331,154,1
331,153,1
332,153,1
333,153,1
334,153,1
335,152,1
336,152,1
337,152,1
338,152,1
339,152,1
340,152,1
341,152,1
342,152,1
343,152,1
344,152,1
345,153,1
346,153,1
347,153,1
348,153,1
349,153,1
350,153,1
351,154,1
352,154,1
353,154,1
354,154,1
355,155,1
356,155,1
357,155,1
358,155,1
359,156,1
360,156,1
361,156,1
362,157,1
363,157,1
364,157,1
365,158,1
366,158,1
367,158,1
368,159,1
369,159,1
370,159,1
370,160,1
371,160,1
372,161,1
373,161,1
374,161,1
375,162,1
376,162,1
377,163,1
378,163,1
379,163,1
380,164,1
381,164,1
382,165,1
383,165,1
384,165,1
384,166,1
385,166,1
386,167,1
387,167,1
388,167,1
389,168,1
390,168,1
391,169,1
392,169,1
393,169,1
394,170,1
395,171,1
396,171,1
397,171,1
398,172,1
399,172,1
400,173,1
401,173,1
402,173,1
403,174,1
404,174,1
405,175,1
406,175,1
407,176,1
408,177,1
409,177,1
410,178,1
411,178,1
412,179,1
413,179,1
414,180,1
415,180,1
416,181,1
417,182,1
418,182,1
419,183,1
420,183,1
421,184,1
422,184,1
423,185,1
424,185,1
425,186,1
426,186,1
427,187,1
428,187,1
428,188,1
429,188,1
430,188,1
431,189,1
432,189,1
433,190,1
434,190,1
435,191,1
436,191,1
437,192,1
438,192,1
439,193,1
440,193,1
441,194,1
442,194,1
443,195,1
444,195,1
444,196,1
445,196,1
446,197,1
447,197,1
448,198,1
449,198,1
450,199,1
451,199,1
452,200,1
453,200,1
454,201,1
454,202,1
455,202,1
456,203,1
457,203,1
458,204,1
459,204,1
460,205,1
461,205,1
462,206,1
463,207,1
464,207,1
465,208,1
466,208,1
467,209,1
468,210,1
469,210,1
470,211,1
471,212,1
472,213,1
473,213,1
474,214,1
475,215,1
476,215,1
477,216,1
478,216,1
479,217,1
479,218,1
480,219,1
481,219,1
482,220,1
483,221,1
484,221,1
485,222,1
486,223,1
487,223,1
488,224,1
489,225,1
490,225,1
490,226,1
491,227,1
492,228,1
493,228,1
494,229,1
495,230,1
496,230,1
497,230,1
518,233,0
548,241,1
547,241,1
546,240,1
545,240,1
544,239,1
543,238,1
543,237,1
543,236,1
544,236,1
544,235,1
545,235,1
545,234,1
546,234,1
547,234,1
548,234,1
549,234,1
550,234,1
551,235,1
552,235,1
552,236,1
553,236,1
554,236,1
554,237,1
555,237,1
556,238,1
556,239,1
557,239,1
557,240,1
558,241,1
559,242,1
559,243,1
559,244,1
560,244,1
560,245,1
560,246,1
560,247,1
560,248,1
560,249,1
561,250,1
561,251,1
560,252,1
560,253,1
560,254,1
560,255,1
560,256,1
560,257,1
559,258,1
559,259,1
559,260,1
558,261,1
558,262,1
557,263,1
557,264,1
556,265,1
555,266,1
555,267,1
554,268,1
553,269,1
553,270,1
552,271,1
551,271,1
551,272,1
550,273,1
549,274,1
548,274,1
548,275,1
547,276,1
546,276,1
545,277,1
544,278,1
543,279,1
542,280,1
541,280,1
540,281,1
539,282,1
538,282,1
537,283,1
536,284,1
535,284,1
534,285,1
533,285,1
532,286,1
531,286,1
530,287,1
529,287,1
528,288,1
527,288,1
526,289,1
525,289,1
524,289,1
523,289,1
522,290,1
521,290,1
520,290,1
519,290,1
518,291,1
517,291,1
516,291,1
515,291,1
514,292,1
513,292,1
512,292,1
511,292,1
510,292,1
509,292,1
508,292,1
507,293,1
506,293,1
505,293,1
504,293,1
503,293,1
503,292,1
502,292,1
501,292,1
500,292,1
500,291,1
501,290,1
502,290,1
503,290,1
504,290,1
505,289,1
506,289,1
507,289,1
508,289,1
509,289,1
510,289,1
511,289,1
512,289,1
513,288,1
514,288,1
515,288,1
516,288,1
517,288,1
518,288,1
519,288,1
520,288,1
521,288,1
522,288,1
523,288,1
524,288,1
525,288,1
526,288,1
527,288,1
528,288,1
529,289,1
530,289,1
531,289,1
532,289,1
533,289,1
534,289,1
535,289,1
536,289,1
537,289,1
538,289,1
539,289,1
540,289,1
541,289,1
542,289,1
543,289,1
544,289,1
545,289,1
546,290,1
547,290,1
548,290,1
549,290,1
550,290,1
551,290,1
552,290,1
553,290,1
554,290,1
555,290,1
556,290,1
557,290,1
558,290,1
559,290,1
560,290,1
561,290,1
562,290,1
563,290,1
564,290,1
565,290,1
566,290,1
567,291,1
568,291,1
569,291,1
570,291,1
571,291,1
572,291,1
573,291,1
574,291,1
575,291,1
576,291,1
577,291,1
578,291,1
579,291,1
580,291,1
581,291,1
582,291,1
583,291,1
584,291,1
585,291,1
586,291,1
587,291,1
588,291,1
589,291,1
590,291,1
591,291,1
592,291,1
593,291,1
594,290,1
595,290,1
596,290,1
597,290,1
598,290,1
599,290,1
600,290,1
601,289,1
602,289,1
603,289,1
604,288,1
615,277,0
630,260,1
630,261,1
630,262,1
630,263,1
630,264,1
630,265,1
630,266,1
630,267,1
630,268,1
630,269,1
630,270,1
630,271,1
630,272,1
630,273,1
630,274,1
630,275,1
630,276,1
630,277,1
630,278,1
630,279,1
630,280,1
630,281,1
630,282,1
630,283,1
630,284,1
630,285,1
630,286,1
630,287,1
630,288,1
629,289,1
629,290,1
629,291,1
629,292,1
629,293,1
629,294,1
628,295,1
628,296,1
628,297,1
628,298,1
628,299,1
627,300,1
627,301,1
358,276,0
83,256,1
84,256,1
85,256,1
86,256,1
87,255,1
88,255,1
89,255,1
90,255,1
91,255,1
92,255,1
93,255,1
94,255,1
95,255,1
96,254,1
97,254,1
98,254,1
99,254,1
100,254,1
101,254,1
102,254,1
103,254,1
104,254,1
105,254,1
106,254,1
107,253,1
108,253,1
109,253,1
110,253,1
111,253,1
112,253,1
113,253,1
114,253,1
115,253,1
116,252,1
117,252,1
118,252,1
119,252,1
120,252,1
121,252,1
122,252,1
123,252,1
124,252,1
125,252,1
126,252,1
127,251,1
128,251,1
129,251,1
130,251,1
131,251,1
132,251,1
133,251,1
134,251,1
135,251,1
136,250,1
137,250,1
138,250,1
139,250,1
140,250,1
141,250,1
142,250,1
143,250,1
144,250,1
145,250,1
146,250,1
147,250,1
148,250,1
149,250,1
150,250,1
151,250,1
152,250,1
153,250,1
154,250,1
155,249,1
156,249,1
157,249,1
158,249,1
159,249,1
160,249,1
161,249,1
162,249,1
163,249,1
164,249,1
165,248,1
166,248,1
167,248,1
168,248,1
169,248,1
170,248,1
171,248,1
172,248,1
173,248,1
174,248,1
175,247,1
176,247,1
177,247,1
178,247,1
179,247,1
180,247,1
181,247,1
182,247,1
183,247,1
184,247,1
185,246,1
186,246,1
187,246,1
188,246,1
189,246,1
190,246,1
191,246,1
192,246,1
193,245,1
194,245,1
195,245,1
196,245,1
197,245,1
198,245,1
199,245,1
200,245,1
201,245,1
202,245,1
203,244,1
204,244,1
205,244,1
206,244,1
207,244,1
208,244,1
209,244,1
210,244,1
211,244,1
212,243,1
213,243,1
214,243,1
215,243,1
216,243,1
217,243,1
218,243,1
219,243,1
220,243,1
221,243,1
222,242,1
223,242,1
224,242,1
225,242,1
226,242,1
227,242,1
228,242,1
229,242,1
230,242,1
231,242,1
232,241,1
233,241,1
234,241,1
235,241,1
236,241,1
237,241,1
238,241,1
239,241,1
240,241,1
241,241,1
242,241,1
243,240,1
244,240,1
245,240,1
246,240,1
247,240,1
248,240,1
249,240,1
250,240,1
251,240,1
252,240,1
253,239,1
254,239,1
255,239,1
256,239,1
257,239,1
258,239,1
259,239,1
260,239,1
261,239,1
262,239,1
263,238,1
264,238,1
265,238,1
266,238,1
267,238,1
268,238,1
269,238,1
270,238,1
271,237,1
272,237,1
273,237,1
274,237,1
275,237,1
276,237,1
277,237,1
278,237,1
279,237,1
280,237,1
281,236,1
282,236,1
283,236,1
284,236,1
285,236,1
286,236,1
287,236,1
288,236,1
289,236,1
290,235,1
291,235,1
292,235,1
293,235,1
294,235,1
295,235,1
296,235,1
297,235,1
298,234,1
299,234,1
300,234,1
301,234,1
302,234,1
303,234,1
304,234,1
305,234,1
306,234,1
307,234,1
308,233,1
309,233,1
310,233,1
311,233,1
312,233,1
313,233,1
314,233,1
315,233,1
316,232,1
317,232,1
318,232,1
319,232,1
320,232,1
321,232,1
322,232,1
323,232,1
324,232,1
325,231,1
326,231,1
327,231,1
328,231,1
329,231,1
330,231,1
331,231,1
332,231,1
333,231,1
334,230,1
335,230,1
336,230,1
337,230,1
338,230,1
339,230,1
340,230,1
341,230,1
342,230,1
343,230,1
344,230,1
345,230,1
346,230,1
347,230,1
348,230,1
349,230,1
350,230,1
351,230,1
352,230,1
353,230,1
354,229,1
355,229,1
356,229,1
357,229,1
358,229,1
359,229,1
360,229,1
361,229,1
362,229,1
363,229,1
364,228,1
365,228,1
366,228,1
367,228,1
368,228,1
369,228,1
370,228,1
371,228,1
372,228,1
373,228,1
374,227,1
375,227,1
376,227,1
377,227,1
378,227,1
379,227,1
380,227,1
381,227,1
382,227,1
383,227,1
384,226,1
385,226,1
386,226,1
387,226,1
388,226,1
389,226,1
390,226,1
391,226,1
392,225,1
393,225,1
394,225,1
395,225,1
396,225,1
397,225,1
398,225,1
399,225,1
400,225,1
401,225,1
402,224,1
403,224,1
404,224,1
405,224,1
406,224,1
407,224,1
408,224,1
409,224,1
410,224,1
411,223,1
412,223,1
413,223,1
414,223,1
415,223,1
416,223,1
417,223,1
418,223,1
419,223,1
420,223,1
421,223,1
422,223,1
423,222,1
424,222,1
425,222,1
426,222,1
427,222,1
428,222,1
429,222,1
430,222,1
431,222,1
432,222,1
433,221,1
434,221,1
435,221,1
436,221,1
437,221,1
438,221,1
439,221,1
440,221,1
441,221,1
442,221,1
443,221,1
444,220,1
445,220,1
446,220,1
447,220,1
448,220,1
449,220,1
450,220,1
451,220,1
452,220,1
453,220,1
454,219,1
455,219,1
456,219,1
457,219,1
458,219,1
459,219,1
460,219,1
461,219,1
462,219,1
463,219,1
464,218,1
465,218,1
466,218,1
467,218,1
468,218,1
469,218,1
470,218,1
471,218,1
472,218,1
473,218,1
474,217,1
475,217,1
476,217,1
477,217,1
478,217,1
479,217,1
480,217,1
481,217,1
482,217,1
483,217,1
484,217,1
485,216,1
486,216,1
487,216,1
488,216,1
489,216,1
490,216,1
491,216,1
492,216,1
493,216,1
494,216,1
495,216,1
496,215,1
497,215,1
498,215,1
499,215,1
500,215,1
501,215,1
502,215,1
503,215,1
504,215,1
505,215,1
506,215,1
507,215,1
508,214,1
509,214,1
510,214,1
511,214,1
512,214,1
513,214,1
514,214,1
515,214,1
516,214,1
517,214,1
518,214,1
519,214,1
520,213,1
521,213,1
522,213,1
523,213,1
524,213,1
525,213,1
526,213,1
527,213,1
528,213,1
529,213,1
530,213,1
531,212,1
532,212,1
533,212,1
534,212,1
535,212,1
536,212,1
537,212,1
538,212,1
539,212,1
540,212,1
541,212,1
542,212,1
543,211,1
544,211,1
545,211,1
546,211,1
547,211,1
548,211,1
549,211,1
550,211,1
551,211,1
552,211,1
553,211,1
554,211,1
555,211,1
556,210,1
557,210,1
558,210,1
559,210,1
560,210,1
561,210,1
562,210,1
563,210,1
564,210,1
565,210,1
566,210,1
567,210,1
568,210,1
569,210,1
570,210,1
571,210,1
572,210,1
573,210,1
574,210,1
575,210,1
576,210,1
577,210,1
578,210,1
579,210,1
580,210,1
581,210,1
582,210,1
583,209,1
584,209,1
585,209,1
586,209,1
587,209,1
588,209,1
589,209,1
590,209,1
591,209,1
592,209,1
593,209,1
594,208,1
595,208,1
596,208,1
597,208,1
598,208,1
599,208,1
600,208,1
601,208,1
602,208,1
603,208,1
604,207,1
605,207,1
606,207,1
607,207,1
608,207,1
609,207,1
610,207,1
611,207,1
612,207,1
613,206,1
614,206,1
615,206,1
616,206,1
617,206,1
618,206,1
619,206,1
620,206,1
621,206,1
622,206,1
623,205,1
624,205,1
625,205,1
626,205,1
627,205,1
628,205,1
629,205,1
630,205,1
631,204,1
632,204,1
633,204,1
634,204,1
635,204,1
636,204,1
637,204,1
638,204,1
639,204,1
640,203,1
641,203,1
642,203,1
643,203,1
644,203,1
645,203,1
646,203,1
647,203,1
648,202,1
649,202,1
650,202,1
651,202,1
652,202,1
653,202,1
654,202,1
655,201,1
656,201,1
657,201,1
658,201,1
659,201,1
660,201,1
661,201,1
662,200,1
663,200,1
664,200,1
665,200,1
666,200,1
667,200,1
668,200,1
669,199,1
670,199,1
671,199,1
672,199,1
673,199,1
674,198,1
675,198,1
676,198,1
677,198,1
678,198,1
679,198,1
680,197,1
681,197,1
682,197,1
683,197,1
684,197,1
685,197,1
686,196,1
687,196,1
688,196,1
689,196,1
690,196,1
691,195,1
692,195,1
693,195,1
694,195,1
695,195,1
696,194,1
697,194,1
698,194,1
699,194,1
700,194,1
700,193,1
701,193,1
702,193,1
703,193,1
704,192,1
703,192,1
702,192,1
701,192,1
700,192,1
700,192,0
