452,730,1
451,780,1
451,781,1
451,782,1
451,783,1
451,784,1
451,785,1
451,786,1
451,787,1
451,788,1
450,789,1
450,790,1
450,791,1
450,792,1
450,793,1
450,794,1
450,795,1
450,796,1
450,797,1
450,798,1
450,799,1
450,800,1
450,801,1
450,802,1
450,803,1
450,804,1
450,805,1
450,806,1
449,807,1
449,808,1
449,809,1
449,810,1
449,811,1
449,812,1
449,813,1
449,814,1
449,815,1
449,816,1
449,817,1
449,818,1
449,819,1
449,820,1
449,821,1
449,822,1
449,823,1
449,824,1
449,825,1
449,826,1
449,827,1
449,828,1
448,829,1
448,830,1
448,831,1
448,832,1
448,833,1
448,834,1
448,835,1
448,836,1
448,837,1
448,838,1
447,839,1
447,840,1
447,841,1
447,842,1
447,843,1
447,844,1
447,845,1
447,846,1
447,847,1
447,848,1
447,849,1
447,850,1
446,851,1
446,852,1
446,853,1
446,854,1
446,855,1
446,856,1
446,857,1
446,858,1
446,859,1
446,860,1
446,861,1
445,862,1
445,863,1
445,864,1
445,865,1
445,866,1
445,867,1
445,868,1
445,869,1
432,883,1
432,882,1
432,881,1
432,880,1
432,879,1
432,878,1
431,877,1
431,876,1
431,875,1
431,874,1
431,873,1
431,872,1
431,871,1
431,870,1
431,869,1
431,868,1
431,867,1
431,866,1
431,865,1
430,864,1
430,863,1
430,862,1
430,861,1
430,860,1
430,859,1
430,858,1
430,857,1
430,856,1
430,855,1
429,854,1
429,853,1
429,852,1
429,851,1
429,850,1
429,849,1
429,848,1
429,847,1
429,846,1
429,845,1
429,844,1
429,843,1
428,842,1
428,841,1
428,840,1
428,839,1
428,838,1
428,837,1
428,836,1
428,835,1
428,834,1
428,833,1
428,832,1
428,831,1
428,830,1
428,829,1
428,828,1
428,827,1
427,826,1
427,825,1
427,824,1
427,823,1
427,822,1
427,821,1
427,820,1
427,819,1
427,818,1
427,817,1
427,816,1
427,815,1
427,814,1
427,813,1
427,812,1
427,811,1
427,810,1
427,809,1
427,808,1
427,807,1
427,806,1
427,805,1
427,804,1
427,803,1
427,802,1
427,801,1
427,800,1
427,799,1
427,798,1
427,797,1
427,796,1
427,795,1
427,794,1
427,793,1
427,792,1
427,791,1
427,790,1
427,789,1
427,788,1
427,787,1
427,786,1
427,785,1
427,784,1
427,783,1
427,782,1
427,781,1
427,780,1
427,779,1
427,778,1
427,777,1
427,776,1
427,775,1
427,774,1
427,773,1
427,772,1
427,771,1
427,770,1
427,769,1
427,768,1
427,767,1
427,766,1
427,765,1
427,764,1
427,763,1
427,762,1
427,761,1
427,760,1
427,759,1
427,758,1
427,757,1
427,756,1
427,755,1
428,754,1
428,753,1
428,752,1
428,751,1
428,750,1
428,749,1
428,748,1
428,747,1
428,746,1
428,745,1
428,744,1
428,743,1
428,742,1
428,741,1
428,740,1
428,739,1
428,738,1
429,737,1
429,736,1
429,735,1
429,734,1
429,733,1
429,732,1
429,731,1
429,730,1
429,729,1
429,728,1
429,727,1
430,726,1
430,725,1
430,724,1
430,723,1
430,722,1
430,721,1
430,720,1
430,719,1
430,718,1
431,717,1
431,716,1
431,715,1
431,714,1
431,713,1
431,712,1
431,711,1
431,710,1
431,709,1
432,708,1
432,707,1
432,706,1
432,705,1
432,704,1
432,703,1
432,702,1
432,701,1
432,700,1
433,699,1
433,698,1
433,697,1
433,696,1
433,695,1
433,694,1
433,693,1
433,692,1
434,691,1
434,690,1
434,689,1
434,688,1
434,687,1
435,686,1
435,685,1
435,684,1
435,683,1
435,682,1
435,681,1
436,681,1
436,680,1
436,679,1
436,678,1
436,677,1
436,676,1
437,675,1
437,674,1
437,673,1
437,672,1
437,671,1
438,670,1
438,669,1
438,668,1
438,667,1
438,666,1
439,665,1
439,664,1
439,663,1
439,662,1
439,661,1
440,660,1
440,659,1
440,658,1
440,657,1
441,657,1
441,656,1
441,655,1
441,654,1
441,653,1
442,652,1
442,651,1
442,650,1
442,649,1
443,648,1
443,647,1
443,646,1
444,645,1
444,644,1
444,643,1
444,642,1
445,641,1
445,640,1
445,639,1
445,638,1
446,637,1
446,636,1
446,635,1
447,634,1
447,633,1
447,632,1
447,631,1
448,630,1
448,629,1
448,628,1
449,627,1
449,626,1
450,625,1
450,624,1
450,623,1
451,622,1
451,621,1
451,620,1
452,619,1
452,618,1
452,617,1
453,617,1
453,616,1
453,615,1
453,614,1
454,613,1
454,612,1
455,611,1
455,610,1
456,609,1
456,608,1
456,607,1
457,606,1
457,605,1
457,604,1
458,604,1
458,603,1
458,602,1
459,601,1
459,600,1
459,599,1
460,598,1
461,597,1
461,596,1
461,595,1
462,594,1
462,593,1
463,593,1
463,592,1
463,591,1
464,590,1
464,589,1
465,588,1
465,587,1
466,586,1
466,585,1
466,584,1
467,584,1
467,583,1
468,582,1
468,581,1
468,580,1
469,579,1
470,578,1
470,577,1
471,576,1
471,575,1
472,575,1
472,574,1
472,573,1
473,572,1
473,571,1
474,571,1
474,570,1
475,569,1
475,568,1
476,567,1
476,566,1
477,566,1
477,565,1
478,564,1
478,563,1
479,562,1
479,561,1
480,561,1
480,560,1
481,559,1
481,558,1
482,557,1
483,556,1
484,555,1
484,554,1
485,553,1
485,552,1
486,552,1
486,551,1
487,550,1
488,549,1
488,548,1
489,547,1
490,546,1
491,545,1
491,544,1
492,543,1
493,542,1
493,541,1
494,541,1
495,540,1
495,539,1
496,538,1
497,537,1
497,536,1
498,535,1
499,534,1
500,533,1
500,532,1
501,531,1
502,531,1
502,530,1
503,529,1
504,528,1
504,527,1
505,527,1
506,526,1
506,525,1
507,524,1
508,523,1
509,522,1
510,521,1
510,520,1
511,520,1
512,519,1
513,518,1
513,517,1
514,517,1
515,516,1
515,515,1
516,514,1
517,514,1
517,513,1
518,512,1
519,511,1
520,510,1
521,509,1
522,508,1
523,507,1
524,506,1
525,506,1
525,505,1
526,504,1
527,504,1
528,503,1
528,502,1
529,502,1
530,501,1
531,500,1
532,499,1
533,498,1
534,498,1
534,497,1
535,497,1
536,496,1
537,495,1
538,495,1
538,494,1
539,493,1
540,493,1
541,492,1
542,491,1
543,490,1
544,490,1
545,489,1
546,488,1
547,487,1
548,487,1
549,486,1
550,486,1
550,485,1
551,485,1
552,484,1
553,483,1
554,483,1
555,482,1
556,482,1
556,481,1
557,480,1
558,480,1
559,479,1
560,479,1
561,478,1
562,478,1
563,477,1
564,477,1
565,476,1
566,475,1
567,475,1
568,474,1
569,474,1
570,474,1
571,473,1
572,473,1
573,472,1
574,472,1
575,471,1
576,471,1
577,471,1
577,470,1
578,470,1
579,470,1
580,469,1
581,469,1
582,469,1
583,468,1
584,468,1
585,468,1
586,467,1
587,467,1
588,467,1
589,466,1
590,466,1
591,466,1
592,466,1
593,465,1
594,465,1
595,465,1
596,465,1
597,464,1
598,464,1
599,464,1
600,464,1
601,464,1
602,463,1
603,463,1
604,463,1
605,463,1
606,463,1
607,463,1
608,463,1
609,463,1
610,462,1
611,462,1
612,462,1
613,462,1
614,462,1
615,462,1
616,462,1
617,462,1
618,462,1
619,462,1
620,462,1
621,462,1
622,462,1
623,462,1
624,462,1
625,462,1
626,462,1
627,462,1
628,462,1
629,462,1
630,462,1
631,462,1
632,462,1
633,462,1
634,462,1
635,462,1
636,462,1
637,463,1
638,463,1
639,463,1
640,463,1
641,463,1
642,463,1
643,463,1
644,463,1
645,464,1
646,464,1
647,464,1
648,464,1
649,464,1
650,465,1
651,465,1
652,465,1
653,465,1
654,465,1
655,466,1
656,466,1
657,466,1
658,467,1
659,467,1
660,467,1
661,468,1
662,468,1
663,469,1
664,469,1
665,469,1
666,470,1
667,470,1
668,470,1
669,471,1
670,471,1
671,472,1
672,472,1
673,473,1
674,473,1
675,473,1
676,474,1
677,475,1
678,475,1
679,476,1
680,476,1
681,476,1
681,477,1
682,477,1
683,478,1
684,478,1
685,479,1
686,480,1
687,480,1
688,481,1
689,481,1
689,482,1
690,482,1
691,483,1
692,483,1
692,484,1
693,485,1
694,485,1
695,486,1
696,487,1
697,487,1
698,488,1
699,489,1
700,490,1
701,490,1
702,491,1
702,492,1
703,492,1
704,493,1
704,494,1
705,494,1
706,495,1
707,495,1
707,496,1
708,497,1
709,497,1
710,498,1
710,499,1
711,499,1
712,500,1
713,501,1
714,502,1
715,503,1
716,504,1
717,505,1
717,506,1
718,506,1
719,507,1
719,508,1
720,508,1
721,509,1
721,510,1
722,511,1
723,512,1
724,513,1
724,514,1
725,515,1
726,515,1
726,516,1
727,517,1
728,518,1
729,519,1
729,520,1
730,521,1
731,521,1
731,522,1
732,523,1
732,524,1
733,525,1
733,526,1
734,526,1
735,527,1
735,528,1
736,529,1
736,530,1
737,530,1
737,531,1
738,532,1
738,533,1
739,534,1
740,535,1
740,536,1
741,537,1
742,538,1
742,539,1
743,540,1
743,541,1
744,542,1
744,543,1
745,544,1
746,545,1
746,546,1
747,547,1
747,548,1
748,549,1
748,550,1
748,551,1
749,552,1
749,553,1
750,553,1
750,554,1
751,555,1
751,556,1
751,557,1
752,558,1
752,559,1
753,560,1
753,561,1
753,562,1
754,562,1
754,563,1
755,564,1
755,565,1
755,566,1
756,567,1
756,568,1
756,569,1
757,570,1
757,571,1
758,572,1
758,573,1
758,574,1
759,575,1
759,576,1
759,577,1
760,578,1
760,579,1
761,580,1
761,581,1
761,582,1
761,583,1
762,584,1
762,585,1
762,586,1
763,587,1
763,588,1
763,589,1
763,590,1
764,591,1
764,592,1
764,593,1
764,594,1
765,594,1
765,595,1
765,596,1
765,597,1
765,598,1
766,599,1
766,600,1
766,601,1
766,602,1
767,603,1
767,604,1
767,605,1
767,606,1
768,607,1
768,608,1
768,609,1
768,610,1
768,611,1
769,612,1
769,613,1
769,614,1
769,615,1
769,616,1
770,617,1
770,618,1
770,619,1
770,620,1
770,621,1
771,622,1
771,623,1
771,624,1
771,625,1
771,626,1
771,627,1
772,628,1
772,629,1
772,630,1
772,631,1
772,632,1
772,633,1
772,634,1
773,635,1
773,636,1
773,637,1
773,638,1
773,639,1
773,640,1
773,641,1
774,642,1
774,643,1
774,644,1
774,645,1
774,646,1
774,647,1
774,648,1
774,649,1
775,650,1
775,651,1
775,652,1
775,653,1
775,654,1
775,655,1
775,656,1
775,657,1
775,658,1
775,659,1
775,660,1
775,661,1
776,662,1
776,663,1
776,664,1
776,665,1
776,666,1
776,667,1
776,668,1
776,669,1
776,670,1
776,671,1
776,672,1
776,673,1
776,674,1
776,675,1
776,676,1
776,677,1
776,678,1
776,679,1
776,680,1
776,681,1
777,682,1
777,683,1
777,684,1
777,685,1
777,686,1
777,687,1
777,688,1
777,689,1
777,690,1
777,691,1
777,692,1
777,693,1
777,694,1
777,695,1
777,696,1
777,697,1
777,698,1
777,699,1
777,700,1
777,701,1
777,702,1
777,703,1
777,704,1
777,705,1
777,706,1
777,707,1
777,708,1
777,709,1
777,710,1
777,711,1
777,712,1
777,713,1
777,714,1
777,715,1
777,716,1
777,717,1
777,718,1
777,719,1
777,720,1
776,721,1
776,722,1
776,723,1
776,724,1
776,725,1
776,726,1
776,727,1
776,728,1
776,729,1
776,730,1
776,731,1
776,732,1
776,733,1
776,734,1
776,735,1
776,736,1
776,737,1
776,738,1
776,739,1
775,740,1
775,741,1
775,742,1
775,743,1
775,744,1
775,745,1
775,746,1
775,747,1
775,748,1
775,749,1
775,750,1
775,751,1
774,752,1
774,753,1
774,754,1
774,755,1
774,756,1
774,757,1
774,758,1
774,759,1
773,760,1
773,761,1
773,762,1
773,763,1
773,764,1
773,765,1
773,766,1
772,767,1
772,768,1
772,769,1
772,770,1
772,771,1
772,772,1
772,773,1
772,774,1
771,775,1
771,776,1
771,777,1
771,778,1
771,779,1
771,780,1
770,780,1
770,781,1
770,782,1
770,783,1
770,784,1
770,785,1
769,786,1
769,787,1
769,788,1
769,789,1
769,790,1
769,791,1
768,792,1
768,793,1
768,794,1
768,795,1
768,796,1
767,796,1
767,797,1
767,798,1
767,799,1
767,800,1
766,801,1
766,802,1
766,803,1
766,804,1
766,805,1
765,806,1
765,807,1
765,808,1
765,809,1
764,809,1
764,810,1
764,811,1
764,812,1
764,813,1
763,814,1
763,815,1
763,816,1
763,817,1
762,818,1
762,819,1
762,820,1
762,821,1
762,822,1
761,823,1
761,824,1
761,825,1
761,826,1
760,827,1
760,828,1
760,829,1
760,830,1
759,831,1
759,832,1
759,833,1
758,834,1
758,835,1
758,836,1
758,837,1
757,838,1
757,839,1
757,840,1
757,841,1
756,842,1
756,843,1
756,844,1
756,845,1
755,846,1
755,847,1
755,848,1
755,849,1
754,850,1
754,851,1
754,852,1
754,853,1
753,854,1
753,855,1
753,856,1
753,857,1
752,858,1
752,859,1
752,860,1
752,861,1
751,862,1
751,863,1
751,864,1
751,865,1
750,866,1
750,867,1
750,868,1
750,869,1
749,869,1
749,870,1
749,871,1
749,872,1
748,873,1
748,874,1
748,875,1
748,876,1
748,877,1
747,878,1
747,879,1
747,880,1
747,881,1
746,882,1
746,883,1
746,884,1
746,885,1
746,886,1
745,887,1
745,888,1
745,889,1
745,890,1
745,891,1
744,891,1
744,892,1
744,893,1
744,894,1
744,895,1
744,896,1
743,897,1
743,898,1
743,899,1
743,900,1
742,901,1
742,902,1
742,903,1
742,904,1
742,905,1
742,906,1
741,906,1
741,907,1
741,908,1
741,909,1
741,910,1
741,911,1
740,912,1
740,913,1
740,914,1
740,915,1
740,914,1
740,913,1
740,912,1
740,911,1
740,910,1
740,909,1
741,908,1
741,907,1
741,906,1
741,905,1
741,904,1
741,903,1
742,902,1
742,901,1
742,900,1
742,899,1
743,898,1
743,897,1
743,896,1
743,895,1
743,894,1
744,893,1
744,892,1
744,891,1
744,890,1
745,889,1
745,888,1
745,887,1
745,886,1
746,885,1
746,884,1
746,883,1
746,882,1
746,881,1
747,880,1
747,879,1
747,878,1
747,877,1
747,876,1
748,876,1
748,875,1
748,874,1
748,873,1
748,872,1
749,871,1
749,870,1
749,869,1
750,868,1
750,867,1
750,866,1
750,865,1
751,864,1
751,863,1
751,862,1
751,861,1
752,860,1
752,859,1
752,858,1
752,857,1
753,856,1
753,855,1
753,854,1
753,853,1
754,852,1
754,851,1
754,850,1
754,849,1
754,848,1
755,847,1
755,846,1
755,845,1
755,844,1
756,843,1
756,842,1
756,841,1
756,840,1
756,839,1
757,839,1
757,838,1
757,837,1
757,836,1
758,835,1
758,834,1
758,833,1
758,832,1
758,831,1
759,830,1
759,829,1
759,828,1
759,827,1
760,826,1
760,825,1
760,824,1
760,823,1
761,822,1
761,821,1
761,820,1
761,819,1
761,818,1
761,817,1
762,816,1
762,815,1
762,814,1
762,813,1
762,812,1
762,811,1
762,810,1
762,809,1
762,808,1
762,807,1
762,806,1
762,805,1
762,804,1
762,803,1
762,802,1
762,801,1
762,800,1
762,799,1
762,798,1
762,797,1
762,796,1
762,795,1
762,794,1
762,793,1
762,792,1
761,792,1
761,791,1
761,790,1
761,789,1
761,788,1
760,787,1
760,786,1
760,785,1
759,785,1
759,784,1
759,783,1
758,782,1
758,781,1
757,780,1
757,779,1
757,778,1
756,778,1
756,777,1
755,776,1
755,775,1
754,775,1
754,774,1
753,773,1
752,772,1
752,771,1
751,771,1
750,770,1
749,769,1
748,768,1
747,768,1
747,767,1
746,767,1
745,766,1
744,765,1
743,765,1
742,764,1
741,764,1
740,763,1
739,763,1
738,762,1
737,762,1
736,762,1
736,761,1
735,761,1
734,761,1
733,760,1
732,760,1
731,760,1
730,760,1
730,759,1
729,759,1
728,759,1
727,759,1
726,758,1
725,758,1
724,758,1
723,758,1
722,758,1
721,757,1
720,757,1
719,757,1
718,757,1
717,757,1
716,757,1
715,757,1
714,756,1
713,756,1
712,756,1
711,756,1
710,756,1
709,756,1
708,756,1
707,756,1
706,756,1
705,756,1
704,756,1
703,756,1
702,756,1
701,756,1
700,755,1
699,755,1
698,755,1
697,755,1
696,755,1
695,755,1
694,755,1
693,755,1
692,755,1
691,755,1
690,755,1
689,755,1
688,755,1
687,755,1
686,756,1
685,756,1
684,756,1
683,756,1
682,756,1
681,756,1
680,756,1
679,756,1
678,756,1
677,756,1
676,756,1
675,756,1
674,756,1
673,756,1
672,756,1
671,756,1
670,756,1
669,756,1
668,757,1
667,757,1
666,757,1
665,757,1
664,757,1
663,757,1
662,757,1
661,757,1
660,757,1
659,757,1
658,757,1
657,758,1
656,758,1
655,758,1
654,758,1
653,758,1
652,758,1
651,758,1
650,758,1
649,759,1
648,759,1
647,759,1
646,759,1
645,759,1
644,759,1
643,759,1
642,759,1
641,760,1
640,760,1
639,760,1
638,760,1
637,760,1
636,760,1
636,761,1
635,761,1
634,761,1
633,761,1
632,761,1
631,761,1
630,762,1
629,762,1
628,762,1
627,762,1
626,762,1
625,763,1
624,763,1
623,763,1
622,763,1
621,763,1
620,763,1
619,764,1
618,764,1
617,764,1
616,764,1
615,765,1
614,765,1
613,765,1
612,765,1
611,766,1
610,766,1
609,766,1
608,766,1
607,766,1
606,767,1
605,767,1
604,767,1
603,767,1
602,768,1
601,768,1
600,768,1
599,769,1
598,769,1
597,769,1
596,769,1
595,770,1
594,770,1
593,770,1
592,770,1
591,771,1
590,771,1
589,771,1
588,771,1
587,772,1
586,772,1
585,772,1
584,773,1
583,773,1
582,773,1
581,773,1
580,774,1
579,774,1
578,774,1
577,775,1
576,775,1
575,775,1
574,776,1
573,776,1
572,776,1
571,777,1
570,777,1
569,777,1
568,778,1
567,778,1
566,779,1
565,779,1
564,779,1
563,779,1
562,780,1
561,780,1
560,780,1
560,781,1
559,781,1
558,781,1
557,782,1
556,782,1
555,782,1
555,783,1
554,783,1
553,783,1
552,784,1
551,784,1
550,784,1
549,785,1
548,785,1
547,786,1
546,786,1
545,786,1
544,787,1
543,787,1
542,787,1
541,788,1
540,788,1
540,789,1
539,789,1
538,789,1
537,790,1
536,790,1
535,791,1
534,791,1
533,791,1
532,792,1
531,792,1
530,793,1
529,794,1
528,794,1
527,794,1
526,795,1
525,795,1
524,796,1
523,796,1
523,797,1
522,797,1
521,798,1
520,798,1
519,798,1
518,799,1
517,799,1
516,800,1
515,800,1
514,801,1
513,802,1
512,802,1
511,803,1
510,803,1
509,804,1
508,804,1
507,805,1
506,805,1
506,806,1
505,807,1
504,807,1
503,808,1
502,808,1
501,809,1
500,810,1
499,810,1
498,811,1
497,812,1
496,812,1
496,813,1
495,813,1
494,814,1
493,814,1
493,815,1
492,816,1
491,816,1
490,817,1
489,818,1
488,818,1
487,819,1
487,820,1
486,820,1
485,821,1
484,821,1
484,822,1
483,823,1
482,823,1
481,824,1
481,825,1
480,825,1
479,826,1
479,827,1
478,827,1
478,828,1
477,829,1
476,829,1
476,830,1
475,831,1
474,831,1
474,832,1
473,833,1
472,834,1
471,835,1
470,836,1
470,837,1
469,837,1
469,838,1
468,839,1
468,840,1
467,840,1
467,841,1
466,842,1
465,843,1
465,844,1
464,845,1
464,846,1
463,847,1
463,848,1
462,849,1
462,850,1
461,850,1
461,851,1
461,852,1
460,853,1
460,854,1
460,855,1
459,855,1
459,856,1
459,857,1
458,858,1
458,859,1
458,860,1
458,861,1
458,862,1
457,862,1
457,863,1
457,864,1
457,865,1
457,866,1
457,867,1
457,868,1
456,869,1
456,870,1
456,871,1
457,872,1
457,873,1
457,874,1
457,875,1
457,876,1
457,877,1
458,877,1
458,878,1
458,879,1
458,880,1
459,881,1
459,882,1
460,883,1
460,884,1
461,885,1
461,886,1
462,886,1
462,887,1
463,888,1
464,889,1
465,889,1
465,890,1
466,891,1
467,892,1
468,892,1
468,893,1
469,893,1
470,894,1
471,894,1
472,895,1
473,895,1
474,896,1
475,896,1
476,896,1
477,897,1
478,897,1
479,897,1
480,897,1
481,898,1
482,898,1
483,898,1
484,898,1
485,898,1
486,898,1
487,898,1
488,898,1
489,898,1
490,898,1
491,898,1
492,898,1
493,898,1
494,898,1
495,897,1
496,897,1
497,897,1
498,897,1
499,897,1
500,896,1
501,896,1
502,896,1
503,896,1
504,895,1
505,895,1
506,895,1
507,895,1
508,894,1
509,894,1
510,894,1
511,893,1
512,893,1
513,892,1
514,892,1
515,892,1
516,891,1
517,891,1
518,891,1
519,890,1
520,889,1
521,889,1
522,889,1
523,888,1
524,888,1
525,887,1
526,886,1
527,886,1
528,886,1
529,885,1
530,885,1
530,884,1
531,884,1
532,883,1
533,883,1
533,882,1
534,882,1
535,881,1
536,881,1
537,880,1
538,879,1
539,879,1
540,878,1
541,877,1
542,877,1
542,876,1
543,875,1
544,875,1
545,874,1
546,873,1
547,872,1
548,871,1
549,871,1
549,870,1
550,869,1
551,869,1
551,868,1
552,867,1
553,867,1
553,866,1
554,865,1
555,864,1
555,863,1
556,863,1
557,862,1
557,861,1
558,860,1
559,859,1
559,858,1
560,857,1
560,856,1
561,856,1
561,855,1
561,854,1
562,853,1
562,852,1
563,851,1
563,850,1
563,849,1
564,848,1
564,847,1
564,846,1
564,845,1
564,844,1
564,843,1
565,842,1
565,841,1
564,840,1
564,839,1
564,838,1
564,837,1
564,836,1
564,835,1
564,834,1
563,833,1
563,832,1
562,831,1
562,830,1
562,829,1
561,828,1
561,827,1
560,826,1
560,825,1
559,824,1
558,823,1
558,822,1
557,821,1
556,821,1
556,820,1
555,819,1
554,819,1
554,818,1
553,817,1
552,817,1
552,816,1
551,816,1
550,815,1
549,815,1
548,814,1
547,813,1
546,813,1
545,812,1
544,812,1
543,812,1
542,811,1
541,811,1
540,810,1
539,810,1
538,810,1
537,810,1
536,809,1
535,809,1
534,809,1
533,809,1
532,809,1
531,809,1
530,808,1
529,808,1
528,808,1
527,808,1
526,808,1
525,808,1
524,808,1
523,808,1
522,807,1
521,807,1
520,807,1
519,807,1
518,807,1
517,807,1
516,807,1
515,807,1
514,807,1
513,807,1
512,807,1
511,807,1
510,807,1
509,808,1
508,808,1
507,808,1
506,808,1
505,808,1
504,808,1
503,808,1
502,808,1
501,808,1
500,808,1
499,808,1
498,808,1
497,808,1
496,808,1
496,809,1
495,809,1
494,809,1
493,809,1
492,809,1
491,809,1
490,809,1
489,810,1
488,810,1
487,810,1
486,810,1
485,810,1
484,811,1
483,811,1
482,811,1
481,811,1
480,812,1
479,812,1
478,812,1
477,812,1
476,813,1
475,813,1
474,813,1
473,813,1
472,814,1
471,814,1
470,814,1
470,815,1
469,815,1
468,815,1
467,816,1
466,816,1
465,816,1
464,817,1
463,817,1
462,817,1
462,818,1
461,818,1
460,819,1
459,819,1
458,819,1
458,820,1
457,820,1
457,821,1
456,821,1
455,822,1
454,823,1
453,824,1
452,825,1
451,825,1
451,826,1
450,826,1
449,827,1
448,828,1
448,829,1
447,829,1
447,830,1
447,831,1
447,832,1
448,832,1
448,833,1
449,833,1
450,833,1
451,833,1
452,834,1
453,834,1
454,834,1
455,834,1
790,771,0
1134,700,1
1134,701,1
1134,702,1
1134,703,1
1134,704,1
1134,705,1
1134,706,1
1134,707,1
1134,708,1
1134,709,1
1134,710,1
1134,711,1
1134,712,1
1134,713,1
1134,714,1
1134,715,1
1134,716,1
1134,717,1
1134,718,1
1133,719,1
1133,720,1
1133,721,1
1133,722,1
1133,723,1
1133,724,1
1133,725,1
1133,726,1
1133,727,1
1133,728,1
1133,729,1
1132,730,1
1132,731,1
1132,732,1
1132,733,1
1132,734,1
1132,735,1
1132,736,1
1132,737,1
1132,738,1
1132,739,1
1131,740,1
1131,741,1
1131,742,1
1131,743,1
1131,744,1
1131,745,1
1131,746,1
1130,747,1
1130,748,1
1130,749,1
1130,750,1
1130,751,1
1130,752,1
1129,753,1
1129,754,1
1129,755,1
1129,756,1
1129,757,1
1129,758,1
1129,759,1
1128,760,1
1128,761,1
1128,762,1
1128,763,1
1128,764,1
1128,765,1
1127,766,1
1127,767,1
1127,768,1
1127,769,1
1127,770,1
1127,771,1
1126,772,1
1126,773,1
1126,774,1
1126,775,1
1125,776,1
1125,777,1
1125,778,1
1125,779,1
1125,780,1
1124,781,1
1124,782,1
1124,783,1
1124,784,1
1124,785,1
1123,786,1
1123,787,1
1123,788,1
1123,789,1
1123,790,1
1122,791,1
1122,792,1
1122,793,1
1122,794,1
1122,795,1
1121,796,1
1121,797,1
1121,798,1
1121,799,1
1120,800,1
1120,801,1
1120,802,1
1120,803,1
1120,804,1
1119,805,1
1119,806,1
1119,807,1
1119,808,1
1118,809,1
1118,810,1
1118,811,1
1118,812,1
1117,813,1
1117,814,1
1117,815,1
1117,816,1
1116,817,1
1116,818,1
1116,819,1
1115,820,1
1115,821,1
1115,822,1
1115,823,1
1114,824,1
1114,825,1
1114,826,1
1114,827,1
1113,828,1
1113,829,1
1113,830,1
1113,831,1
1112,832,1
1112,833,1
1112,834,1
1111,835,1
1111,836,1
1111,837,1
1110,838,1
1110,839,1
1110,840,1
1110,841,1
1109,842,1
1109,843,1
1109,844,1
1108,844,1
1108,845,1
1108,846,1
1108,847,1
1107,848,1
1107,849,1
1107,850,1
1106,850,1
1106,851,1
1106,852,1
1105,853,1
1105,854,1
1105,855,1
1104,855,1
1104,856,1
1104,857,1
1103,858,1
1103,859,1
1102,860,1
1102,861,1
1101,861,1
1101,862,1
1101,863,1
1100,863,1
1100,864,1
1099,864,1
1099,865,1
1098,865,1
1098,866,1
1097,867,1
1096,867,1
1095,868,1
1094,868,1
1093,868,1
1092,868,1
1091,868,1
1090,868,1
1090,867,1
1089,867,1
1088,867,1
1087,866,1
1086,866,1
1086,865,1
1085,865,1
1085,864,1
1084,864,1
1084,863,1
1083,863,1
1083,862,1
1082,861,1
1082,860,1
1081,860,1
1081,859,1
1080,858,1
1080,857,1
1079,857,1
1079,856,1
1078,855,1
1078,854,1
1077,854,1
1077,853,1
1076,852,1
1076,851,1
1076,850,1
1075,850,1
1075,849,1
1074,848,1
1074,847,1
1073,846,1
1072,845,1
1072,844,1
1072,843,1
1071,842,1
1070,841,1
1070,840,1
1069,839,1
1068,838,1
1068,837,1
1067,836,1
1066,835,1
1066,834,1
1065,833,1
1064,832,1
1064,831,1
1063,830,1
1062,829,1
1061,828,1
1061,827,1
1060,827,1
1060,826,1
1059,825,1
1058,824,1
1057,823,1
1056,822,1
1056,821,1
1055,820,1
1054,820,1
1054,819,1
1053,818,1
1052,818,1
1052,817,1
1051,816,1
1050,816,1
1050,815,1
1049,814,1
1048,814,1
1048,813,1
1047,813,1
1046,812,1
1045,811,1
1044,810,1
1043,810,1
1043,809,1
1042,808,1
1041,808,1
1040,807,1
1039,806,1
1038,806,1
1037,805,1
1036,804,1
1035,804,1
1034,803,1
1033,803,1
1033,802,1
1032,802,1
1031,801,1
1030,801,1
1029,800,1
1028,799,1
1027,799,1
1026,799,1
1025,798,1
1024,798,1
1023,797,1
1022,797,1
1021,796,1
1020,796,1
1019,796,1
1018,795,1
1017,795,1
1016,795,1
1016,794,1
1015,794,1
1014,794,1
1013,793,1
1012,793,1
1011,793,1
1010,793,1
1009,792,1
1008,792,1
1007,792,1
1006,792,1
1005,792,1
1004,791,1
1003,791,1
1002,791,1
1001,791,1
1000,791,1
999,791,1
998,790,1
997,790,1
996,790,1
995,790,1
994,790,1
993,790,1
992,790,1
991,790,1
990,790,1
989,790,1
988,790,1
987,790,1
986,790,1
985,790,1
984,790,1
983,790,1
982,790,1
981,790,1
980,790,1
979,790,1
978,790,1
977,791,1
976,791,1
975,791,1
974,791,1
973,791,1
972,791,1
971,791,1
970,792,1
969,792,1
968,792,1
967,792,1
966,792,1
965,793,1
964,793,1
963,793,1
962,793,1
961,794,1
960,794,1
959,794,1
958,794,1
957,795,1
956,795,1
955,796,1
954,796,1
953,796,1
952,797,1
951,797,1
950,797,1
949,798,1
948,798,1
947,799,1
946,799,1
945,800,1
944,800,1
943,800,1
942,801,1
941,801,1
940,802,1
939,803,1
938,803,1
937,804,1
936,804,1
935,805,1
934,805,1
933,806,1
932,807,1
931,807,1
930,808,1
929,808,1
928,809,1
927,810,1
926,810,1
925,811,1
924,811,1
924,812,1
923,812,1
922,813,1
921,814,1
920,814,1
920,815,1
919,815,1
918,816,1
917,816,1
916,817,1
915,818,1
914,819,1
913,819,1
913,820,1
912,820,1
911,821,1
910,822,1
909,823,1
908,823,1
908,824,1
907,825,1
906,825,1
905,826,1
905,827,1
904,827,1
903,828,1
903,829,1
902,829,1
901,830,1
900,831,1
899,832,1
898,833,1
897,834,1
896,835,1
895,836,1
894,837,1
894,838,1
893,839,1
892,839,1
892,840,1
891,841,1
890,841,1
890,842,1
889,843,1
888,844,1
887,845,1
887,846,1
886,846,1
886,847,1
885,848,1
884,849,1
883,850,1
883,851,1
882,851,1
882,852,1
881,853,1
881,854,1
880,854,1
880,855,1
879,856,1
879,857,1
878,858,1
877,858,1
877,859,1
876,860,1
876,861,1
875,862,1
875,863,1
874,864,1
874,865,1
873,865,1
873,866,1
873,867,1
872,868,1
872,869,1
871,870,1
871,871,1
870,872,1
870,873,1
870,874,1
869,875,1
869,876,1
868,877,1
868,878,1
868,879,1
868,880,1
867,881,1
867,882,1
867,883,1
867,884,1
867,885,1
866,885,1
866,886,1
866,887,1
866,888,1
866,889,1
866,890,1
866,891,1
866,892,1
866,893,1
866,894,1
866,895,1
866,896,1
867,896,1
867,897,1
867,898,1
867,899,1
868,899,1
868,900,1
869,901,1
869,902,1
869,903,1
869,904,1
870,904,1
870,905,1
871,905,1
872,905,1
873,905,1
874,905,1
875,904,1
876,903,1
876,902,1
877,902,1
877,901,1
878,900,1
878,899,1
879,899,1
879,898,1
911,732,0
961,557,1
960,557,1
959,557,1
958,557,1
957,558,1
956,558,1
955,558,1
954,558,1
953,559,1
952,559,1
951,559,1
950,559,1
949,559,1
948,560,1
947,560,1
946,560,1
945,561,1
944,561,1
943,561,1
942,561,1
941,561,1
940,561,1
939,562,1
938,562,1
937,562,1
936,562,1
935,562,1
934,563,1
933,563,1
932,563,1
931,563,1
930,563,1
929,563,1
928,563,1
927,564,1
926,564,1
925,564,1
924,564,1
923,564,1
922,564,1
921,564,1
920,564,1
919,565,1
918,565,1
917,565,1
916,565,1
915,565,1
914,565,1
913,565,1
912,565,1
911,565,1
910,565,1
909,565,1
908,565,1
907,565,1
906,565,1
905,565,1
904,565,1
903,565,1
902,565,1
901,565,1
900,565,1
899,565,1
898,565,1
897,565,1
896,565,1
895,565,1
894,565,1
893,565,1
892,565,1
891,565,1
890,565,1
889,565,1
888,565,1
887,564,1
886,564,1
885,564,1
884,564,1
883,564,1
882,564,1
881,563,1
880,563,1
879,563,1
878,563,1
877,562,1
876,562,1
875,562,1
874,561,1
873,561,1
872,561,1
871,560,1
870,560,1
869,560,1
869,559,1
868,559,1
867,558,1
866,558,1
865,558,1
865,557,1
864,557,1
863,556,1
862,556,1
862,555,1
861,555,1
860,554,1
860,553,1
859,553,1
859,552,1
858,552,1
857,551,1
857,550,1
856,550,1
856,549,1
855,548,1
855,547,1
854,546,1
854,545,1
853,544,1
853,543,1
853,542,1
852,541,1
852,540,1
852,539,1
852,538,1
852,537,1
852,536,1
852,535,1
852,534,1
853,533,1
853,532,1
853,531,1
853,530,1
854,529,1
854,528,1
855,527,1
855,526,1
855,525,1
856,524,1
857,523,1
857,522,1
858,521,1
859,520,1
859,519,1
860,519,1
861,518,1
861,517,1
862,517,1
863,516,1
864,515,1
865,514,1
866,513,1
867,512,1
868,512,1
869,511,1
870,511,1
870,510,1
871,510,1
872,509,1
873,509,1
874,508,1
875,508,1
876,508,1
876,507,1
877,507,1
878,506,1
879,506,1
880,506,1
881,505,1
882,505,1
883,505,1
884,504,1
885,504,1
886,504,1
887,503,1
888,503,1
889,503,1
890,503,1
891,502,1
892,502,1
893,502,1
894,502,1
895,501,1
896,501,1
897,501,1
898,501,1
899,501,1
900,500,1
901,500,1
902,500,1
903,500,1
904,500,1
905,500,1
906,500,1
907,499,1
908,499,1
909,499,1
910,499,1
911,499,1
912,499,1
913,499,1
914,499,1
915,499,1
916,499,1
917,499,1
918,499,1
919,499,1
920,499,1
921,499,1
922,499,1
923,499,1
924,499,1
925,499,1
926,499,1
927,499,1
928,499,1
929,499,1
930,499,1
931,499,1
932,499,1
933,499,1
934,499,1
935,499,1
936,499,1
937,499,1
938,499,1
939,499,1
940,499,1
941,499,1
942,500,1
943,500,1
944,500,1
945,500,1
946,500,1
947,500,1
948,500,1
949,500,1
950,501,1
951,501,1
952,501,1
953,501,1
954,501,1
955,501,1
955,502,1
956,502,1
957,502,1
958,502,1
959,502,1
960,502,1
961,503,1
962,503,1
963,503,1
964,503,1
965,503,1
966,504,1
967,504,1
968,504,1
969,504,1
970,505,1
971,505,1
972,505,1
973,505,1
974,506,1
975,506,1
976,506,1
977,506,1
978,507,1
979,507,1
980,507,1
980,508,1
981,508,1
982,508,1
983,508,1
984,509,1
985,509,1
986,509,1
987,510,1
988,510,1
989,510,1
990,511,1
991,511,1
992,511,1
993,512,1
994,512,1
995,512,1
996,513,1
997,513,1
998,513,1
999,514,1
1000,514,1
1000,515,1
1001,515,1
1002,515,1
1003,516,1
1004,516,1
1005,516,1
1006,517,1
1007,517,1
1008,518,1
1009,518,1
1010,518,1
1011,519,1
1012,520,1
1013,520,1
1014,520,1
1015,521,1
1016,521,1
1017,522,1
1018,522,1
1018,523,1
1019,523,1
1020,523,1
1021,524,1
1022,524,1
1023,525,1
1024,525,1
1025,526,1
1026,526,1
1027,527,1
1028,527,1
1029,528,1
1030,528,1
1031,529,1
1032,529,1
1033,530,1
1034,531,1
1035,531,1
1036,532,1
1037,532,1
1038,533,1
1039,533,1
1040,534,1
1041,535,1
1042,535,1
1043,536,1
1044,536,1
1045,537,1
1046,537,1
1046,538,1
1047,538,1
1048,539,1
1049,539,1
1050,540,1
1051,540,1
1051,541,1
1052,542,1
1053,542,1
1054,543,1
1055,543,1
1056,544,1
1057,545,1
1058,545,1
1059,546,1
1060,546,1
1061,547,1
1062,548,1
1063,549,1
1064,549,1
1065,550,1
1066,550,1
1066,551,1
1067,551,1
1068,552,1
1069,553,1
1070,553,1
1071,554,1
1072,555,1
1073,555,1
1074,556,1
1075,557,1
1076,558,1
1077,558,1
1078,559,1
1078,560,1
1079,560,1
1080,561,1
1081,561,1
1082,562,1
1082,563,1
1083,563,1
1084,564,1
1085,564,1
1086,565,1
1086,566,1
1087,566,1
1088,567,1
1089,568,1
1090,568,1
1090,569,1
1091,569,1
1092,570,1
1093,571,1
1094,571,1
1095,572,1
1095,573,1
1096,574,1
1097,574,1
1098,575,1
1099,576,1
1100,577,1
1101,578,1
1102,579,1
1103,579,1
1103,580,1
1104,581,1
1105,581,1
1106,582,1
1106,583,1
1107,584,1
1108,584,1
1109,585,1
1109,586,1
1110,586,1
1111,587,1
1112,588,1
1112,589,1
1113,589,1
1114,590,1
1114,591,1
1115,591,1
1116,592,1
1116,593,1
1117,594,1
1118,594,1
1118,595,1
1119,596,1
1120,597,1
1121,598,1
1122,599,1
1122,600,1
1123,600,1
1123,601,1
1124,602,1
1125,603,1
1126,604,1
1127,605,1
1127,606,1
1128,607,1
1129,608,1
1129,609,1
1130,610,1
1130,611,1
1131,612,1
1132,613,1
1132,614,1
1133,615,1
1133,616,1
1134,617,1
1135,618,1
1135,619,1
1136,620,1
1136,621,1
1137,622,1
1138,623,1
1138,624,1
1139,625,1
1139,626,1
1139,627,1
1140,628,1
1140,629,1
1141,629,1
1141,630,1
1141,631,1
1142,632,1
1142,633,1
1143,634,1
1143,635,1
1143,636,1
1144,637,1
1144,638,1
1144,639,1
1145,640,1
1145,641,1
1146,641,1
1146,642,1
1146,643,1
1146,644,1
1147,645,1
1147,646,1
1147,647,1
1148,648,1
1148,649,1
1148,650,1
1148,651,1
1149,652,1
1149,653,1
1149,654,1
1150,655,1
1150,656,1
1150,657,1
1150,658,1
1151,659,1
1151,660,1
1151,661,1
1151,662,1
1152,663,1
1152,664,1
1152,665,1
1152,666,1
1153,667,1
1153,668,1
1153,669,1
1153,670,1
1153,671,1
1153,672,1
1154,673,1
1154,674,1
1154,675,1
1154,676,1
1155,677,1
1155,678,1
1155,679,1
1156,679,1
1156,680,1
1157,680,1
1200,739,0
1255,800,1
1254,801,1
1253,801,1
1252,802,1
1252,803,1
1251,803,1
1250,804,1
1249,804,1
1249,805,1
1248,806,1
1247,806,1
1246,807,1
1245,808,1
1244,809,1
1243,809,1
1242,810,1
1241,811,1
1240,812,1
1239,813,1
1238,813,1
1237,814,1
1236,814,1
1235,815,1
1234,816,1
1233,817,1
1232,817,1
1231,818,1
1230,819,1
1229,820,1
1228,820,1
1227,821,1
1226,821,1
1225,822,1
1224,822,1
1224,823,1
1223,823,1
1222,824,1
1221,825,1
1220,825,1
1219,826,1
1218,827,1
1217,827,1
1216,828,1
1215,828,1
1214,829,1
1213,829,1
1213,830,1
1212,830,1
1211,831,1
1210,831,1
1209,832,1
1208,832,1
1207,833,1
1206,833,1
1205,834,1
1204,834,1
1203,835,1
1202,835,1
1201,836,1
1200,836,1
1199,836,1
1199,837,1
1198,837,1
1197,837,1
1196,838,1
1195,838,1
1194,839,1
1193,839,1
1192,839,1
1191,840,1
1190,840,1
1189,841,1
1188,841,1
1187,841,1
1186,842,1
1185,842,1
1184,842,1
1183,843,1
1182,843,1
1181,843,1
1180,843,1
1179,844,1
1178,844,1
1177,844,1
1176,845,1
1175,845,1
1174,845,1
1173,845,1
1172,845,1
1171,845,1
1170,845,1
1169,846,1
1168,846,1
1167,846,1
1166,846,1
1165,846,1
1164,846,1
1163,846,1
1162,846,1
1161,846,1
1160,846,1
1159,846,1
1159,845,1
1158,845,1
1157,845,1
1156,845,1
1155,845,1
1154,844,1
1153,844,1
1152,844,1
1151,843,1
1150,843,1
1150,842,1
1149,842,1
1148,841,1
1147,840,1
1146,839,1
1146,838,1
1145,837,1
1145,836,1
1145,835,1
1145,834,1
1145,833,1
1145,832,1
1145,831,1
1145,830,1
1145,829,1
1145,828,1
1146,828,1
1146,827,1
1146,826,1
1147,826,1
1147,825,1
1148,825,1
1148,824,1
1149,823,1
1150,822,1
1151,821,1
1152,820,1
1153,820,1
1153,819,1
1154,819,1
1155,818,1
1156,817,1
1157,817,1
1158,817,1
1158,816,1
1159,816,1
1160,815,1
1161,815,1
1162,815,1
1162,814,1
1163,814,1
1164,814,1
1165,813,1
1166,813,1
1167,813,1
1168,812,1
1169,812,1
1170,811,1
1171,811,1
1172,811,1
1173,811,1
1174,810,1
1175,810,1
1176,810,1
1177,810,1
1178,810,1
1179,809,1
1180,809,1
1181,809,1
1182,809,1
1183,809,1
1184,809,1
1185,808,1
1186,808,1
1187,808,1
1188,808,1
1189,808,1
1190,808,1
1191,808,1
1192,808,1
1193,808,1
1194,808,1
1195,807,1
1196,807,1
1197,807,1
1198,807,1
1199,807,1
1200,807,1
1201,807,1
1202,807,1
1203,807,1
1204,807,1
1205,807,1
1206,807,1
1207,807,1
1208,807,1
1209,807,1
1210,807,1
1211,807,1
1212,807,1
1213,807,1
1214,807,1
1215,807,1
1216,807,1
1217,807,1
1218,807,1
1219,807,1
1220,807,1
1221,807,1
1222,808,1
1223,808,1
1224,808,1
1225,808,1
1226,808,1
1227,808,1
1228,808,1
1229,808,1
1230,808,1
1231,808,1
1232,808,1
1233,808,1
1234,809,1
1235,809,1
1236,809,1
1237,809,1
1238,809,1
1239,809,1
1240,810,1
1241,810,1
1242,810,1
1243,810,1
1244,810,1
1245,810,1
1246,811,1
1247,811,1
1248,811,1
1249,811,1
1250,811,1
1250,812,1
1251,812,1
1252,812,1
1253,812,1
1254,813,1
1255,813,1
1256,813,1
1257,814,1
1258,814,1
1259,814,1
1260,814,1
1261,815,1
1262,815,1
1263,816,1
1264,816,1
1265,816,1
1266,817,1
1267,817,1
1268,817,1
1269,818,1
1270,818,1
1271,819,1
1272,819,1
1273,820,1
1274,820,1
1275,820,1
1276,821,1
1277,821,1
1278,822,1
1279,822,1
1280,823,1
1281,823,1
1282,824,1
1283,824,1
1284,824,1
1285,825,1
1286,825,1
1287,826,1
1288,827,1
1289,827,1
1290,827,1
1291,828,1
1292,828,1
1293,829,1
1294,829,1
1294,830,1
1295,830,1
1296,831,1
1297,831,1
1298,832,1
1299,832,1
1300,833,1
1301,833,1
1302,834,1
1303,834,1
1304,835,1
1305,835,1
1305,836,1
1306,836,1
1307,837,1
1308,837,1
1309,838,1
1310,839,1
1311,839,1
1312,840,1
1313,840,1
1313,841,1
1314,841,1
1315,842,1
1316,842,1
1317,843,1
1318,843,1
1318,844,1
1319,844,1
1320,845,1
1321,845,1
1322,846,1
1323,846,1
1323,847,1
1324,847,1
1325,848,1
1326,848,1
1327,849,1
1328,850,1
1329,850,1
1330,851,1
1331,851,1
1331,852,1
1332,852,1
1333,853,1
1334,853,1
1335,854,1
1336,854,1
1336,855,1
1337,855,1
1338,856,1
1339,856,1
1340,857,1
1341,858,1
1342,858,1
1343,859,1
1344,859,1
1345,860,1
1346,860,1
1347,860,1
1348,861,1
1349,861,1
1350,861,1
1384,813,0
1430,757,1
1430,758,1
1430,759,1
1430,760,1
1430,761,1
1430,762,1
1430,763,1
1430,764,1
1430,765,1
1429,766,1
1429,767,1
1429,768,1
1429,769,1
1429,770,1
1429,771,1
1428,772,1
1428,773,1
1428,774,1
1428,775,1
1428,776,1
1428,777,1
1427,778,1
1427,779,1
1427,780,1
1427,781,1
1427,782,1
1427,783,1
1427,784,1
1426,785,1
1426,786,1
1426,787,1
1426,788,1
1426,789,1
1426,790,1
1425,791,1
1425,792,1
1425,793,1
1425,794,1
1425,795,1
1425,796,1
1424,797,1
1424,798,1
1424,799,1
1424,800,1
1424,801,1
1424,802,1
1424,803,1
1423,804,1
1423,805,1
1423,806,1
1423,807,1
1422,808,1
1422,809,1
1422,810,1
1422,811,1
1422,812,1
1422,813,1
1421,814,1
1421,815,1
1421,816,1
1421,817,1
1421,818,1
1420,819,1
1420,820,1
1420,821,1
1420,822,1
1420,823,1
1419,824,1
1419,825,1
1419,826,1
1419,827,1
1418,828,1
1418,829,1
1418,830,1
1418,831,1
1418,832,1
1417,833,1
1417,834,1
1417,835,1
1417,836,1
1416,837,1
1416,838,1
1416,839,1
1416,840,1
1416,841,1
1415,842,1
1415,843,1
1415,844,1
1415,845,1
1414,846,1
1414,847,1
1413,848,1
1413,849,1
1413,850,1
1412,850,1
1411,850,1
767,781,0
105,723,1
106,723,1
107,723,1
108,723,1
109,723,1
110,722,1
111,722,1
112,722,1
113,721,1
114,721,1
115,721,1
116,721,1
117,721,1
118,721,1
119,721,1
120,720,1
121,720,1
122,720,1
123,720,1
124,720,1
125,720,1
126,720,1
127,720,1
128,720,1
129,720,1
130,720,1
131,719,1
132,719,1
133,719,1
134,719,1
135,719,1
136,719,1
137,719,1
138,718,1
139,718,1
140,718,1
141,718,1
142,718,1
143,718,1
144,718,1
145,718,1
146,718,1
147,718,1
148,718,1
149,718,1
150,717,1
151,717,1
152,717,1
153,717,1
154,717,1
155,717,1
156,717,1
157,717,1
158,717,1
159,717,1
160,717,1
161,717,1
162,717,1
163,717,1
164,717,1
165,717,1
166,716,1
167,716,1
168,716,1
169,716,1
170,716,1
171,716,1
172,716,1
173,716,1
174,716,1
175,716,1
176,716,1
177,716,1
178,716,1
179,715,1
180,715,1
181,715,1
182,715,1
183,715,1
184,715,1
185,715,1
186,715,1
187,715,1
188,715,1
189,715,1
190,715,1
191,715,1
192,715,1
193,715,1
194,714,1
195,714,1
196,714,1
197,714,1
198,714,1
199,714,1
200,714,1
201,714,1
202,714,1
203,714,1
204,714,1
205,713,1
206,713,1
207,713,1
208,713,1
209,713,1
210,713,1
211,713,1
212,713,1
213,713,1
214,713,1
215,712,1
216,712,1
217,712,1
218,712,1
219,712,1
220,712,1
221,712,1
222,712,1
223,712,1
224,712,1
225,712,1
226,712,1
227,711,1
228,711,1
229,711,1
230,711,1
231,711,1
232,711,1
233,711,1
234,711,1
235,711,1
236,710,1
237,710,1
238,710,1
239,710,1
240,710,1
241,710,1
242,710,1
243,710,1
244,710,1
245,710,1
246,710,1
247,710,1
248,710,1
249,710,1
250,710,1
251,709,1
252,709,1
253,709,1
254,709,1
255,709,1
256,709,1
257,709,1
258,709,1
259,709,1
260,709,1
261,709,1
262,709,1
263,709,1
264,708,1
265,708,1
266,708,1
267,708,1
268,708,1
269,708,1
270,708,1
271,708,1
272,708,1
273,708,1
274,708,1
275,708,1
276,708,1
277,708,1
278,708,1
279,708,1
280,707,1
281,707,1
282,707,1
283,707,1
284,707,1
285,707,1
286,707,1
287,707,1
288,707,1
289,707,1
290,707,1
291,707,1
292,707,1
293,706,1
294,706,1
295,706,1
296,706,1
297,706,1
298,706,1
299,706,1
300,706,1
301,706,1
302,706,1
303,706,1
304,706,1
305,706,1
306,706,1
307,706,1
308,705,1
309,705,1
310,705,1
311,705,1
312,705,1
313,705,1
314,705,1
315,705,1
316,705,1
317,705,1
318,704,1
319,704,1
320,704,1
321,704,1
322,704,1
323,704,1
324,704,1
325,704,1
326,704,1
327,704,1
328,703,1
329,703,1
330,703,1
331,703,1
332,703,1
333,703,1
334,703,1
335,703,1
336,703,1
337,703,1
338,702,1
339,702,1
340,702,1
341,702,1
342,702,1
343,702,1
344,702,1
345,702,1
346,702,1
347,702,1
348,701,1
349,701,1
350,701,1
351,701,1
352,701,1
353,701,1
354,701,1
355,701,1
356,701,1
357,701,1
358,701,1
359,701,1
360,700,1
361,700,1
362,700,1
363,700,1
364,700,1
365,700,1
366,700,1
367,700,1
368,700,1
369,700,1
370,700,1
371,700,1
372,700,1
373,699,1
374,699,1
375,699,1
376,699,1
377,699,1
378,699,1
379,699,1
380,699,1
381,699,1
382,699,1
383,699,1
384,699,1
385,699,1
386,699,1
387,699,1
388,699,1
389,699,1
390,699,1
391,699,1
392,698,1
393,698,1
394,698,1
395,698,1
396,698,1
397,698,1
398,698,1
399,698,1
400,698,1
401,698,1
402,697,1
403,697,1
404,697,1
405,697,1
406,697,1
407,697,1
408,697,1
409,697,1
410,697,1
411,697,1
412,697,1
413,697,1
414,697,1
415,696,1
416,696,1
417,696,1
418,696,1
419,696,1
420,696,1
421,696,1
422,696,1
423,696,1
424,696,1
425,696,1
426,696,1
427,696,1
428,696,1
429,695,1
430,695,1
431,695,1
432,695,1
433,695,1
434,695,1
435,695,1
436,695,1
437,695,1
438,695,1
439,695,1
440,694,1
441,694,1
442,694,1
443,694,1
444,694,1
445,694,1
446,694,1
447,694,1
448,694,1
449,694,1
450,694,1
451,694,1
452,694,1
453,694,1
454,694,1
455,694,1
456,694,1
457,694,1
458,694,1
459,694,1
460,694,1
461,694,1
462,694,1
463,694,1
464,693,1
465,693,1
466,693,1
467,693,1
468,693,1
469,693,1
470,693,1
471,693,1
472,693,1
473,693,1
474,693,1
475,693,1
476,693,1
477,693,1
478,692,1
479,692,1
480,692,1
481,692,1
482,692,1
483,692,1
484,692,1
485,692,1
486,692,1
487,692,1
488,692,1
489,692,1
490,692,1
491,692,1
492,692,1
493,692,1
494,692,1
495,692,1
496,692,1
497,692,1
498,692,1
499,692,1
500,692,1
501,692,1
502,692,1
503,691,1
504,691,1
505,691,1
506,691,1
507,691,1
508,691,1
509,691,1
510,691,1
511,691,1
512,691,1
513,691,1
514,691,1
515,691,1
516,691,1
517,691,1
518,691,1
519,690,1
520,690,1
521,690,1
522,690,1
523,690,1
524,690,1
525,690,1
526,690,1
527,690,1
528,690,1
529,690,1
530,690,1
531,690,1
532,690,1
533,690,1
534,690,1
535,690,1
536,690,1
537,690,1
538,690,1
539,690,1
540,690,1
541,690,1
542,690,1
543,690,1
544,689,1
545,689,1
546,689,1
547,689,1
548,689,1
549,689,1
550,689,1
551,689,1
552,689,1
553,689,1
554,689,1
555,689,1
556,689,1
557,689,1
558,689,1
559,689,1
560,688,1
561,688,1
562,688,1
563,688,1
564,688,1
565,688,1
566,688,1
567,688,1
568,688,1
569,688,1
570,688,1
571,688,1
572,688,1
573,688,1
574,688,1
575,688,1
576,687,1
577,687,1
578,687,1
579,687,1
580,687,1
581,687,1
582,687,1
583,687,1
584,687,1
585,687,1
586,687,1
587,687,1
588,687,1
589,687,1
590,687,1
591,687,1
592,686,1
593,686,1
594,686,1
595,686,1
596,686,1
597,686,1
598,686,1
599,686,1
600,686,1
601,686,1
602,686,1
603,686,1
604,686,1
605,686,1
606,686,1
607,686,1
608,686,1
609,685,1
610,685,1
611,685,1
612,685,1
613,685,1
614,685,1
615,685,1
616,685,1
617,685,1
618,685,1
619,685,1
620,685,1
621,685,1
622,685,1
623,685,1
624,685,1
625,685,1
626,685,1
627,685,1
628,685,1
629,685,1
630,685,1
631,685,1
632,685,1
633,685,1
634,684,1
635,684,1
636,684,1
637,684,1
638,684,1
639,684,1
640,684,1
641,684,1
642,684,1
643,684,1
644,684,1
645,684,1
646,684,1
647,684,1
648,684,1
649,684,1
650,684,1
651,684,1
652,684,1
653,684,1
654,684,1
655,684,1
656,684,1
657,684,1
658,684,1
659,683,1
660,683,1
661,683,1
662,683,1
663,683,1
664,683,1
665,683,1
666,683,1
667,683,1
668,683,1
669,683,1
670,683,1
671,683,1
672,683,1
673,683,1
674,683,1
675,683,1
676,683,1
677,683,1
678,683,1
679,683,1
680,683,1
681,683,1
682,683,1
683,683,1
684,682,1
685,682,1
686,682,1
687,682,1
688,682,1
689,682,1
690,682,1
691,682,1
692,682,1
693,682,1
694,682,1
695,682,1
696,682,1
697,682,1
698,682,1
699,682,1
700,682,1
701,682,1
702,682,1
703,682,1
704,682,1
705,682,1
706,682,1
707,682,1
708,682,1
709,681,1
710,681,1
711,681,1
712,681,1
713,681,1
714,681,1
715,681,1
716,681,1
717,681,1
718,681,1
719,681,1
720,681,1
721,681,1
722,681,1
723,681,1
724,681,1
725,681,1
726,681,1
727,681,1
728,681,1
729,681,1
730,681,1
731,681,1
732,681,1
733,681,1
734,680,1
735,680,1
736,680,1
737,680,1
738,680,1
739,680,1
740,680,1
741,680,1
742,680,1
743,680,1
744,680,1
745,680,1
746,679,1
747,679,1
748,679,1
749,679,1
750,679,1
751,679,1
752,679,1
753,679,1
754,679,1
755,679,1
756,679,1
757,679,1
758,679,1
759,679,1
760,679,1
761,679,1
762,679,1
763,678,1
764,678,1
765,678,1
766,678,1
767,678,1
768,678,1
769,678,1
770,678,1
771,678,1
772,678,1
773,678,1
774,678,1
775,678,1
776,678,1
777,678,1
778,677,1
779,677,1
780,677,1
781,677,1
782,677,1
783,677,1
784,677,1
785,677,1
786,677,1
787,677,1
788,677,1
789,676,1
790,676,1
791,676,1
792,676,1
793,676,1
794,676,1
795,676,1
796,676,1
797,676,1
798,676,1
799,676,1
800,676,1
801,676,1
802,676,1
803,676,1
804,676,1
805,676,1
806,676,1
807,676,1
808,676,1
809,676,1
810,676,1
811,676,1
812,676,1
813,675,1
814,675,1
815,675,1
816,675,1
817,675,1
818,675,1
819,675,1
820,675,1
821,675,1
822,675,1
823,675,1
824,675,1
825,675,1
826,674,1
827,674,1
828,674,1
829,674,1
830,674,1
831,674,1
832,674,1
833,674,1
834,674,1
835,674,1
836,674,1
837,674,1
838,674,1
839,674,1
840,674,1
841,674,1
842,674,1
843,674,1
844,674,1
845,674,1
846,674,1
847,674,1
848,674,1
849,674,1
850,673,1
851,673,1
852,673,1
853,673,1
854,673,1
855,673,1
856,673,1
857,673,1
858,673,1
859,673,1
860,673,1
861,672,1
862,672,1
863,672,1
864,672,1
865,672,1
866,672,1
867,672,1
868,672,1
869,672,1
870,672,1
871,672,1
872,672,1
873,672,1
874,672,1
875,672,1
876,671,1
877,671,1
878,671,1
879,671,1
880,671,1
881,671,1
882,671,1
883,671,1
884,671,1
885,671,1
886,671,1
887,671,1
888,671,1
889,671,1
890,671,1
891,671,1
892,670,1
893,670,1
894,670,1
895,670,1
896,670,1
897,670,1
898,670,1
899,670,1
900,670,1
901,670,1
902,670,1
903,670,1
904,670,1
905,669,1
906,669,1
907,669,1
908,669,1
909,669,1
910,669,1
911,669,1
912,669,1
913,669,1
914,669,1
915,669,1
916,669,1
917,669,1
918,669,1
919,669,1
920,669,1
921,669,1
922,669,1
923,669,1
924,669,1
925,669,1
926,669,1
927,669,1
928,669,1
929,669,1
930,668,1
931,668,1
932,668,1
933,668,1
934,668,1
935,668,1
936,668,1
937,668,1
938,668,1
939,668,1
940,668,1
941,668,1
942,668,1
943,668,1
944,668,1
945,668,1
946,668,1
947,668,1
948,668,1
949,668,1
950,667,1
951,667,1
952,667,1
953,667,1
954,667,1
955,667,1
956,667,1
957,667,1
958,667,1
959,667,1
960,667,1
961,667,1
962,667,1
963,667,1
964,667,1
965,667,1
966,667,1
967,667,1
968,667,1
969,667,1
970,667,1
971,667,1
972,667,1
973,667,1
974,667,1
975,666,1
976,666,1
977,666,1
978,666,1
979,666,1
980,666,1
981,666,1
982,666,1
983,666,1
984,666,1
985,666,1
986,666,1
987,666,1
988,666,1
989,665,1
990,665,1
991,665,1
992,665,1
993,665,1
994,665,1
995,665,1
996,665,1
997,665,1
998,665,1
999,665,1
1000,665,1
1001,665,1
1002,665,1
1003,665,1
1004,665,1
1005,665,1
1006,665,1
1007,665,1
1008,665,1
1009,665,1
1010,665,1
1011,665,1
1012,664,1
1013,664,1
1014,664,1
1015,664,1
1016,664,1
1017,664,1
1018,664,1
1019,664,1
1020,664,1
1021,664,1
1022,663,1
1023,663,1
1024,663,1
1025,663,1
1026,663,1
1027,663,1
1028,663,1
1029,663,1
1030,663,1
1031,663,1
1032,663,1
1033,663,1
1034,663,1
1035,662,1
1036,662,1
1037,662,1
1038,662,1
1039,662,1
1040,662,1
1041,662,1
1042,662,1
1043,662,1
1044,662,1
1045,662,1
1046,662,1
1047,662,1
1048,661,1
1049,661,1
1050,661,1
1051,661,1
1052,661,1
1053,661,1
1054,661,1
1055,661,1
1056,661,1
1057,660,1
1058,660,1
1059,660,1
1060,660,1
1061,660,1
1062,660,1
1063,660,1
1064,660,1
1065,660,1
1066,660,1
1067,660,1
1068,660,1
1069,660,1
1070,660,1
1071,660,1
1072,660,1
1073,660,1
1074,659,1
1075,659,1
1076,659,1
1077,659,1
1078,659,1
1079,659,1
1080,659,1
1081,659,1
1082,659,1
1083,659,1
1084,659,1
1085,659,1
1086,658,1
1087,658,1
1088,658,1
1089,658,1
1090,658,1
1091,658,1
1092,658,1
1093,658,1
1094,658,1
1095,658,1
1096,658,1
1097,658,1
1098,658,1
1099,658,1
1100,658,1
1101,658,1
1102,658,1
1103,657,1
1104,657,1
1105,657,1
1106,657,1
1107,657,1
1108,657,1
1109,657,1
1110,657,1
1111,657,1
1112,657,1
1113,657,1
1114,657,1
1115,657,1
1116,656,1
1117,656,1
1118,656,1
1119,656,1
1120,656,1
1121,656,1
1122,656,1
1123,656,1
1124,656,1
1125,656,1
1126,656,1
1127,656,1
1128,656,1
1129,656,1
1130,656,1
1131,655,1
1132,655,1
1133,655,1
1134,655,1
1135,655,1
1136,655,1
1137,655,1
1138,655,1
1139,655,1
1140,654,1
1141,654,1
1142,654,1
1143,654,1
1144,654,1
1145,654,1
1146,654,1
1147,654,1
1148,654,1
1149,654,1
1150,654,1
1151,653,1
1152,653,1
1153,653,1
1154,653,1
1155,653,1
1156,653,1
1157,653,1
1158,653,1
1159,653,1
1160,653,1
1161,653,1
1162,652,1
1163,652,1
1164,652,1
1165,652,1
1166,652,1
1167,652,1
1168,652,1
1169,652,1
1170,652,1
1171,652,1
1172,651,1
1173,651,1
1174,651,1
1175,651,1
1176,651,1
1177,651,1
1178,651,1
1179,651,1
1180,651,1
1181,651,1
1182,651,1
1183,651,1
1184,651,1
1185,650,1
1186,650,1
1187,650,1
1188,650,1
1189,650,1
1190,650,1
1191,650,1
1192,650,1
1193,650,1
1194,650,1
1195,650,1
1196,650,1
1197,649,1
1198,649,1
1199,649,1
1200,649,1
1201,649,1
1202,649,1
1203,649,1
1204,649,1
1205,649,1
1206,649,1
1207,648,1
1208,648,1
1209,648,1
1210,648,1
1211,648,1
1212,648,1
1213,648,1
1214,648,1
1215,648,1
1216,648,1
1217,648,1
1218,647,1
1219,647,1
1220,647,1
1221,647,1
1222,647,1
1223,647,1
1224,647,1
1225,647,1
1226,647,1
1227,646,1
1228,646,1
1229,646,1
1230,646,1
1231,646,1
1232,646,1
1233,646,1
1234,646,1
1235,646,1
1236,646,1
1237,645,1
1238,645,1
1239,645,1
1240,645,1
1241,645,1
1242,645,1
1243,645,1
1244,645,1
1245,645,1
1246,644,1
1247,644,1
1248,644,1
1249,644,1
1250,644,1
1251,644,1
1252,644,1
1253,644,1
1254,644,1
1255,644,1
1256,644,1
1257,643,1
1258,643,1
1259,643,1
1260,643,1
1261,643,1
1262,643,1
1263,643,1
1264,643,1
1265,643,1
1266,643,1
1267,643,1
1268,643,1
1269,642,1
1270,642,1
1271,642,1
1272,642,1
1273,642,1
1274,642,1
1275,642,1
1276,642,1
1277,642,1
1278,642,1
1279,642,1
1280,642,1
1281,641,1
1282,641,1
1283,641,1
1284,641,1
1285,641,1
1286,641,1
1287,641,1
1288,641,1
1289,641,1
1290,641,1
1291,641,1
1292,641,1
1293,640,1
1294,640,1
1295,640,1
1296,640,1
1297,640,1
1298,640,1
1299,640,1
1300,640,1
1301,640,1
1302,640,1
1303,640,1
1304,640,1
1305,640,1
1306,639,1
1307,639,1
1308,639,1
1309,639,1
1310,639,1
1311,639,1
1312,639,1
1313,639,1
1314,639,1
1315,638,1
1316,638,1
1317,638,1
1318,638,1
1319,638,1
1320,638,1
1321,638,1
1322,638,1
1323,638,1
1324,638,1
1325,638,1
1326,637,1
1327,637,1
1328,637,1
1329,637,1
1330,637,1
1331,637,1
1332,637,1
1333,637,1
1334,637,1
1335,637,1
1336,637,1
1337,636,1
1338,636,1
1339,636,1
1340,636,1
1341,636,1
1342,636,1
1343,636,1
1344,636,1
1345,636,1
1346,636,1
1347,635,1
1348,635,1
1349,635,1
1350,635,1
1351,635,1
1352,635,1
1353,635,1
1354,635,1
1355,635,1
1356,635,1
1357,635,1
1358,635,1
1359,635,1
1360,635,1
1361,635,1
1362,634,1
1363,634,1
1364,634,1
1365,634,1
1366,634,1
1367,634,1
1368,634,1
1369,634,1
1370,634,1
1371,634,1
1372,634,1
1373,634,1
1374,634,1
1375,633,1
1376,633,1
1377,633,1
1378,633,1
1379,633,1
1380,633,1
1381,633,1
1382,633,1
1383,633,1
1384,633,1
1385,633,1
1386,633,1
1387,633,1
1388,633,1
1389,633,1
1390,633,1
1391,633,1
1392,632,1
1393,632,1
1394,632,1
1395,632,1
1396,632,1
1397,632,1
1398,632,1
1399,632,1
1400,632,1
1401,632,1
1402,632,1
1403,632,1
1404,632,1
1405,631,1
1406,631,1
1407,631,1
1408,631,1
1409,631,1
1410,631,1
1411,631,1
1412,631,1
1413,631,1
1414,631,1
1415,631,1
1416,631,1
1417,631,1
1418,631,1
1419,631,1
1420,631,1
1421,631,1
1422,630,1
1423,630,1
1424,630,1
1425,630,1
1426,630,1
1427,630,1
1428,630,1
1429,630,1
1430,630,1
1431,630,1
1432,629,1
1433,629,1
1434,629,1
1435,629,1
1436,629,1
1437,629,1
1438,629,1
1439,629,1
1440,629,1
1441,629,1
1442,629,1
1443,629,1
1444,628,1
1445,628,1
1446,628,1
1447,628,1
1448,628,1
1449,628,1
1450,628,1
1451,628,1
1452,628,1
1453,628,1
1454,628,1
1455,628,1
1456,628,1
1457,628,1
1458,628,1
1459,628,1
1460,627,1
1461,627,1
1462,627,1
1463,627,1
1464,627,1
1465,627,1
1466,627,1
1467,627,1
1468,627,1
1469,627,1
1470,627,1
1471,627,1
1472,627,1
1473,626,1
1474,626,1
1475,626,1
1476,626,1
1477,626,1
1478,626,1
1479,626,1
1480,626,1
1481,626,1
1482,626,1
1483,626,1
1484,626,1
1485,626,1
1486,626,1
1487,626,1
1488,626,1
1489,626,1
1490,626,1
1491,626,1
1492,626,1
1493,626,1
1494,626,1
1495,626,1
1496,625,1
1497,625,1
1498,625,1
1499,625,1
1500,625,1
1501,625,1
1500,625,1
1499,625,1
1498,625,1
1497,625,1
1496,625,1
1495,625,1
1494,624,1
1493,624,1
1492,624,1
1491,624,1
1490,624,1
1489,625,1
1488,625,1
1487,625,1
1486,625,1
1485,625,1
1484,625,1
1483,625,1
1482,625,1
1481,625,1
1480,625,1
1479,625,1
1478,625,1
1477,625,1
1476,625,1
1475,625,1
1474,625,1
1473,625,1
1473,625,0
