80,151,1
85,199,1
85,200,1
86,201,1
86,202,1
86,203,1
86,204,1
86,203,1
86,202,1
86,201,1
86,200,1
86,199,1
86,198,1
86,197,1
86,196,1
86,195,1
85,195,1
85,194,1
85,193,1
85,192,1
85,191,1
85,190,1
84,189,1
84,188,1
84,187,1
84,186,1
84,185,1
84,184,1
84,183,1
84,182,1
84,181,1
84,180,1
84,179,1
84,178,1
83,177,1
83,176,1
83,175,1
83,174,1
83,173,1
83,172,1
83,171,1
83,170,1
83,169,1
83,168,1
83,167,1
83,166,1
83,165,1
83,164,1
83,163,1
83,162,1
83,161,1
83,160,1
83,159,1
82,158,1
82,157,1
82,156,1
82,155,1
82,154,1
82,153,1
82,152,1
82,151,1
82,150,1
82,149,1
82,148,1
82,147,1
82,146,1
82,145,1
82,144,1
82,143,1
82,142,1
82,141,1
82,140,1
82,139,1
82,138,1
82,137,1
82,136,1
82,135,1
83,134,1
83,133,1
83,132,1
83,131,1
83,130,1
83,129,1
83,128,1
83,127,1
83,126,1
83,125,1
83,124,1
84,123,1
84,122,1
84,121,1
84,120,1
84,119,1
84,118,1
85,118,1
85,117,1
85,116,1
86,116,1
86,115,1
86,114,1
86,113,1
86,112,1
87,112,1
87,111,1
87,110,1
87,109,1
87,108,1
88,108,1
88,107,1
88,106,1
89,105,1
89,104,1
89,103,1
90,102,1
90,101,1
91,101,1
91,100,1
91,99,1
92,99,1
92,98,1
93,97,1
93,96,1
94,95,1
94,94,1
95,93,1
95,92,1
96,92,1
96,91,1
97,90,1
97,89,1
98,89,1
99,88,1
99,87,1
100,87,1
100,86,1
101,86,1
101,85,1
102,84,1
103,83,1
104,83,1
104,82,1
105,82,1
105,81,1
106,81,1
106,80,1
107,80,1
107,79,1
108,79,1
108,78,1
109,78,1
110,78,1
110,77,1
111,77,1
111,76,1
112,76,1
113,75,1
114,75,1
114,74,1
115,74,1
116,74,1
116,73,1
117,73,1
117,72,1
118,72,1
119,71,1
120,71,1
121,71,1
122,70,1
123,70,1
124,69,1
125,69,1
126,69,1
127,68,1
128,68,1
129,68,1
130,68,1
131,67,1
132,67,1
133,66,1
134,66,1
135,66,1
136,66,1
137,66,1
171,92,1
172,92,1
172,93,1
172,94,1
173,94,1
173,95,1
173,96,1
174,97,1
174,98,1
174,99,1
175,100,1
175,101,1
176,102,1
176,103,1
176,104,1
177,104,1
177,105,1
177,106,1
178,107,1
178,108,1
178,109,1
178,110,1
179,110,1
179,111,1
179,112,1
179,113,1
180,114,1
180,115,1
180,116,1
180,117,1
181,117,1
181,118,1
181,119,1
181,120,1
181,121,1
182,122,1
182,123,1
183,124,1
183,125,1
183,126,1
183,127,1
183,128,1
184,128,1
184,129,1
184,130,1
184,131,1
184,132,1
185,132,1
185,133,1
185,134,1
185,135,1
185,136,1
185,137,1
186,137,1
186,138,1
186,139,1
186,140,1
186,141,1
186,142,1
187,142,1
187,143,1
187,144,1
187,145,1
187,146,1
187,147,1
188,147,1
188,148,1
188,149,1
188,150,1
189,150,1
189,151,1
189,152,1
189,153,1
189,154,1
189,155,1
189,156,1
190,156,1
190,157,1
190,158,1
190,159,1
190,160,1
190,161,1
190,162,1
190,163,1
191,163,1
191,164,1
191,165,1
191,166,1
191,167,1
191,168,1
191,169,1
191,170,1
191,171,1
192,172,1
192,173,1
192,174,1
192,175,1
192,176,1
192,177,1
192,178,1
192,179,1
192,180,1
192,181,1
192,182,1
192,183,1
193,183,1
193,184,1
193,185,1
193,186,1
193,187,1
193,188,1
193,189,1
193,190,1
193,189,1
192,189,1
192,188,1
192,187,1
192,186,1
192,185,1
192,184,1
191,183,1
191,182,1
191,181,1
191,180,1
190,179,1
190,178,1
190,177,1
189,176,1
189,175,1
188,174,1
188,173,1
187,172,1
187,171,1
186,171,1
186,170,1
186,169,1
185,169,1
185,168,1
184,167,1
184,166,1
183,166,1
183,165,1
182,164,1
181,163,1
181,162,1
180,162,1
180,161,1
179,161,1
179,160,1
178,160,1
178,159,1
177,159,1
177,158,1
176,158,1
176,157,1
175,157,1
175,156,1
174,156,1
173,155,1
172,155,1
172,154,1
171,154,1
171,153,1
170,153,1
169,153,1
169,152,1
168,152,1
167,152,1
167,151,1
166,151,1
165,151,1
165,150,1
164,150,1
163,150,1
162,150,1
161,149,1
160,149,1
159,149,1
158,149,1
157,149,1
156,149,1
155,149,1
154,149,1
153,149,1
152,150,1
151,150,1
150,150,1
149,150,1
148,150,1
148,151,1
147,151,1
146,151,1
145,151,1
144,152,1
143,152,1
143,153,1
142,153,1
141,153,1
141,154,1
140,154,1
139,155,1
138,155,1
137,156,1
136,156,1
136,157,1
135,157,1
135,158,1
134,158,1
134,159,1
133,159,1
133,160,1
132,160,1
132,161,1
131,161,1
131,162,1
130,162,1
130,163,1
130,164,1
129,165,1
129,166,1
128,166,1
128,167,1
128,168,1
128,169,1
127,170,1
127,171,1
127,172,1
127,173,1
128,173,1
128,174,1
128,175,1
128,176,1
129,176,1
129,177,1
130,177,1
130,178,1
131,178,1
132,179,1
133,179,1
134,179,1
135,179,1
136,179,1
137,179,1
137,178,1
138,178,1
139,178,1
139,177,1
140,177,1
140,176,1
141,175,1
141,174,1
142,173,1
142,172,1
142,171,1
142,170,1
142,169,1
142,168,1
141,168,1
141,167,1
141,166,1
141,165,1
140,165,1
140,164,1
139,164,1
139,163,1
138,162,1
137,161,1
136,161,1
136,160,1
135,160,1
135,159,1
134,159,1
133,159,1
132,158,1
131,158,1
131,157,1
130,157,1
129,157,1
128,157,1
127,157,1
126,157,1
125,157,1
124,157,1
123,157,1
122,157,1
121,157,1
120,157,1
119,158,1
118,158,1
118,159,1
117,159,1
116,159,1
115,159,1
114,160,1
113,160,1
113,161,1
112,161,1
112,162,1
113,162,1
113,163,1
114,163,1
201,145,0
288,125,1
288,126,1
288,127,1
288,128,1
288,129,1
288,130,1
288,131,1
289,131,1
289,132,1
289,133,1
289,134,1
289,135,1
289,136,1
289,137,1
289,138,1
290,139,1
290,140,1
290,141,1
290,142,1
290,143,1
290,144,1
290,145,1
290,146,1
291,147,1
291,148,1
291,149,1
291,150,1
292,150,1
292,151,1
292,152,1
292,153,1
292,154,1
292,155,1
292,156,1
292,157,1
292,158,1
293,159,1
293,160,1
293,161,1
293,162,1
293,163,1
293,164,1
293,165,1
294,166,1
294,167,1
294,168,1
294,169,1
294,170,1
294,171,1
294,172,1
294,173,1
295,173,1
295,174,1
294,174,1
294,173,1
293,173,1
293,172,1
293,171,1
292,170,1
292,169,1
291,168,1
291,167,1
290,166,1
290,165,1
289,165,1
289,164,1
289,163,1
288,162,1
288,161,1
287,161,1
287,160,1
286,160,1
286,159,1
285,159,1
285,158,1
285,157,1
284,157,1
284,156,1
283,156,1
283,155,1
282,155,1
281,154,1
280,153,1
279,152,1
278,152,1
278,151,1
277,151,1
276,150,1
275,150,1
274,149,1
273,149,1
272,148,1
271,148,1
270,148,1
269,147,1
268,147,1
267,147,1
266,147,1
265,147,1
264,147,1
263,147,1
262,147,1
261,147,1
260,147,1
259,147,1
259,148,1
258,148,1
257,148,1
256,149,1
255,149,1
254,149,1
254,150,1
253,150,1
252,150,1
252,151,1
251,152,1
250,153,1
250,154,1
249,154,1
249,155,1
248,155,1
248,156,1
247,157,1
247,158,1
247,159,1
246,159,1
246,160,1
246,161,1
246,162,1
246,163,1
246,164,1
246,165,1
246,166,1
246,167,1
246,168,1
246,169,1
246,170,1
247,171,1
247,172,1
248,173,1
248,174,1
249,174,1
249,175,1
250,175,1
250,176,1
251,176,1
252,176,1
244,129,0
238,81,1
237,81,1
236,81,1
235,81,1
234,81,1
233,81,1
232,81,1
232,82,1
231,82,1
230,82,1
229,82,1
229,81,1
228,81,1
227,81,1
226,81,1
226,80,1
225,80,1
224,80,1
223,79,1
222,79,1
222,78,1
221,78,1
221,77,1
220,77,1
220,76,1
220,75,1
220,74,1
220,73,1
220,72,1
221,72,1
221,71,1
222,71,1
222,70,1
223,70,1
224,69,1
225,69,1
226,69,1
227,69,1
228,69,1
229,69,1
230,69,1
231,69,1
232,69,1
233,69,1
234,69,1
235,69,1
236,70,1
237,70,1
238,70,1
239,70,1
239,71,1
240,71,1
241,71,1
242,72,1
243,72,1
244,72,1
244,73,1
245,73,1
246,74,1
247,74,1
248,75,1
249,75,1
250,76,1
251,76,1
252,77,1
253,77,1
254,78,1
255,78,1
255,79,1
256,79,1
257,80,1
258,80,1
258,81,1
259,81,1
260,82,1
261,82,1
262,82,1
262,83,1
263,83,1
263,84,1
264,84,1
265,85,1
266,86,1
267,86,1
268,87,1
269,87,1
269,88,1
270,88,1
271,89,1
272,89,1
272,90,1
273,90,1
273,91,1
274,91,1
275,92,1
276,93,1
277,93,1
277,94,1
278,94,1
278,95,1
279,95,1
280,96,1
281,97,1
282,98,1
283,99,1
283,100,1
284,100,1
285,101,1
286,102,1
287,103,1
287,104,1
288,104,1
288,105,1
289,105,1
289,106,1
290,106,1
290,107,1
291,107,1
291,108,1
292,108,1
292,109,1
293,110,1
293,111,1
294,111,1
294,112,1
295,112,1
295,113,1
296,114,1
296,115,1
297,116,1
298,117,1
298,118,1
299,118,1
299,119,1
300,119,1
300,120,1
301,121,1
301,122,1
302,122,1
318,121,0
336,122,1
335,121,1
335,120,1
334,120,1
334,119,1
334,118,1
334,117,1
335,117,1
335,116,1
336,116,1
336,115,1
337,115,1
338,115,1
339,115,1
340,115,1
341,115,1
342,115,1
343,115,1
344,116,1
345,116,1
346,116,1
346,117,1
347,117,1
348,118,1
349,118,1
349,119,1
350,119,1
350,120,1
351,121,1
351,122,1
352,123,1
353,124,1
353,125,1
354,126,1
354,127,1
354,128,1
354,129,1
355,130,1
355,131,1
355,132,1
355,133,1
355,134,1
355,135,1
354,136,1
354,137,1
354,138,1
354,139,1
353,140,1
353,141,1
352,142,1
352,143,1
351,144,1
351,145,1
350,145,1
350,146,1
349,147,1
348,148,1
348,149,1
347,149,1
347,150,1
346,150,1
346,151,1
345,151,1
344,152,1
343,153,1
342,153,1
342,154,1
341,154,1
340,155,1
339,155,1
338,156,1
337,156,1
336,156,1
336,157,1
335,157,1
334,157,1
333,157,1
332,158,1
331,158,1
330,158,1
330,159,1
329,159,1
328,159,1
327,159,1
326,158,1
325,158,1
324,157,1
323,157,1
323,156,1
322,156,1
322,155,1
322,154,1
322,153,1
323,152,1
323,151,1
324,151,1
325,150,1
326,150,1
326,149,1
327,149,1
328,149,1
329,149,1
330,149,1
330,148,1
331,148,1
332,148,1
333,148,1
334,148,1
335,148,1
336,148,1
337,148,1
338,148,1
339,148,1
340,148,1
341,148,1
342,149,1
343,149,1
344,149,1
345,149,1
346,149,1
347,149,1
348,150,1
349,150,1
350,150,1
351,150,1
352,151,1
353,151,1
354,151,1
355,152,1
356,152,1
357,153,1
358,153,1
359,153,1
360,154,1
361,154,1
362,154,1
362,155,1
363,155,1
364,155,1
365,156,1
366,156,1
367,156,1
367,157,1
368,157,1
369,157,1
370,158,1
371,158,1
372,159,1
373,159,1
374,160,1
375,160,1
376,160,1
377,160,1
377,161,1
378,161,1
379,161,1
380,161,1
381,162,1
382,162,1
383,162,1
384,162,1
385,162,1
401,150,0
418,137,1
418,138,1
418,139,1
418,140,1
418,141,1
419,142,1
419,143,1
419,144,1
419,145,1
419,146,1
419,147,1
419,148,1
419,149,1
419,150,1
419,151,1
419,152,1
419,153,1
419,154,1
418,154,1
418,155,1
418,156,1
418,157,1
417,158,1
417,159,1
417,160,1
416,161,1
416,162,1
267,139,0
116,118,1
117,118,1
118,118,1
119,118,1
120,118,1
120,117,1
121,117,1
122,117,1
123,117,1
124,117,1
125,117,1
126,117,1
127,117,1
128,117,1
129,117,1
130,117,1
131,117,1
132,117,1
133,117,1
134,117,1
135,117,1
136,117,1
137,117,1
137,116,1
138,116,1
139,116,1
140,116,1
141,116,1
142,116,1
143,116,1
144,116,1
145,116,1
146,116,1
147,116,1
148,116,1
149,116,1
150,116,1
151,116,1
152,116,1
153,116,1
154,116,1
155,116,1
156,116,1
156,115,1
157,115,1
158,115,1
159,115,1
160,115,1
161,115,1
162,115,1
163,115,1
164,115,1
165,115,1
166,114,1
167,114,1
168,114,1
169,114,1
170,114,1
171,114,1
172,114,1
173,114,1
174,114,1
175,114,1
176,114,1
177,114,1
178,114,1
179,114,1
180,114,1
181,114,1
182,114,1
183,114,1
184,114,1
185,114,1
186,114,1
187,113,1
188,113,1
189,113,1
190,113,1
191,113,1
192,113,1
193,113,1
194,113,1
195,113,1
196,113,1
197,113,1
198,113,1
199,113,1
200,113,1
201,113,1
202,113,1
203,113,1
204,113,1
205,113,1
206,113,1
207,113,1
208,113,1
209,113,1
210,113,1
211,113,1
212,113,1
213,113,1
214,113,1
215,113,1
216,113,1
217,113,1
218,113,1
219,113,1
220,112,1
221,112,1
222,112,1
223,112,1
224,112,1
225,112,1
226,112,1
227,112,1
228,112,1
229,112,1
230,112,1
231,112,1
232,112,1
233,112,1
234,112,1
235,112,1
236,112,1
237,112,1
238,112,1
239,112,1
240,112,1
241,112,1
242,112,1
243,112,1
244,112,1
245,112,1
246,112,1
247,112,1
248,112,1
249,112,1
250,112,1
251,112,1
252,112,1
253,112,1
254,112,1
255,112,1
256,112,1
257,111,1
258,111,1
259,111,1
260,111,1
261,111,1
262,111,1
263,111,1
264,111,1
265,111,1
266,111,1
267,111,1
268,111,1
269,111,1
270,111,1
271,111,1
272,111,1
273,111,1
274,111,1
275,111,1
276,111,1
277,111,1
278,111,1
279,111,1
280,111,1
281,111,1
282,111,1
283,111,1
284,111,1
285,111,1
286,111,1
287,111,1
288,111,1
289,111,1
290,111,1
291,111,1
292,111,1
293,111,1
294,111,1
295,111,1
296,111,1
297,111,1
298,111,1
299,111,1
300,111,1
301,111,1
301,110,1
302,110,1
303,110,1
304,110,1
305,110,1
306,110,1
307,110,1
308,110,1
309,110,1
310,110,1
311,110,1
312,110,1
313,110,1
314,110,1
315,110,1
316,110,1
317,110,1
318,110,1
319,110,1
320,110,1
321,110,1
322,110,1
323,110,1
324,110,1
325,110,1
326,110,1
327,110,1
328,110,1
329,110,1
330,110,1
331,110,1
332,110,1
333,110,1
334,110,1
335,110,1
336,110,1
337,110,1
338,110,1
339,110,1
340,110,1
341,109,1
342,109,1
343,109,1
344,109,1
345,109,1
346,109,1
347,109,1
348,109,1
349,109,1
350,109,1
351,109,1
352,109,1
353,109,1
354,109,1
355,109,1
356,109,1
357,109,1
358,109,1
359,109,1
360,109,1
360,108,1
361,108,1
362,108,1
363,108,1
364,108,1
365,108,1
366,108,1
367,108,1
368,108,1
369,108,1
370,108,1
371,108,1
372,108,1
373,108,1
374,108,1
375,108,1
376,108,1
377,108,1
378,108,1
379,108,1
380,108,1
381,108,1
382,108,1
383,108,1
384,108,1
385,108,1
386,108,1
387,108,1
388,108,1
389,108,1
390,108,1
391,108,1
392,108,1
393,108,1
394,108,1
395,108,1
396,108,1
397,108,1
398,108,1
399,108,1
399,107,1
400,107,1
401,107,1
402,107,1
403,107,1
404,107,1
405,107,1
406,107,1
407,107,1
408,107,1
409,107,1
410,107,1
411,107,1
412,107,1
413,107,1
414,107,1
415,107,1
416,107,1
417,107,1
418,107,1
419,107,1
420,107,1
421,107,1
422,107,1
423,106,1
424,106,1
425,106,1
425,107,1
426,107,1
427,107,1
427,106,1
428,106,1
429,106,1
429,107,1
430,107,1
429,107,1
428,107,1
428,108,1
427,108,1
427,108,0
