474,333,1
475,333,1
524,336,1
525,337,1
526,337,1
526,338,1
527,339,1
528,339,1
528,340,1
529,341,1
530,341,1
530,342,1
531,343,1
532,344,1
533,345,1
533,346,1
534,347,1
534,348,1
535,348,1
535,349,1
535,350,1
536,351,1
536,352,1
536,353,1
537,354,1
537,355,1
538,356,1
538,357,1
538,358,1
538,359,1
538,360,1
538,361,1
539,362,1
539,363,1
539,364,1
539,365,1
539,366,1
539,367,1
539,368,1
539,369,1
538,370,1
538,371,1
538,372,1
538,373,1
538,374,1
538,375,1
537,376,1
537,377,1
537,378,1
537,379,1
536,380,1
536,381,1
535,382,1
535,383,1
534,384,1
534,385,1
534,386,1
533,387,1
533,388,1
532,389,1
531,390,1
531,391,1
530,392,1
530,393,1
529,394,1
528,395,1
528,396,1
527,397,1
527,398,1
526,398,1
525,399,1
525,400,1
524,401,1
524,402,1
523,402,1
523,403,1
522,404,1
521,404,1
521,405,1
520,406,1
519,407,1
518,408,1
517,409,1
516,410,1
515,411,1
515,412,1
514,412,1
513,413,1
512,414,1
511,415,1
510,416,1
509,416,1
508,417,1
507,418,1
506,419,1
505,419,1
504,420,1
503,421,1
502,421,1
501,422,1
500,422,1
500,423,1
499,423,1
498,424,1
497,424,1
496,425,1
495,425,1
494,426,1
493,426,1
492,427,1
491,427,1
490,427,1
489,428,1
488,428,1
487,429,1
486,429,1
485,429,1
484,429,1
483,429,1
482,430,1
481,430,1
480,430,1
479,430,1
478,430,1
477,430,1
476,430,1
475,430,1
474,430,1
473,430,1
472,430,1
471,430,1
470,430,1
469,429,1
468,429,1
467,429,1
467,428,1
466,428,1
465,428,1
464,427,1
464,426,1
463,426,1
462,425,1
461,424,1
461,423,1
461,422,1
460,421,1
460,420,1
460,419,1
460,418,1
460,417,1
460,416,1
460,415,1
461,414,1
461,413,1
461,412,1
462,411,1
462,410,1
463,409,1
464,408,1
464,407,1
465,406,1
466,406,1
466,405,1
467,404,1
468,403,1
469,402,1
470,402,1
471,401,1
471,400,1
472,400,1
473,399,1
474,399,1
475,398,1
476,398,1
477,397,1
524,402,1
525,403,1
526,404,1
527,404,1
527,405,1
528,406,1
529,407,1
530,408,1
531,409,1
532,410,1
533,411,1
534,412,1
534,413,1
535,414,1
536,415,1
537,416,1
537,417,1
538,418,1
539,419,1
540,420,1
540,421,1
541,422,1
541,423,1
542,423,1
543,424,1
543,425,1
544,426,1
544,427,1
545,428,1
546,429,1
547,430,1
547,431,1
548,432,1
549,433,1
550,434,1
551,435,1
551,436,1
552,436,1
553,437,1
553,438,1
554,438,1
555,439,1
555,440,1
556,440,1
556,441,1
557,442,1
558,442,1
559,443,1
560,443,1
561,444,1
562,445,1
563,445,1
564,446,1
565,446,1
566,447,1
567,447,1
568,447,1
569,448,1
570,448,1
571,448,1
572,448,1
573,448,1
574,448,1
575,449,1
576,449,1
577,449,1
578,449,1
579,449,1
580,449,1
581,449,1
582,448,1
583,448,1
584,448,1
585,448,1
586,448,1
587,447,1
588,447,1
589,447,1
590,447,1
591,446,1
592,446,1
593,446,1
594,445,1
595,445,1
595,444,1
596,444,1
597,443,1
598,443,1
599,442,1
600,441,1
600,412,0
603,374,1
603,375,1
603,376,1
603,377,1
603,378,1
603,379,1
603,380,1
603,381,1
603,382,1
603,383,1
603,384,1
603,385,1
603,386,1
603,387,1
603,388,1
603,389,1
603,390,1
604,391,1
604,392,1
604,393,1
604,394,1
604,395,1
604,396,1
605,397,1
605,398,1
605,399,1
606,399,1
606,400,1
606,401,1
607,402,1
607,403,1
608,404,1
609,405,1
610,406,1
610,407,1
611,407,1
612,408,1
613,409,1
614,410,1
615,411,1
616,411,1
617,411,1
618,412,1
619,412,1
620,412,1
621,413,1
622,413,1
623,413,1
624,413,1
625,413,1
626,413,1
627,413,1
628,413,1
629,413,1
630,412,1
631,412,1
632,412,1
633,411,1
634,411,1
635,411,1
636,410,1
637,410,1
638,409,1
639,409,1
640,408,1
641,408,1
642,407,1
643,407,1
643,406,1
644,405,1
645,405,1
646,404,1
647,403,1
648,402,1
649,401,1
650,400,1
651,399,1
651,398,1
652,398,1
653,397,1
653,396,1
654,395,1
655,394,1
655,393,1
656,392,1
657,391,1
658,390,1
658,389,1
659,388,1
660,387,1
660,386,1
661,386,1
661,385,1
662,384,1
663,383,1
664,382,1
665,382,1
665,381,1
666,381,1
667,380,1
668,380,1
669,379,1
670,379,1
671,379,1
672,379,1
673,379,1
674,379,1
675,379,1
676,379,1
677,379,1
678,379,1
679,380,1
680,380,1
681,380,1
682,381,1
683,381,1
684,381,1
685,381,1
686,381,1
687,382,1
688,382,1
689,382,1
690,382,1
691,382,1
692,382,1
693,382,1
694,382,1
695,382,1
696,382,1
697,382,1
698,382,1
699,382,1
700,382,1
701,382,1
702,382,1
703,382,1
704,381,1
705,381,1
706,381,1
707,381,1
708,380,1
709,380,1
710,380,1
711,380,1
712,379,1
713,379,1
713,378,1
714,378,1
715,378,1
716,377,1
717,377,1
718,376,1
719,375,1
720,375,1
721,374,1
722,374,1
722,373,1
723,373,1
724,372,1
725,371,1
726,370,1
727,369,1
727,368,1
728,368,1
729,367,1
729,366,1
730,365,1
731,364,1
732,363,1
733,362,1
733,361,1
734,361,1
734,360,1
735,360,1
735,359,1
736,359,1
736,360,1
736,361,1
736,362,1
736,363,1
736,364,1
736,365,1
736,366,1
736,367,1
736,368,1
736,369,1
735,370,1
735,371,1
735,372,1
735,373,1
735,374,1
735,375,1
735,376,1
735,377,1
735,378,1
734,379,1
734,380,1
734,381,1
734,382,1
734,383,1
734,384,1
734,385,1
734,386,1
734,387,1
734,388,1
734,389,1
734,390,1
733,391,1
733,392,1
733,393,1
733,394,1
733,395,1
733,396,1
733,397,1
733,398,1
733,399,1
733,400,1
733,401,1
733,402,1
733,403,1
733,404,1
732,405,1
732,406,1
732,407,1
732,408,1
732,409,1
732,410,1
732,411,1
732,412,1
732,413,1
732,414,1
731,415,1
731,416,1
731,417,1
731,418,1
731,419,1
731,420,1
731,421,1
731,422,1
731,423,1
731,424,1
731,425,1
731,426,1
731,427,1
730,428,1
730,429,1
730,430,1
730,431,1
730,432,1
730,433,1
730,434,1
730,435,1
730,436,1
731,436,1
783,398,0
830,364,1
831,364,1
832,364,1
833,363,1
834,363,1
835,363,1
836,363,1
837,363,1
838,362,1
839,362,1
840,362,1
841,362,1
842,361,1
843,361,1
844,361,1
845,361,1
846,361,1
847,360,1
848,360,1
849,360,1
850,360,1
851,360,1
852,359,1
853,359,1
854,359,1
855,359,1
856,359,1
857,359,1
858,358,1
859,358,1
860,358,1
861,358,1
862,357,1
863,357,1
864,357,1
865,357,1
866,357,1
867,356,1
868,356,1
869,356,1
870,356,1
871,355,1
872,355,1
873,355,1
874,355,1
875,354,1
876,354,1
877,354,1
878,354,1
879,354,1
880,353,1
881,353,1
882,353,1
883,353,1
884,352,1
885,352,1
886,352,1
887,351,1
888,351,1
889,351,1
886,359,0
889,361,1
889,362,1
889,363,1
888,364,1
888,365,1
888,366,1
888,367,1
888,368,1
888,369,1
887,370,1
887,371,1
887,372,1
887,373,1
887,374,1
887,375,1
887,376,1
887,377,1
887,378,1
887,379,1
887,380,1
887,381,1
887,382,1
887,383,1
887,384,1
887,385,1
887,386,1
887,387,1
887,388,1
887,389,1
887,390,1
887,391,1
887,392,1
887,393,1
887,394,1
887,395,1
887,396,1
886,397,1
886,398,1
886,399,1
886,400,1
886,401,1
886,402,1
886,403,1
886,404,1
886,405,1
886,406,1
886,407,1
886,408,1
886,407,1
889,340,0
891,279,1
891,278,1
892,277,1
892,276,1
893,275,1
893,274,1
893,273,1
894,272,1
894,271,1
895,270,1
895,269,1
896,268,1
896,267,1
897,266,1
897,265,1
898,265,1
898,264,1
898,263,1
899,262,1
899,261,1
900,261,1
900,260,1
901,259,1
901,258,1
902,257,1
903,256,1
903,255,1
904,254,1
905,253,1
905,252,1
906,251,1
907,251,1
907,250,1
908,249,1
909,248,1
910,247,1
910,246,1
911,246,1
912,245,1
913,244,1
914,244,1
915,243,1
916,242,1
917,242,1
918,241,1
919,240,1
920,240,1
921,240,1
922,239,1
923,239,1
924,238,1
925,238,1
926,238,1
927,238,1
928,238,1
929,238,1
930,238,1
931,238,1
932,238,1
933,239,1
934,239,1
935,239,1
936,240,1
937,240,1
938,240,1
939,241,1
940,241,1
941,242,1
942,243,1
943,243,1
944,244,1
944,245,1
945,245,1
946,246,1
947,247,1
948,248,1
949,249,1
949,250,1
950,250,1
950,251,1
951,252,1
951,253,1
952,254,1
952,255,1
953,256,1
954,256,1
954,257,1
955,258,1
955,259,1
955,260,1
956,261,1
956,262,1
957,263,1
957,264,1
958,265,1
958,266,1
959,267,1
959,268,1
959,269,1
960,270,1
960,271,1
960,272,1
961,273,1
961,274,1
961,275,1
962,276,1
962,277,1
963,278,1
963,279,1
963,280,1
963,281,1
964,282,1
964,283,1
964,284,1
964,285,1
965,286,1
965,287,1
965,288,1
965,289,1
966,290,1
966,291,1
966,292,1
966,293,1
966,294,1
966,295,1
966,296,1
967,297,1
967,298,1
967,299,1
967,300,1
967,301,1
967,302,1
967,303,1
968,304,1
968,305,1
968,306,1
968,307,1
968,308,1
968,309,1
968,310,1
968,311,1
969,312,1
969,313,1
969,314,1
969,315,1
969,316,1
969,317,1
969,318,1
969,319,1
969,320,1
969,321,1
969,322,1
969,323,1
969,324,1
969,325,1
969,326,1
969,327,1
969,328,1
969,329,1
969,330,1
969,331,1
969,332,1
969,333,1
969,334,1
969,335,1
969,336,1
969,337,1
969,338,1
969,339,1
969,340,1
969,341,1
968,342,1
968,343,1
968,344,1
968,345,1
968,346,1
968,347,1
968,348,1
968,349,1
968,350,1
968,351,1
967,352,1
967,353,1
967,354,1
967,355,1
967,356,1
967,357,1
967,358,1
967,359,1
967,360,1
967,361,1
967,362,1
966,363,1
966,364,1
966,365,1
966,366,1
966,367,1
966,368,1
966,369,1
966,370,1
965,371,1
965,372,1
965,373,1
965,374,1
965,375,1
965,376,1
964,377,1
964,378,1
964,379,1
964,380,1
964,381,1
964,382,1
964,383,1
963,384,1
963,385,1
963,386,1
963,387,1
963,388,1
963,389,1
963,390,1
962,391,1
962,392,1
962,393,1
962,394,1
962,395,1
961,396,1
961,397,1
961,398,1
961,399,1
961,400,1
960,401,1
960,402,1
960,403,1
959,403,1
959,404,1
959,405,1
958,405,1
958,404,1
957,403,1
957,402,1
957,401,1
957,400,1
957,400,0
974,300,0
1016,346,1
1015,346,1
1014,345,1
1013,344,1
1012,344,1
1011,343,1
1010,343,1
1010,342,1
1009,341,1
1009,340,1
1008,339,1
1007,338,1
1007,337,1
1006,336,1
1006,335,1
1005,334,1
1005,333,1
1005,332,1
1005,331,1
1005,330,1
1005,329,1
1005,328,1
1005,327,1
1005,326,1
1005,325,1
1005,324,1
1006,323,1
1006,322,1
1007,321,1
1007,320,1
1008,319,1
1009,318,1
1009,317,1
1010,317,1
1011,316,1
1011,315,1
1012,315,1
1013,314,1
1014,314,1
1014,313,1
1015,313,1
1016,312,1
1017,312,1
1018,312,1
1019,311,1
1020,311,1
1021,310,1
1022,310,1
1023,310,1
1024,310,1
1025,310,1
1026,310,1
1027,309,1
1028,309,1
1029,309,1
1030,309,1
1031,309,1
1032,309,1
1033,309,1
1034,309,1
1035,309,1
1036,309,1
1037,309,1
1038,310,1
1039,310,1
1040,310,1
1041,310,1
1042,310,1
1043,311,1
1044,311,1
1045,311,1
1046,312,1
1047,313,1
1048,313,1
1049,314,1
1050,314,1
1050,315,1
1051,316,1
1052,316,1
1052,317,1
1053,318,1
1054,318,1
1054,319,1
1055,320,1
1055,321,1
1056,322,1
1056,323,1
1057,324,1
1057,325,1
1057,326,1
1057,327,1
1057,328,1
1058,328,1
1058,329,1
1058,330,1
1058,331,1
1058,332,1
1058,333,1
1058,334,1
1058,335,1
1058,336,1
1057,337,1
1057,338,1
1057,339,1
1057,340,1
1057,341,1
1056,342,1
1056,343,1
1056,344,1
1055,344,1
1055,345,1
1055,346,1
1054,347,1
1054,348,1
1054,349,1
1053,350,1
1053,351,1
1052,352,1
1052,353,1
1051,354,1
1051,355,1
1050,355,1
1050,356,1
1049,357,1
1049,358,1
1048,358,1
1048,359,1
1047,360,1
1047,361,1
1046,361,1
1046,362,1
1045,363,1
1044,364,1
1043,365,1
1042,366,1
1041,367,1
1040,368,1
1039,368,1
1039,369,1
1038,370,1
1037,370,1
1036,371,1
1035,372,1
1034,373,1
1033,373,1
1033,374,1
1032,374,1
1031,375,1
1030,375,1
1029,376,1
1028,377,1
1027,377,1
1026,378,1
1025,378,1
1024,379,1
1023,379,1
1022,380,1
1021,381,1
1020,381,1
1019,381,1
1018,382,1
1017,382,1
1016,383,1
1015,383,1
1014,383,1
1013,384,1
1012,385,1
1011,385,1
1010,385,1
1009,386,1
1008,386,1
1007,387,1
1006,387,1
1005,387,1
1004,387,1
1003,388,1
1002,388,1
1001,389,1
1000,389,1
999,389,1
998,389,1
997,390,1
996,390,1
995,390,1
994,390,1
993,391,1
992,391,1
991,391,1
990,391,1
989,391,1
988,391,1
987,392,1
986,392,1
985,392,1
984,392,1
983,392,1
982,392,1
981,391,1
980,391,1
979,391,1
978,391,1
977,391,1
976,390,1
975,389,1
974,389,1
974,388,1
973,388,1
973,387,1
972,386,1
972,385,1
972,384,1
972,383,1
972,382,1
972,381,1
972,380,1
973,379,1
973,378,1
973,377,1
974,376,1
975,375,1
976,374,1
977,373,1
978,372,1
979,372,1
980,371,1
981,370,1
982,370,1
983,369,1
984,369,1
985,369,1
986,368,1
987,368,1
988,368,1
989,368,1
990,367,1
991,367,1
992,367,1
993,367,1
994,367,1
995,366,1
996,366,1
997,366,1
998,366,1
999,366,1
1000,366,1
1001,366,1
1002,366,1
1003,366,1
1004,366,1
1005,366,1
1006,366,1
1007,366,1
1008,366,1
1009,366,1
1010,366,1
1011,367,1
1012,367,1
1013,367,1
1014,367,1
1015,367,1
1016,367,1
1017,368,1
1018,368,1
1019,368,1
1020,369,1
1021,369,1
1022,369,1
1023,370,1
1024,370,1
1024,371,1
1025,371,1
1026,372,1
1027,372,1
1028,373,1
1029,373,1
1029,374,1
1030,374,1
1031,375,1
1032,375,1
1033,376,1
1033,377,1
1034,377,1
1035,378,1
1036,379,1
1037,380,1
1038,381,1
1039,381,1
1039,382,1
1040,383,1
1041,384,1
1042,384,1
1042,385,1
1043,386,1
1044,387,1
1044,388,1
1045,388,1
1046,389,1
1046,390,1
1047,391,1
1048,392,1
1049,393,1
1050,394,1
1051,395,1
1051,396,1
1052,396,1
1053,397,1
1054,398,1
1054,399,1
1055,399,1
1056,400,1
1056,401,1
1057,401,1
1058,402,1
1059,402,1
1059,403,1
1060,404,1
1061,404,1
1062,405,1
1063,406,1
1064,406,1
1065,406,1
1066,407,1
1067,407,1
1068,408,1
1069,408,1
1070,408,1
1071,408,1
1072,408,1
1073,409,1
1074,409,1
1075,409,1
1076,409,1
1077,409,1
1078,409,1
1079,408,1
1080,408,1
1081,408,1
1082,408,1
1083,408,1
1084,408,1
1085,407,1
1086,407,1
1087,407,1
1088,407,1
1089,406,1
1090,406,1
1091,406,1
1092,405,1
1093,405,1
1094,404,1
1095,404,1
1096,404,1
1097,403,1
1098,403,1
1099,403,1
1099,402,1
1100,402,1
1101,401,1
1102,401,1
1103,400,1
1104,399,1
1105,399,1
1106,398,1
1107,398,1
1107,397,1
1108,397,1
1109,396,1
1110,396,1
1110,395,1
1111,394,1
1112,394,1
1113,393,1
1109,369,0
1109,337,1
1109,338,1
1109,339,1
1109,340,1
1109,341,1
1109,342,1
1110,343,1
1110,344,1
1110,345,1
1110,346,1
1110,347,1
1110,348,1
1111,349,1
1111,350,1
1111,351,1
1111,352,1
1111,353,1
1111,354,1
1112,355,1
1112,356,1
1112,357,1
1112,358,1
1112,359,1
1113,360,1
1113,361,1
1113,362,1
1113,363,1
1114,364,1
1114,365,1
1114,366,1
1114,367,1
1115,368,1
1115,369,1
1115,370,1
1115,371,1
1115,372,1
1116,373,1
1116,374,1
1116,375,1
1116,376,1
1117,376,1
1117,377,1
1117,378,1
1117,379,1
1118,380,1
1118,381,1
1118,382,1
1119,382,1
1119,383,1
1120,383,1
1120,382,1
1120,381,1
840,348,0
556,313,1
557,313,1
558,313,1
559,313,1
560,313,1
561,314,1
562,314,1
563,314,1
564,314,1
565,314,1
566,314,1
567,314,1
568,314,1
569,314,1
570,314,1
571,314,1
572,314,1
573,314,1
574,314,1
575,314,1
576,314,1
577,314,1
578,314,1
579,314,1
580,314,1
581,314,1
582,314,1
583,314,1
584,314,1
585,314,1
586,314,1
587,314,1
588,314,1
589,314,1
590,314,1
591,314,1
592,314,1
593,313,1
594,313,1
595,313,1
596,313,1
597,313,1
598,313,1
599,313,1
600,313,1
601,313,1
602,313,1
603,313,1
604,313,1
605,313,1
606,313,1
607,313,1
608,313,1
609,313,1
610,313,1
611,313,1
612,313,1
613,313,1
614,313,1
615,313,1
616,312,1
617,312,1
618,312,1
619,312,1
620,312,1
621,312,1
622,312,1
623,312,1
624,312,1
625,312,1
626,311,1
627,311,1
628,311,1
629,311,1
630,311,1
631,311,1
632,311,1
633,311,1
634,311,1
635,311,1
636,311,1
637,311,1
638,311,1
639,311,1
640,311,1
641,311,1
642,311,1
643,311,1
644,311,1
645,311,1
646,311,1
647,311,1
648,311,1
649,311,1
650,311,1
651,311,1
652,311,1
653,311,1
654,311,1
655,311,1
656,311,1
657,311,1
658,311,1
659,311,1
660,311,1
661,311,1
662,311,1
663,311,1
664,310,1
665,310,1
666,310,1
667,310,1
668,310,1
669,310,1
670,310,1
671,310,1
672,310,1
673,310,1
674,310,1
675,310,1
676,310,1
677,310,1
678,310,1
679,310,1
680,310,1
681,310,1
682,310,1
683,310,1
684,310,1
685,310,1
686,310,1
687,310,1
688,310,1
689,310,1
690,310,1
691,310,1
692,310,1
693,310,1
694,310,1
695,310,1
696,310,1
697,310,1
698,310,1
699,310,1
700,309,1
701,309,1
702,309,1
703,309,1
704,309,1
705,309,1
706,309,1
707,309,1
708,309,1
709,309,1
710,309,1
711,309,1
712,309,1
713,309,1
714,309,1
715,309,1
716,309,1
717,309,1
718,309,1
719,309,1
720,309,1
721,309,1
722,309,1
723,309,1
724,309,1
725,309,1
726,309,1
727,309,1
728,309,1
729,308,1
730,308,1
731,308,1
732,308,1
733,308,1
734,308,1
735,308,1
736,308,1
737,308,1
738,308,1
739,307,1
740,307,1
741,307,1
742,307,1
743,307,1
744,307,1
745,307,1
746,307,1
747,307,1
748,307,1
749,307,1
750,307,1
751,307,1
752,307,1
753,307,1
754,306,1
755,306,1
756,306,1
757,306,1
758,306,1
759,306,1
760,306,1
761,306,1
762,306,1
763,306,1
764,306,1
765,306,1
766,306,1
767,305,1
768,305,1
769,305,1
770,305,1
771,305,1
772,305,1
773,305,1
774,305,1
775,305,1
776,305,1
777,305,1
778,304,1
779,304,1
780,304,1
781,304,1
782,304,1
783,304,1
784,304,1
785,304,1
786,304,1
787,304,1
788,304,1
789,304,1
790,304,1
791,304,1
792,304,1
793,304,1
794,303,1
795,303,1
796,303,1
797,303,1
798,303,1
799,303,1
800,303,1
801,303,1
802,303,1
803,303,1
804,303,1
805,303,1
806,303,1
807,303,1
808,303,1
809,303,1
810,303,1
811,303,1
812,303,1
813,303,1
814,303,1
815,303,1
816,303,1
817,303,1
818,303,1
819,302,1
820,302,1
821,302,1
822,302,1
823,302,1
824,302,1
825,302,1
826,302,1
827,302,1
828,302,1
829,301,1
830,301,1
831,301,1
832,301,1
833,301,1
834,301,1
835,301,1
836,301,1
837,301,1
838,301,1
839,301,1
840,301,1
841,301,1
842,301,1
843,301,1
844,301,1
845,301,1
846,301,1
847,301,1
848,301,1
849,301,1
850,301,1
851,301,1
852,301,1
853,301,1
854,301,1
855,301,1
856,301,1
857,301,1
858,301,1
859,300,1
860,300,1
861,300,1
862,300,1
863,300,1
864,300,1
865,300,1
866,300,1
867,300,1
868,300,1
869,300,1
870,300,1
871,300,1
872,300,1
873,300,1
874,300,1
875,300,1
876,300,1
877,300,1
878,300,1
879,300,1
880,300,1
881,299,1
882,299,1
883,299,1
884,299,1
885,299,1
886,299,1
887,299,1
888,299,1
889,299,1
890,299,1
891,299,1
892,299,1
893,299,1
894,299,1
895,299,1
896,299,1
897,299,1
898,299,1
899,299,1
900,299,1
901,299,1
902,299,1
903,298,1
904,298,1
905,298,1
906,298,1
907,298,1
908,298,1
909,298,1
910,298,1
911,298,1
912,298,1
913,298,1
914,297,1
915,297,1
916,297,1
917,297,1
918,297,1
919,297,1
920,297,1
921,297,1
922,297,1
923,297,1
924,297,1
925,297,1
926,297,1
927,297,1
928,297,1
929,297,1
930,297,1
931,297,1
932,297,1
933,297,1
934,297,1
935,297,1
936,297,1
937,296,1
938,296,1
939,296,1
940,296,1
941,296,1
942,296,1
943,296,1
944,296,1
945,296,1
946,296,1
947,296,1
948,296,1
949,296,1
950,296,1
951,296,1
952,296,1
953,296,1
954,296,1
955,296,1
956,295,1
957,295,1
958,295,1
959,295,1
960,295,1
961,295,1
962,295,1
963,295,1
964,295,1
965,295,1
966,294,1
967,294,1
968,294,1
969,294,1
970,294,1
971,294,1
972,294,1
973,294,1
974,294,1
975,294,1
976,294,1
977,294,1
978,294,1
979,294,1
980,294,1
981,294,1
982,294,1
983,293,1
984,293,1
985,293,1
986,293,1
987,293,1
988,293,1
989,293,1
990,293,1
991,293,1
992,293,1
993,293,1
994,293,1
995,293,1
996,293,1
997,293,1
998,293,1
999,292,1
1000,292,1
1001,292,1
1002,292,1
1003,292,1
1004,292,1
1005,292,1
1006,292,1
1007,292,1
1008,292,1
1009,291,1
1010,291,1
1011,291,1
1012,291,1
1013,291,1
1014,291,1
1015,291,1
1016,291,1
1017,291,1
1018,291,1
1019,291,1
1020,291,1
1021,291,1
1022,291,1
1023,291,1
1024,291,1
1025,291,1
1026,291,1
1027,291,1
1028,291,1
1029,291,1
1030,291,1
1031,291,1
1032,291,1
1033,291,1
1034,291,1
1035,291,1
1036,291,1
1037,291,1
1038,291,1
1039,291,1
1040,291,1
1041,291,1
1042,291,1
1043,291,1
1044,291,1
1045,291,1
1046,291,1
1047,291,1
1048,291,1
1049,291,1
1050,291,1
1051,291,1
1052,291,1
1053,291,1
1054,291,1
1055,291,1
1056,291,1
1057,291,1
1058,291,1
1059,291,1
1060,291,1
1061,291,1
1062,291,1
1063,291,1
1064,291,1
1065,291,1
1066,291,1
1067,291,1
1068,291,1
1069,291,1
1070,291,1
1071,291,1
1072,291,1
1073,291,1
1074,290,1
1075,290,1
1076,290,1
1077,290,1
1078,290,1
1079,290,1
1080,290,1
1081,290,1
1082,290,1
1083,290,1
1084,290,1
1085,290,1
1086,290,1
1087,290,1
1088,290,1
1089,290,1
1090,290,1
1091,290,1
1092,290,1
1093,290,1
1094,290,1
1095,290,1
1096,290,1
1097,290,1
1098,290,1
1099,290,1
1100,290,1
1101,290,1
1102,290,1
1103,290,1
1104,290,1
1105,290,1
1106,290,1
1107,290,1
1108,290,1
1109,290,1
1110,290,1
1111,290,1
1112,290,1
1113,290,1
1114,290,1
1115,290,1
1116,290,1
1117,290,1
1118,290,1
1119,290,1
1120,290,1
1121,290,1
1122,290,1
1123,290,1
1124,290,1
1125,290,1
1126,290,1
1127,290,1
1128,290,1
1129,290,1
1130,290,1
1131,290,1
1131,290,0
