1078,974,1
1127,964,1
1128,964,1
1129,964,1
1130,964,1
1131,964,1
1132,965,1
1133,965,1
1134,965,1
1135,965,1
1136,965,1
1137,966,1
1138,966,1
1139,966,1
1140,966,1
1140,967,1
1141,967,1
1142,967,1
1143,968,1
1144,968,1
1145,968,1
1146,968,1
1147,969,1
1148,969,1
1149,970,1
1150,970,1
1151,970,1
1151,971,1
1152,971,1
1153,971,1
1154,972,1
1155,972,1
1156,972,1
1157,973,1
1158,974,1
1159,974,1
1160,975,1
1161,975,1
1162,976,1
1163,976,1
1164,977,1
1165,977,1
1165,978,1
1166,978,1
1167,979,1
1168,979,1
1168,980,1
1169,981,1
1170,981,1
1171,982,1
1172,983,1
1173,983,1
1174,984,1
1175,984,1
1176,985,1
1177,985,1
1178,985,1
1178,986,1
1179,986,1
1180,987,1
1181,987,1
1182,987,1
1182,988,1
1183,988,1
1184,989,1
1185,989,1
1186,990,1
1187,990,1
1188,991,1
1189,992,1
1190,992,1
1191,993,1
1192,994,1
1193,994,1
1194,995,1
1195,996,1
1196,996,1
1196,997,1
1197,997,1
1198,998,1
1199,999,1
1200,999,1
1201,1000,1
1201,1001,1
1202,1001,1
1203,1002,1
1204,1003,1
1205,1003,1
1205,1004,1
1206,1005,1
1207,1005,1
1207,1006,1
1208,1006,1
1209,1007,1
1209,1008,1
1210,1008,1
1210,1009,1
1211,1010,1
1212,1010,1
1212,1011,1
1213,1012,1
1214,1012,1
1214,1013,1
1215,1014,1
1216,1015,1
1217,1016,1
1218,1017,1
1218,1018,1
1219,1019,1
1220,1020,1
1220,1021,1
1221,1021,1
1222,1022,1
1222,1023,1
1223,1024,1
1224,1025,1
1224,1026,1
1225,1027,1
1226,1028,1
1226,1029,1
1227,1030,1
1228,1031,1
1228,1032,1
1228,1033,1
1229,1033,1
1229,1034,1
1230,1035,1
1230,1036,1
1231,1037,1
1231,1038,1
1232,1039,1
1232,1040,1
1233,1040,1
1233,1041,1
1233,1042,1
1234,1043,1
1234,1044,1
1235,1044,1
1235,1045,1
1235,1046,1
1236,1047,1
1236,1048,1
1237,1049,1
1237,1050,1
1237,1051,1
1238,1052,1
1238,1053,1
1239,1054,1
1239,1055,1
1239,1056,1
1247,1106,1
1247,1107,1
1247,1108,1
1247,1109,1
1247,1110,1
1247,1111,1
1247,1112,1
1247,1113,1
1247,1114,1
1247,1115,1
1247,1116,1
1247,1117,1
1247,1118,1
1247,1119,1
1247,1120,1
1247,1121,1
1247,1122,1
1247,1123,1
1246,1124,1
1246,1125,1
1246,1126,1
1246,1127,1
1246,1128,1
1246,1129,1
1246,1130,1
1246,1131,1
1246,1132,1
1245,1132,1
1245,1133,1
1245,1134,1
1245,1135,1
1245,1136,1
1245,1137,1
1244,1138,1
1244,1139,1
1244,1140,1
1244,1141,1
1244,1142,1
1243,1143,1
1243,1144,1
1243,1145,1
1243,1146,1
1243,1147,1
1242,1148,1
1242,1149,1
1242,1150,1
1242,1151,1
1242,1152,1
1241,1152,1
1241,1153,1
1241,1154,1
1241,1155,1
1240,1156,1
1240,1157,1
1240,1158,1
1240,1159,1
1239,1160,1
1239,1161,1
1239,1162,1
1238,1163,1
1238,1164,1
1238,1165,1
1237,1166,1
1237,1167,1
1237,1168,1
1237,1169,1
1236,1169,1
1236,1170,1
1236,1171,1
1235,1172,1
1235,1173,1
1235,1174,1
1234,1175,1
1234,1176,1
1234,1177,1
1233,1177,1
1233,1178,1
1233,1179,1
1232,1180,1
1232,1181,1
1231,1182,1
1231,1183,1
1231,1184,1
1230,1185,1
1230,1186,1
1229,1187,1
1229,1188,1
1228,1189,1
1228,1190,1
1228,1191,1
1227,1192,1
1226,1193,1
1226,1194,1
1225,1195,1
1225,1196,1
1225,1197,1
1224,1198,1
1223,1199,1
1223,1200,1
1222,1201,1
1222,1202,1
1222,1203,1
1221,1204,1
1220,1205,1
1220,1206,1
1219,1207,1
1219,1208,1
1218,1209,1
1217,1210,1
1217,1211,1
1216,1212,1
1216,1213,1
1215,1214,1
1214,1215,1
1214,1216,1
1213,1217,1
1213,1218,1
1212,1219,1
1211,1220,1
1211,1221,1
1210,1222,1
1209,1223,1
1209,1224,1
1208,1224,1
1208,1225,1
1207,1226,1
1207,1227,1
1206,1228,1
1205,1229,1
1205,1230,1
1204,1231,1
1203,1232,1
1202,1233,1
1202,1234,1
1201,1235,1
1201,1236,1
1200,1236,1
1199,1237,1
1199,1238,1
1198,1239,1
1198,1240,1
1197,1240,1
1197,1241,1
1196,1242,1
1195,1243,1
1195,1244,1
1194,1244,1
1193,1245,1
1193,1246,1
1192,1247,1
1191,1248,1
1190,1249,1
1190,1250,1
1189,1250,1
1188,1251,1
1188,1252,1
1187,1253,1
1186,1253,1
1186,1254,1
1185,1255,1
1185,1256,1
1184,1256,1
1183,1257,1
1183,1258,1
1182,1258,1
1181,1259,1
1181,1260,1
1180,1261,1
1179,1261,1
1179,1262,1
1178,1263,1
1177,1264,1
1176,1264,1
1176,1265,1
1175,1266,1
1174,1266,1
1174,1267,1
1173,1268,1
1172,1269,1
1171,1270,1
1170,1271,1
1169,1271,1
1169,1272,1
1168,1273,1
1167,1273,1
1167,1274,1
1166,1275,1
1165,1275,1
1164,1276,1
1164,1277,1
1163,1277,1
1162,1278,1
1161,1279,1
1160,1280,1
1159,1281,1
1158,1281,1
1158,1282,1
1157,1283,1
1156,1283,1
1155,1284,1
1154,1285,1
1153,1286,1
1152,1286,1
1151,1287,1
1151,1288,1
1150,1288,1
1149,1289,1
1148,1289,1
1148,1290,1
1147,1291,1
1146,1291,1
1145,1292,1
1144,1292,1
1144,1293,1
1143,1294,1
1142,1294,1
1141,1295,1
1140,1295,1
1140,1296,1
1139,1297,1
1138,1297,1
1137,1298,1
1136,1298,1
1135,1299,1
1134,1300,1
1133,1300,1
1132,1301,1
1131,1302,1
1130,1302,1
1130,1303,1
1129,1303,1
1128,1304,1
1127,1304,1
1126,1305,1
1125,1305,1
1125,1306,1
1124,1306,1
1123,1307,1
1122,1307,1
1121,1308,1
1120,1308,1
1119,1309,1
1118,1310,1
1117,1310,1
1116,1311,1
1115,1311,1
1114,1311,1
1113,1312,1
1112,1312,1
1112,1313,1
1111,1313,1
1110,1314,1
1109,1314,1
1108,1315,1
1107,1315,1
1106,1315,1
1105,1316,1
1104,1316,1
1104,1317,1
1103,1317,1
1102,1317,1
1101,1318,1
1100,1318,1
1099,1319,1
1098,1319,1
1097,1319,1
1096,1320,1
1095,1320,1
1094,1321,1
1093,1321,1
1092,1321,1
1091,1322,1
1090,1322,1
1089,1322,1
1088,1323,1
1087,1323,1
1086,1323,1
1085,1324,1
1084,1324,1
1083,1324,1
1082,1325,1
1081,1325,1
1080,1325,1
1079,1325,1
1078,1326,1
1077,1326,1
1076,1326,1
1075,1326,1
1075,1327,1
1074,1327,1
1073,1327,1
1072,1327,1
1071,1327,1
1070,1328,1
1069,1328,1
1068,1328,1
1067,1328,1
1066,1328,1
1065,1328,1
1065,1329,1
1064,1329,1
1063,1329,1
1062,1329,1
1061,1329,1
1060,1329,1
1059,1329,1
1058,1329,1
1057,1330,1
1056,1330,1
1055,1330,1
1054,1330,1
1053,1330,1
1052,1330,1
1051,1330,1
1050,1330,1
1049,1330,1
1048,1330,1
1047,1330,1
1046,1330,1
1045,1330,1
1044,1330,1
1043,1330,1
1042,1330,1
1041,1330,1
1040,1330,1
1039,1330,1
1038,1330,1
1037,1330,1
1036,1330,1
1035,1330,1
1034,1330,1
1033,1330,1
1032,1330,1
1032,1329,1
1031,1329,1
1030,1329,1
1029,1329,1
1028,1329,1
1027,1329,1
1026,1328,1
1025,1328,1
1024,1328,1
1023,1328,1
1022,1328,1
1021,1327,1
1020,1327,1
1019,1327,1
1018,1327,1
1017,1326,1
1016,1326,1
1015,1326,1
1014,1325,1
1013,1325,1
1012,1324,1
1011,1324,1
1010,1323,1
1009,1323,1
1008,1322,1
1007,1322,1
1006,1321,1
1005,1321,1
1004,1320,1
1003,1320,1
1002,1319,1
1001,1318,1
1000,1318,1
1000,1317,1
999,1317,1
998,1316,1
997,1316,1
997,1315,1
996,1315,1
996,1314,1
995,1314,1
995,1313,1
994,1313,1
994,1312,1
993,1312,1
992,1311,1
991,1310,1
991,1309,1
990,1309,1
990,1308,1
989,1308,1
989,1307,1
988,1307,1
988,1306,1
987,1305,1
987,1304,1
986,1304,1
986,1303,1
985,1302,1
985,1301,1
984,1301,1
984,1300,1
983,1299,1
983,1298,1
982,1297,1
982,1296,1
982,1295,1
981,1294,1
981,1293,1
981,1292,1
980,1291,1
980,1290,1
980,1289,1
980,1288,1
980,1287,1
980,1286,1
980,1285,1
980,1284,1
980,1283,1
980,1282,1
980,1281,1
980,1280,1
980,1279,1
980,1278,1
980,1277,1
981,1277,1
981,1276,1
981,1275,1
981,1274,1
982,1274,1
982,1273,1
982,1272,1
983,1272,1
983,1271,1
983,1270,1
984,1270,1
984,1269,1
985,1268,1
985,1267,1
986,1267,1
986,1266,1
987,1266,1
987,1265,1
988,1264,1
988,1263,1
989,1263,1
990,1262,1
990,1261,1
991,1261,1
992,1260,1
993,1260,1
993,1259,1
994,1259,1
995,1258,1
996,1258,1
996,1257,1
997,1257,1
998,1256,1
999,1256,1
999,1255,1
1000,1255,1
1001,1254,1
1002,1254,1
1003,1253,1
1004,1253,1
1005,1253,1
1005,1252,1
1006,1252,1
1007,1252,1
1008,1252,1
1009,1251,1
1010,1251,1
1011,1251,1
1012,1251,1
1013,1250,1
1014,1250,1
1015,1250,1
1016,1250,1
1017,1250,1
1018,1250,1
1019,1250,1
1020,1250,1
1021,1250,1
1022,1250,1
1023,1250,1
1024,1250,1
1025,1250,1
1026,1250,1
1027,1250,1
1028,1250,1
1029,1250,1
1030,1250,1
1031,1250,1
1032,1250,1
1033,1250,1
1034,1250,1
1035,1250,1
1035,1251,1
1036,1251,1
1037,1251,1
1038,1251,1
1039,1251,1
1040,1251,1
1041,1252,1
1042,1252,1
1043,1252,1
1044,1252,1
1045,1253,1
1046,1253,1
1047,1253,1
1048,1254,1
1049,1254,1
1050,1254,1
1051,1254,1
1052,1255,1
1053,1255,1
1054,1255,1
1055,1256,1
1056,1256,1
1057,1257,1
1058,1257,1
1059,1257,1
1060,1257,1
1060,1258,1
1061,1258,1
1062,1258,1
1063,1259,1
1064,1259,1
1065,1260,1
1066,1260,1
1067,1261,1
1068,1261,1
1069,1262,1
1070,1262,1
1071,1263,1
1072,1263,1
1073,1264,1
1074,1264,1
1075,1264,1
1075,1265,1
1076,1265,1
1077,1266,1
1078,1266,1
1079,1267,1
1080,1267,1
1080,1268,1
1081,1268,1
1082,1269,1
1083,1269,1
1084,1270,1
1085,1270,1
1085,1271,1
1086,1271,1
1087,1272,1
1088,1272,1
1089,1273,1
1090,1273,1
1090,1274,1
1091,1274,1
1092,1275,1
1093,1275,1
1094,1276,1
1095,1277,1
1096,1277,1
1097,1278,1
1098,1279,1
1099,1280,1
1100,1280,1
1101,1281,1
1102,1282,1
1103,1283,1
1104,1283,1
1105,1284,1
1106,1285,1
1107,1286,1
1108,1286,1
1109,1287,1
1110,1288,1
1111,1289,1
1112,1289,1
1113,1290,1
1113,1291,1
1114,1291,1
1115,1292,1
1116,1293,1
1117,1293,1
1117,1294,1
1118,1295,1
1119,1295,1
1120,1296,1
1120,1297,1
1121,1297,1
1122,1298,1
1123,1299,1
1124,1300,1
1125,1301,1
1126,1301,1
1126,1302,1
1127,1303,1
1128,1303,1
1129,1304,1
1129,1305,1
1130,1305,1
1131,1306,1
1132,1307,1
1133,1307,1
1133,1308,1
1134,1309,1
1135,1310,1
1136,1310,1
1136,1311,1
1137,1312,1
1138,1312,1
1139,1313,1
1139,1314,1
1140,1315,1
1141,1315,1
1142,1316,1
1142,1317,1
1143,1317,1
1144,1318,1
1144,1319,1
1145,1320,1
1146,1320,1
1147,1321,1
1147,1322,1
1148,1322,1
1149,1323,1
1150,1324,1
1150,1325,1
1151,1325,1
1152,1326,1
1153,1327,1
1154,1328,1
1155,1329,1
1156,1330,1
1157,1331,1
1158,1332,1
1159,1333,1
1160,1334,1
1161,1335,1
1162,1336,1
1163,1337,1
1164,1337,1
1164,1338,1
1165,1339,1
1166,1339,1
1167,1340,1
1167,1341,1
1168,1342,1
1169,1342,1
1170,1343,1
1171,1344,1
1171,1345,1
1172,1345,1
1173,1346,1
1174,1347,1
1174,1348,1
1175,1348,1
1176,1349,1
1177,1350,1
1177,1351,1
1178,1351,1
1179,1352,1
1180,1353,1
1181,1354,1
1182,1355,1
1183,1356,1
1184,1357,1
1185,1358,1
1186,1358,1
1186,1359,1
1187,1360,1
1188,1361,1
1189,1361,1
1189,1362,1
1190,1363,1
1191,1363,1
1192,1364,1
1193,1365,1
1194,1366,1
1195,1367,1
1196,1367,1
1196,1368,1
1197,1369,1
1198,1370,1
1199,1370,1
1199,1371,1
1200,1372,1
1201,1372,1
1202,1373,1
1202,1374,1
1203,1374,1
1204,1375,1
1205,1376,1
1206,1377,1
1207,1378,1
1208,1378,1
1209,1379,1
1209,1380,1
1210,1380,1
1211,1381,1
1212,1382,1
1213,1383,1
1214,1384,1
1215,1384,1
1216,1385,1
1216,1386,1
1217,1386,1
1218,1387,1
1219,1388,1
1220,1389,1
1221,1390,1
1222,1390,1
1223,1391,1
1224,1392,1
1225,1393,1
1226,1393,1
1227,1394,1
1227,1395,1
1228,1395,1
1229,1396,1
1230,1396,1
1230,1397,1
1231,1398,1
1232,1398,1
1233,1399,1
1234,1399,1
1234,1400,1
1235,1401,1
1236,1401,1
1237,1402,1
1238,1402,1
1238,1403,1
1239,1404,1
1240,1404,1
1241,1405,1
1242,1405,1
1243,1406,1
1244,1407,1
1245,1407,1
1246,1408,1
1247,1409,1
1248,1410,1
1249,1410,1
1250,1411,1
1251,1411,1
1252,1412,1
1253,1413,1
1254,1413,1
1255,1414,1
1256,1414,1
1257,1415,1
1258,1415,1
1259,1416,1
1260,1416,1
1261,1417,1
1262,1417,1
1263,1418,1
1264,1418,1
1265,1419,1
1266,1419,1
1267,1419,1
1268,1420,1
1269,1421,1
1270,1421,1
1271,1421,1
1272,1422,1
1273,1422,1
1274,1422,1
1274,1423,1
1275,1423,1
1276,1423,1
1277,1423,1
1278,1424,1
1279,1424,1
1280,1424,1
1281,1425,1
1282,1425,1
1283,1425,1
1284,1426,1
1285,1426,1
1285,1427,1
1286,1427,1
1287,1428,1
1288,1428,1
1289,1429,1
1290,1429,1
1290,1430,1
1291,1430,1
1292,1431,1
1293,1431,1
1294,1432,1
1295,1432,1
1296,1432,1
1296,1433,1
1297,1433,1
1298,1434,1
1299,1434,1
1300,1434,1
1301,1435,1
1302,1435,1
1302,1436,1
1303,1436,1
1304,1436,1
1305,1436,1
1306,1437,1
1307,1437,1
1308,1438,1
1309,1438,1
1310,1438,1
1311,1438,1
1312,1439,1
1313,1439,1
1314,1439,1
1315,1440,1
1316,1440,1
1317,1440,1
1318,1440,1
1319,1441,1
1320,1441,1
1321,1441,1
1322,1441,1
1323,1441,1
1324,1442,1
1325,1442,1
1326,1442,1
1327,1442,1
1328,1443,1
1329,1443,1
1330,1443,1
1331,1443,1
1332,1443,1
1333,1443,1
1334,1443,1
1335,1443,1
1336,1443,1
1337,1443,1
1338,1443,1
1339,1443,1
1340,1443,1
1341,1442,1
1342,1442,1
1343,1442,1
1344,1442,1
1345,1442,1
1346,1441,1
1347,1441,1
1348,1441,1
1348,1440,1
1349,1440,1
1350,1439,1
1351,1439,1
1352,1438,1
1353,1438,1
1354,1437,1
1355,1437,1
1356,1436,1
1357,1435,1
1358,1434,1
1359,1433,1
1360,1432,1
1361,1432,1
1361,1431,1
1362,1430,1
1363,1430,1
1363,1429,1
1364,1428,1
1365,1427,1
1366,1426,1
1367,1425,1
1367,1424,1
1368,1424,1
1369,1423,1
1370,1422,1
1399,1281,0
1470,1070,1
1470,1071,1
1470,1072,1
1470,1073,1
1470,1074,1
1470,1075,1
1469,1076,1
1469,1077,1
1468,1078,1
1468,1079,1
1468,1080,1
1467,1081,1
1467,1082,1
1467,1083,1
1467,1084,1
1467,1085,1
1467,1086,1
1467,1087,1
1466,1088,1
1466,1089,1
1466,1090,1
1466,1091,1
1466,1092,1
1466,1093,1
1466,1094,1
1467,1095,1
1467,1096,1
1467,1097,1
1467,1098,1
1467,1099,1
1467,1100,1
1467,1101,1
1467,1102,1
1467,1103,1
1468,1104,1
1468,1105,1
1468,1106,1
1468,1107,1
1468,1108,1
1468,1109,1
1469,1110,1
1469,1111,1
1469,1112,1
1470,1113,1
1470,1114,1
1470,1115,1
1471,1115,1
1471,1116,1
1471,1117,1
1472,1118,1
1472,1119,1
1473,1120,1
1474,1121,1
1474,1122,1
1475,1123,1
1475,1124,1
1476,1125,1
1477,1126,1
1477,1127,1
1478,1128,1
1479,1128,1
1479,1129,1
1480,1130,1
1480,1131,1
1481,1131,1
1481,1132,1
1482,1133,1
1483,1134,1
1484,1135,1
1485,1136,1
1486,1137,1
1487,1138,1
1488,1139,1
1489,1139,1
1489,1140,1
1490,1141,1
1491,1141,1
1491,1142,1
1492,1142,1
1493,1143,1
1494,1143,1
1494,1144,1
1495,1144,1
1496,1145,1
1497,1145,1
1497,1146,1
1498,1146,1
1499,1146,1
1500,1147,1
1501,1147,1
1501,1148,1
1502,1148,1
1503,1148,1
1504,1149,1
1505,1149,1
1506,1149,1
1507,1150,1
1508,1150,1
1508,1151,1
1509,1151,1
1509,1152,1
1510,1152,1
1511,1153,1
1512,1154,1
1513,1155,1
1514,1155,1
1515,1156,1
1516,1156,1
1516,1157,1
1517,1157,1
1518,1158,1
1519,1158,1
1520,1159,1
1521,1159,1
1522,1160,1
1523,1160,1
1523,1161,1
1524,1161,1
1525,1161,1
1525,1162,1
1526,1162,1
1527,1162,1
1528,1162,1
1528,1163,1
1529,1163,1
1530,1163,1
1531,1164,1
1532,1164,1
1533,1164,1
1534,1165,1
1535,1165,1
1536,1165,1
1537,1166,1
1538,1166,1
1539,1166,1
1540,1166,1
1541,1166,1
1541,1167,1
1542,1167,1
1543,1167,1
1544,1167,1
1545,1167,1
1546,1168,1
1547,1168,1
1548,1168,1
1549,1168,1
1550,1168,1
1551,1168,1
1552,1168,1
1553,1168,1
1554,1168,1
1555,1168,1
1556,1168,1
1557,1168,1
1558,1168,1
1559,1168,1
1560,1168,1
1561,1168,1
1562,1168,1
1563,1168,1
1564,1168,1
1565,1168,1
1566,1168,1
1567,1168,1
1568,1168,1
1569,1168,1
1570,1168,1
1571,1167,1
1572,1167,1
1573,1167,1
1574,1167,1
1575,1167,1
1576,1166,1
1577,1166,1
1578,1166,1
1579,1166,1
1580,1165,1
1581,1165,1
1582,1165,1
1583,1165,1
1584,1164,1
1585,1164,1
1586,1164,1
1587,1163,1
1588,1163,1
1589,1163,1
1589,1162,1
1590,1162,1
1591,1162,1
1592,1162,1
1593,1161,1
1594,1161,1
1595,1160,1
1596,1160,1
1597,1159,1
1598,1159,1
1599,1158,1
1600,1158,1
1601,1157,1
1602,1157,1
1603,1157,1
1603,1156,1
1604,1156,1
1605,1155,1
1606,1155,1
1606,1154,1
1607,1154,1
1608,1154,1
1609,1153,1
1610,1152,1
1611,1152,1
1612,1151,1
1613,1150,1
1614,1150,1
1615,1149,1
1616,1148,1
1617,1148,1
1618,1147,1
1619,1146,1
1620,1146,1
1620,1145,1
1621,1145,1
1622,1144,1
1623,1144,1
1623,1143,1
1624,1143,1
1625,1142,1
1626,1142,1
1626,1141,1
1627,1141,1
1628,1140,1
1629,1139,1
1630,1139,1
1630,1138,1
1631,1138,1
1632,1137,1
1633,1137,1
1633,1136,1
1634,1136,1
1635,1135,1
1636,1134,1
1637,1134,1
1637,1133,1
1638,1133,1
1639,1132,1
1640,1131,1
1641,1131,1
1641,1130,1
1642,1130,1
1643,1129,1
1644,1129,1
1645,1128,1
1646,1127,1
1647,1127,1
1647,1126,1
1648,1126,1
1649,1125,1
1650,1125,1
1651,1124,1
1652,1123,1
1653,1123,1
1654,1122,1
1655,1122,1
1656,1121,1
1657,1121,1
1658,1120,1
1659,1120,1
1659,1119,1
1660,1119,1
1661,1119,1
1661,1118,1
1662,1118,1
1663,1117,1
1664,1117,1
1665,1117,1
1666,1116,1
1667,1116,1
1668,1115,1
1669,1115,1
1670,1115,1
1670,1114,1
1671,1114,1
1672,1113,1
1673,1113,1
1674,1113,1
1675,1112,1
1676,1112,1
1677,1112,1
1678,1111,1
1679,1111,1
1680,1111,1
1681,1110,1
1682,1110,1
1683,1110,1
1684,1109,1
1685,1109,1
1686,1109,1
1687,1109,1
1687,1108,1
1688,1108,1
1689,1108,1
1690,1108,1
1691,1108,1
1692,1107,1
1693,1107,1
1694,1107,1
1695,1107,1
1696,1106,1
1697,1106,1
1698,1106,1
1699,1106,1
1700,1106,1
1701,1105,1
1702,1105,1
1703,1105,1
1704,1105,1
1705,1105,1
1706,1105,1
1706,1104,1
1707,1104,1
1708,1104,1
1709,1104,1
1710,1104,1
1711,1104,1
1712,1104,1
1713,1104,1
1714,1104,1
1714,1103,1
1715,1103,1
1716,1103,1
1717,1103,1
1718,1103,1
1719,1103,1
1720,1103,1
1721,1103,1
1722,1103,1
1723,1103,1
1724,1103,1
1725,1103,1
1726,1103,1
1727,1103,1
1728,1103,1
1729,1103,1
1730,1103,1
1731,1102,1
1732,1102,1
1733,1102,1
1734,1102,1
1735,1102,1
1736,1102,1
1737,1102,1
1738,1102,1
1739,1102,1
1740,1102,1
1741,1102,1
1742,1102,1
1743,1102,1
1744,1102,1
1745,1102,1
1746,1102,1
1747,1102,1
1748,1102,1
1749,1102,1
1750,1102,1
1751,1102,1
1752,1102,1
1753,1102,1
1754,1102,1
1755,1102,1
1756,1102,1
1757,1102,1
1758,1102,1
1759,1102,1
1760,1102,1
1761,1102,1
1762,1102,1
1763,1102,1
1764,1102,1
1765,1102,1
1766,1102,1
1767,1102,1
1768,1102,1
1769,1102,1
1770,1101,1
1771,1101,1
1772,1101,1
1773,1101,1
1774,1101,1
1775,1101,1
1776,1101,1
1777,1101,1
1778,1101,1
1779,1101,1
1780,1101,1
1781,1101,1
1782,1100,1
1783,1100,1
1784,1100,1
1785,1100,1
1786,1100,1
1787,1100,1
1787,1099,1
1788,1099,1
1789,1099,1
1790,1099,1
1791,1099,1
1792,1099,1
1793,1098,1
1794,1098,1
1795,1098,1
1796,1098,1
1797,1097,1
1798,1097,1
1799,1097,1
1800,1096,1
1801,1096,1
1802,1096,1
1803,1095,1
1804,1095,1
1805,1095,1
1806,1095,1
1806,1094,1
1807,1094,1
1808,1094,1
1809,1093,1
1810,1093,1
1811,1093,1
1811,1092,1
1812,1092,1
1813,1092,1
1814,1091,1
1815,1091,1
1816,1090,1
1817,1090,1
1818,1089,1
1819,1089,1
1820,1088,1
1821,1088,1
1822,1087,1
1823,1087,1
1824,1086,1
1825,1086,1
1825,1085,1
1826,1085,1
1827,1084,1
1828,1084,1
1829,1084,1
1829,1083,1
1830,1083,1
1831,1082,1
1832,1082,1
1832,1081,1
1833,1081,1
1834,1081,1
1835,1080,1
1836,1079,1
1837,1079,1
1838,1078,1
1839,1078,1
1840,1077,1
1841,1076,1
1842,1076,1
1843,1076,1
1843,1075,1
1844,1075,1
1845,1075,1
1845,1074,1
1846,1074,1
1847,1073,1
1848,1073,1
1849,1072,1
1850,1072,1
1850,1071,1
1851,1071,1
1852,1071,1
1853,1070,1
1854,1070,1
1855,1069,1
1856,1069,1
1857,1069,1
1857,1068,1
1858,1068,1
1859,1067,1
1860,1067,1
1861,1067,1
1861,1066,1
1862,1066,1
1863,1066,1
1864,1065,1
1865,1065,1
1866,1065,1
1866,1064,1
1867,1064,1
1868,1064,1
1869,1064,1
1869,1063,1
1870,1063,1
1871,1063,1
1872,1063,1
1873,1062,1
1874,1062,1
1875,1062,1
1876,1062,1
1877,1062,1
1878,1062,1
1879,1062,1
1880,1062,1
1881,1062,1
1882,1062,1
1882,1063,1
1883,1063,1
1884,1063,1
1885,1064,1
1886,1064,1
1887,1065,1
1888,1065,1
1888,1066,1
1889,1066,1
1889,1067,1
1890,1068,1
1891,1069,1
1891,1070,1
1892,1071,1
1892,1072,1
1893,1073,1
1893,1074,1
1894,1075,1
1894,1076,1
1894,1077,1
1895,1078,1
1895,1079,1
1895,1080,1
1895,1081,1
1896,1082,1
1896,1083,1
1896,1084,1
1896,1085,1
1897,1086,1
1897,1087,1
1897,1088,1
1897,1089,1
1897,1090,1
1897,1091,1
1898,1092,1
1898,1093,1
1898,1094,1
1898,1095,1
1898,1096,1
1898,1097,1
1898,1098,1
1898,1099,1
1899,1100,1
1899,1101,1
1899,1102,1
1899,1103,1
1899,1104,1
1899,1105,1
1899,1106,1
1899,1107,1
1899,1108,1
1899,1109,1
1899,1110,1
1899,1111,1
1899,1112,1
1900,1113,1
1900,1114,1
1900,1115,1
1900,1116,1
1900,1117,1
1900,1118,1
1900,1119,1
1900,1120,1
1900,1121,1
1900,1122,1
1900,1123,1
1900,1124,1
1900,1125,1
1900,1126,1
1900,1127,1
1900,1128,1
1900,1129,1
1900,1130,1
1900,1131,1
1900,1132,1
1900,1133,1
1900,1134,1
1900,1135,1
1900,1136,1
1900,1137,1
1900,1138,1
1900,1139,1
1900,1140,1
1900,1141,1
1900,1142,1
1900,1143,1
1900,1144,1
1900,1145,1
1900,1146,1
1900,1147,1
1900,1148,1
1900,1149,1
1900,1150,1
1900,1151,1
1900,1152,1
1900,1153,1
1900,1154,1
1900,1155,1
1901,1156,1
1901,1157,1
1901,1158,1
1901,1159,1
1901,1160,1
1901,1161,1
1901,1162,1
1901,1163,1
1901,1164,1
1901,1165,1
1901,1166,1
1901,1167,1
1901,1168,1
1901,1169,1
1901,1170,1
1901,1171,1
1901,1172,1
1901,1173,1
1901,1174,1
1901,1175,1
1901,1176,1
1901,1177,1
1901,1178,1
1901,1179,1
1901,1180,1
1901,1181,1
1901,1182,1
1901,1183,1
1901,1184,1
1901,1185,1
1901,1186,1
1901,1187,1
1901,1188,1
1901,1189,1
1902,1190,1
1902,1191,1
1902,1192,1
1902,1193,1
1902,1194,1
1902,1195,1
1902,1196,1
1902,1197,1
1902,1198,1
1902,1199,1
1902,1200,1
1902,1201,1
1902,1202,1
1902,1203,1
1902,1204,1
1902,1205,1
1902,1206,1
1902,1207,1
1902,1208,1
1902,1209,1
1902,1210,1
1903,1211,1
1903,1212,1
1903,1213,1
1903,1214,1
1903,1215,1
1903,1216,1
1903,1217,1
1903,1218,1
1903,1219,1
1903,1220,1
1903,1221,1
1903,1222,1
1903,1223,1
1903,1224,1
1903,1225,1
1903,1226,1
1904,1227,1
1904,1228,1
1904,1229,1
1904,1230,1
1904,1231,1
1904,1232,1
1904,1233,1
1904,1234,1
1904,1235,1
1904,1236,1
1904,1237,1
1905,1238,1
1905,1239,1
1905,1240,1
1905,1241,1
1905,1242,1
1905,1243,1
1905,1244,1
1906,1245,1
1906,1246,1
1906,1247,1
1906,1248,1
1906,1249,1
1906,1250,1
1907,1251,1
1907,1252,1
1907,1253,1
1907,1254,1
1907,1255,1
1908,1256,1
1908,1257,1
1908,1258,1
1908,1259,1
1908,1260,1
1908,1261,1
1908,1262,1
1908,1263,1
1908,1264,1
1908,1265,1
1909,1266,1
1909,1267,1
1909,1268,1
1909,1269,1
1909,1270,1
1909,1271,1
1909,1272,1
1909,1273,1
1909,1274,1
1910,1275,1
1910,1276,1
1910,1277,1
1910,1278,1
1910,1279,1
1910,1280,1
1910,1281,1
1911,1281,1
1911,1282,1
1911,1283,1
1911,1284,1
1911,1285,1
1911,1286,1
1912,1286,1
1912,1287,1
1912,1288,1
1912,1289,1
1912,1290,1
1912,1291,1
1912,1292,1
1913,1293,1
1913,1294,1
1913,1295,1
1913,1296,1
1914,1297,1
1914,1298,1
1914,1299,1
1914,1300,1
1914,1301,1
1915,1301,1
1915,1302,1
1915,1303,1
1916,1304,1
1916,1305,1
1916,1306,1
1917,1307,1
1917,1308,1
1918,1309,1
1919,1310,1
1920,1310,1
1921,1310,1
1921,1309,1
1922,1309,1
1922,1308,1
1923,1307,1
1923,1306,1
1924,1305,1
1925,1304,1
1925,1303,1
1925,1302,1
1926,1301,1
1926,1300,1
1926,1299,1
1927,1298,1
1927,1297,1
1927,1296,1
1927,1295,1
1927,1294,1
1928,1294,1
1928,1293,1
1929,1292,1
1930,1291,1
1980,1169,0
2026,1074,1
2026,1073,1
2026,1072,1
2026,1071,1
2026,1070,1
2026,1069,1
2026,1068,1
2025,1067,1
2025,1066,1
2024,1065,1
2024,1064,1
2024,1063,1
2024,1062,1
2024,1061,1
2024,1060,1
2024,1059,1
2024,1058,1
2025,1057,1
2025,1056,1
2026,1055,1
2026,1054,1
2027,1053,1
2027,1052,1
2028,1051,1
2028,1050,1
2029,1050,1
2029,1049,1
2030,1048,1
2031,1047,1
2032,1047,1
2032,1046,1
2033,1046,1
2034,1045,1
2035,1044,1
2036,1044,1
2036,1043,1
2037,1043,1
2038,1042,1
2039,1042,1
2039,1041,1
2040,1041,1
2041,1041,1
2042,1040,1
2043,1040,1
2043,1039,1
2044,1039,1
2045,1039,1
2046,1038,1
2047,1038,1
2048,1037,1
2049,1037,1
2050,1037,1
2051,1036,1
2052,1036,1
2053,1036,1
2054,1035,1
2055,1035,1
2056,1034,1
2057,1034,1
2058,1034,1
2059,1033,1
2060,1033,1
2061,1033,1
2061,1032,1
2062,1032,1
2063,1032,1
2064,1031,1
2065,1031,1
2066,1031,1
2067,1030,1
2068,1030,1
2069,1030,1
2070,1030,1
2071,1029,1
2072,1029,1
2073,1029,1
2074,1028,1
2075,1028,1
2076,1028,1
2077,1028,1
2078,1027,1
2079,1027,1
2080,1027,1
2081,1027,1
2082,1026,1
2083,1026,1
2084,1026,1
2085,1026,1
2085,1025,1
2086,1025,1
2087,1025,1
2088,1025,1
2089,1025,1
2090,1024,1
2091,1024,1
2092,1024,1
2093,1024,1
2094,1023,1
2095,1023,1
2096,1022,1
2097,1022,1
2098,1022,1
2099,1021,1
2100,1021,1
2101,1021,1
2102,1020,1
2103,1020,1
2104,1020,1
2105,1019,1
2106,1019,1
2107,1019,1
2108,1018,1
2109,1018,1
2110,1018,1
2111,1018,1
2112,1017,1
2113,1017,1
2114,1017,1
2115,1017,1
2116,1016,1
2117,1016,1
2118,1016,1
2119,1016,1
2119,1015,1
2120,1015,1
2121,1015,1
2122,1015,1
2123,1015,1
2124,1014,1
2125,1014,1
2126,1014,1
2127,1014,1
2128,1014,1
2129,1013,1
2130,1013,1
2131,1013,1
2132,1013,1
2133,1013,1
2134,1012,1
2135,1012,1
2136,1012,1
2137,1012,1
2138,1012,1
2139,1012,1
2140,1011,1
2141,1011,1
2142,1011,1
2143,1011,1
2144,1011,1
2145,1011,1
2146,1011,1
2147,1010,1
2148,1010,1
2149,1010,1
2150,1010,1
2151,1010,1
2152,1010,1
2153,1009,1
2154,1009,1
2155,1009,1
2156,1009,1
2157,1009,1
2158,1009,1
2159,1009,1
2160,1008,1
2161,1008,1
2162,1008,1
2163,1008,1
2164,1008,1
2165,1008,1
2166,1008,1
2167,1008,1
2168,1007,1
2169,1007,1
2170,1007,1
2171,1007,1
2172,1007,1
2173,1007,1
2174,1007,1
2175,1007,1
2176,1006,1
2177,1006,1
2178,1006,1
2179,1006,1
2180,1006,1
2181,1006,1
2182,1006,1
2183,1006,1
2184,1005,1
2185,1005,1
2186,1005,1
2187,1005,1
2188,1005,1
2189,1005,1
2190,1005,1
2191,1005,1
2192,1004,1
2193,1004,1
2194,1004,1
2195,1004,1
2196,1004,1
2197,1004,1
2198,1004,1
2199,1004,1
2200,1004,1
2201,1003,1
2202,1003,1
2203,1003,1
2204,1003,1
2205,1003,1
2206,1003,1
2207,1003,1
2208,1003,1
2209,1003,1
2210,1003,1
2211,1003,1
2212,1002,1
2213,1002,1
2214,1002,1
2215,1002,1
2216,1002,1
2217,1002,1
2218,1002,1
2219,1002,1
2220,1002,1
2221,1002,1
2222,1002,1
2223,1002,1
2224,1001,1
2225,1001,1
2226,1001,1
2227,1001,1
2228,1001,1
2229,1001,1
2230,1001,1
2231,1001,1
2232,1001,1
2233,1001,1
2234,1001,1
2235,1000,1
2236,1000,1
2237,1000,1
2238,1000,1
2239,1000,1
2240,1000,1
2241,1000,1
2242,1000,1
2243,1000,1
2244,1000,1
2245,1000,1
2246,1000,1
2247,999,1
2248,999,1
2249,999,1
2250,999,1
2251,999,1
2252,999,1
2253,999,1
2254,999,1
2255,999,1
2256,999,1
2257,999,1
2258,998,1
2259,998,1
2260,998,1
2261,998,1
2262,998,1
2263,998,1
2264,998,1
2265,998,1
2266,998,1
2267,998,1
2268,998,1
2269,998,1
2270,998,1
2271,997,1
2272,997,1
2273,997,1
2274,997,1
2275,997,1
2276,997,1
2277,997,1
2278,997,1
2279,997,1
2280,997,1
2281,997,1
2282,996,1
2283,996,1
2284,996,1
2285,996,1
2286,996,1
2287,996,1
2288,996,1
2289,996,1
2290,996,1
2291,996,1
2292,996,1
2293,996,1
2294,996,1
2295,995,1
2296,995,1
2297,995,1
2298,995,1
2299,995,1
2300,995,1
2301,995,1
2302,995,1
2303,995,1
2304,995,1
2305,995,1
2306,994,1
2307,994,1
2308,994,1
2309,994,1
2310,994,1
2311,994,1
2312,994,1
2313,994,1
2314,994,1
2315,994,1
2316,993,1
2317,993,1
2318,993,1
2319,993,1
2320,993,1
2321,993,1
2322,993,1
2323,993,1
2324,993,1
2325,993,1
2326,993,1
2327,993,1
2328,992,1
2329,992,1
2330,992,1
2331,992,1
2332,992,1
2333,992,1
2334,992,1
2335,992,1
2336,992,1
2337,992,1
2338,991,1
2339,991,1
2340,991,1
2341,991,1
2342,991,1
2343,991,1
2344,991,1
2345,991,1
2346,990,1
2347,990,1
2348,990,1
2349,990,1
2350,990,1
2351,990,1
2352,990,1
2353,990,1
2354,990,1
2355,990,1
2356,989,1
2357,989,1
2358,989,1
2359,989,1
2360,989,1
2361,989,1
2362,989,1
2363,989,1
2364,988,1
2365,988,1
2366,988,1
2367,988,1
2368,988,1
2369,988,1
2370,988,1
2371,987,1
2372,987,1
2373,987,1
2374,987,1
2375,987,1
2376,987,1
2377,987,1
2378,987,1
2379,987,1
2380,987,1
2381,986,1
2382,986,1
2383,986,1
2384,986,1
2385,986,1
2386,986,1
2387,986,1
2388,986,1
2389,985,1
2390,985,1
2391,985,1
2392,985,1
2393,985,1
2394,985,1
2395,985,1
2396,985,1
2397,984,1
2398,984,1
2399,984,1
2400,984,1
2401,984,1
2402,984,1
2403,984,1
2404,984,1
2405,983,1
2406,983,1
2407,983,1
2408,983,1
2409,983,1
2410,983,1
2411,983,1
2412,983,1
2413,982,1
2414,982,1
2415,982,1
2416,982,1
2417,982,1
2418,982,1
2419,982,1
2420,981,1
2421,981,1
2422,981,1
2423,981,1
2424,981,1
2425,981,1
2426,981,1
2427,981,1
2428,981,1
2429,980,1
2430,980,1
2431,980,1
2432,980,1
2433,980,1
2434,980,1
2435,979,1
2436,979,1
2437,979,1
2438,979,1
2439,979,1
2440,978,1
2441,978,1
2442,978,1
2443,978,1
2444,978,1
2445,978,1
2446,977,1
2447,977,1
2448,977,1
2449,976,1
2450,976,1
2451,976,1
2452,976,1
2453,976,1
2454,976,1
2455,976,1
2456,976,1
2457,975,1
2458,975,1
2459,975,1
2460,974,1
2461,974,1
2460,974,1
2459,974,1
2458,974,1
2457,974,1
2469,1022,0
2513,1013,1
2513,1014,1
2513,1015,1
2513,1016,1
2513,1017,1
2513,1018,1
2513,1019,1
2513,1020,1
2513,1021,1
2513,1022,1
2513,1023,1
2513,1024,1
2513,1025,1
2513,1026,1
2513,1027,1
2513,1028,1
2513,1029,1
2513,1030,1
2513,1031,1
2513,1032,1
2513,1033,1
2513,1034,1
2513,1035,1
2513,1036,1
2513,1037,1
2513,1038,1
2513,1039,1
2513,1040,1
2513,1041,1
2513,1042,1
2513,1043,1
2513,1044,1
2513,1045,1
2513,1046,1
2513,1047,1
2513,1048,1
2513,1049,1
2513,1050,1
2513,1051,1
2513,1052,1
2513,1053,1
2513,1054,1
2513,1055,1
2513,1056,1
2513,1057,1
2513,1058,1
2513,1059,1
2513,1060,1
2513,1061,1
2513,1062,1
2513,1063,1
2513,1064,1
2513,1065,1
2513,1066,1
2513,1067,1
2513,1068,1
2513,1069,1
2513,1070,1
2513,1071,1
2513,1072,1
2513,1073,1
2513,1074,1
2513,1075,1
2513,1076,1
2513,1077,1
2513,1078,1
2513,1079,1
2513,1080,1
2513,1081,1
2513,1082,1
2513,1083,1
2513,1084,1
2513,1085,1
2513,1086,1
2513,1087,1
2513,1088,1
2513,1089,1
2513,1090,1
2513,1091,1
2513,1092,1
2513,1093,1
2513,1094,1
2513,1095,1
2513,1096,1
2513,1097,1
2513,1098,1
2513,1099,1
2513,1100,1
2513,1101,1
2513,1102,1
2513,1103,1
2513,1104,1
2513,1105,1
2513,1106,1
2513,1107,1
2513,1108,1
2513,1109,1
2513,1110,1
2513,1111,1
2513,1112,1
2513,1113,1
2513,1114,1
2513,1115,1
2513,1116,1
2513,1117,1
2513,1118,1
2513,1119,1
2513,1120,1
2513,1121,1
2513,1122,1
2513,1123,1
2513,1124,1
2513,1125,1
2513,1126,1
2513,1127,1
2513,1128,1
2513,1129,1
2513,1130,1
2513,1131,1
2513,1132,1
2513,1133,1
2513,1134,1
2513,1135,1
2513,1136,1
2513,1137,1
2513,1138,1
2513,1139,1
2513,1140,1
2513,1141,1
2513,1142,1
2513,1143,1
2513,1144,1
2513,1145,1
2513,1146,1
2513,1147,1
2513,1148,1
2513,1149,1
2513,1150,1
2513,1151,1
2513,1152,1
2513,1153,1
2513,1154,1
2513,1155,1
2513,1156,1
2513,1157,1
2513,1158,1
2512,1158,1
2512,1159,1
2512,1160,1
2512,1161,1
2512,1162,1
2512,1163,1
2512,1164,1
2512,1165,1
2512,1164,1
2512,1163,1
2512,1162,1
2511,1161,1
2511,1160,1
2511,1159,1
2511,1158,1
2510,1157,1
2510,1156,1
2509,1155,1
2509,1154,1
2509,1153,1
2509,1152,1
2502,958,0
2487,826,1
2487,825,1
2487,824,1
2487,823,1
2487,822,1
2487,821,1
2487,820,1
2487,819,1
2487,818,1
2487,817,1
2487,816,1
2487,815,1
2487,814,1
2487,813,1
2487,812,1
2487,811,1
2487,810,1
2487,809,1
2487,808,1
2487,807,1
2487,806,1
2487,805,1
2487,804,1
2487,803,1
2487,802,1
2487,801,1
2487,800,1
2488,799,1
2488,798,1
2488,797,1
2488,796,1
2488,795,1
2488,794,1
2488,793,1
2488,792,1
2488,791,1
2489,790,1
2489,789,1
2489,788,1
2489,787,1
2490,786,1
2490,785,1
2490,784,1
2490,783,1
2490,782,1
2490,781,1
2491,780,1
2491,779,1
2491,778,1
2491,777,1
2491,776,1
2492,775,1
2492,774,1
2492,773,1
2492,772,1
2493,771,1
2493,770,1
2493,769,1
2494,768,1
2494,767,1
2494,766,1
2494,765,1
2494,764,1
2495,763,1
2495,762,1
2495,761,1
2496,760,1
2496,759,1
2496,758,1
2496,757,1
2497,756,1
2497,755,1
2497,754,1
2497,753,1
2498,752,1
2498,751,1
2498,750,1
2499,749,1
2499,748,1
2499,747,1
2500,746,1
2500,745,1
2501,744,1
2501,743,1
2501,742,1
2502,741,1
2502,740,1
2502,739,1
2503,738,1
2503,737,1
2503,736,1
2504,735,1
2504,734,1
2504,733,1
2505,732,1
2505,731,1
2506,730,1
2506,729,1
2506,728,1
2507,727,1
2507,726,1
2507,725,1
2508,724,1
2508,723,1
2508,722,1
2509,721,1
2509,720,1
2509,719,1
2510,718,1
2510,717,1
2510,716,1
2511,715,1
2511,714,1
2511,713,1
2512,712,1
2512,711,1
2512,710,1
2513,709,1
2513,708,1
2513,707,1
2514,706,1
2514,705,1
2515,704,1
2515,703,1
2515,702,1
2516,701,1
2516,700,1
2517,699,1
2517,698,1
2517,697,1
2518,696,1
2518,695,1
2519,694,1
2519,693,1
2519,692,1
2520,691,1
2520,690,1
2521,689,1
2521,688,1
2522,687,1
2522,686,1
2523,685,1
2523,684,1
2523,683,1
2524,682,1
2524,681,1
2525,680,1
2525,679,1
2526,678,1
2526,677,1
2527,676,1
2527,675,1
2528,674,1
2528,673,1
2529,672,1
2529,671,1
2529,670,1
2530,669,1
2530,668,1
2531,667,1
2532,666,1
2532,665,1
2533,664,1
2533,663,1
2534,662,1
2534,661,1
2535,660,1
2536,659,1
2536,658,1
2537,657,1
2537,656,1
2538,655,1
2538,654,1
2539,653,1
2539,652,1
2540,652,1
2540,651,1
2541,650,1
2541,649,1
2542,648,1
2542,647,1
2543,646,1
2544,645,1
2544,644,1
2545,643,1
2545,642,1
2546,641,1
2547,640,1
2547,639,1
2548,638,1
2549,637,1
2549,636,1
2550,636,1
2550,635,1
2551,634,1
2551,633,1
2552,632,1
2553,631,1
2554,630,1
2554,629,1
2555,628,1
2556,627,1
2557,626,1
2557,625,1
2558,624,1
2559,623,1
2560,622,1
2560,621,1
2561,621,1
2561,620,1
2562,619,1
2563,618,1
2564,617,1
2565,616,1
2565,615,1
2566,615,1
2566,614,1
2567,613,1
2568,613,1
2568,612,1
2569,611,1
2570,610,1
2571,609,1
2572,608,1
2573,607,1
2574,606,1
2575,605,1
2576,604,1
2577,603,1
2578,602,1
2579,601,1
2580,601,1
2580,600,1
2581,599,1
2582,599,1
2583,598,1
2584,597,1
2585,596,1
2586,595,1
2587,595,1
2587,594,1
2588,594,1
2589,593,1
2590,593,1
2590,592,1
2591,592,1
2592,591,1
2593,591,1
2593,590,1
2594,590,1
2595,589,1
2596,588,1
2597,588,1
2598,587,1
2599,586,1
2600,586,1
2601,585,1
2602,585,1
2603,584,1
2604,584,1
2604,583,1
2605,583,1
2606,583,1
2607,582,1
2608,582,1
2609,581,1
2610,581,1
2611,580,1
2612,580,1
2613,580,1
2613,579,1
2614,579,1
2615,579,1
2616,579,1
2617,578,1
2618,578,1
2619,578,1
2620,577,1
2621,577,1
2622,577,1
2623,577,1
2623,576,1
2624,576,1
2625,576,1
2626,576,1
2627,576,1
2628,575,1
2629,575,1
2630,575,1
2631,575,1
2632,575,1
2633,575,1
2634,575,1
2635,575,1
2636,575,1
2637,574,1
2638,574,1
2639,574,1
2640,574,1
2641,574,1
2642,574,1
2643,574,1
2644,574,1
2645,574,1
2646,574,1
2647,574,1
2648,574,1
2649,575,1
2650,575,1
2651,575,1
2652,575,1
2653,575,1
2654,575,1
2655,575,1
2656,576,1
2657,576,1
2658,576,1
2659,576,1
2660,576,1
2660,577,1
2661,577,1
2662,577,1
2663,577,1
2663,578,1
2664,578,1
2665,578,1
2666,578,1
2667,579,1
2668,579,1
2669,580,1
2670,580,1
2671,581,1
2672,581,1
2673,582,1
2674,582,1
2675,582,1
2675,583,1
2676,583,1
2677,583,1
2677,584,1
2678,584,1
2679,585,1
2680,585,1
2681,586,1
2682,587,1
2683,587,1
2683,588,1
2684,588,1
2685,588,1
2685,589,1
2686,589,1
2687,590,1
2688,591,1
2689,592,1
2690,592,1
2690,593,1
2691,593,1
2692,594,1
2692,595,1
2693,595,1
2693,596,1
2694,596,1
2695,597,1
2696,598,1
2696,599,1
2697,599,1
2698,600,1
2699,601,1
2699,602,1
2700,602,1
2700,603,1
2701,604,1
2702,604,1
2702,605,1
2703,606,1
2704,607,1
2704,608,1
2705,608,1
2705,609,1
2706,610,1
2707,611,1
2707,612,1
2708,612,1
2708,613,1
2709,614,1
2709,615,1
2710,615,1
2710,616,1
2711,617,1
2711,618,1
2712,618,1
2712,619,1
2713,620,1
2713,621,1
2714,621,1
2714,622,1
2715,623,1
2715,624,1
2716,625,1
2717,626,1
2717,627,1
2717,628,1
2718,629,1
2719,630,1
2719,631,1
2720,632,1
2720,633,1
2720,634,1
2721,634,1
2721,635,1
2722,636,1
2722,637,1
2722,638,1
2723,639,1
2723,640,1
2724,640,1
2724,641,1
2724,642,1
2725,643,1
2725,644,1
2725,645,1
2726,646,1
2726,647,1
2727,648,1
2727,649,1
2727,650,1
2728,651,1
2728,652,1
2728,653,1
2729,654,1
2729,655,1
2729,656,1
2730,656,1
2730,657,1
2730,658,1
2731,659,1
2731,660,1
2731,661,1
2731,662,1
2732,663,1
2732,664,1
2732,665,1
2733,666,1
2733,667,1
2733,668,1
2734,669,1
2734,670,1
2734,671,1
2734,672,1
2735,673,1
2735,674,1
2735,675,1
2735,676,1
2736,677,1
2736,678,1
2736,679,1
2736,680,1
2737,681,1
2737,682,1
2737,683,1
2737,684,1
2738,685,1
2738,686,1
2738,687,1
2738,688,1
2739,689,1
2739,690,1
2739,691,1
2739,692,1
2739,693,1
2740,694,1
2740,695,1
2740,696,1
2740,697,1
2740,698,1
2741,699,1
2741,700,1
2741,701,1
2741,702,1
2741,703,1
2742,704,1
2742,705,1
2742,706,1
2742,707,1
2742,708,1
2742,709,1
2743,710,1
2743,711,1
2743,712,1
2743,713,1
2743,714,1
2743,715,1
2744,716,1
2744,717,1
2744,718,1
2744,719,1
2744,720,1
2744,721,1
2744,722,1
2745,723,1
2745,724,1
2745,725,1
2745,726,1
2745,727,1
2745,728,1
2745,729,1
2745,730,1
2746,731,1
2746,732,1
2746,733,1
2746,734,1
2746,735,1
2746,736,1
2746,737,1
2746,738,1
2746,739,1
2747,740,1
2747,741,1
2747,742,1
2747,743,1
2747,744,1
2747,745,1
2747,746,1
2747,747,1
2747,748,1
2748,749,1
2748,750,1
2748,751,1
2748,752,1
2748,753,1
2748,754,1
2748,755,1
2748,756,1
2748,757,1
2748,758,1
2748,759,1
2748,760,1
2749,761,1
2749,762,1
2749,763,1
2749,764,1
2749,765,1
2749,766,1
2749,767,1
2749,768,1
2749,769,1
2749,770,1
2749,771,1
2749,772,1
2749,773,1
2749,774,1
2749,775,1
2750,776,1
2750,777,1
2750,778,1
2750,779,1
2750,780,1
2750,781,1
2750,782,1
2750,783,1
2750,784,1
2750,785,1
2750,786,1
2750,787,1
2750,788,1
2750,789,1
2750,790,1
2750,791,1
2750,792,1
2750,793,1
2750,794,1
2751,795,1
2751,796,1
2751,797,1
2751,798,1
2751,799,1
2751,800,1
2751,801,1
2751,802,1
2751,803,1
2751,804,1
2751,805,1
2751,806,1
2751,807,1
2751,808,1
2751,809,1
2751,810,1
2751,811,1
2751,812,1
2751,813,1
2751,814,1
2751,815,1
2751,816,1
2751,817,1
2751,818,1
2751,819,1
2751,820,1
2751,821,1
2751,822,1
2751,823,1
2751,824,1
2751,825,1
2751,826,1
2751,827,1
2752,828,1
2752,829,1
2752,830,1
2752,831,1
2752,832,1
2752,833,1
2752,834,1
2752,835,1
2752,836,1
2752,837,1
2752,838,1
2752,839,1
2752,840,1
2752,841,1
2752,842,1
2752,843,1
2752,844,1
2752,845,1
2752,846,1
2752,847,1
2752,848,1
2752,849,1
2752,850,1
2752,851,1
2752,852,1
2752,853,1
2752,854,1
2752,855,1
2752,856,1
2752,857,1
2752,858,1
2752,859,1
2752,860,1
2752,861,1
2752,862,1
2752,863,1
2752,864,1
2752,865,1
2752,866,1
2752,867,1
2752,868,1
2752,869,1
2752,870,1
2752,871,1
2752,872,1
2752,873,1
2752,874,1
2752,875,1
2752,876,1
2752,877,1
2752,878,1
2752,879,1
2752,880,1
2752,881,1
2752,882,1
2752,883,1
2752,884,1
2752,885,1
2752,886,1
2752,887,1
2752,888,1
2752,889,1
2752,890,1
2752,891,1
2752,892,1
2752,893,1
2752,894,1
2752,895,1
2752,896,1
2752,897,1
2752,898,1
2752,899,1
2752,900,1
2752,901,1
2752,902,1
2752,903,1
2752,904,1
2752,905,1
2752,906,1
2752,907,1
2752,908,1
2752,909,1
2752,910,1
2752,911,1
2752,912,1
2752,913,1
2752,914,1
2752,915,1
2752,916,1
2752,917,1
2752,918,1
2752,919,1
2752,920,1
2752,921,1
2752,922,1
2752,923,1
2752,924,1
2752,925,1
2752,926,1
2752,927,1
2752,928,1
2752,929,1
2752,930,1
2752,931,1
2752,932,1
2752,933,1
2752,934,1
2752,935,1
2752,936,1
2752,937,1
2752,938,1
2752,939,1
2752,940,1
2752,941,1
2752,942,1
2752,943,1
2752,944,1
2752,945,1
2752,946,1
2752,947,1
2752,948,1
2752,949,1
2752,950,1
2752,951,1
2752,952,1
2752,953,1
2752,954,1
2752,955,1
2752,956,1
2752,957,1
2752,958,1
2752,959,1
2752,960,1
2752,961,1
2752,962,1
2752,963,1
2752,964,1
2752,965,1
2752,966,1
2752,967,1
2752,968,1
2752,969,1
2752,970,1
2752,971,1
2752,972,1
2752,973,1
2752,974,1
2752,975,1
2752,976,1
2752,977,1
2752,978,1
2752,979,1
2752,980,1
2752,981,1
2752,982,1
2752,983,1
2752,984,1
2752,985,1
2752,986,1
2752,987,1
2752,988,1
2752,989,1
2752,990,1
2752,991,1
2752,992,1
2752,993,1
2752,994,1
2752,995,1
2752,996,1
2752,997,1
2752,998,1
2752,999,1
2752,1000,1
2752,1001,1
2752,1002,1
2752,1003,1
2752,1004,1
2752,1005,1
2752,1006,1
2752,1007,1
2752,1008,1
2752,1009,1
2752,1010,1
2752,1011,1
2752,1012,1
2752,1013,1
2752,1014,1
2752,1015,1
2752,1016,1
2752,1017,1
2752,1018,1
2752,1019,1
2752,1020,1
2752,1021,1
2752,1022,1
2752,1023,1
2752,1024,1
2752,1025,1
2752,1026,1
2752,1027,1
2752,1028,1
2752,1029,1
2752,1030,1
2752,1031,1
2752,1032,1
2752,1033,1
2752,1034,1
2752,1035,1
2752,1036,1
2752,1037,1
2752,1038,1
2752,1039,1
2752,1040,1
2752,1041,1
2752,1042,1
2752,1043,1
2752,1044,1
2752,1045,1
2752,1046,1
2752,1047,1
2752,1048,1
2752,1049,1
2752,1050,1
2751,1051,1
2751,1052,1
2751,1053,1
2751,1054,1
2751,1055,1
2751,1056,1
2751,1057,1
2751,1058,1
2751,1059,1
2751,1060,1
2751,1061,1
2751,1062,1
2751,1063,1
2751,1064,1
2751,1065,1
2751,1066,1
2751,1067,1
2751,1068,1
2751,1069,1
2751,1070,1
2751,1071,1
2751,1072,1
2751,1073,1
2751,1074,1
2751,1075,1
2751,1076,1
2751,1077,1
2751,1078,1
2751,1079,1
2751,1080,1
2751,1081,1
2751,1082,1
2751,1083,1
2751,1084,1
2751,1085,1
2751,1086,1
2751,1087,1
2751,1088,1
2751,1089,1
2751,1090,1
2751,1091,1
2751,1092,1
2751,1093,1
2751,1094,1
2751,1095,1
2750,1096,1
2750,1097,1
2750,1098,1
2750,1099,1
2750,1100,1
2750,1101,1
2750,1102,1
2750,1103,1
2750,1104,1
2750,1105,1
2750,1106,1
2750,1107,1
2750,1108,1
2750,1109,1
2750,1110,1
2750,1111,1
2750,1112,1
2750,1113,1
2750,1114,1
2750,1115,1
2749,1116,1
2749,1117,1
2749,1118,1
2749,1119,1
2749,1120,1
2749,1121,1
2749,1122,1
2749,1123,1
2749,1124,1
2749,1125,1
2749,1126,1
2749,1127,1
2749,1128,1
2749,1129,1
2749,1130,1
2749,1131,1
2749,1132,1
2749,1133,1
2748,1134,1
2748,1135,1
2748,1136,1
2748,1137,1
2748,1138,1
2748,1139,1
2748,1140,1
2748,1141,1
2748,1142,1
2748,1143,1
2748,1144,1
2748,1145,1
2748,1146,1
2748,1147,1
2748,1148,1
2748,1149,1
2748,1150,1
2748,1151,1
2748,1152,1
2747,1153,1
2747,1154,1
2747,1155,1
2747,1156,1
2747,1157,1
2747,1158,1
2747,1159,1
2747,1160,1
2747,1161,1
2747,1162,1
2747,1163,1
2747,1164,1
2746,1164,1
2746,1165,1
2746,1166,1
2746,1167,1
2746,1168,1
2746,1169,1
2746,1170,1
2746,1171,1
2746,1172,1
2746,1173,1
2746,1174,1
2745,1175,1
2745,1176,1
2745,1177,1
2745,1178,1
2745,1179,1
2745,1180,1
2744,1180,1
2744,1181,1
2744,1180,1
2743,1180,1
2743,1179,1
2743,1178,1
2743,1177,1
2743,1176,1
2743,1175,1
2743,1174,1
2743,1173,1
2743,1172,1
2743,1171,1
2743,1170,1
2743,1169,1
2743,1168,1
2743,1167,1
2743,1166,1
2743,1165,1
2743,1164,1
2743,1163,1
2743,1162,1
2743,1161,1
2743,1160,1
2743,1159,1
2743,1158,1
2743,1157,1
2879,1127,0
3052,1043,1
3051,1044,1
3051,1045,1
3050,1045,1
3050,1046,1
3049,1047,1
3049,1048,1
3048,1049,1
3048,1050,1
3047,1051,1
3046,1052,1
3045,1053,1
3044,1054,1
3044,1055,1
3043,1056,1
3043,1057,1
3042,1058,1
3041,1059,1
3041,1060,1
3040,1060,1
3039,1061,1
3038,1062,1
3038,1063,1
3037,1063,1
3036,1064,1
3035,1065,1
3034,1066,1
3033,1067,1
3032,1067,1
3032,1068,1
3031,1069,1
3030,1070,1
3029,1070,1
3028,1071,1
3027,1072,1
3026,1072,1
3026,1073,1
3025,1073,1
3024,1074,1
3023,1075,1
3022,1075,1
3021,1076,1
3020,1077,1
3019,1078,1
3018,1079,1
3017,1079,1
3016,1080,1
3015,1081,1
3014,1081,1
3013,1082,1
3012,1082,1
3012,1083,1
3011,1084,1
3010,1084,1
3009,1085,1
3008,1085,1
3007,1086,1
3006,1087,1
3005,1087,1
3004,1088,1
3003,1088,1
3002,1089,1
3001,1089,1
3000,1090,1
2999,1091,1
2998,1092,1
2997,1092,1
2996,1093,1
2995,1093,1
2994,1094,1
2993,1094,1
2992,1095,1
2991,1095,1
2990,1096,1
2989,1096,1
2988,1097,1
2987,1097,1
2986,1098,1
2985,1099,1
2984,1099,1
2983,1100,1
2982,1100,1
2981,1101,1
2980,1101,1
2979,1102,1
2978,1102,1
2977,1103,1
2976,1103,1
2975,1103,1
2974,1104,1
2973,1104,1
2972,1105,1
2971,1105,1
2970,1106,1
2969,1106,1
2968,1107,1
2967,1107,1
2966,1108,1
2965,1108,1
2964,1109,1
2963,1109,1
2962,1110,1
2961,1110,1
2960,1111,1
2959,1111,1
2958,1112,1
2957,1112,1
2956,1113,1
2955,1113,1
2954,1114,1
2953,1114,1
2952,1115,1
2951,1115,1
2950,1116,1
2949,1116,1
2948,1117,1
2947,1117,1
2946,1117,1
2946,1118,1
2945,1118,1
2944,1119,1
2943,1119,1
2942,1119,1
2941,1120,1
2940,1120,1
2939,1121,1
2938,1121,1
2937,1121,1
2936,1122,1
2935,1122,1
2934,1122,1
2933,1123,1
2932,1123,1
2931,1124,1
2930,1124,1
2929,1125,1
2928,1125,1
2927,1125,1
2926,1126,1
2925,1126,1
2924,1126,1
2923,1127,1
2922,1127,1
2921,1127,1
2920,1128,1
2919,1128,1
2918,1128,1
2917,1129,1
2916,1129,1
2915,1129,1
2914,1129,1
2913,1130,1
2912,1130,1
2911,1130,1
2910,1131,1
2909,1131,1
2908,1131,1
2907,1131,1
2906,1132,1
2905,1132,1
2904,1132,1
2903,1132,1
2902,1133,1
2901,1133,1
2900,1133,1
2899,1133,1
2899,1134,1
2898,1134,1
2897,1134,1
2896,1134,1
2895,1134,1
2894,1135,1
2893,1135,1
2892,1135,1
2891,1135,1
2890,1135,1
2889,1135,1
2888,1136,1
2887,1136,1
2886,1136,1
2885,1136,1
2884,1136,1
2883,1136,1
2882,1137,1
2881,1137,1
2880,1137,1
2879,1137,1
2878,1137,1
2877,1137,1
2876,1137,1
2875,1137,1
2874,1137,1
2873,1137,1
2872,1137,1
2871,1137,1
2870,1137,1
2869,1138,1
2868,1138,1
2867,1138,1
2866,1138,1
2865,1138,1
2864,1138,1
2863,1138,1
2862,1138,1
2861,1138,1
2861,1137,1
2860,1137,1
2859,1137,1
2858,1137,1
2857,1137,1
2856,1137,1
2855,1137,1
2854,1137,1
2853,1137,1
2852,1137,1
2851,1137,1
2850,1137,1
2850,1136,1
2849,1136,1
2848,1136,1
2847,1136,1
2846,1136,1
2845,1136,1
2844,1135,1
2843,1135,1
2842,1135,1
2841,1135,1
2840,1134,1
2839,1134,1
2838,1134,1
2837,1134,1
2836,1133,1
2835,1133,1
2834,1133,1
2833,1132,1
2832,1132,1
2831,1131,1
2830,1131,1
2829,1131,1
2828,1130,1
2827,1130,1
2826,1129,1
2825,1129,1
2824,1128,1
2823,1128,1
2822,1127,1
2821,1127,1
2820,1126,1
2819,1125,1
2818,1125,1
2817,1124,1
2816,1123,1
2815,1123,1
2815,1122,1
2814,1122,1
2813,1121,1
2812,1120,1
2811,1119,1
2810,1119,1
2810,1118,1
2809,1118,1
2809,1117,1
2808,1117,1
2808,1116,1
2807,1116,1
2807,1115,1
2806,1114,1
2806,1113,1
2805,1113,1
2805,1112,1
2804,1112,1
2804,1111,1
2803,1110,1
2803,1109,1
2802,1108,1
2802,1107,1
2801,1107,1
2801,1106,1
2800,1105,1
2800,1104,1
2800,1103,1
2799,1103,1
2799,1102,1
2799,1101,1
2798,1100,1
2798,1099,1
2798,1098,1
2797,1097,1
2797,1096,1
2797,1095,1
2797,1094,1
2796,1093,1
2796,1092,1
2796,1091,1
2796,1090,1
2796,1089,1
2796,1088,1
2795,1088,1
2795,1087,1
2795,1086,1
2795,1085,1
2795,1084,1
2795,1083,1
2795,1082,1
2795,1081,1
2795,1080,1
2796,1079,1
2796,1078,1
2796,1077,1
2796,1076,1
2796,1075,1
2796,1074,1
2797,1073,1
2797,1072,1
2797,1071,1
2797,1070,1
2798,1069,1
2798,1068,1
2798,1067,1
2799,1066,1
2799,1065,1
2799,1064,1
2800,1064,1
2800,1063,1
2800,1062,1
2801,1062,1
2801,1061,1
2801,1060,1
2802,1059,1
2802,1058,1
2803,1058,1
2803,1057,1
2804,1056,1
2804,1055,1
2805,1055,1
2805,1054,1
2806,1053,1
2806,1052,1
2807,1052,1
2807,1051,1
2808,1051,1
2808,1050,1
2809,1050,1
2809,1049,1
2810,1048,1
2811,1047,1
2812,1046,1
2813,1045,1
2814,1044,1
2815,1043,1
2816,1042,1
2817,1042,1
2818,1041,1
2819,1040,1
2820,1040,1
2820,1039,1
2821,1039,1
2821,1038,1
2822,1038,1
2823,1038,1
2823,1037,1
2824,1037,1
2825,1036,1
2826,1036,1
2827,1035,1
2828,1035,1
2829,1034,1
2830,1034,1
2831,1033,1
2832,1033,1
2833,1032,1
2834,1032,1
2835,1032,1
2836,1031,1
2837,1031,1
2838,1031,1
2838,1030,1
2839,1030,1
2840,1030,1
2841,1030,1
2842,1029,1
2843,1029,1
2844,1029,1
2845,1028,1
2846,1028,1
2847,1028,1
2848,1028,1
2849,1028,1
2850,1027,1
2851,1027,1
2852,1027,1
2853,1027,1
2854,1027,1
2855,1027,1
2856,1027,1
2857,1027,1
2858,1027,1
2858,1026,1
2859,1026,1
2860,1026,1
2861,1026,1
2862,1026,1
2863,1026,1
2864,1026,1
2865,1026,1
2866,1026,1
2867,1026,1
2868,1026,1
2869,1026,1
2870,1026,1
2871,1026,1
2872,1026,1
2873,1026,1
2874,1026,1
2875,1026,1
2876,1026,1
2877,1026,1
2878,1027,1
2879,1027,1
2880,1027,1
2881,1027,1
2882,1027,1
2883,1027,1
2884,1027,1
2885,1027,1
2886,1028,1
2887,1028,1
2888,1028,1
2889,1028,1
2890,1028,1
2891,1029,1
2892,1029,1
2893,1029,1
2894,1029,1
2895,1029,1
2895,1030,1
2896,1030,1
2897,1030,1
2898,1030,1
2899,1031,1
2900,1031,1
2901,1031,1
2902,1032,1
2903,1032,1
2904,1032,1
2905,1033,1
2906,1033,1
2907,1033,1
2908,1034,1
2909,1034,1
2910,1034,1
2911,1035,1
2912,1035,1
2913,1036,1
2914,1036,1
2915,1036,1
2916,1037,1
2917,1037,1
2918,1037,1
2919,1038,1
2920,1039,1
2921,1039,1
2922,1039,1
2923,1040,1
2924,1040,1
2925,1041,1
2926,1041,1
2927,1042,1
2928,1042,1
2929,1042,1
2930,1043,1
2931,1044,1
2932,1044,1
2933,1045,1
2934,1045,1
2934,1046,1
2935,1046,1
2936,1046,1
2937,1047,1
2938,1047,1
2939,1048,1
2940,1049,1
2941,1049,1
2942,1050,1
2943,1050,1
2943,1051,1
2944,1051,1
2945,1052,1
2946,1052,1
2947,1053,1
2948,1054,1
2949,1054,1
2950,1055,1
2951,1055,1
2951,1056,1
2952,1056,1
2953,1057,1
2954,1057,1
2954,1058,1
2955,1058,1
2956,1059,1
2957,1059,1
2958,1060,1
2958,1061,1
2959,1061,1
2960,1062,1
2961,1062,1
2962,1063,1
2963,1064,1
2964,1065,1
2965,1065,1
2965,1066,1
2966,1066,1
2967,1067,1
2968,1068,1
2969,1069,1
2970,1069,1
2971,1070,1
2972,1071,1
2973,1072,1
2974,1072,1
2974,1073,1
2975,1073,1
2976,1074,1
2977,1075,1
2978,1076,1
2979,1077,1
2980,1078,1
2981,1078,1
2982,1079,1
2982,1080,1
2983,1080,1
2984,1081,1
2985,1082,1
2986,1083,1
2987,1083,1
2987,1084,1
2988,1085,1
2989,1085,1
2990,1086,1
2990,1087,1
2991,1087,1
2992,1088,1
2993,1089,1
2994,1090,1
2995,1091,1
2996,1092,1
2997,1092,1
2997,1093,1
2998,1094,1
2999,1094,1
3000,1095,1
3000,1096,1
3001,1096,1
3002,1097,1
3002,1098,1
3003,1098,1
3004,1099,1
3004,1100,1
3005,1100,1
3006,1101,1
3007,1101,1
3007,1102,1
3008,1103,1
3009,1103,1
3009,1104,1
3010,1105,1
3011,1105,1
3011,1106,1
3012,1107,1
3013,1107,1
3013,1108,1
3014,1109,1
3015,1109,1
3015,1110,1
3016,1111,1
3017,1111,1
3018,1112,1
3018,1113,1
3019,1113,1
3020,1114,1
3020,1115,1
3021,1115,1
3022,1116,1
3023,1117,1
3024,1118,1
3025,1118,1
3025,1119,1
3026,1120,1
3027,1120,1
3027,1121,1
3028,1121,1
3029,1122,1
3029,1123,1
3030,1123,1
3031,1124,1
3032,1125,1
3033,1126,1
3034,1127,1
3035,1128,1
3036,1128,1
3037,1129,1
3037,1130,1
3038,1130,1
3039,1131,1
3039,1132,1
3040,1132,1
3041,1133,1
3042,1133,1
3042,1134,1
3043,1135,1
3044,1135,1
3044,1136,1
3045,1136,1
3046,1137,1
3047,1138,1
3048,1139,1
3049,1139,1
3050,1140,1
3050,1141,1
3051,1141,1
3052,1142,1
3053,1142,1
3053,1143,1
3054,1144,1
3055,1144,1
3056,1145,1
3057,1146,1
3058,1147,1
3059,1147,1
3059,1148,1
3060,1148,1
3061,1149,1
3062,1149,1
3062,1150,1
3063,1150,1
3064,1151,1
3065,1152,1
3066,1153,1
3067,1153,1
3068,1154,1
3069,1155,1
3070,1155,1
3071,1156,1
3072,1157,1
3073,1158,1
3074,1158,1
3075,1159,1
3076,1160,1
3077,1160,1
3078,1161,1
3079,1162,1
3080,1162,1
3081,1163,1
3082,1163,1
3082,1164,1
3083,1164,1
3084,1165,1
3085,1165,1
3086,1166,1
3087,1167,1
3088,1167,1
3089,1168,1
3090,1168,1
3090,1169,1
3091,1169,1
3092,1169,1
3093,1170,1
3094,1170,1
3095,1171,1
3096,1172,1
3097,1172,1
3098,1172,1
3099,1173,1
3100,1174,1
3101,1174,1
3102,1174,1
3103,1175,1
3104,1175,1
3105,1176,1
3106,1176,1
3107,1177,1
3108,1177,1
3109,1178,1
3110,1178,1
3111,1178,1
3112,1179,1
3113,1179,1
3114,1179,1
3115,1180,1
3116,1180,1
3117,1180,1
3118,1181,1
3119,1181,1
3120,1181,1
3121,1182,1
3122,1182,1
3123,1182,1
3124,1183,1
3125,1183,1
3126,1183,1
3127,1183,1
3128,1184,1
3129,1184,1
3130,1184,1
3131,1184,1
3132,1185,1
3133,1185,1
3134,1185,1
3135,1185,1
3136,1185,1
3137,1185,1
3138,1186,1
3139,1186,1
3140,1186,1
3141,1186,1
3142,1186,1
3143,1186,1
3144,1187,1
3145,1187,1
3146,1187,1
3147,1188,1
3148,1188,1
3149,1188,1
3150,1189,1
3151,1189,1
3152,1189,1
3153,1190,1
3154,1190,1
3155,1190,1
3156,1190,1
3157,1191,1
3158,1191,1
3159,1191,1
3160,1192,1
3161,1192,1
3162,1192,1
3163,1192,1
3164,1192,1
3165,1192,1
3166,1193,1
3167,1193,1
3168,1193,1
3169,1193,1
3170,1193,1
3171,1194,1
3172,1194,1
3173,1194,1
3174,1194,1
3175,1194,1
3176,1194,1
3177,1194,1
3178,1194,1
3179,1194,1
3180,1194,1
3181,1194,1
3182,1194,1
3183,1194,1
3184,1194,1
3185,1194,1
3186,1194,1
3187,1194,1
3188,1194,1
3189,1194,1
3190,1194,1
3191,1194,1
3192,1194,1
3193,1194,1
3194,1194,1
3195,1194,1
3196,1193,1
3197,1193,1
3198,1193,1
3199,1193,1
3200,1192,1
3201,1192,1
3202,1192,1
3203,1191,1
3204,1191,1
3205,1190,1
3206,1190,1
3207,1190,1
3208,1189,1
3209,1189,1
3210,1188,1
3211,1188,1
3212,1187,1
3213,1187,1
3214,1186,1
3215,1186,1
3216,1186,1
3216,1185,1
3217,1185,1
3218,1184,1
3219,1184,1
3220,1183,1
3221,1182,1
3222,1182,1
3223,1181,1
3224,1180,1
3225,1179,1
3226,1179,1
3227,1179,1
3227,1178,1
3228,1177,1
3229,1177,1
3230,1177,1
3230,1176,1
3230,1175,1
3230,1174,1
3239,1134,0
3287,1022,1
3287,1023,1
3287,1024,1
3287,1025,1
3287,1026,1
3287,1027,1
3287,1028,1
3287,1029,1
3287,1030,1
3287,1031,1
3287,1032,1
3287,1033,1
3287,1034,1
3287,1035,1
3287,1036,1
3287,1037,1
3287,1038,1
3287,1039,1
3287,1040,1
3287,1041,1
3287,1042,1
3287,1043,1
3287,1044,1
3287,1045,1
3287,1046,1
3287,1047,1
3287,1048,1
3287,1049,1
3287,1050,1
3287,1051,1
3287,1052,1
3287,1053,1
3287,1054,1
3287,1055,1
3287,1056,1
3287,1057,1
3287,1058,1
3287,1059,1
3287,1060,1
3287,1061,1
3287,1062,1
3287,1063,1
3287,1064,1
3287,1065,1
3287,1066,1
3287,1067,1
3287,1068,1
3287,1069,1
3287,1070,1
3287,1071,1
3287,1072,1
3287,1073,1
3287,1074,1
3287,1075,1
3287,1076,1
3287,1077,1
3287,1078,1
3287,1079,1
3287,1080,1
3287,1081,1
3287,1082,1
3287,1083,1
3287,1084,1
3286,1085,1
3286,1086,1
3286,1087,1
3286,1088,1
3286,1089,1
3286,1090,1
3286,1091,1
3286,1092,1
3286,1093,1
3286,1094,1
3286,1095,1
3286,1096,1
3286,1097,1
3286,1098,1
3286,1099,1
3286,1100,1
3286,1101,1
3286,1102,1
3286,1103,1
3286,1104,1
3286,1105,1
3286,1106,1
3286,1107,1
3286,1108,1
3286,1109,1
3286,1110,1
3286,1111,1
3286,1112,1
3286,1113,1
3286,1114,1
3286,1115,1
3286,1116,1
3286,1117,1
3285,1118,1
3285,1119,1
3285,1120,1
3285,1121,1
3285,1122,1
3285,1123,1
3284,1123,1
3284,1124,1
3283,1125,1
3282,1125,1
3281,1125,1
3281,1124,1
3280,1124,1
3279,1123,1
3278,1122,1
2301,981,0
1265,878,1
1266,878,1
1267,878,1
1268,878,1
1269,878,1
1270,878,1
1271,878,1
1272,878,1
1273,878,1
1274,878,1
1275,878,1
1276,878,1
1277,878,1
1278,878,1
1279,878,1
1280,878,1
1281,878,1
1282,878,1
1283,878,1
1284,878,1
1285,878,1
1286,878,1
1287,878,1
1288,878,1
1289,878,1
1290,878,1
1291,878,1
1292,878,1
1293,878,1
1294,878,1
1295,878,1
1296,878,1
1297,878,1
1298,878,1
1299,878,1
1300,878,1
1301,878,1
1302,878,1
1303,878,1
1304,878,1
1305,878,1
1306,878,1
1307,878,1
1308,878,1
1309,878,1
1310,878,1
1311,878,1
1312,878,1
1313,878,1
1314,878,1
1315,878,1
1316,878,1
1317,878,1
1318,878,1
1319,878,1
1320,878,1
1321,878,1
1322,878,1
1323,878,1
1324,878,1
1325,878,1
1326,878,1
1327,878,1
1328,878,1
1329,878,1
1330,878,1
1331,878,1
1332,878,1
1333,878,1
1334,878,1
1335,878,1
1336,878,1
1337,878,1
1338,878,1
1339,878,1
1340,878,1
1341,878,1
1342,878,1
1343,878,1
1344,878,1
1345,878,1
1346,878,1
1347,879,1
1348,879,1
1349,879,1
1350,879,1
1351,879,1
1352,879,1
1353,879,1
1354,879,1
1355,879,1
1356,879,1
1357,879,1
1358,879,1
1359,879,1
1360,879,1
1361,879,1
1362,879,1
1363,879,1
1364,879,1
1365,879,1
1366,879,1
1367,879,1
1368,879,1
1369,879,1
1370,880,1
1371,880,1
1372,880,1
1373,880,1
1374,880,1
1375,880,1
1376,880,1
1377,880,1
1378,880,1
1379,880,1
1380,880,1
1381,880,1
1382,880,1
1383,880,1
1384,880,1
1385,880,1
1386,880,1
1387,880,1
1388,880,1
1389,880,1
1390,880,1
1391,880,1
1392,880,1
1393,880,1
1394,880,1
1395,880,1
1396,880,1
1397,880,1
1398,880,1
1399,880,1
1400,880,1
1401,880,1
1402,880,1
1403,880,1
1404,880,1
1405,880,1
1406,880,1
1407,880,1
1408,880,1
1409,880,1
1410,880,1
1411,880,1
1412,881,1
1413,881,1
1414,881,1
1415,881,1
1416,881,1
1417,881,1
1418,881,1
1419,881,1
1420,881,1
1421,881,1
1422,881,1
1423,881,1
1424,881,1
1425,881,1
1426,881,1
1427,881,1
1428,881,1
1429,881,1
1430,881,1
1431,881,1
1432,881,1
1433,881,1
1434,881,1
1435,881,1
1436,881,1
1437,881,1
1438,881,1
1439,881,1
1440,881,1
1441,881,1
1442,881,1
1443,881,1
1444,881,1
1445,881,1
1446,881,1
1447,881,1
1448,881,1
1449,881,1
1450,881,1
1451,881,1
1452,881,1
1453,882,1
1454,882,1
1455,882,1
1456,882,1
1457,882,1
1458,882,1
1459,882,1
1460,882,1
1461,882,1
1462,882,1
1463,882,1
1464,882,1
1465,882,1
1466,882,1
1467,882,1
1468,882,1
1469,882,1
1470,882,1
1471,882,1
1472,882,1
1473,882,1
1474,882,1
1475,882,1
1476,882,1
1477,882,1
1478,882,1
1479,882,1
1480,882,1
1481,883,1
1482,883,1
1483,883,1
1484,883,1
1485,883,1
1486,883,1
1487,883,1
1488,883,1
1489,883,1
1490,883,1
1491,883,1
1492,883,1
1493,883,1
1494,883,1
1495,883,1
1496,883,1
1497,883,1
1498,883,1
1499,883,1
1500,883,1
1501,883,1
1502,883,1
1503,883,1
1504,884,1
1505,884,1
1506,884,1
1507,884,1
1508,884,1
1509,884,1
1510,884,1
1511,884,1
1512,884,1
1513,884,1
1514,884,1
1515,884,1
1516,884,1
1517,884,1
1518,884,1
1519,884,1
1520,884,1
1521,884,1
1522,884,1
1523,884,1
1524,884,1
1525,884,1
1526,884,1
1527,884,1
1528,884,1
1529,884,1
1530,884,1
1531,884,1
1532,884,1
1533,884,1
1534,884,1
1535,884,1
1536,884,1
1537,884,1
1538,884,1
1539,884,1
1540,884,1
1541,884,1
1542,884,1
1543,885,1
1544,885,1
1545,885,1
1546,885,1
1547,885,1
1548,885,1
1549,885,1
1550,885,1
1551,885,1
1552,885,1
1553,885,1
1554,885,1
1555,885,1
1556,885,1
1557,885,1
1558,885,1
1559,885,1
1560,885,1
1561,885,1
1562,885,1
1563,885,1
1564,885,1
1565,885,1
1566,885,1
1567,885,1
1568,885,1
1569,885,1
1570,885,1
1571,885,1
1572,885,1
1573,885,1
1574,885,1
1575,885,1
1576,885,1
1577,885,1
1578,885,1
1579,885,1
1580,885,1
1581,886,1
1582,886,1
1583,886,1
1584,886,1
1585,886,1
1586,886,1
1587,886,1
1588,886,1
1589,886,1
1590,886,1
1591,886,1
1592,886,1
1593,886,1
1594,886,1
1595,886,1
1596,886,1
1597,886,1
1598,886,1
1599,886,1
1600,886,1
1601,886,1
1602,886,1
1603,886,1
1604,886,1
1605,886,1
1606,886,1
1607,887,1
1608,887,1
1609,887,1
1610,887,1
1611,887,1
1612,887,1
1613,887,1
1614,887,1
1615,887,1
1616,887,1
1617,887,1
1618,887,1
1619,887,1
1620,887,1
1621,887,1
1622,887,1
1623,887,1
1624,887,1
1625,887,1
1626,887,1
1627,887,1
1628,887,1
1629,887,1
1630,887,1
1631,887,1
1632,887,1
1633,888,1
1634,888,1
1635,888,1
1636,888,1
1637,888,1
1638,888,1
1639,888,1
1640,888,1
1641,888,1
1642,888,1
1643,888,1
1644,888,1
1645,888,1
1646,888,1
1647,888,1
1648,888,1
1649,888,1
1650,888,1
1651,888,1
1652,888,1
1653,888,1
1654,888,1
1655,888,1
1656,888,1
1657,888,1
1658,888,1
1659,889,1
1660,889,1
1661,889,1
1662,889,1
1663,889,1
1664,889,1
1665,889,1
1666,889,1
1667,889,1
1668,889,1
1669,889,1
1670,889,1
1671,889,1
1672,889,1
1673,889,1
1674,889,1
1675,889,1
1676,889,1
1677,889,1
1678,890,1
1679,890,1
1680,890,1
1681,890,1
1682,890,1
1683,890,1
1684,890,1
1685,890,1
1686,890,1
1687,890,1
1688,890,1
1689,890,1
1690,890,1
1691,890,1
1692,890,1
1693,890,1
1694,890,1
1695,890,1
1696,890,1
1697,890,1
1698,890,1
1699,890,1
1700,890,1
1701,891,1
1702,891,1
1703,891,1
1704,891,1
1705,891,1
1706,891,1
1707,891,1
1708,891,1
1709,891,1
1710,891,1
1711,891,1
1712,891,1
1713,891,1
1714,891,1
1715,891,1
1716,891,1
1717,891,1
1718,891,1
1719,891,1
1720,891,1
1721,891,1
1722,891,1
1723,892,1
1724,892,1
1725,892,1
1726,892,1
1727,892,1
1728,892,1
1729,892,1
1730,892,1
1731,892,1
1732,892,1
1733,892,1
1734,892,1
1735,892,1
1736,892,1
1737,892,1
1738,892,1
1739,892,1
1740,892,1
1741,892,1
1742,892,1
1743,892,1
1744,892,1
1745,892,1
1746,893,1
1747,893,1
1748,893,1
1749,893,1
1750,893,1
1751,893,1
1752,893,1
1753,893,1
1754,893,1
1755,893,1
1756,893,1
1757,893,1
1758,893,1
1759,893,1
1760,893,1
1761,893,1
1762,893,1
1763,893,1
1764,893,1
1765,894,1
1766,894,1
1767,894,1
1768,894,1
1769,894,1
1770,894,1
1771,894,1
1772,894,1
1773,894,1
1774,894,1
1775,894,1
1776,894,1
1777,894,1
1778,894,1
1779,894,1
1780,894,1
1781,894,1
1782,894,1
1783,894,1
1784,895,1
1785,895,1
1786,895,1
1787,895,1
1788,895,1
1789,895,1
1790,895,1
1791,895,1
1792,895,1
1793,895,1
1794,895,1
1795,895,1
1796,895,1
1797,895,1
1798,895,1
1799,895,1
1800,895,1
1801,895,1
1802,895,1
1803,895,1
1804,895,1
1805,895,1
1806,895,1
1807,896,1
1808,896,1
1809,896,1
1810,896,1
1811,896,1
1812,896,1
1813,896,1
1814,896,1
1815,896,1
1816,896,1
1817,896,1
1818,896,1
1819,896,1
1820,896,1
1821,896,1
1822,896,1
1823,896,1
1824,896,1
1825,896,1
1826,896,1
1827,896,1
1828,896,1
1829,897,1
1830,897,1
1831,897,1
1832,897,1
1833,897,1
1834,897,1
1835,897,1
1836,897,1
1837,897,1
1838,897,1
1839,897,1
1840,897,1
1841,897,1
1842,897,1
1843,897,1
1844,897,1
1845,897,1
1846,897,1
1847,897,1
1848,897,1
1849,897,1
1850,897,1
1851,897,1
1852,898,1
1853,898,1
1854,898,1
1855,898,1
1856,898,1
1857,898,1
1858,898,1
1859,898,1
1860,898,1
1861,898,1
1862,898,1
1863,898,1
1864,898,1
1865,898,1
1866,898,1
1867,898,1
1868,898,1
1869,898,1
1870,898,1
1871,898,1
1872,898,1
1873,898,1
1874,898,1
1875,898,1
1876,898,1
1877,898,1
1878,898,1
1879,898,1
1880,898,1
1881,898,1
1882,898,1
1883,898,1
1884,898,1
1885,899,1
1886,899,1
1887,899,1
1888,899,1
1889,899,1
1890,899,1
1891,899,1
1892,899,1
1893,899,1
1894,899,1
1895,899,1
1896,899,1
1897,899,1
1898,899,1
1899,899,1
1900,899,1
1901,899,1
1902,899,1
1903,899,1
1904,899,1
1905,899,1
1906,899,1
1907,899,1
1908,899,1
1909,899,1
1910,899,1
1911,899,1
1912,899,1
1913,899,1
1914,899,1
1915,899,1
1916,899,1
1917,899,1
1918,899,1
1919,899,1
1920,899,1
1921,899,1
1922,899,1
1923,899,1
1924,899,1
1925,899,1
1926,899,1
1927,899,1
1928,899,1
1929,899,1
1930,899,1
1931,899,1
1932,899,1
1933,899,1
1934,899,1
1935,899,1
1936,899,1
1937,899,1
1938,899,1
1939,899,1
1940,899,1
1941,899,1
1942,899,1
1943,899,1
1944,899,1
1945,899,1
1946,899,1
1947,899,1
1948,899,1
1949,899,1
1950,899,1
1951,899,1
1952,899,1
1953,899,1
1954,899,1
1955,899,1
1956,899,1
1957,899,1
1958,899,1
1959,899,1
1960,899,1
1961,899,1
1962,899,1
1963,899,1
1964,899,1
1965,899,1
1966,899,1
1967,899,1
1968,899,1
1969,899,1
1970,899,1
1971,899,1
1972,899,1
1973,899,1
1974,899,1
1975,899,1
1976,899,1
1977,899,1
1978,899,1
1979,899,1
1980,899,1
1981,899,1
1982,899,1
1983,899,1
1984,899,1
1985,899,1
1986,899,1
1987,899,1
1988,899,1
1989,899,1
1990,899,1
1991,899,1
1992,899,1
1993,899,1
1994,899,1
1995,899,1
1996,899,1
1997,899,1
1998,899,1
1999,899,1
2000,899,1
2001,899,1
2002,899,1
2003,898,1
2004,898,1
2005,898,1
2006,898,1
2007,898,1
2008,898,1
2009,898,1
2010,898,1
2011,898,1
2012,898,1
2013,898,1
2014,898,1
2015,898,1
2016,898,1
2017,898,1
2018,898,1
2019,898,1
2020,898,1
2021,898,1
2022,898,1
2023,898,1
2024,898,1
2025,898,1
2026,898,1
2027,898,1
2028,898,1
2029,898,1
2030,898,1
2031,898,1
2032,898,1
2033,898,1
2034,898,1
2035,898,1
2036,898,1
2037,898,1
2038,898,1
2039,898,1
2040,898,1
2041,897,1
2042,897,1
2043,897,1
2044,897,1
2045,897,1
2046,897,1
2047,897,1
2048,897,1
2049,897,1
2050,897,1
2051,897,1
2052,897,1
2053,897,1
2054,897,1
2055,897,1
2056,897,1
2057,897,1
2058,897,1
2059,897,1
2060,897,1
2061,897,1
2062,897,1
2063,897,1
2064,896,1
2065,896,1
2066,896,1
2067,896,1
2068,896,1
2069,896,1
2070,896,1
2071,896,1
2072,896,1
2073,896,1
2074,896,1
2075,896,1
2076,896,1
2077,896,1
2078,896,1
2079,896,1
2080,896,1
2081,896,1
2082,896,1
2083,896,1
2084,896,1
2085,896,1
2086,896,1
2087,895,1
2088,895,1
2089,895,1
2090,895,1
2091,895,1
2092,895,1
2093,895,1
2094,895,1
2095,895,1
2096,895,1
2097,895,1
2098,895,1
2099,895,1
2100,895,1
2101,895,1
2102,895,1
2103,895,1
2104,895,1
2105,895,1
2106,895,1
2107,895,1
2108,895,1
2109,895,1
2110,894,1
2111,894,1
2112,894,1
2113,894,1
2114,894,1
2115,894,1
2116,894,1
2117,894,1
2118,894,1
2119,894,1
2120,894,1
2121,894,1
2122,894,1
2123,894,1
2124,894,1
2125,894,1
2126,894,1
2127,894,1
2128,894,1
2129,894,1
2130,894,1
2131,894,1
2132,894,1
2133,893,1
2134,893,1
2135,893,1
2136,893,1
2137,893,1
2138,893,1
2139,893,1
2140,893,1
2141,893,1
2142,893,1
2143,893,1
2144,893,1
2145,893,1
2146,893,1
2147,893,1
2148,893,1
2149,893,1
2150,893,1
2151,893,1
2152,893,1
2153,893,1
2154,893,1
2155,893,1
2156,893,1
2157,893,1
2158,893,1
2159,893,1
2160,893,1
2161,893,1
2162,893,1
2163,893,1
2164,893,1
2165,893,1
2166,893,1
2167,893,1
2168,893,1
2169,893,1
2170,893,1
2171,893,1
2172,893,1
2173,893,1
2174,892,1
2175,892,1
2176,892,1
2177,892,1
2178,892,1
2179,892,1
2180,892,1
2181,892,1
2182,892,1
2183,892,1
2184,892,1
2185,892,1
2186,892,1
2187,892,1
2188,892,1
2189,892,1
2190,892,1
2191,892,1
2192,892,1
2193,892,1
2194,892,1
2195,892,1
2196,892,1
2197,892,1
2198,892,1
2199,892,1
2200,892,1
2201,892,1
2202,892,1
2203,892,1
2204,892,1
2205,892,1
2206,892,1
2207,892,1
2208,892,1
2209,892,1
2210,892,1
2211,892,1
2212,892,1
2213,892,1
2214,892,1
2215,892,1
2216,891,1
2217,891,1
2218,891,1
2219,891,1
2220,891,1
2221,891,1
2222,891,1
2223,891,1
2224,891,1
2225,891,1
2226,891,1
2227,891,1
2228,891,1
2229,891,1
2230,891,1
2231,891,1
2232,891,1
2233,891,1
2234,891,1
2235,891,1
2236,891,1
2237,891,1
2238,891,1
2239,891,1
2240,891,1
2241,891,1
2242,891,1
2243,891,1
2244,891,1
2245,891,1
2246,891,1
2247,891,1
2248,891,1
2249,891,1
2250,891,1
2251,891,1
2252,891,1
2253,891,1
2254,891,1
2255,891,1
2256,891,1
2257,891,1
2258,891,1
2259,891,1
2260,891,1
2261,891,1
2262,891,1
2263,891,1
2264,891,1
2265,891,1
2266,891,1
2267,891,1
2268,891,1
2269,891,1
2270,891,1
2271,891,1
2272,891,1
2273,891,1
2274,891,1
2275,891,1
2276,891,1
2277,891,1
2278,891,1
2279,891,1
2280,891,1
2281,891,1
2282,892,1
2283,892,1
2284,892,1
2285,892,1
2286,892,1
2287,892,1
2288,892,1
2289,892,1
2290,892,1
2291,892,1
2292,892,1
2293,892,1
2294,892,1
2295,892,1
2296,892,1
2297,892,1
2298,892,1
2299,892,1
2300,892,1
2301,892,1
2302,892,1
2303,892,1
2304,892,1
2305,892,1
2306,892,1
2307,892,1
2308,892,1
2309,892,1
2310,892,1
2311,892,1
2312,892,1
2313,892,1
2314,892,1
2315,892,1
2316,892,1
2317,892,1
2318,892,1
2319,892,1
2320,892,1
2321,892,1
2322,893,1
2323,893,1
2324,893,1
2325,893,1
2326,893,1
2327,893,1
2328,893,1
2329,893,1
2330,893,1
2331,893,1
2332,893,1
2333,893,1
2334,893,1
2335,893,1
2336,893,1
2337,893,1
2338,893,1
2339,893,1
2340,893,1
2341,893,1
2342,893,1
2343,893,1
2344,893,1
2345,893,1
2346,893,1
2347,893,1
2348,893,1
2349,893,1
2350,893,1
2351,893,1
2352,893,1
2353,893,1
2354,893,1
2355,893,1
2356,893,1
2357,893,1
2358,893,1
2359,893,1
2360,893,1
2361,893,1
2362,893,1
2363,893,1
2364,894,1
2365,894,1
2366,894,1
2367,894,1
2368,894,1
2369,894,1
2370,894,1
2371,894,1
2372,894,1
2373,894,1
2374,894,1
2375,894,1
2376,894,1
2377,894,1
2378,894,1
2379,894,1
2380,894,1
2381,894,1
2382,894,1
2383,894,1
2384,894,1
2385,894,1
2386,894,1
2387,894,1
2388,894,1
2389,894,1
2390,894,1
2391,894,1
2392,894,1
2393,894,1
2394,894,1
2395,894,1
2396,894,1
2397,894,1
2398,894,1
2399,894,1
2400,894,1
2401,894,1
2402,894,1
2403,894,1
2404,894,1
2405,895,1
2406,895,1
2407,895,1
2408,895,1
2409,895,1
2410,895,1
2411,895,1
2412,895,1
2413,895,1
2414,895,1
2415,895,1
2416,895,1
2417,895,1
2418,895,1
2419,895,1
2420,895,1
2421,895,1
2422,895,1
2423,895,1
2424,895,1
2425,895,1
2426,895,1
2427,895,1
2428,895,1
2429,895,1
2430,895,1
2431,895,1
2432,895,1
2433,895,1
2434,895,1
2435,895,1
2436,895,1
2437,895,1
2438,895,1
2439,895,1
2440,895,1
2441,895,1
2442,895,1
2443,895,1
2444,895,1
2445,896,1
2446,896,1
2447,896,1
2448,896,1
2449,896,1
2450,896,1
2451,896,1
2452,896,1
2453,896,1
2454,896,1
2455,896,1
2456,896,1
2457,896,1
2458,896,1
2459,896,1
2460,896,1
2461,896,1
2462,896,1
2463,896,1
2464,896,1
2465,896,1
2466,896,1
2467,896,1
2468,896,1
2469,896,1
2470,896,1
2471,896,1
2472,896,1
2473,896,1
2474,896,1
2475,896,1
2476,896,1
2477,896,1
2478,896,1
2479,896,1
2480,896,1
2481,896,1
2482,896,1
2483,896,1
2484,896,1
2485,896,1
2486,896,1
2487,896,1
2488,896,1
2489,896,1
2490,896,1
2491,896,1
2492,896,1
2493,896,1
2494,896,1
2495,896,1
2496,896,1
2497,896,1
2498,896,1
2499,896,1
2500,896,1
2501,896,1
2502,896,1
2503,896,1
2504,896,1
2505,896,1
2506,896,1
2507,896,1
2508,896,1
2509,896,1
2510,896,1
2511,896,1
2512,896,1
2513,896,1
2514,896,1
2515,896,1
2516,896,1
2517,896,1
2518,896,1
2519,896,1
2520,896,1
2521,896,1
2522,896,1
2523,896,1
2524,895,1
2525,895,1
2526,895,1
2527,895,1
2528,895,1
2529,895,1
2530,895,1
2531,895,1
2532,895,1
2533,895,1
2534,895,1
2535,895,1
2536,895,1
2537,895,1
2538,895,1
2539,895,1
2540,895,1
2541,895,1
2542,895,1
2543,895,1
2544,895,1
2545,895,1
2546,895,1
2547,895,1
2548,895,1
2549,895,1
2550,895,1
2551,895,1
2552,895,1
2553,895,1
2554,895,1
2555,895,1
2556,895,1
2557,895,1
2558,895,1
2559,895,1
2560,895,1
2561,895,1
2562,895,1
2563,895,1
2564,895,1
2565,895,1
2566,894,1
2567,894,1
2568,894,1
2569,894,1
2570,894,1
2571,894,1
2572,894,1
2573,894,1
2574,894,1
2575,894,1
2576,894,1
2577,894,1
2578,894,1
2579,894,1
2580,894,1
2581,894,1
2582,894,1
2583,894,1
2584,894,1
2585,894,1
2586,894,1
2587,894,1
2588,894,1
2589,894,1
2590,894,1
2591,894,1
2592,894,1
2593,894,1
2594,894,1
2595,894,1
2596,893,1
2597,893,1
2598,893,1
2599,893,1
2600,893,1
2601,893,1
2602,893,1
2603,893,1
2604,893,1
2605,893,1
2606,893,1
2607,893,1
2608,893,1
2609,893,1
2610,893,1
2611,893,1
2612,893,1
2613,893,1
2614,893,1
2615,893,1
2616,893,1
2617,893,1
2618,893,1
2619,892,1
2620,892,1
2621,892,1
2622,892,1
2623,892,1
2624,892,1
2625,892,1
2626,892,1
2627,892,1
2628,892,1
2629,892,1
2630,892,1
2631,892,1
2632,892,1
2633,892,1
2634,892,1
2635,892,1
2636,892,1
2637,892,1
2638,892,1
2639,892,1
2640,892,1
2641,892,1
2642,891,1
2643,891,1
2644,891,1
2645,891,1
2646,891,1
2647,891,1
2648,891,1
2649,891,1
2650,891,1
2651,891,1
2652,891,1
2653,891,1
2654,891,1
2655,891,1
2656,891,1
2657,891,1
2658,891,1
2659,891,1
2660,891,1
2661,891,1
2662,891,1
2663,891,1
2664,891,1
2665,890,1
2666,890,1
2667,890,1
2668,890,1
2669,890,1
2670,890,1
2671,890,1
2672,890,1
2673,890,1
2674,890,1
2675,890,1
2676,890,1
2677,890,1
2678,890,1
2679,890,1
2680,890,1
2681,889,1
2682,889,1
2683,889,1
2684,889,1
2685,889,1
2686,889,1
2687,889,1
2688,889,1
2689,889,1
2690,889,1
2691,889,1
2692,889,1
2693,889,1
2694,889,1
2695,889,1
2696,889,1
2697,888,1
2698,888,1
2699,888,1
2700,888,1
2701,888,1
2702,888,1
2703,888,1
2704,888,1
2705,888,1
2706,888,1
2707,888,1
2708,888,1
2709,888,1
2710,888,1
2711,888,1
2712,888,1
2713,888,1
2714,887,1
2715,887,1
2716,887,1
2717,887,1
2718,887,1
2719,887,1
2720,887,1
2721,887,1
2722,887,1
2723,887,1
2724,887,1
2725,887,1
2726,887,1
2727,887,1
2728,887,1
2729,887,1
2730,887,1
2731,887,1
2732,887,1
2733,887,1
2734,887,1
2735,887,1
2736,887,1
2737,887,1
2738,887,1
2739,887,1
2740,886,1
2741,886,1
2742,886,1
2743,886,1
2744,886,1
2745,886,1
2746,886,1
2747,886,1
2748,886,1
2749,886,1
2750,886,1
2751,886,1
2752,886,1
2753,886,1
2754,886,1
2755,886,1
2756,886,1
2757,886,1
2758,886,1
2759,886,1
2760,886,1
2761,886,1
2762,886,1
2763,886,1
2764,886,1
2765,886,1
2766,885,1
2767,885,1
2768,885,1
2769,885,1
2770,885,1
2771,885,1
2772,885,1
2773,885,1
2774,885,1
2775,885,1
2776,885,1
2777,885,1
2778,885,1
2779,885,1
2780,885,1
2781,885,1
2782,885,1
2783,885,1
2784,885,1
2785,885,1
2786,885,1
2787,885,1
2788,885,1
2789,885,1
2790,885,1
2791,885,1
2792,885,1
2793,885,1
2794,884,1
2795,884,1
2796,884,1
2797,884,1
2798,884,1
2799,884,1
2800,884,1
2801,884,1
2802,884,1
2803,884,1
2804,884,1
2805,884,1
2806,884,1
2807,884,1
2808,884,1
2809,884,1
2810,884,1
2811,884,1
2812,884,1
2813,884,1
2814,884,1
2815,884,1
2816,884,1
2817,884,1
2818,884,1
2819,884,1
2820,884,1
2821,884,1
2822,884,1
2823,884,1
2824,884,1
2825,884,1
2826,884,1
2827,884,1
2828,884,1
2829,884,1
2830,884,1
2831,884,1
2832,884,1
2833,884,1
2834,884,1
2835,884,1
2836,884,1
2837,884,1
2838,884,1
2839,884,1
2840,884,1
2841,884,1
2842,884,1
2843,884,1
2844,884,1
2845,883,1
2846,883,1
2847,883,1
2848,883,1
2849,883,1
2850,883,1
2851,883,1
2852,883,1
2853,883,1
2854,883,1
2855,883,1
2856,883,1
2857,883,1
2858,883,1
2859,883,1
2860,883,1
2861,883,1
2862,883,1
2863,883,1
2864,883,1
2865,883,1
2866,883,1
2867,883,1
2868,883,1
2869,883,1
2870,883,1
2871,883,1
2872,883,1
2873,883,1
2874,883,1
2875,883,1
2876,883,1
2877,883,1
2878,883,1
2879,883,1
2880,883,1
2881,883,1
2882,883,1
2883,883,1
2884,883,1
2885,883,1
2886,883,1
2887,883,1
2888,883,1
2889,883,1
2890,883,1
2891,883,1
2892,883,1
2893,883,1
2894,883,1
2895,883,1
2896,883,1
2897,883,1
2898,883,1
2899,883,1
2900,883,1
2901,883,1
2902,883,1
2903,883,1
2904,882,1
2905,882,1
2906,882,1
2907,882,1
2908,882,1
2909,882,1
2910,882,1
2911,882,1
2912,882,1
2913,882,1
2914,882,1
2915,882,1
2916,882,1
2917,882,1
2918,882,1
2919,882,1
2920,882,1
2921,882,1
2922,882,1
2923,882,1
2924,882,1
2925,882,1
2926,882,1
2927,882,1
2928,882,1
2929,882,1
2930,882,1
2931,882,1
2932,882,1
2933,882,1
2934,882,1
2935,882,1
2936,882,1
2937,882,1
2938,882,1
2939,882,1
2940,882,1
2941,882,1
2942,882,1
2943,882,1
2944,881,1
2945,881,1
2946,881,1
2947,881,1
2948,881,1
2949,881,1
2950,881,1
2951,881,1
2952,881,1
2953,881,1
2954,881,1
2955,881,1
2956,881,1
2957,881,1
2958,881,1
2959,881,1
2960,881,1
2961,881,1
2962,881,1
2963,881,1
2964,881,1
2965,881,1
2966,881,1
2967,881,1
2968,881,1
2969,881,1
2970,881,1
2971,881,1
2972,881,1
2973,881,1
2974,881,1
2975,881,1
2976,881,1
2977,881,1
2978,881,1
2979,881,1
2980,881,1
2981,881,1
2982,881,1
2983,881,1
2984,881,1
2985,881,1
2986,880,1
2987,880,1
2988,880,1
2989,880,1
2990,880,1
2991,880,1
2992,880,1
2993,880,1
2994,880,1
2995,880,1
2996,880,1
2997,880,1
2998,880,1
2999,880,1
3000,880,1
3001,880,1
3002,880,1
3003,880,1
3004,880,1
3005,880,1
3006,880,1
3007,880,1
3008,880,1
3009,880,1
3010,880,1
3011,880,1
3012,880,1
3013,880,1
3014,880,1
3015,880,1
3016,880,1
3017,880,1
3018,880,1
3019,880,1
3020,880,1
3021,880,1
3022,880,1
3023,880,1
3024,880,1
3025,880,1
3026,880,1
3027,879,1
3028,879,1
3029,879,1
3030,879,1
3031,879,1
3032,879,1
3033,879,1
3034,879,1
3035,879,1
3036,879,1
3037,879,1
3038,879,1
3039,879,1
3040,879,1
3041,879,1
3042,879,1
3043,879,1
3044,879,1
3045,879,1
3046,879,1
3047,879,1
3048,879,1
3049,879,1
3050,879,1
3051,879,1
3052,879,1
3053,879,1
3054,879,1
3055,879,1
3056,879,1
3057,879,1
3058,879,1
3059,879,1
3060,879,1
3061,879,1
3062,879,1
3063,879,1
3064,879,1
3065,879,1
3066,879,1
3067,878,1
3068,878,1
3069,878,1
3070,878,1
3071,878,1
3072,878,1
3073,878,1
3074,878,1
3075,878,1
3076,878,1
3077,878,1
3078,878,1
3079,878,1
3080,878,1
3081,878,1
3082,878,1
3083,878,1
3084,878,1
3085,878,1
3086,878,1
3087,878,1
3088,878,1
3089,878,1
3090,878,1
3091,878,1
3092,878,1
3093,878,1
3094,878,1
3095,878,1
3096,878,1
3097,878,1
3098,878,1
3099,878,1
3100,878,1
3101,878,1
3102,878,1
3103,878,1
3104,879,1
3105,879,1
3106,879,1
3107,879,1
3108,879,1
3109,879,1
3110,879,1
3111,879,1
3112,879,1
3113,879,1
3114,879,1
3115,879,1
3116,879,1
3117,879,1
3118,879,1
3119,879,1
3120,879,1
3121,879,1
3122,879,1
3123,879,1
3124,879,1
3125,879,1
3126,879,1
3127,879,1
3128,879,1
3129,879,1
3130,879,1
3131,879,1
3132,879,1
3133,879,1
3134,879,1
3135,879,1
3136,879,1
3137,879,1
3138,879,1
3139,879,1
3140,879,1
3141,879,1
3142,879,1
3143,879,1
3144,880,1
3145,880,1
3146,880,1
3147,880,1
3148,880,1
3149,880,1
3150,880,1
3151,880,1
3152,880,1
3153,880,1
3154,880,1
3155,880,1
3156,880,1
3157,880,1
3158,880,1
3159,880,1
3160,880,1
3161,880,1
3162,880,1
3163,880,1
3164,880,1
3165,880,1
3166,880,1
3167,880,1
3168,880,1
3169,880,1
3170,880,1
3171,880,1
3172,880,1
3173,880,1
3174,880,1
3175,880,1
3176,880,1
3177,880,1
3178,880,1
3179,881,1
3180,881,1
3181,881,1
3182,881,1
3183,881,1
3184,881,1
3185,881,1
3186,881,1
3187,881,1
3188,881,1
3189,881,1
3190,881,1
3191,881,1
3192,881,1
3193,881,1
3194,881,1
3195,881,1
3196,881,1
3197,881,1
3198,881,1
3199,881,1
3200,881,1
3201,881,1
3202,882,1
3203,882,1
3204,882,1
3205,882,1
3206,882,1
3207,882,1
3208,882,1
3209,882,1
3210,882,1
3211,882,1
3212,882,1
3213,882,1
3214,882,1
3215,882,1
3216,882,1
3217,882,1
3218,882,1
3219,882,1
3220,882,1
3221,882,1
3222,882,1
3223,882,1
3224,882,1
3225,883,1
3226,883,1
3227,883,1
3228,883,1
3229,883,1
3230,883,1
3231,883,1
3232,883,1
3233,883,1
3234,883,1
3235,883,1
3236,883,1
3237,883,1
3238,883,1
3239,883,1
3240,883,1
3241,883,1
3242,884,1
3243,884,1
3244,884,1
3245,884,1
3246,884,1
3247,884,1
3248,884,1
3249,884,1
3250,884,1
3251,884,1
3252,884,1
3253,884,1
3254,884,1
3255,884,1
3256,884,1
3257,884,1
3258,885,1
3259,885,1
3260,885,1
3261,885,1
3262,885,1
3263,885,1
3264,885,1
3265,885,1
3266,885,1
3267,885,1
3268,885,1
3269,885,1
3270,885,1
3271,885,1
3272,885,1
3273,886,1
3274,886,1
3275,886,1
3276,886,1
3277,886,1
3278,886,1
3279,886,1
3280,886,1
3281,886,1
3282,886,1
3283,886,1
3284,886,1
3285,886,1
3286,886,1
3287,886,1
3288,886,1
3289,886,1
3290,887,1
3291,887,1
3292,887,1
3293,887,1
3294,887,1
3295,887,1
3296,887,1
3297,887,1
3298,887,1
3299,887,1
3300,887,1
3301,887,1
3302,887,1
3303,887,1
3304,887,1
3305,887,1
3306,887,1
3307,888,1
3308,888,1
3309,888,1
3310,888,1
3311,888,1
3312,888,1
3313,888,1
3314,888,1
3315,888,1
3316,888,1
3317,888,1
3318,888,1
3319,888,1
3320,888,1
3321,888,1
3322,888,1
3323,889,1
3324,889,1
3325,889,1
3326,889,1
3327,889,1
3328,889,1
3329,889,1
3330,889,1
3331,889,1
3332,889,1
3333,889,1
3334,889,1
3335,889,1
3336,889,1
3337,890,1
3338,890,1
3339,890,1
3340,890,1
3341,890,1
3342,890,1
3343,890,1
3344,890,1
3345,890,1
3346,890,1
3347,890,1
3348,890,1
3349,890,1
3350,890,1
3351,890,1
3352,890,1
3353,891,1
3354,891,1
3355,891,1
3356,891,1
3357,891,1
3358,891,1
3359,891,1
3360,891,1
3361,891,1
3362,891,1
3363,891,1
3364,891,1
3365,891,1
3366,891,1
3367,892,1
3368,892,1
3369,892,1
3370,892,1
3371,892,1
3372,892,1
3373,892,1
3374,892,1
3375,892,1
3376,892,1
3377,892,1
3378,892,1
3379,892,1
3380,892,1
3381,892,1
3382,893,1
3383,893,1
3384,893,1
3385,893,1
3386,893,1
3387,893,1
3388,893,1
3389,893,1
3390,893,1
3391,893,1
3392,893,1
3393,893,1
3394,894,1
3395,894,1
3396,894,1
3397,894,1
3398,894,1
3399,894,1
3400,894,1
3401,894,1
3402,894,1
3403,894,1
3404,894,1
3405,894,1
3406,894,1
3407,894,1
3408,894,1
3409,894,1
3410,894,1
3411,895,1
3412,895,1
3413,895,1
3414,895,1
3415,895,1
3416,895,1
3417,895,1
3418,895,1
3419,895,1
3420,896,1
3421,896,1
3422,896,1
3423,896,1
3424,896,1
3425,896,1
3426,896,1
3427,896,1
3428,896,1
3429,896,1
3430,896,1
3431,896,1
3432,896,1
3433,896,1
3434,896,1
3435,896,1
3436,896,1
3437,896,1
3438,896,1
3439,896,1
3440,896,1
3441,896,1
3442,896,1
3443,896,1
3444,896,1
3445,896,1
3446,896,1
3447,896,1
3448,896,1
3449,896,1
3450,896,1
3451,896,1
3452,896,1
3452,896,0
