1036,945,1
1037,945,1
1086,948,1
1087,948,1
1088,949,1
1089,949,1
1089,950,1
1090,950,1
1091,950,1
1092,951,1
1093,951,1
1094,952,1
1095,952,1
1096,953,1
1097,953,1
1097,954,1
1098,954,1
1099,954,1
1100,955,1
1101,955,1
1102,955,1
1103,956,1
1104,956,1
1105,957,1
1106,957,1
1107,958,1
1108,958,1
1109,959,1
1110,959,1
1111,960,1
1112,960,1
1113,961,1
1114,961,1
1115,962,1
1116,962,1
1116,963,1
1117,963,1
1118,964,1
1119,965,1
1120,965,1
1121,966,1
1122,966,1
1122,967,1
1123,967,1
1124,968,1
1125,969,1
1126,969,1
1126,970,1
1127,970,1
1128,971,1
1129,972,1
1130,972,1
1131,973,1
1131,974,1
1132,974,1
1133,975,1
1134,976,1
1135,977,1
1136,978,1
1137,978,1
1137,979,1
1138,980,1
1139,980,1
1140,981,1
1140,982,1
1141,983,1
1142,983,1
1142,984,1
1143,985,1
1144,986,1
1145,987,1
1146,988,1
1146,989,1
1147,989,1
1148,990,1
1148,991,1
1149,992,1
1150,992,1
1150,993,1
1151,994,1
1152,995,1
1152,996,1
1153,996,1
1153,997,1
1154,998,1
1155,999,1
1155,1000,1
1156,1000,1
1156,1001,1
1157,1002,1
1157,1003,1
1158,1004,1
1158,1005,1
1159,1005,1
1159,1006,1
1160,1007,1
1161,1008,1
1161,1009,1
1162,1010,1
1162,1011,1
1163,1011,1
1163,1012,1
1164,1013,1
1164,1014,1
1165,1015,1
1165,1016,1
1165,1017,1
1166,1018,1
1167,1019,1
1167,1020,1
1168,1021,1
1168,1022,1
1168,1023,1
1169,1024,1
1169,1025,1
1170,1026,1
1170,1027,1
1170,1028,1
1171,1028,1
1171,1029,1
1172,1030,1
1172,1031,1
1172,1032,1
1173,1033,1
1173,1034,1
1173,1035,1
1174,1036,1
1174,1037,1
1174,1038,1
1175,1039,1
1175,1040,1
1176,1041,1
1176,1042,1
1176,1043,1
1176,1044,1
1177,1044,1
1177,1045,1
1177,1046,1
1178,1047,1
1178,1048,1
1178,1049,1
1179,1050,1
1179,1051,1
1179,1052,1
1179,1053,1
1180,1054,1
1180,1055,1
1180,1056,1
1180,1057,1
1181,1058,1
1181,1059,1
1181,1060,1
1181,1061,1
1182,1062,1
1182,1063,1
1182,1064,1
1182,1065,1
1183,1066,1
1183,1067,1
1183,1068,1
1183,1069,1
1183,1070,1
1184,1071,1
1184,1072,1
1184,1073,1
1184,1074,1
1184,1075,1
1184,1076,1
1185,1077,1
1185,1078,1
1185,1079,1
1185,1080,1
1185,1081,1
1185,1082,1
1185,1083,1
1186,1084,1
1186,1085,1
1186,1086,1
1186,1087,1
1186,1088,1
1186,1089,1
1186,1090,1
1187,1090,1
1187,1091,1
1187,1092,1
1187,1093,1
1187,1094,1
1187,1095,1
1187,1096,1
1187,1097,1
1187,1098,1
1188,1099,1
1188,1100,1
1188,1101,1
1188,1102,1
1188,1103,1
1188,1104,1
1188,1105,1
1188,1155,1
1188,1156,1
1188,1157,1
1188,1158,1
1188,1159,1
1188,1160,1
1188,1161,1
1188,1162,1
1188,1163,1
1187,1164,1
1187,1165,1
1187,1166,1
1187,1167,1
1187,1168,1
1187,1169,1
1187,1170,1
1187,1171,1
1187,1172,1
1186,1173,1
1186,1174,1
1186,1175,1
1186,1176,1
1186,1177,1
1186,1178,1
1185,1179,1
1185,1180,1
1185,1181,1
1185,1182,1
1185,1183,1
1185,1184,1
1185,1185,1
1184,1186,1
1184,1187,1
1184,1188,1
1184,1189,1
1184,1190,1
1184,1191,1
1183,1192,1
1183,1193,1
1183,1194,1
1183,1195,1
1183,1196,1
1182,1197,1
1182,1198,1
1182,1199,1
1182,1200,1
1182,1201,1
1181,1202,1
1181,1203,1
1181,1204,1
1181,1205,1
1181,1206,1
1180,1207,1
1180,1208,1
1180,1209,1
1180,1210,1
1180,1211,1
1179,1212,1
1179,1213,1
1179,1214,1
1178,1215,1
1178,1216,1
1178,1217,1
1178,1218,1
1177,1219,1
1177,1220,1
1177,1221,1
1177,1222,1
1176,1223,1
1176,1224,1
1176,1225,1
1176,1226,1
1175,1227,1
1175,1228,1
1175,1229,1
1175,1230,1
1174,1231,1
1174,1232,1
1174,1233,1
1174,1234,1
1173,1235,1
1173,1236,1
1172,1237,1
1172,1238,1
1172,1239,1
1172,1240,1
1171,1241,1
1171,1242,1
1171,1243,1
1170,1244,1
1170,1245,1
1170,1246,1
1169,1247,1
1169,1248,1
1169,1249,1
1168,1250,1
1168,1251,1
1168,1252,1
1167,1253,1
1167,1254,1
1167,1255,1
1166,1255,1
1166,1256,1
1166,1257,1
1165,1258,1
1165,1259,1
1165,1260,1
1164,1261,1
1164,1262,1
1164,1263,1
1163,1264,1
1163,1265,1
1163,1266,1
1162,1267,1
1162,1268,1
1161,1269,1
1161,1270,1
1161,1271,1
1160,1272,1
1160,1273,1
1159,1274,1
1159,1275,1
1158,1276,1
1158,1277,1
1157,1278,1
1157,1279,1
1156,1280,1
1156,1281,1
1156,1282,1
1155,1283,1
1155,1284,1
1154,1285,1
1154,1286,1
1153,1287,1
1153,1288,1
1152,1289,1
1152,1290,1
1151,1291,1
1151,1292,1
1150,1293,1
1150,1294,1
1149,1295,1
1149,1296,1
1148,1297,1
1148,1298,1
1147,1298,1
1147,1299,1
1146,1300,1
1146,1301,1
1145,1302,1
1145,1303,1
1144,1304,1
1144,1305,1
1143,1306,1
1142,1307,1
1142,1308,1
1141,1309,1
1141,1310,1
1140,1311,1
1140,1312,1
1139,1313,1
1138,1313,1
1138,1314,1
1137,1315,1
1137,1316,1
1136,1317,1
1136,1318,1
1135,1319,1
1134,1319,1
1134,1320,1
1133,1321,1
1133,1322,1
1132,1323,1
1132,1324,1
1131,1325,1
1130,1325,1
1130,1326,1
1129,1327,1
1128,1328,1
1128,1329,1
1127,1330,1
1126,1331,1
1125,1332,1
1125,1333,1
1124,1334,1
1123,1335,1
1122,1336,1
1121,1337,1
1121,1338,1
1120,1339,1
1119,1339,1
1119,1340,1
1118,1341,1
1117,1342,1
1117,1343,1
1116,1343,1
1115,1344,1
1115,1345,1
1114,1346,1
1113,1346,1
1113,1347,1
1112,1348,1
1111,1349,1
1110,1350,1
1109,1351,1
1108,1352,1
1107,1353,1
1106,1354,1
1105,1355,1
1104,1356,1
1103,1357,1
1102,1358,1
1101,1359,1
1100,1360,1
1099,1360,1
1099,1361,1
1098,1362,1
1097,1362,1
1096,1363,1
1095,1364,1
1094,1365,1
1093,1366,1
1092,1366,1
1091,1367,1
1091,1368,1
1090,1368,1
1089,1369,1
1088,1370,1
1087,1370,1
1087,1371,1
1086,1372,1
1085,1372,1
1084,1373,1
1083,1373,1
1082,1374,1
1081,1375,1
1080,1376,1
1079,1376,1
1078,1377,1
1077,1377,1
1077,1378,1
1076,1378,1
1075,1379,1
1074,1379,1
1073,1380,1
1072,1381,1
1071,1381,1
1071,1382,1
1070,1382,1
1069,1383,1
1068,1383,1
1067,1384,1
1066,1384,1
1065,1384,1
1064,1385,1
1063,1386,1
1062,1386,1
1061,1387,1
1060,1387,1
1059,1388,1
1058,1388,1
1057,1388,1
1056,1389,1
1055,1390,1
1054,1390,1
1053,1390,1
1052,1391,1
1051,1391,1
1050,1391,1
1049,1392,1
1048,1392,1
1047,1392,1
1047,1393,1
1046,1393,1
1045,1393,1
1044,1393,1
1043,1394,1
1042,1394,1
1041,1394,1
1040,1394,1
1039,1395,1
1038,1395,1
1037,1395,1
1036,1396,1
1035,1396,1
1034,1396,1
1033,1396,1
1032,1396,1
1031,1396,1
1030,1397,1
1029,1397,1
1028,1397,1
1027,1397,1
1026,1397,1
1025,1397,1
1024,1397,1
1023,1397,1
1022,1397,1
1021,1397,1
1020,1397,1
1019,1397,1
1018,1397,1
1017,1397,1
1016,1397,1
1015,1397,1
1014,1397,1
1013,1397,1
1012,1397,1
1011,1397,1
1010,1397,1
1009,1397,1
1008,1397,1
1007,1397,1
1006,1396,1
1005,1396,1
1004,1396,1
1003,1396,1
1002,1396,1
1001,1395,1
1000,1395,1
999,1395,1
998,1394,1
997,1394,1
996,1394,1
995,1394,1
994,1393,1
993,1393,1
992,1393,1
991,1392,1
990,1392,1
989,1391,1
988,1391,1
987,1390,1
986,1390,1
985,1389,1
984,1389,1
983,1388,1
982,1387,1
981,1387,1
980,1386,1
979,1386,1
979,1385,1
978,1385,1
978,1384,1
977,1384,1
976,1383,1
976,1382,1
975,1382,1
975,1381,1
974,1381,1
973,1380,1
972,1379,1
972,1378,1
971,1378,1
971,1377,1
970,1377,1
970,1376,1
969,1375,1
968,1374,1
968,1373,1
967,1373,1
967,1372,1
966,1371,1
965,1370,1
965,1369,1
964,1368,1
964,1367,1
963,1366,1
963,1365,1
962,1364,1
962,1363,1
962,1362,1
961,1361,1
961,1360,1
961,1359,1
960,1359,1
960,1358,1
960,1357,1
960,1356,1
959,1355,1
959,1354,1
959,1353,1
959,1352,1
959,1351,1
958,1350,1
958,1349,1
958,1348,1
958,1347,1
958,1346,1
958,1345,1
958,1344,1
958,1343,1
957,1342,1
957,1341,1
957,1340,1
957,1339,1
957,1338,1
957,1337,1
958,1337,1
958,1336,1
958,1335,1
958,1334,1
958,1333,1
958,1332,1
958,1331,1
958,1330,1
958,1329,1
958,1328,1
958,1327,1
959,1326,1
959,1325,1
959,1324,1
959,1323,1
960,1322,1
960,1321,1
960,1320,1
960,1319,1
961,1318,1
961,1317,1
961,1316,1
962,1316,1
962,1315,1
962,1314,1
963,1313,1
963,1312,1
963,1311,1
964,1310,1
964,1309,1
965,1308,1
965,1307,1
965,1306,1
966,1305,1
966,1304,1
967,1304,1
967,1303,1
968,1302,1
968,1301,1
969,1300,1
969,1299,1
970,1299,1
970,1298,1
971,1297,1
971,1296,1
972,1295,1
972,1294,1
973,1294,1
973,1293,1
974,1292,1
974,1291,1
975,1290,1
975,1289,1
976,1289,1
977,1288,1
977,1287,1
978,1286,1
979,1285,1
980,1284,1
980,1283,1
981,1283,1
982,1282,1
982,1281,1
983,1280,1
984,1279,1
985,1278,1
986,1277,1
987,1276,1
988,1275,1
989,1274,1
990,1273,1
991,1273,1
991,1272,1
992,1271,1
993,1271,1
994,1270,1
994,1269,1
995,1269,1
996,1268,1
997,1268,1
997,1267,1
998,1266,1
999,1266,1
1000,1265,1
1000,1264,1
1001,1264,1
1002,1263,1
1003,1263,1
1004,1262,1
1005,1262,1
1005,1261,1
1006,1261,1
1007,1260,1
1008,1260,1
1009,1259,1
1010,1259,1
1010,1258,1
1011,1258,1
1012,1257,1
1013,1257,1
1014,1256,1
1015,1256,1
1016,1255,1
1017,1255,1
1017,1254,1
1018,1254,1
1019,1253,1
1020,1253,1
1021,1253,1
1022,1252,1
1023,1252,1
1024,1251,1
1025,1251,1
1026,1250,1
1027,1250,1
1028,1249,1
1029,1249,1
1030,1249,1
1031,1248,1
1032,1248,1
1033,1248,1
1034,1247,1
1035,1247,1
1036,1247,1
1037,1246,1
1038,1246,1
1039,1246,1
1040,1245,1
1041,1245,1
1042,1245,1
1043,1245,1
1044,1244,1
1045,1244,1
1046,1244,1
1047,1244,1
1048,1244,1
1049,1243,1
1050,1243,1
1051,1243,1
1052,1243,1
1053,1243,1
1054,1243,1
1055,1242,1
1056,1242,1
1057,1242,1
1058,1242,1
1059,1242,1
1060,1242,1
1061,1242,1
1062,1241,1
1063,1241,1
1064,1241,1
1065,1241,1
1066,1241,1
1067,1241,1
1068,1241,1
1069,1241,1
1070,1241,1
1071,1241,1
1072,1241,1
1073,1241,1
1074,1241,1
1075,1241,1
1076,1241,1
1077,1241,1
1078,1241,1
1079,1241,1
1080,1241,1
1081,1241,1
1082,1242,1
1083,1242,1
1084,1242,1
1085,1242,1
1086,1242,1
1087,1242,1
1088,1242,1
1089,1242,1
1090,1242,1
1091,1242,1
1092,1243,1
1093,1243,1
1094,1243,1
1095,1243,1
1096,1243,1
1097,1243,1
1098,1244,1
1099,1244,1
1100,1244,1
1101,1244,1
1102,1245,1
1103,1245,1
1104,1245,1
1105,1245,1
1106,1245,1
1107,1246,1
1108,1246,1
1109,1246,1
1110,1246,1
1111,1247,1
1112,1247,1
1113,1247,1
1114,1248,1
1115,1248,1
1116,1248,1
1117,1248,1
1117,1249,1
1118,1249,1
1119,1249,1
1120,1250,1
1121,1250,1
1122,1250,1
1123,1251,1
1124,1251,1
1125,1251,1
1126,1252,1
1127,1253,1
1128,1253,1
1129,1253,1
1130,1254,1
1131,1254,1
1132,1254,1
1133,1255,1
1134,1255,1
1134,1256,1
1135,1256,1
1136,1257,1
1137,1257,1
1138,1257,1
1139,1258,1
1140,1258,1
1141,1259,1
1142,1260,1
1143,1260,1
1144,1261,1
1145,1261,1
1146,1262,1
1147,1262,1
1148,1263,1
1149,1264,1
1150,1264,1
1151,1265,1
1152,1265,1
1153,1266,1
1154,1266,1
1155,1267,1
1156,1268,1
1157,1269,1
1158,1269,1
1159,1270,1
1160,1270,1
1161,1271,1
1162,1272,1
1163,1272,1
1163,1273,1
1164,1274,1
1165,1274,1
1166,1275,1
1167,1275,1
1168,1276,1
1169,1277,1
1170,1277,1
1171,1278,1
1171,1279,1
1172,1279,1
1173,1280,1
1174,1281,1
1175,1281,1
1176,1282,1
1177,1283,1
1178,1284,1
1179,1284,1
1179,1285,1
1180,1286,1
1181,1286,1
1182,1287,1
1183,1288,1
1184,1289,1
1185,1289,1
1186,1290,1
1186,1291,1
1187,1292,1
1188,1292,1
1189,1293,1
1190,1294,1
1191,1295,1
1192,1295,1
1192,1296,1
1193,1297,1
1194,1298,1
1195,1298,1
1196,1299,1
1197,1300,1
1198,1301,1
1199,1302,1
1200,1303,1
1201,1304,1
1202,1305,1
1203,1305,1
1203,1306,1
1204,1307,1
1205,1308,1
1206,1309,1
1207,1309,1
1208,1310,1
1208,1311,1
1209,1312,1
1210,1313,1
1211,1314,1
1212,1314,1
1212,1315,1
1213,1316,1
1214,1317,1
1215,1318,1
1215,1319,1
1216,1319,1
1217,1320,1
1218,1321,1
1219,1322,1
1219,1323,1
1220,1324,1
1221,1324,1
1222,1325,1
1222,1326,1
1223,1327,1
1224,1328,1
1225,1329,1
1226,1330,1
1227,1331,1
1228,1332,1
1228,1333,1
1229,1334,1
1230,1335,1
1231,1335,1
1232,1336,1
1232,1337,1
1233,1338,1
1234,1339,1
1235,1340,1
1235,1341,1
1236,1341,1
1237,1342,1
1238,1343,1
1238,1344,1
1239,1345,1
1240,1346,1
1241,1347,1
1241,1348,1
1242,1348,1
1243,1349,1
1243,1350,1
1244,1351,1
1245,1352,1
1246,1353,1
1246,1354,1
1247,1355,1
1248,1356,1
1249,1357,1
1250,1358,1
1251,1359,1
1251,1360,1
1252,1361,1
1253,1362,1
1254,1363,1
1254,1364,1
1255,1365,1
1256,1366,1
1257,1367,1
1258,1368,1
1259,1369,1
1259,1370,1
1260,1371,1
1261,1372,1
1261,1373,1
1262,1373,1
1263,1374,1
1263,1375,1
1264,1376,1
1265,1377,1
1266,1378,1
1266,1379,1
1267,1379,1
1268,1380,1
1268,1381,1
1269,1382,1
1270,1383,1
1271,1384,1
1271,1385,1
1272,1385,1
1273,1386,1
1273,1387,1
1274,1388,1
1275,1389,1
1276,1389,1
1276,1390,1
1277,1391,1
1278,1392,1
1279,1393,1
1280,1394,1
1281,1395,1
1281,1396,1
1282,1396,1
1283,1397,1
1284,1398,1
1284,1399,1
1285,1399,1
1286,1400,1
1287,1401,1
1288,1402,1
1289,1403,1
1290,1404,1
1291,1405,1
1292,1406,1
1293,1407,1
1294,1407,1
1294,1408,1
1295,1409,1
1296,1410,1
1297,1410,1
1297,1411,1
1298,1412,1
1299,1412,1
1300,1413,1
1301,1413,1
1302,1414,1
1302,1415,1
1303,1415,1
1304,1416,1
1305,1417,1
1306,1417,1
1306,1418,1
1307,1418,1
1308,1419,1
1309,1419,1
1310,1420,1
1311,1421,1
1312,1421,1
1312,1422,1
1313,1422,1
1314,1423,1
1315,1423,1
1316,1424,1
1317,1424,1
1318,1425,1
1319,1426,1
1320,1426,1
1321,1427,1
1322,1427,1
1323,1427,1
1324,1428,1
1325,1429,1
1326,1429,1
1327,1429,1
1328,1430,1
1329,1430,1
1330,1430,1
1330,1431,1
1331,1431,1
1332,1431,1
1333,1431,1
1334,1432,1
1335,1432,1
1336,1432,1
1337,1433,1
1338,1434,1
1339,1434,1
1340,1435,1
1341,1435,1
1342,1435,1
1343,1436,1
1344,1436,1
1345,1437,1
1346,1437,1
1347,1437,1
1348,1438,1
1349,1438,1
1350,1438,1
1351,1438,1
1352,1439,1
1353,1439,1
1354,1439,1
1355,1439,1
1356,1440,1
1357,1440,1
1358,1440,1
1359,1440,1
1360,1440,1
1361,1440,1
1362,1440,1
1363,1440,1
1364,1440,1
1365,1440,1
1366,1440,1
1367,1440,1
1368,1440,1
1369,1439,1
1370,1439,1
1371,1439,1
1372,1439,1
1373,1438,1
1374,1438,1
1375,1437,1
1376,1437,1
1377,1437,1
1377,1436,1
1378,1436,1
1379,1435,1
1379,1434,1
1380,1434,1
1381,1433,1
1382,1432,1
1382,1431,1
1383,1430,1
1383,1429,1
1384,1429,1
1385,1428,1
1385,1427,1
1386,1426,1
1386,1425,1
1386,1424,1
1386,1423,1
1393,1292,0
1423,1114,1
1423,1115,1
1423,1116,1
1423,1117,1
1423,1118,1
1423,1119,1
1423,1120,1
1423,1121,1
1423,1122,1
1423,1123,1
1423,1124,1
1423,1125,1
1423,1126,1
1423,1127,1
1423,1128,1
1423,1129,1
1423,1130,1
1422,1131,1
1422,1132,1
1422,1133,1
1422,1134,1
1421,1135,1
1421,1136,1
1421,1137,1
1421,1138,1
1421,1139,1
1421,1140,1
1421,1141,1
1421,1142,1
1421,1143,1
1420,1144,1
1420,1145,1
1420,1146,1
1420,1147,1
1420,1148,1
1420,1149,1
1421,1150,1
1421,1151,1
1421,1152,1
1421,1153,1
1421,1154,1
1421,1155,1
1421,1156,1
1421,1157,1
1421,1158,1
1421,1159,1
1421,1160,1
1421,1161,1
1421,1162,1
1421,1163,1
1421,1164,1
1421,1165,1
1421,1166,1
1421,1167,1
1422,1168,1
1422,1169,1
1422,1170,1
1422,1171,1
1422,1172,1
1422,1173,1
1422,1174,1
1423,1175,1
1423,1176,1
1423,1177,1
1423,1178,1
1423,1179,1
1423,1180,1
1423,1181,1
1423,1182,1
1423,1183,1
1423,1184,1
1423,1185,1
1424,1186,1
1424,1187,1
1424,1188,1
1424,1189,1
1424,1190,1
1424,1191,1
1424,1192,1
1424,1193,1
1424,1194,1
1425,1195,1
1425,1196,1
1425,1197,1
1425,1198,1
1425,1199,1
1425,1200,1
1425,1201,1
1426,1202,1
1426,1203,1
1426,1204,1
1426,1205,1
1426,1206,1
1426,1207,1
1427,1208,1
1427,1209,1
1427,1210,1
1427,1211,1
1428,1212,1
1428,1213,1
1428,1214,1
1429,1215,1
1429,1216,1
1429,1217,1
1429,1218,1
1430,1219,1
1430,1220,1
1430,1221,1
1430,1222,1
1431,1223,1
1431,1224,1
1431,1225,1
1432,1226,1
1432,1227,1
1432,1228,1
1433,1229,1
1433,1230,1
1433,1231,1
1434,1232,1
1434,1233,1
1435,1234,1
1435,1235,1
1435,1236,1
1436,1237,1
1436,1238,1
1436,1239,1
1437,1240,1
1437,1241,1
1438,1242,1
1438,1243,1
1438,1244,1
1439,1245,1
1439,1246,1
1440,1247,1
1440,1248,1
1440,1249,1
1441,1249,1
1441,1250,1
1442,1251,1
1442,1252,1
1443,1253,1
1443,1254,1
1443,1255,1
1444,1256,1
1445,1257,1
1445,1258,1
1446,1259,1
1446,1260,1
1447,1261,1
1447,1262,1
1448,1262,1
1448,1263,1
1449,1264,1
1449,1265,1
1450,1266,1
1451,1267,1
1451,1268,1
1452,1269,1
1452,1270,1
1453,1270,1
1454,1271,1
1454,1272,1
1455,1273,1
1455,1274,1
1456,1274,1
1456,1275,1
1457,1276,1
1458,1277,1
1459,1278,1
1459,1279,1
1460,1280,1
1461,1280,1
1461,1281,1
1462,1282,1
1463,1283,1
1464,1284,1
1464,1285,1
1465,1285,1
1466,1286,1
1466,1287,1
1467,1287,1
1467,1288,1
1468,1289,1
1469,1289,1
1469,1290,1
1470,1291,1
1471,1291,1
1471,1292,1
1472,1292,1
1473,1293,1
1473,1294,1
1474,1294,1
1475,1295,1
1476,1296,1
1477,1297,1
1478,1297,1
1478,1298,1
1479,1298,1
1480,1299,1
1481,1299,1
1481,1300,1
1482,1300,1
1483,1301,1
1484,1301,1
1484,1302,1
1485,1302,1
1486,1303,1
1487,1303,1
1487,1304,1
1488,1304,1
1489,1305,1
1490,1305,1
1491,1305,1
1491,1306,1
1492,1306,1
1493,1307,1
1494,1307,1
1495,1307,1
1495,1308,1
1496,1308,1
1497,1309,1
1498,1309,1
1499,1309,1
1499,1310,1
1500,1310,1
1501,1310,1
1502,1311,1
1503,1311,1
1504,1311,1
1504,1312,1
1505,1312,1
1506,1312,1
1507,1312,1
1508,1313,1
1509,1313,1
1510,1313,1
1511,1314,1
1512,1314,1
1513,1314,1
1514,1314,1
1515,1314,1
1516,1315,1
1517,1315,1
1518,1315,1
1519,1315,1
1520,1315,1
1521,1315,1
1522,1315,1
1523,1315,1
1524,1315,1
1525,1315,1
1526,1315,1
1527,1315,1
1528,1315,1
1529,1315,1
1530,1315,1
1531,1315,1
1532,1315,1
1533,1315,1
1534,1315,1
1535,1315,1
1536,1315,1
1537,1315,1
1538,1315,1
1539,1315,1
1539,1314,1
1540,1314,1
1541,1314,1
1542,1314,1
1543,1314,1
1544,1314,1
1544,1313,1
1545,1313,1
1546,1313,1
1547,1313,1
1548,1312,1
1549,1312,1
1550,1312,1
1551,1311,1
1552,1311,1
1553,1311,1
1554,1310,1
1555,1310,1
1556,1310,1
1557,1309,1
1558,1309,1
1559,1308,1
1560,1308,1
1560,1307,1
1561,1307,1
1562,1307,1
1563,1306,1
1564,1305,1
1565,1305,1
1566,1305,1
1567,1304,1
1568,1303,1
1569,1303,1
1570,1302,1
1571,1301,1
1572,1301,1
1573,1300,1
1574,1299,1
1575,1299,1
1575,1298,1
1576,1297,1
1577,1297,1
1578,1296,1
1579,1295,1
1580,1295,1
1580,1294,1
1581,1294,1
1582,1293,1
1582,1292,1
1583,1292,1
1584,1291,1
1585,1290,1
1586,1289,1
1587,1288,1
1587,1287,1
1588,1287,1
1589,1286,1
1589,1285,1
1590,1285,1
1591,1284,1
1591,1283,1
1592,1282,1
1593,1281,1
1593,1280,1
1594,1280,1
1595,1279,1
1595,1278,1
1596,1278,1
1596,1277,1
1597,1276,1
1597,1275,1
1598,1275,1
1598,1274,1
1599,1273,1
1599,1272,1
1600,1271,1
1601,1270,1
1601,1269,1
1602,1268,1
1603,1267,1
1603,1266,1
1604,1265,1
1604,1264,1
1605,1264,1
1605,1263,1
1606,1262,1
1606,1261,1
1607,1260,1
1607,1259,1
1608,1258,1
1608,1257,1
1609,1256,1
1609,1255,1
1609,1254,1
1610,1254,1
1610,1253,1
1611,1252,1
1611,1251,1
1611,1250,1
1612,1249,1
1612,1248,1
1613,1248,1
1613,1247,1
1613,1246,1
1614,1245,1
1614,1244,1
1614,1243,1
1615,1242,1
1615,1241,1
1616,1240,1
1616,1239,1
1616,1238,1
1617,1237,1
1617,1236,1
1617,1235,1
1618,1235,1
1618,1234,1
1618,1233,1
1619,1232,1
1619,1231,1
1619,1230,1
1620,1229,1
1620,1228,1
1620,1227,1
1621,1226,1
1621,1225,1
1621,1224,1
1622,1223,1
1622,1222,1
1623,1221,1
1623,1220,1
1623,1219,1
1624,1219,1
1624,1218,1
1624,1217,1
1625,1216,1
1625,1215,1
1626,1214,1
1626,1213,1
1626,1212,1
1627,1212,1
1627,1211,1
1627,1210,1
1628,1210,1
1628,1209,1
1629,1208,1
1629,1207,1
1630,1206,1
1631,1205,1
1631,1204,1
1632,1203,1
1632,1202,1
1633,1202,1
1633,1201,1
1634,1200,1
1634,1199,1
1635,1199,1
1635,1198,1
1636,1198,1
1636,1197,1
1637,1196,1
1638,1195,1
1639,1194,1
1640,1193,1
1641,1193,1
1641,1192,1
1642,1192,1
1642,1191,1
1643,1191,1
1643,1190,1
1644,1190,1
1645,1189,1
1646,1188,1
1647,1188,1
1647,1187,1
1648,1187,1
1649,1187,1
1649,1186,1
1650,1186,1
1651,1186,1
1652,1185,1
1653,1185,1
1653,1184,1
1654,1184,1
1655,1184,1
1656,1184,1
1657,1183,1
1658,1183,1
1659,1183,1
1660,1182,1
1661,1182,1
1662,1182,1
1663,1182,1
1664,1182,1
1664,1181,1
1665,1181,1
1666,1181,1
1667,1181,1
1668,1181,1
1669,1181,1
1670,1181,1
1671,1181,1
1672,1180,1
1673,1180,1
1674,1180,1
1675,1180,1
1676,1180,1
1677,1180,1
1678,1180,1
1679,1180,1
1680,1180,1
1681,1180,1
1682,1180,1
1683,1180,1
1684,1180,1
1685,1180,1
1686,1180,1
1687,1180,1
1688,1180,1
1689,1180,1
1690,1180,1
1691,1180,1
1692,1180,1
1693,1180,1
1694,1180,1
1695,1180,1
1696,1180,1
1697,1180,1
1698,1180,1
1699,1180,1
1700,1181,1
1701,1181,1
1702,1181,1
1703,1181,1
1704,1181,1
1705,1181,1
1706,1181,1
1707,1181,1
1708,1181,1
1709,1181,1
1710,1181,1
1711,1181,1
1712,1181,1
1713,1181,1
1714,1181,1
1715,1181,1
1716,1181,1
1717,1181,1
1718,1181,1
1719,1181,1
1720,1181,1
1721,1181,1
1722,1181,1
1723,1181,1
1724,1181,1
1725,1181,1
1726,1181,1
1727,1181,1
1728,1181,1
1729,1181,1
1730,1181,1
1731,1181,1
1732,1180,1
1733,1180,1
1734,1180,1
1735,1180,1
1736,1180,1
1737,1180,1
1738,1180,1
1739,1180,1
1740,1179,1
1741,1179,1
1742,1179,1
1743,1179,1
1744,1179,1
1745,1179,1
1746,1179,1
1747,1179,1
1748,1178,1
1749,1178,1
1750,1178,1
1751,1178,1
1752,1178,1
1753,1178,1
1754,1177,1
1755,1177,1
1756,1177,1
1757,1177,1
1758,1177,1
1759,1176,1
1760,1176,1
1761,1176,1
1762,1175,1
1763,1175,1
1764,1175,1
1765,1175,1
1766,1174,1
1767,1174,1
1768,1174,1
1769,1173,1
1770,1173,1
1771,1172,1
1772,1172,1
1773,1172,1
1774,1171,1
1775,1171,1
1776,1171,1
1777,1170,1
1778,1170,1
1779,1170,1
1780,1169,1
1781,1169,1
1782,1168,1
1783,1168,1
1784,1167,1
1785,1167,1
1786,1167,1
1787,1166,1
1788,1166,1
1789,1165,1
1790,1165,1
1791,1165,1
1792,1164,1
1793,1164,1
1793,1163,1
1794,1163,1
1795,1162,1
1796,1162,1
1797,1161,1
1798,1161,1
1799,1160,1
1800,1160,1
1801,1159,1
1802,1159,1
1803,1158,1
1804,1157,1
1805,1157,1
1806,1156,1
1807,1156,1
1808,1155,1
1809,1155,1
1810,1154,1
1810,1153,1
1811,1153,1
1812,1152,1
1813,1152,1
1814,1151,1
1815,1151,1
1815,1150,1
1816,1149,1
1817,1149,1
1818,1148,1
1819,1148,1
1820,1147,1
1820,1146,1
1821,1146,1
1822,1145,1
1823,1144,1
1824,1144,1
1824,1143,1
1825,1143,1
1826,1142,1
1827,1141,1
1828,1140,1
1829,1139,1
1830,1138,1
1831,1137,1
1832,1136,1
1833,1136,1
1833,1135,1
1834,1134,1
1835,1134,1
1835,1133,1
1836,1132,1
1837,1131,1
1838,1130,1
1839,1129,1
1839,1128,1
1840,1127,1
1841,1127,1
1841,1126,1
1842,1125,1
1843,1124,1
1844,1123,1
1845,1122,1
1845,1121,1
1846,1121,1
1846,1120,1
1847,1119,1
1848,1118,1
1848,1117,1
1849,1117,1
1849,1116,1
1850,1115,1
1850,1114,1
1851,1113,1
1851,1112,1
1852,1111,1
1853,1110,1
1853,1109,1
1854,1108,1
1854,1107,1
1855,1106,1
1855,1105,1
1856,1105,1
1856,1104,1
1857,1103,1
1857,1102,1
1858,1101,1
1858,1100,1
1859,1099,1
1860,1098,1
1860,1097,1
1860,1096,1
1861,1096,1
1861,1095,1
1862,1094,1
1862,1093,1
1863,1092,1
1863,1091,1
1863,1090,1
1864,1090,1
1864,1089,1
1864,1088,1
1865,1088,1
1865,1087,1
1865,1086,1
1866,1086,1
1866,1085,1
1866,1084,1
1867,1083,1
1867,1082,1
1868,1081,1
1868,1080,1
1869,1080,1
1869,1079,1
1869,1080,1
1869,1081,1
1869,1082,1
1869,1083,1
1869,1084,1
1869,1085,1
1868,1085,1
1868,1086,1
1868,1087,1
1868,1088,1
1868,1089,1
1868,1090,1
1868,1091,1
1867,1092,1
1867,1093,1
1867,1094,1
1867,1095,1
1867,1096,1
1867,1097,1
1866,1098,1
1866,1099,1
1866,1100,1
1866,1101,1
1866,1102,1
1866,1103,1
1866,1104,1
1865,1105,1
1865,1106,1
1865,1107,1
1865,1108,1
1865,1109,1
1865,1110,1
1864,1111,1
1864,1112,1
1864,1113,1
1864,1114,1
1864,1115,1
1864,1116,1
1864,1117,1
1863,1118,1
1863,1119,1
1863,1120,1
1863,1121,1
1863,1122,1
1863,1123,1
1863,1124,1
1862,1125,1
1862,1126,1
1862,1127,1
1862,1128,1
1862,1129,1
1862,1130,1
1862,1131,1
1862,1132,1
1861,1133,1
1861,1134,1
1861,1135,1
1861,1136,1
1861,1137,1
1861,1138,1
1861,1139,1
1861,1140,1
1861,1141,1
1860,1142,1
1860,1143,1
1860,1144,1
1860,1145,1
1860,1146,1
1860,1147,1
1860,1148,1
1859,1149,1
1859,1150,1
1859,1151,1
1859,1152,1
1859,1153,1
1859,1154,1
1859,1155,1
1858,1156,1
1858,1157,1
1858,1158,1
1858,1159,1
1858,1160,1
1858,1161,1
1858,1162,1
1858,1163,1
1857,1164,1
1857,1165,1
1857,1166,1
1857,1167,1
1857,1168,1
1857,1169,1
1857,1170,1
1857,1171,1
1856,1172,1
1856,1173,1
1856,1174,1
1856,1175,1
1856,1176,1
1856,1177,1
1856,1178,1
1856,1179,1
1856,1180,1
1855,1181,1
1855,1182,1
1855,1183,1
1855,1184,1
1855,1185,1
1855,1186,1
1855,1187,1
1854,1188,1
1854,1189,1
1854,1190,1
1854,1191,1
1854,1192,1
1854,1193,1
1854,1194,1
1853,1195,1
1853,1196,1
1853,1197,1
1853,1198,1
1853,1199,1
1853,1200,1
1853,1201,1
1853,1202,1
1852,1203,1
1852,1204,1
1852,1205,1
1852,1206,1
1852,1207,1
1852,1208,1
1852,1209,1
1852,1210,1
1852,1211,1
1851,1211,1
1851,1212,1
1851,1213,1
1851,1214,1
1851,1215,1
1851,1216,1
1851,1217,1
1851,1218,1
1851,1219,1
1850,1220,1
1850,1221,1
1850,1222,1
1850,1223,1
1850,1224,1
1850,1225,1
1850,1226,1
1850,1227,1
1849,1228,1
1849,1229,1
1849,1230,1
1849,1231,1
1849,1232,1
1849,1233,1
1849,1234,1
1849,1235,1
1848,1236,1
1848,1237,1
1848,1238,1
1848,1239,1
1848,1240,1
1848,1241,1
1848,1242,1
1848,1243,1
1848,1244,1
1847,1245,1
1847,1246,1
1847,1247,1
1847,1248,1
1847,1249,1
1847,1250,1
1847,1251,1
1847,1252,1
1847,1253,1
1846,1254,1
1846,1255,1
1846,1256,1
1846,1257,1
1846,1258,1
1846,1259,1
1846,1260,1
1846,1261,1
1845,1262,1
1845,1263,1
1845,1264,1
1845,1265,1
1845,1266,1
1845,1267,1
1845,1268,1
1845,1269,1
1844,1270,1
1844,1271,1
1844,1272,1
1844,1273,1
1844,1274,1
1844,1275,1
1844,1276,1
1844,1277,1
1843,1278,1
1843,1279,1
1843,1280,1
1843,1281,1
1843,1282,1
1843,1283,1
1843,1284,1
1843,1285,1
1843,1286,1
1842,1287,1
1842,1288,1
1842,1289,1
1842,1290,1
1842,1291,1
1842,1292,1
1842,1293,1
1842,1294,1
1841,1295,1
1841,1296,1
1841,1297,1
1841,1298,1
1841,1299,1
1841,1300,1
1841,1301,1
1840,1302,1
1840,1303,1
1840,1304,1
1840,1305,1
1840,1306,1
1840,1307,1
1840,1308,1
1840,1309,1
1839,1310,1
1839,1311,1
1839,1312,1
1839,1313,1
1839,1314,1
1839,1315,1
1839,1316,1
1839,1317,1
1839,1318,1
1838,1319,1
1838,1320,1
1838,1321,1
1838,1322,1
1838,1323,1
1838,1324,1
1837,1325,1
1837,1326,1
1837,1327,1
1837,1328,1
1837,1329,1
1837,1330,1
1837,1331,1
1836,1332,1
1836,1333,1
1836,1334,1
1836,1335,1
1836,1336,1
1836,1337,1
1836,1338,1
1835,1339,1
1835,1340,1
1835,1341,1
1835,1342,1
1835,1343,1
1835,1344,1
1834,1345,1
1834,1346,1
1834,1347,1
1834,1348,1
1834,1349,1
1834,1350,1
1833,1351,1
1833,1352,1
1833,1353,1
1833,1354,1
1833,1355,1
1833,1356,1
1833,1357,1
1832,1358,1
1832,1359,1
1832,1360,1
1832,1361,1
1832,1362,1
1832,1363,1
1831,1364,1
1831,1365,1
1831,1366,1
1831,1367,1
1831,1368,1
1831,1369,1
1830,1370,1
1830,1371,1
1830,1372,1
1830,1373,1
1830,1374,1
1830,1375,1
1829,1376,1
1829,1377,1
1829,1378,1
1829,1379,1
1829,1380,1
1828,1381,1
1828,1382,1
1828,1383,1
1828,1384,1
1828,1385,1
1828,1386,1
1827,1387,1
1827,1388,1
1827,1389,1
1826,1390,1
1826,1391,1
1826,1392,1
1826,1393,1
1826,1394,1
1826,1395,1
1825,1395,1
1825,1394,1
1825,1393,1
1825,1392,1
1826,1391,1
1826,1390,1
1827,1389,1
1827,1388,1
1827,1387,1
1827,1386,1
1910,1301,0
1995,1241,1
1995,1240,1
1995,1239,1
1995,1238,1
1994,1238,1
1994,1237,1
1993,1237,1
1993,1236,1
1992,1235,1
1992,1234,1
1991,1234,1
1991,1233,1
1990,1232,1
1990,1231,1
1990,1230,1
1990,1229,1
1989,1228,1
1989,1227,1
1989,1226,1
1989,1225,1
1989,1224,1
1989,1223,1
1989,1222,1
1990,1221,1
1990,1220,1
1990,1219,1
1991,1218,1
1991,1217,1
1992,1216,1
1992,1215,1
1993,1215,1
1993,1214,1
1994,1214,1
1994,1213,1
1995,1213,1
1995,1212,1
1996,1212,1
1996,1211,1
1997,1210,1
1998,1209,1
1999,1208,1
2000,1207,1
2001,1207,1
2001,1206,1
2002,1206,1
2003,1205,1
2004,1204,1
2005,1204,1
2006,1203,1
2007,1202,1
2008,1202,1
2009,1202,1
2009,1201,1
2010,1201,1
2011,1200,1
2012,1199,1
2013,1198,1
2014,1197,1
2015,1196,1
2016,1196,1
2016,1195,1
2017,1195,1
2018,1194,1
2019,1194,1
2019,1193,1
2020,1193,1
2021,1192,1
2022,1192,1
2022,1191,1
2023,1191,1
2024,1191,1
2025,1190,1
2026,1189,1
2027,1189,1
2028,1189,1
2028,1188,1
2029,1188,1
2030,1188,1
2031,1187,1
2032,1187,1
2033,1187,1
2033,1186,1
2034,1186,1
2035,1186,1
2036,1185,1
2037,1185,1
2038,1185,1
2038,1184,1
2039,1184,1
2040,1184,1
2041,1184,1
2042,1183,1
2043,1183,1
2044,1183,1
2045,1182,1
2046,1182,1
2047,1181,1
2048,1181,1
2049,1181,1
2050,1181,1
2051,1180,1
2052,1180,1
2053,1180,1
2054,1180,1
2054,1179,1
2055,1179,1
2056,1179,1
2057,1179,1
2058,1178,1
2059,1178,1
2060,1178,1
2061,1178,1
2062,1177,1
2063,1177,1
2064,1177,1
2065,1177,1
2066,1176,1
2067,1176,1
2068,1176,1
2069,1176,1
2070,1175,1
2071,1175,1
2072,1175,1
2073,1174,1
2074,1174,1
2075,1174,1
2076,1174,1
2077,1174,1
2078,1173,1
2079,1173,1
2080,1173,1
2081,1173,1
2082,1173,1
2083,1173,1
2084,1172,1
2085,1172,1
2086,1172,1
2087,1172,1
2088,1172,1
2089,1172,1
2090,1171,1
2091,1171,1
2092,1171,1
2093,1171,1
2094,1171,1
2095,1171,1
2096,1171,1
2097,1170,1
2098,1170,1
2099,1170,1
2100,1170,1
2101,1170,1
2102,1169,1
2103,1169,1
2104,1169,1
2105,1169,1
2106,1169,1
2107,1169,1
2108,1169,1
2109,1168,1
2110,1168,1
2111,1168,1
2112,1168,1
2113,1168,1
2114,1168,1
2115,1168,1
2116,1167,1
2117,1167,1
2118,1167,1
2119,1167,1
2120,1167,1
2121,1167,1
2122,1167,1
2123,1166,1
2124,1166,1
2125,1166,1
2126,1166,1
2127,1166,1
2128,1166,1
2129,1166,1
2130,1165,1
2131,1165,1
2132,1165,1
2133,1165,1
2134,1165,1
2135,1165,1
2136,1165,1
2137,1165,1
2138,1164,1
2139,1164,1
2140,1164,1
2141,1164,1
2142,1164,1
2143,1164,1
2144,1163,1
2145,1163,1
2146,1163,1
2147,1163,1
2148,1163,1
2149,1163,1
2150,1163,1
2151,1162,1
2152,1162,1
2153,1162,1
2154,1162,1
2155,1162,1
2156,1162,1
2157,1162,1
2158,1162,1
2159,1161,1
2160,1161,1
2161,1161,1
2162,1161,1
2163,1161,1
2164,1161,1
2165,1161,1
2166,1161,1
2167,1161,1
2168,1161,1
2169,1160,1
2170,1160,1
2171,1160,1
2172,1160,1
2173,1160,1
2174,1160,1
2175,1160,1
2176,1160,1
2177,1159,1
2178,1159,1
2179,1159,1
2180,1159,1
2181,1159,1
2182,1159,1
2183,1158,1
2184,1158,1
2185,1158,1
2186,1158,1
2187,1158,1
2188,1158,1
2189,1158,1
2190,1158,1
2191,1157,1
2192,1157,1
2193,1157,1
2194,1157,1
2195,1157,1
2196,1157,1
2197,1157,1
2198,1157,1
2199,1157,1
2200,1156,1
2201,1156,1
2202,1156,1
2203,1156,1
2204,1156,1
2205,1156,1
2206,1156,1
2207,1156,1
2208,1156,1
2209,1155,1
2210,1155,1
2211,1155,1
2212,1155,1
2213,1155,1
2214,1155,1
2215,1155,1
2216,1154,1
2217,1154,1
2218,1154,1
2219,1154,1
2220,1154,1
2221,1154,1
2222,1154,1
2223,1154,1
2224,1153,1
2225,1153,1
2226,1153,1
2227,1153,1
2228,1153,1
2229,1153,1
2230,1153,1
2231,1153,1
2232,1153,1
2233,1152,1
2234,1152,1
2235,1152,1
2236,1152,1
2237,1152,1
2238,1152,1
2239,1152,1
2240,1152,1
2241,1151,1
2242,1151,1
2243,1151,1
2244,1151,1
2245,1151,1
2246,1151,1
2247,1151,1
2248,1151,1
2249,1151,1
2250,1151,1
2251,1150,1
2252,1150,1
2253,1150,1
2254,1150,1
2255,1150,1
2256,1150,1
2257,1150,1
2258,1150,1
2259,1150,1
2260,1150,1
2261,1149,1
2262,1149,1
2263,1149,1
2264,1149,1
2265,1149,1
2266,1149,1
2267,1149,1
2268,1149,1
2269,1148,1
2270,1148,1
2271,1148,1
2272,1148,1
2273,1148,1
2274,1148,1
2275,1148,1
2276,1148,1
2277,1148,1
2278,1147,1
2279,1147,1
2280,1147,1
2281,1147,1
2282,1147,1
2283,1147,1
2284,1147,1
2285,1146,1
2286,1146,1
2287,1146,1
2288,1146,1
2289,1146,1
2290,1146,1
2291,1146,1
2292,1146,1
2293,1146,1
2294,1146,1
2295,1146,1
2296,1145,1
2297,1145,1
2298,1145,1
2299,1145,1
2300,1145,1
2301,1145,1
2302,1145,1
2303,1144,1
2304,1144,1
2305,1144,1
2306,1144,1
2307,1144,1
2308,1144,1
2309,1144,1
2310,1144,1
2311,1144,1
2312,1144,1
2313,1144,1
2314,1144,1
2315,1144,1
2316,1143,1
2317,1143,1
2318,1143,1
2319,1143,1
2320,1143,1
2321,1143,1
2322,1143,1
2323,1143,1
2324,1142,1
2325,1142,1
2326,1142,1
2327,1142,1
2328,1141,1
2329,1141,1
2330,1141,1
2331,1141,1
2332,1141,1
2333,1141,1
2334,1141,1
2335,1141,1
2336,1141,1
2312,1146,0
2318,1118,1
2318,1119,1
2318,1120,1
2318,1121,1
2318,1122,1
2318,1123,1
2318,1124,1
2318,1125,1
2318,1126,1
2318,1127,1
2318,1128,1
2318,1129,1
2318,1130,1
2318,1131,1
2318,1132,1
2318,1133,1
2318,1134,1
2318,1135,1
2318,1136,1
2318,1137,1
2318,1138,1
2318,1139,1
2318,1140,1
2318,1141,1
2318,1142,1
2318,1143,1
2318,1144,1
2318,1145,1
2318,1146,1
2318,1147,1
2318,1148,1
2318,1149,1
2318,1150,1
2318,1151,1
2318,1152,1
2318,1153,1
2318,1154,1
2318,1155,1
2318,1156,1
2318,1157,1
2318,1158,1
2318,1159,1
2318,1160,1
2318,1161,1
2318,1162,1
2318,1163,1
2318,1164,1
2318,1165,1
2318,1166,1
2318,1167,1
2318,1168,1
2318,1169,1
2318,1170,1
2318,1171,1
2318,1172,1
2318,1173,1
2318,1174,1
2318,1175,1
2318,1176,1
2318,1177,1
2318,1178,1
2317,1179,1
2317,1180,1
2317,1181,1
2317,1182,1
2317,1183,1
2317,1184,1
2317,1185,1
2317,1186,1
2317,1187,1
2317,1188,1
2317,1189,1
2317,1190,1
2317,1191,1
2317,1192,1
2317,1193,1
2317,1194,1
2317,1195,1
2317,1196,1
2317,1197,1
2317,1198,1
2317,1199,1
2317,1200,1
2317,1201,1
2317,1202,1
2317,1203,1
2317,1204,1
2317,1205,1
2317,1206,1
2317,1207,1
2317,1208,1
2317,1209,1
2316,1210,1
2316,1211,1
2316,1212,1
2316,1213,1
2316,1214,1
2316,1215,1
2316,1216,1
2316,1217,1
2316,1218,1
2316,1219,1
2316,1220,1
2316,1221,1
2316,1222,1
2316,1223,1
2316,1224,1
2316,1225,1
2316,1226,1
2316,1227,1
2316,1228,1
2316,1229,1
2316,1230,1
2316,1231,1
2316,1232,1
2316,1233,1
2316,1234,1
2316,1235,1
2316,1236,1
2316,1237,1
2315,1238,1
2315,1239,1
2315,1240,1
2315,1241,1
2315,1242,1
2315,1243,1
2315,1244,1
2315,1245,1
2315,1246,1
2315,1247,1
2315,1248,1
2315,1249,1
2315,1250,1
2315,1251,1
2314,1252,1
2314,1253,1
2314,1254,1
2314,1255,1
2314,1256,1
2314,1257,1
2314,1258,1
2314,1259,1
2314,1260,1
2314,1261,1
2314,1262,1
2314,1263,1
2314,1264,1
2314,1265,1
2313,1266,1
2313,1267,1
2313,1268,1
2313,1269,1
2313,1270,1
2313,1271,1
2313,1272,1
2313,1273,1
2313,1274,1
2313,1275,1
2313,1276,1
2313,1277,1
2313,1278,1
2313,1279,1
2312,1280,1
2312,1281,1
2312,1282,1
2312,1283,1
2312,1284,1
2312,1285,1
2312,1286,1
2312,1287,1
2312,1288,1
2312,1289,1
2312,1290,1
2312,1291,1
2312,1292,1
2312,1293,1
2312,1294,1
2312,1295,1
2311,1296,1
2311,1297,1
2311,1298,1
2311,1299,1
2311,1300,1
2311,1301,1
2311,1302,1
2311,1303,1
2311,1304,1
2311,1305,1
2311,1306,1
2311,1307,1
2311,1308,1
2311,1309,1
2310,1310,1
2310,1311,1
2310,1312,1
2310,1313,1
2310,1314,1
2310,1315,1
2310,1316,1
2310,1317,1
2310,1318,1
2310,1319,1
2310,1320,1
2310,1321,1
2310,1322,1
2310,1323,1
2309,1324,1
2309,1325,1
2309,1326,1
2309,1327,1
2309,1328,1
2309,1329,1
2309,1330,1
2309,1331,1
2309,1332,1
2309,1333,1
2309,1334,1
2309,1335,1
2308,1336,1
2308,1337,1
2308,1338,1
2308,1339,1
2308,1340,1
2308,1341,1
2308,1342,1
2308,1343,1
2308,1344,1
2307,1345,1
2307,1346,1
2307,1347,1
2307,1348,1
2307,1349,1
2307,1350,1
2307,1351,1
2307,1352,1
2306,1353,1
2306,1354,1
2306,1355,1
2306,1356,1
2306,1357,1
2306,1358,1
2306,1359,1
2305,1360,1
2305,1361,1
2305,1362,1
2305,1363,1
2305,1364,1
2305,1365,1
2305,1366,1
2305,1367,1
2305,1368,1
2305,1369,1
2305,1370,1
2305,1371,1
2305,1372,1
2304,1373,1
2304,1374,1
2304,1375,1
2304,1376,1
2304,1377,1
2304,1378,1
2304,1379,1
2304,1380,1
2303,1381,1
2303,1382,1
2303,1383,1
2303,1384,1
2303,1385,1
2303,1386,1
2303,1387,1
2302,1388,1
2302,1389,1
2302,1390,1
2302,1391,1
2302,1392,1
2302,1393,1
2302,1394,1
2301,1394,1
2301,1395,1
2301,1396,1
2300,1396,1
2300,1397,1
2300,1396,1
2300,1395,1
2300,1394,1
2300,1393,1
2300,1392,1
2300,1391,1
2300,1390,1
2300,1389,1
2300,1388,1
2300,1387,1
2300,1386,1
2300,1386,0
2345,1059,0
2486,1373,0
2741,1095,1
2740,1094,1
2739,1094,1
2739,1093,1
2738,1092,1
2737,1092,1
2736,1091,1
2736,1090,1
2735,1089,1
2735,1088,1
2734,1087,1
2734,1086,1
2733,1085,1
2733,1084,1
2732,1084,1
2732,1083,1
2731,1082,1
2731,1081,1
2730,1080,1
2730,1079,1
2730,1078,1
2729,1077,1
2729,1076,1
2729,1075,1
2728,1074,1
2728,1073,1
2728,1072,1
2728,1071,1
2728,1070,1
2728,1069,1
2728,1068,1
2728,1067,1
2728,1066,1
2728,1065,1
2728,1064,1
2729,1063,1
2729,1062,1
2729,1061,1
2729,1060,1
2729,1059,1
2729,1058,1
2729,1057,1
2729,1056,1
2730,1055,1
2730,1054,1
2730,1053,1
2730,1052,1
2730,1051,1
2731,1050,1
2731,1049,1
2731,1048,1
2731,1047,1
2732,1046,1
2732,1045,1
2733,1044,1
2733,1043,1
2734,1042,1
2734,1041,1
2734,1040,1
2735,1039,1
2735,1038,1
2736,1037,1
2736,1036,1
2736,1035,1
2737,1034,1
2737,1033,1
2737,1032,1
2737,1031,1
2738,1030,1
2738,1029,1
2738,1028,1
2739,1027,1
2739,1026,1
2740,1025,1
2740,1024,1
2740,1023,1
2741,1022,1
2741,1021,1
2742,1020,1
2742,1019,1
2743,1018,1
2743,1017,1
2744,1016,1
2744,1015,1
2745,1014,1
2746,1013,1
2746,1012,1
2747,1011,1
2747,1010,1
2748,1009,1
2749,1008,1
2749,1007,1
2750,1006,1
2750,1005,1
2751,1005,1
2752,1004,1
2752,1003,1
2753,1002,1
2753,1001,1
2754,1001,1
2755,1000,1
2755,999,1
2756,998,1
2757,998,1
2757,997,1
2758,996,1
2759,995,1
2760,994,1
2761,993,1
2761,992,1
2762,992,1
2763,991,1
2764,990,1
2765,989,1
2766,988,1
2767,987,1
2768,986,1
2769,986,1
2769,985,1
2770,984,1
2771,984,1
2771,983,1
2772,982,1
2773,982,1
2774,981,1
2775,980,1
2776,979,1
2777,979,1
2778,978,1
2779,977,1
2780,976,1
2781,976,1
2782,975,1
2783,975,1
2783,974,1
2784,974,1
2785,973,1
2786,973,1
2787,972,1
2788,972,1
2788,971,1
2789,971,1
2790,970,1
2791,970,1
2792,969,1
2793,969,1
2794,968,1
2795,967,1
2796,967,1
2797,967,1
2798,966,1
2799,966,1
2800,965,1
2801,965,1
2802,965,1
2803,964,1
2804,963,1
2805,963,1
2806,963,1
2807,962,1
2808,962,1
2809,962,1
2810,962,1
2811,961,1
2812,961,1
2813,960,1
2814,960,1
2815,960,1
2816,960,1
2817,959,1
2818,959,1
2819,959,1
2820,959,1
2821,959,1
2822,958,1
2823,958,1
2824,958,1
2825,958,1
2826,958,1
2827,957,1
2828,957,1
2829,957,1
2830,957,1
2831,957,1
2832,957,1
2833,957,1
2834,957,1
2835,957,1
2836,957,1
2836,956,1
2837,956,1
2838,956,1
2839,956,1
2840,956,1
2841,956,1
2842,956,1
2843,956,1
2844,956,1
2845,957,1
2846,957,1
2847,957,1
2848,957,1
2849,957,1
2850,957,1
2851,957,1
2852,957,1
2853,957,1
2854,958,1
2855,958,1
2856,958,1
2857,958,1
2858,958,1
2859,959,1
2860,959,1
2861,959,1
2862,959,1
2863,960,1
2864,960,1
2865,960,1
2866,960,1
2867,961,1
2868,961,1
2869,962,1
2870,962,1
2871,962,1
2871,963,1
2872,963,1
2873,963,1
2874,964,1
2875,964,1
2876,965,1
2877,965,1
2878,966,1
2879,967,1
2880,967,1
2881,967,1
2881,968,1
2882,968,1
2883,969,1
2884,969,1
2884,970,1
2885,970,1
2886,971,1
2887,972,1
2888,972,1
2888,973,1
2889,974,1
2890,974,1
2890,975,1
2891,975,1
2892,976,1
2893,977,1
2894,978,1
2895,979,1
2896,980,1
2897,981,1
2898,982,1
2898,983,1
2899,983,1
2900,984,1
2900,985,1
2901,986,1
2902,987,1
2902,988,1
2903,988,1
2903,989,1
2904,990,1
2904,991,1
2905,991,1
2905,992,1
2906,993,1
2906,994,1
2906,995,1
2907,995,1
2907,996,1
2908,997,1
2908,998,1
2909,998,1
2909,999,1
2909,1000,1
2910,1001,1
2910,1002,1
2911,1003,1
2911,1004,1
2912,1005,1
2912,1006,1
2912,1007,1
2913,1008,1
2913,1009,1
2914,1010,1
2914,1011,1
2914,1012,1
2914,1013,1
2915,1014,1
2915,1015,1
2915,1016,1
2915,1017,1
2916,1018,1
2916,1019,1
2916,1020,1
2916,1021,1
2916,1022,1
2917,1023,1
2917,1024,1
2917,1025,1
2917,1026,1
2917,1027,1
2918,1028,1
2918,1029,1
2918,1030,1
2918,1031,1
2918,1032,1
2918,1033,1
2918,1034,1
2918,1035,1
2918,1036,1
2918,1037,1
2919,1038,1
2919,1039,1
2919,1040,1
2919,1041,1
2919,1042,1
2919,1043,1
2919,1044,1
2919,1045,1
2919,1046,1
2919,1047,1
2919,1048,1
2919,1049,1
2919,1050,1
2919,1051,1
2919,1052,1
2919,1053,1
2919,1054,1
2919,1055,1
2919,1056,1
2919,1057,1
2919,1058,1
2918,1059,1
2918,1060,1
2918,1061,1
2918,1062,1
2918,1063,1
2918,1064,1
2918,1065,1
2918,1066,1
2918,1067,1
2917,1068,1
2917,1069,1
2917,1070,1
2917,1071,1
2917,1072,1
2917,1073,1
2917,1074,1
2916,1075,1
2916,1076,1
2916,1077,1
2916,1078,1
2916,1079,1
2916,1080,1
2915,1081,1
2915,1082,1
2915,1083,1
2915,1084,1
2914,1085,1
2914,1086,1
2914,1087,1
2914,1088,1
2913,1089,1
2913,1090,1
2913,1091,1
2913,1092,1
2912,1093,1
2912,1094,1
2912,1095,1
2911,1096,1
2911,1097,1
2911,1098,1
2910,1099,1
2910,1100,1
2910,1101,1
2910,1102,1
2909,1103,1
2909,1104,1
2909,1105,1
2908,1106,1
2908,1107,1
2907,1108,1
2907,1109,1
2907,1110,1
2906,1111,1
2906,1112,1
2906,1113,1
2905,1114,1
2905,1115,1
2904,1116,1
2904,1117,1
2904,1118,1
2903,1119,1
2903,1120,1
2903,1121,1
2902,1122,1
2902,1123,1
2901,1123,1
2901,1124,1
2901,1125,1
2900,1126,1
2900,1127,1
2899,1128,1
2899,1129,1
2898,1130,1
2898,1131,1
2898,1132,1
2897,1133,1
2897,1134,1
2896,1135,1
2896,1136,1
2895,1137,1
2895,1138,1
2894,1139,1
2894,1140,1
2893,1141,1
2893,1142,1
2892,1143,1
2892,1144,1
2891,1145,1
2891,1146,1
2890,1147,1
2890,1148,1
2889,1148,1
2889,1149,1
2888,1150,1
2888,1151,1
2887,1152,1
2886,1153,1
2886,1154,1
2885,1155,1
2885,1156,1
2884,1157,1
2884,1158,1
2883,1158,1
2883,1159,1
2882,1160,1
2882,1161,1
2881,1162,1
2880,1163,1
2880,1164,1
2879,1165,1
2879,1166,1
2878,1167,1
2877,1168,1
2876,1169,1
2876,1170,1
2875,1171,1
2874,1172,1
2874,1173,1
2873,1174,1
2872,1175,1
2872,1176,1
2871,1177,1
2871,1178,1
2870,1179,1
2869,1180,1
2868,1181,1
2867,1182,1
2867,1183,1
2866,1184,1
2865,1185,1
2864,1186,1
2864,1187,1
2863,1187,1
2862,1188,1
2862,1189,1
2861,1190,1
2860,1191,1
2860,1192,1
2859,1193,1
2858,1194,1
2857,1195,1
2856,1196,1
2855,1197,1
2855,1198,1
2854,1199,1
2853,1200,1
2853,1201,1
2852,1201,1
2851,1202,1
2851,1203,1
2850,1204,1
2849,1205,1
2848,1206,1
2848,1207,1
2847,1207,1
2846,1208,1
2846,1209,1
2845,1210,1
2844,1211,1
2843,1212,1
2842,1213,1
2841,1214,1
2841,1215,1
2840,1216,1
2839,1216,1
2838,1217,1
2838,1218,1
2837,1219,1
2836,1220,1
2835,1221,1
2834,1222,1
2833,1223,1
2832,1224,1
2831,1225,1
2830,1226,1
2829,1227,1
2828,1228,1
2827,1229,1
2826,1230,1
2825,1231,1
2824,1232,1
2823,1233,1
2822,1234,1
2821,1234,1
2821,1235,1
2820,1236,1
2819,1237,1
2818,1238,1
2817,1238,1
2817,1239,1
2816,1240,1
2815,1240,1
2814,1241,1
2813,1242,1
2813,1243,1
2812,1243,1
2811,1244,1
2810,1245,1
2809,1246,1
2808,1247,1
2807,1248,1
2806,1249,1
2805,1249,1
2804,1250,1
2804,1251,1
2803,1252,1
2802,1252,1
2801,1253,1
2800,1254,1
2799,1255,1
2798,1256,1
2797,1257,1
2796,1257,1
2796,1258,1
2795,1259,1
2794,1259,1
2793,1260,1
2792,1261,1
2791,1261,1
2791,1262,1
2790,1263,1
2789,1263,1
2788,1264,1
2787,1265,1
2786,1265,1
2786,1266,1
2785,1267,1
2784,1267,1
2783,1268,1
2782,1269,1
2781,1269,1
2781,1270,1
2780,1271,1
2779,1271,1
2778,1272,1
2777,1273,1
2776,1274,1
2775,1274,1
2774,1275,1
2773,1276,1
2772,1276,1
2772,1277,1
2771,1277,1
2770,1278,1
2769,1279,1
2768,1279,1
2768,1280,1
2767,1280,1
2766,1281,1
2765,1282,1
2764,1282,1
2763,1283,1
2762,1284,1
2761,1285,1
2760,1285,1
2759,1286,1
2758,1286,1
2757,1287,1
2756,1287,1
2756,1288,1
2755,1288,1
2754,1289,1
2753,1290,1
2752,1290,1
2751,1291,1
2750,1291,1
2749,1292,1
2748,1293,1
2747,1293,1
2746,1294,1
2745,1294,1
2744,1295,1
2743,1295,1
2742,1296,1
2741,1296,1
2741,1297,1
2740,1297,1
2739,1298,1
2738,1298,1
2737,1299,1
2736,1299,1
2735,1300,1
2734,1300,1
2733,1301,1
2732,1301,1
2732,1302,1
2731,1302,1
2730,1303,1
2729,1303,1
2728,1304,1
2727,1304,1
2726,1305,1
2725,1305,1
2724,1305,1
2723,1306,1
2722,1306,1
2721,1307,1
2720,1307,1
2720,1308,1
2719,1308,1
2718,1308,1
2717,1309,1
2716,1309,1
2715,1309,1
2714,1310,1
2713,1310,1
2712,1310,1
2711,1311,1
2710,1311,1
2709,1311,1
2708,1312,1
2707,1312,1
2706,1313,1
2705,1313,1
2704,1313,1
2703,1314,1
2702,1314,1
2701,1314,1
2700,1314,1
2699,1315,1
2698,1315,1
2697,1315,1
2696,1315,1
2695,1315,1
2694,1316,1
2693,1316,1
2692,1316,1
2691,1316,1
2690,1316,1
2689,1317,1
2688,1317,1
2687,1317,1
2686,1317,1
2685,1317,1
2684,1317,1
2683,1317,1
2682,1317,1
2681,1317,1
2680,1318,1
2679,1318,1
2678,1318,1
2677,1318,1
2676,1318,1
2675,1318,1
2674,1318,1
2673,1318,1
2672,1318,1
2671,1318,1
2670,1318,1
2669,1317,1
2668,1317,1
2667,1317,1
2666,1317,1
2665,1317,1
2664,1317,1
2663,1317,1
2662,1316,1
2661,1316,1
2660,1316,1
2659,1316,1
2658,1315,1
2657,1315,1
2656,1315,1
2655,1315,1
2655,1314,1
2654,1314,1
2653,1314,1
2652,1313,1
2651,1313,1
2650,1313,1
2649,1312,1
2648,1311,1
2647,1311,1
2646,1310,1
2645,1310,1
2644,1309,1
2643,1309,1
2643,1308,1
2642,1308,1
2641,1307,1
2640,1306,1
2639,1306,1
2639,1305,1
2638,1305,1
2638,1304,1
2637,1304,1
2637,1303,1
2636,1302,1
2635,1302,1
2635,1301,1
2634,1301,1
2634,1300,1
2633,1299,1
2632,1298,1
2632,1297,1
2631,1297,1
2631,1296,1
2631,1295,1
2630,1295,1
2630,1294,1
2629,1293,1
2629,1292,1
2628,1291,1
2627,1290,1
2627,1289,1
2627,1288,1
2626,1287,1
2626,1286,1
2626,1285,1
2625,1285,1
2625,1284,1
2625,1283,1
2625,1282,1
2624,1281,1
2624,1280,1
2624,1279,1
2624,1278,1
2623,1277,1
2623,1276,1
2623,1275,1
2623,1274,1
2623,1273,1
2623,1272,1
2623,1271,1
2623,1270,1
2623,1269,1
2623,1268,1
2623,1267,1
2623,1266,1
2623,1265,1
2623,1264,1
2623,1263,1
2623,1262,1
2623,1261,1
2623,1260,1
2624,1259,1
2624,1258,1
2624,1257,1
2624,1256,1
2624,1255,1
2625,1254,1
2625,1253,1
2625,1252,1
2626,1251,1
2626,1250,1
2626,1249,1
2627,1248,1
2627,1247,1
2627,1246,1
2628,1246,1
2628,1245,1
2629,1244,1
2629,1243,1
2630,1242,1
2630,1241,1
2631,1241,1
2631,1240,1
2631,1239,1
2632,1239,1
2632,1238,1
2633,1237,1
2634,1236,1
2635,1235,1
2635,1234,1
2636,1234,1
2637,1233,1
2638,1232,1
2638,1231,1
2639,1231,1
2640,1230,1
2641,1229,1
2642,1228,1
2643,1228,1
2643,1227,1
2644,1227,1
2645,1226,1
2646,1226,1
2647,1225,1
2648,1224,1
2649,1224,1
2649,1223,1
2650,1223,1
2651,1223,1
2652,1222,1
2653,1222,1
2654,1221,1
2655,1221,1
2656,1220,1
2657,1220,1
2658,1220,1
2659,1220,1
2659,1219,1
2660,1219,1
2661,1219,1
2662,1219,1
2663,1219,1
2663,1218,1
2664,1218,1
2665,1218,1
2666,1218,1
2667,1218,1
2668,1218,1
2668,1217,1
2669,1217,1
2670,1217,1
2671,1217,1
2672,1217,1
2673,1217,1
2674,1217,1
2675,1217,1
2676,1217,1
2677,1217,1
2678,1217,1
2679,1217,1
2680,1217,1
2681,1217,1
2682,1217,1
2683,1217,1
2684,1217,1
2685,1217,1
2686,1218,1
2687,1218,1
2688,1218,1
2689,1218,1
2690,1218,1
2691,1218,1
2692,1219,1
2693,1219,1
2694,1219,1
2695,1219,1
2696,1219,1
2697,1219,1
2698,1220,1
2699,1220,1
2700,1220,1
2701,1221,1
2702,1221,1
2703,1221,1
2704,1221,1
2705,1222,1
2706,1222,1
2707,1222,1
2708,1223,1
2709,1223,1
2710,1223,1
2710,1224,1
2711,1224,1
2712,1224,1
2713,1225,1
2714,1225,1
2715,1226,1
2716,1226,1
2717,1226,1
2717,1227,1
2718,1227,1
2719,1228,1
2720,1228,1
2721,1229,1
2722,1229,1
2723,1229,1
2723,1230,1
2724,1230,1
2725,1231,1
2726,1231,1
2727,1232,1
2728,1232,1
2729,1233,1
2730,1234,1
2731,1234,1
2732,1235,1
2733,1235,1
2734,1236,1
2735,1237,1
2736,1237,1
2737,1238,1
2738,1239,1
2739,1240,1
2740,1240,1
2741,1241,1
2742,1241,1
2742,1242,1
2743,1243,1
2744,1243,1
2745,1244,1
2746,1244,1
2746,1245,1
2747,1246,1
2748,1246,1
2749,1247,1
2750,1248,1
2751,1249,1
2752,1249,1
2753,1250,1
2754,1251,1
2755,1252,1
2756,1252,1
2756,1253,1
2757,1254,1
2758,1254,1
2759,1255,1
2759,1256,1
2760,1256,1
2761,1257,1
2761,1258,1
2762,1258,1
2763,1259,1
2764,1260,1
2765,1261,1
2766,1262,1
2767,1262,1
2767,1263,1
2768,1264,1
2769,1264,1
2769,1265,1
2770,1266,1
2771,1266,1
2772,1267,1
2772,1268,1
2773,1268,1
2774,1269,1
2774,1270,1
2775,1271,1
2776,1271,1
2776,1272,1
2777,1273,1
2778,1273,1
2779,1274,1
2779,1275,1
2780,1276,1
2781,1276,1
2781,1277,1
2782,1278,1
2783,1278,1
2783,1279,1
2784,1280,1
2785,1281,1
2786,1282,1
2787,1283,1
2788,1284,1
2789,1285,1
2789,1286,1
2790,1286,1
2791,1287,1
2791,1288,1
2792,1289,1
2793,1289,1
2794,1290,1
2794,1291,1
2795,1292,1
2796,1292,1
2796,1293,1
2797,1294,1
2798,1295,1
2799,1295,1
2799,1296,1
2800,1297,1
2801,1298,1
2802,1298,1
2802,1299,1
2803,1300,1
2804,1301,1
2804,1302,1
2805,1302,1
2806,1303,1
2807,1304,1
2808,1305,1
2809,1306,1
2810,1307,1
2811,1308,1
2812,1309,1
2813,1310,1
2814,1310,1
2814,1311,1
2815,1312,1
2816,1312,1
2817,1313,1
2817,1314,1
2818,1315,1
2819,1315,1
2820,1316,1
2820,1317,1
2821,1317,1
2822,1318,1
2823,1319,1
2824,1320,1
2825,1321,1
2826,1322,1
2827,1322,1
2828,1323,1
2829,1324,1
2830,1325,1
2831,1325,1
2832,1326,1
2833,1327,1
2834,1328,1
2835,1328,1
2836,1329,1
2837,1330,1
2838,1331,1
2839,1332,1
2840,1332,1
2841,1333,1
2842,1333,1
2842,1334,1
2843,1335,1
2844,1335,1
2845,1336,1
2846,1336,1
2847,1337,1
2848,1338,1
2849,1339,1
2850,1339,1
2851,1340,1
2852,1340,1
2853,1341,1
2854,1341,1
2855,1342,1
2856,1342,1
2857,1343,1
2858,1343,1
2859,1344,1
2860,1344,1
2861,1345,1
2862,1345,1
2863,1346,1
2864,1346,1
2865,1347,1
2866,1347,1
2867,1348,1
2868,1348,1
2869,1348,1
2870,1349,1
2871,1349,1
2872,1349,1
2873,1350,1
2874,1350,1
2875,1350,1
2876,1351,1
2877,1351,1
2878,1351,1
2879,1351,1
2880,1352,1
2881,1352,1
2882,1352,1
2883,1352,1
2884,1353,1
2885,1353,1
2886,1353,1
2887,1353,1
2888,1353,1
2889,1354,1
2890,1354,1
2891,1354,1
2892,1354,1
2893,1354,1
2894,1354,1
2895,1354,1
2896,1354,1
2897,1355,1
2898,1355,1
2899,1355,1
2900,1355,1
2901,1355,1
2902,1355,1
2903,1355,1
2904,1355,1
2905,1355,1
2906,1354,1
2907,1354,1
2908,1354,1
2909,1354,1
2910,1354,1
2911,1354,1
2912,1354,1
2913,1354,1
2914,1354,1
2915,1354,1
2916,1354,1
2917,1353,1
2918,1353,1
2919,1353,1
2920,1353,1
2921,1353,1
2922,1353,1
2923,1352,1
2924,1352,1
2925,1352,1
2926,1352,1
2927,1351,1
2928,1351,1
2929,1351,1
2930,1351,1
2931,1350,1
2932,1350,1
2933,1350,1
2934,1350,1
2934,1349,1
2935,1349,1
2936,1349,1
2937,1349,1
2938,1349,1
2939,1349,1
2940,1348,1
2941,1348,1
2942,1348,1
2943,1348,1
2944,1347,1
2945,1347,1
2946,1347,1
2946,1346,1
2947,1346,1
2948,1346,1
2949,1345,1
2950,1345,1
2951,1345,1
2952,1344,1
2953,1344,1
2954,1343,1
2955,1343,1
2956,1343,1
2957,1342,1
2958,1342,1
2959,1341,1
2960,1341,1
2961,1340,1
2962,1340,1
2963,1339,1
2964,1339,1
2965,1338,1
2966,1338,1
2967,1337,1
2968,1337,1
2969,1336,1
2970,1335,1
2971,1334,1
2972,1334,1
2973,1333,1
2974,1333,1
2974,1332,1
2975,1332,1
2976,1331,1
2977,1330,1
2978,1330,1
2978,1329,1
2979,1328,1
2980,1328,1
2980,1327,1
2981,1327,1
2982,1326,1
2983,1325,1
2983,1324,1
2983,1323,1
2984,1323,1
2985,1323,1
2986,1323,1
3038,1201,0
3114,1032,1
3114,1033,1
3114,1034,1
3114,1035,1
3114,1036,1
3114,1037,1
3114,1038,1
3114,1039,1
3114,1040,1
3114,1041,1
3114,1042,1
3114,1043,1
3114,1044,1
3114,1045,1
3114,1046,1
3114,1047,1
3114,1048,1
3114,1049,1
3114,1050,1
3114,1051,1
3114,1052,1
3114,1053,1
3114,1054,1
3114,1055,1
3114,1056,1
3114,1057,1
3114,1058,1
3114,1059,1
3114,1060,1
3114,1061,1
3114,1062,1
3114,1063,1
3114,1064,1
3114,1065,1
3114,1066,1
3114,1067,1
3114,1068,1
3114,1069,1
3114,1070,1
3114,1071,1
3114,1072,1
3114,1073,1
3114,1074,1
3114,1075,1
3114,1076,1
3114,1077,1
3114,1078,1
3114,1079,1
3113,1080,1
3113,1081,1
3113,1082,1
3113,1083,1
3113,1084,1
3113,1085,1
3113,1086,1
3113,1087,1
3113,1088,1
3113,1089,1
3113,1090,1
3113,1091,1
3112,1092,1
3112,1093,1
3112,1094,1
3112,1095,1
3112,1096,1
3112,1097,1
3112,1098,1
3112,1099,1
3112,1100,1
3112,1101,1
3112,1102,1
3112,1103,1
3112,1104,1
3112,1105,1
3112,1106,1
3112,1107,1
3112,1108,1
3112,1109,1
3112,1110,1
3112,1111,1
3112,1112,1
3111,1113,1
3111,1114,1
3111,1115,1
3111,1116,1
3111,1117,1
3111,1118,1
3111,1119,1
3111,1120,1
3111,1121,1
3111,1122,1
3111,1123,1
3111,1124,1
3111,1125,1
3111,1126,1
3110,1127,1
3110,1128,1
3110,1129,1
3110,1130,1
3110,1131,1
3110,1132,1
3110,1133,1
3110,1134,1
3110,1135,1
3110,1136,1
3110,1137,1
3110,1138,1
3110,1139,1
3110,1140,1
3109,1141,1
3109,1142,1
3109,1143,1
3109,1144,1
3109,1145,1
3109,1146,1
3109,1147,1
3109,1148,1
3109,1149,1
3109,1150,1
3109,1151,1
3109,1152,1
3109,1153,1
3108,1154,1
3108,1155,1
3108,1156,1
3108,1157,1
3108,1158,1
3108,1159,1
3108,1160,1
3108,1161,1
3108,1162,1
3108,1163,1
3107,1164,1
3107,1165,1
3107,1166,1
3107,1167,1
3107,1168,1
3107,1169,1
3107,1170,1
3107,1171,1
3106,1172,1
3106,1173,1
3106,1174,1
3106,1175,1
3106,1176,1
3106,1177,1
3106,1178,1
3106,1179,1
3106,1180,1
3106,1181,1
3106,1182,1
3105,1183,1
3105,1184,1
3105,1185,1
3105,1186,1
3105,1187,1
3105,1188,1
3105,1189,1
3105,1190,1
3105,1191,1
3105,1192,1
3104,1193,1
3104,1194,1
3104,1195,1
3104,1196,1
3104,1197,1
3104,1198,1
3104,1199,1
3104,1200,1
3103,1201,1
3103,1202,1
3103,1203,1
3103,1204,1
3103,1205,1
3103,1206,1
3103,1207,1
3103,1208,1
3103,1209,1
3102,1210,1
3102,1211,1
3102,1212,1
3102,1213,1
3102,1214,1
3102,1215,1
3102,1216,1
3102,1217,1
3102,1218,1
3101,1219,1
3101,1220,1
3101,1221,1
3101,1222,1
3101,1223,1
3101,1224,1
3101,1225,1
3100,1226,1
3100,1227,1
3100,1228,1
3100,1229,1
3100,1230,1
3100,1231,1
3100,1232,1
3099,1233,1
3099,1234,1
3099,1235,1
3099,1236,1
3099,1237,1
3099,1238,1
3099,1239,1
3099,1240,1
3098,1241,1
3098,1242,1
3098,1243,1
3098,1244,1
3098,1245,1
3098,1246,1
3098,1247,1
3098,1248,1
3098,1249,1
3097,1250,1
3097,1251,1
3097,1252,1
3097,1253,1
3097,1254,1
3097,1255,1
3097,1256,1
3097,1257,1
3096,1258,1
3096,1259,1
3096,1260,1
3096,1261,1
3096,1262,1
3096,1263,1
3096,1264,1
3095,1265,1
3095,1266,1
3095,1267,1
3095,1268,1
3095,1269,1
3095,1270,1
3094,1271,1
3094,1272,1
3094,1273,1
3094,1274,1
3094,1275,1
3094,1276,1
3093,1277,1
3093,1278,1
3093,1279,1
3093,1280,1
3093,1281,1
3093,1282,1
3093,1283,1
3093,1284,1
3093,1285,1
3092,1286,1
3092,1287,1
3092,1288,1
3092,1289,1
3092,1290,1
3092,1291,1
3092,1292,1
3091,1293,1
3091,1294,1
3091,1295,1
3091,1296,1
3091,1297,1
3091,1298,1
3091,1299,1
3090,1299,1
3090,1300,1
3090,1301,1
3090,1302,1
3090,1303,1
3090,1304,1
3090,1305,1
3090,1306,1
3089,1307,1
3089,1308,1
3089,1309,1
3089,1310,1
3089,1311,1
3089,1312,1
3089,1313,1
3089,1314,1
3088,1315,1
3088,1316,1
3088,1317,1
3088,1318,1
3088,1319,1
3088,1320,1
3088,1321,1
3088,1322,1
3087,1323,1
3087,1324,1
3087,1325,1
3087,1326,1
3087,1327,1
3087,1328,1
3086,1329,1
3086,1330,1
3086,1331,1
3086,1332,1
3086,1333,1
3086,1334,1
3086,1335,1
3085,1335,1
3085,1336,1
3085,1337,1
3085,1338,1
3085,1339,1
3085,1340,1
3085,1341,1
3084,1342,1
3084,1343,1
3084,1344,1
3084,1345,1
3084,1346,1
3084,1347,1
3084,1348,1
3083,1349,1
3083,1350,1
3083,1351,1
3083,1352,1
3083,1353,1
3083,1354,1
3082,1355,1
3082,1356,1
3082,1357,1
3082,1358,1
3082,1359,1
3082,1360,1
3082,1361,1
3081,1362,1
3081,1363,1
3081,1364,1
3081,1365,1
3081,1366,1
3081,1367,1
3081,1368,1
3080,1369,1
3080,1370,1
3080,1371,1
3080,1372,1
3080,1373,1
3079,1374,1
3079,1375,1
3079,1376,1
3079,1377,1
3079,1378,1
3079,1379,1
3079,1380,1
3078,1381,1
3078,1382,1
3078,1383,1
3077,1383,1
3077,1384,1
3076,1385,1
3076,1386,1
3076,1387,1
3076,1388,1
3076,1389,1
3075,1389,1
3075,1388,1
3074,1387,1
3073,1386,1
2222,1163,0
1332,955,1
1333,955,1
1334,955,1
1335,955,1
1336,955,1
1337,955,1
1338,955,1
1339,955,1
1340,955,1
1341,955,1
1342,955,1
1343,955,1
1344,955,1
1345,955,1
1346,955,1
1347,955,1
1348,955,1
1349,955,1
1350,955,1
1351,955,1
1352,956,1
1353,956,1
1354,956,1
1355,956,1
1356,956,1
1357,956,1
1358,956,1
1359,956,1
1360,957,1
1361,957,1
1362,957,1
1363,957,1
1364,957,1
1365,957,1
1366,957,1
1367,957,1
1368,957,1
1369,957,1
1370,957,1
1371,957,1
1372,957,1
1373,957,1
1374,957,1
1375,957,1
1376,957,1
1377,957,1
1378,958,1
1379,958,1
1380,958,1
1381,958,1
1382,958,1
1383,958,1
1384,958,1
1385,958,1
1386,958,1
1387,958,1
1388,958,1
1389,958,1
1390,958,1
1391,958,1
1392,958,1
1393,958,1
1394,958,1
1395,958,1
1396,958,1
1397,958,1
1398,958,1
1399,958,1
1400,958,1
1401,958,1
1402,958,1
1403,958,1
1404,958,1
1405,958,1
1406,958,1
1407,958,1
1408,958,1
1409,958,1
1410,958,1
1411,958,1
1412,958,1
1413,958,1
1414,959,1
1415,959,1
1416,959,1
1417,959,1
1418,959,1
1419,959,1
1420,959,1
1421,959,1
1422,959,1
1423,959,1
1424,959,1
1425,959,1
1426,959,1
1427,959,1
1428,959,1
1429,959,1
1430,959,1
1431,959,1
1432,959,1
1433,959,1
1434,959,1
1435,959,1
1436,959,1
1437,959,1
1438,959,1
1439,959,1
1440,959,1
1441,959,1
1442,959,1
1443,959,1
1444,959,1
1445,959,1
1446,959,1
1447,959,1
1448,959,1
1449,959,1
1450,959,1
1451,959,1
1452,959,1
1453,959,1
1454,959,1
1455,959,1
1456,959,1
1457,959,1
1458,959,1
1459,959,1
1460,959,1
1461,959,1
1462,959,1
1463,959,1
1464,959,1
1465,959,1
1466,959,1
1467,959,1
1468,959,1
1469,959,1
1470,959,1
1471,959,1
1472,959,1
1473,959,1
1474,959,1
1475,959,1
1476,959,1
1477,959,1
1478,959,1
1479,959,1
1480,959,1
1481,959,1
1482,959,1
1483,959,1
1484,959,1
1485,959,1
1486,959,1
1487,959,1
1488,959,1
1489,959,1
1490,959,1
1491,959,1
1492,959,1
1493,959,1
1494,959,1
1495,959,1
1496,959,1
1497,959,1
1498,959,1
1499,959,1
1500,959,1
1501,959,1
1502,959,1
1503,959,1
1504,959,1
1505,959,1
1506,959,1
1507,959,1
1508,959,1
1509,959,1
1510,959,1
1511,959,1
1512,959,1
1513,959,1
1514,959,1
1515,959,1
1516,959,1
1517,959,1
1518,959,1
1519,959,1
1520,959,1
1521,959,1
1522,959,1
1523,959,1
1524,959,1
1525,959,1
1526,959,1
1527,959,1
1528,959,1
1529,959,1
1530,959,1
1531,959,1
1532,959,1
1533,959,1
1534,959,1
1535,959,1
1536,959,1
1537,959,1
1538,959,1
1539,959,1
1540,959,1
1541,959,1
1542,959,1
1543,959,1
1544,959,1
1545,959,1
1546,959,1
1547,959,1
1548,959,1
1549,959,1
1550,959,1
1551,959,1
1552,959,1
1553,959,1
1554,959,1
1555,959,1
1556,959,1
1557,959,1
1558,959,1
1559,959,1
1560,959,1
1561,959,1
1562,959,1
1563,959,1
1564,959,1
1565,959,1
1566,959,1
1567,959,1
1568,959,1
1569,959,1
1570,959,1
1571,959,1
1572,959,1
1573,959,1
1574,959,1
1575,959,1
1576,959,1
1577,959,1
1578,959,1
1579,959,1
1580,959,1
1581,959,1
1582,959,1
1583,959,1
1584,959,1
1585,959,1
1586,959,1
1587,959,1
1588,959,1
1589,959,1
1590,959,1
1591,959,1
1592,959,1
1593,959,1
1594,959,1
1595,959,1
1596,959,1
1597,959,1
1598,959,1
1599,959,1
1600,959,1
1601,959,1
1602,959,1
1603,959,1
1604,959,1
1605,959,1
1606,959,1
1607,959,1
1608,959,1
1609,959,1
1610,959,1
1611,959,1
1612,959,1
1613,959,1
1614,959,1
1615,959,1
1616,959,1
1617,959,1
1618,959,1
1619,959,1
1620,959,1
1621,959,1
1622,959,1
1623,959,1
1624,959,1
1625,959,1
1626,959,1
1627,959,1
1628,959,1
1629,959,1
1630,959,1
1631,959,1
1632,959,1
1633,959,1
1634,959,1
1635,959,1
1636,959,1
1637,959,1
1638,959,1
1639,959,1
1640,959,1
1641,959,1
1642,959,1
1643,959,1
1644,959,1
1645,959,1
1646,959,1
1647,959,1
1648,959,1
1649,959,1
1650,959,1
1651,959,1
1652,959,1
1653,959,1
1654,959,1
1655,959,1
1656,959,1
1657,959,1
1658,959,1
1659,959,1
1660,959,1
1661,959,1
1662,959,1
1663,959,1
1664,959,1
1665,959,1
1666,959,1
1667,959,1
1668,959,1
1669,959,1
1670,959,1
1671,959,1
1672,959,1
1673,959,1
1674,959,1
1675,959,1
1676,959,1
1677,959,1
1678,959,1
1679,959,1
1680,959,1
1681,959,1
1682,959,1
1683,959,1
1684,959,1
1685,959,1
1686,959,1
1687,959,1
1688,959,1
1689,959,1
1690,959,1
1691,959,1
1692,959,1
1693,959,1
1694,959,1
1695,959,1
1696,959,1
1697,959,1
1698,959,1
1699,959,1
1700,959,1
1701,959,1
1702,959,1
1703,959,1
1704,959,1
1705,959,1
1706,959,1
1707,959,1
1708,959,1
1709,959,1
1710,959,1
1711,959,1
1712,959,1
1713,959,1
1714,959,1
1715,959,1
1716,959,1
1717,959,1
1718,959,1
1719,958,1
1720,958,1
1721,958,1
1722,958,1
1723,958,1
1724,958,1
1725,958,1
1726,958,1
1727,958,1
1728,958,1
1729,958,1
1730,958,1
1731,958,1
1732,958,1
1733,958,1
1734,958,1
1735,958,1
1736,958,1
1737,958,1
1738,958,1
1739,958,1
1740,958,1
1741,958,1
1742,958,1
1743,958,1
1744,958,1
1745,958,1
1746,958,1
1747,958,1
1748,958,1
1749,958,1
1750,958,1
1751,957,1
1752,957,1
1753,957,1
1754,957,1
1755,957,1
1756,957,1
1757,957,1
1758,957,1
1759,957,1
1760,957,1
1761,957,1
1762,957,1
1763,957,1
1764,957,1
1765,957,1
1766,957,1
1767,957,1
1768,957,1
1769,957,1
1770,957,1
1771,957,1
1772,956,1
1773,956,1
1774,956,1
1775,956,1
1776,956,1
1777,956,1
1778,956,1
1779,956,1
1780,956,1
1781,956,1
1782,956,1
1783,956,1
1784,956,1
1785,956,1
1786,955,1
1787,955,1
1788,955,1
1789,955,1
1790,955,1
1791,955,1
1792,955,1
1793,955,1
1794,955,1
1795,955,1
1796,955,1
1797,955,1
1798,955,1
1799,954,1
1800,954,1
1801,954,1
1802,954,1
1803,954,1
1804,954,1
1805,954,1
1806,954,1
1807,954,1
1808,954,1
1809,954,1
1810,954,1
1811,954,1
1812,954,1
1813,953,1
1814,953,1
1815,953,1
1816,953,1
1817,953,1
1818,953,1
1819,953,1
1820,953,1
1821,953,1
1822,953,1
1823,953,1
1824,952,1
1825,952,1
1826,952,1
1827,952,1
1828,952,1
1829,952,1
1830,952,1
1831,952,1
1832,952,1
1833,952,1
1834,951,1
1835,951,1
1836,951,1
1837,951,1
1838,951,1
1839,951,1
1840,951,1
1841,951,1
1842,951,1
1843,951,1
1844,951,1
1845,951,1
1846,951,1
1847,950,1
1848,950,1
1849,950,1
1850,950,1
1851,950,1
1852,950,1
1853,950,1
1854,950,1
1855,950,1
1856,950,1
1857,950,1
1858,950,1
1859,949,1
1860,949,1
1861,949,1
1862,949,1
1863,949,1
1864,949,1
1865,949,1
1866,949,1
1867,949,1
1868,949,1
1869,949,1
1870,949,1
1871,948,1
1872,948,1
1873,948,1
1874,948,1
1875,948,1
1876,948,1
1877,948,1
1878,948,1
1879,948,1
1880,948,1
1881,948,1
1882,948,1
1883,947,1
1884,947,1
1885,947,1
1886,947,1
1887,947,1
1888,947,1
1889,947,1
1890,947,1
1891,947,1
1892,947,1
1893,947,1
1894,946,1
1895,946,1
1896,946,1
1897,946,1
1898,946,1
1899,946,1
1900,946,1
1901,946,1
1902,946,1
1903,946,1
1904,946,1
1905,946,1
1906,946,1
1907,946,1
1908,945,1
1909,945,1
1910,945,1
1911,945,1
1912,945,1
1913,945,1
1914,945,1
1915,945,1
1916,945,1
1917,945,1
1918,945,1
1919,945,1
1920,945,1
1921,945,1
1922,944,1
1923,944,1
1924,944,1
1925,944,1
1926,944,1
1927,944,1
1928,944,1
1929,944,1
1930,944,1
1931,944,1
1932,944,1
1933,944,1
1934,944,1
1935,944,1
1936,943,1
1937,943,1
1938,943,1
1939,943,1
1940,943,1
1941,943,1
1942,943,1
1943,943,1
1944,943,1
1945,943,1
1946,943,1
1947,943,1
1948,943,1
1949,943,1
1950,943,1
1951,943,1
1952,943,1
1953,943,1
1954,943,1
1955,943,1
1956,943,1
1957,943,1
1958,943,1
1959,942,1
1960,942,1
1961,942,1
1962,942,1
1963,942,1
1964,942,1
1965,942,1
1966,942,1
1967,942,1
1968,942,1
1969,942,1
1970,942,1
1971,942,1
1972,942,1
1973,942,1
1974,942,1
1975,942,1
1976,942,1
1977,942,1
1978,942,1
1979,942,1
1980,942,1
1981,942,1
1982,942,1
1983,942,1
1984,942,1
1985,942,1
1986,942,1
1987,942,1
1988,942,1
1989,942,1
1990,942,1
1991,941,1
1992,941,1
1993,941,1
1994,941,1
1995,941,1
1996,941,1
1997,941,1
1998,941,1
1999,941,1
2000,941,1
2001,941,1
2002,941,1
2003,941,1
2004,941,1
2005,941,1
2006,941,1
2007,941,1
2008,941,1
2009,941,1
2010,941,1
2011,941,1
2012,941,1
2013,941,1
2014,941,1
2015,941,1
2016,941,1
2017,941,1
2018,941,1
2019,941,1
2020,941,1
2021,941,1
2022,941,1
2023,941,1
2024,941,1
2025,941,1
2026,941,1
2027,941,1
2028,941,1
2029,941,1
2030,941,1
2031,941,1
2032,941,1
2033,941,1
2034,941,1
2035,941,1
2036,941,1
2037,941,1
2038,941,1
2039,941,1
2040,941,1
2041,941,1
2042,941,1
2043,941,1
2044,941,1
2045,941,1
2046,941,1
2047,941,1
2048,941,1
2049,941,1
2050,941,1
2051,941,1
2052,941,1
2053,941,1
2054,941,1
2055,941,1
2056,941,1
2057,941,1
2058,941,1
2059,941,1
2060,941,1
2061,940,1
2062,940,1
2063,940,1
2064,940,1
2065,940,1
2066,940,1
2067,940,1
2068,940,1
2069,940,1
2070,940,1
2071,940,1
2072,940,1
2073,940,1
2074,940,1
2075,940,1
2076,940,1
2077,940,1
2078,940,1
2079,940,1
2080,940,1
2081,940,1
2082,940,1
2083,940,1
2084,940,1
2085,940,1
2086,940,1
2087,939,1
2088,939,1
2089,939,1
2090,939,1
2091,939,1
2092,939,1
2093,939,1
2094,939,1
2095,939,1
2096,939,1
2097,939,1
2098,939,1
2099,939,1
2100,939,1
2101,939,1
2102,939,1
2103,939,1
2104,939,1
2105,939,1
2106,939,1
2107,939,1
2108,939,1
2109,939,1
2110,938,1
2111,938,1
2112,938,1
2113,938,1
2114,938,1
2115,938,1
2116,938,1
2117,938,1
2118,938,1
2119,938,1
2120,938,1
2121,938,1
2122,938,1
2123,938,1
2124,937,1
2125,937,1
2126,937,1
2127,937,1
2128,937,1
2129,937,1
2130,937,1
2131,937,1
2132,937,1
2133,937,1
2134,937,1
2135,937,1
2136,937,1
2137,937,1
2138,937,1
2139,936,1
2140,936,1
2141,936,1
2142,936,1
2143,936,1
2144,936,1
2145,936,1
2146,936,1
2147,936,1
2148,936,1
2149,936,1
2150,936,1
2151,936,1
2152,936,1
2153,935,1
2154,935,1
2155,935,1
2156,935,1
2157,935,1
2158,935,1
2159,935,1
2160,935,1
2161,935,1
2162,935,1
2163,935,1
2164,935,1
2165,935,1
2166,935,1
2167,934,1
2168,934,1
2169,934,1
2170,934,1
2171,934,1
2172,934,1
2173,934,1
2174,934,1
2175,934,1
2176,934,1
2177,934,1
2178,934,1
2179,933,1
2180,933,1
2181,933,1
2182,933,1
2183,933,1
2184,933,1
2185,933,1
2186,933,1
2187,933,1
2188,933,1
2189,933,1
2190,933,1
2191,933,1
2192,933,1
2193,932,1
2194,932,1
2195,932,1
2196,932,1
2197,932,1
2198,932,1
2199,932,1
2200,932,1
2201,932,1
2202,932,1
2203,932,1
2204,932,1
2205,932,1
2206,932,1
2207,931,1
2208,931,1
2209,931,1
2210,931,1
2211,931,1
2212,931,1
2213,931,1
2214,931,1
2215,931,1
2216,931,1
2217,931,1
2218,931,1
2219,931,1
2220,930,1
2221,930,1
2222,930,1
2223,930,1
2224,930,1
2225,930,1
2226,930,1
2227,930,1
2228,930,1
2229,930,1
2230,930,1
2231,930,1
2232,930,1
2233,930,1
2234,930,1
2235,929,1
2236,929,1
2237,929,1
2238,929,1
2239,929,1
2240,929,1
2241,929,1
2242,929,1
2243,929,1
2244,929,1
2245,929,1
2246,929,1
2247,929,1
2248,929,1
2249,928,1
2250,928,1
2251,928,1
2252,928,1
2253,928,1
2254,928,1
2255,928,1
2256,928,1
2257,928,1
2258,928,1
2259,928,1
2260,928,1
2261,928,1
2262,928,1
2263,927,1
2264,927,1
2265,927,1
2266,927,1
2267,927,1
2268,927,1
2269,927,1
2270,927,1
2271,927,1
2272,927,1
2273,927,1
2274,927,1
2275,927,1
2276,927,1
2277,926,1
2278,926,1
2279,926,1
2280,926,1
2281,926,1
2282,926,1
2283,926,1
2284,926,1
2285,926,1
2286,926,1
2287,926,1
2288,926,1
2289,926,1
2290,926,1
2291,925,1
2292,925,1
2293,925,1
2294,925,1
2295,925,1
2296,925,1
2297,925,1
2298,925,1
2299,925,1
2300,925,1
2301,925,1
2302,925,1
2303,924,1
2304,924,1
2305,924,1
2306,924,1
2307,924,1
2308,924,1
2309,924,1
2310,924,1
2311,924,1
2312,924,1
2313,924,1
2314,924,1
2315,924,1
2316,924,1
2317,923,1
2318,923,1
2319,923,1
2320,923,1
2321,923,1
2322,923,1
2323,923,1
2324,923,1
2325,923,1
2326,923,1
2327,923,1
2328,923,1
2329,923,1
2330,923,1
2331,923,1
2332,922,1
2333,922,1
2334,922,1
2335,922,1
2336,922,1
2337,922,1
2338,922,1
2339,922,1
2340,922,1
2341,922,1
2342,922,1
2343,922,1
2344,922,1
2345,921,1
2346,921,1
2347,921,1
2348,921,1
2349,921,1
2350,921,1
2351,921,1
2352,921,1
2353,921,1
2354,921,1
2355,921,1
2356,920,1
2357,920,1
2358,920,1
2359,920,1
2360,920,1
2361,920,1
2362,920,1
2363,920,1
2364,920,1
2365,920,1
2366,920,1
2367,920,1
2368,919,1
2369,919,1
2370,919,1
2371,919,1
2372,919,1
2373,919,1
2374,919,1
2375,919,1
2376,919,1
2377,919,1
2378,919,1
2379,919,1
2380,919,1
2381,919,1
2382,918,1
2383,918,1
2384,918,1
2385,918,1
2386,918,1
2387,918,1
2388,918,1
2389,918,1
2390,918,1
2391,918,1
2392,918,1
2393,918,1
2394,918,1
2395,918,1
2396,917,1
2397,917,1
2398,917,1
2399,917,1
2400,917,1
2401,917,1
2402,917,1
2403,917,1
2404,917,1
2405,917,1
2406,917,1
2407,917,1
2408,917,1
2409,917,1
2410,916,1
2411,916,1
2412,916,1
2413,916,1
2414,916,1
2415,916,1
2416,916,1
2417,916,1
2418,916,1
2419,916,1
2420,916,1
2421,916,1
2422,916,1
2423,916,1
2424,916,1
2425,916,1
2426,916,1
2427,916,1
2428,915,1
2429,915,1
2430,915,1
2431,915,1
2432,915,1
2433,915,1
2434,915,1
2435,915,1
2436,915,1
2437,915,1
2438,915,1
2439,915,1
2440,915,1
2441,915,1
2442,915,1
2443,915,1
2444,914,1
2445,914,1
2446,914,1
2447,914,1
2448,914,1
2449,914,1
2450,914,1
2451,914,1
2452,914,1
2453,914,1
2454,914,1
2455,914,1
2456,914,1
2457,914,1
2458,913,1
2459,913,1
2460,913,1
2461,913,1
2462,913,1
2463,913,1
2464,913,1
2465,913,1
2466,913,1
2467,913,1
2468,913,1
2469,913,1
2470,913,1
2471,912,1
2472,912,1
2473,912,1
2474,912,1
2475,912,1
2476,912,1
2477,912,1
2478,912,1
2479,912,1
2480,912,1
2481,912,1
2482,912,1
2483,912,1
2484,912,1
2485,912,1
2486,912,1
2487,912,1
2488,912,1
2489,912,1
2490,912,1
2491,912,1
2492,912,1
2493,912,1
2494,911,1
2495,911,1
2496,911,1
2497,911,1
2498,911,1
2499,911,1
2500,911,1
2501,911,1
2502,911,1
2503,911,1
2504,911,1
2505,911,1
2506,911,1
2507,911,1
2508,911,1
2509,911,1
2510,911,1
2511,911,1
2512,910,1
2513,910,1
2514,910,1
2515,910,1
2516,910,1
2517,910,1
2518,910,1
2519,910,1
2520,910,1
2521,910,1
2522,910,1
2523,910,1
2524,910,1
2525,909,1
2526,909,1
2527,909,1
2528,909,1
2529,909,1
2530,909,1
2531,909,1
2532,909,1
2533,909,1
2534,909,1
2535,909,1
2536,909,1
2537,909,1
2538,909,1
2539,909,1
2540,908,1
2541,908,1
2542,908,1
2543,908,1
2544,908,1
2545,908,1
2546,908,1
2547,908,1
2548,908,1
2549,908,1
2550,908,1
2551,908,1
2552,908,1
2553,908,1
2554,907,1
2555,907,1
2556,907,1
2557,907,1
2558,907,1
2559,907,1
2560,907,1
2561,907,1
2562,907,1
2563,907,1
2564,907,1
2565,907,1
2566,907,1
2567,907,1
2568,907,1
2569,907,1
2570,907,1
2571,907,1
2572,907,1
2573,907,1
2574,907,1
2575,907,1
2576,907,1
2577,907,1
2578,907,1
2579,907,1
2580,907,1
2581,906,1
2582,906,1
2583,906,1
2584,906,1
2585,906,1
2586,906,1
2587,906,1
2588,906,1
2589,906,1
2590,906,1
2591,906,1
2592,906,1
2593,906,1
2594,906,1
2595,906,1
2596,905,1
2597,905,1
2598,905,1
2599,905,1
2600,905,1
2601,905,1
2602,905,1
2603,905,1
2604,905,1
2605,905,1
2606,905,1
2607,905,1
2608,905,1
2609,905,1
2610,904,1
2611,904,1
2612,904,1
2613,904,1
2614,904,1
2615,904,1
2616,904,1
2617,904,1
2618,904,1
2619,904,1
2620,904,1
2621,904,1
2622,904,1
2623,903,1
2624,903,1
2625,903,1
2626,903,1
2627,903,1
2628,903,1
2629,903,1
2630,903,1
2631,903,1
2632,903,1
2633,903,1
2634,903,1
2635,903,1
2636,903,1
2637,903,1
2638,903,1
2639,903,1
2640,903,1
2641,903,1
2642,903,1
2643,903,1
2644,902,1
2645,902,1
2646,902,1
2647,902,1
2648,902,1
2649,902,1
2650,902,1
2651,902,1
2652,902,1
2653,902,1
2654,902,1
2655,902,1
2656,902,1
2657,902,1
2658,902,1
2659,902,1
2660,902,1
2661,902,1
2662,902,1
2663,902,1
2664,902,1
2665,902,1
2666,902,1
2667,902,1
2668,902,1
2669,901,1
2670,901,1
2671,901,1
2672,901,1
2673,901,1
2674,901,1
2675,901,1
2676,901,1
2677,901,1
2678,901,1
2679,901,1
2680,901,1
2681,901,1
2682,901,1
2683,900,1
2684,900,1
2685,900,1
2686,900,1
2687,900,1
2688,900,1
2689,900,1
2690,900,1
2691,900,1
2692,900,1
2693,900,1
2694,900,1
2695,899,1
2696,899,1
2697,899,1
2698,899,1
2699,899,1
2700,899,1
2701,899,1
2702,899,1
2703,899,1
2704,899,1
2705,899,1
2706,899,1
2707,899,1
2708,899,1
2709,898,1
2710,898,1
2711,898,1
2712,898,1
2713,898,1
2714,898,1
2715,898,1
2716,898,1
2717,898,1
2718,898,1
2719,898,1
2720,898,1
2721,898,1
2722,898,1
2723,898,1
2724,898,1
2725,898,1
2726,898,1
2727,898,1
2728,898,1
2729,898,1
2730,898,1
2731,898,1
2732,898,1
2733,898,1
2734,898,1
2735,897,1
2736,897,1
2737,897,1
2738,897,1
2739,897,1
2740,897,1
2741,897,1
2742,897,1
2743,897,1
2744,897,1
2745,897,1
2746,897,1
2747,897,1
2748,897,1
2749,897,1
2750,897,1
2751,897,1
2752,897,1
2753,897,1
2754,897,1
2755,897,1
2756,897,1
2757,897,1
2758,897,1
2759,897,1
2760,896,1
2761,896,1
2762,896,1
2763,896,1
2764,896,1
2765,896,1
2766,896,1
2767,896,1
2768,896,1
2769,896,1
2770,896,1
2771,896,1
2772,896,1
2773,896,1
2774,896,1
2775,896,1
2776,896,1
2777,896,1
2778,896,1
2779,896,1
2780,896,1
2781,896,1
2782,896,1
2783,896,1
2784,895,1
2785,895,1
2786,895,1
2787,895,1
2788,895,1
2789,895,1
2790,895,1
2791,895,1
2792,895,1
2793,895,1
2794,895,1
2795,895,1
2796,895,1
2797,895,1
2798,895,1
2799,895,1
2800,895,1
2801,895,1
2802,895,1
2803,895,1
2804,895,1
2805,895,1
2806,895,1
2807,895,1
2808,895,1
2809,895,1
2810,895,1
2811,895,1
2812,895,1
2813,895,1
2814,895,1
2815,895,1
2816,895,1
2817,895,1
2818,895,1
2819,894,1
2820,894,1
2821,894,1
2822,894,1
2823,894,1
2824,894,1
2825,894,1
2826,894,1
2827,894,1
2828,894,1
2829,894,1
2830,894,1
2831,894,1
2832,894,1
2833,894,1
2834,894,1
2835,894,1
2836,894,1
2837,894,1
2838,894,1
2839,894,1
2840,894,1
2841,894,1
2842,894,1
2843,894,1
2844,894,1
2845,894,1
2846,894,1
2847,894,1
2848,894,1
2849,894,1
2850,894,1
2851,893,1
2852,893,1
2853,893,1
2854,893,1
2855,893,1
2856,893,1
2857,893,1
2858,893,1
2859,893,1
2860,893,1
2861,893,1
2862,893,1
2863,893,1
2864,893,1
2865,893,1
2866,893,1
2867,893,1
2868,893,1
2869,893,1
2870,893,1
2871,893,1
2872,893,1
2873,893,1
2874,893,1
2875,893,1
2876,893,1
2877,893,1
2878,893,1
2879,893,1
2880,893,1
2881,893,1
2882,892,1
2883,892,1
2884,892,1
2885,892,1
2886,892,1
2887,892,1
2888,892,1
2889,892,1
2890,892,1
2891,892,1
2892,892,1
2893,892,1
2894,892,1
2895,892,1
2896,892,1
2897,892,1
2898,892,1
2899,892,1
2900,892,1
2901,892,1
2902,892,1
2903,892,1
2904,891,1
2905,891,1
2906,891,1
2907,891,1
2908,891,1
2909,891,1
2910,891,1
2911,891,1
2912,891,1
2913,891,1
2914,891,1
2915,891,1
2916,891,1
2917,891,1
2918,890,1
2919,890,1
2920,890,1
2921,890,1
2922,890,1
2923,890,1
2924,890,1
2925,890,1
2926,890,1
2927,890,1
2928,890,1
2929,890,1
2930,890,1
2931,890,1
2932,889,1
2933,889,1
2934,889,1
2935,889,1
2936,889,1
2937,889,1
2938,889,1
2939,889,1
2940,889,1
2941,889,1
2942,889,1
2943,889,1
2944,889,1
2945,889,1
2946,889,1
2947,889,1
2948,889,1
2949,889,1
2950,889,1
2951,889,1
2952,889,1
2953,889,1
2954,889,1
2955,889,1
2956,889,1
2957,889,1
2958,888,1
2959,888,1
2960,888,1
2961,888,1
2962,888,1
2963,888,1
2964,888,1
2965,888,1
2966,888,1
2967,888,1
2968,888,1
2969,888,1
2970,888,1
2971,888,1
2972,888,1
2973,888,1
2974,888,1
2975,888,1
2976,887,1
2977,887,1
2978,887,1
2979,887,1
2980,887,1
2981,887,1
2982,887,1
2983,887,1
2984,887,1
2985,887,1
2986,887,1
2987,887,1
2988,887,1
2989,887,1
2990,886,1
2991,886,1
2992,886,1
2993,886,1
2994,886,1
2995,886,1
2996,886,1
2997,886,1
2998,886,1
2999,886,1
3000,886,1
3001,886,1
3002,886,1
3003,886,1
3004,885,1
3005,885,1
3006,885,1
3007,885,1
3008,885,1
3009,885,1
3010,885,1
3011,885,1
3012,885,1
3013,885,1
3014,885,1
3015,885,1
3016,885,1
3017,885,1
3018,884,1
3019,884,1
3020,884,1
3021,884,1
3022,884,1
3023,884,1
3024,884,1
3025,884,1
3026,884,1
3027,884,1
3028,884,1
3029,884,1
3030,884,1
3031,884,1
3032,884,1
3033,884,1
3034,884,1
3035,884,1
3036,884,1
3037,884,1
3038,884,1
3039,884,1
3040,884,1
3041,884,1
3042,883,1
3043,883,1
3044,883,1
3045,883,1
3046,883,1
3047,883,1
3048,883,1
3049,883,1
3050,883,1
3051,883,1
3052,883,1
3053,883,1
3054,883,1
3055,883,1
3056,882,1
3057,882,1
3058,882,1
3059,882,1
3060,882,1
3061,882,1
3062,882,1
3063,882,1
3064,882,1
3065,882,1
3066,882,1
3067,882,1
3068,882,1
3069,882,1
3070,881,1
3071,881,1
3072,881,1
3073,881,1
3074,881,1
3075,881,1
3076,881,1
3077,881,1
3078,881,1
3079,881,1
3080,881,1
3081,881,1
3082,881,1
3083,881,1
3084,881,1
3085,880,1
3086,880,1
3087,880,1
3088,880,1
3089,880,1
3090,880,1
3091,880,1
3092,880,1
3093,880,1
3094,880,1
3095,880,1
3096,880,1
3097,880,1
3098,880,1
3099,879,1
3100,879,1
3101,879,1
3102,879,1
3103,879,1
3104,879,1
3105,879,1
3106,879,1
3107,879,1
3108,879,1
3109,879,1
3110,879,1
3111,879,1
3112,879,1
3113,878,1
3114,878,1
3115,878,1
3116,878,1
3117,878,1
3118,878,1
3119,878,1
3120,878,1
3121,878,1
3122,878,1
3123,878,1
3124,878,1
3125,878,1
3126,878,1
3127,877,1
3128,877,1
3129,877,1
3130,877,1
3131,877,1
3132,877,1
3133,877,1
3134,877,1
3135,877,1
3136,877,1
3137,876,1
3138,876,1
3139,876,1
3140,876,1
3141,876,1
3142,876,1
3143,876,1
3144,876,1
3145,876,1
3146,876,1
3147,876,1
3148,876,1
3149,875,1
3150,875,1
3151,875,1
3152,875,1
3153,875,1
3154,875,1
3155,875,1
3156,875,1
3157,875,1
3158,875,1
3159,875,1
3160,875,1
3161,875,1
3162,875,1
3163,874,1
3164,874,1
3165,874,1
3166,874,1
3167,874,1
3168,873,1
3169,873,1
3170,873,1
3171,873,1
3172,873,1
3173,873,1
3174,873,1
3175,873,1
3176,873,1
3177,873,1
3178,873,1
3179,873,1
3180,873,1
3181,873,1
3182,873,1
3182,873,0
