862,938,1
909,921,1
910,921,1
911,920,1
912,920,1
913,920,1
914,920,1
915,920,1
916,920,1
917,920,1
918,920,1
919,920,1
920,919,1
921,919,1
922,919,1
923,919,1
924,919,1
925,919,1
926,919,1
927,918,1
928,918,1
929,918,1
930,918,1
931,918,1
932,918,1
933,918,1
934,918,1
935,918,1
936,918,1
937,918,1
938,918,1
939,918,1
940,918,1
941,918,1
942,918,1
943,918,1
944,918,1
945,918,1
946,918,1
947,919,1
948,919,1
949,919,1
995,936,1
996,936,1
997,937,1
998,937,1
999,938,1
999,939,1
1000,939,1
1001,940,1
1002,940,1
1003,941,1
1003,942,1
1004,942,1
1005,943,1
1006,944,1
1007,945,1
1008,945,1
1009,946,1
1009,947,1
1010,948,1
1011,948,1
1012,949,1
1012,950,1
1013,950,1
1014,951,1
1014,952,1
1015,953,1
1016,953,1
1016,954,1
1017,955,1
1018,956,1
1019,957,1
1020,958,1
1020,959,1
1021,959,1
1021,960,1
1022,961,1
1023,962,1
1023,963,1
1024,963,1
1024,964,1
1025,965,1
1026,966,1
1026,967,1
1027,968,1
1028,969,1
1028,970,1
1029,971,1
1029,972,1
1030,973,1
1031,974,1
1031,975,1
1032,976,1
1032,977,1
1033,978,1
1033,979,1
1034,980,1
1034,981,1
1035,982,1
1035,983,1
1036,984,1
1036,985,1
1036,986,1
1037,987,1
1037,988,1
1037,989,1
1038,989,1
1038,990,1
1038,991,1
1039,992,1
1039,993,1
1039,994,1
1040,995,1
1040,996,1
1040,997,1
1041,998,1
1041,999,1
1041,1000,1
1042,1001,1
1042,1002,1
1042,1003,1
1043,1004,1
1043,1005,1
1043,1006,1
1043,1007,1
1044,1008,1
1044,1009,1
1044,1010,1
1044,1011,1
1044,1012,1
1045,1013,1
1045,1014,1
1045,1015,1
1045,1016,1
1045,1017,1
1045,1018,1
1046,1019,1
1046,1020,1
1046,1021,1
1046,1022,1
1046,1023,1
1046,1024,1
1046,1025,1
1046,1026,1
1046,1027,1
1046,1028,1
1047,1029,1
1047,1030,1
1047,1031,1
1047,1032,1
1047,1033,1
1047,1034,1
1047,1035,1
1047,1036,1
1047,1037,1
1047,1038,1
1047,1039,1
1047,1040,1
1047,1041,1
1047,1042,1
1047,1043,1
1047,1044,1
1047,1045,1
1047,1046,1
1047,1047,1
1047,1048,1
1047,1049,1
1047,1050,1
1047,1051,1
1046,1051,1
1046,1052,1
1046,1053,1
1046,1054,1
1046,1055,1
1046,1056,1
1046,1057,1
1046,1058,1
1046,1059,1
1045,1060,1
1045,1061,1
1045,1062,1
1045,1063,1
1045,1064,1
1045,1065,1
1045,1066,1
1044,1067,1
1044,1068,1
1044,1069,1
1044,1070,1
1043,1071,1
1043,1072,1
1043,1073,1
1043,1074,1
1043,1075,1
1042,1076,1
1042,1077,1
1042,1078,1
1042,1079,1
1041,1080,1
1041,1081,1
1041,1082,1
1040,1083,1
1040,1084,1
1040,1085,1
1040,1086,1
1039,1086,1
1039,1087,1
1039,1088,1
1038,1089,1
1038,1090,1
1038,1091,1
1037,1092,1
1037,1093,1
1037,1094,1
1036,1095,1
1036,1096,1
1036,1097,1
1035,1098,1
1035,1099,1
1034,1100,1
1034,1101,1
1033,1102,1
1033,1103,1
1032,1104,1
1032,1105,1
1032,1106,1
1031,1107,1
1031,1108,1
1030,1109,1
1030,1110,1
1029,1111,1
1029,1112,1
1028,1113,1
1027,1114,1
1027,1115,1
1026,1116,1
1026,1117,1
1025,1118,1
1025,1119,1
1024,1120,1
1024,1121,1
1023,1122,1
1023,1123,1
1022,1123,1
1022,1124,1
1021,1125,1
1021,1126,1
1020,1127,1
1020,1128,1
1019,1129,1
1018,1130,1
1018,1131,1
1017,1131,1
1017,1132,1
1016,1133,1
1016,1134,1
1015,1135,1
1014,1136,1
1014,1137,1
1013,1138,1
1012,1138,1
1012,1139,1
1011,1140,1
1011,1141,1
1010,1142,1
1009,1143,1
1009,1144,1
1008,1144,1
1007,1145,1
1007,1146,1
1006,1147,1
1005,1148,1
1005,1149,1
1004,1149,1
1003,1150,1
1003,1151,1
1002,1152,1
1001,1153,1
1001,1154,1
1000,1154,1
999,1155,1
998,1156,1
998,1157,1
997,1158,1
996,1159,1
995,1159,1
995,1160,1
994,1161,1
993,1162,1
992,1163,1
992,1164,1
991,1164,1
990,1165,1
989,1166,1
989,1167,1
988,1168,1
987,1169,1
986,1169,1
985,1170,1
985,1171,1
984,1172,1
983,1172,1
982,1173,1
981,1174,1
980,1175,1
980,1176,1
979,1176,1
978,1177,1
977,1178,1
976,1179,1
975,1179,1
975,1180,1
974,1181,1
973,1182,1
972,1183,1
971,1183,1
970,1184,1
970,1185,1
969,1185,1
968,1186,1
967,1187,1
966,1188,1
965,1188,1
964,1189,1
964,1190,1
963,1191,1
962,1191,1
961,1192,1
960,1193,1
959,1193,1
958,1194,1
957,1195,1
956,1195,1
956,1196,1
955,1197,1
954,1197,1
953,1198,1
952,1199,1
951,1199,1
950,1200,1
949,1201,1
948,1201,1
948,1202,1
947,1202,1
946,1203,1
945,1204,1
944,1204,1
943,1205,1
942,1205,1
941,1206,1
940,1207,1
939,1208,1
938,1208,1
937,1209,1
936,1209,1
935,1210,1
934,1211,1
933,1211,1
932,1212,1
931,1213,1
930,1213,1
929,1214,1
928,1214,1
927,1215,1
926,1215,1
925,1216,1
924,1216,1
923,1217,1
922,1217,1
921,1218,1
920,1218,1
919,1218,1
919,1219,1
918,1219,1
917,1220,1
916,1220,1
915,1220,1
914,1221,1
913,1221,1
912,1221,1
911,1222,1
910,1222,1
909,1222,1
908,1223,1
907,1223,1
906,1223,1
906,1224,1
905,1224,1
904,1224,1
903,1224,1
902,1225,1
901,1225,1
900,1225,1
899,1225,1
898,1225,1
897,1226,1
896,1226,1
895,1226,1
894,1226,1
893,1226,1
892,1226,1
891,1226,1
890,1226,1
889,1226,1
888,1227,1
887,1227,1
886,1227,1
885,1226,1
884,1226,1
883,1226,1
882,1226,1
881,1226,1
880,1226,1
879,1226,1
878,1226,1
877,1225,1
876,1225,1
875,1225,1
874,1225,1
873,1224,1
872,1224,1
871,1224,1
871,1223,1
870,1223,1
869,1223,1
869,1222,1
868,1222,1
867,1221,1
866,1221,1
866,1220,1
865,1220,1
864,1219,1
863,1218,1
862,1217,1
862,1216,1
861,1216,1
861,1215,1
860,1215,1
860,1214,1
860,1213,1
859,1213,1
859,1212,1
859,1211,1
859,1210,1
858,1210,1
858,1209,1
858,1208,1
858,1207,1
858,1206,1
858,1205,1
858,1204,1
858,1203,1
858,1202,1
858,1201,1
858,1200,1
858,1199,1
859,1199,1
859,1198,1
859,1197,1
859,1196,1
860,1196,1
860,1195,1
861,1195,1
861,1194,1
862,1193,1
862,1192,1
863,1192,1
863,1191,1
864,1190,1
865,1190,1
865,1189,1
866,1189,1
866,1188,1
867,1188,1
868,1187,1
869,1187,1
869,1186,1
870,1186,1
871,1186,1
872,1185,1
873,1185,1
874,1185,1
874,1184,1
875,1184,1
876,1184,1
877,1184,1
878,1184,1
879,1184,1
879,1183,1
880,1183,1
881,1183,1
882,1183,1
883,1183,1
884,1183,1
885,1183,1
886,1183,1
887,1183,1
887,1184,1
888,1184,1
889,1184,1
890,1184,1
891,1184,1
892,1184,1
893,1184,1
894,1185,1
895,1185,1
896,1185,1
897,1185,1
898,1186,1
899,1186,1
900,1186,1
901,1187,1
902,1187,1
903,1188,1
904,1188,1
905,1188,1
906,1189,1
907,1190,1
908,1190,1
909,1191,1
910,1191,1
911,1192,1
912,1193,1
913,1193,1
914,1194,1
915,1195,1
916,1196,1
917,1196,1
918,1197,1
919,1198,1
920,1199,1
921,1200,1
922,1200,1
922,1201,1
923,1202,1
924,1202,1
925,1203,1
926,1204,1
927,1205,1
928,1206,1
928,1207,1
929,1207,1
930,1208,1
931,1209,1
931,1210,1
932,1210,1
933,1211,1
933,1212,1
934,1213,1
935,1214,1
936,1215,1
937,1216,1
937,1217,1
938,1218,1
939,1219,1
940,1220,1
941,1221,1
941,1222,1
942,1223,1
943,1224,1
943,1225,1
944,1226,1
945,1226,1
945,1227,1
946,1228,1
947,1229,1
947,1230,1
948,1231,1
948,1232,1
949,1233,1
950,1234,1
950,1235,1
951,1236,1
952,1237,1
953,1238,1
953,1239,1
954,1240,1
954,1241,1
955,1242,1
956,1243,1
956,1244,1
957,1245,1
957,1246,1
958,1247,1
958,1248,1
959,1249,1
960,1249,1
960,1250,1
961,1251,1
961,1252,1
962,1253,1
962,1254,1
963,1255,1
963,1256,1
964,1257,1
964,1258,1
965,1259,1
965,1260,1
966,1261,1
967,1262,1
968,1263,1
968,1264,1
969,1265,1
969,1266,1
970,1267,1
970,1268,1
971,1269,1
971,1270,1
972,1271,1
973,1271,1
973,1272,1
974,1273,1
974,1274,1
975,1275,1
975,1276,1
976,1277,1
977,1278,1
977,1279,1
978,1280,1
979,1281,1
979,1282,1
980,1283,1
980,1284,1
981,1285,1
982,1286,1
982,1287,1
983,1287,1
983,1288,1
984,1289,1
984,1290,1
985,1291,1
986,1292,1
986,1293,1
987,1293,1
987,1294,1
988,1295,1
988,1296,1
989,1297,1
990,1298,1
990,1299,1
991,1299,1
991,1300,1
992,1301,1
993,1302,1
993,1303,1
994,1304,1
995,1305,1
996,1306,1
996,1307,1
997,1308,1
998,1309,1
999,1310,1
999,1311,1
1000,1312,1
1001,1313,1
1002,1314,1
1003,1315,1
1003,1316,1
1004,1317,1
1005,1317,1
1005,1318,1
1006,1319,1
1007,1320,1
1008,1321,1
1009,1322,1
1009,1323,1
1010,1323,1
1011,1324,1
1011,1325,1
1012,1325,1
1013,1326,1
1014,1327,1
1015,1328,1
1016,1329,1
1017,1330,1
1018,1330,1
1019,1331,1
1019,1332,1
1020,1332,1
1021,1333,1
1022,1333,1
1022,1334,1
1023,1334,1
1024,1335,1
1025,1335,1
1026,1336,1
1027,1337,1
1028,1337,1
1029,1338,1
1030,1339,1
1031,1340,1
1032,1341,1
1033,1342,1
1034,1342,1
1035,1343,1
1035,1344,1
1036,1344,1
1037,1345,1
1038,1346,1
1039,1346,1
1039,1347,1
1040,1347,1
1041,1348,1
1042,1348,1
1042,1349,1
1043,1349,1
1044,1350,1
1045,1350,1
1045,1351,1
1046,1351,1
1047,1352,1
1048,1352,1
1049,1353,1
1050,1354,1
1051,1354,1
1052,1354,1
1053,1354,1
1054,1355,1
1055,1355,1
1056,1355,1
1057,1355,1
1058,1356,1
1059,1356,1
1060,1355,1
1061,1355,1
1062,1355,1
1063,1355,1
1064,1355,1
1065,1354,1
1066,1354,1
1067,1354,1
1068,1353,1
1069,1352,1
1070,1352,1
1071,1351,1
1072,1351,1
1073,1350,1
1074,1349,1
1075,1348,1
1076,1347,1
1077,1346,1
1137,1222,0
1227,1062,1
1227,1063,1
1227,1064,1
1227,1065,1
1227,1066,1
1226,1067,1
1226,1068,1
1226,1069,1
1225,1070,1
1225,1071,1
1225,1072,1
1225,1073,1
1225,1074,1
1224,1075,1
1224,1076,1
1224,1077,1
1224,1078,1
1224,1079,1
1224,1080,1
1224,1081,1
1224,1082,1
1224,1083,1
1223,1084,1
1223,1085,1
1223,1086,1
1223,1087,1
1223,1088,1
1223,1089,1
1223,1090,1
1222,1091,1
1222,1092,1
1222,1093,1
1222,1094,1
1222,1095,1
1222,1096,1
1222,1097,1
1222,1098,1
1222,1099,1
1222,1100,1
1222,1101,1
1222,1102,1
1222,1103,1
1222,1104,1
1222,1105,1
1222,1106,1
1222,1107,1
1222,1108,1
1222,1109,1
1222,1110,1
1222,1111,1
1222,1112,1
1222,1113,1
1223,1114,1
1223,1115,1
1223,1116,1
1223,1117,1
1223,1118,1
1223,1119,1
1223,1120,1
1223,1121,1
1223,1122,1
1223,1123,1
1223,1124,1
1223,1125,1
1223,1126,1
1223,1127,1
1224,1128,1
1224,1129,1
1224,1130,1
1224,1131,1
1224,1132,1
1224,1133,1
1224,1134,1
1224,1135,1
1224,1136,1
1225,1137,1
1225,1138,1
1225,1139,1
1225,1140,1
1225,1141,1
1225,1142,1
1225,1143,1
1225,1144,1
1226,1145,1
1226,1146,1
1226,1147,1
1226,1148,1
1226,1149,1
1226,1150,1
1227,1151,1
1227,1152,1
1227,1153,1
1227,1154,1
1228,1155,1
1228,1156,1
1228,1157,1
1228,1158,1
1229,1159,1
1229,1160,1
1229,1161,1
1229,1162,1
1230,1163,1
1230,1164,1
1230,1165,1
1231,1166,1
1231,1167,1
1231,1168,1
1232,1168,1
1232,1169,1
1232,1170,1
1233,1171,1
1233,1172,1
1233,1173,1
1234,1174,1
1234,1175,1
1234,1176,1
1235,1176,1
1235,1177,1
1235,1178,1
1236,1179,1
1236,1180,1
1237,1181,1
1237,1182,1
1238,1183,1
1238,1184,1
1239,1185,1
1239,1186,1
1239,1187,1
1240,1187,1
1240,1188,1
1241,1189,1
1241,1190,1
1242,1191,1
1242,1192,1
1243,1193,1
1243,1194,1
1244,1195,1
1244,1196,1
1245,1196,1
1245,1197,1
1246,1198,1
1247,1199,1
1248,1200,1
1248,1201,1
1249,1202,1
1250,1203,1
1251,1204,1
1252,1205,1
1252,1206,1
1253,1206,1
1254,1207,1
1254,1208,1
1255,1208,1
1256,1209,1
1256,1210,1
1257,1210,1
1257,1211,1
1258,1212,1
1259,1212,1
1259,1213,1
1260,1213,1
1261,1214,1
1261,1215,1
1262,1215,1
1263,1216,1
1264,1216,1
1264,1217,1
1265,1217,1
1266,1218,1
1267,1219,1
1268,1219,1
1269,1220,1
1270,1220,1
1271,1221,1
1272,1221,1
1272,1222,1
1273,1222,1
1274,1223,1
1275,1223,1
1276,1224,1
1277,1224,1
1278,1224,1
1279,1225,1
1280,1225,1
1281,1226,1
1282,1226,1
1283,1226,1
1284,1227,1
1285,1227,1
1286,1227,1
1287,1228,1
1288,1228,1
1289,1228,1
1290,1228,1
1291,1229,1
1292,1229,1
1293,1229,1
1294,1229,1
1295,1229,1
1296,1229,1
1297,1229,1
1298,1230,1
1299,1230,1
1300,1230,1
1301,1230,1
1302,1230,1
1303,1230,1
1304,1230,1
1305,1230,1
1306,1230,1
1307,1230,1
1308,1230,1
1309,1230,1
1310,1230,1
1311,1230,1
1312,1229,1
1313,1229,1
1314,1229,1
1315,1229,1
1316,1229,1
1317,1229,1
1318,1229,1
1319,1228,1
1320,1228,1
1321,1228,1
1322,1228,1
1323,1227,1
1324,1227,1
1325,1227,1
1326,1227,1
1327,1226,1
1328,1226,1
1329,1226,1
1330,1226,1
1331,1225,1
1332,1225,1
1333,1224,1
1334,1224,1
1335,1224,1
1336,1223,1
1337,1223,1
1337,1222,1
1338,1222,1
1339,1221,1
1340,1221,1
1341,1221,1
1342,1220,1
1343,1220,1
1343,1219,1
1344,1219,1
1345,1218,1
1346,1218,1
1347,1217,1
1348,1217,1
1348,1216,1
1349,1216,1
1350,1215,1
1351,1215,1
1352,1214,1
1353,1213,1
1354,1213,1
1355,1212,1
1355,1211,1
1356,1211,1
1357,1210,1
1358,1210,1
1358,1209,1
1359,1208,1
1360,1208,1
1361,1207,1
1361,1206,1
1362,1206,1
1363,1205,1
1364,1204,1
1365,1203,1
1366,1202,1
1367,1201,1
1368,1200,1
1369,1199,1
1370,1198,1
1371,1197,1
1372,1196,1
1372,1195,1
1373,1195,1
1374,1194,1
1374,1193,1
1375,1193,1
1375,1192,1
1376,1191,1
1377,1190,1
1378,1189,1
1378,1188,1
1379,1188,1
1380,1187,1
1380,1186,1
1381,1185,1
1382,1184,1
1382,1183,1
1383,1182,1
1384,1181,1
1385,1180,1
1385,1179,1
1386,1179,1
1386,1178,1
1387,1177,1
1387,1176,1
1388,1176,1
1388,1175,1
1389,1174,1
1389,1173,1
1390,1173,1
1390,1172,1
1391,1171,1
1392,1170,1
1392,1169,1
1393,1169,1
1394,1168,1
1394,1167,1
1395,1167,1
1395,1166,1
1396,1166,1
1396,1165,1
1397,1164,1
1398,1163,1
1399,1162,1
1400,1161,1
1401,1160,1
1402,1159,1
1403,1158,1
1404,1158,1
1404,1157,1
1405,1157,1
1405,1156,1
1406,1156,1
1406,1155,1
1407,1155,1
1408,1154,1
1409,1154,1
1409,1153,1
1410,1153,1
1411,1153,1
1412,1152,1
1413,1152,1
1413,1151,1
1414,1151,1
1415,1151,1
1416,1151,1
1416,1150,1
1417,1150,1
1418,1150,1
1419,1150,1
1419,1149,1
1420,1149,1
1421,1149,1
1422,1149,1
1423,1149,1
1424,1149,1
1425,1149,1
1426,1149,1
1427,1149,1
1428,1149,1
1429,1149,1
1430,1149,1
1431,1149,1
1432,1149,1
1433,1149,1
1434,1149,1
1435,1149,1
1436,1149,1
1437,1149,1
1438,1149,1
1439,1149,1
1440,1150,1
1441,1150,1
1442,1150,1
1443,1150,1
1444,1150,1
1445,1150,1
1446,1150,1
1447,1151,1
1448,1151,1
1449,1151,1
1450,1151,1
1451,1151,1
1452,1151,1
1453,1151,1
1454,1152,1
1455,1152,1
1456,1152,1
1457,1152,1
1458,1152,1
1459,1152,1
1460,1152,1
1460,1153,1
1461,1153,1
1462,1153,1
1463,1153,1
1464,1153,1
1465,1153,1
1466,1153,1
1467,1154,1
1468,1154,1
1469,1154,1
1470,1154,1
1471,1154,1
1472,1154,1
1473,1154,1
1474,1154,1
1475,1154,1
1476,1154,1
1477,1154,1
1478,1154,1
1479,1154,1
1480,1154,1
1481,1154,1
1482,1154,1
1483,1154,1
1484,1154,1
1485,1154,1
1486,1154,1
1487,1154,1
1488,1154,1
1489,1154,1
1490,1154,1
1491,1154,1
1492,1154,1
1492,1153,1
1493,1153,1
1494,1153,1
1495,1153,1
1496,1153,1
1497,1152,1
1498,1152,1
1499,1152,1
1500,1152,1
1501,1152,1
1502,1151,1
1503,1151,1
1504,1151,1
1504,1150,1
1505,1150,1
1506,1150,1
1507,1149,1
1508,1149,1
1509,1149,1
1510,1148,1
1511,1148,1
1511,1147,1
1512,1147,1
1513,1146,1
1514,1146,1
1515,1146,1
1516,1145,1
1517,1145,1
1517,1144,1
1518,1144,1
1519,1143,1
1520,1142,1
1521,1142,1
1521,1141,1
1522,1141,1
1523,1140,1
1524,1140,1
1525,1139,1
1526,1138,1
1527,1137,1
1528,1137,1
1528,1136,1
1529,1136,1
1530,1135,1
1531,1134,1
1532,1133,1
1533,1133,1
1533,1132,1
1534,1131,1
1535,1131,1
1536,1130,1
1536,1129,1
1537,1129,1
1537,1128,1
1538,1127,1
1539,1126,1
1540,1125,1
1541,1124,1
1542,1123,1
1543,1122,1
1544,1121,1
1544,1120,1
1545,1120,1
1546,1119,1
1547,1118,1
1548,1117,1
1548,1116,1
1549,1116,1
1549,1115,1
1550,1115,1
1550,1114,1
1551,1114,1
1551,1113,1
1552,1113,1
1553,1112,1
1554,1111,1
1555,1110,1
1556,1110,1
1556,1109,1
1557,1109,1
1557,1108,1
1558,1108,1
1559,1107,1
1560,1107,1
1561,1106,1
1562,1106,1
1563,1106,1
1564,1106,1
1564,1107,1
1565,1107,1
1565,1108,1
1566,1108,1
1566,1109,1
1566,1110,1
1566,1111,1
1567,1111,1
1567,1112,1
1567,1113,1
1567,1114,1
1567,1115,1
1568,1115,1
1568,1116,1
1568,1117,1
1568,1118,1
1568,1119,1
1568,1120,1
1568,1121,1
1568,1122,1
1568,1123,1
1568,1124,1
1568,1125,1
1569,1125,1
1569,1126,1
1569,1127,1
1569,1128,1
1569,1129,1
1569,1130,1
1569,1131,1
1569,1132,1
1569,1133,1
1569,1134,1
1569,1135,1
1569,1136,1
1569,1137,1
1569,1138,1
1569,1139,1
1569,1140,1
1569,1141,1
1569,1142,1
1569,1143,1
1569,1144,1
1570,1145,1
1570,1146,1
1570,1147,1
1570,1148,1
1570,1149,1
1570,1150,1
1570,1151,1
1570,1152,1
1570,1153,1
1570,1154,1
1570,1155,1
1570,1156,1
1570,1157,1
1570,1158,1
1570,1159,1
1570,1160,1
1570,1161,1
1570,1162,1
1570,1163,1
1570,1164,1
1570,1165,1
1570,1166,1
1570,1167,1
1570,1168,1
1570,1169,1
1570,1170,1
1570,1171,1
1570,1172,1
1571,1173,1
1571,1174,1
1571,1175,1
1571,1176,1
1571,1177,1
1571,1178,1
1571,1179,1
1571,1180,1
1571,1181,1
1571,1182,1
1571,1183,1
1571,1184,1
1571,1185,1
1571,1186,1
1571,1187,1
1571,1188,1
1571,1189,1
1571,1190,1
1571,1191,1
1571,1192,1
1572,1193,1
1572,1194,1
1572,1195,1
1572,1196,1
1572,1197,1
1572,1198,1
1572,1199,1
1572,1200,1
1572,1201,1
1572,1202,1
1573,1202,1
1573,1203,1
1573,1204,1
1573,1205,1
1573,1206,1
1573,1207,1
1573,1208,1
1573,1209,1
1573,1210,1
1573,1211,1
1574,1212,1
1574,1213,1
1574,1214,1
1574,1215,1
1574,1216,1
1574,1217,1
1574,1218,1
1574,1219,1
1575,1220,1
1575,1221,1
1575,1222,1
1575,1223,1
1575,1224,1
1575,1225,1
1575,1226,1
1576,1227,1
1576,1228,1
1576,1229,1
1576,1230,1
1576,1231,1
1577,1231,1
1577,1232,1
1577,1233,1
1577,1234,1
1577,1235,1
1578,1236,1
1578,1237,1
1578,1238,1
1578,1239,1
1579,1239,1
1579,1240,1
1579,1241,1
1580,1242,1
1580,1243,1
1580,1244,1
1581,1244,1
1581,1245,1
1581,1246,1
1581,1247,1
1582,1247,1
1582,1248,1
1582,1249,1
1582,1250,1
1582,1251,1
1583,1252,1
1583,1253,1
1583,1254,1
1584,1255,1
1584,1256,1
1584,1257,1
1585,1257,1
1585,1258,1
1586,1259,1
1586,1260,1
1587,1260,1
1587,1261,1
1588,1262,1
1589,1262,1
1590,1262,1
1590,1261,1
1591,1260,1
1591,1259,1
1592,1258,1
1592,1257,1
1593,1257,1
1593,1256,1
1593,1255,1
1594,1254,1
1595,1253,1
1595,1252,1
1596,1251,1
1597,1251,1
1597,1250,1
1597,1249,1
1598,1248,1
1599,1247,1
1600,1246,1
1674,1186,0
1765,1135,1
1764,1135,1
1763,1135,1
1763,1134,1
1763,1133,1
1762,1132,1
1761,1132,1
1761,1131,1
1761,1130,1
1760,1129,1
1759,1128,1
1759,1127,1
1759,1126,1
1758,1125,1
1758,1124,1
1758,1123,1
1758,1122,1
1758,1121,1
1758,1120,1
1758,1119,1
1758,1118,1
1758,1117,1
1758,1116,1
1758,1115,1
1759,1114,1
1759,1113,1
1759,1112,1
1760,1111,1
1760,1110,1
1761,1109,1
1761,1108,1
1762,1108,1
1762,1107,1
1763,1106,1
1764,1105,1
1765,1105,1
1765,1104,1
1766,1103,1
1767,1102,1
1768,1101,1
1769,1100,1
1770,1099,1
1771,1099,1
1771,1098,1
1772,1097,1
1773,1097,1
1773,1096,1
1774,1096,1
1775,1095,1
1776,1095,1
1777,1094,1
1778,1093,1
1779,1092,1
1780,1091,1
1781,1090,1
1781,1089,1
1782,1089,1
1783,1088,1
1783,1087,1
1784,1087,1
1784,1086,1
1785,1086,1
1786,1085,1
1787,1084,1
1788,1084,1
1789,1083,1
1790,1082,1
1791,1082,1
1792,1081,1
1793,1080,1
1794,1080,1
1795,1079,1
1796,1079,1
1796,1078,1
1797,1078,1
1798,1077,1
1799,1077,1
1800,1077,1
1801,1076,1
1802,1076,1
1803,1075,1
1804,1075,1
1805,1074,1
1806,1074,1
1807,1074,1
1808,1073,1
1809,1073,1
1810,1072,1
1811,1072,1
1812,1072,1
1813,1071,1
1814,1071,1
1815,1071,1
1816,1070,1
1817,1070,1
1818,1070,1
1819,1069,1
1820,1069,1
1821,1069,1
1822,1068,1
1823,1068,1
1824,1068,1
1825,1068,1
1826,1067,1
1827,1067,1
1828,1067,1
1829,1067,1
1830,1066,1
1831,1066,1
1832,1066,1
1833,1066,1
1834,1065,1
1835,1065,1
1836,1065,1
1837,1065,1
1837,1064,1
1838,1064,1
1839,1064,1
1840,1064,1
1841,1064,1
1842,1063,1
1843,1063,1
1844,1063,1
1845,1063,1
1846,1063,1
1847,1062,1
1848,1062,1
1849,1062,1
1850,1062,1
1851,1062,1
1852,1062,1
1853,1062,1
1854,1061,1
1855,1061,1
1856,1061,1
1857,1061,1
1858,1061,1
1859,1061,1
1860,1061,1
1861,1060,1
1862,1060,1
1863,1060,1
1864,1060,1
1865,1060,1
1866,1060,1
1867,1060,1
1868,1060,1
1869,1059,1
1870,1059,1
1871,1059,1
1872,1059,1
1873,1059,1
1874,1059,1
1875,1059,1
1876,1059,1
1877,1059,1
1878,1059,1
1879,1059,1
1880,1058,1
1881,1058,1
1882,1058,1
1883,1058,1
1884,1058,1
1885,1058,1
1886,1058,1
1887,1058,1
1888,1058,1
1889,1058,1
1890,1058,1
1891,1058,1
1892,1057,1
1893,1057,1
1894,1057,1
1895,1057,1
1896,1057,1
1897,1057,1
1898,1057,1
1899,1057,1
1900,1057,1
1901,1057,1
1902,1057,1
1903,1057,1
1904,1056,1
1905,1056,1
1906,1056,1
1907,1056,1
1908,1056,1
1909,1056,1
1910,1056,1
1911,1056,1
1912,1056,1
1913,1056,1
1914,1055,1
1915,1055,1
1916,1055,1
1917,1055,1
1918,1055,1
1919,1055,1
1920,1055,1
1921,1055,1
1922,1055,1
1923,1055,1
1924,1055,1
1925,1055,1
1926,1055,1
1927,1055,1
1928,1055,1
1929,1054,1
1930,1054,1
1931,1054,1
1932,1054,1
1933,1054,1
1934,1054,1
1935,1054,1
1936,1054,1
1937,1054,1
1938,1053,1
1939,1053,1
1940,1053,1
1941,1053,1
1942,1053,1
1943,1053,1
1944,1053,1
1945,1053,1
1946,1053,1
1947,1053,1
1948,1052,1
1949,1052,1
1950,1052,1
1951,1052,1
1952,1052,1
1953,1052,1
1954,1052,1
1955,1052,1
1956,1052,1
1957,1051,1
1958,1051,1
1959,1051,1
1960,1051,1
1961,1051,1
1962,1051,1
1963,1051,1
1964,1050,1
1965,1050,1
1966,1050,1
1967,1050,1
1968,1050,1
1969,1050,1
1970,1050,1
1971,1050,1
1972,1049,1
1973,1049,1
1974,1049,1
1975,1049,1
1976,1049,1
1977,1049,1
1978,1049,1
1979,1049,1
1980,1049,1
1981,1048,1
1982,1048,1
1983,1048,1
1984,1048,1
1985,1048,1
1986,1048,1
1987,1048,1
1988,1047,1
1989,1047,1
1990,1047,1
1991,1047,1
1992,1047,1
1993,1047,1
1994,1047,1
1995,1046,1
1996,1046,1
1997,1046,1
1998,1046,1
1999,1046,1
2000,1046,1
2001,1046,1
2002,1045,1
2003,1045,1
2004,1045,1
2005,1045,1
2006,1045,1
2007,1044,1
2008,1044,1
2009,1044,1
2010,1044,1
2011,1044,1
2012,1044,1
2013,1044,1
2014,1043,1
2015,1043,1
2016,1043,1
2017,1043,1
2018,1043,1
2019,1043,1
2020,1042,1
2021,1042,1
2022,1042,1
2023,1042,1
2024,1042,1
2025,1042,1
2026,1041,1
2027,1041,1
2028,1041,1
2029,1041,1
2030,1041,1
2031,1041,1
2032,1041,1
2033,1040,1
2034,1040,1
2035,1040,1
2036,1040,1
2037,1040,1
2038,1039,1
2039,1039,1
2040,1039,1
2041,1039,1
2042,1039,1
2043,1038,1
2044,1038,1
2045,1038,1
2046,1038,1
2047,1038,1
2048,1038,1
2049,1037,1
2050,1037,1
2051,1037,1
2052,1037,1
2052,1036,1
2053,1036,1
2054,1036,1
2055,1036,1
2056,1036,1
2057,1036,1
2058,1035,1
2059,1035,1
2060,1035,1
2061,1035,1
2062,1035,1
2063,1035,1
2064,1035,1
2065,1035,1
2081,1078,0
2123,1088,1
2123,1089,1
2123,1090,1
2123,1091,1
2123,1092,1
2123,1093,1
2123,1094,1
2123,1095,1
2123,1096,1
2123,1097,1
2123,1098,1
2123,1099,1
2123,1100,1
2123,1101,1
2123,1102,1
2123,1103,1
2123,1104,1
2123,1105,1
2123,1106,1
2123,1107,1
2123,1108,1
2123,1109,1
2123,1110,1
2123,1111,1
2123,1112,1
2123,1113,1
2123,1114,1
2123,1115,1
2123,1116,1
2123,1117,1
2123,1118,1
2123,1119,1
2123,1120,1
2123,1121,1
2123,1122,1
2123,1123,1
2123,1124,1
2122,1125,1
2122,1126,1
2122,1127,1
2122,1128,1
2122,1129,1
2122,1130,1
2122,1131,1
2122,1132,1
2122,1133,1
2122,1134,1
2122,1135,1
2122,1136,1
2122,1137,1
2122,1138,1
2121,1139,1
2121,1140,1
2121,1141,1
2121,1142,1
2121,1143,1
2121,1144,1
2121,1145,1
2121,1146,1
2121,1147,1
2120,1148,1
2120,1149,1
2120,1150,1
2120,1151,1
2120,1152,1
2120,1153,1
2120,1154,1
2120,1155,1
2119,1156,1
2119,1157,1
2119,1158,1
2119,1159,1
2119,1160,1
2119,1161,1
2119,1162,1
2119,1163,1
2119,1164,1
2118,1165,1
2118,1166,1
2118,1167,1
2118,1168,1
2118,1169,1
2118,1170,1
2118,1171,1
2118,1172,1
2117,1173,1
2117,1174,1
2117,1175,1
2117,1176,1
2117,1177,1
2117,1178,1
2116,1179,1
2116,1180,1
2116,1181,1
2116,1182,1
2116,1183,1
2116,1184,1
2116,1185,1
2115,1186,1
2115,1187,1
2115,1188,1
2115,1189,1
2114,1190,1
2114,1191,1
2114,1192,1
2113,1192,1
2113,1193,1
2113,1194,1
2112,1194,1
2111,1194,1
2111,1193,1
2111,1192,1
2110,1191,1
2110,1190,1
2110,1189,1
2109,1188,1
2108,1187,1
2108,1186,1
2108,1185,1
2091,1053,0
2069,946,1
2069,945,1
2069,944,1
2069,943,1
2069,942,1
2069,941,1
2068,940,1
2068,939,1
2067,938,1
2067,937,1
2067,936,1
2067,935,1
2067,934,1
2067,933,1
2066,932,1
2066,931,1
2066,930,1
2066,929,1
2066,928,1
2066,927,1
2066,926,1
2066,925,1
2066,924,1
2067,923,1
2067,922,1
2067,921,1
2067,920,1
2067,919,1
2067,918,1
2067,917,1
2067,916,1
2067,915,1
2068,914,1
2068,913,1
2068,912,1
2068,911,1
2068,910,1
2068,909,1
2069,908,1
2069,907,1
2069,906,1
2069,905,1
2069,904,1
2070,903,1
2070,902,1
2070,901,1
2071,900,1
2071,899,1
2071,898,1
2071,897,1
2072,896,1
2072,895,1
2072,894,1
2072,893,1
2073,892,1
2073,891,1
2073,890,1
2073,889,1
2073,888,1
2074,888,1
2074,887,1
2074,886,1
2074,885,1
2074,884,1
2075,883,1
2075,882,1
2075,881,1
2075,880,1
2075,879,1
2076,878,1
2076,877,1
2076,876,1
2076,875,1
2077,874,1
2077,873,1
2077,872,1
2078,871,1
2078,870,1
2079,869,1
2079,868,1
2079,867,1
2079,866,1
2080,865,1
2080,864,1
2080,863,1
2081,862,1
2081,861,1
2081,860,1
2082,860,1
2082,859,1
2082,858,1
2083,857,1
2083,856,1
2083,855,1
2084,854,1
2084,853,1
2085,852,1
2085,851,1
2085,850,1
2086,850,1
2086,849,1
2086,848,1
2087,847,1
2087,846,1
2087,845,1
2088,844,1
2088,843,1
2089,842,1
2089,841,1
2090,840,1
2090,839,1
2091,838,1
2091,837,1
2091,836,1
2092,835,1
2092,834,1
2093,834,1
2093,833,1
2093,832,1
2094,831,1
2094,830,1
2095,829,1
2095,828,1
2096,827,1
2096,826,1
2097,825,1
2097,824,1
2098,823,1
2098,822,1
2099,821,1
2099,820,1
2100,820,1
2100,819,1
2101,818,1
2101,817,1
2101,816,1
2102,815,1
2102,814,1
2103,813,1
2103,812,1
2104,812,1
2104,811,1
2105,810,1
2105,809,1
2106,808,1
2106,807,1
2107,806,1
2107,805,1
2108,804,1
2109,804,1
2109,803,1
2110,802,1
2110,801,1
2111,800,1
2111,799,1
2112,798,1
2113,797,1
2113,796,1
2114,795,1
2115,794,1
2115,793,1
2116,793,1
2116,792,1
2117,791,1
2117,790,1
2118,789,1
2118,788,1
2119,788,1
2120,787,1
2120,786,1
2121,785,1
2121,784,1
2122,783,1
2123,783,1
2123,782,1
2124,781,1
2124,780,1
2125,779,1
2126,779,1
2126,778,1
2127,777,1
2128,776,1
2129,775,1
2129,774,1
2130,773,1
2131,773,1
2131,772,1
2132,771,1
2133,770,1
2133,769,1
2134,769,1
2135,768,1
2135,767,1
2136,767,1
2137,766,1
2137,765,1
2138,764,1
2139,764,1
2139,763,1
2140,762,1
2141,761,1
2142,760,1
2143,759,1
2144,758,1
2145,757,1
2146,757,1
2146,756,1
2147,755,1
2148,755,1
2148,754,1
2149,753,1
2150,753,1
2151,752,1
2151,751,1
2152,751,1
2153,750,1
2154,750,1
2155,749,1
2155,748,1
2156,748,1
2157,747,1
2158,747,1
2159,746,1
2160,745,1
2161,745,1
2162,744,1
2163,744,1
2163,743,1
2164,743,1
2165,742,1
2166,742,1
2167,741,1
2168,741,1
2168,740,1
2169,740,1
2170,739,1
2171,739,1
2172,739,1
2173,738,1
2174,738,1
2175,737,1
2176,737,1
2177,737,1
2178,736,1
2179,736,1
2180,736,1
2181,735,1
2182,735,1
2183,735,1
2184,735,1
2185,734,1
2186,734,1
2187,734,1
2188,734,1
2189,734,1
2190,733,1
2191,733,1
2192,733,1
2193,733,1
2194,733,1
2195,733,1
2196,733,1
2197,733,1
2198,733,1
2199,733,1
2200,733,1
2201,733,1
2202,733,1
2203,733,1
2204,733,1
2205,734,1
2206,734,1
2207,734,1
2208,734,1
2209,734,1
2210,735,1
2211,735,1
2212,735,1
2213,736,1
2214,736,1
2215,736,1
2216,737,1
2217,737,1
2218,737,1
2218,738,1
2219,738,1
2220,738,1
2221,739,1
2222,740,1
2223,740,1
2224,740,1
2224,741,1
2225,741,1
2226,742,1
2227,742,1
2228,743,1
2229,744,1
2230,744,1
2230,745,1
2231,745,1
2232,746,1
2233,747,1
2234,748,1
2235,749,1
2236,749,1
2236,750,1
2237,751,1
2238,751,1
2238,752,1
2239,753,1
2240,754,1
2240,755,1
2241,755,1
2242,756,1
2242,757,1
2243,757,1
2243,758,1
2244,759,1
2244,760,1
2245,760,1
2245,761,1
2246,762,1
2246,763,1
2247,763,1
2247,764,1
2248,765,1
2248,766,1
2249,766,1
2249,767,1
2250,768,1
2250,769,1
2251,770,1
2252,771,1
2252,772,1
2253,773,1
2253,774,1
2254,775,1
2254,776,1
2255,777,1
2255,778,1
2255,779,1
2256,780,1
2257,781,1
2257,782,1
2257,783,1
2258,784,1
2258,785,1
2259,786,1
2259,787,1
2260,788,1
2260,789,1
2260,790,1
2261,791,1
2261,792,1
2261,793,1
2262,794,1
2262,795,1
2263,796,1
2263,797,1
2263,798,1
2264,799,1
2264,800,1
2265,801,1
2265,802,1
2265,803,1
2266,804,1
2266,805,1
2266,806,1
2267,807,1
2267,808,1
2267,809,1
2268,810,1
2268,811,1
2268,812,1
2268,813,1
2269,814,1
2269,815,1
2269,816,1
2270,817,1
2270,818,1
2270,819,1
2271,820,1
2271,821,1
2271,822,1
2272,823,1
2272,824,1
2272,825,1
2273,826,1
2273,827,1
2273,828,1
2273,829,1
2273,830,1
2274,831,1
2274,832,1
2274,833,1
2274,834,1
2275,835,1
2275,836,1
2275,837,1
2275,838,1
2276,839,1
2276,840,1
2276,841,1
2276,842,1
2276,843,1
2277,844,1
2277,845,1
2277,846,1
2277,847,1
2277,848,1
2278,849,1
2278,850,1
2278,851,1
2278,852,1
2278,853,1
2278,854,1
2279,855,1
2279,856,1
2279,857,1
2279,858,1
2279,859,1
2280,860,1
2280,861,1
2280,862,1
2280,863,1
2280,864,1
2280,865,1
2281,866,1
2281,867,1
2281,868,1
2281,869,1
2281,870,1
2281,871,1
2282,872,1
2282,873,1
2282,874,1
2282,875,1
2282,876,1
2282,877,1
2282,878,1
2283,879,1
2283,880,1
2283,881,1
2283,882,1
2283,883,1
2283,884,1
2283,885,1
2283,886,1
2284,887,1
2284,888,1
2284,889,1
2284,890,1
2284,891,1
2284,892,1
2284,893,1
2284,894,1
2284,895,1
2285,896,1
2285,897,1
2285,898,1
2285,899,1
2285,900,1
2285,901,1
2285,902,1
2285,903,1
2285,904,1
2285,905,1
2286,906,1
2286,907,1
2286,908,1
2286,909,1
2286,910,1
2286,911,1
2286,912,1
2286,913,1
2286,914,1
2286,915,1
2286,916,1
2286,917,1
2286,918,1
2286,919,1
2286,920,1
2286,921,1
2286,922,1
2287,923,1
2287,924,1
2287,925,1
2287,926,1
2287,927,1
2287,928,1
2287,929,1
2287,930,1
2287,931,1
2287,932,1
2287,933,1
2287,934,1
2287,935,1
2287,936,1
2287,937,1
2287,938,1
2287,939,1
2287,940,1
2287,941,1
2287,942,1
2287,943,1
2287,944,1
2287,945,1
2287,946,1
2287,947,1
2287,948,1
2287,949,1
2287,950,1
2287,951,1
2288,952,1
2288,953,1
2288,954,1
2288,955,1
2288,956,1
2288,957,1
2288,958,1
2288,959,1
2288,960,1
2288,961,1
2288,962,1
2288,963,1
2288,964,1
2288,965,1
2288,966,1
2288,967,1
2288,968,1
2288,969,1
2288,970,1
2288,971,1
2288,972,1
2288,973,1
2288,974,1
2288,975,1
2288,976,1
2288,977,1
2288,978,1
2288,979,1
2288,980,1
2288,981,1
2288,982,1
2288,983,1
2288,984,1
2288,985,1
2288,986,1
2288,987,1
2288,988,1
2288,989,1
2288,990,1
2288,991,1
2288,992,1
2288,993,1
2288,994,1
2288,995,1
2288,996,1
2288,997,1
2288,998,1
2288,999,1
2288,1000,1
2288,1001,1
2288,1002,1
2288,1003,1
2288,1004,1
2288,1005,1
2288,1006,1
2288,1007,1
2288,1008,1
2288,1009,1
2288,1010,1
2288,1011,1
2288,1012,1
2288,1013,1
2288,1014,1
2288,1015,1
2288,1016,1
2288,1017,1
2288,1018,1
2288,1019,1
2288,1020,1
2288,1021,1
2288,1022,1
2288,1023,1
2288,1024,1
2288,1025,1
2288,1026,1
2288,1027,1
2288,1028,1
2288,1029,1
2288,1030,1
2288,1031,1
2288,1032,1
2288,1033,1
2288,1034,1
2288,1035,1
2288,1036,1
2288,1037,1
2288,1038,1
2288,1039,1
2288,1040,1
2288,1041,1
2288,1042,1
2288,1043,1
2288,1044,1
2288,1045,1
2287,1046,1
2287,1047,1
2287,1048,1
2287,1049,1
2287,1050,1
2287,1051,1
2287,1052,1
2287,1053,1
2287,1054,1
2287,1055,1
2287,1056,1
2287,1057,1
2287,1058,1
2287,1059,1
2287,1060,1
2287,1061,1
2287,1062,1
2287,1063,1
2287,1064,1
2287,1065,1
2287,1066,1
2287,1067,1
2287,1068,1
2287,1069,1
2287,1070,1
2287,1071,1
2287,1072,1
2287,1073,1
2287,1074,1
2287,1075,1
2287,1076,1
2287,1077,1
2287,1078,1
2287,1079,1
2287,1080,1
2287,1081,1
2287,1082,1
2287,1083,1
2286,1083,1
2286,1084,1
2286,1085,1
2286,1086,1
2286,1087,1
2286,1088,1
2286,1089,1
2286,1090,1
2286,1091,1
2286,1092,1
2286,1093,1
2286,1094,1
2286,1095,1
2286,1096,1
2286,1097,1
2286,1098,1
2286,1099,1
2286,1100,1
2286,1101,1
2286,1102,1
2286,1103,1
2286,1104,1
2286,1105,1
2286,1106,1
2286,1107,1
2286,1108,1
2286,1109,1
2286,1110,1
2286,1111,1
2286,1112,1
2286,1113,1
2286,1114,1
2285,1115,1
2285,1116,1
2285,1117,1
2285,1118,1
2285,1119,1
2285,1120,1
2285,1121,1
2285,1122,1
2285,1123,1
2285,1124,1
2285,1125,1
2285,1126,1
2285,1127,1
2285,1128,1
2285,1129,1
2285,1130,1
2284,1131,1
2284,1132,1
2284,1133,1
2284,1134,1
2284,1135,1
2284,1136,1
2284,1137,1
2284,1138,1
2284,1139,1
2284,1140,1
2284,1141,1
2284,1142,1
2284,1143,1
2284,1144,1
2284,1145,1
2284,1146,1
2284,1147,1
2284,1148,1
2284,1149,1
2284,1150,1
2284,1151,1
2283,1152,1
2283,1153,1
2283,1154,1
2283,1155,1
2283,1156,1
2283,1157,1
2283,1158,1
2283,1159,1
2283,1160,1
2283,1161,1
2283,1162,1
2283,1163,1
2283,1164,1
2283,1165,1
2283,1166,1
2283,1167,1
2283,1168,1
2283,1169,1
2283,1170,1
2283,1171,1
2282,1172,1
2282,1173,1
2282,1174,1
2282,1175,1
2282,1176,1
2282,1177,1
2282,1178,1
2282,1179,1
2281,1180,1
2281,1181,1
2281,1182,1
2281,1183,1
2281,1184,1
2281,1185,1
2281,1186,1
2281,1185,1
2281,1184,1
2281,1183,1
2281,1182,1
2281,1181,1
2281,1180,1
2281,1179,1
2281,1178,1
2281,1177,1
2403,1128,0
2542,1054,1
2541,1055,1
2540,1056,1
2539,1057,1
2539,1058,1
2539,1059,1
2538,1060,1
2537,1061,1
2537,1062,1
2536,1063,1
2535,1064,1
2535,1065,1
2534,1066,1
2533,1067,1
2533,1068,1
2532,1069,1
2532,1070,1
2531,1071,1
2530,1072,1
2530,1073,1
2529,1074,1
2528,1075,1
2527,1076,1
2526,1077,1
2525,1078,1
2525,1079,1
2524,1080,1
2523,1081,1
2522,1082,1
2522,1083,1
2521,1084,1
2520,1085,1
2519,1086,1
2518,1086,1
2517,1087,1
2517,1088,1
2516,1089,1
2515,1090,1
2514,1091,1
2513,1092,1
2512,1092,1
2512,1093,1
2511,1094,1
2510,1095,1
2509,1096,1
2508,1097,1
2507,1098,1
2506,1099,1
2505,1100,1
2504,1101,1
2503,1102,1
2502,1103,1
2501,1104,1
2500,1104,1
2500,1105,1
2499,1106,1
2498,1107,1
2497,1107,1
2496,1108,1
2496,1109,1
2495,1110,1
2494,1110,1
2493,1111,1
2492,1112,1
2492,1113,1
2491,1114,1
2490,1114,1
2489,1115,1
2488,1116,1
2487,1117,1
2486,1118,1
2485,1119,1
2484,1119,1
2483,1120,1
2482,1121,1
2482,1122,1
2481,1122,1
2480,1123,1
2479,1124,1
2478,1124,1
2477,1125,1
2476,1126,1
2475,1127,1
2474,1128,1
2473,1128,1
2472,1129,1
2471,1129,1
2470,1130,1
2469,1131,1
2468,1132,1
2467,1132,1
2466,1133,1
2465,1134,1
2464,1134,1
2463,1135,1
2462,1135,1
2461,1136,1
2460,1136,1
2460,1137,1
2459,1137,1
2458,1138,1
2457,1138,1
2456,1139,1
2455,1139,1
2454,1140,1
2453,1140,1
2452,1141,1
2451,1141,1
2450,1142,1
2449,1142,1
2448,1143,1
2447,1143,1
2446,1144,1
2445,1144,1
2444,1144,1
2443,1145,1
2442,1145,1
2441,1145,1
2440,1146,1
2439,1146,1
2438,1146,1
2437,1147,1
2436,1147,1
2435,1147,1
2434,1147,1
2433,1148,1
2432,1148,1
2431,1148,1
2430,1148,1
2429,1148,1
2428,1149,1
2427,1149,1
2426,1149,1
2425,1149,1
2424,1149,1
2423,1149,1
2422,1149,1
2421,1149,1
2420,1149,1
2419,1149,1
2418,1149,1
2417,1149,1
2416,1149,1
2415,1149,1
2414,1149,1
2413,1149,1
2412,1149,1
2411,1149,1
2410,1149,1
2409,1149,1
2408,1149,1
2407,1149,1
2406,1149,1
2405,1148,1
2404,1148,1
2403,1148,1
2402,1148,1
2402,1147,1
2401,1147,1
2400,1147,1
2399,1147,1
2399,1146,1
2398,1146,1
2397,1146,1
2396,1145,1
2395,1145,1
2394,1144,1
2393,1144,1
2393,1143,1
2392,1143,1
2391,1143,1
2391,1142,1
2390,1142,1
2390,1141,1
2389,1141,1
2388,1140,1
2387,1139,1
2386,1138,1
2385,1137,1
2384,1136,1
2384,1135,1
2383,1135,1
2383,1134,1
2382,1134,1
2382,1133,1
2382,1132,1
2381,1132,1
2381,1131,1
2380,1131,1
2380,1130,1
2380,1129,1
2379,1129,1
2379,1128,1
2379,1127,1
2378,1126,1
2378,1125,1
2378,1124,1
2377,1123,1
2377,1122,1
2377,1121,1
2377,1120,1
2377,1119,1
2377,1118,1
2376,1118,1
2376,1117,1
2376,1116,1
2376,1115,1
2376,1114,1
2376,1113,1
2376,1112,1
2377,1111,1
2377,1110,1
2377,1109,1
2377,1108,1
2377,1107,1
2378,1106,1
2378,1105,1
2378,1104,1
2379,1103,1
2379,1102,1
2380,1101,1
2380,1100,1
2381,1099,1
2381,1098,1
2382,1098,1
2382,1097,1
2382,1096,1
2383,1096,1
2383,1095,1
2384,1095,1
2384,1094,1
2385,1093,1
2386,1092,1
2387,1091,1
2388,1090,1
2389,1089,1
2390,1088,1
2391,1087,1
2392,1086,1
2393,1085,1
2394,1085,1
2395,1084,1
2396,1083,1
2397,1083,1
2398,1082,1
2399,1082,1
2400,1081,1
2401,1081,1
2402,1081,1
2403,1080,1
2404,1080,1
2405,1080,1
2405,1079,1
2406,1079,1
2407,1079,1
2408,1079,1
2409,1078,1
2410,1078,1
2411,1078,1
2412,1078,1
2413,1078,1
2414,1078,1
2414,1077,1
2415,1077,1
2416,1077,1
2417,1077,1
2418,1077,1
2419,1077,1
2420,1077,1
2421,1077,1
2422,1077,1
2423,1077,1
2424,1077,1
2425,1077,1
2426,1077,1
2427,1077,1
2428,1077,1
2429,1077,1
2430,1077,1
2431,1078,1
2432,1078,1
2433,1078,1
2434,1078,1
2435,1078,1
2436,1078,1
2437,1078,1
2438,1079,1
2439,1079,1
2440,1079,1
2441,1079,1
2442,1080,1
2443,1080,1
2444,1080,1
2445,1080,1
2446,1081,1
2447,1081,1
2448,1082,1
2449,1082,1
2450,1082,1
2451,1083,1
2452,1083,1
2453,1084,1
2454,1084,1
2455,1084,1
2456,1085,1
2457,1085,1
2458,1086,1
2459,1086,1
2460,1087,1
2461,1087,1
2462,1088,1
2463,1088,1
2464,1089,1
2465,1090,1
2466,1090,1
2467,1091,1
2468,1091,1
2469,1092,1
2470,1093,1
2471,1094,1
2472,1094,1
2473,1095,1
2474,1096,1
2475,1096,1
2476,1097,1
2477,1098,1
2478,1098,1
2478,1099,1
2479,1099,1
2480,1100,1
2481,1101,1
2482,1101,1
2483,1102,1
2484,1103,1
2485,1104,1
2486,1104,1
2487,1105,1
2487,1106,1
2488,1106,1
2489,1107,1
2490,1108,1
2491,1108,1
2491,1109,1
2492,1110,1
2493,1110,1
2494,1111,1
2494,1112,1
2495,1112,1
2496,1113,1
2497,1114,1
2498,1115,1
2499,1116,1
2500,1117,1
2501,1118,1
2502,1119,1
2503,1119,1
2504,1120,1
2504,1121,1
2505,1122,1
2506,1122,1
2507,1123,1
2507,1124,1
2508,1124,1
2509,1125,1
2510,1126,1
2511,1127,1
2512,1128,1
2513,1129,1
2514,1130,1
2515,1131,1
2516,1132,1
2517,1133,1
2518,1134,1
2519,1135,1
2520,1136,1
2521,1137,1
2522,1138,1
2523,1139,1
2524,1140,1
2525,1141,1
2526,1142,1
2527,1143,1
2528,1144,1
2529,1145,1
2530,1146,1
2531,1147,1
2532,1148,1
2533,1149,1
2534,1150,1
2535,1151,1
2536,1152,1
2537,1153,1
2538,1154,1
2539,1154,1
2540,1155,1
2540,1156,1
2541,1157,1
2542,1157,1
2543,1158,1
2543,1159,1
2544,1159,1
2545,1160,1
2546,1161,1
2546,1162,1
2547,1162,1
2548,1163,1
2549,1164,1
2550,1164,1
2550,1165,1
2551,1166,1
2552,1166,1
2553,1167,1
2554,1168,1
2555,1169,1
2556,1169,1
2556,1170,1
2557,1171,1
2558,1171,1
2559,1172,1
2560,1173,1
2561,1174,1
2562,1174,1
2563,1175,1
2564,1176,1
2565,1176,1
2566,1177,1
2567,1178,1
2568,1178,1
2569,1179,1
2569,1180,1
2570,1180,1
2571,1181,1
2572,1181,1
2573,1182,1
2574,1183,1
2575,1183,1
2576,1184,1
2577,1184,1
2577,1185,1
2578,1185,1
2579,1186,1
2580,1186,1
2581,1187,1
2582,1188,1
2583,1188,1
2584,1189,1
2585,1189,1
2586,1190,1
2587,1190,1
2588,1191,1
2589,1191,1
2590,1191,1
2591,1192,1
2592,1193,1
2593,1193,1
2594,1193,1
2595,1194,1
2596,1194,1
2597,1194,1
2598,1195,1
2599,1195,1
2600,1195,1
2601,1196,1
2602,1196,1
2603,1196,1
2604,1196,1
2605,1196,1
2606,1197,1
2607,1197,1
2608,1197,1
2609,1197,1
2610,1197,1
2611,1197,1
2612,1197,1
2613,1197,1
2614,1198,1
2615,1198,1
2616,1198,1
2617,1198,1
2618,1198,1
2619,1197,1
2620,1197,1
2621,1197,1
2622,1197,1
2622,1198,1
2623,1198,1
2624,1198,1
2625,1198,1
2626,1198,1
2627,1198,1
2628,1198,1
2628,1199,1
2629,1199,1
2630,1199,1
2631,1199,1
2632,1199,1
2633,1199,1
2634,1199,1
2635,1199,1
2636,1199,1
2637,1199,1
2638,1199,1
2639,1199,1
2640,1199,1
2641,1199,1
2642,1199,1
2643,1199,1
2644,1199,1
2645,1199,1
2646,1198,1
2647,1198,1
2648,1198,1
2649,1198,1
2649,1197,1
2650,1197,1
2651,1196,1
2652,1196,1
2653,1195,1
2654,1195,1
2655,1194,1
2656,1193,1
2657,1193,1
2658,1192,1
2659,1191,1
2660,1190,1
2661,1189,1
2662,1188,1
2663,1187,1
2664,1186,1
2665,1185,1
2665,1184,1
2666,1183,1
2666,1182,1
2666,1181,1
2667,1181,1
2668,1181,1
2669,1181,1
2659,1142,0
2669,1065,1
2669,1066,1
2669,1067,1
2669,1068,1
2669,1069,1
2669,1070,1
2669,1071,1
2669,1072,1
2669,1073,1
2669,1074,1
2669,1075,1
2669,1076,1
2669,1077,1
2669,1078,1
2669,1079,1
2669,1080,1
2669,1081,1
2669,1082,1
2669,1083,1
2669,1084,1
2669,1085,1
2669,1086,1
2668,1087,1
2668,1088,1
2668,1089,1
2668,1090,1
2668,1091,1
2668,1092,1
2668,1093,1
2667,1094,1
2667,1095,1
2667,1096,1
2667,1097,1
2667,1098,1
2667,1099,1
2666,1100,1
2665,1100,1
2664,1100,1
2663,1099,1
2662,1099,1
2662,1098,1
2662,1097,1
2662,1096,1
1931,1003,0
1169,915,1
1170,915,1
1171,915,1
1172,915,1
1173,915,1
1174,915,1
1175,915,1
1176,915,1
1177,915,1
1178,915,1
1179,915,1
1180,916,1
1181,916,1
1182,916,1
1183,917,1
1184,917,1
1185,917,1
1186,917,1
1187,917,1
1188,917,1
1189,917,1
1190,917,1
1191,917,1
1192,917,1
1193,918,1
1194,918,1
1195,918,1
1196,918,1
1197,918,1
1198,918,1
1199,919,1
1200,919,1
1201,919,1
1202,919,1
1203,919,1
1204,919,1
1205,919,1
1206,919,1
1207,920,1
1208,920,1
1209,920,1
1210,920,1
1211,920,1
1212,920,1
1213,921,1
1214,921,1
1215,921,1
1216,921,1
1217,921,1
1218,921,1
1219,921,1
1220,921,1
1221,921,1
1222,922,1
1223,922,1
1224,922,1
1225,922,1
1226,922,1
1227,922,1
1228,922,1
1229,922,1
1230,923,1
1231,923,1
1232,923,1
1233,923,1
1234,923,1
1235,923,1
1236,923,1
1237,924,1
1238,924,1
1239,924,1
1240,924,1
1241,924,1
1242,924,1
1243,924,1
1244,924,1
1245,925,1
1246,925,1
1247,925,1
1248,925,1
1249,925,1
1250,925,1
1251,925,1
1252,925,1
1253,925,1
1254,925,1
1255,926,1
1256,926,1
1257,926,1
1258,926,1
1259,926,1
1260,926,1
1261,926,1
1262,926,1
1263,927,1
1264,927,1
1265,927,1
1266,927,1
1267,927,1
1268,927,1
1269,927,1
1270,928,1
1271,928,1
1272,928,1
1273,928,1
1274,928,1
1275,928,1
1276,928,1
1277,928,1
1278,929,1
1279,929,1
1280,929,1
1281,929,1
1282,929,1
1283,929,1
1284,929,1
1285,929,1
1286,930,1
1287,930,1
1288,930,1
1289,930,1
1290,930,1
1291,930,1
1292,930,1
1293,930,1
1294,931,1
1295,931,1
1296,931,1
1297,931,1
1298,931,1
1299,931,1
1300,931,1
1301,931,1
1302,932,1
1303,932,1
1304,932,1
1305,932,1
1306,932,1
1307,932,1
1308,932,1
1309,932,1
1310,932,1
1311,933,1
1312,933,1
1313,933,1
1314,933,1
1315,933,1
1316,933,1
1317,933,1
1318,933,1
1319,933,1
1320,933,1
1321,934,1
1322,934,1
1323,934,1
1324,934,1
1325,934,1
1326,934,1
1327,934,1
1328,935,1
1329,935,1
1330,935,1
1331,935,1
1332,935,1
1333,935,1
1334,935,1
1335,935,1
1336,936,1
1337,936,1
1338,936,1
1339,936,1
1340,936,1
1341,936,1
1342,936,1
1343,936,1
1344,936,1
1345,937,1
1346,937,1
1347,937,1
1348,937,1
1349,937,1
1350,937,1
1351,937,1
1352,937,1
1353,937,1
1354,937,1
1355,938,1
1356,938,1
1357,938,1
1358,938,1
1359,938,1
1360,938,1
1361,938,1
1362,939,1
1363,939,1
1364,939,1
1365,939,1
1366,939,1
1367,939,1
1368,939,1
1369,940,1
1370,940,1
1371,940,1
1372,940,1
1373,940,1
1374,940,1
1375,940,1
1376,940,1
1377,940,1
1378,940,1
1379,940,1
1380,941,1
1381,941,1
1382,941,1
1383,941,1
1384,941,1
1385,941,1
1386,941,1
1387,941,1
1388,941,1
1389,941,1
1390,942,1
1391,942,1
1392,942,1
1393,942,1
1394,942,1
1395,942,1
1396,942,1
1397,942,1
1398,942,1
1399,942,1
1400,943,1
1401,943,1
1402,943,1
1403,943,1
1404,943,1
1405,943,1
1406,943,1
1407,943,1
1408,943,1
1409,944,1
1410,944,1
1411,944,1
1412,944,1
1413,944,1
1414,944,1
1415,944,1
1416,944,1
1417,944,1
1418,944,1
1419,945,1
1420,945,1
1421,945,1
1422,945,1
1423,945,1
1424,945,1
1425,945,1
1426,945,1
1427,945,1
1428,945,1
1429,946,1
1430,946,1
1431,946,1
1432,946,1
1433,946,1
1434,946,1
1435,946,1
1436,946,1
1437,946,1
1438,946,1
1439,946,1
1440,946,1
1441,947,1
1442,947,1
1443,947,1
1444,947,1
1445,947,1
1446,947,1
1447,947,1
1448,947,1
1449,947,1
1450,947,1
1451,947,1
1452,947,1
1453,947,1
1454,947,1
1455,948,1
1456,948,1
1457,948,1
1458,948,1
1459,948,1
1460,948,1
1461,948,1
1462,948,1
1463,948,1
1464,948,1
1465,948,1
1466,948,1
1467,948,1
1468,949,1
1469,949,1
1470,949,1
1471,949,1
1472,949,1
1473,949,1
1474,949,1
1475,949,1
1476,949,1
1477,949,1
1478,949,1
1479,949,1
1480,949,1
1481,949,1
1482,950,1
1483,950,1
1484,950,1
1485,950,1
1486,950,1
1487,950,1
1488,950,1
1489,950,1
1490,950,1
1491,950,1
1492,950,1
1493,950,1
1494,950,1
1495,950,1
1496,951,1
1497,951,1
1498,951,1
1499,951,1
1500,951,1
1501,951,1
1502,951,1
1503,951,1
1504,951,1
1505,951,1
1506,951,1
1507,951,1
1508,951,1
1509,951,1
1510,951,1
1511,952,1
1512,952,1
1513,952,1
1514,952,1
1515,952,1
1516,952,1
1517,952,1
1518,952,1
1519,952,1
1520,952,1
1521,952,1
1522,952,1
1523,952,1
1524,952,1
1525,952,1
1526,952,1
1527,952,1
1528,952,1
1529,952,1
1530,952,1
1531,952,1
1532,952,1
1533,952,1
1534,952,1
1535,952,1
1536,953,1
1537,953,1
1538,953,1
1539,953,1
1540,953,1
1541,953,1
1542,953,1
1543,953,1
1544,953,1
1545,953,1
1546,953,1
1547,953,1
1548,953,1
1549,953,1
1550,953,1
1551,953,1
1552,953,1
1553,953,1
1554,953,1
1555,953,1
1556,953,1
1557,953,1
1558,953,1
1559,953,1
1560,953,1
1561,953,1
1562,953,1
1563,953,1
1564,953,1
1565,954,1
1566,954,1
1567,954,1
1568,954,1
1569,954,1
1570,954,1
1571,954,1
1572,954,1
1573,954,1
1574,954,1
1575,954,1
1576,954,1
1577,954,1
1578,954,1
1579,954,1
1580,954,1
1581,954,1
1582,954,1
1583,954,1
1584,954,1
1585,954,1
1586,954,1
1587,954,1
1588,954,1
1589,954,1
1590,954,1
1591,954,1
1592,954,1
1593,954,1
1594,954,1
1595,954,1
1596,954,1
1597,954,1
1598,954,1
1599,954,1
1600,954,1
1601,954,1
1602,954,1
1603,954,1
1604,954,1
1605,954,1
1606,954,1
1607,954,1
1608,954,1
1609,954,1
1610,954,1
1611,954,1
1612,954,1
1613,954,1
1614,954,1
1615,954,1
1616,954,1
1617,954,1
1618,954,1
1619,954,1
1620,954,1
1621,954,1
1622,954,1
1623,954,1
1624,954,1
1625,954,1
1626,954,1
1627,954,1
1628,954,1
1629,954,1
1630,954,1
1631,954,1
1632,954,1
1633,954,1
1634,954,1
1635,954,1
1636,954,1
1637,954,1
1638,954,1
1639,954,1
1640,954,1
1641,954,1
1642,954,1
1643,954,1
1644,954,1
1645,954,1
1646,954,1
1647,954,1
1648,954,1
1649,954,1
1650,954,1
1651,954,1
1652,954,1
1653,954,1
1654,954,1
1655,954,1
1656,954,1
1657,954,1
1658,954,1
1659,954,1
1660,954,1
1661,954,1
1662,954,1
1663,954,1
1664,954,1
1665,954,1
1666,954,1
1667,954,1
1668,954,1
1669,954,1
1670,954,1
1671,954,1
1672,954,1
1673,954,1
1674,954,1
1675,954,1
1676,954,1
1677,954,1
1678,954,1
1679,954,1
1680,954,1
1681,954,1
1682,954,1
1683,954,1
1684,954,1
1685,954,1
1686,954,1
1687,954,1
1688,954,1
1689,954,1
1690,954,1
1691,954,1
1692,954,1
1693,954,1
1694,954,1
1695,954,1
1696,954,1
1697,954,1
1698,954,1
1699,954,1
1700,954,1
1701,954,1
1702,954,1
1703,954,1
1704,954,1
1705,954,1
1706,954,1
1707,954,1
1708,954,1
1709,954,1
1710,954,1
1711,954,1
1712,954,1
1713,954,1
1714,954,1
1715,954,1
1716,954,1
1717,954,1
1718,954,1
1719,954,1
1720,954,1
1721,954,1
1722,954,1
1723,954,1
1724,954,1
1725,954,1
1726,954,1
1727,954,1
1728,954,1
1729,954,1
1730,954,1
1731,954,1
1732,954,1
1733,954,1
1734,954,1
1735,954,1
1736,954,1
1737,954,1
1738,954,1
1739,954,1
1740,954,1
1741,954,1
1742,954,1
1743,954,1
1744,954,1
1745,954,1
1746,954,1
1747,954,1
1748,954,1
1749,954,1
1750,954,1
1751,954,1
1752,954,1
1753,954,1
1754,954,1
1755,954,1
1756,954,1
1757,954,1
1758,954,1
1759,954,1
1760,954,1
1761,954,1
1762,954,1
1763,954,1
1764,954,1
1765,954,1
1766,954,1
1767,954,1
1768,954,1
1769,954,1
1770,954,1
1771,954,1
1772,954,1
1773,954,1
1774,954,1
1775,954,1
1776,954,1
1777,954,1
1778,954,1
1779,954,1
1780,954,1
1781,954,1
1782,954,1
1783,954,1
1784,954,1
1785,954,1
1786,954,1
1787,954,1
1788,954,1
1789,954,1
1790,954,1
1791,954,1
1792,954,1
1793,954,1
1794,954,1
1795,954,1
1796,954,1
1797,954,1
1798,954,1
1799,954,1
1800,954,1
1801,954,1
1802,954,1
1803,954,1
1804,954,1
1805,954,1
1806,954,1
1807,954,1
1808,954,1
1809,954,1
1810,954,1
1811,954,1
1812,954,1
1813,954,1
1814,954,1
1815,954,1
1816,954,1
1817,954,1
1818,954,1
1819,954,1
1820,954,1
1821,954,1
1822,954,1
1823,954,1
1824,954,1
1825,954,1
1826,954,1
1827,954,1
1828,954,1
1829,954,1
1830,954,1
1831,954,1
1832,954,1
1833,954,1
1834,954,1
1835,954,1
1836,954,1
1837,954,1
1838,954,1
1839,954,1
1840,954,1
1841,954,1
1842,954,1
1843,954,1
1844,954,1
1845,954,1
1846,954,1
1847,954,1
1848,954,1
1849,954,1
1850,954,1
1851,954,1
1852,954,1
1853,954,1
1854,954,1
1855,954,1
1856,954,1
1857,954,1
1858,954,1
1859,954,1
1860,954,1
1861,954,1
1862,954,1
1863,954,1
1864,954,1
1865,954,1
1866,954,1
1867,954,1
1868,954,1
1869,954,1
1870,954,1
1871,954,1
1872,954,1
1873,954,1
1874,954,1
1875,954,1
1876,954,1
1877,954,1
1878,954,1
1879,954,1
1880,954,1
1881,954,1
1882,954,1
1883,954,1
1884,954,1
1885,954,1
1886,954,1
1887,954,1
1888,954,1
1889,954,1
1890,954,1
1891,954,1
1892,954,1
1893,954,1
1894,954,1
1895,954,1
1896,954,1
1897,954,1
1898,954,1
1899,954,1
1900,954,1
1901,954,1
1902,954,1
1903,954,1
1904,954,1
1905,954,1
1906,954,1
1907,954,1
1908,954,1
1909,954,1
1910,954,1
1911,954,1
1912,954,1
1913,954,1
1914,954,1
1915,954,1
1916,954,1
1917,954,1
1918,954,1
1919,954,1
1920,954,1
1921,954,1
1922,954,1
1923,954,1
1924,954,1
1925,954,1
1926,954,1
1927,954,1
1928,954,1
1929,954,1
1930,954,1
1931,954,1
1932,954,1
1933,954,1
1934,954,1
1935,954,1
1936,954,1
1937,954,1
1938,954,1
1939,954,1
1940,954,1
1941,954,1
1942,954,1
1943,954,1
1944,954,1
1945,954,1
1946,954,1
1947,954,1
1948,954,1
1949,954,1
1950,954,1
1951,954,1
1952,954,1
1953,954,1
1954,954,1
1955,954,1
1956,954,1
1957,954,1
1958,954,1
1959,954,1
1960,954,1
1961,954,1
1962,954,1
1963,954,1
1964,954,1
1965,954,1
1966,954,1
1967,954,1
1968,954,1
1969,954,1
1970,954,1
1971,954,1
1972,954,1
1973,954,1
1974,954,1
1975,954,1
1976,954,1
1977,954,1
1978,954,1
1979,954,1
1980,954,1
1981,954,1
1982,954,1
1983,954,1
1984,954,1
1985,954,1
1986,954,1
1987,954,1
1988,954,1
1989,954,1
1990,954,1
1991,954,1
1992,954,1
1993,954,1
1994,954,1
1995,954,1
1996,954,1
1997,954,1
1998,954,1
1999,954,1
2000,954,1
2001,954,1
2002,954,1
2003,954,1
2004,954,1
2005,954,1
2006,954,1
2007,954,1
2008,954,1
2009,954,1
2010,954,1
2011,954,1
2012,954,1
2013,954,1
2014,954,1
2015,954,1
2016,954,1
2017,954,1
2018,954,1
2019,954,1
2020,954,1
2021,954,1
2022,954,1
2023,954,1
2024,954,1
2025,954,1
2026,954,1
2027,954,1
2028,954,1
2029,954,1
2030,954,1
2031,954,1
2032,954,1
2033,954,1
2034,954,1
2035,954,1
2036,954,1
2037,954,1
2038,954,1
2039,954,1
2040,954,1
2041,954,1
2042,954,1
2043,954,1
2044,954,1
2045,954,1
2046,954,1
2047,954,1
2048,954,1
2049,954,1
2050,954,1
2051,954,1
2052,954,1
2053,954,1
2054,954,1
2055,954,1
2056,954,1
2057,954,1
2058,954,1
2059,954,1
2060,954,1
2061,954,1
2062,954,1
2063,954,1
2064,954,1
2065,954,1
2066,954,1
2067,954,1
2068,954,1
2069,954,1
2070,954,1
2071,954,1
2072,954,1
2073,954,1
2074,954,1
2075,954,1
2076,954,1
2077,954,1
2078,954,1
2079,954,1
2080,954,1
2081,954,1
2082,954,1
2083,954,1
2084,954,1
2085,954,1
2086,954,1
2087,954,1
2088,954,1
2089,954,1
2090,954,1
2091,954,1
2092,954,1
2093,954,1
2094,954,1
2095,954,1
2096,954,1
2097,954,1
2098,954,1
2099,954,1
2100,954,1
2101,954,1
2102,954,1
2103,954,1
2104,954,1
2105,954,1
2106,954,1
2107,954,1
2108,954,1
2109,954,1
2110,954,1
2111,954,1
2112,954,1
2113,954,1
2114,954,1
2115,954,1
2116,954,1
2117,954,1
2118,954,1
2119,954,1
2120,954,1
2121,954,1
2122,954,1
2123,954,1
2124,954,1
2125,954,1
2126,954,1
2127,954,1
2128,954,1
2129,954,1
2130,954,1
2131,954,1
2132,954,1
2133,954,1
2134,954,1
2135,954,1
2136,954,1
2137,954,1
2138,954,1
2139,954,1
2140,954,1
2141,954,1
2142,954,1
2143,954,1
2144,954,1
2145,954,1
2146,954,1
2147,954,1
2148,954,1
2149,954,1
2150,954,1
2151,954,1
2152,954,1
2153,954,1
2154,954,1
2155,954,1
2156,954,1
2157,954,1
2158,954,1
2159,954,1
2160,954,1
2161,954,1
2162,954,1
2163,954,1
2164,954,1
2165,954,1
2166,954,1
2167,954,1
2168,954,1
2169,954,1
2170,954,1
2171,954,1
2172,954,1
2173,954,1
2174,954,1
2175,954,1
2176,954,1
2177,954,1
2178,954,1
2179,954,1
2180,954,1
2181,954,1
2182,954,1
2183,954,1
2184,954,1
2185,954,1
2186,954,1
2187,954,1
2188,954,1
2189,954,1
2190,954,1
2191,954,1
2192,954,1
2193,954,1
2194,954,1
2195,954,1
2196,954,1
2197,954,1
2198,954,1
2199,954,1
2200,954,1
2201,954,1
2202,954,1
2203,954,1
2204,954,1
2205,954,1
2206,954,1
2207,954,1
2208,954,1
2209,954,1
2210,954,1
2211,954,1
2212,954,1
2213,954,1
2214,954,1
2215,954,1
2216,954,1
2217,954,1
2218,954,1
2219,954,1
2220,954,1
2221,954,1
2222,954,1
2223,954,1
2224,954,1
2225,954,1
2226,954,1
2227,954,1
2228,954,1
2229,954,1
2230,954,1
2231,954,1
2232,954,1
2233,954,1
2234,954,1
2235,954,1
2236,954,1
2237,954,1
2238,954,1
2239,954,1
2240,954,1
2241,954,1
2242,954,1
2243,954,1
2244,954,1
2245,954,1
2246,954,1
2247,953,1
2248,953,1
2249,953,1
2250,953,1
2251,953,1
2252,953,1
2253,953,1
2254,953,1
2255,953,1
2256,953,1
2257,953,1
2258,953,1
2259,953,1
2260,953,1
2261,953,1
2262,953,1
2263,953,1
2264,953,1
2265,953,1
2266,953,1
2267,953,1
2268,953,1
2269,953,1
2270,953,1
2271,953,1
2272,953,1
2273,953,1
2274,953,1
2275,953,1
2276,952,1
2277,952,1
2278,952,1
2279,952,1
2280,952,1
2281,952,1
2282,952,1
2283,952,1
2284,952,1
2285,952,1
2286,952,1
2287,952,1
2288,952,1
2289,952,1
2290,952,1
2291,952,1
2292,952,1
2293,952,1
2294,952,1
2295,952,1
2296,952,1
2297,952,1
2298,952,1
2299,952,1
2300,952,1
2301,952,1
2302,952,1
2303,952,1
2304,952,1
2305,951,1
2306,951,1
2307,951,1
2308,951,1
2309,951,1
2310,951,1
2311,951,1
2312,951,1
2313,951,1
2314,951,1
2315,951,1
2316,951,1
2317,951,1
2318,951,1
2319,951,1
2320,951,1
2321,951,1
2322,951,1
2323,951,1
2324,951,1
2325,951,1
2326,951,1
2327,951,1
2328,951,1
2329,951,1
2330,951,1
2331,951,1
2332,951,1
2333,951,1
2334,950,1
2335,950,1
2336,950,1
2337,950,1
2338,950,1
2339,950,1
2340,950,1
2341,950,1
2342,950,1
2343,950,1
2344,950,1
2345,950,1
2346,950,1
2347,950,1
2348,950,1
2349,950,1
2350,950,1
2351,950,1
2352,950,1
2353,950,1
2354,950,1
2355,950,1
2356,950,1
2357,950,1
2358,950,1
2359,950,1
2360,950,1
2361,950,1
2362,950,1
2363,950,1
2364,950,1
2365,950,1
2366,950,1
2367,950,1
2368,950,1
2369,950,1
2370,950,1
2371,950,1
2372,950,1
2373,950,1
2374,950,1
2375,950,1
2376,950,1
2377,950,1
2378,950,1
2379,950,1
2380,950,1
2381,950,1
2382,950,1
2383,950,1
2384,950,1
2385,950,1
2386,950,1
2387,950,1
2388,950,1
2389,950,1
2390,950,1
2391,950,1
2392,950,1
2393,950,1
2394,950,1
2395,950,1
2396,950,1
2397,950,1
2398,950,1
2399,950,1
2400,950,1
2401,950,1
2402,950,1
2403,950,1
2404,950,1
2405,950,1
2406,950,1
2407,950,1
2408,950,1
2409,950,1
2410,950,1
2411,950,1
2412,950,1
2413,950,1
2414,950,1
2415,950,1
2416,950,1
2417,950,1
2418,950,1
2419,950,1
2420,950,1
2421,950,1
2422,950,1
2423,950,1
2424,950,1
2425,950,1
2426,950,1
2427,950,1
2428,950,1
2429,950,1
2430,950,1
2431,950,1
2432,950,1
2433,950,1
2434,950,1
2435,950,1
2436,950,1
2437,950,1
2438,950,1
2439,950,1
2440,950,1
2441,950,1
2442,950,1
2443,950,1
2444,950,1
2445,950,1
2446,950,1
2447,950,1
2448,950,1
2449,950,1
2450,950,1
2451,950,1
2452,950,1
2453,950,1
2454,950,1
2455,950,1
2456,950,1
2457,950,1
2458,950,1
2459,950,1
2460,950,1
2461,950,1
2462,950,1
2463,950,1
2464,950,1
2465,950,1
2466,950,1
2467,950,1
2468,950,1
2469,950,1
2470,950,1
2471,950,1
2472,950,1
2473,950,1
2474,950,1
2475,950,1
2476,950,1
2477,950,1
2478,950,1
2479,950,1
2480,950,1
2481,950,1
2482,950,1
2483,950,1
2484,950,1
2485,950,1
2486,950,1
2487,950,1
2488,950,1
2489,950,1
2490,950,1
2491,950,1
2492,950,1
2493,950,1
2494,950,1
2495,950,1
2496,950,1
2497,950,1
2498,950,1
2499,950,1
2500,950,1
2501,950,1
2502,950,1
2503,950,1
2504,950,1
2505,950,1
2506,950,1
2507,950,1
2508,950,1
2509,950,1
2510,950,1
2511,950,1
2512,950,1
2513,950,1
2514,950,1
2515,950,1
2516,950,1
2517,950,1
2518,950,1
2519,950,1
2520,950,1
2521,950,1
2522,950,1
2523,950,1
2524,950,1
2525,950,1
2526,950,1
2527,950,1
2528,950,1
2529,950,1
2530,950,1
2531,950,1
2532,950,1
2533,950,1
2534,950,1
2535,950,1
2536,950,1
2537,950,1
2538,950,1
2539,950,1
2540,950,1
2541,950,1
2542,950,1
2543,950,1
2544,950,1
2545,951,1
2546,951,1
2547,951,1
2548,951,1
2549,951,1
2550,951,1
2551,951,1
2552,951,1
2553,951,1
2554,951,1
2555,951,1
2556,951,1
2557,951,1
2558,951,1
2559,951,1
2560,951,1
2561,951,1
2562,951,1
2563,951,1
2564,951,1
2565,951,1
2566,951,1
2567,951,1
2568,951,1
2569,951,1
2570,951,1
2571,951,1
2572,951,1
2573,952,1
2574,952,1
2575,952,1
2576,952,1
2577,952,1
2578,952,1
2579,952,1
2580,952,1
2581,952,1
2582,952,1
2583,952,1
2584,952,1
2585,952,1
2586,952,1
2587,952,1
2588,952,1
2589,952,1
2590,952,1
2591,952,1
2592,952,1
2593,952,1
2594,952,1
2595,953,1
2596,953,1
2597,953,1
2598,953,1
2599,953,1
2600,953,1
2601,953,1
2602,953,1
2603,953,1
2604,953,1
2605,953,1
2606,953,1
2607,953,1
2608,953,1
2609,954,1
2610,954,1
2611,954,1
2612,954,1
2613,954,1
2614,954,1
2615,954,1
2616,954,1
2617,954,1
2618,954,1
2619,954,1
2620,954,1
2621,954,1
2622,955,1
2623,955,1
2624,955,1
2625,955,1
2626,955,1
2627,955,1
2628,955,1
2629,955,1
2630,955,1
2631,955,1
2632,955,1
2633,955,1
2634,955,1
2635,956,1
2636,956,1
2637,956,1
2638,956,1
2639,956,1
2640,956,1
2641,956,1
2642,956,1
2643,956,1
2644,956,1
2645,957,1
2646,957,1
2647,957,1
2648,957,1
2649,957,1
2650,957,1
2651,957,1
2652,957,1
2653,957,1
2654,957,1
2655,957,1
2656,957,1
2657,957,1
2658,957,1
2658,958,1
2659,958,1
2660,958,1
2661,958,1
2662,958,1
2663,958,1
2664,958,1
2665,958,1
2666,958,1
2667,958,1
2668,958,1
2669,959,1
2670,959,1
2671,959,1
2672,959,1
2673,959,1
2674,959,1
2675,959,1
2676,959,1
2677,959,1
2678,959,1
2679,959,1
2680,960,1
2681,960,1
2682,960,1
2683,960,1
2684,960,1
2685,960,1
2686,960,1
2687,960,1
2688,960,1
2689,960,1
2690,961,1
2691,961,1
2692,961,1
2693,961,1
2694,961,1
2695,961,1
2696,961,1
2697,961,1
2698,961,1
2699,961,1
2700,962,1
2701,962,1
2702,962,1
2703,962,1
2704,962,1
2705,962,1
2706,962,1
2707,962,1
2708,962,1
2709,962,1
2710,963,1
2711,963,1
2712,963,1
2713,963,1
2714,963,1
2715,963,1
2716,963,1
2717,963,1
2718,964,1
2719,964,1
2720,964,1
2721,964,1
2722,964,1
2723,964,1
2724,964,1
2725,964,1
2726,964,1
2727,964,1
2728,964,1
2729,965,1
2730,965,1
2731,965,1
2732,965,1
2733,965,1
2734,965,1
2735,965,1
2736,965,1
2737,965,1
2738,965,1
2739,965,1
2738,965,1
2737,965,1
2736,965,1
2735,965,1
2735,965,0
