983,731,1
984,731,1
1032,719,1
1033,719,1
1034,718,1
1035,718,1
1036,718,1
1037,718,1
1038,718,1
1039,718,1
1040,718,1
1041,717,1
1042,717,1
1043,717,1
1044,717,1
1045,717,1
1046,717,1
1047,717,1
1048,717,1
1049,717,1
1050,717,1
1051,717,1
1052,717,1
1053,717,1
1054,717,1
1055,717,1
1056,717,1
1057,717,1
1058,717,1
1059,717,1
1060,717,1
1061,717,1
1062,717,1
1063,717,1
1064,717,1
1065,717,1
1066,717,1
1067,717,1
1068,717,1
1069,717,1
1070,717,1
1070,718,1
1071,718,1
1072,718,1
1073,718,1
1074,718,1
1075,718,1
1076,718,1
1077,719,1
1078,719,1
1079,719,1
1080,719,1
1081,719,1
1082,720,1
1083,720,1
1084,720,1
1085,720,1
1085,721,1
1086,721,1
1087,721,1
1088,721,1
1089,722,1
1090,722,1
1091,722,1
1092,723,1
1093,723,1
1094,724,1
1095,724,1
1096,725,1
1097,725,1
1098,725,1
1099,726,1
1100,727,1
1101,727,1
1102,728,1
1103,728,1
1104,729,1
1105,730,1
1106,730,1
1107,731,1
1108,732,1
1109,732,1
1110,733,1
1110,734,1
1111,734,1
1112,735,1
1113,735,1
1113,736,1
1114,737,1
1115,737,1
1115,738,1
1116,739,1
1117,739,1
1117,740,1
1118,741,1
1119,741,1
1119,742,1
1120,743,1
1121,743,1
1121,744,1
1122,745,1
1122,746,1
1123,746,1
1123,747,1
1124,748,1
1125,749,1
1126,750,1
1126,751,1
1127,752,1
1127,753,1
1128,753,1
1128,754,1
1128,755,1
1129,756,1
1129,757,1
1130,758,1
1131,759,1
1131,760,1
1131,761,1
1132,762,1
1132,763,1
1132,764,1
1133,764,1
1133,765,1
1133,766,1
1134,767,1
1134,768,1
1134,769,1
1134,770,1
1135,771,1
1135,772,1
1135,773,1
1136,774,1
1136,775,1
1136,776,1
1136,777,1
1136,778,1
1137,779,1
1137,780,1
1137,781,1
1137,782,1
1137,783,1
1137,784,1
1137,785,1
1138,786,1
1138,787,1
1138,788,1
1138,789,1
1138,790,1
1138,791,1
1138,792,1
1138,793,1
1138,794,1
1138,795,1
1138,796,1
1138,797,1
1138,798,1
1138,799,1
1137,800,1
1137,801,1
1137,802,1
1137,803,1
1122,854,1
1122,855,1
1122,856,1
1121,857,1
1121,858,1
1120,858,1
1120,859,1
1119,860,1
1119,861,1
1119,862,1
1118,863,1
1118,864,1
1117,864,1
1117,865,1
1116,866,1
1116,867,1
1115,868,1
1115,869,1
1114,869,1
1114,870,1
1113,871,1
1113,872,1
1112,873,1
1112,874,1
1111,875,1
1110,876,1
1110,877,1
1109,878,1
1109,879,1
1108,880,1
1107,881,1
1106,882,1
1106,883,1
1105,884,1
1104,885,1
1104,886,1
1103,887,1
1102,887,1
1102,888,1
1101,889,1
1101,890,1
1100,891,1
1099,892,1
1098,893,1
1098,894,1
1097,894,1
1097,895,1
1096,896,1
1095,896,1
1095,897,1
1094,898,1
1094,899,1
1093,899,1
1092,900,1
1092,901,1
1091,901,1
1090,902,1
1090,903,1
1089,904,1
1088,905,1
1087,906,1
1087,907,1
1086,907,1
1085,908,1
1085,909,1
1084,909,1
1083,910,1
1083,911,1
1082,911,1
1081,912,1
1080,913,1
1080,914,1
1079,914,1
1078,915,1
1078,916,1
1077,916,1
1076,917,1
1076,918,1
1075,918,1
1074,919,1
1074,920,1
1073,920,1
1072,921,1
1072,922,1
1071,922,1
1070,923,1
1070,924,1
1069,924,1
1068,925,1
1068,926,1
1067,926,1
1066,927,1
1065,927,1
1065,928,1
1064,929,1
1063,929,1
1062,930,1
1061,931,1
1060,932,1
1059,932,1
1059,933,1
1058,934,1
1057,934,1
1056,935,1
1055,936,1
1054,937,1
1053,937,1
1053,938,1
1052,938,1
1051,939,1
1050,939,1
1050,940,1
1049,941,1
1048,941,1
1047,942,1
1046,942,1
1046,943,1
1045,944,1
1044,944,1
1043,945,1
1042,945,1
1042,946,1
1041,946,1
1040,947,1
1039,947,1
1038,948,1
1037,949,1
1036,950,1
1035,950,1
1034,951,1
1033,951,1
1032,952,1
1031,953,1
1030,953,1
1029,954,1
1028,954,1
1027,955,1
1026,955,1
1026,956,1
1025,956,1
1024,957,1
1023,957,1
1022,958,1
1021,958,1
1020,959,1
1019,959,1
1019,960,1
1018,960,1
1017,961,1
1016,961,1
1015,961,1
1014,962,1
1013,962,1
1012,963,1
1011,963,1
1010,964,1
1009,964,1
1008,964,1
1007,965,1
1006,965,1
1005,966,1
1004,966,1
1003,966,1
1002,967,1
1001,967,1
1000,967,1
999,968,1
998,968,1
997,968,1
996,969,1
995,969,1
994,969,1
993,969,1
992,970,1
991,970,1
990,970,1
989,970,1
988,971,1
987,971,1
986,971,1
985,971,1
984,971,1
983,972,1
982,972,1
981,972,1
980,972,1
979,972,1
978,972,1
977,972,1
976,973,1
975,973,1
974,973,1
973,973,1
972,973,1
971,973,1
970,973,1
969,973,1
968,973,1
967,973,1
966,973,1
965,973,1
964,973,1
963,972,1
962,972,1
961,972,1
960,972,1
959,972,1
958,972,1
957,971,1
956,971,1
955,971,1
954,970,1
953,970,1
952,970,1
951,969,1
950,969,1
949,968,1
948,968,1
947,967,1
946,967,1
946,966,1
945,966,1
944,966,1
944,965,1
943,965,1
942,964,1
941,963,1
940,962,1
939,961,1
938,960,1
937,959,1
936,958,1
936,957,1
935,956,1
935,955,1
934,955,1
934,954,1
934,953,1
933,953,1
933,952,1
933,951,1
932,950,1
932,949,1
932,948,1
932,947,1
932,946,1
931,945,1
931,944,1
931,943,1
931,942,1
931,941,1
931,940,1
931,939,1
931,938,1
932,938,1
932,937,1
932,936,1
932,935,1
932,934,1
933,934,1
933,933,1
933,932,1
934,931,1
934,930,1
934,929,1
935,929,1
935,928,1
935,927,1
936,927,1
936,926,1
937,925,1
937,924,1
938,924,1
938,923,1
939,922,1
939,921,1
940,921,1
941,920,1
942,919,1
943,918,1
944,917,1
945,917,1
945,916,1
946,916,1
947,915,1
948,914,1
949,914,1
949,913,1
950,913,1
951,913,1
952,912,1
953,911,1
954,911,1
955,911,1
955,910,1
956,910,1
957,910,1
958,910,1
958,909,1
959,909,1
960,909,1
961,909,1
961,908,1
962,908,1
963,908,1
964,908,1
965,908,1
966,907,1
967,907,1
968,907,1
969,907,1
970,907,1
971,907,1
972,907,1
973,907,1
974,907,1
975,907,1
976,907,1
977,907,1
978,907,1
979,907,1
980,907,1
981,907,1
982,907,1
983,907,1
984,907,1
984,908,1
985,908,1
986,908,1
987,908,1
988,908,1
989,908,1
989,909,1
990,909,1
991,909,1
992,909,1
993,909,1
993,910,1
994,910,1
995,910,1
996,911,1
997,911,1
998,911,1
999,912,1
1000,912,1
1001,912,1
1001,913,1
1002,913,1
1003,914,1
1004,914,1
1005,915,1
1006,915,1
1007,916,1
1008,916,1
1009,917,1
1010,917,1
1010,918,1
1011,918,1
1012,919,1
1013,920,1
1014,920,1
1015,921,1
1016,922,1
1017,922,1
1017,923,1
1018,923,1
1019,924,1
1020,925,1
1021,925,1
1021,926,1
1022,926,1
1022,927,1
1023,928,1
1024,928,1
1024,929,1
1025,930,1
1026,930,1
1026,931,1
1027,931,1
1027,932,1
1028,933,1
1029,933,1
1029,934,1
1030,935,1
1031,936,1
1032,937,1
1033,938,1
1033,939,1
1034,939,1
1034,940,1
1035,941,1
1036,941,1
1036,942,1
1037,943,1
1038,944,1
1039,945,1
1040,946,1
1040,947,1
1041,947,1
1041,948,1
1042,949,1
1042,950,1
1043,950,1
1044,951,1
1044,952,1
1045,953,1
1046,954,1
1046,955,1
1047,956,1
1048,957,1
1048,958,1
1049,959,1
1050,960,1
1051,961,1
1051,962,1
1052,963,1
1053,964,1
1054,965,1
1054,966,1
1055,967,1
1055,968,1
1056,968,1
1056,969,1
1057,970,1
1058,971,1
1058,972,1
1059,973,1
1060,974,1
1061,975,1
1061,976,1
1062,977,1
1062,978,1
1063,978,1
1064,979,1
1064,980,1
1065,981,1
1066,982,1
1066,983,1
1067,983,1
1067,984,1
1068,985,1
1069,986,1
1069,987,1
1070,988,1
1071,989,1
1071,990,1
1072,990,1
1073,991,1
1073,992,1
1074,993,1
1075,994,1
1076,995,1
1077,996,1
1077,997,1
1078,998,1
1079,999,1
1080,1000,1
1081,1001,1
1082,1002,1
1082,1003,1
1083,1003,1
1084,1004,1
1085,1005,1
1085,1006,1
1086,1006,1
1087,1007,1
1088,1008,1
1088,1009,1
1089,1009,1
1090,1010,1
1091,1011,1
1092,1012,1
1093,1013,1
1094,1014,1
1095,1015,1
1096,1015,1
1096,1016,1
1097,1017,1
1098,1018,1
1099,1018,1
1100,1019,1
1101,1020,1
1102,1021,1
1103,1022,1
1104,1022,1
1105,1023,1
1106,1024,1
1107,1024,1
1108,1025,1
1108,1026,1
1109,1026,1
1110,1027,1
1111,1028,1
1112,1028,1
1113,1029,1
1114,1029,1
1115,1030,1
1116,1030,1
1116,1031,1
1117,1032,1
1118,1032,1
1119,1033,1
1120,1033,1
1121,1034,1
1122,1034,1
1123,1034,1
1124,1035,1
1125,1035,1
1126,1036,1
1127,1036,1
1128,1037,1
1129,1037,1
1130,1038,1
1131,1038,1
1132,1038,1
1133,1039,1
1134,1039,1
1135,1039,1
1136,1040,1
1137,1040,1
1138,1040,1
1139,1041,1
1140,1041,1
1141,1041,1
1142,1041,1
1143,1042,1
1144,1042,1
1145,1042,1
1146,1042,1
1147,1042,1
1148,1042,1
1149,1043,1
1150,1043,1
1151,1044,1
1152,1044,1
1153,1044,1
1154,1044,1
1155,1045,1
1156,1045,1
1157,1045,1
1158,1045,1
1159,1045,1
1160,1046,1
1161,1046,1
1162,1046,1
1163,1046,1
1164,1046,1
1165,1046,1
1166,1047,1
1167,1047,1
1168,1047,1
1169,1047,1
1170,1047,1
1171,1046,1
1172,1046,1
1173,1046,1
1174,1046,1
1175,1046,1
1176,1046,1
1177,1046,1
1178,1046,1
1179,1046,1
1180,1045,1
1181,1045,1
1182,1045,1
1183,1045,1
1184,1044,1
1185,1044,1
1186,1044,1
1187,1043,1
1188,1043,1
1189,1043,1
1190,1042,1
1191,1041,1
1192,1041,1
1193,1041,1
1207,922,0
1248,776,1
1248,777,1
1248,778,1
1248,779,1
1248,780,1
1247,781,1
1247,782,1
1247,783,1
1247,784,1
1246,785,1
1246,786,1
1246,787,1
1245,788,1
1245,789,1
1245,790,1
1244,791,1
1244,792,1
1244,793,1
1244,794,1
1243,795,1
1243,796,1
1243,797,1
1243,798,1
1242,799,1
1242,800,1
1242,801,1
1242,802,1
1241,803,1
1241,804,1
1241,805,1
1241,806,1
1240,807,1
1240,808,1
1240,809,1
1240,810,1
1240,811,1
1240,812,1
1239,813,1
1239,814,1
1239,815,1
1239,816,1
1239,817,1
1239,818,1
1238,819,1
1238,820,1
1238,821,1
1238,822,1
1238,823,1
1237,824,1
1237,825,1
1237,826,1
1237,827,1
1237,828,1
1237,829,1
1236,830,1
1236,831,1
1236,832,1
1236,833,1
1236,834,1
1236,835,1
1235,836,1
1235,837,1
1235,838,1
1235,839,1
1235,840,1
1235,841,1
1235,842,1
1234,843,1
1234,844,1
1234,845,1
1234,846,1
1234,847,1
1234,848,1
1234,849,1
1234,850,1
1234,851,1
1233,852,1
1233,853,1
1233,854,1
1233,855,1
1233,856,1
1233,857,1
1233,858,1
1233,859,1
1233,860,1
1233,861,1
1233,862,1
1233,863,1
1233,864,1
1233,865,1
1233,866,1
1233,867,1
1233,868,1
1233,869,1
1232,870,1
1232,871,1
1232,872,1
1232,873,1
1232,874,1
1232,875,1
1232,876,1
1232,877,1
1232,878,1
1232,879,1
1232,880,1
1232,881,1
1232,882,1
1233,883,1
1233,884,1
1233,885,1
1233,886,1
1233,887,1
1233,888,1
1233,889,1
1233,890,1
1233,891,1
1233,892,1
1233,893,1
1233,894,1
1233,895,1
1233,896,1
1233,897,1
1233,898,1
1233,899,1
1234,900,1
1234,901,1
1234,902,1
1234,903,1
1234,904,1
1234,905,1
1234,906,1
1234,907,1
1235,908,1
1235,909,1
1235,910,1
1235,911,1
1235,912,1
1235,913,1
1236,914,1
1236,915,1
1236,916,1
1236,917,1
1236,918,1
1237,919,1
1237,920,1
1237,921,1
1237,922,1
1238,923,1
1238,924,1
1238,925,1
1238,926,1
1239,927,1
1239,928,1
1239,929,1
1239,930,1
1240,931,1
1240,932,1
1241,933,1
1241,934,1
1241,935,1
1241,936,1
1242,937,1
1242,938,1
1242,939,1
1243,940,1
1243,941,1
1243,942,1
1244,943,1
1245,944,1
1245,945,1
1245,946,1
1246,947,1
1246,948,1
1247,949,1
1247,950,1
1247,951,1
1248,952,1
1248,953,1
1249,954,1
1250,955,1
1250,956,1
1251,957,1
1251,958,1
1252,959,1
1252,960,1
1253,961,1
1254,962,1
1254,963,1
1255,964,1
1255,965,1
1256,966,1
1257,967,1
1258,968,1
1258,969,1
1259,970,1
1259,971,1
1260,971,1
1260,972,1
1261,973,1
1262,974,1
1263,975,1
1264,976,1
1264,977,1
1265,977,1
1266,978,1
1266,979,1
1267,979,1
1268,980,1
1268,981,1
1269,982,1
1270,982,1
1270,983,1
1271,984,1
1272,984,1
1273,985,1
1274,986,1
1275,987,1
1276,988,1
1277,989,1
1278,990,1
1279,990,1
1280,991,1
1281,992,1
1282,992,1
1283,993,1
1283,994,1
1284,994,1
1285,995,1
1286,995,1
1287,996,1
1288,996,1
1289,997,1
1290,997,1
1291,998,1
1292,999,1
1293,999,1
1294,999,1
1295,1000,1
1296,1000,1
1296,1001,1
1297,1001,1
1298,1001,1
1299,1002,1
1300,1002,1
1301,1002,1
1302,1003,1
1303,1003,1
1304,1004,1
1305,1004,1
1306,1004,1
1307,1005,1
1308,1005,1
1309,1005,1
1310,1005,1
1311,1006,1
1312,1006,1
1313,1006,1
1314,1006,1
1315,1007,1
1316,1007,1
1317,1007,1
1318,1007,1
1319,1007,1
1320,1007,1
1321,1007,1
1322,1008,1
1323,1008,1
1324,1008,1
1325,1008,1
1326,1008,1
1327,1008,1
1328,1008,1
1329,1008,1
1330,1008,1
1331,1008,1
1332,1008,1
1333,1008,1
1334,1008,1
1335,1008,1
1336,1008,1
1337,1008,1
1338,1008,1
1339,1008,1
1340,1008,1
1341,1008,1
1342,1008,1
1343,1007,1
1344,1007,1
1345,1007,1
1346,1007,1
1347,1007,1
1348,1007,1
1349,1006,1
1350,1006,1
1351,1006,1
1352,1006,1
1353,1006,1
1354,1005,1
1355,1005,1
1356,1005,1
1357,1005,1
1358,1004,1
1359,1004,1
1360,1004,1
1361,1003,1
1362,1003,1
1363,1002,1
1364,1002,1
1365,1002,1
1366,1001,1
1367,1001,1
1368,1001,1
1369,1000,1
1370,1000,1
1371,999,1
1372,999,1
1373,998,1
1374,998,1
1375,998,1
1375,997,1
1376,997,1
1377,996,1
1378,996,1
1379,995,1
1380,995,1
1380,994,1
1381,994,1
1382,993,1
1383,993,1
1384,992,1
1385,991,1
1386,991,1
1387,990,1
1388,989,1
1389,989,1
1390,988,1
1391,987,1
1392,986,1
1393,986,1
1393,985,1
1394,985,1
1395,984,1
1395,983,1
1396,983,1
1397,982,1
1398,981,1
1399,980,1
1400,979,1
1401,978,1
1402,977,1
1403,976,1
1404,975,1
1405,974,1
1405,973,1
1406,973,1
1407,972,1
1407,971,1
1408,971,1
1409,970,1
1409,969,1
1410,968,1
1410,967,1
1411,967,1
1412,966,1
1412,965,1
1413,964,1
1414,963,1
1414,962,1
1415,961,1
1415,960,1
1416,960,1
1416,959,1
1417,958,1
1417,957,1
1418,956,1
1418,955,1
1419,955,1
1419,954,1
1420,953,1
1420,952,1
1421,951,1
1421,950,1
1422,950,1
1422,949,1
1423,948,1
1423,947,1
1423,946,1
1424,945,1
1424,944,1
1425,944,1
1425,943,1
1425,942,1
1426,941,1
1426,940,1
1426,939,1
1427,938,1
1427,937,1
1428,936,1
1428,935,1
1428,934,1
1429,933,1
1429,932,1
1429,931,1
1430,930,1
1430,929,1
1430,928,1
1431,927,1
1431,926,1
1431,925,1
1431,924,1
1431,923,1
1432,922,1
1432,921,1
1432,920,1
1432,919,1
1432,918,1
1432,917,1
1433,916,1
1433,915,1
1433,914,1
1433,913,1
1433,912,1
1433,911,1
1433,910,1
1434,910,1
1434,909,1
1434,908,1
1434,907,1
1434,906,1
1434,905,1
1434,904,1
1434,903,1
1435,902,1
1435,901,1
1435,900,1
1435,899,1
1435,898,1
1435,897,1
1436,897,1
1436,896,1
1436,895,1
1436,894,1
1436,893,1
1437,893,1
1437,892,1
1437,891,1
1437,890,1
1438,889,1
1438,888,1
1438,887,1
1439,886,1
1439,885,1
1440,885,1
1440,884,1
1440,883,1
1441,882,1
1441,881,1
1442,881,1
1442,880,1
1443,879,1
1444,879,1
1444,878,1
1445,877,1
1446,877,1
1446,876,1
1447,876,1
1447,875,1
1448,875,1
1449,875,1
1449,874,1
1450,874,1
1451,874,1
1451,873,1
1452,873,1
1453,873,1
1454,872,1
1455,872,1
1456,872,1
1457,872,1
1458,872,1
1459,871,1
1460,871,1
1461,871,1
1462,871,1
1463,871,1
1464,871,1
1465,871,1
1466,871,1
1467,871,1
1468,871,1
1469,871,1
1470,871,1
1471,871,1
1472,871,1
1473,871,1
1474,871,1
1475,871,1
1476,872,1
1477,872,1
1478,872,1
1479,872,1
1480,872,1
1481,872,1
1482,872,1
1483,872,1
1484,872,1
1485,872,1
1486,872,1
1487,872,1
1488,872,1
1489,872,1
1490,872,1
1491,872,1
1492,872,1
1493,872,1
1494,872,1
1495,872,1
1496,872,1
1497,871,1
1498,871,1
1499,871,1
1500,871,1
1501,871,1
1502,871,1
1503,871,1
1504,870,1
1505,870,1
1506,870,1
1507,870,1
1508,870,1
1508,869,1
1509,869,1
1510,869,1
1511,869,1
1512,868,1
1513,868,1
1514,868,1
1514,867,1
1515,867,1
1516,867,1
1517,867,1
1518,866,1
1519,866,1
1520,865,1
1521,865,1
1522,865,1
1523,864,1
1524,863,1
1525,863,1
1526,863,1
1526,862,1
1527,862,1
1528,862,1
1529,861,1
1530,860,1
1531,860,1
1532,859,1
1533,858,1
1534,858,1
1535,858,1
1535,857,1
1536,857,1
1537,856,1
1538,855,1
1539,855,1
1539,854,1
1540,854,1
1541,853,1
1542,852,1
1543,852,1
1543,851,1
1544,850,1
1545,850,1
1545,849,1
1546,849,1
1547,848,1
1548,847,1
1548,846,1
1549,846,1
1550,845,1
1551,844,1
1551,843,1
1552,843,1
1553,842,1
1554,841,1
1554,840,1
1555,840,1
1555,839,1
1556,838,1
1557,837,1
1558,837,1
1558,836,1
1559,835,1
1560,834,1
1560,833,1
1561,833,1
1561,832,1
1562,831,1
1563,830,1
1563,829,1
1564,829,1
1564,828,1
1565,827,1
1566,826,1
1566,825,1
1567,824,1
1567,823,1
1568,823,1
1568,822,1
1569,821,1
1570,820,1
1570,819,1
1571,819,1
1571,818,1
1572,818,1
1572,817,1
1573,816,1
1574,815,1
1575,814,1
1576,813,1
1577,813,1
1577,812,1
1578,812,1
1578,811,1
1579,811,1
1580,811,1
1581,811,1
1581,812,1
1582,812,1
1582,813,1
1582,814,1
1583,815,1
1583,816,1
1583,817,1
1583,818,1
1583,819,1
1583,820,1
1584,821,1
1584,822,1
1584,823,1
1584,824,1
1584,825,1
1584,826,1
1584,827,1
1584,828,1
1584,829,1
1584,830,1
1584,831,1
1584,832,1
1584,833,1
1584,834,1
1584,835,1
1584,836,1
1584,837,1
1584,838,1
1584,839,1
1584,840,1
1584,841,1
1584,842,1
1584,843,1
1584,844,1
1584,845,1
1584,846,1
1584,847,1
1584,848,1
1583,849,1
1583,850,1
1583,851,1
1583,852,1
1583,853,1
1583,854,1
1583,855,1
1583,856,1
1583,857,1
1583,858,1
1583,859,1
1583,860,1
1583,861,1
1583,862,1
1583,863,1
1583,864,1
1583,865,1
1583,866,1
1583,867,1
1583,868,1
1583,869,1
1583,870,1
1583,871,1
1583,872,1
1583,873,1
1583,874,1
1583,875,1
1583,876,1
1583,877,1
1583,878,1
1583,879,1
1583,880,1
1583,881,1
1583,882,1
1583,883,1
1583,884,1
1583,885,1
1583,886,1
1583,887,1
1583,888,1
1583,889,1
1583,890,1
1583,891,1
1583,892,1
1583,893,1
1583,894,1
1583,895,1
1583,896,1
1583,897,1
1583,898,1
1583,899,1
1584,900,1
1584,901,1
1584,902,1
1584,903,1
1584,904,1
1584,905,1
1584,906,1
1584,907,1
1584,908,1
1584,909,1
1584,910,1
1584,911,1
1584,912,1
1584,913,1
1584,914,1
1584,915,1
1584,916,1
1584,917,1
1584,918,1
1584,919,1
1584,920,1
1584,921,1
1584,922,1
1584,923,1
1584,924,1
1584,925,1
1584,926,1
1584,927,1
1584,928,1
1584,929,1
1585,930,1
1585,931,1
1585,932,1
1585,933,1
1585,934,1
1585,935,1
1585,936,1
1585,937,1
1585,938,1
1585,939,1
1585,940,1
1585,941,1
1585,942,1
1585,943,1
1585,944,1
1585,945,1
1585,946,1
1585,947,1
1585,948,1
1585,949,1
1585,950,1
1585,951,1
1585,952,1
1585,953,1
1585,954,1
1585,955,1
1585,956,1
1585,957,1
1585,958,1
1585,959,1
1586,960,1
1586,961,1
1586,962,1
1586,963,1
1586,964,1
1586,965,1
1586,966,1
1586,967,1
1586,968,1
1586,969,1
1586,970,1
1586,971,1
1586,972,1
1586,973,1
1586,974,1
1586,975,1
1586,976,1
1586,977,1
1586,978,1
1586,979,1
1586,980,1
1586,981,1
1586,982,1
1586,983,1
1586,984,1
1586,985,1
1586,986,1
1586,987,1
1586,988,1
1586,989,1
1586,990,1
1586,991,1
1586,992,1
1586,993,1
1586,994,1
1586,995,1
1586,996,1
1586,997,1
1586,998,1
1586,999,1
1586,1000,1
1586,1001,1
1586,1002,1
1586,1003,1
1586,1004,1
1586,1005,1
1586,1006,1
1586,1007,1
1586,1008,1
1586,1009,1
1587,1010,1
1587,1011,1
1587,1012,1
1587,1013,1
1587,1014,1
1587,1015,1
1587,1016,1
1587,1017,1
1587,1018,1
1587,1019,1
1587,1020,1
1587,1021,1
1587,1022,1
1587,1023,1
1587,1024,1
1587,1025,1
1587,1026,1
1587,1027,1
1587,1028,1
1588,1029,1
1588,1030,1
1588,1031,1
1589,1032,1
1590,1033,1
1591,1033,1
1592,1032,1
1593,1031,1
1745,895,0
1883,779,1
1884,779,1
1885,779,1
1886,779,1
1887,779,1
1888,778,1
1889,778,1
1890,778,1
1891,778,1
1892,777,1
1893,777,1
1894,777,1
1895,776,1
1896,776,1
1897,775,1
1898,775,1
1899,775,1
1900,774,1
1901,774,1
1902,774,1
1903,774,1
1903,773,1
1904,773,1
1905,773,1
1906,772,1
1907,772,1
1908,772,1
1909,771,1
1910,771,1
1911,771,1
1911,770,1
1912,770,1
1913,770,1
1914,770,1
1915,769,1
1916,769,1
1917,769,1
1918,769,1
1919,768,1
1920,768,1
1921,767,1
1922,767,1
1923,767,1
1924,767,1
1925,766,1
1926,766,1
1927,765,1
1928,765,1
1929,765,1
1930,764,1
1931,764,1
1932,764,1
1933,764,1
1933,763,1
1934,763,1
1935,763,1
1936,762,1
1937,762,1
1938,762,1
1939,762,1
1940,761,1
1941,761,1
1942,761,1
1943,760,1
1944,760,1
1945,760,1
1946,759,1
1947,759,1
1948,759,1
1949,759,1
1950,758,1
1951,758,1
1952,758,1
1953,758,1
1953,757,1
1954,757,1
1955,757,1
1956,757,1
1956,756,1
1956,755,1
1957,755,1
1958,755,1
1959,755,1
1940,796,0
1941,810,1
1941,811,1
1941,812,1
1941,813,1
1941,814,1
1941,815,1
1941,816,1
1941,817,1
1940,818,1
1940,819,1
1940,820,1
1940,821,1
1940,822,1
1939,823,1
1939,824,1
1939,825,1
1939,826,1
1939,827,1
1939,828,1
1939,829,1
1939,830,1
1939,831,1
1939,832,1
1939,833,1
1939,834,1
1939,835,1
1939,836,1
1939,837,1
1939,838,1
1939,839,1
1939,840,1
1939,841,1
1939,842,1
1939,843,1
1939,844,1
1939,845,1
1939,846,1
1939,847,1
1939,848,1
1938,849,1
1938,850,1
1938,851,1
1938,852,1
1938,853,1
1938,854,1
1938,855,1
1938,856,1
1938,857,1
1938,858,1
1938,859,1
1938,860,1
1938,861,1
1938,862,1
1938,863,1
1937,864,1
1937,865,1
1937,866,1
1937,867,1
1937,868,1
1937,869,1
1937,870,1
1937,871,1
1937,872,1
1937,873,1
1937,874,1
1937,875,1
1937,876,1
1937,877,1
1937,878,1
1937,879,1
1937,880,1
1937,881,1
1937,882,1
1936,883,1
1936,884,1
1936,885,1
1936,886,1
1936,887,1
1936,888,1
1936,889,1
1936,890,1
1936,891,1
1936,892,1
1936,893,1
1936,894,1
1935,895,1
1935,896,1
1935,897,1
1935,898,1
1935,899,1
1935,900,1
1935,901,1
1934,902,1
1934,903,1
1934,904,1
1934,905,1
1934,906,1
1934,907,1
1934,908,1
1934,909,1
1934,910,1
1933,911,1
1933,912,1
1933,913,1
1933,914,1
1933,915,1
1933,916,1
1932,916,1
1932,917,1
1932,918,1
1932,919,1
1932,920,1
1932,921,1
1932,922,1
1932,923,1
1931,924,1
1931,925,1
1931,926,1
1930,927,1
1930,928,1
1929,928,1
1928,927,1
1928,926,1
1928,925,1
1928,924,1
1928,923,1
1928,922,1
1928,921,1
1959,767,0
1983,634,1
1983,633,1
1983,632,1
1983,631,1
1983,630,1
1983,629,1
1983,628,1
1983,627,1
1983,626,1
1983,625,1
1983,624,1
1984,623,1
1984,622,1
1984,621,1
1984,620,1
1984,619,1
1984,618,1
1984,617,1
1985,616,1
1985,615,1
1985,614,1
1985,613,1
1985,612,1
1986,611,1
1986,610,1
1986,609,1
1986,608,1
1987,607,1
1987,606,1
1987,605,1
1987,604,1
1987,603,1
1988,602,1
1988,601,1
1988,600,1
1988,599,1
1989,598,1
1989,597,1
1989,596,1
1989,595,1
1990,594,1
1990,593,1
1990,592,1
1991,591,1
1991,590,1
1991,589,1
1991,588,1
1991,587,1
1992,586,1
1992,585,1
1992,584,1
1992,583,1
1993,582,1
1993,581,1
1993,580,1
1993,579,1
1994,579,1
1994,578,1
1994,577,1
1994,576,1
1995,575,1
1995,574,1
1995,573,1
1995,572,1
1996,571,1
1996,570,1
1996,569,1
1997,568,1
1997,567,1
1997,566,1
1998,565,1
1998,564,1
1998,563,1
1998,562,1
1999,561,1
1999,560,1
1999,559,1
2000,558,1
2000,557,1
2001,556,1
2001,555,1
2001,554,1
2002,553,1
2002,552,1
2002,551,1
2003,550,1
2003,549,1
2003,548,1
2004,547,1
2004,546,1
2004,545,1
2005,545,1
2005,544,1
2005,543,1
2006,542,1
2006,541,1
2006,540,1
2007,539,1
2007,538,1
2008,537,1
2008,536,1
2009,535,1
2009,534,1
2010,533,1
2010,532,1
2010,531,1
2011,530,1
2011,529,1
2012,529,1
2012,528,1
2013,527,1
2013,526,1
2013,525,1
2014,524,1
2014,523,1
2015,522,1
2015,521,1
2016,521,1
2016,520,1
2017,519,1
2017,518,1
2018,517,1
2018,516,1
2019,515,1
2020,514,1
2020,513,1
2021,512,1
2021,511,1
2022,511,1
2022,510,1
2023,509,1
2023,508,1
2024,507,1
2025,507,1
2025,506,1
2026,505,1
2026,504,1
2027,504,1
2028,503,1
2028,502,1
2029,502,1
2030,501,1
2030,500,1
2031,499,1
2032,499,1
2032,498,1
2033,497,1
2034,497,1
2034,496,1
2035,496,1
2036,495,1
2036,494,1
2037,494,1
2038,493,1
2039,492,1
2040,492,1
2041,491,1
2042,490,1
2043,490,1
2044,489,1
2045,489,1
2046,488,1
2047,488,1
2048,487,1
2049,487,1
2050,486,1
2051,486,1
2052,486,1
2053,486,1
2054,485,1
2055,485,1
2056,485,1
2057,485,1
2058,485,1
2059,485,1
2060,485,1
2061,485,1
2062,485,1
2063,485,1
2064,486,1
2065,486,1
2066,486,1
2067,486,1
2067,487,1
2068,487,1
2069,487,1
2070,488,1
2071,488,1
2072,489,1
2073,490,1
2074,490,1
2075,491,1
2076,492,1
2077,492,1
2077,493,1
2078,493,1
2078,494,1
2079,494,1
2079,495,1
2080,496,1
2081,496,1
2081,497,1
2082,497,1
2082,498,1
2083,499,1
2083,500,1
2084,501,1
2084,502,1
2085,502,1
2085,503,1
2086,504,1
2086,505,1
2087,506,1
2087,507,1
2088,508,1
2088,509,1
2089,510,1
2089,511,1
2089,512,1
2090,513,1
2090,514,1
2091,515,1
2091,516,1
2091,517,1
2092,518,1
2092,519,1
2092,520,1
2092,521,1
2093,521,1
2093,522,1
2093,523,1
2093,524,1
2094,525,1
2094,526,1
2094,527,1
2094,528,1
2095,529,1
2095,530,1
2095,531,1
2095,532,1
2095,533,1
2096,534,1
2096,535,1
2096,536,1
2096,537,1
2096,538,1
2097,539,1
2097,540,1
2097,541,1
2097,542,1
2097,543,1
2097,544,1
2098,545,1
2098,546,1
2098,547,1
2098,548,1
2098,549,1
2098,550,1
2098,551,1
2099,552,1
2099,553,1
2099,554,1
2099,555,1
2099,556,1
2099,557,1
2099,558,1
2099,559,1
2100,560,1
2100,561,1
2100,562,1
2100,563,1
2100,564,1
2100,565,1
2100,566,1
2100,567,1
2100,568,1
2100,569,1
2101,570,1
2101,571,1
2101,572,1
2101,573,1
2101,574,1
2101,575,1
2101,576,1
2101,577,1
2101,578,1
2101,579,1
2101,580,1
2101,581,1
2101,582,1
2101,583,1
2101,584,1
2102,584,1
2102,585,1
2102,586,1
2102,587,1
2102,588,1
2102,589,1
2102,590,1
2102,591,1
2102,592,1
2102,593,1
2102,594,1
2102,595,1
2102,596,1
2102,597,1
2102,598,1
2102,599,1
2102,600,1
2102,601,1
2102,602,1
2102,603,1
2102,604,1
2102,605,1
2102,606,1
2102,607,1
2102,608,1
2102,609,1
2102,610,1
2102,611,1
2102,612,1
2102,613,1
2102,614,1
2102,615,1
2102,616,1
2102,617,1
2102,618,1
2102,619,1
2102,620,1
2102,621,1
2102,622,1
2102,623,1
2102,624,1
2102,625,1
2102,626,1
2102,627,1
2102,628,1
2102,629,1
2102,630,1
2102,631,1
2102,632,1
2102,633,1
2102,634,1
2102,635,1
2102,636,1
2102,637,1
2102,638,1
2102,639,1
2102,640,1
2102,641,1
2102,642,1
2102,643,1
2102,644,1
2102,645,1
2102,646,1
2102,647,1
2102,648,1
2102,649,1
2102,650,1
2101,650,1
2101,651,1
2101,652,1
2101,653,1
2101,654,1
2101,655,1
2101,656,1
2101,657,1
2101,658,1
2101,659,1
2101,660,1
2101,661,1
2101,662,1
2101,663,1
2101,664,1
2101,665,1
2101,666,1
2101,667,1
2101,668,1
2101,669,1
2100,670,1
2100,671,1
2100,672,1
2100,673,1
2100,674,1
2100,675,1
2100,676,1
2100,677,1
2100,678,1
2100,679,1
2100,680,1
2100,681,1
2100,682,1
2100,683,1
2100,684,1
2100,685,1
2099,686,1
2099,687,1
2099,688,1
2099,689,1
2099,690,1
2099,691,1
2099,692,1
2099,693,1
2099,694,1
2099,695,1
2099,696,1
2099,697,1
2099,698,1
2099,699,1
2099,700,1
2099,701,1
2098,702,1
2098,703,1
2098,704,1
2098,705,1
2098,706,1
2098,707,1
2098,708,1
2098,709,1
2098,710,1
2098,711,1
2098,712,1
2098,713,1
2097,714,1
2097,715,1
2097,716,1
2097,717,1
2097,718,1
2097,719,1
2097,720,1
2097,721,1
2097,722,1
2097,723,1
2097,724,1
2097,725,1
2096,726,1
2096,727,1
2096,728,1
2096,729,1
2096,730,1
2096,731,1
2096,732,1
2096,733,1
2096,734,1
2095,735,1
2095,736,1
2095,737,1
2095,738,1
2095,739,1
2095,740,1
2095,741,1
2095,742,1
2095,743,1
2094,744,1
2094,745,1
2094,746,1
2094,747,1
2094,748,1
2094,749,1
2094,750,1
2094,751,1
2093,752,1
2093,753,1
2093,754,1
2093,755,1
2093,756,1
2093,757,1
2093,758,1
2093,759,1
2092,760,1
2092,761,1
2092,762,1
2092,763,1
2092,764,1
2092,765,1
2092,766,1
2092,767,1
2091,768,1
2091,769,1
2091,770,1
2091,771,1
2091,772,1
2091,773,1
2090,774,1
2090,775,1
2090,776,1
2090,777,1
2090,778,1
2090,779,1
2089,780,1
2089,781,1
2089,782,1
2089,783,1
2089,784,1
2089,785,1
2089,786,1
2088,787,1
2088,788,1
2088,789,1
2088,790,1
2088,791,1
2088,792,1
2088,793,1
2087,794,1
2087,795,1
2087,796,1
2087,797,1
2087,798,1
2087,799,1
2086,800,1
2086,801,1
2086,802,1
2086,803,1
2086,804,1
2086,805,1
2085,806,1
2085,807,1
2085,808,1
2085,809,1
2085,810,1
2084,811,1
2084,812,1
2084,813,1
2084,814,1
2084,815,1
2084,816,1
2083,817,1
2083,818,1
2083,819,1
2083,820,1
2083,821,1
2083,822,1
2082,823,1
2082,824,1
2082,825,1
2082,826,1
2082,827,1
2081,828,1
2081,829,1
2081,830,1
2081,831,1
2080,832,1
2080,833,1
2080,834,1
2080,835,1
2080,836,1
2079,837,1
2079,838,1
2079,839,1
2079,840,1
2079,841,1
2078,842,1
2078,843,1
2078,844,1
2078,845,1
2078,846,1
2077,847,1
2077,848,1
2077,849,1
2077,850,1
2077,851,1
2076,852,1
2076,853,1
2076,854,1
2076,855,1
2075,856,1
2075,857,1
2075,858,1
2075,859,1
2074,860,1
2074,861,1
2074,862,1
2074,863,1
2074,864,1
2073,865,1
2073,866,1
2073,867,1
2073,868,1
2072,869,1
2072,870,1
2072,871,1
2072,872,1
2071,873,1
2071,874,1
2071,875,1
2071,876,1
2070,876,1
2070,877,1
2070,878,1
2070,879,1
2069,880,1
2069,881,1
2069,882,1
2069,883,1
2068,884,1
2068,885,1
2068,886,1
2068,887,1
2067,888,1
2067,889,1
2067,890,1
2067,891,1
2066,892,1
2066,893,1
2066,894,1
2066,895,1
2065,896,1
2065,897,1
2065,898,1
2064,899,1
2064,900,1
2064,901,1
2063,902,1
2063,903,1
2063,904,1
2062,905,1
2062,906,1
2062,907,1
2061,908,1
2061,909,1
2060,910,1
2060,911,1
2059,912,1
2059,913,1
2059,914,1
2059,915,1
2058,916,1
2058,917,1
2057,918,1
2057,919,1
2057,920,1
2056,921,1
2056,922,1
2056,923,1
2055,924,1
2055,925,1
2054,926,1
2054,927,1
2054,928,1
2053,929,1
2053,930,1
2052,931,1
2052,932,1
2051,932,1
2051,933,1
2050,933,1
2049,933,1
2049,932,1
2048,932,1
2048,931,1
2048,930,1
2048,929,1
2048,928,1
2048,927,1
2048,926,1
2048,925,1
2048,924,1
2133,805,0
2207,700,1
2207,699,1
2207,698,1
2207,697,1
2207,696,1
2207,695,1
2207,694,1
2207,693,1
2207,692,1
2207,691,1
2208,690,1
2208,689,1
2208,688,1
2209,687,1
2209,686,1
2209,685,1
2210,685,1
2210,684,1
2211,683,1
2211,682,1
2212,682,1
2212,681,1
2213,680,1
2214,679,1
2215,678,1
2216,677,1
2217,676,1
2218,676,1
2219,675,1
2220,675,1
2220,674,1
2221,674,1
2222,673,1
2223,672,1
2224,672,1
2225,671,1
2226,671,1
2226,670,1
2227,670,1
2228,669,1
2229,669,1
2230,669,1
2230,668,1
2231,668,1
2232,667,1
2233,666,1
2234,666,1
2235,665,1
2236,664,1
2237,664,1
2238,663,1
2239,663,1
2240,662,1
2241,662,1
2242,661,1
2243,661,1
2244,660,1
2245,660,1
2246,660,1
2247,659,1
2248,659,1
2249,659,1
2250,658,1
2251,658,1
2252,658,1
2253,658,1
2254,658,1
2255,657,1
2256,657,1
2257,657,1
2258,657,1
2259,657,1
2260,657,1
2261,657,1
2262,657,1
2263,656,1
2264,656,1
2265,656,1
2266,656,1
2267,656,1
2268,656,1
2269,657,1
2270,657,1
2271,657,1
2272,657,1
2273,657,1
2274,657,1
2275,657,1
2276,657,1
2277,657,1
2278,658,1
2279,658,1
2280,658,1
2281,658,1
2282,658,1
2283,659,1
2284,659,1
2285,659,1
2286,660,1
2287,660,1
2288,660,1
2289,660,1
2289,661,1
2290,661,1
2291,661,1
2292,662,1
2293,662,1
2294,663,1
2295,663,1
2296,664,1
2297,664,1
2298,665,1
2299,666,1
2300,666,1
2301,667,1
2302,668,1
2303,668,1
2304,669,1
2305,670,1
2306,670,1
2306,671,1
2307,672,1
2308,672,1
2308,673,1
2309,673,1
2310,674,1
2310,675,1
2311,675,1
2312,676,1
2312,677,1
2313,677,1
2313,678,1
2314,679,1
2315,680,1
2316,681,1
2316,682,1
2317,683,1
2318,684,1
2318,685,1
2319,686,1
2320,687,1
2320,688,1
2321,689,1
2321,690,1
2322,691,1
2322,692,1
2323,693,1
2323,694,1
2324,695,1
2324,696,1
2324,697,1
2325,697,1
2325,698,1
2325,699,1
2326,700,1
2326,701,1
2326,702,1
2327,703,1
2327,704,1
2327,705,1
2328,706,1
2328,707,1
2328,708,1
2328,709,1
2329,710,1
2329,711,1
2329,712,1
2329,713,1
2329,714,1
2330,715,1
2330,716,1
2330,717,1
2330,718,1
2330,719,1
2331,720,1
2331,721,1
2331,722,1
2331,723,1
2331,724,1
2331,725,1
2331,726,1
2331,727,1
2331,728,1
2332,729,1
2332,730,1
2332,731,1
2332,732,1
2332,733,1
2332,734,1
2332,735,1
2332,736,1
2332,737,1
2332,738,1
2332,739,1
2332,740,1
2332,741,1
2332,742,1
2332,743,1
2332,744,1
2332,745,1
2332,746,1
2332,747,1
2332,748,1
2332,749,1
2332,750,1
2332,751,1
2332,752,1
2331,753,1
2331,754,1
2331,755,1
2331,756,1
2331,757,1
2331,758,1
2331,759,1
2331,760,1
2331,761,1
2331,762,1
2330,763,1
2330,764,1
2330,765,1
2330,766,1
2330,767,1
2330,768,1
2329,769,1
2329,770,1
2329,771,1
2329,772,1
2329,773,1
2328,774,1
2328,775,1
2328,776,1
2328,777,1
2327,778,1
2327,779,1
2327,780,1
2327,781,1
2327,782,1
2326,783,1
2326,784,1
2326,785,1
2326,786,1
2325,787,1
2325,788,1
2325,789,1
2324,790,1
2324,791,1
2324,792,1
2323,793,1
2323,794,1
2323,795,1
2322,796,1
2322,797,1
2322,798,1
2321,799,1
2321,800,1
2321,801,1
2320,802,1
2320,803,1
2320,804,1
2319,804,1
2319,805,1
2319,806,1
2318,807,1
2318,808,1
2317,809,1
2317,810,1
2316,811,1
2316,812,1
2316,813,1
2315,814,1
2315,815,1
2314,816,1
2314,817,1
2313,818,1
2313,819,1
2312,819,1
2312,820,1
2311,821,1
2311,822,1
2310,823,1
2310,824,1
2309,825,1
2309,826,1
2308,827,1
2308,828,1
2307,828,1
2306,829,1
2306,830,1
2305,831,1
2305,832,1
2304,833,1
2303,834,1
2303,835,1
2302,836,1
2301,837,1
2300,838,1
2300,839,1
2299,840,1
2299,841,1
2298,842,1
2297,842,1
2297,843,1
2296,844,1
2295,845,1
2295,846,1
2294,846,1
2293,847,1
2293,848,1
2292,849,1
2291,850,1
2290,851,1
2289,852,1
2289,853,1
2288,854,1
2287,854,1
2287,855,1
2286,856,1
2285,857,1
2284,857,1
2284,858,1
2283,859,1
2282,860,1
2281,860,1
2280,861,1
2280,862,1
2279,862,1
2278,863,1
2277,864,1
2276,865,1
2275,866,1
2274,867,1
2273,867,1
2272,868,1
2272,869,1
2271,869,1
2270,870,1
2269,871,1
2268,871,1
2267,872,1
2266,873,1
2265,874,1
2264,874,1
2263,875,1
2262,875,1
2262,876,1
2261,876,1
2260,877,1
2259,878,1
2258,878,1
2257,879,1
2256,879,1
2255,880,1
2254,881,1
2253,881,1
2252,881,1
2251,882,1
2250,882,1
2249,883,1
2248,883,1
2247,884,1
2246,884,1
2245,885,1
2244,885,1
2243,886,1
2242,886,1
2241,886,1
2240,887,1
2239,887,1
2238,887,1
2237,888,1
2236,888,1
2235,889,1
2234,889,1
2233,889,1
2232,889,1
2231,890,1
2230,890,1
2229,890,1
2228,890,1
2228,891,1
2227,891,1
2226,891,1
2225,891,1
2224,891,1
2223,891,1
2222,892,1
2221,892,1
2220,892,1
2219,892,1
2218,892,1
2217,892,1
2216,892,1
2215,892,1
2214,892,1
2213,892,1
2212,892,1
2211,892,1
2210,892,1
2209,892,1
2209,891,1
2208,891,1
2207,891,1
2206,891,1
2205,891,1
2204,890,1
2203,890,1
2202,890,1
2201,890,1
2200,889,1
2199,889,1
2198,888,1
2197,888,1
2197,887,1
2196,887,1
2195,886,1
2194,885,1
2193,885,1
2193,884,1
2192,884,1
2192,883,1
2191,883,1
2191,882,1
2190,881,1
2190,880,1
2189,880,1
2189,879,1
2189,878,1
2188,877,1
2188,876,1
2188,875,1
2188,874,1
2188,873,1
2188,872,1
2188,871,1
2188,870,1
2188,869,1
2188,868,1
2188,867,1
2189,866,1
2189,865,1
2189,864,1
2190,864,1
2190,863,1
2190,862,1
2191,862,1
2191,861,1
2191,860,1
2192,860,1
2192,859,1
2193,859,1
2193,858,1
2194,857,1
2195,856,1
2196,855,1
2197,854,1
2198,853,1
2199,853,1
2199,852,1
2200,852,1
2201,851,1
2202,851,1
2202,850,1
2203,850,1
2204,849,1
2205,849,1
2206,848,1
2207,848,1
2208,848,1
2209,847,1
2210,846,1
2211,846,1
2212,846,1
2213,845,1
2214,845,1
2215,845,1
2216,844,1
2217,844,1
2218,844,1
2219,844,1
2220,843,1
2221,843,1
2222,843,1
2223,843,1
2224,842,1
2225,842,1
2226,842,1
2227,842,1
2228,842,1
2229,842,1
2230,841,1
2231,841,1
2232,841,1
2233,841,1
2234,841,1
2235,841,1
2236,841,1
2237,841,1
2238,841,1
2239,841,1
2240,841,1
2241,841,1
2242,841,1
2243,841,1
2244,841,1
2245,841,1
2246,841,1
2247,841,1
2248,841,1
2249,841,1
2250,841,1
2251,841,1
2252,841,1
2253,841,1
2254,842,1
2255,842,1
2256,842,1
2257,842,1
2258,842,1
2259,842,1
2260,843,1
2261,843,1
2262,843,1
2263,843,1
2264,844,1
2265,844,1
2266,844,1
2267,845,1
2268,845,1
2269,845,1
2270,845,1
2271,846,1
2272,846,1
2273,846,1
2274,847,1
2275,847,1
2276,847,1
2277,848,1
2278,848,1
2279,849,1
2280,849,1
2281,849,1
2281,850,1
2282,850,1
2283,850,1
2284,851,1
2285,851,1
2285,852,1
2286,852,1
2287,852,1
2288,853,1
2289,853,1
2289,854,1
2290,854,1
2291,855,1
2292,855,1
2292,856,1
2293,856,1
2294,857,1
2295,857,1
2295,858,1
2296,858,1
2297,858,1
2297,859,1
2298,859,1
2299,860,1
2300,860,1
2300,861,1
2301,861,1
2302,862,1
2302,863,1
2303,863,1
2304,864,1
2305,864,1
2305,865,1
2306,865,1
2307,866,1
2307,867,1
2308,867,1
2309,868,1
2310,868,1
2310,869,1
2311,870,1
2312,870,1
2313,871,1
2313,872,1
2314,872,1
2315,873,1
2316,874,1
2317,875,1
2318,875,1
2318,876,1
2319,877,1
2320,877,1
2320,878,1
2321,879,1
2322,879,1
2322,880,1
2323,881,1
2324,881,1
2325,882,1
2325,883,1
2326,883,1
2327,884,1
2327,885,1
2328,885,1
2329,886,1
2330,887,1
2331,888,1
2332,889,1
2332,890,1
2333,890,1
2334,891,1
2335,892,1
2336,893,1
2337,894,1
2338,894,1
2338,895,1
2339,896,1
2340,896,1
2341,897,1
2341,898,1
2342,898,1
2343,899,1
2344,899,1
2344,900,1
2345,901,1
2346,901,1
2347,902,1
2347,903,1
2348,903,1
2349,904,1
2350,904,1
2351,905,1
2351,906,1
2352,906,1
2353,907,1
2354,907,1
2354,908,1
2355,908,1
2356,909,1
2357,910,1
2358,910,1
2359,911,1
2360,912,1
2361,912,1
2362,913,1
2363,913,1
2364,914,1
2365,915,1
2366,915,1
2367,915,1
2368,916,1
2369,916,1
2369,917,1
2370,917,1
2371,917,1
2372,918,1
2373,918,1
2374,918,1
2375,919,1
2376,919,1
2377,920,1
2378,920,1
2379,920,1
2380,920,1
2381,921,1
2382,921,1
2383,921,1
2384,921,1
2385,922,1
2386,922,1
2387,922,1
2388,922,1
2389,922,1
2390,922,1
2391,922,1
2392,923,1
2393,923,1
2394,923,1
2395,923,1
2396,923,1
2397,923,1
2398,923,1
2399,923,1
2400,923,1
2401,923,1
2402,923,1
2403,923,1
2404,923,1
2405,923,1
2406,922,1
2407,922,1
2408,922,1
2409,922,1
2410,922,1
2411,922,1
2412,921,1
2413,921,1
2414,921,1
2415,921,1
2416,920,1
2417,920,1
2418,920,1
2419,919,1
2420,919,1
2421,919,1
2422,919,1
2423,918,1
2424,918,1
2425,917,1
2426,917,1
2427,917,1
2428,916,1
2429,916,1
2430,916,1
2431,916,1
2432,915,1
2433,915,1
2434,914,1
2435,914,1
2436,913,1
2437,913,1
2438,913,1
2439,912,1
2440,912,1
2441,911,1
2442,911,1
2443,910,1
2444,910,1
2445,909,1
2446,909,1
2447,908,1
2448,907,1
2449,906,1
2450,906,1
2451,905,1
2451,904,1
2452,904,1
2453,903,1
2454,903,1
2454,902,1
2455,901,1
2456,901,1
2456,900,1
2457,899,1
2458,898,1
2459,897,1
2460,897,1
2460,896,1
2460,895,1
2461,895,1
2461,894,1
2462,893,1
2458,830,0
2469,731,1
2469,732,1
2469,733,1
2469,734,1
2469,735,1
2469,736,1
2469,737,1
2469,738,1
2469,739,1
2469,740,1
2469,741,1
2469,742,1
2469,743,1
2469,744,1
2469,745,1
2469,746,1
2469,747,1
2469,748,1
2469,749,1
2469,750,1
2469,751,1
2469,752,1
2468,753,1
2468,754,1
2468,755,1
2468,756,1
2468,757,1
2468,758,1
2468,759,1
2468,760,1
2468,761,1
2468,762,1
2468,763,1
2468,764,1
2468,765,1
2468,766,1
2468,767,1
2467,768,1
2467,769,1
2467,770,1
2467,771,1
2467,772,1
2467,773,1
2467,774,1
2467,775,1
2466,776,1
2466,777,1
2466,778,1
2466,779,1
2466,780,1
2466,781,1
2466,782,1
2466,783,1
2466,784,1
2466,785,1
2466,786,1
2466,787,1
2466,788,1
2465,789,1
2465,790,1
2465,791,1
2465,792,1
2465,793,1
2465,794,1
2465,795,1
2465,796,1
2465,797,1
2465,798,1
2465,799,1
2465,800,1
2465,801,1
2464,802,1
2464,803,1
2464,804,1
2464,805,1
2464,806,1
2464,807,1
2464,808,1
2464,809,1
2464,810,1
2463,811,1
2463,812,1
2463,813,1
2463,814,1
2463,815,1
2463,816,1
2463,817,1
2463,818,1
2463,819,1
2463,820,1
2463,821,1
2463,822,1
2462,823,1
2462,824,1
2462,825,1
2462,826,1
2462,827,1
2462,828,1
2462,829,1
2462,830,1
2462,831,1
2462,832,1
2462,833,1
2462,834,1
2462,835,1
2461,836,1
2461,837,1
2461,838,1
2461,839,1
2461,840,1
2461,841,1
2461,842,1
2461,843,1
2461,844,1
2461,845,1
2460,846,1
2460,847,1
2460,848,1
2460,849,1
2460,850,1
2460,851,1
2460,852,1
2460,853,1
2460,854,1
2460,855,1
2459,856,1
2459,857,1
2459,858,1
2459,859,1
2459,860,1
2459,861,1
2459,862,1
2459,863,1
2459,864,1
2459,865,1
2459,866,1
2459,867,1
2458,868,1
2458,869,1
2458,870,1
2458,871,1
2458,872,1
2458,873,1
2458,874,1
2458,875,1
2458,876,1
2457,877,1
2457,878,1
2457,879,1
2457,880,1
2457,881,1
2457,882,1
2457,883,1
2457,884,1
2457,885,1
2457,886,1
2457,887,1
2457,888,1
2457,889,1
2456,890,1
2456,891,1
2456,892,1
2456,893,1
2455,894,1
2455,895,1
2455,896,1
2455,897,1
2455,898,1
2455,899,1
2455,900,1
2455,901,1
2455,902,1
2455,903,1
2455,904,1
2455,905,1
2455,906,1
2455,907,1
1866,790,0
1252,697,1
1253,697,1
1254,697,1
1255,697,1
1256,697,1
1257,697,1
1258,697,1
1259,696,1
1260,696,1
1261,696,1
1262,695,1
1263,695,1
1264,695,1
1265,695,1
1266,695,1
1267,695,1
1268,695,1
1269,694,1
1270,694,1
1271,694,1
1272,694,1
1273,694,1
1274,694,1
1275,694,1
1276,694,1
1277,694,1
1278,694,1
1279,694,1
1280,694,1
1281,694,1
1282,694,1
1283,694,1
1284,694,1
1285,694,1
1286,694,1
1287,694,1
1288,694,1
1289,694,1
1290,694,1
1291,693,1
1292,693,1
1293,693,1
1294,693,1
1295,693,1
1296,693,1
1297,693,1
1298,693,1
1299,693,1
1300,693,1
1301,693,1
1302,693,1
1303,693,1
1304,692,1
1305,692,1
1306,692,1
1307,692,1
1308,692,1
1309,692,1
1310,692,1
1311,692,1
1312,692,1
1313,692,1
1314,692,1
1315,692,1
1316,692,1
1317,692,1
1318,692,1
1319,692,1
1320,692,1
1321,692,1
1322,692,1
1323,692,1
1324,692,1
1325,692,1
1326,692,1
1326,691,1
1327,691,1
1328,691,1
1329,691,1
1330,691,1
1331,691,1
1332,691,1
1333,691,1
1334,691,1
1335,691,1
1336,691,1
1337,691,1
1338,691,1
1339,691,1
1340,691,1
1341,691,1
1342,691,1
1343,691,1
1344,691,1
1345,691,1
1346,691,1
1347,691,1
1348,691,1
1349,691,1
1350,691,1
1351,691,1
1352,691,1
1353,690,1
1354,690,1
1355,690,1
1356,690,1
1357,690,1
1358,690,1
1359,690,1
1360,690,1
1361,690,1
1362,690,1
1363,690,1
1364,690,1
1365,690,1
1366,689,1
1367,689,1
1368,689,1
1369,689,1
1370,689,1
1371,689,1
1372,689,1
1373,689,1
1374,689,1
1375,689,1
1376,689,1
1377,689,1
1378,689,1
1379,689,1
1380,689,1
1381,689,1
1382,689,1
1383,689,1
1384,688,1
1385,688,1
1386,688,1
1387,688,1
1388,688,1
1389,688,1
1390,688,1
1391,688,1
1392,688,1
1393,688,1
1394,688,1
1395,688,1
1396,688,1
1397,688,1
1398,688,1
1399,688,1
1400,688,1
1401,688,1
1402,688,1
1403,688,1
1404,688,1
1405,688,1
1406,688,1
1407,687,1
1408,687,1
1409,687,1
1410,687,1
1411,687,1
1412,687,1
1413,687,1
1414,687,1
1415,687,1
1416,687,1
1417,687,1
1418,687,1
1419,687,1
1420,687,1
1421,686,1
1422,686,1
1423,686,1
1424,686,1
1425,686,1
1426,686,1
1427,686,1
1428,686,1
1429,686,1
1430,686,1
1431,686,1
1432,686,1
1433,686,1
1434,685,1
1435,685,1
1436,685,1
1437,685,1
1438,685,1
1439,685,1
1440,685,1
1441,685,1
1442,685,1
1443,685,1
1444,685,1
1445,685,1
1446,685,1
1447,685,1
1448,685,1
1449,685,1
1450,685,1
1451,685,1
1452,685,1
1453,685,1
1454,684,1
1455,684,1
1456,684,1
1457,684,1
1458,684,1
1459,684,1
1460,684,1
1461,684,1
1462,684,1
1463,684,1
1464,684,1
1465,684,1
1466,684,1
1467,684,1
1468,684,1
1469,684,1
1470,683,1
1471,683,1
1472,683,1
1473,683,1
1474,683,1
1475,683,1
1476,683,1
1477,683,1
1478,683,1
1479,683,1
1480,683,1
1481,683,1
1482,683,1
1483,682,1
1484,682,1
1485,682,1
1486,682,1
1487,682,1
1488,682,1
1489,682,1
1490,682,1
1491,682,1
1492,682,1
1493,682,1
1494,682,1
1495,682,1
1496,681,1
1497,681,1
1498,681,1
1499,681,1
1500,681,1
1501,681,1
1502,681,1
1503,681,1
1504,681,1
1505,681,1
1506,681,1
1507,681,1
1508,681,1
1509,680,1
1510,680,1
1511,680,1
1512,680,1
1513,680,1
1514,680,1
1515,680,1
1516,680,1
1517,680,1
1518,680,1
1519,680,1
1520,680,1
1521,680,1
1522,679,1
1523,679,1
1524,679,1
1525,679,1
1526,679,1
1527,679,1
1528,679,1
1529,679,1
1530,679,1
1531,679,1
1532,679,1
1533,679,1
1534,679,1
1535,678,1
1536,678,1
1537,678,1
1538,678,1
1539,678,1
1540,678,1
1541,678,1
1542,677,1
1543,677,1
1544,677,1
1545,677,1
1546,677,1
1547,677,1
1548,677,1
1549,677,1
1550,677,1
1551,676,1
1552,676,1
1553,676,1
1554,676,1
1555,676,1
1556,676,1
1557,676,1
1558,676,1
1559,676,1
1560,676,1
1561,676,1
1562,676,1
1563,676,1
1564,675,1
1565,675,1
1566,675,1
1567,675,1
1568,675,1
1569,675,1
1570,675,1
1571,675,1
1572,674,1
1573,674,1
1574,674,1
1575,674,1
1576,674,1
1577,674,1
1578,674,1
1579,674,1
1580,674,1
1581,673,1
1582,673,1
1583,673,1
1584,673,1
1585,673,1
1586,673,1
1587,673,1
1588,673,1
1589,673,1
1590,673,1
1591,673,1
1592,672,1
1593,672,1
1594,672,1
1595,672,1
1596,672,1
1597,672,1
1598,672,1
1599,672,1
1600,672,1
1601,672,1
1602,671,1
1603,671,1
1604,671,1
1605,671,1
1606,671,1
1607,671,1
1608,671,1
1609,671,1
1610,671,1
1611,670,1
1612,670,1
1613,670,1
1614,670,1
1615,670,1
1616,670,1
1617,670,1
1618,670,1
1619,670,1
1620,669,1
1621,669,1
1622,669,1
1623,669,1
1624,669,1
1625,669,1
1626,669,1
1627,669,1
1628,669,1
1629,669,1
1630,669,1
1631,669,1
1632,669,1
1633,669,1
1634,668,1
1635,668,1
1636,668,1
1637,668,1
1638,668,1
1639,668,1
1640,668,1
1641,668,1
1642,667,1
1643,667,1
1644,667,1
1645,667,1
1646,667,1
1647,667,1
1648,667,1
1649,667,1
1650,667,1
1651,666,1
1652,666,1
1653,666,1
1654,666,1
1655,666,1
1656,666,1
1657,666,1
1658,666,1
1659,666,1
1660,666,1
1661,666,1
1662,666,1
1663,666,1
1664,665,1
1665,665,1
1666,665,1
1667,665,1
1668,665,1
1669,665,1
1670,665,1
1671,665,1
1672,665,1
1673,664,1
1674,664,1
1675,664,1
1676,664,1
1677,664,1
1678,664,1
1679,664,1
1680,664,1
1681,664,1
1682,664,1
1683,663,1
1684,663,1
1685,663,1
1686,663,1
1687,663,1
1688,663,1
1689,663,1
1690,663,1
1691,663,1
1692,662,1
1693,662,1
1694,662,1
1695,662,1
1696,662,1
1697,662,1
1698,662,1
1699,662,1
1700,662,1
1701,662,1
1702,662,1
1703,662,1
1704,662,1
1705,661,1
1706,661,1
1707,661,1
1708,661,1
1709,661,1
1710,661,1
1711,661,1
1712,661,1
1712,660,1
1713,660,1
1714,660,1
1715,660,1
1716,660,1
1717,660,1
1718,660,1
1719,660,1
1720,659,1
1721,659,1
1722,659,1
1723,659,1
1724,659,1
1725,659,1
1726,659,1
1727,659,1
1728,659,1
1729,659,1
1730,659,1
1731,659,1
1732,659,1
1733,658,1
1734,658,1
1735,658,1
1736,658,1
1737,658,1
1738,658,1
1739,658,1
1740,658,1
1741,658,1
1742,658,1
1743,658,1
1744,657,1
1745,657,1
1746,657,1
1747,657,1
1748,657,1
1749,657,1
1750,657,1
1751,657,1
1752,657,1
1753,657,1
1754,656,1
1755,656,1
1756,656,1
1757,656,1
1758,656,1
1759,656,1
1760,656,1
1761,656,1
1762,656,1
1763,656,1
1764,655,1
1765,655,1
1766,655,1
1767,655,1
1768,655,1
1769,655,1
1770,655,1
1771,655,1
1772,655,1
1773,655,1
1774,655,1
1775,655,1
1776,655,1
1777,654,1
1778,654,1
1779,654,1
1780,654,1
1781,654,1
1782,654,1
1783,654,1
1784,654,1
1785,654,1
1786,654,1
1787,653,1
1788,653,1
1789,653,1
1790,653,1
1791,653,1
1792,653,1
1793,653,1
1794,653,1
1795,653,1
1796,653,1
1797,652,1
1798,652,1
1799,652,1
1800,652,1
1801,652,1
1802,652,1
1803,652,1
1804,652,1
1805,652,1
1806,652,1
1807,652,1
1808,652,1
1809,652,1
1810,651,1
1811,651,1
1812,651,1
1813,651,1
1814,651,1
1815,651,1
1816,651,1
1817,651,1
1818,651,1
1819,651,1
1820,651,1
1821,651,1
1822,651,1
1823,650,1
1824,650,1
1825,650,1
1826,650,1
1827,650,1
1828,650,1
1829,650,1
1830,650,1
1831,650,1
1832,649,1
1833,649,1
1834,649,1
1835,649,1
1836,649,1
1837,649,1
1838,649,1
1839,649,1
1840,649,1
1841,649,1
1842,649,1
1843,649,1
1844,648,1
1845,648,1
1846,648,1
1847,648,1
1848,648,1
1849,648,1
1850,648,1
1851,648,1
1852,648,1
1853,648,1
1854,648,1
1855,648,1
1856,648,1
1857,647,1
1858,647,1
1859,647,1
1860,647,1
1861,647,1
1862,647,1
1863,647,1
1864,647,1
1865,647,1
1866,647,1
1867,647,1
1868,647,1
1869,647,1
1870,646,1
1871,646,1
1872,646,1
1873,646,1
1874,646,1
1875,646,1
1876,646,1
1877,646,1
1878,646,1
1879,646,1
1880,646,1
1881,646,1
1882,646,1
1883,645,1
1884,645,1
1885,645,1
1886,645,1
1887,645,1
1888,645,1
1889,645,1
1890,645,1
1891,645,1
1892,645,1
1893,645,1
1894,645,1
1895,644,1
1896,644,1
1897,644,1
1898,644,1
1899,644,1
1900,644,1
1901,644,1
1902,644,1
1903,644,1
1904,644,1
1905,644,1
1906,644,1
1907,644,1
1908,643,1
1909,643,1
1910,643,1
1911,643,1
1912,643,1
1913,643,1
1914,643,1
1915,643,1
1916,643,1
1917,643,1
1918,643,1
1919,643,1
1920,643,1
1921,643,1
1922,643,1
1923,643,1
1924,643,1
1925,643,1
1926,643,1
1927,642,1
1928,642,1
1929,642,1
1930,642,1
1931,642,1
1932,642,1
1933,642,1
1934,642,1
1935,642,1
1936,642,1
1937,642,1
1938,642,1
1939,642,1
1940,642,1
1941,642,1
1942,641,1
1943,641,1
1944,641,1
1945,641,1
1946,641,1
1947,641,1
1948,641,1
1949,641,1
1950,641,1
1951,641,1
1952,641,1
1953,641,1
1954,641,1
1955,640,1
1956,640,1
1957,640,1
1958,640,1
1959,640,1
1960,640,1
1961,640,1
1962,640,1
1963,640,1
1964,640,1
1965,640,1
1966,640,1
1967,640,1
1968,640,1
1969,640,1
1970,640,1
1971,640,1
1972,640,1
1973,640,1
1974,640,1
1975,640,1
1976,640,1
1977,640,1
1978,639,1
1979,639,1
1980,639,1
1981,639,1
1982,639,1
1983,639,1
1984,639,1
1985,639,1
1986,639,1
1987,639,1
1988,639,1
1989,639,1
1990,639,1
1991,639,1
1992,639,1
1993,639,1
1994,639,1
1995,639,1
1996,639,1
1997,639,1
1998,639,1
1999,639,1
2000,639,1
2001,639,1
2002,638,1
2003,638,1
2004,638,1
2005,638,1
2006,638,1
2007,638,1
2008,638,1
2009,638,1
2010,638,1
2011,638,1
2012,638,1
2013,638,1
2014,638,1
2015,637,1
2016,637,1
2017,637,1
2018,637,1
2019,637,1
2020,637,1
2021,637,1
2022,637,1
2023,637,1
2024,637,1
2025,637,1
2026,637,1
2027,637,1
2028,637,1
2029,637,1
2030,637,1
2031,637,1
2032,636,1
2033,636,1
2034,636,1
2035,636,1
2036,636,1
2037,636,1
2038,636,1
2039,636,1
2040,636,1
2041,636,1
2042,636,1
2043,636,1
2044,636,1
2045,636,1
2046,636,1
2047,636,1
2048,636,1
2049,636,1
2050,636,1
2051,636,1
2052,636,1
2053,636,1
2054,636,1
2055,635,1
2056,635,1
2057,635,1
2058,635,1
2059,635,1
2060,635,1
2061,635,1
2062,635,1
2063,635,1
2064,635,1
2065,635,1
2066,635,1
2067,635,1
2068,635,1
2069,635,1
2070,634,1
2071,634,1
2072,634,1
2073,634,1
2074,634,1
2075,634,1
2076,634,1
2077,634,1
2078,634,1
2079,634,1
2080,634,1
2081,634,1
2082,634,1
2083,633,1
2084,633,1
2085,633,1
2086,633,1
2087,633,1
2088,633,1
2089,633,1
2090,633,1
2091,633,1
2092,633,1
2093,633,1
2094,633,1
2095,633,1
2096,633,1
2097,633,1
2098,633,1
2099,633,1
2100,633,1
2101,633,1
2102,633,1
2103,633,1
2104,633,1
2105,633,1
2105,632,1
2106,632,1
2107,632,1
2108,632,1
2109,632,1
2110,632,1
2111,632,1
2112,632,1
2113,632,1
2114,632,1
2115,632,1
2116,632,1
2117,632,1
2118,632,1
2119,632,1
2120,632,1
2121,632,1
2122,632,1
2123,632,1
2124,632,1
2125,632,1
2126,632,1
2127,632,1
2128,632,1
2129,632,1
2130,632,1
2131,632,1
2132,632,1
2133,632,1
2134,632,1
2135,631,1
2136,631,1
2137,631,1
2138,631,1
2139,631,1
2140,631,1
2141,631,1
2142,631,1
2143,631,1
2144,631,1
2145,631,1
2146,631,1
2147,631,1
2148,631,1
2149,631,1
2150,631,1
2151,631,1
2152,631,1
2153,631,1
2154,631,1
2155,631,1
2156,631,1
2157,631,1
2158,631,1
2159,630,1
2160,630,1
2161,630,1
2162,630,1
2163,630,1
2164,630,1
2165,630,1
2166,630,1
2167,630,1
2168,630,1
2169,630,1
2170,630,1
2171,630,1
2172,630,1
2173,630,1
2174,630,1
2175,630,1
2176,630,1
2177,630,1
2178,630,1
2179,630,1
2180,630,1
2181,630,1
2182,630,1
2183,630,1
2184,630,1
2185,630,1
2186,630,1
2187,630,1
2188,630,1
2188,629,1
2189,629,1
2190,629,1
2191,629,1
2192,629,1
2193,629,1
2194,629,1
2195,629,1
2196,629,1
2197,629,1
2198,629,1
2199,629,1
2200,629,1
2201,629,1
2202,629,1
2203,629,1
2204,629,1
2205,629,1
2206,629,1
2207,629,1
2208,629,1
2209,629,1
2210,629,1
2211,629,1
2212,629,1
2213,629,1
2214,629,1
2215,629,1
2216,629,1
2217,629,1
2218,628,1
2219,628,1
2220,628,1
2221,628,1
2222,628,1
2223,628,1
2224,628,1
2225,628,1
2226,628,1
2227,628,1
2228,628,1
2229,628,1
2230,628,1
2231,628,1
2232,628,1
2233,628,1
2234,628,1
2235,628,1
2236,628,1
2237,628,1
2238,628,1
2239,628,1
2240,628,1
2241,628,1
2242,628,1
2243,628,1
2244,628,1
2245,628,1
2246,628,1
2247,628,1
2248,628,1
2249,628,1
2250,628,1
2251,628,1
2252,628,1
2253,628,1
2254,628,1
2255,628,1
2256,628,1
2257,628,1
2258,628,1
2259,628,1
2260,628,1
2261,628,1
2262,628,1
2263,628,1
2264,628,1
2265,628,1
2266,628,1
2267,628,1
2268,628,1
2269,628,1
2270,628,1
2271,628,1
2272,628,1
2273,628,1
2274,628,1
2275,628,1
2276,629,1
2277,629,1
2278,629,1
2279,629,1
2280,629,1
2281,629,1
2282,629,1
2283,629,1
2284,629,1
2285,629,1
2286,629,1
2287,629,1
2288,629,1
2289,629,1
2290,629,1
2291,629,1
2292,629,1
2293,629,1
2294,629,1
2295,629,1
2296,629,1
2297,629,1
2298,629,1
2299,629,1
2300,629,1
2301,629,1
2302,629,1
2303,629,1
2304,629,1
2305,629,1
2305,630,1
2306,630,1
2307,630,1
2308,630,1
2309,630,1
2310,630,1
2311,630,1
2312,630,1
2313,630,1
2314,630,1
2315,630,1
2316,630,1
2317,630,1
2318,630,1
2319,630,1
2320,630,1
2321,630,1
2322,630,1
2323,630,1
2324,630,1
2325,630,1
2326,630,1
2327,630,1
2328,630,1
2329,630,1
2330,630,1
2331,630,1
2332,630,1
2333,630,1
2334,630,1
2335,631,1
2336,631,1
2337,631,1
2338,631,1
2339,631,1
2340,631,1
2341,631,1
2342,631,1
2343,631,1
2344,631,1
2345,631,1
2346,631,1
2347,631,1
2348,631,1
2349,631,1
2350,631,1
2351,631,1
2352,631,1
2353,631,1
2354,631,1
2355,631,1
2356,631,1
2357,631,1
2358,631,1
2359,631,1
2360,631,1
2361,631,1
2362,631,1
2363,631,1
2364,631,1
2365,631,1
2366,631,1
2367,631,1
2368,631,1
2369,631,1
2370,631,1
2371,631,1
2372,631,1
2373,631,1
2374,631,1
2375,631,1
2376,631,1
2377,631,1
2378,631,1
2379,631,1
2380,631,1
2381,631,1
2382,631,1
2383,631,1
2384,631,1
2385,631,1
2386,631,1
2387,631,1
2388,631,1
2389,631,1
2390,631,1
2391,631,1
2392,631,1
2393,631,1
2394,631,1
2395,631,1
2396,631,1
2397,631,1
2398,631,1
2399,631,1
2400,631,1
2401,631,1
2402,631,1
2403,631,1
2404,631,1
2405,631,1
2406,631,1
2407,631,1
2408,631,1
2409,631,1
2410,631,1
2411,631,1
2412,631,1
2413,631,1
2414,631,1
2415,631,1
2416,631,1
2417,631,1
2418,631,1
2419,631,1
2420,631,1
2421,631,1
2422,631,1
2423,631,1
2424,631,1
2425,631,1
2426,631,1
2427,631,1
2428,631,1
2429,631,1
2430,631,1
2431,631,1
2432,631,1
2433,631,1
2434,631,1
2435,631,1
2436,631,1
2437,631,1
2438,631,1
2439,631,1
2440,631,1
2441,631,1
2442,631,1
2443,631,1
2444,631,1
2445,631,1
2446,631,1
2447,631,1
2448,631,1
2449,631,1
2450,631,1
2451,631,1
2452,631,1
2453,631,1
2454,631,1
2455,631,1
2456,631,1
2457,631,1
2458,631,1
2459,631,1
2460,631,1
2461,631,1
2462,631,1
2463,631,1
2464,631,1
2465,631,1
2466,631,1
2467,631,1
2468,631,1
2469,632,1
2470,632,1
2471,632,1
2472,632,1
2473,632,1
2474,632,1
2475,632,1
2476,632,1
2477,632,1
2478,632,1
2479,632,1
2480,632,1
2481,632,1
2482,632,1
2483,632,1
2484,632,1
2485,632,1
2486,632,1
2487,632,1
2488,632,1
2489,632,1
2490,632,1
2491,632,1
2492,632,1
2493,632,1
2494,632,1
2495,632,1
2496,632,1
2497,632,1
2498,632,1
2499,633,1
2500,633,1
2501,633,1
2502,633,1
2503,633,1
2504,633,1
2505,633,1
2506,633,1
2507,633,1
2508,633,1
2509,633,1
2510,633,1
2511,633,1
2512,633,1
2513,633,1
2514,633,1
2515,634,1
2516,634,1
2517,634,1
2518,634,1
2519,634,1
2520,634,1
2521,634,1
2522,634,1
2523,634,1
2524,634,1
2525,634,1
2526,634,1
2527,634,1
2528,634,1
2529,634,1
2530,634,1
2531,634,1
2532,634,1
2533,634,1
2534,634,1
2535,634,1
2536,634,1
2537,634,1
2538,634,1
2538,634,0
