561,323,1
608,336,1
608,337,1
609,338,1
610,339,1
610,340,1
611,340,1
612,341,1
612,342,1
613,343,1
613,344,1
614,345,1
614,346,1
614,347,1
615,347,1
615,348,1
615,349,1
616,350,1
616,351,1
616,352,1
616,353,1
617,354,1
617,355,1
617,356,1
617,357,1
617,358,1
617,359,1
617,360,1
617,361,1
617,362,1
617,363,1
617,364,1
617,365,1
617,366,1
617,367,1
617,368,1
616,369,1
616,370,1
616,371,1
616,372,1
616,373,1
615,374,1
615,375,1
615,376,1
614,377,1
614,378,1
613,379,1
613,380,1
613,381,1
612,382,1
612,383,1
611,384,1
611,385,1
610,386,1
610,387,1
609,388,1
609,389,1
608,389,1
608,390,1
607,391,1
607,392,1
606,393,1
605,394,1
605,395,1
604,395,1
604,396,1
603,397,1
602,398,1
602,399,1
601,399,1
600,400,1
600,401,1
599,402,1
598,403,1
597,403,1
597,404,1
596,405,1
595,405,1
595,406,1
594,407,1
593,408,1
592,408,1
592,409,1
591,410,1
590,410,1
589,411,1
588,412,1
587,413,1
586,414,1
585,414,1
584,415,1
583,416,1
582,417,1
581,417,1
580,418,1
579,418,1
578,419,1
578,420,1
577,420,1
576,421,1
575,421,1
574,422,1
573,422,1
572,423,1
571,423,1
570,424,1
569,424,1
568,425,1
567,425,1
566,426,1
565,426,1
564,426,1
563,427,1
562,427,1
561,427,1
560,427,1
559,428,1
558,428,1
557,428,1
556,428,1
555,428,1
554,428,1
553,428,1
552,428,1
551,428,1
550,428,1
549,428,1
548,428,1
547,428,1
547,427,1
546,427,1
545,426,1
544,425,1
543,425,1
543,424,1
543,423,1
543,422,1
542,421,1
543,421,1
543,420,1
543,419,1
543,418,1
544,417,1
544,416,1
545,415,1
546,414,1
547,413,1
548,412,1
549,412,1
549,411,1
550,410,1
551,410,1
552,409,1
601,412,1
602,412,1
603,413,1
604,413,1
604,414,1
605,414,1
606,415,1
607,416,1
608,417,1
609,418,1
610,419,1
611,420,1
612,420,1
612,421,1
613,422,1
614,422,1
615,423,1
615,424,1
616,425,1
617,425,1
617,426,1
618,427,1
619,428,1
620,429,1
621,430,1
621,431,1
622,432,1
623,432,1
623,433,1
624,434,1
625,434,1
625,435,1
626,436,1
627,437,1
628,438,1
629,439,1
629,440,1
630,441,1
631,441,1
632,442,1
632,443,1
633,444,1
634,444,1
634,445,1
635,446,1
636,446,1
636,447,1
637,448,1
638,448,1
639,449,1
640,450,1
641,450,1
642,451,1
643,452,1
644,452,1
645,453,1
646,453,1
647,454,1
648,454,1
649,455,1
650,455,1
650,456,1
651,456,1
652,456,1
653,457,1
654,457,1
655,457,1
656,457,1
657,457,1
658,457,1
659,457,1
660,456,1
661,456,1
662,456,1
663,455,1
683,420,0
711,374,1
711,375,1
711,376,1
711,377,1
711,378,1
711,379,1
712,380,1
712,381,1
712,382,1
712,383,1
712,384,1
713,385,1
713,386,1
713,387,1
714,388,1
714,389,1
715,390,1
715,391,1
716,392,1
716,393,1
717,394,1
717,395,1
718,396,1
719,397,1
719,398,1
720,399,1
720,400,1
721,400,1
722,401,1
722,402,1
723,403,1
724,404,1
725,405,1
726,406,1
727,407,1
728,407,1
728,408,1
729,408,1
730,409,1
731,409,1
732,410,1
733,410,1
734,411,1
735,411,1
736,412,1
737,412,1
738,412,1
739,413,1
740,413,1
741,413,1
742,413,1
743,414,1
744,414,1
745,414,1
746,414,1
747,414,1
748,414,1
749,414,1
750,414,1
751,414,1
752,413,1
753,413,1
754,413,1
755,413,1
756,412,1
757,412,1
758,411,1
759,411,1
760,410,1
761,410,1
761,409,1
762,409,1
763,408,1
764,408,1
764,407,1
765,407,1
766,406,1
766,405,1
767,405,1
768,404,1
768,403,1
769,402,1
770,401,1
771,400,1
771,399,1
772,398,1
773,397,1
773,396,1
774,395,1
774,394,1
775,393,1
775,392,1
776,391,1
776,390,1
777,389,1
777,388,1
778,387,1
779,386,1
779,385,1
780,384,1
780,383,1
781,383,1
781,382,1
782,382,1
782,381,1
783,380,1
784,380,1
784,379,1
785,379,1
786,378,1
787,377,1
788,377,1
789,376,1
790,376,1
791,376,1
792,376,1
793,376,1
794,376,1
794,375,1
795,375,1
796,375,1
797,375,1
798,375,1
799,376,1
800,376,1
801,376,1
802,376,1
803,376,1
804,376,1
805,376,1
806,377,1
807,377,1
808,377,1
809,377,1
810,377,1
811,377,1
812,378,1
813,378,1
814,378,1
815,378,1
816,378,1
817,378,1
818,378,1
819,378,1
820,378,1
821,378,1
822,378,1
823,378,1
824,378,1
825,378,1
826,378,1
827,378,1
828,378,1
829,378,1
830,378,1
831,378,1
832,378,1
833,378,1
834,378,1
835,377,1
836,377,1
837,377,1
838,377,1
839,376,1
840,376,1
841,376,1
842,376,1
843,375,1
844,375,1
845,374,1
846,374,1
847,373,1
848,373,1
849,373,1
850,372,1
851,372,1
852,371,1
853,371,1
854,370,1
855,370,1
856,369,1
857,369,1
857,368,1
858,368,1
859,367,1
860,367,1
861,366,1
862,366,1
863,365,1
864,365,1
865,365,1
866,364,1
867,364,1
868,364,1
869,363,1
870,363,1
871,363,1
872,363,1
873,363,1
874,363,1
874,364,1
875,364,1
876,364,1
877,365,1
878,365,1
878,366,1
879,367,1
879,368,1
880,368,1
880,369,1
880,370,1
881,370,1
881,371,1
881,372,1
881,373,1
882,374,1
882,375,1
882,376,1
882,377,1
882,378,1
882,379,1
883,380,1
883,381,1
883,382,1
883,383,1
883,384,1
883,385,1
883,386,1
883,387,1
883,388,1
884,389,1
884,390,1
884,391,1
884,392,1
884,393,1
884,394,1
884,395,1
884,396,1
884,397,1
884,398,1
884,399,1
885,400,1
885,401,1
885,402,1
885,403,1
885,404,1
885,405,1
885,406,1
885,407,1
885,408,1
885,409,1
886,410,1
886,411,1
886,412,1
886,413,1
886,414,1
886,415,1
886,416,1
887,417,1
887,418,1
887,419,1
887,420,1
888,421,1
888,422,1
889,422,1
890,421,1
982,385,0
1070,352,1
1071,352,1
1072,352,1
1073,352,1
1074,352,1
1075,352,1
1076,352,1
1077,352,1
1078,352,1
1079,351,1
1080,351,1
1081,351,1
1082,351,1
1083,351,1
1084,351,1
1085,350,1
1086,350,1
1087,350,1
1088,350,1
1089,350,1
1090,350,1
1091,350,1
1092,349,1
1093,349,1
1094,349,1
1095,349,1
1096,349,1
1097,349,1
1098,348,1
1099,348,1
1100,348,1
1101,348,1
1102,348,1
1103,348,1
1104,348,1
1105,348,1
1116,363,0
1136,370,1
1136,371,1
1136,372,1
1136,373,1
1136,374,1
1136,375,1
1136,376,1
1135,377,1
1135,378,1
1135,379,1
1135,380,1
1135,381,1
1135,382,1
1135,383,1
1135,384,1
1135,385,1
1135,386,1
1135,387,1
1134,388,1
1134,389,1
1134,390,1
1134,391,1
1134,392,1
1134,393,1
1134,394,1
1134,395,1
1134,396,1
1134,397,1
1134,398,1
1134,399,1
1134,400,1
1134,401,1
1134,402,1
1134,403,1
1134,404,1
1134,405,1
1134,406,1
1134,407,1
1134,408,1
1133,408,1
1133,409,1
1133,408,1
1133,407,1
1138,333,0
1141,270,1
1141,269,1
1141,268,1
1142,267,1
1142,266,1
1143,265,1
1143,264,1
1143,263,1
1143,262,1
1144,261,1
1144,260,1
1145,260,1
1145,259,1
1145,258,1
1146,257,1
1146,256,1
1147,255,1
1147,254,1
1148,253,1
1148,252,1
1149,252,1
1149,251,1
1150,250,1
1150,249,1
1151,248,1
1152,247,1
1152,246,1
1153,245,1
1153,244,1
1154,244,1
1154,243,1
1155,242,1
1155,241,1
1156,240,1
1157,240,1
1157,239,1
1158,238,1
1159,237,1
1159,236,1
1160,235,1
1161,235,1
1161,234,1
1162,233,1
1163,232,1
1164,232,1
1164,231,1
1165,230,1
1166,230,1
1167,229,1
1167,228,1
1168,227,1
1169,227,1
1170,226,1
1171,226,1
1171,225,1
1172,224,1
1173,224,1
1174,223,1
1175,223,1
1176,223,1
1176,222,1
1177,222,1
1178,222,1
1179,221,1
1180,221,1
1181,221,1
1182,221,1
1183,221,1
1184,220,1
1185,220,1
1186,220,1
1187,220,1
1188,221,1
1189,221,1
1190,221,1
1191,221,1
1192,222,1
1193,222,1
1194,223,1
1195,223,1
1196,224,1
1197,225,1
1198,225,1
1198,226,1
1199,227,1
1200,227,1
1200,228,1
1201,229,1
1201,230,1
1202,230,1
1202,231,1
1203,232,1
1203,233,1
1204,234,1
1204,235,1
1205,236,1
1205,237,1
1206,238,1
1206,239,1
1207,240,1
1207,241,1
1207,242,1
1207,243,1
1208,244,1
1208,245,1
1208,246,1
1209,247,1
1209,248,1
1209,249,1
1210,250,1
1210,251,1
1210,252,1
1210,253,1
1210,254,1
1211,255,1
1211,256,1
1211,257,1
1211,258,1
1211,259,1
1212,260,1
1212,261,1
1212,262,1
1212,263,1
1213,264,1
1213,265,1
1213,266,1
1213,267,1
1213,268,1
1213,269,1
1214,270,1
1214,271,1
1214,272,1
1214,273,1
1214,274,1
1214,275,1
1214,276,1
1215,277,1
1215,278,1
1215,279,1
1215,280,1
1215,281,1
1215,282,1
1215,283,1
1215,284,1
1215,285,1
1215,286,1
1216,287,1
1216,288,1
1216,289,1
1216,290,1
1216,291,1
1216,292,1
1216,293,1
1216,294,1
1216,295,1
1216,296,1
1216,297,1
1217,298,1
1217,299,1
1217,300,1
1217,301,1
1217,302,1
1217,303,1
1217,304,1
1217,305,1
1217,306,1
1217,307,1
1217,308,1
1217,309,1
1217,310,1
1217,311,1
1217,312,1
1218,313,1
1218,314,1
1218,315,1
1218,316,1
1218,317,1
1218,318,1
1218,319,1
1218,320,1
1218,321,1
1218,322,1
1218,323,1
1218,324,1
1218,325,1
1218,326,1
1218,327,1
1218,328,1
1218,329,1
1218,330,1
1218,331,1
1218,332,1
1218,333,1
1218,334,1
1218,335,1
1218,336,1
1218,337,1
1218,338,1
1218,339,1
1218,340,1
1218,341,1
1218,342,1
1218,343,1
1218,344,1
1218,345,1
1218,346,1
1218,347,1
1218,348,1
1218,349,1
1218,350,1
1218,351,1
1218,352,1
1218,353,1
1218,354,1
1218,355,1
1218,356,1
1218,357,1
1218,358,1
1218,359,1
1218,360,1
1218,361,1
1218,362,1
1218,363,1
1218,364,1
1218,365,1
1218,366,1
1218,367,1
1218,368,1
1218,369,1
1218,370,1
1218,371,1
1218,372,1
1218,373,1
1218,374,1
1218,375,1
1218,376,1
1218,377,1
1218,378,1
1218,379,1
1218,380,1
1218,381,1
1218,382,1
1217,383,1
1217,384,1
1217,385,1
1217,386,1
1217,387,1
1217,388,1
1217,389,1
1217,390,1
1217,391,1
1217,392,1
1217,393,1
1217,394,1
1217,395,1
1217,396,1
1217,397,1
1217,398,1
1217,399,1
1216,400,1
1216,401,1
1216,402,1
1216,403,1
1216,404,1
1216,405,1
1216,406,1
1216,407,1
1217,408,1
1217,409,1
1217,410,1
1217,411,1
1217,412,1
1217,413,1
1217,414,1
1217,415,1
1217,416,1
1217,417,1
1218,417,1
1218,418,1
1219,418,1
1219,417,1
1220,416,1
1220,415,1
1261,395,0
1313,370,1
1312,370,1
1311,371,1
1310,371,1
1309,372,1
1308,372,1
1307,373,1
1306,373,1
1305,373,1
1304,374,1
1303,374,1
1302,374,1
1301,374,1
1300,375,1
1299,375,1
1298,375,1
1297,375,1
1296,376,1
1295,376,1
1294,376,1
1293,376,1
1292,376,1
1291,376,1
1290,377,1
1289,377,1
1288,377,1
1287,377,1
1286,377,1
1285,377,1
1284,377,1
1283,377,1
1282,377,1
1281,377,1
1280,377,1
1279,377,1
1278,377,1
1277,377,1
1276,376,1
1275,376,1
1274,375,1
1273,375,1
1272,375,1
1272,374,1
1271,374,1
1270,373,1
1269,372,1
1268,371,1
1268,370,1
1267,369,1
1267,368,1
1267,367,1
1266,366,1
1267,365,1
1267,364,1
1267,363,1
1268,362,1
1268,361,1
1269,360,1
1269,359,1
1270,359,1
1270,358,1
1271,358,1
1272,357,1
1273,357,1
1273,356,1
1274,356,1
1275,356,1
1276,355,1
1277,355,1
1278,355,1
1279,355,1
1280,354,1
1281,354,1
1282,354,1
1283,354,1
1284,354,1
1285,354,1
1286,354,1
1287,354,1
1288,354,1
1289,354,1
1290,355,1
1291,355,1
1292,355,1
1293,355,1
1294,355,1
1295,356,1
1296,356,1
1297,357,1
1298,357,1
1299,358,1
1300,358,1
1301,359,1
1302,360,1
1303,360,1
1304,361,1
1305,361,1
1305,362,1
1306,362,1
1307,363,1
1308,364,1
1309,364,1
1309,365,1
1310,366,1
1311,366,1
1311,367,1
1312,368,1
1313,368,1
1313,369,1
1314,370,1
1315,371,1
1316,372,1
1317,373,1
1317,374,1
1318,375,1
1319,376,1
1320,377,1
1320,378,1
1321,379,1
1321,380,1
1322,380,1
1322,381,1
1323,382,1
1323,383,1
1324,384,1
1324,385,1
1325,386,1
1325,387,1
1326,387,1
1327,388,1
1327,389,1
1328,390,1
1328,391,1
1329,392,1
1329,393,1
1330,394,1
1330,395,1
1331,396,1
1331,397,1
1332,397,1
1332,398,1
1333,399,1
1334,400,1
1334,401,1
1335,402,1
1335,403,1
1336,404,1
1337,405,1
1338,406,1
1339,407,1
1339,408,1
1340,409,1
1341,410,1
1341,411,1
1342,411,1
1343,412,1
1344,413,1
1344,414,1
1345,414,1
1346,415,1
1347,416,1
1348,417,1
1349,418,1
1350,418,1
1351,419,1
1351,420,1
1352,420,1
1353,421,1
1354,421,1
1355,422,1
1356,423,1
1357,424,1
1358,424,1
1359,425,1
1360,425,1
1361,425,1
1362,426,1
1363,427,1
1364,427,1
1365,427,1
1366,427,1
1367,428,1
1368,428,1
1369,428,1
1369,429,1
1370,429,1
1371,429,1
1372,429,1
1373,429,1
1374,430,1
1375,430,1
1376,430,1
1377,430,1
1378,430,1
1379,430,1
1380,430,1
1381,430,1
1382,430,1
1383,430,1
1384,430,1
1385,430,1
1386,430,1
1387,430,1
1388,430,1
1389,430,1
1390,430,1
1391,429,1
1392,429,1
1393,428,1
1394,427,1
1408,385,0
1428,331,1
1428,332,1
1428,333,1
1428,334,1
1428,335,1
1428,336,1
1428,337,1
1428,338,1
1428,339,1
1428,340,1
1428,341,1
1428,342,1
1428,343,1
1428,344,1
1428,345,1
1428,346,1
1428,347,1
1428,348,1
1428,349,1
1428,350,1
1428,351,1
1428,352,1
1428,353,1
1428,354,1
1428,355,1
1428,356,1
1428,357,1
1428,358,1
1428,359,1
1428,360,1
1428,361,1
1428,362,1
1428,363,1
1428,364,1
1428,365,1
1428,366,1
1428,367,1
1428,368,1
1428,369,1
1428,370,1
1428,371,1
1428,372,1
1428,373,1
1428,374,1
1428,375,1
1428,376,1
1428,377,1
1428,378,1
1428,379,1
1428,380,1
1428,381,1
1428,382,1
1428,383,1
1428,384,1
1428,385,1
1428,386,1
1428,387,1
1428,388,1
1428,389,1
1428,390,1
1428,391,1
1428,392,1
1428,393,1
1428,394,1
1428,395,1
1428,396,1
1427,397,1
1427,396,1
1427,395,1
1426,394,1
1426,393,1
1061,348,0
687,302,1
688,302,1
689,302,1
690,302,1
691,301,1
692,301,1
693,301,1
694,301,1
695,301,1
696,301,1
697,300,1
698,300,1
699,300,1
700,300,1
701,300,1
702,300,1
703,299,1
704,299,1
705,299,1
706,299,1
707,299,1
708,299,1
709,299,1
710,298,1
711,298,1
712,298,1
713,298,1
714,298,1
715,298,1
716,298,1
717,298,1
718,297,1
719,297,1
720,297,1
721,297,1
722,297,1
723,297,1
724,297,1
725,296,1
726,296,1
727,296,1
728,296,1
729,296,1
730,296,1
731,296,1
732,295,1
733,295,1
734,295,1
735,295,1
736,295,1
737,295,1
738,295,1
739,295,1
740,294,1
741,294,1
742,294,1
743,294,1
744,294,1
745,294,1
746,294,1
747,293,1
748,293,1
749,293,1
750,293,1
751,293,1
752,293,1
753,293,1
754,293,1
755,293,1
756,292,1
757,292,1
758,292,1
759,292,1
760,292,1
761,292,1
762,292,1
763,292,1
764,292,1
765,292,1
766,291,1
767,291,1
768,291,1
769,291,1
770,291,1
771,291,1
772,291,1
773,291,1
774,291,1
775,291,1
776,290,1
777,290,1
778,290,1
779,290,1
780,290,1
781,290,1
782,290,1
783,290,1
784,290,1
785,290,1
786,290,1
787,290,1
788,290,1
789,289,1
790,289,1
791,289,1
792,289,1
793,289,1
794,289,1
795,289,1
796,289,1
797,289,1
798,289,1
799,289,1
800,289,1
801,288,1
802,288,1
803,288,1
804,288,1
805,288,1
806,288,1
807,288,1
808,288,1
809,288,1
810,287,1
811,287,1
812,287,1
813,287,1
814,287,1
815,287,1
816,287,1
817,287,1
818,286,1
819,286,1
820,286,1
821,286,1
822,286,1
823,286,1
824,286,1
825,286,1
826,285,1
827,285,1
828,285,1
829,285,1
830,285,1
831,285,1
832,285,1
833,285,1
834,285,1
835,285,1
836,285,1
837,284,1
838,284,1
839,284,1
840,284,1
841,284,1
842,284,1
843,284,1
844,284,1
845,284,1
846,284,1
847,284,1
848,283,1
849,283,1
850,283,1
851,283,1
852,283,1
853,283,1
854,283,1
855,283,1
856,283,1
857,283,1
858,283,1
859,283,1
860,283,1
861,282,1
862,282,1
863,282,1
864,282,1
865,282,1
866,282,1
867,282,1
868,282,1
869,281,1
870,281,1
871,281,1
872,281,1
873,281,1
874,281,1
875,281,1
876,281,1
877,281,1
878,281,1
879,281,1
880,281,1
881,281,1
882,281,1
883,281,1
884,281,1
885,280,1
886,280,1
887,280,1
888,280,1
889,280,1
890,280,1
891,280,1
892,280,1
893,280,1
894,280,1
895,280,1
896,280,1
897,280,1
898,280,1
899,280,1
900,280,1
901,280,1
902,280,1
903,280,1
904,280,1
905,280,1
906,280,1
907,280,1
908,279,1
909,279,1
910,279,1
911,279,1
912,279,1
913,279,1
914,279,1
915,279,1
916,279,1
917,279,1
918,279,1
919,279,1
920,279,1
921,279,1
922,279,1
923,279,1
924,279,1
925,279,1
926,279,1
927,278,1
928,278,1
929,278,1
930,278,1
931,278,1
932,278,1
933,278,1
934,278,1
935,278,1
936,278,1
937,278,1
938,278,1
939,278,1
940,278,1
941,278,1
942,277,1
943,277,1
944,277,1
945,277,1
946,277,1
947,277,1
948,277,1
949,277,1
950,277,1
951,276,1
952,276,1
953,276,1
954,276,1
955,276,1
956,276,1
957,276,1
958,276,1
959,276,1
960,276,1
961,276,1
962,276,1
963,276,1
964,276,1
965,275,1
966,275,1
967,275,1
968,275,1
969,275,1
970,275,1
971,275,1
972,275,1
973,275,1
974,275,1
975,275,1
976,275,1
977,275,1
978,275,1
979,275,1
980,275,1
981,275,1
982,274,1
983,274,1
984,274,1
985,274,1
986,274,1
987,274,1
988,274,1
989,274,1
990,274,1
991,274,1
992,274,1
993,274,1
994,274,1
995,274,1
996,274,1
997,274,1
998,274,1
999,274,1
1000,273,1
1001,273,1
1002,273,1
1003,273,1
1004,273,1
1005,273,1
1006,273,1
1007,273,1
1008,273,1
1009,273,1
1010,273,1
1011,273,1
1012,273,1
1013,273,1
1014,273,1
1015,273,1
1016,272,1
1017,272,1
1018,272,1
1019,272,1
1020,272,1
1021,272,1
1022,272,1
1023,272,1
1024,272,1
1025,272,1
1026,272,1
1027,272,1
1028,272,1
1029,272,1
1030,272,1
1031,271,1
1032,271,1
1033,271,1
1034,271,1
1035,271,1
1036,271,1
1037,271,1
1038,271,1
1039,271,1
1040,271,1
1041,271,1
1042,271,1
1043,271,1
1044,271,1
1045,271,1
1046,271,1
1047,270,1
1048,270,1
1049,270,1
1050,270,1
1051,270,1
1052,270,1
1053,270,1
1054,270,1
1055,270,1
1056,270,1
1057,270,1
1058,270,1
1059,270,1
1060,270,1
1061,270,1
1062,270,1
1063,270,1
1064,270,1
1065,270,1
1066,270,1
1067,270,1
1068,270,1
1069,270,1
1070,269,1
1071,269,1
1072,269,1
1073,269,1
1074,269,1
1075,269,1
1076,269,1
1077,269,1
1078,269,1
1079,269,1
1080,269,1
1081,269,1
1082,269,1
1083,269,1
1084,269,1
1085,269,1
1086,269,1
1087,269,1
1088,269,1
1089,269,1
1090,269,1
1091,269,1
1092,269,1
1093,269,1
1094,269,1
1095,269,1
1096,269,1
1097,269,1
1098,269,1
1099,269,1
1100,269,1
1101,269,1
1102,269,1
1103,269,1
1104,268,1
1105,268,1
1106,268,1
1107,268,1
1108,268,1
1109,268,1
1110,268,1
1111,268,1
1112,268,1
1113,268,1
1114,268,1
1115,268,1
1116,268,1
1117,268,1
1118,268,1
1119,268,1
1120,268,1
1121,267,1
1122,267,1
1123,267,1
1124,267,1
1125,267,1
1126,267,1
1127,267,1
1128,267,1
1129,267,1
1130,267,1
1131,267,1
1132,267,1
1133,267,1
1134,267,1
1135,267,1
1136,267,1
1137,267,1
1138,267,1
1139,267,1
1140,267,1
1141,267,1
1142,267,1
1143,267,1
1144,267,1
1145,267,1
1146,267,1
1147,267,1
1148,267,1
1149,267,1
1150,267,1
1151,267,1
1152,267,1
1153,267,1
1154,267,1
1155,267,1
1156,267,1
1157,267,1
1158,267,1
1159,267,1
1160,267,1
1161,267,1
1162,267,1
1163,267,1
1164,267,1
1165,267,1
1166,267,1
1167,267,1
1168,267,1
1169,267,1
1170,267,1
1171,267,1
1172,267,1
1173,267,1
1174,267,1
1175,267,1
1176,267,1
1177,267,1
1178,267,1
1179,267,1
1180,267,1
1181,267,1
1182,267,1
1183,267,1
1184,267,1
1185,267,1
1186,267,1
1187,267,1
1188,267,1
1189,267,1
1190,267,1
1191,267,1
1192,267,1
1193,267,1
1194,267,1
1195,267,1
1196,267,1
1197,267,1
1198,267,1
1199,267,1
1200,267,1
1201,267,1
1202,267,1
1203,267,1
1204,267,1
1205,267,1
1206,267,1
1207,266,1
1208,266,1
1209,266,1
1210,266,1
1211,266,1
1212,266,1
1213,266,1
1214,266,1
1215,266,1
1216,266,1
1217,266,1
1218,266,1
1219,266,1
1220,266,1
1221,266,1
1222,266,1
1223,266,1
1224,266,1
1225,266,1
1226,266,1
1227,266,1
1228,266,1
1229,266,1
1230,266,1
1231,266,1
1232,266,1
1233,266,1
1234,265,1
1235,265,1
1236,265,1
1237,265,1
1238,265,1
1239,265,1
1240,265,1
1241,265,1
1242,265,1
1243,265,1
1244,265,1
1245,265,1
1246,265,1
1247,265,1
1248,265,1
1249,265,1
1250,265,1
1251,264,1
1252,264,1
1253,264,1
1254,264,1
1255,264,1
1256,264,1
1257,264,1
1258,264,1
1259,264,1
1260,264,1
1261,264,1
1262,264,1
1263,264,1
1264,264,1
1265,264,1
1266,264,1
1267,264,1
1268,264,1
1269,264,1
1270,263,1
1271,263,1
1272,263,1
1273,263,1
1274,263,1
1275,263,1
1276,263,1
1277,263,1
1278,263,1
1279,263,1
1280,263,1
1281,263,1
1282,263,1
1283,263,1
1284,263,1
1285,263,1
1286,263,1
1287,262,1
1288,262,1
1289,262,1
1290,262,1
1291,262,1
1292,262,1
1293,262,1
1294,262,1
1295,262,1
1296,262,1
1297,262,1
1298,262,1
1299,262,1
1300,262,1
1301,262,1
1302,262,1
1303,262,1
1304,262,1
1305,262,1
1306,262,1
1307,262,1
1308,262,1
1309,262,1
1310,262,1
1311,262,1
1312,262,1
1313,262,1
1314,262,1
1315,262,1
1316,262,1
1317,262,1
1318,262,1
1319,262,1
1320,262,1
1321,262,1
1322,262,1
1323,262,1
1324,262,1
1325,262,1
1326,262,1
1327,262,1
1328,262,1
1329,262,1
1330,262,1
1331,262,1
1332,262,1
1333,262,1
1334,262,1
1335,262,1
1336,262,1
1337,262,1
1338,262,1
1339,262,1
1340,262,1
1341,262,1
1342,262,1
1343,262,1
1344,262,1
1345,262,1
1346,262,1
1347,262,1
1348,262,1
1349,262,1
1350,262,1
1351,262,1
1352,262,1
1353,262,1
1354,262,1
1355,262,1
1356,262,1
1357,262,1
1358,262,1
1359,262,1
1360,262,1
1361,262,1
1362,262,1
1363,262,1
1364,262,1
1365,262,1
1366,262,1
1367,262,1
1368,262,1
1369,262,1
1370,262,1
1371,262,1
1372,262,1
1373,262,1
1374,262,1
1375,262,1
1376,262,1
1377,262,1
1378,262,1
1379,262,1
1380,262,1
1381,262,1
1382,262,1
1383,262,1
1384,262,1
1385,262,1
1386,262,1
1387,262,1
1388,262,1
1389,262,1
1390,262,1
1391,262,1
1392,262,1
1393,262,1
1394,262,1
1395,262,1
1396,262,1
1397,262,1
1398,263,1
1399,263,1
1400,263,1
1401,263,1
1402,263,1
1403,263,1
1404,263,1
1405,263,1
1406,263,1
1407,263,1
1408,263,1
1409,263,1
1410,263,1
1411,263,1
1412,263,1
1413,263,1
1414,263,1
1415,264,1
1416,264,1
1417,264,1
1418,264,1
1419,264,1
1420,264,1
1421,264,1
1422,264,1
1423,264,1
1424,264,1
1425,264,1
1426,264,1
1427,264,1
1428,264,1
1429,264,1
1430,264,1
1431,265,1
1432,265,1
1433,265,1
1434,265,1
1435,265,1
1436,265,1
1437,265,1
1438,265,1
1439,265,1
1440,265,1
1441,265,1
1442,265,1
1443,265,1
1444,265,1
1445,265,1
1446,266,1
1447,266,1
1448,266,1
1449,266,1
1450,266,1
1451,266,1
1452,266,1
1453,266,1
1454,266,1
1455,266,1
1456,266,1
1457,266,1
1458,266,1
1459,266,1
1460,266,1
1461,266,1
1461,266,0
