824,613,1
836,659,1
836,660,1
835,661,1
835,662,1
835,663,1
834,664,1
834,665,1
834,666,1
834,667,1
833,668,1
833,669,1
833,670,1
832,670,1
832,671,1
832,672,1
831,673,1
831,674,1
831,675,1
830,676,1
830,677,1
830,678,1
829,678,1
829,679,1
828,680,1
828,681,1
828,682,1
827,683,1
827,684,1
826,684,1
826,685,1
825,686,1
825,687,1
824,688,1
823,689,1
823,690,1
822,691,1
822,692,1
821,692,1
821,693,1
820,694,1
819,695,1
818,696,1
817,697,1
817,698,1
816,698,1
816,699,1
815,700,1
814,700,1
814,701,1
813,702,1
812,703,1
811,703,1
811,704,1
810,704,1
809,705,1
809,706,1
808,706,1
807,707,1
806,708,1
805,709,1
804,709,1
804,710,1
803,711,1
802,711,1
801,712,1
801,713,1
800,713,1
799,714,1
799,715,1
798,715,1
798,716,1
797,717,1
796,718,1
795,719,1
794,720,1
794,721,1
793,722,1
793,723,1
792,724,1
792,725,1
791,726,1
791,727,1
790,728,1
790,729,1
790,730,1
790,731,1
790,732,1
790,733,1
789,733,1
789,734,1
789,735,1
789,736,1
790,736,1
790,737,1
790,738,1
790,739,1
790,740,1
790,741,1
790,742,1
791,743,1
791,744,1
791,745,1
791,746,1
792,747,1
792,748,1
792,749,1
793,749,1
793,750,1
793,751,1
794,752,1
794,753,1
794,754,1
795,755,1
795,756,1
795,757,1
796,757,1
796,758,1
796,759,1
797,760,1
797,761,1
797,762,1
798,763,1
798,764,1
799,765,1
799,766,1
799,767,1
799,768,1
800,769,1
800,770,1
800,771,1
801,772,1
801,773,1
801,774,1
801,775,1
802,776,1
802,777,1
802,778,1
802,779,1
803,780,1
803,781,1
803,782,1
803,783,1
803,784,1
804,785,1
804,786,1
804,787,1
804,788,1
804,789,1
805,790,1
805,791,1
805,792,1
805,793,1
805,794,1
805,795,1
806,796,1
806,797,1
806,798,1
806,799,1
806,800,1
806,801,1
807,802,1
807,803,1
807,804,1
807,805,1
807,806,1
807,807,1
807,808,1
808,809,1
808,810,1
808,811,1
808,812,1
808,813,1
808,814,1
808,815,1
809,816,1
809,817,1
809,818,1
809,819,1
809,820,1
809,821,1
809,822,1
810,823,1
810,824,1
810,825,1
810,826,1
810,827,1
810,828,1
810,829,1
811,830,1
811,831,1
811,832,1
811,833,1
811,834,1
811,835,1
811,836,1
811,837,1
811,838,1
811,839,1
812,839,1
812,840,1
812,841,1
812,842,1
812,843,1
812,844,1
813,845,1
813,846,1
813,847,1
813,848,1
813,849,1
813,850,1
814,850,1
814,851,1
814,852,1
814,853,1
814,854,1
814,855,1
814,856,1
815,857,1
815,858,1
815,859,1
815,860,1
815,861,1
815,862,1
815,863,1
816,864,1
816,865,1
816,866,1
817,866,1
817,867,1
817,868,1
818,868,1
916,742,1
916,743,1
916,744,1
916,745,1
916,746,1
916,747,1
916,748,1
916,749,1
916,750,1
916,751,1
916,752,1
916,753,1
916,754,1
916,755,1
916,756,1
916,757,1
916,758,1
916,759,1
916,760,1
916,761,1
916,762,1
916,763,1
916,764,1
916,765,1
916,766,1
916,767,1
916,768,1
916,769,1
916,770,1
916,771,1
916,772,1
916,773,1
916,774,1
916,775,1
916,776,1
916,777,1
916,778,1
916,779,1
915,780,1
915,781,1
915,782,1
915,783,1
915,784,1
915,785,1
915,786,1
915,787,1
915,788,1
915,789,1
914,790,1
914,791,1
914,792,1
914,793,1
914,794,1
914,795,1
914,796,1
914,797,1
914,798,1
913,798,1
913,799,1
913,800,1
912,801,1
911,800,1
911,799,1
911,798,1
911,797,1
918,701,0
921,592,1
921,593,1
921,594,1
921,595,1
921,596,1
921,597,1
921,598,1
921,599,1
922,600,1
922,601,1
922,602,1
922,603,1
923,604,1
923,605,1
923,606,1
923,607,1
923,608,1
923,609,1
923,610,1
923,611,1
923,612,1
923,613,1
923,614,1
923,615,1
923,616,1
923,617,1
924,617,1
924,618,1
924,619,1
924,620,1
924,621,1
924,622,1
924,623,1
924,624,1
924,625,1
924,626,1
924,627,1
925,628,1
925,629,1
925,630,1
925,631,1
925,632,1
925,633,1
925,634,1
925,635,1
925,636,1
925,637,1
925,638,1
925,639,1
925,640,1
925,641,1
925,642,1
925,643,1
925,644,1
925,645,1
925,646,1
925,647,1
926,648,1
926,649,1
926,650,1
926,651,1
926,652,1
926,653,1
926,654,1
926,655,1
926,656,1
926,657,1
926,658,1
926,659,1
926,660,1
926,661,1
926,662,1
926,663,1
926,664,1
926,665,1
927,665,1
927,666,1
927,667,1
927,668,1
928,668,1
929,668,1
978,694,0
1039,724,1
1038,725,1
1037,725,1
1036,726,1
1035,727,1
1035,728,1
1034,728,1
1033,729,1
1032,730,1
1031,730,1
1030,731,1
1029,731,1
1028,732,1
1028,733,1
1027,734,1
1027,735,1
1028,736,1
1027,737,1
1027,738,1
1027,739,1
1027,740,1
1027,741,1
1027,742,1
1027,743,1
1027,744,1
1028,745,1
1028,746,1
1028,747,1
1028,748,1
1029,749,1
1029,750,1
1030,751,1
1030,752,1
1031,753,1
1031,754,1
1031,755,1
1032,755,1
1032,756,1
1033,757,1
1033,758,1
1033,759,1
1034,760,1
1034,761,1
1035,762,1
1035,763,1
1035,764,1
1036,764,1
1036,765,1
1037,766,1
1037,767,1
1037,768,1
1038,768,1
1038,769,1
1038,770,1
1039,771,1
1039,772,1
1040,773,1
1040,774,1
1040,775,1
1041,776,1
1041,777,1
1042,777,1
1042,778,1
1042,779,1
1042,780,1
1043,781,1
1043,782,1
1044,783,1
1044,784,1
1044,785,1
1045,786,1
1045,787,1
1046,788,1
1046,789,1
1046,790,1
1047,791,1
1047,792,1
1048,793,1
1048,794,1
1048,795,1
1049,796,1
1050,797,1
1050,798,1
1051,799,1
1051,800,1
1052,801,1
1052,802,1
1053,803,1
1053,804,1
1054,805,1
1054,806,1
1055,807,1
1055,808,1
1056,808,1
1056,809,1
1056,810,1
1057,810,1
1057,811,1
1058,811,1
1058,812,1
1059,812,1
1060,812,1
1061,812,1
1062,811,1
1063,810,1
1063,809,1
1063,808,1
1101,769,0
1147,716,1
1147,717,1
1147,718,1
1147,719,1
1147,720,1
1147,721,1
1147,722,1
1147,723,1
1146,724,1
1146,725,1
1146,726,1
1146,727,1
1146,728,1
1146,729,1
1146,730,1
1146,731,1
1146,732,1
1146,733,1
1145,734,1
1145,735,1
1145,736,1
1145,737,1
1145,738,1
1145,739,1
1145,740,1
1145,741,1
1144,742,1
1144,743,1
1144,744,1
1144,745,1
1144,746,1
1144,747,1
1144,748,1
1143,749,1
1143,750,1
1143,751,1
1143,752,1
1143,753,1
1143,754,1
1143,755,1
1143,756,1
1142,757,1
1142,758,1
1142,759,1
1142,760,1
1142,761,1
1142,762,1
1142,763,1
1141,764,1
1141,765,1
1141,766,1
1141,767,1
1141,768,1
1141,769,1
1140,770,1
1140,771,1
1140,772,1
1140,773,1
1140,774,1
1139,775,1
1139,776,1
1139,777,1
1139,778,1
1139,779,1
1139,780,1
1138,780,1
1138,781,1
1138,782,1
1138,783,1
1138,784,1
1138,785,1
1138,786,1
1137,787,1
1137,788,1
1137,789,1
1137,790,1
1136,790,1
1136,791,1
1136,792,1
1135,792,1
1134,792,1
1232,734,0
1316,687,1
1317,687,1
1318,687,1
1319,687,1
1320,687,1
1321,687,1
1322,686,1
1323,686,1
1324,685,1
1325,685,1
1326,685,1
1327,684,1
1328,683,1
1329,683,1
1330,683,1
1331,682,1
1332,681,1
1333,681,1
1334,681,1
1334,680,1
1335,679,1
1336,679,1
1337,678,1
1337,677,1
1337,676,1
1338,675,1
1343,699,0
1358,703,1
1358,704,1
1358,705,1
1358,706,1
1358,707,1
1358,708,1
1358,709,1
1357,710,1
1357,711,1
1357,712,1
1357,713,1
1357,714,1
1356,715,1
1356,716,1
1356,717,1
1356,718,1
1356,719,1
1356,720,1
1356,721,1
1356,722,1
1355,723,1
1355,724,1
1355,725,1
1355,726,1
1355,727,1
1355,728,1
1355,729,1
1354,730,1
1354,731,1
1354,732,1
1354,733,1
1354,734,1
1354,735,1
1354,736,1
1353,736,1
1353,737,1
1353,738,1
1353,739,1
1353,740,1
1353,741,1
1352,742,1
1352,743,1
1352,744,1
1352,745,1
1352,746,1
1352,747,1
1351,748,1
1351,749,1
1351,750,1
1351,751,1
1351,752,1
1351,753,1
1350,754,1
1350,755,1
1350,756,1
1350,757,1
1350,758,1
1349,759,1
1349,760,1
1349,761,1
1349,762,1
1348,763,1
1348,764,1
1348,765,1
1348,766,1
1348,767,1
1347,768,1
1347,769,1
1347,770,1
1347,771,1
1346,772,1
1346,773,1
1345,774,1
1345,775,1
1345,776,1
1345,777,1
1345,778,1
1344,779,1
1344,780,1
1344,781,1
1344,782,1
1343,783,1
1343,784,1
1343,785,1
1343,786,1
1342,786,1
1342,787,1
1342,788,1
1341,789,1
1341,790,1
1341,791,1
1340,791,1
1340,792,1
1339,792,1
1338,792,1
1338,791,1
1338,790,1
1337,790,1
1139,706,0
924,624,1
925,624,1
926,624,1
927,624,1
928,624,1
929,624,1
930,624,1
931,624,1
932,624,1
933,624,1
934,624,1
935,624,1
936,624,1
937,624,1
938,624,1
939,624,1
940,624,1
941,624,1
942,624,1
943,624,1
944,624,1
945,624,1
946,624,1
947,624,1
948,624,1
949,624,1
950,624,1
951,624,1
952,624,1
953,624,1
954,624,1
955,624,1
956,624,1
957,624,1
958,624,1
959,624,1
960,624,1
961,624,1
962,624,1
963,624,1
964,624,1
965,624,1
966,624,1
967,624,1
968,624,1
969,624,1
970,624,1
971,624,1
972,624,1
973,624,1
974,624,1
975,624,1
976,624,1
977,624,1
978,624,1
979,624,1
980,624,1
981,624,1
982,624,1
983,624,1
984,624,1
985,624,1
986,624,1
987,624,1
988,624,1
989,624,1
990,624,1
991,624,1
992,624,1
993,624,1
994,624,1
995,624,1
996,624,1
997,624,1
998,624,1
999,624,1
1000,624,1
1001,624,1
1002,624,1
1003,624,1
1004,624,1
1005,624,1
1006,624,1
1007,624,1
1008,624,1
1009,624,1
1010,624,1
1011,624,1
1012,624,1
1013,624,1
1014,624,1
1015,624,1
1016,624,1
1017,624,1
1018,624,1
1019,624,1
1020,624,1
1021,624,1
1022,624,1
1023,624,1
1024,624,1
1025,624,1
1026,624,1
1027,624,1
1028,624,1
1029,624,1
1030,624,1
1031,624,1
1032,624,1
1033,624,1
1034,624,1
1035,624,1
1036,624,1
1037,624,1
1038,624,1
1039,624,1
1040,624,1
1041,624,1
1042,624,1
1043,624,1
1044,624,1
1045,624,1
1046,624,1
1047,623,1
1048,623,1
1049,623,1
1050,623,1
1051,623,1
1052,623,1
1053,623,1
1054,623,1
1055,623,1
1056,623,1
1057,623,1
1058,623,1
1059,623,1
1060,623,1
1061,623,1
1062,623,1
1063,623,1
1064,623,1
1065,622,1
1066,622,1
1067,622,1
1068,622,1
1069,622,1
1070,622,1
1071,622,1
1072,622,1
1073,622,1
1074,622,1
1075,622,1
1076,622,1
1077,622,1
1078,622,1
1079,622,1
1080,622,1
1081,622,1
1082,622,1
1083,621,1
1084,621,1
1085,621,1
1086,621,1
1087,621,1
1088,621,1
1089,621,1
1090,621,1
1091,621,1
1092,621,1
1093,621,1
1094,621,1
1095,621,1
1096,621,1
1097,621,1
1098,621,1
1099,621,1
1100,621,1
1101,621,1
1102,621,1
1103,621,1
1104,621,1
1105,621,1
1106,621,1
1107,621,1
1108,621,1
1109,621,1
1110,621,1
1111,621,1
1112,621,1
1113,621,1
1114,621,1
1115,621,1
1116,621,1
1117,620,1
1118,620,1
1119,620,1
1120,620,1
1121,620,1
1122,620,1
1123,620,1
1124,620,1
1125,620,1
1126,620,1
1127,620,1
1128,620,1
1129,620,1
1130,620,1
1131,620,1
1132,620,1
1133,619,1
1134,619,1
1135,619,1
1136,619,1
1137,619,1
1138,619,1
1139,619,1
1140,619,1
1141,619,1
1142,619,1
1143,619,1
1144,619,1
1145,619,1
1146,619,1
1147,619,1
1148,619,1
1149,619,1
1150,618,1
1151,618,1
1152,618,1
1153,618,1
1154,618,1
1155,618,1
1156,618,1
1157,618,1
1158,618,1
1159,618,1
1160,618,1
1161,618,1
1162,618,1
1163,618,1
1164,618,1
1165,618,1
1166,618,1
1167,618,1
1168,618,1
1169,618,1
1170,618,1
1171,618,1
1172,618,1
1173,618,1
1174,618,1
1175,618,1
1176,618,1
1177,618,1
1178,617,1
1179,617,1
1180,617,1
1181,617,1
1182,617,1
1183,617,1
1184,617,1
1185,617,1
1186,617,1
1187,617,1
1188,617,1
1189,617,1
1190,617,1
1191,617,1
1192,617,1
1193,617,1
1194,617,1
1195,617,1
1196,617,1
1197,617,1
1198,617,1
1199,617,1
1200,617,1
1201,617,1
1202,617,1
1203,616,1
1204,616,1
1205,616,1
1206,616,1
1207,616,1
1208,616,1
1209,616,1
1210,616,1
1211,616,1
1212,616,1
1213,616,1
1214,616,1
1215,616,1
1216,616,1
1217,615,1
1218,615,1
1219,615,1
1220,615,1
1221,615,1
1222,615,1
1223,615,1
1224,615,1
1225,615,1
1226,615,1
1227,615,1
1228,615,1
1229,615,1
1230,615,1
1231,615,1
1232,615,1
1233,614,1
1234,614,1
1235,614,1
1236,614,1
1237,614,1
1238,614,1
1239,614,1
1240,614,1
1241,614,1
1242,614,1
1243,614,1
1244,614,1
1245,614,1
1246,614,1
1246,613,1
1247,613,1
1248,613,1
1249,613,1
1250,613,1
1251,613,1
1252,613,1
1253,613,1
1254,613,1
1255,613,1
1256,613,1
1257,612,1
1258,612,1
1259,612,1
1260,612,1
1261,612,1
1262,612,1
1263,612,1
1264,612,1
1265,612,1
1266,612,1
1267,612,1
1268,612,1
1269,612,1
1270,612,1
1271,611,1
1272,611,1
1273,611,1
1274,611,1
1275,611,1
1276,611,1
1277,611,1
1278,611,1
1279,611,1
1280,611,1
1281,611,1
1282,610,1
1283,610,1
1284,610,1
1285,610,1
1286,610,1
1287,610,1
1288,610,1
1289,610,1
1290,610,1
1291,609,1
1292,609,1
1293,609,1
1294,609,1
1295,609,1
1296,609,1
1297,609,1
1298,609,1
1299,608,1
1300,608,1
1301,608,1
1302,608,1
1303,608,1
1304,608,1
1305,608,1
1306,608,1
1307,607,1
1308,607,1
1309,607,1
1310,607,1
1311,607,1
1312,607,1
1313,607,1
1314,606,1
1315,606,1
1316,606,1
1317,606,1
1318,606,1
1319,606,1
1320,606,1
1321,606,1
1322,605,1
1323,605,1
1324,605,1
1325,605,1
1326,605,1
1327,605,1
1328,605,1
1329,605,1
1330,605,1
1331,604,1
1332,604,1
1333,604,1
1334,604,1
1335,604,1
1336,604,1
1337,604,1
1338,603,1
1339,603,1
1340,603,1
1341,603,1
1342,603,1
1343,603,1
1344,603,1
1345,603,1
1346,602,1
1347,602,1
1348,602,1
1349,602,1
1350,602,1
1351,602,1
1352,602,1
1353,601,1
1354,601,1
1355,601,1
1356,601,1
1357,601,1
1358,601,1
1359,601,1
1360,600,1
1361,600,1
1362,600,1
1363,600,1
1364,600,1
1365,600,1
1366,600,1
1367,600,1
1367,599,1
1368,599,1
1369,599,1
1370,599,1
1371,599,1
1372,599,1
1373,598,1
1374,598,1
1375,598,1
1376,598,1
1377,598,1
1378,598,1
1379,598,1
1380,597,1
1381,597,1
1382,597,1
1383,597,1
1384,597,1
1385,597,1
1386,597,1
1387,597,1
1388,596,1
1389,596,1
1390,596,1
1391,596,1
1392,596,1
1393,596,1
1394,595,1
1395,595,1
1396,595,1
1397,595,1
1398,595,1
1399,595,1
1400,595,1
1401,595,1
1402,595,1
1403,594,1
1404,594,1
1405,594,1
1406,594,1
1407,594,1
1408,594,1
1409,593,1
1410,594,1
1411,595,1
1411,595,0
