900,755,1
899,755,1
918,781,1
918,782,1
919,783,1
919,784,1
920,784,1
920,785,1
921,786,1
921,787,1
922,788,1
922,789,1
923,790,1
923,791,1
924,792,1
924,793,1
924,794,1
925,795,1
926,796,1
926,797,1
926,798,1
927,799,1
927,800,1
927,801,1
928,802,1
929,803,1
929,804,1
929,805,1
930,806,1
930,807,1
930,808,1
931,809,1
931,810,1
931,811,1
932,811,1
932,812,1
932,813,1
933,814,1
933,815,1
933,816,1
934,817,1
934,818,1
934,819,1
935,820,1
935,821,1
935,822,1
936,823,1
936,824,1
936,825,1
937,826,1
937,827,1
937,828,1
938,829,1
938,830,1
938,831,1
939,832,1
939,833,1
939,834,1
940,835,1
940,836,1
940,837,1
941,838,1
941,839,1
941,840,1
942,840,1
942,841,1
942,842,1
943,842,1
943,843,1
944,844,1
944,845,1
945,845,1
945,846,1
945,847,1
946,847,1
946,848,1
947,848,1
947,849,1
947,850,1
948,851,1
948,852,1
949,852,1
949,853,1
950,853,1
950,854,1
951,855,1
952,855,1
953,854,1
953,853,1
954,852,1
954,851,1
954,850,1
955,849,1
955,848,1
955,847,1
955,846,1
955,845,1
998,794,0
1045,718,1
1045,719,1
1045,720,1
1045,721,1
1045,722,1
1045,723,1
1045,724,1
1045,725,1
1045,726,1
1045,727,1
1046,728,1
1046,729,1
1046,730,1
1046,731,1
1046,732,1
1046,733,1
1046,734,1
1046,735,1
1046,736,1
1046,737,1
1046,738,1
1046,739,1
1046,740,1
1046,741,1
1046,742,1
1046,743,1
1046,744,1
1046,745,1
1046,746,1
1046,747,1
1046,748,1
1047,749,1
1047,750,1
1047,751,1
1047,752,1
1047,753,1
1047,754,1
1047,755,1
1047,756,1
1047,757,1
1047,758,1
1047,759,1
1047,760,1
1047,761,1
1047,762,1
1047,763,1
1047,764,1
1047,765,1
1047,766,1
1047,767,1
1047,768,1
1047,769,1
1047,770,1
1047,771,1
1047,772,1
1047,773,1
1047,774,1
1047,775,1
1047,776,1
1047,777,1
1047,778,1
1047,779,1
1047,780,1
1047,781,1
1047,782,1
1047,783,1
1047,784,1
1047,785,1
1046,786,1
1037,644,1
1037,645,1
1037,646,1
1037,647,1
1037,648,1
1037,649,1
1037,650,1
1037,651,1
1037,652,1
1038,653,1
1038,654,1
1038,655,1
1038,656,1
1038,657,1
1038,658,1
1038,659,1
1038,660,1
1038,661,1
1038,662,1
1038,663,1
1038,664,1
1039,665,1
1039,666,1
1039,667,1
1040,667,1
1040,668,1
1041,668,1
1042,668,1
1097,688,0
1166,713,1
1165,714,1
1164,715,1
1163,715,1
1163,716,1
1162,716,1
1161,717,1
1160,717,1
1159,718,1
1158,718,1
1158,719,1
1157,719,1
1156,719,1
1156,720,1
1156,721,1
1156,722,1
1156,723,1
1156,724,1
1156,725,1
1157,726,1
1157,727,1
1157,728,1
1158,729,1
1158,730,1
1158,731,1
1158,732,1
1158,733,1
1158,734,1
1159,735,1
1159,736,1
1159,737,1
1160,737,1
1160,738,1
1161,739,1
1161,740,1
1162,741,1
1162,742,1
1163,742,1
1163,743,1
1164,744,1
1164,745,1
1165,746,1
1165,747,1
1166,747,1
1166,748,1
1166,749,1
1167,749,1
1167,750,1
1168,751,1
1168,752,1
1169,752,1
1169,753,1
1170,754,1
1170,755,1
1171,756,1
1172,757,1
1172,758,1
1172,759,1
1173,760,1
1174,761,1
1174,762,1
1175,763,1
1175,764,1
1176,764,1
1176,765,1
1177,766,1
1177,767,1
1178,768,1
1179,769,1
1179,770,1
1180,771,1
1181,772,1
1181,773,1
1182,773,1
1182,774,1
1183,775,1
1183,776,1
1184,777,1
1184,778,1
1185,778,1
1185,779,1
1186,780,1
1186,781,1
1187,782,1
1187,783,1
1188,784,1
1189,785,1
1190,786,1
1190,787,1
1191,788,1
1191,789,1
1192,790,1
1193,791,1
1193,792,1
1194,793,1
1195,793,1
1195,794,1
1196,795,1
1197,796,1
1197,797,1
1198,797,1
1199,798,1
1200,799,1
1201,800,1
1202,801,1
1203,801,1
1203,802,1
1204,803,1
1205,804,1
1206,805,1
1206,806,1
1207,806,1
1207,807,1
1208,807,1
1209,808,1
1210,809,1
1211,809,1
1211,810,1
1212,810,1
1213,810,1
1214,810,1
1215,809,1
1216,809,1
1217,808,1
1217,807,1
1218,807,1
1218,806,1
1218,805,1
1219,804,1
1220,804,1
1220,803,1
1250,769,0
1289,713,1
1289,714,1
1289,715,1
1289,716,1
1289,717,1
1289,718,1
1289,719,1
1289,720,1
1289,721,1
1289,722,1
1289,723,1
1289,724,1
1289,725,1
1289,726,1
1289,727,1
1289,728,1
1289,729,1
1289,730,1
1289,731,1
1288,732,1
1288,733,1
1288,734,1
1288,735,1
1288,736,1
1288,737,1
1288,738,1
1288,739,1
1288,740,1
1288,741,1
1287,741,1
1287,742,1
1287,743,1
1287,744,1
1287,745,1
1287,746,1
1287,747,1
1287,748,1
1287,749,1
1286,750,1
1286,751,1
1286,752,1
1286,753,1
1286,754,1
1286,755,1
1286,756,1
1286,757,1
1286,758,1
1285,759,1
1285,760,1
1285,761,1
1285,762,1
1285,763,1
1285,764,1
1284,765,1
1284,766,1
1284,767,1
1284,768,1
1283,769,1
1283,770,1
1283,771,1
1283,772,1
1283,773,1
1283,774,1
1283,775,1
1282,776,1
1282,777,1
1282,778,1
1282,779,1
1282,780,1
1281,781,1
1281,782,1
1281,783,1
1281,784,1
1280,785,1
1280,786,1
1280,787,1
1279,788,1
1279,789,1
1278,789,1
1278,790,1
1277,790,1
1276,791,1
1276,790,1
1276,789,1
1375,706,0
1463,634,1
1464,634,1
1465,634,1
1466,633,1
1467,632,1
1468,631,1
1469,630,1
1470,629,1
1470,628,1
1470,627,1
1471,627,1
1472,626,1
1472,625,1
1473,624,1
1473,623,1
1473,622,1
1474,622,1
1474,621,1
1474,620,1
1474,619,1
1474,618,1
1491,640,0
1511,642,1
1511,643,1
1511,644,1
1511,645,1
1511,646,1
1511,647,1
1511,648,1
1511,649,1
1511,650,1
1511,651,1
1511,652,1
1511,653,1
1511,654,1
1511,655,1
1511,656,1
1511,657,1
1511,658,1
1511,659,1
1511,660,1
1511,661,1
1511,662,1
1511,663,1
1511,664,1
1511,665,1
1511,666,1
1511,667,1
1510,668,1
1510,669,1
1510,670,1
1510,671,1
1510,672,1
1510,673,1
1510,674,1
1510,675,1
1510,676,1
1510,677,1
1510,678,1
1510,679,1
1510,680,1
1510,681,1
1510,682,1
1510,683,1
1509,684,1
1509,685,1
1509,686,1
1509,687,1
1509,688,1
1509,689,1
1509,690,1
1509,691,1
1509,692,1
1509,693,1
1508,694,1
1508,695,1
1508,696,1
1508,697,1
1508,698,1
1508,699,1
1508,700,1
1508,701,1
1508,702,1
1507,703,1
1507,704,1
1507,705,1
1507,706,1
1507,707,1
1507,708,1
1507,709,1
1507,710,1
1506,711,1
1506,712,1
1506,713,1
1506,714,1
1506,715,1
1505,715,1
1505,716,1
1505,717,1
1505,718,1
1505,719,1
1505,720,1
1505,721,1
1505,722,1
1504,723,1
1504,724,1
1504,725,1
1504,726,1
1504,727,1
1503,728,1
1503,729,1
1503,730,1
1503,731,1
1503,732,1
1502,733,1
1502,734,1
1502,735,1
1502,736,1
1501,737,1
1501,738,1
1501,739,1
1500,739,1
1500,740,1
1499,740,1
1499,741,1
1498,740,1
1497,739,1
1260,691,0
1003,653,1
1004,653,1
1005,653,1
1006,653,1
1007,653,1
1008,653,1
1009,652,1
1010,652,1
1011,652,1
1012,651,1
1013,651,1
1014,651,1
1015,651,1
1016,651,1
1017,651,1
1018,651,1
1019,651,1
1020,650,1
1021,650,1
1022,650,1
1023,650,1
1024,650,1
1025,650,1
1026,650,1
1027,649,1
1028,649,1
1029,649,1
1030,649,1
1031,649,1
1032,649,1
1033,649,1
1034,648,1
1035,648,1
1036,648,1
1037,648,1
1038,648,1
1039,648,1
1040,648,1
1041,647,1
1042,647,1
1043,647,1
1044,647,1
1045,647,1
1046,647,1
1047,647,1
1048,647,1
1049,646,1
1050,646,1
1051,646,1
1052,646,1
1053,646,1
1054,646,1
1055,646,1
1056,646,1
1057,645,1
1058,645,1
1059,645,1
1060,645,1
1061,645,1
1062,645,1
1063,644,1
1064,644,1
1065,644,1
1066,644,1
1067,644,1
1068,644,1
1069,644,1
1070,643,1
1071,643,1
1072,643,1
1073,643,1
1074,643,1
1075,643,1
1076,643,1
1077,643,1
1078,642,1
1079,642,1
1080,642,1
1081,642,1
1082,642,1
1083,642,1
1084,642,1
1085,641,1
1086,641,1
1087,641,1
1088,641,1
1089,641,1
1090,641,1
1091,641,1
1092,641,1
1093,640,1
1094,640,1
1095,640,1
1096,640,1
1097,640,1
1098,640,1
1099,640,1
1100,639,1
1101,639,1
1102,639,1
1103,639,1
1104,639,1
1105,639,1
1106,638,1
1107,638,1
1108,638,1
1109,638,1
1110,638,1
1111,638,1
1112,638,1
1113,637,1
1114,637,1
1115,637,1
1116,637,1
1117,637,1
1118,637,1
1119,637,1
1120,636,1
1121,636,1
1122,636,1
1123,636,1
1124,636,1
1125,636,1
1126,636,1
1127,636,1
1128,635,1
1129,635,1
1130,635,1
1131,635,1
1132,635,1
1133,635,1
1134,635,1
1135,635,1
1136,634,1
1137,634,1
1138,634,1
1139,634,1
1140,634,1
1141,634,1
1142,634,1
1143,633,1
1144,633,1
1145,633,1
1146,633,1
1147,633,1
1148,633,1
1149,633,1
1150,632,1
1151,632,1
1152,632,1
1153,632,1
1154,632,1
1155,632,1
1156,632,1
1157,631,1
1158,631,1
1159,631,1
1160,631,1
1161,631,1
1162,631,1
1163,631,1
1164,630,1
1165,630,1
1166,630,1
1167,630,1
1168,630,1
1169,630,1
1170,630,1
1171,629,1
1172,629,1
1173,629,1
1174,629,1
1175,629,1
1176,629,1
1177,628,1
1178,628,1
1179,628,1
1180,628,1
1181,628,1
1182,628,1
1183,628,1
1184,628,1
1185,627,1
1186,627,1
1187,627,1
1188,627,1
1189,627,1
1190,627,1
1191,626,1
1192,626,1
1193,626,1
1194,626,1
1195,626,1
1196,626,1
1197,626,1
1198,625,1
1199,625,1
1200,625,1
1201,625,1
1202,625,1
1203,625,1
1204,625,1
1205,625,1
1206,624,1
1207,624,1
1208,624,1
1209,624,1
1210,624,1
1211,623,1
1212,623,1
1213,623,1
1214,623,1
1215,623,1
1216,623,1
1217,623,1
1218,623,1
1219,622,1
1220,622,1
1221,622,1
1222,622,1
1223,622,1
1224,622,1
1225,622,1
1226,621,1
1227,621,1
1228,621,1
1229,621,1
1230,621,1
1231,621,1
1232,620,1
1233,620,1
1234,620,1
1235,620,1
1236,620,1
1237,620,1
1238,620,1
1239,619,1
1240,619,1
1241,619,1
1242,619,1
1243,619,1
1244,619,1
1245,619,1
1246,618,1
1247,618,1
1248,618,1
1249,618,1
1250,618,1
1251,618,1
1252,617,1
1253,617,1
1254,617,1
1255,617,1
1256,617,1
1257,617,1
1258,617,1
1259,616,1
1260,616,1
1261,616,1
1262,616,1
1263,616,1
1264,616,1
1265,615,1
1266,615,1
1267,615,1
1268,615,1
1269,615,1
1270,615,1
1271,615,1
1272,614,1
1273,614,1
1274,614,1
1275,614,1
1276,614,1
1277,614,1
1278,614,1
1279,613,1
1280,613,1
1281,613,1
1282,613,1
1283,613,1
1284,613,1
1285,613,1
1286,612,1
1287,612,1
1288,612,1
1289,612,1
1290,612,1
1291,612,1
1292,612,1
1293,612,1
1294,611,1
1295,611,1
1296,611,1
1297,611,1
1298,611,1
1299,611,1
1300,610,1
1301,610,1
1302,610,1
1303,610,1
1304,610,1
1305,610,1
1306,609,1
1307,609,1
1308,609,1
1309,609,1
1310,609,1
1311,609,1
1312,609,1
1313,608,1
1314,608,1
1315,608,1
1316,608,1
1317,608,1
1318,608,1
1319,607,1
1320,607,1
1321,607,1
1322,607,1
1323,607,1
1324,607,1
1325,607,1
1326,607,1
1327,606,1
1328,606,1
1329,606,1
1330,606,1
1331,606,1
1332,606,1
1333,605,1
1334,605,1
1335,605,1
1336,605,1
1337,605,1
1338,605,1
1339,605,1
1340,604,1
1341,604,1
1342,604,1
1343,604,1
1344,604,1
1345,604,1
1346,604,1
1347,603,1
1348,603,1
1349,603,1
1350,603,1
1351,603,1
1352,603,1
1353,603,1
1354,602,1
1355,602,1
1356,602,1
1357,602,1
1358,602,1
1359,602,1
1360,602,1
1361,601,1
1362,601,1
1363,601,1
1364,601,1
1365,601,1
1366,601,1
1367,601,1
1368,600,1
1369,600,1
1370,600,1
1371,600,1
1372,600,1
1373,600,1
1374,600,1
1375,599,1
1376,599,1
1377,599,1
1378,599,1
1379,599,1
1380,599,1
1381,598,1
1382,598,1
1383,598,1
1384,598,1
1385,598,1
1386,598,1
1387,597,1
1388,597,1
1389,597,1
1390,597,1
1391,597,1
1392,597,1
1393,596,1
1394,596,1
1395,596,1
1396,596,1
1397,596,1
1398,596,1
1399,595,1
1400,595,1
1401,595,1
1402,595,1
1403,595,1
1404,595,1
1405,594,1
1406,594,1
1407,594,1
1408,594,1
1409,594,1
1410,594,1
1411,593,1
1412,593,1
1413,593,1
1414,593,1
1415,593,1
1416,593,1
1417,592,1
1418,592,1
1419,592,1
1420,592,1
1421,592,1
1422,592,1
1423,592,1
1423,591,1
1424,591,1
1425,591,1
1426,591,1
1427,591,1
1428,591,1
1429,591,1
1430,590,1
1431,590,1
1432,590,1
1433,590,1
1434,590,1
1435,589,1
1436,589,1
1437,589,1
1438,589,1
1439,589,1
1440,589,1
1441,588,1
1442,588,1
1443,588,1
1444,588,1
1445,588,1
1446,587,1
1447,587,1
1448,587,1
1449,587,1
1450,587,1
1451,587,1
1452,586,1
1453,586,1
1454,586,1
1455,586,1
1456,586,1
1457,586,1
1458,585,1
1459,585,1
1460,585,1
1461,585,1
1462,585,1
1463,585,1
1464,584,1
1465,584,1
1466,584,1
1467,584,1
1468,584,1
1469,584,1
1470,583,1
1471,583,1
1472,583,1
1473,583,1
1474,583,1
1474,582,1
1475,582,1
1476,582,1
1477,582,1
1478,582,1
1479,582,1
1480,581,1
1481,581,1
1482,581,1
1483,581,1
1484,581,1
1485,580,1
1486,580,1
1487,580,1
1488,580,1
1489,580,1
1490,579,1
1491,579,1
1492,579,1
1493,579,1
1494,579,1
1495,579,1
1496,578,1
1497,578,1
1498,578,1
1499,578,1
1500,578,1
1501,577,1
1502,577,1
1503,577,1
1504,577,1
1505,577,1
1506,577,1
1507,576,1
1508,576,1
1509,576,1
1510,576,1
1511,576,1
1512,575,1
1513,575,1
1514,575,1
1515,575,1
1515,574,1
1516,574,1
1517,574,1
1518,574,1
1519,574,1
1520,574,1
1521,573,1
1522,573,1
1523,573,1
1524,573,1
1525,573,1
1526,572,1
1527,572,1
1528,572,1
1529,572,1
1530,572,1
1531,572,1
1532,571,1
1533,571,1
1534,571,1
1535,571,1
1536,571,1
1537,571,1
1538,570,1
1539,570,1
1540,570,1
1541,570,1
1542,570,1
1543,569,1
1544,569,1
1545,569,1
1546,569,1
1547,569,1
1548,569,1
1549,568,1
1550,568,1
1551,568,1
1552,568,1
1553,568,1
1554,567,1
1555,567,1
1556,567,1
1557,567,1
1558,566,1
1559,566,1
1560,566,1
1561,566,1
1562,566,1
1563,566,1
1564,565,1
1565,565,1
1566,565,1
1567,565,1
1568,565,1
1569,565,1
1570,564,1
1571,564,1
1572,564,1
1573,564,1
1574,564,1
1575,564,1
1576,563,1
1577,563,1
1578,563,1
1579,563,1
1580,563,1
1581,563,1
1582,562,1
1583,562,1
1584,562,1
1585,562,1
1586,562,1
1587,562,1
1588,561,1
1589,561,1
1590,561,1
1591,561,1
1592,561,1
1593,561,1
1594,561,1
1595,561,1
1596,561,1
1597,561,1
1597,561,0
