239,238,1
239,239,1
232,286,1
232,287,1
231,287,1
231,288,1
231,289,1
231,290,1
231,291,1
231,292,1
230,293,1
230,294,1
230,295,1
230,296,1
230,297,1
230,298,1
230,299,1
230,300,1
230,301,1
229,301,1
229,302,1
229,303,1
229,304,1
229,305,1
229,306,1
228,307,1
228,308,1
228,309,1
228,310,1
228,311,1
227,312,1
227,313,1
227,314,1
227,315,1
227,316,1
227,317,1
227,318,1
227,319,1
226,319,1
226,320,1
226,321,1
226,322,1
226,323,1
226,324,1
225,324,1
225,325,1
225,326,1
225,327,1
225,328,1
224,329,1
224,330,1
224,331,1
224,332,1
224,333,1
224,334,1
223,335,1
223,336,1
223,337,1
223,338,1
223,339,1
222,339,1
222,340,1
222,341,1
222,342,1
222,343,1
221,344,1
221,345,1
221,346,1
221,347,1
221,348,1
221,349,1
220,350,1
220,351,1
220,352,1
220,353,1
220,354,1
219,355,1
219,356,1
219,357,1
219,358,1
219,359,1
218,360,1
218,361,1
218,362,1
218,363,1
218,364,1
217,364,1
217,365,1
217,366,1
217,367,1
217,368,1
216,369,1
216,370,1
216,371,1
216,372,1
216,373,1
216,374,1
216,375,1
216,376,1
216,377,1
215,378,1
215,379,1
215,380,1
215,381,1
215,382,1
215,383,1
215,384,1
216,384,1
242,311,0
266,241,1
267,241,1
267,240,1
268,240,1
269,239,1
270,239,1
271,238,1
272,237,1
273,237,1
273,236,1
274,236,1
275,236,1
276,235,1
277,235,1
278,234,1
279,234,1
280,234,1
281,233,1
282,233,1
283,233,1
284,232,1
285,232,1
286,232,1
287,232,1
287,231,1
288,231,1
289,231,1
290,231,1
291,231,1
292,230,1
293,230,1
294,230,1
295,230,1
296,230,1
297,229,1
298,229,1
299,229,1
300,229,1
301,229,1
302,229,1
303,229,1
304,229,1
305,229,1
306,229,1
307,229,1
308,229,1
309,229,1
310,229,1
311,229,1
312,229,1
313,229,1
314,230,1
315,230,1
316,230,1
317,230,1
318,231,1
319,231,1
320,231,1
321,232,1
322,232,1
323,233,1
324,233,1
324,234,1
325,234,1
325,235,1
326,235,1
327,235,1
327,236,1
328,236,1
328,237,1
329,237,1
329,238,1
330,239,1
331,240,1
332,241,1
332,242,1
333,243,1
334,244,1
334,245,1
334,246,1
335,247,1
335,248,1
335,249,1
336,250,1
336,251,1
336,252,1
336,253,1
336,254,1
337,255,1
337,256,1
337,257,1
337,258,1
337,259,1
337,260,1
337,261,1
337,262,1
337,263,1
337,264,1
336,264,1
336,265,1
336,266,1
336,267,1
336,268,1
336,269,1
336,270,1
335,271,1
335,272,1
335,273,1
335,274,1
335,275,1
334,275,1
334,276,1
334,277,1
333,277,1
333,278,1
333,279,1
332,280,1
332,281,1
331,282,1
330,283,1
330,284,1
329,285,1
328,286,1
328,287,1
327,287,1
327,288,1
326,289,1
325,290,1
325,291,1
324,291,1
324,292,1
323,292,1
322,293,1
321,294,1
321,295,1
320,295,1
319,296,1
318,296,1
317,297,1
316,298,1
315,298,1
315,299,1
314,299,1
313,300,1
312,300,1
312,301,1
311,301,1
310,301,1
310,302,1
309,303,1
327,339,1
328,339,1
329,340,1
330,341,1
330,342,1
331,342,1
331,343,1
332,344,1
333,345,1
334,346,1
335,347,1
335,348,1
336,349,1
337,350,1
337,351,1
338,351,1
338,352,1
339,353,1
339,354,1
340,354,1
341,355,1
342,356,1
342,357,1
343,358,1
344,359,1
344,360,1
345,360,1
345,361,1
346,361,1
346,362,1
347,363,1
348,364,1
348,365,1
349,365,1
349,366,1
350,367,1
350,368,1
351,369,1
352,370,1
353,371,1
353,372,1
353,373,1
354,373,1
355,374,1
355,375,1
356,375,1
356,376,1
357,377,1
358,378,1
358,379,1
359,379,1
351,297,0
347,217,1
346,216,1
345,216,1
344,216,1
344,215,1
343,215,1
342,215,1
341,214,1
340,214,1
339,214,1
339,213,1
338,213,1
337,213,1
336,213,1
335,213,1
334,213,1
333,213,1
332,213,1
331,213,1
330,213,1
329,213,1
328,213,1
327,213,1
326,213,1
325,213,1
324,213,1
323,213,1
322,213,1
321,213,1
320,213,1
319,214,1
318,214,1
317,214,1
316,214,1
316,215,1
315,215,1
314,215,1
313,215,1
312,216,1
311,216,1
310,217,1
309,217,1
308,217,1
307,218,1
306,218,1
305,219,1
304,219,1
303,220,1
302,220,1
301,221,1
300,221,1
300,222,1
299,222,1
298,223,1
297,224,1
296,225,1
295,225,1
295,226,1
294,226,1
294,227,1
293,227,1
293,228,1
292,228,1
292,229,1
291,230,1
290,230,1
290,231,1
289,232,1
289,233,1
288,234,1
287,235,1
287,236,1
286,237,1
286,238,1
286,239,1
285,239,1
285,240,1
285,241,1
285,242,1
284,243,1
284,244,1
284,245,1
284,246,1
284,247,1
285,247,1
285,248,1
285,249,1
285,250,1
286,250,1
286,251,1
286,252,1
287,252,1
287,253,1
288,254,1
288,255,1
289,255,1
289,256,1
290,256,1
291,257,1
292,258,1
293,258,1
293,259,1
294,259,1
295,259,1
296,260,1
297,260,1
298,260,1
299,260,1
299,261,1
300,261,1
301,261,1
302,261,1
303,261,1
304,261,1
305,261,1
306,261,1
307,261,1
308,261,1
309,261,1
310,261,1
311,261,1
312,261,1
313,260,1
314,260,1
315,260,1
316,260,1
317,259,1
318,259,1
319,259,1
319,258,1
320,258,1
321,258,1
322,257,1
323,257,1
324,256,1
325,256,1
326,255,1
327,255,1
328,254,1
329,254,1
329,253,1
330,253,1
331,253,1
331,252,1
332,252,1
332,251,1
333,251,1
334,250,1
335,249,1
336,248,1
336,247,1
337,247,1
337,246,1
338,246,1
338,245,1
338,244,1
339,244,1
339,243,1
339,242,1
339,241,1
339,240,1
339,239,1
388,246,0
437,247,1
437,248,1
437,249,1
437,250,1
437,251,1
437,252,1
437,253,1
437,254,1
437,255,1
437,256,1
437,257,1
437,258,1
437,259,1
437,260,1
437,261,1
437,262,1
437,263,1
437,264,1
437,265,1
437,266,1
437,267,1
437,268,1
437,269,1
437,270,1
437,271,1
437,272,1
437,273,1
437,274,1
437,275,1
437,276,1
437,277,1
437,278,1
438,279,1
438,280,1
438,281,1
438,282,1
438,283,1
438,284,1
438,285,1
438,286,1
438,287,1
438,288,1
438,289,1
438,290,1
439,290,1
439,291,1
439,292,1
439,293,1
439,294,1
439,295,1
439,296,1
439,297,1
439,298,1
439,299,1
439,300,1
439,301,1
439,302,1
439,303,1
439,304,1
440,304,1
440,305,1
440,306,1
440,307,1
440,308,1
440,309,1
441,310,1
441,311,1
441,312,1
441,313,1
441,314,1
441,315,1
441,316,1
441,317,1
441,318,1
441,319,1
442,320,1
442,321,1
442,322,1
442,323,1
442,324,1
443,325,1
443,326,1
443,327,1
443,328,1
443,329,1
443,330,1
444,331,1
444,332,1
444,333,1
444,334,1
444,335,1
444,336,1
444,337,1
444,338,1
444,339,1
444,340,1
444,341,1
444,342,1
445,343,1
445,344,1
445,345,1
445,346,1
445,347,1
314,282,0
181,221,1
181,220,1
182,219,1
183,219,1
183,218,1
184,218,1
184,217,1
185,217,1
185,216,1
186,215,1
187,214,1
188,213,1
189,212,1
190,212,1
190,211,1
191,210,1
192,209,1
193,208,1
194,208,1
194,207,1
195,206,1
196,205,1
197,205,1
197,204,1
198,204,1
199,203,1
200,202,1
200,201,1
201,201,1
202,200,1
203,199,1
204,198,1
205,198,1
205,197,1
206,197,1
207,196,1
208,195,1
209,195,1
209,194,1
210,194,1
211,193,1
212,193,1
212,192,1
213,192,1
214,191,1
215,190,1
216,189,1
217,189,1
217,188,1
218,188,1
219,187,1
220,187,1
221,186,1
222,185,1
223,185,1
224,184,1
225,184,1
225,183,1
226,183,1
227,183,1
228,182,1
229,182,1
230,181,1
231,181,1
232,180,1
233,180,1
233,179,1
234,179,1
235,179,1
236,178,1
237,178,1
238,177,1
239,177,1
240,176,1
241,176,1
241,175,1
242,175,1
243,175,1
244,175,1
244,174,1
245,174,1
246,174,1
247,173,1
248,173,1
249,172,1
250,172,1
251,171,1
252,171,1
253,171,1
254,170,1
255,170,1
256,170,1
257,169,1
258,169,1
259,169,1
260,168,1
261,168,1
262,168,1
263,167,1
264,167,1
265,167,1
266,167,1
267,166,1
268,166,1
269,166,1
270,166,1
270,165,1
271,165,1
272,165,1
273,165,1
274,164,1
275,164,1
276,164,1
277,164,1
278,163,1
279,163,1
280,163,1
281,163,1
282,162,1
283,162,1
284,162,1
285,162,1
286,162,1
287,161,1
288,161,1
289,161,1
290,161,1
291,161,1
292,161,1
293,161,1
294,160,1
295,160,1
296,160,1
297,160,1
298,160,1
299,160,1
348,159,1
349,159,1
350,159,1
351,159,1
352,160,1
353,160,1
354,160,1
355,160,1
356,160,1
357,161,1
358,161,1
359,161,1
360,161,1
361,161,1
361,162,1
362,162,1
363,162,1
364,162,1
365,163,1
366,163,1
367,163,1
368,164,1
369,164,1
370,164,1
371,165,1
372,165,1
373,165,1
373,166,1
374,166,1
375,166,1
376,167,1
377,167,1
378,168,1
379,168,1
380,169,1
381,169,1
381,170,1
382,170,1
383,171,1
384,171,1
385,172,1
386,172,1
387,173,1
388,174,1
389,174,1
389,175,1
390,175,1
391,176,1
392,176,1
392,177,1
393,177,1
394,178,1
395,179,1
396,180,1
397,181,1
398,182,1
399,182,1
399,183,1
400,183,1
401,184,1
401,185,1
402,185,1
402,186,1
403,187,1
404,188,1
405,189,1
406,190,1
407,191,1
407,192,1
408,193,1
409,193,1
409,194,1
410,195,1
410,196,1
411,196,1
411,197,1
412,198,1
413,199,1
413,200,1
414,201,1
415,202,1
415,203,1
416,204,1
417,205,1
417,206,1
418,207,1
418,208,1
419,209,1
419,210,1
420,211,1
420,212,1
420,213,1
421,213,1
421,214,1
421,215,1
422,216,1
422,217,1
423,218,1
423,219,1
424,220,1
424,221,1
425,222,1
425,223,1
425,224,1
426,225,1
426,226,1
426,227,1
427,228,1
427,229,1
427,230,1
428,230,1
428,231,1
428,232,1
428,233,1
429,233,1
429,234,1
429,235,1
429,236,1
430,236,1
430,237,1
430,238,1
430,239,1
431,239,1
431,240,1
431,241,1
432,242,1
432,243,1
432,244,1
433,245,1
433,246,1
433,247,1
433,248,1
434,249,1
434,250,1
434,251,1
435,252,1
435,253,1
435,254,1
436,255,1
436,256,1
437,257,1
437,258,1
437,259,1
438,259,1
438,260,1
439,261,1
508,264,0
579,267,1
579,268,1
579,269,1
579,270,1
579,271,1
579,272,1
579,273,1
579,274,1
579,275,1
579,276,1
579,277,1
579,278,1
579,279,1
579,280,1
579,281,1
579,282,1
579,283,1
579,284,1
579,285,1
579,286,1
579,287,1
579,288,1
580,289,1
580,290,1
580,291,1
580,292,1
580,293,1
580,294,1
580,295,1
580,296,1
580,297,1
580,298,1
581,299,1
581,300,1
581,301,1
581,302,1
581,303,1
581,304,1
581,305,1
581,306,1
581,307,1
581,308,1
581,309,1
581,310,1
581,311,1
581,312,1
581,313,1
581,314,1
581,315,1
581,316,1
581,317,1
581,318,1
581,319,1
581,320,1
581,321,1
581,322,1
581,323,1
581,324,1
581,325,1
581,326,1
581,327,1
581,328,1
581,329,1
581,330,1
581,331,1
581,332,1
581,333,1
581,334,1
581,335,1
581,336,1
581,337,1
581,338,1
581,339,1
581,340,1
581,341,1
581,342,1
581,343,1
581,344,1
580,344,1
580,345,1
580,346,1
580,347,1
579,348,1
579,349,1
579,350,1
578,351,1
567,309,0
556,272,1
556,271,1
556,270,1
555,270,1
555,269,1
554,268,1
554,267,1
553,267,1
553,266,1
552,265,1
551,264,1
550,263,1
549,262,1
549,261,1
548,261,1
547,260,1
546,260,1
546,259,1
545,259,1
544,258,1
543,257,1
542,257,1
541,257,1
541,256,1
540,256,1
539,255,1
538,255,1
537,254,1
536,254,1
536,253,1
535,253,1
534,253,1
533,252,1
532,252,1
531,251,1
530,251,1
529,251,1
528,250,1
527,250,1
526,250,1
525,249,1
524,249,1
523,249,1
522,249,1
521,249,1
521,248,1
520,248,1
519,248,1
518,248,1
517,248,1
516,248,1
515,248,1
514,248,1
513,248,1
512,248,1
511,248,1
510,248,1
509,248,1
508,248,1
507,248,1
506,248,1
505,249,1
504,249,1
503,249,1
502,249,1
501,249,1
500,250,1
499,250,1
498,250,1
497,250,1
496,251,1
495,251,1
494,251,1
493,251,1
493,252,1
492,252,1
491,252,1
490,253,1
489,253,1
488,254,1
487,254,1
487,255,1
486,255,1
485,255,1
485,256,1
484,256,1
483,257,1
482,258,1
481,258,1
481,259,1
480,259,1
480,260,1
479,260,1
478,261,1
478,262,1
477,262,1
477,263,1
476,263,1
476,264,1
475,265,1
475,266,1
474,267,1
474,268,1
473,269,1
473,270,1
473,271,1
472,271,1
472,272,1
472,273,1
472,274,1
472,275,1
472,276,1
472,277,1
472,278,1
472,279,1
472,280,1
472,281,1
473,281,1
473,282,1
473,283,1
474,284,1
474,285,1
475,286,1
476,287,1
476,288,1
477,288,1
477,289,1
478,289,1
478,290,1
479,290,1
480,291,1
481,292,1
482,292,1
483,293,1
484,293,1
485,294,1
486,294,1
487,294,1
487,295,1
488,295,1
489,295,1
490,295,1
491,295,1
491,296,1
492,296,1
493,296,1
494,296,1
495,296,1
496,296,1
497,296,1
498,296,1
499,296,1
500,296,1
501,296,1
502,296,1
503,296,1
504,296,1
505,295,1
506,295,1
507,295,1
508,295,1
509,295,1
510,294,1
511,294,1
512,294,1
513,294,1
513,293,1
514,293,1
515,293,1
516,292,1
517,292,1
518,292,1
519,291,1
520,291,1
521,290,1
522,290,1
523,289,1
524,289,1
525,288,1
526,288,1
527,287,1
528,287,1
529,286,1
530,286,1
530,285,1
531,284,1
532,284,1
533,283,1
534,282,1
535,281,1
536,281,1
536,280,1
594,269,0
656,253,1
656,254,1
656,255,1
656,256,1
655,256,1
655,257,1
655,258,1
655,259,1
655,260,1
654,261,1
654,262,1
654,263,1
654,264,1
654,265,1
653,266,1
653,267,1
653,268,1
653,269,1
653,270,1
653,271,1
653,272,1
653,273,1
653,274,1
653,275,1
653,276,1
652,277,1
652,278,1
652,279,1
652,280,1
652,281,1
652,282,1
651,283,1
651,284,1
651,285,1
651,286,1
651,287,1
651,288,1
650,289,1
650,290,1
650,291,1
650,292,1
650,293,1
650,294,1
650,295,1
650,296,1
650,297,1
650,298,1
650,299,1
650,300,1
650,301,1
649,302,1
649,303,1
649,304,1
649,305,1
649,306,1
649,307,1
649,308,1
649,309,1
649,310,1
648,310,1
648,311,1
648,312,1
648,313,1
648,314,1
648,315,1
648,316,1
648,317,1
648,318,1
648,319,1
647,320,1
647,321,1
647,322,1
647,323,1
647,324,1
647,325,1
647,326,1
647,327,1
647,328,1
647,329,1
647,330,1
647,331,1
647,332,1
647,333,1
647,334,1
647,335,1
647,336,1
647,337,1
647,338,1
647,339,1
646,339,1
646,340,1
646,341,1
646,342,1
646,343,1
646,344,1
646,345,1
645,346,1
645,347,1
645,348,1
388,269,0
127,192,1
128,192,1
129,192,1
130,192,1
131,192,1
132,192,1
133,192,1
134,192,1
135,192,1
136,192,1
137,192,1
138,192,1
139,192,1
140,192,1
141,192,1
142,192,1
143,192,1
144,192,1
145,192,1
146,192,1
147,192,1
148,192,1
149,192,1
150,192,1
151,192,1
152,192,1
153,192,1
154,192,1
155,192,1
156,192,1
157,192,1
158,192,1
159,192,1
160,192,1
161,192,1
161,193,1
162,193,1
163,193,1
164,193,1
165,193,1
166,193,1
167,193,1
168,193,1
169,193,1
170,193,1
171,193,1
172,193,1
173,193,1
174,193,1
175,193,1
176,193,1
177,193,1
178,193,1
179,193,1
180,193,1
181,193,1
182,193,1
183,193,1
184,193,1
185,193,1
186,193,1
187,193,1
188,193,1
189,193,1
190,193,1
191,193,1
192,193,1
193,193,1
194,193,1
195,193,1
196,193,1
196,194,1
197,194,1
198,194,1
199,194,1
200,194,1
201,194,1
202,194,1
203,194,1
204,194,1
205,194,1
206,194,1
207,194,1
208,194,1
209,194,1
210,194,1
211,194,1
212,194,1
213,194,1
214,194,1
215,194,1
216,195,1
217,195,1
218,195,1
219,195,1
220,195,1
221,195,1
222,195,1
223,195,1
224,195,1
225,195,1
226,195,1
227,195,1
228,195,1
229,195,1
230,195,1
231,195,1
232,195,1
233,195,1
234,195,1
235,195,1
236,195,1
237,195,1
238,195,1
239,195,1
240,195,1
241,195,1
242,195,1
243,196,1
244,196,1
245,196,1
246,196,1
247,196,1
248,196,1
249,196,1
250,196,1
251,196,1
252,196,1
253,196,1
254,196,1
255,196,1
256,196,1
257,196,1
258,196,1
259,196,1
260,196,1
261,196,1
262,196,1
263,196,1
264,196,1
265,196,1
266,196,1
267,196,1
268,196,1
269,196,1
270,196,1
271,196,1
272,196,1
273,196,1
274,196,1
275,196,1
276,196,1
277,196,1
278,196,1
279,196,1
280,196,1
281,196,1
282,196,1
283,196,1
284,196,1
285,196,1
286,196,1
287,197,1
288,197,1
289,197,1
290,197,1
291,197,1
292,197,1
293,197,1
294,197,1
295,197,1
296,197,1
297,197,1
298,197,1
299,197,1
300,197,1
301,197,1
302,197,1
303,197,1
304,197,1
305,197,1
306,197,1
307,198,1
308,198,1
309,198,1
310,198,1
311,198,1
312,198,1
313,198,1
314,198,1
315,198,1
316,198,1
317,198,1
318,198,1
319,198,1
320,198,1
321,198,1
322,198,1
323,198,1
324,198,1
325,198,1
326,198,1
327,199,1
328,199,1
329,199,1
330,199,1
331,199,1
332,199,1
333,199,1
334,199,1
335,199,1
336,199,1
337,199,1
338,199,1
339,199,1
340,199,1
341,199,1
342,199,1
343,199,1
344,199,1
345,199,1
346,199,1
347,199,1
348,199,1
349,199,1
350,199,1
351,199,1
352,199,1
353,199,1
354,199,1
355,199,1
356,199,1
357,199,1
358,199,1
359,199,1
360,199,1
361,199,1
362,199,1
363,199,1
364,199,1
365,199,1
366,199,1
367,199,1
367,200,1
368,200,1
369,200,1
370,200,1
371,200,1
372,200,1
373,200,1
374,200,1
375,200,1
376,200,1
377,200,1
378,200,1
379,200,1
380,200,1
381,200,1
382,200,1
383,200,1
384,200,1
385,200,1
386,200,1
387,201,1
388,201,1
389,201,1
390,201,1
391,201,1
392,201,1
393,201,1
394,201,1
395,201,1
396,201,1
397,201,1
398,201,1
399,201,1
400,201,1
401,201,1
402,201,1
403,201,1
404,201,1
405,201,1
406,201,1
407,201,1
408,201,1
409,201,1
410,201,1
411,201,1
412,201,1
413,201,1
414,201,1
415,201,1
416,201,1
417,201,1
418,201,1
419,201,1
420,201,1
421,201,1
422,201,1
423,202,1
424,202,1
425,202,1
426,202,1
427,202,1
428,202,1
429,202,1
430,202,1
431,202,1
432,202,1
433,202,1
434,202,1
435,202,1
436,202,1
437,202,1
438,202,1
439,202,1
439,203,1
440,203,1
441,203,1
442,203,1
443,203,1
444,203,1
445,203,1
446,203,1
447,203,1
448,203,1
449,203,1
450,203,1
451,203,1
452,203,1
453,203,1
454,203,1
455,203,1
456,204,1
457,204,1
458,204,1
459,204,1
460,204,1
461,204,1
462,204,1
463,204,1
464,204,1
465,204,1
466,204,1
467,204,1
468,204,1
469,204,1
470,204,1
471,204,1
472,204,1
473,204,1
474,204,1
475,204,1
476,204,1
477,204,1
478,204,1
479,204,1
480,204,1
481,204,1
482,204,1
483,204,1
484,204,1
485,205,1
486,205,1
487,205,1
488,205,1
489,205,1
490,205,1
491,205,1
492,205,1
493,205,1
494,205,1
495,205,1
496,205,1
497,205,1
498,205,1
499,205,1
499,206,1
500,206,1
501,206,1
502,206,1
503,206,1
504,206,1
505,206,1
506,206,1
507,206,1
508,206,1
509,206,1
510,206,1
511,206,1
512,206,1
513,206,1
513,207,1
514,207,1
515,207,1
516,207,1
517,207,1
518,207,1
519,207,1
520,207,1
521,207,1
522,207,1
523,207,1
524,207,1
525,207,1
526,207,1
527,207,1
528,207,1
529,207,1
530,207,1
531,207,1
532,207,1
533,207,1
534,207,1
535,207,1
536,207,1
537,207,1
538,207,1
539,207,1
539,208,1
540,208,1
541,208,1
542,208,1
543,208,1
544,208,1
545,208,1
546,208,1
547,208,1
548,208,1
549,208,1
550,208,1
551,208,1
552,209,1
553,209,1
554,209,1
555,209,1
556,209,1
557,209,1
558,209,1
559,209,1
560,209,1
561,209,1
562,209,1
563,209,1
564,209,1
565,210,1
566,210,1
567,210,1
568,210,1
569,210,1
570,210,1
571,210,1
572,210,1
573,210,1
574,210,1
575,210,1
576,210,1
577,210,1
578,210,1
579,210,1
580,210,1
581,210,1
582,210,1
583,210,1
584,210,1
585,210,1
586,210,1
587,210,1
588,210,1
589,210,1
590,210,1
591,211,1
592,211,1
593,211,1
594,211,1
595,211,1
596,211,1
597,211,1
598,211,1
599,211,1
600,211,1
601,211,1
602,212,1
603,212,1
604,212,1
605,212,1
606,212,1
607,212,1
608,212,1
609,212,1
610,212,1
611,212,1
612,212,1
613,212,1
613,213,1
614,213,1
615,213,1
616,213,1
617,213,1
618,213,1
619,213,1
620,213,1
621,213,1
622,213,1
623,213,1
624,213,1
625,213,1
626,213,1
627,213,1
628,213,1
629,213,1
630,213,1
631,213,1
632,213,1
633,213,1
634,213,1
635,213,1
636,213,1
637,213,1
638,214,1
639,214,1
640,214,1
641,214,1
642,214,1
643,214,1
644,214,1
645,214,1
646,214,1
647,214,1
648,214,1
649,214,1
650,214,1
651,214,1
652,214,1
653,214,1
654,214,1
655,214,1
656,214,1
656,215,1
657,215,1
658,215,1
659,215,1
660,215,1
661,215,1
662,215,1
663,215,1
664,215,1
665,215,1
666,215,1
667,215,1
668,215,1
669,215,1
670,215,1
671,215,1
672,215,1
673,215,1
674,215,1
675,215,1
676,215,1
677,215,1
678,216,1
679,216,1
680,216,1
681,216,1
682,216,1
683,216,1
684,216,1
685,216,1
686,216,1
685,216,1
685,216,0
