217,249,1
218,299,1
218,300,1
218,301,1
218,302,1
218,303,1
218,304,1
218,305,1
218,306,1
218,307,1
218,308,1
218,309,1
218,310,1
218,311,1
218,312,1
219,313,1
219,314,1
219,315,1
219,316,1
219,317,1
219,318,1
219,319,1
219,320,1
219,321,1
219,322,1
219,323,1
219,324,1
219,325,1
219,326,1
219,327,1
219,328,1
219,329,1
219,330,1
219,331,1
219,332,1
220,333,1
220,334,1
220,335,1
220,336,1
220,337,1
220,338,1
220,339,1
220,340,1
220,341,1
220,342,1
220,343,1
220,344,1
220,345,1
220,346,1
220,347,1
220,348,1
221,349,1
221,350,1
221,351,1
221,352,1
221,353,1
221,354,1
221,355,1
221,356,1
221,357,1
221,358,1
221,359,1
221,360,1
221,361,1
222,362,1
222,363,1
222,364,1
222,365,1
222,366,1
222,367,1
222,368,1
222,369,1
222,370,1
223,371,1
223,372,1
223,373,1
223,374,1
223,375,1
223,376,1
223,377,1
224,378,1
224,379,1
322,241,1
323,242,1
324,243,1
325,244,1
326,244,1
326,245,1
327,246,1
327,247,1
328,247,1
329,248,1
329,249,1
330,250,1
330,251,1
331,252,1
331,253,1
332,253,1
332,254,1
333,255,1
333,256,1
333,257,1
334,258,1
334,259,1
334,260,1
335,261,1
335,262,1
336,263,1
336,264,1
336,265,1
336,266,1
336,267,1
336,268,1
337,269,1
337,270,1
337,271,1
337,272,1
337,273,1
337,274,1
337,275,1
337,276,1
337,277,1
337,278,1
337,279,1
337,280,1
336,281,1
336,282,1
336,283,1
336,284,1
336,285,1
336,286,1
335,287,1
335,288,1
335,289,1
335,290,1
334,290,1
334,291,1
334,292,1
333,293,1
333,294,1
333,295,1
332,296,1
332,297,1
331,298,1
331,299,1
330,300,1
330,301,1
329,301,1
329,302,1
328,303,1
328,304,1
327,305,1
326,306,1
326,307,1
325,308,1
324,308,1
323,309,1
323,310,1
322,311,1
321,311,1
320,312,1
320,313,1
319,313,1
318,314,1
317,315,1
316,315,1
315,316,1
315,317,1
314,317,1
313,318,1
312,318,1
311,319,1
310,320,1
309,320,1
308,321,1
307,322,1
306,322,1
306,323,1
305,323,1
305,324,1
304,324,1
304,325,1
303,325,1
303,326,1
303,327,1
303,328,1
304,329,1
304,330,1
305,330,1
305,331,1
306,331,1
307,332,1
308,333,1
309,333,1
310,334,1
311,334,1
311,335,1
312,335,1
313,336,1
314,336,1
315,337,1
316,338,1
317,338,1
318,339,1
319,339,1
320,340,1
321,340,1
322,341,1
323,342,1
324,342,1
325,343,1
326,344,1
327,344,1
328,345,1
328,346,1
329,346,1
330,347,1
331,348,1
332,348,1
333,349,1
334,350,1
335,351,1
336,352,1
337,352,1
338,353,1
339,354,1
339,355,1
340,355,1
341,356,1
342,357,1
343,358,1
344,359,1
344,360,1
345,360,1
346,361,1
347,362,1
347,363,1
348,363,1
349,364,1
349,365,1
350,366,1
351,366,1
352,367,1
352,368,1
353,368,1
354,369,1
354,370,1
355,371,1
356,372,1
357,373,1
358,374,1
358,375,1
359,376,1
360,377,1
361,378,1
361,379,1
362,380,1
363,381,1
363,382,1
364,383,1
364,384,1
365,384,1
365,385,1
366,386,1
327,310,0
295,236,1
294,236,1
293,237,1
292,237,1
291,237,1
290,237,1
289,238,1
288,238,1
287,239,1
286,239,1
286,240,1
285,240,1
284,241,1
283,242,1
282,243,1
281,244,1
280,245,1
279,246,1
279,247,1
278,248,1
278,249,1
277,250,1
277,251,1
276,252,1
276,253,1
276,254,1
275,255,1
275,256,1
275,257,1
275,258,1
275,259,1
275,260,1
275,261,1
276,262,1
276,263,1
276,264,1
277,265,1
277,266,1
278,267,1
278,268,1
279,269,1
280,269,1
280,270,1
281,271,1
282,271,1
282,272,1
283,272,1
284,273,1
285,273,1
286,273,1
287,274,1
288,274,1
289,274,1
290,274,1
291,274,1
292,275,1
293,275,1
294,275,1
295,275,1
296,275,1
297,274,1
298,274,1
299,274,1
300,274,1
301,274,1
302,274,1
303,273,1
304,273,1
305,273,1
306,273,1
306,272,1
307,272,1
308,272,1
309,271,1
310,271,1
311,270,1
312,270,1
313,269,1
314,268,1
315,268,1
316,267,1
317,266,1
318,265,1
319,264,1
320,263,1
320,262,1
321,261,1
322,261,1
367,257,0
413,245,1
413,246,1
414,247,1
414,248,1
415,248,1
415,249,1
415,250,1
415,251,1
416,252,1
416,253,1
416,254,1
417,254,1
417,255,1
417,256,1
418,257,1
418,258,1
418,259,1
418,260,1
419,261,1
419,262,1
420,263,1
420,264,1
420,265,1
420,266,1
421,267,1
421,268,1
421,269,1
422,270,1
422,271,1
422,272,1
423,272,1
423,273,1
423,274,1
424,275,1
424,276,1
424,277,1
425,278,1
425,279,1
425,280,1
425,281,1
426,282,1
426,283,1
426,284,1
427,285,1
427,286,1
427,287,1
427,288,1
428,289,1
428,290,1
428,291,1
428,292,1
429,293,1
429,294,1
429,295,1
429,296,1
430,296,1
430,297,1
430,298,1
430,299,1
431,300,1
431,301,1
431,302,1
431,303,1
432,304,1
432,305,1
432,306,1
433,307,1
433,308,1
433,309,1
433,310,1
434,311,1
434,312,1
434,313,1
434,314,1
435,315,1
435,316,1
435,317,1
436,318,1
436,319,1
436,320,1
436,321,1
437,322,1
437,323,1
437,324,1
437,325,1
437,326,1
438,327,1
438,328,1
438,329,1
438,330,1
439,331,1
439,332,1
439,333,1
439,334,1
439,335,1
439,336,1
440,337,1
440,338,1
440,339,1
440,340,1
441,341,1
441,342,1
441,343,1
441,344,1
441,345,1
442,346,1
442,347,1
442,348,1
442,349,1
443,350,1
443,351,1
443,352,1
444,353,1
444,354,1
444,355,1
444,356,1
444,357,1
445,358,1
445,359,1
445,360,1
445,361,1
446,361,1
446,362,1
446,363,1
446,364,1
447,365,1
447,366,1
447,367,1
447,368,1
448,369,1
448,370,1
448,371,1
448,372,1
449,372,1
449,373,1
449,374,1
449,375,1
449,376,1
450,377,1
450,378,1
450,379,1
450,380,1
451,381,1
451,382,1
451,383,1
452,384,1
452,385,1
452,386,1
452,387,1
453,388,1
453,389,1
453,390,1
454,391,1
454,392,1
454,393,1
455,394,1
455,395,1
456,396,1
456,397,1
456,398,1
457,399,1
457,400,1
457,401,1
458,402,1
458,403,1
458,404,1
459,405,1
459,406,1
460,407,1
460,408,1
460,409,1
461,410,1
461,411,1
461,412,1
462,413,1
462,414,1
462,415,1
463,416,1
463,417,1
464,417,1
535,348,0
607,279,1
607,280,1
607,281,1
608,282,1
608,283,1
608,284,1
609,285,1
609,286,1
609,287,1
609,288,1
609,289,1
610,290,1
610,291,1
610,292,1
610,293,1
610,294,1
611,295,1
611,296,1
611,297,1
611,298,1
611,299,1
611,300,1
612,301,1
612,302,1
612,303,1
612,304,1
612,305,1
613,306,1
613,307,1
613,308,1
613,309,1
613,310,1
614,311,1
614,312,1
614,313,1
614,314,1
614,315,1
614,316,1
614,317,1
615,317,1
615,318,1
615,319,1
615,320,1
615,321,1
615,322,1
616,323,1
616,324,1
616,325,1
616,326,1
616,327,1
616,328,1
616,329,1
617,330,1
617,331,1
617,332,1
617,333,1
617,334,1
617,335,1
617,336,1
617,337,1
617,338,1
617,339,1
617,340,1
617,341,1
617,342,1
618,343,1
618,344,1
618,345,1
618,346,1
618,347,1
618,348,1
618,349,1
618,350,1
618,351,1
619,352,1
619,353,1
619,354,1
619,355,1
619,356,1
619,357,1
619,358,1
619,359,1
619,360,1
619,361,1
620,361,1
620,362,1
620,363,1
620,364,1
620,365,1
620,366,1
620,367,1
620,368,1
620,369,1
620,370,1
620,371,1
620,372,1
620,373,1
620,374,1
620,375,1
620,376,1
620,377,1
620,378,1
620,379,1
620,380,1
620,381,1
620,382,1
620,383,1
620,384,1
620,385,1
621,386,1
621,387,1
620,388,1
620,389,1
620,390,1
620,391,1
620,392,1
620,393,1
610,349,0
603,312,1
602,311,1
601,310,1
600,309,1
599,308,1
598,307,1
597,307,1
597,306,1
596,305,1
595,305,1
594,304,1
593,303,1
592,303,1
592,302,1
591,301,1
590,301,1
589,300,1
588,300,1
587,299,1
587,298,1
586,298,1
585,297,1
584,297,1
583,296,1
582,296,1
581,295,1
580,295,1
579,295,1
579,294,1
578,294,1
577,293,1
576,293,1
575,292,1
574,292,1
573,292,1
572,291,1
571,291,1
570,290,1
569,290,1
568,290,1
567,289,1
566,289,1
565,289,1
564,288,1
563,288,1
562,288,1
561,288,1
561,287,1
560,287,1
559,287,1
558,287,1
557,287,1
556,287,1
555,286,1
554,286,1
553,286,1
552,286,1
551,286,1
550,286,1
549,286,1
548,286,1
547,286,1
546,286,1
545,286,1
544,286,1
543,286,1
542,286,1
541,286,1
540,286,1
539,287,1
538,287,1
537,287,1
536,287,1
535,287,1
534,288,1
533,288,1
532,288,1
531,288,1
530,289,1
529,289,1
528,289,1
527,290,1
526,290,1
525,291,1
524,291,1
523,291,1
522,292,1
521,292,1
520,293,1
519,293,1
518,294,1
517,295,1
516,295,1
515,296,1
514,296,1
513,297,1
512,297,1
511,298,1
511,299,1
510,299,1
509,300,1
508,301,1
507,301,1
507,302,1
506,303,1
505,304,1
504,304,1
504,305,1
503,306,1
502,307,1
502,308,1
501,309,1
500,310,1
499,311,1
499,312,1
498,313,1
497,314,1
497,315,1
496,316,1
496,317,1
496,318,1
496,319,1
495,320,1
495,321,1
495,322,1
495,323,1
495,324,1
495,325,1
495,326,1
495,327,1
495,328,1
495,329,1
496,330,1
496,331,1
497,332,1
497,333,1
498,334,1
499,335,1
499,336,1
500,337,1
501,338,1
502,339,1
503,340,1
504,340,1
505,341,1
506,342,1
507,343,1
508,343,1
509,344,1
510,344,1
511,345,1
512,345,1
513,346,1
514,346,1
515,346,1
516,346,1
517,347,1
518,347,1
519,348,1
520,348,1
521,348,1
522,348,1
523,348,1
524,348,1
525,348,1
526,348,1
527,348,1
528,348,1
529,348,1
530,348,1
531,348,1
532,348,1
533,348,1
534,348,1
535,348,1
536,347,1
537,347,1
538,347,1
539,347,1
540,347,1
541,346,1
542,346,1
543,345,1
544,345,1
545,345,1
546,344,1
547,344,1
548,343,1
549,343,1
549,342,1
550,342,1
551,342,1
552,341,1
553,341,1
554,340,1
555,339,1
556,338,1
557,338,1
558,337,1
559,336,1
560,335,1
561,334,1
562,334,1
562,333,1
563,332,1
564,331,1
565,331,1
565,330,1
566,329,1
567,328,1
567,327,1
568,327,1
568,326,1
569,325,1
570,324,1
570,323,1
571,322,1
572,321,1
572,320,1
573,319,1
573,318,1
573,317,1
574,316,1
574,315,1
575,314,1
575,313,1
575,312,1
575,311,1
575,310,1
575,309,1
646,305,0
718,294,1
718,295,1
718,296,1
718,297,1
718,298,1
718,299,1
718,300,1
718,301,1
718,302,1
718,303,1
718,304,1
718,305,1
718,306,1
718,307,1
718,308,1
718,309,1
718,310,1
718,311,1
718,312,1
718,313,1
718,314,1
718,315,1
718,316,1
718,317,1
718,318,1
718,319,1
718,320,1
718,321,1
718,322,1
719,323,1
719,324,1
719,325,1
719,326,1
719,327,1
719,328,1
719,329,1
719,330,1
719,331,1
719,332,1
719,333,1
719,334,1
719,335,1
719,336,1
719,337,1
719,338,1
719,339,1
719,340,1
719,341,1
719,342,1
719,343,1
719,344,1
719,345,1
719,346,1
719,347,1
719,348,1
719,349,1
719,350,1
719,351,1
719,352,1
719,353,1
719,354,1
719,355,1
719,356,1
719,357,1
719,358,1
719,359,1
719,360,1
719,361,1
719,362,1
719,363,1
719,364,1
719,365,1
719,366,1
718,367,1
718,368,1
718,369,1
718,370,1
718,371,1
718,372,1
718,373,1
718,374,1
718,375,1
718,376,1
718,377,1
718,378,1
718,379,1
718,380,1
718,381,1
717,382,1
717,383,1
717,384,1
717,385,1
717,386,1
717,387,1
717,388,1
717,389,1
460,304,0
200,226,1
201,225,1
201,224,1
202,224,1
203,223,1
203,222,1
204,221,1
205,220,1
206,219,1
207,218,1
208,217,1
209,216,1
210,215,1
211,214,1
212,213,1
213,213,1
213,212,1
214,211,1
215,211,1
216,210,1
217,209,1
218,208,1
219,207,1
220,207,1
221,206,1
222,205,1
223,204,1
224,204,1
225,203,1
226,202,1
227,201,1
228,201,1
229,200,1
230,199,1
231,199,1
231,198,1
232,198,1
233,197,1
234,197,1
235,196,1
236,196,1
237,195,1
238,194,1
239,194,1
239,193,1
240,193,1
241,192,1
242,192,1
243,192,1
244,191,1
245,191,1
246,190,1
247,189,1
248,189,1
249,188,1
250,188,1
251,187,1
252,187,1
253,186,1
254,186,1
255,185,1
256,185,1
257,185,1
258,184,1
259,184,1
260,183,1
261,183,1
262,183,1
263,182,1
264,182,1
265,182,1
266,181,1
267,181,1
268,181,1
269,181,1
270,180,1
271,180,1
272,180,1
272,179,1
273,179,1
274,179,1
275,179,1
276,178,1
277,178,1
278,178,1
279,178,1
280,177,1
281,177,1
282,177,1
283,177,1
283,176,1
284,176,1
285,176,1
286,176,1
287,176,1
288,175,1
289,175,1
290,175,1
291,175,1
292,175,1
293,175,1
294,175,1
294,174,1
295,174,1
296,174,1
297,174,1
298,174,1
299,174,1
300,174,1
301,174,1
302,173,1
303,173,1
304,173,1
305,173,1
306,173,1
307,173,1
308,173,1
309,173,1
310,173,1
311,173,1
312,173,1
313,173,1
314,173,1
315,173,1
316,173,1
317,173,1
318,173,1
319,173,1
320,173,1
321,173,1
322,173,1
323,173,1
324,173,1
325,173,1
326,173,1
327,173,1
328,174,1
329,174,1
330,174,1
331,174,1
332,174,1
333,174,1
334,174,1
335,175,1
336,175,1
337,175,1
338,175,1
339,175,1
340,176,1
341,176,1
342,176,1
343,176,1
344,176,1
345,177,1
346,177,1
347,177,1
348,177,1
349,177,1
350,178,1
351,178,1
352,178,1
353,179,1
354,179,1
355,179,1
356,179,1
357,180,1
358,180,1
359,180,1
360,180,1
361,181,1
362,181,1
363,182,1
364,182,1
365,182,1
366,182,1
367,183,1
368,183,1
369,183,1
370,184,1
371,184,1
372,184,1
372,185,1
373,185,1
374,185,1
375,186,1
376,186,1
377,186,1
378,187,1
379,187,1
380,188,1
381,188,1
382,188,1
383,189,1
384,190,1
385,190,1
386,191,1
387,191,1
388,191,1
389,192,1
390,192,1
391,193,1
392,193,1
393,194,1
394,194,1
395,195,1
396,195,1
397,196,1
398,196,1
399,196,1
400,197,1
401,198,1
402,198,1
403,199,1
404,199,1
405,200,1
406,200,1
407,201,1
408,202,1
409,202,1
410,203,1
411,203,1
412,204,1
413,204,1
414,205,1
415,205,1
416,206,1
417,206,1
417,207,1
418,207,1
419,208,1
420,208,1
421,209,1
422,210,1
423,210,1
424,211,1
425,211,1
426,212,1
427,212,1
428,213,1
428,214,1
429,214,1
430,215,1
431,215,1
432,216,1
433,217,1
434,217,1
435,218,1
436,219,1
437,219,1
438,220,1
439,221,1
440,222,1
441,223,1
442,223,1
443,224,1
444,225,1
445,225,1
446,226,1
447,227,1
448,228,1
449,229,1
450,230,1
451,230,1
451,231,1
452,232,1
453,232,1
454,233,1
454,234,1
455,235,1
456,235,1
456,236,1
457,237,1
458,238,1
459,238,1
459,239,1
460,240,1
461,241,1
461,242,1
462,243,1
463,244,1
463,245,1
463,246,1
464,247,1
464,248,1
464,249,1
465,250,1
465,251,1
465,252,1
464,253,1
464,254,1
463,255,1
359,245,0
250,239,1
251,239,1
252,239,1
253,239,1
254,239,1
255,239,1
256,239,1
257,239,1
258,239,1
259,239,1
260,239,1
261,239,1
262,239,1
263,239,1
264,239,1
265,239,1
266,239,1
267,239,1
268,239,1
269,239,1
270,239,1
271,239,1
272,239,1
273,239,1
274,239,1
275,239,1
276,239,1
277,239,1
278,239,1
279,238,1
280,238,1
281,238,1
282,238,1
283,238,1
284,238,1
285,238,1
286,238,1
287,238,1
288,238,1
289,238,1
290,238,1
291,238,1
292,238,1
293,238,1
294,238,1
295,238,1
296,238,1
297,238,1
298,238,1
299,238,1
300,238,1
301,238,1
302,238,1
303,238,1
304,238,1
305,238,1
306,238,1
307,238,1
308,238,1
309,238,1
310,238,1
311,238,1
312,238,1
313,238,1
314,238,1
315,238,1
316,238,1
317,238,1
318,238,1
319,238,1
320,238,1
321,238,1
322,238,1
323,238,1
324,238,1
325,238,1
326,238,1
327,238,1
328,238,1
329,238,1
330,238,1
331,238,1
332,238,1
333,238,1
334,238,1
335,238,1
336,238,1
337,238,1
338,238,1
339,238,1
340,238,1
341,238,1
342,238,1
343,238,1
344,238,1
345,238,1
346,238,1
347,238,1
348,238,1
349,238,1
350,238,1
351,238,1
352,238,1
353,238,1
354,238,1
355,238,1
356,238,1
357,238,1
358,238,1
359,238,1
360,238,1
361,238,1
362,238,1
363,238,1
364,238,1
365,238,1
366,238,1
367,238,1
368,238,1
369,238,1
370,239,1
371,239,1
372,239,1
373,239,1
374,239,1
375,239,1
376,239,1
377,239,1
378,239,1
379,239,1
380,239,1
381,239,1
382,239,1
383,239,1
384,239,1
385,239,1
386,239,1
387,239,1
388,239,1
389,239,1
390,239,1
391,239,1
392,239,1
393,239,1
394,239,1
395,239,1
396,239,1
397,239,1
398,239,1
399,239,1
400,239,1
401,240,1
402,240,1
403,240,1
404,240,1
405,240,1
406,240,1
407,240,1
408,240,1
409,240,1
410,240,1
411,240,1
412,240,1
413,240,1
414,241,1
415,241,1
416,241,1
417,241,1
418,241,1
419,241,1
420,241,1
421,241,1
422,241,1
423,241,1
424,241,1
425,242,1
426,242,1
427,242,1
428,242,1
429,242,1
430,242,1
431,242,1
432,242,1
433,242,1
434,242,1
435,242,1
436,243,1
437,243,1
438,243,1
439,243,1
440,243,1
441,243,1
442,243,1
443,243,1
444,243,1
445,243,1
446,244,1
447,244,1
448,244,1
449,244,1
450,244,1
451,244,1
452,244,1
453,244,1
454,244,1
455,245,1
456,245,1
457,245,1
458,245,1
459,245,1
460,245,1
461,245,1
462,245,1
463,245,1
464,246,1
465,246,1
466,246,1
467,246,1
468,246,1
469,246,1
470,246,1
471,246,1
472,246,1
472,247,1
473,247,1
474,247,1
475,247,1
476,247,1
477,247,1
478,247,1
479,247,1
480,247,1
481,248,1
482,248,1
483,248,1
484,248,1
485,248,1
486,248,1
487,248,1
488,249,1
489,249,1
490,249,1
491,249,1
492,249,1
493,249,1
494,249,1
495,249,1
496,250,1
497,250,1
498,250,1
499,250,1
500,250,1
501,250,1
502,250,1
503,250,1
504,250,1
505,250,1
506,250,1
507,251,1
508,251,1
509,251,1
510,251,1
511,251,1
512,251,1
513,251,1
514,251,1
515,252,1
516,252,1
517,252,1
518,252,1
519,252,1
520,253,1
521,253,1
522,253,1
523,253,1
524,253,1
525,253,1
526,254,1
527,254,1
528,254,1
529,254,1
530,254,1
531,254,1
532,255,1
533,255,1
534,255,1
535,255,1
536,255,1
537,255,1
538,256,1
539,256,1
540,256,1
541,256,1
542,256,1
543,257,1
544,257,1
545,257,1
546,257,1
547,257,1
548,257,1
549,258,1
550,258,1
551,258,1
552,258,1
553,258,1
554,259,1
555,259,1
556,259,1
557,259,1
558,259,1
559,259,1
560,260,1
561,260,1
562,260,1
563,260,1
564,260,1
565,260,1
566,260,1
567,261,1
568,261,1
569,261,1
570,261,1
571,261,1
572,261,1
573,261,1
574,262,1
575,262,1
576,262,1
577,262,1
578,262,1
579,262,1
580,262,1
581,262,1
582,263,1
583,263,1
584,263,1
585,263,1
586,263,1
587,264,1
588,264,1
589,264,1
590,264,1
591,264,1
592,265,1
593,265,1
594,265,1
595,265,1
596,265,1
597,266,1
598,266,1
599,266,1
600,266,1
601,266,1
602,266,1
603,267,1
604,267,1
605,267,1
606,267,1
607,267,1
608,268,1
609,268,1
610,268,1
611,268,1
612,268,1
613,268,1
614,269,1
615,269,1
616,269,1
617,269,1
618,270,1
619,270,1
620,270,1
621,270,1
622,270,1
623,270,1
624,271,1
625,271,1
626,271,1
627,271,1
628,271,1
629,271,1
630,271,1
631,272,1
632,272,1
633,272,1
634,272,1
635,272,1
636,272,1
637,272,1
638,272,1
639,272,1
639,273,1
640,273,1
641,273,1
642,273,1
643,273,1
644,273,1
645,273,1
646,273,1
647,274,1
648,274,1
649,274,1
650,274,1
651,274,1
652,274,1
653,275,1
654,275,1
655,275,1
656,275,1
657,275,1
658,275,1
659,275,1
660,276,1
661,276,1
662,276,1
663,276,1
664,276,1
665,276,1
666,277,1
667,277,1
668,277,1
669,277,1
670,277,1
671,277,1
672,277,1
672,278,1
673,278,1
674,278,1
675,278,1
676,278,1
677,278,1
678,278,1
679,278,1
680,279,1
681,279,1
682,279,1
683,279,1
684,279,1
685,279,1
686,280,1
687,280,1
688,280,1
689,280,1
690,280,1
691,280,1
692,280,1
693,280,1
694,281,1
695,281,1
696,281,1
697,281,1
698,281,1
699,281,1
700,281,1
701,282,1
702,282,1
703,282,1
704,282,1
705,282,1
706,282,1
707,282,1
708,282,1
709,282,1
710,282,1
711,282,1
712,283,1
713,283,1
714,283,1
715,283,1
716,282,1
717,282,1
718,282,1
719,282,1
720,282,1
720,281,1
719,281,1
718,280,1
718,280,0
