185,211,1
181,260,1
181,261,1
181,262,1
181,263,1
181,264,1
181,265,1
181,266,1
181,267,1
181,268,1
181,269,1
180,270,1
180,271,1
180,272,1
180,273,1
180,274,1
180,275,1
180,276,1
179,277,1
179,278,1
179,279,1
179,280,1
179,281,1
179,282,1
179,283,1
179,284,1
179,285,1
179,286,1
179,287,1
179,288,1
179,289,1
179,290,1
179,291,1
179,292,1
179,293,1
178,294,1
178,295,1
178,296,1
178,297,1
178,298,1
178,299,1
178,300,1
178,301,1
177,302,1
177,303,1
177,304,1
177,305,1
177,306,1
177,307,1
177,308,1
177,309,1
177,310,1
177,311,1
177,312,1
177,313,1
177,314,1
177,315,1
176,316,1
176,317,1
176,318,1
176,319,1
176,320,1
176,321,1
176,322,1
176,323,1
176,324,1
176,325,1
176,326,1
176,327,1
176,328,1
176,329,1
176,330,1
176,331,1
176,332,1
176,333,1
176,334,1
176,335,1
176,336,1
176,337,1
176,338,1
176,339,1
176,340,1
176,341,1
176,342,1
176,343,1
176,344,1
176,345,1
176,346,1
176,347,1
176,348,1
176,349,1
177,349,1
219,278,0
259,209,1
260,209,1
261,209,1
262,208,1
263,208,1
264,208,1
265,208,1
266,208,1
267,207,1
268,207,1
269,207,1
270,207,1
271,207,1
272,207,1
273,207,1
274,207,1
275,208,1
276,208,1
277,208,1
278,208,1
279,208,1
279,209,1
280,209,1
281,209,1
282,209,1
283,210,1
284,210,1
285,210,1
286,211,1
287,211,1
288,212,1
289,212,1
289,213,1
290,213,1
291,214,1
292,214,1
292,215,1
293,215,1
293,216,1
294,216,1
294,217,1
295,217,1
295,218,1
296,219,1
297,220,1
297,221,1
298,222,1
298,223,1
298,224,1
299,224,1
299,225,1
299,226,1
300,227,1
300,228,1
300,229,1
300,230,1
301,231,1
301,232,1
301,233,1
301,234,1
300,235,1
300,236,1
300,237,1
300,238,1
299,239,1
299,240,1
299,241,1
298,242,1
298,243,1
297,244,1
297,245,1
296,246,1
296,247,1
295,247,1
295,248,1
294,249,1
293,250,1
292,250,1
292,251,1
291,251,1
291,252,1
290,252,1
290,253,1
289,253,1
288,254,1
287,255,1
286,255,1
285,256,1
261,275,1
262,276,1
263,277,1
264,277,1
264,278,1
265,278,1
266,279,1
267,280,1
268,280,1
268,281,1
269,281,1
270,282,1
271,283,1
272,283,1
272,284,1
273,284,1
274,285,1
274,286,1
275,286,1
276,287,1
277,288,1
278,288,1
278,289,1
279,289,1
280,290,1
280,291,1
281,291,1
282,292,1
283,293,1
284,294,1
285,295,1
286,295,1
286,296,1
287,297,1
288,297,1
288,298,1
289,299,1
290,300,1
291,301,1
292,302,1
293,303,1
293,304,1
294,304,1
294,305,1
295,306,1
296,306,1
296,307,1
297,308,1
298,309,1
298,310,1
299,310,1
299,311,1
300,312,1
301,312,1
301,313,1
302,313,1
302,314,1
303,315,1
304,316,1
304,317,1
305,317,1
305,318,1
306,319,1
307,320,1
307,321,1
308,321,1
308,322,1
309,323,1
309,324,1
310,324,1
311,325,1
311,326,1
312,327,1
312,328,1
313,328,1
313,329,1
314,330,1
315,331,1
316,332,1
316,333,1
317,333,1
317,334,1
318,335,1
319,336,1
320,337,1
320,338,1
321,338,1
321,339,1
322,340,1
323,341,1
324,341,1
309,270,0
299,201,1
298,201,1
297,200,1
296,200,1
295,199,1
294,199,1
293,198,1
292,198,1
291,198,1
291,197,1
290,197,1
289,197,1
288,196,1
287,196,1
286,196,1
285,195,1
284,195,1
283,195,1
282,195,1
281,195,1
280,194,1
279,194,1
278,194,1
277,194,1
276,194,1
275,194,1
274,194,1
273,194,1
272,193,1
271,193,1
270,193,1
269,193,1
268,193,1
267,193,1
266,193,1
265,193,1
264,193,1
263,193,1
262,193,1
261,193,1
261,194,1
260,194,1
259,194,1
258,194,1
257,194,1
256,194,1
255,194,1
254,195,1
253,195,1
252,195,1
251,195,1
250,196,1
249,196,1
248,197,1
247,197,1
246,198,1
245,198,1
244,199,1
243,199,1
243,200,1
242,201,1
241,202,1
240,203,1
239,204,1
239,205,1
238,206,1
238,207,1
238,208,1
238,209,1
238,210,1
238,211,1
239,212,1
239,213,1
240,214,1
241,215,1
241,216,1
242,216,1
243,217,1
244,217,1
245,218,1
246,218,1
247,218,1
247,219,1
248,219,1
249,219,1
250,219,1
251,219,1
252,219,1
253,219,1
254,219,1
255,219,1
256,219,1
257,219,1
258,219,1
259,219,1
260,219,1
261,219,1
262,219,1
263,219,1
264,219,1
265,219,1
266,218,1
267,218,1
268,218,1
269,217,1
270,217,1
271,217,1
271,216,1
272,216,1
273,216,1
274,216,1
274,215,1
275,215,1
276,215,1
277,215,1
278,214,1
279,214,1
280,214,1
281,213,1
282,213,1
283,212,1
284,212,1
285,211,1
286,211,1
287,210,1
288,209,1
289,208,1
290,208,1
290,207,1
291,207,1
336,214,0
384,217,1
384,218,1
384,219,1
383,220,1
383,221,1
383,222,1
383,223,1
383,224,1
383,225,1
382,226,1
382,227,1
382,228,1
382,229,1
382,230,1
382,231,1
382,232,1
382,233,1
382,234,1
382,235,1
382,236,1
382,237,1
382,238,1
381,239,1
381,240,1
381,241,1
381,242,1
381,243,1
381,244,1
381,245,1
381,246,1
381,247,1
381,248,1
381,249,1
381,250,1
381,251,1
381,252,1
381,253,1
381,254,1
382,254,1
382,255,1
382,256,1
382,257,1
382,258,1
382,259,1
382,260,1
382,261,1
382,262,1
382,263,1
382,264,1
382,265,1
382,266,1
382,267,1
383,268,1
383,269,1
383,270,1
383,271,1
383,272,1
383,273,1
383,274,1
383,275,1
384,276,1
384,277,1
384,278,1
384,279,1
384,280,1
384,281,1
384,282,1
384,283,1
384,284,1
384,285,1
384,286,1
384,287,1
384,288,1
385,289,1
385,290,1
385,291,1
385,292,1
385,293,1
385,294,1
386,294,1
386,295,1
386,296,1
386,297,1
386,298,1
386,299,1
386,300,1
386,301,1
386,302,1
386,303,1
386,304,1
387,304,1
387,305,1
387,306,1
387,307,1
387,308,1
387,309,1
388,310,1
388,311,1
388,312,1
388,313,1
388,314,1
389,315,1
389,316,1
389,317,1
389,318,1
389,319,1
389,320,1
389,321,1
389,322,1
389,323,1
389,324,1
389,325,1
389,326,1
262,270,0
133,217,1
133,216,1
134,216,1
134,215,1
135,214,1
135,213,1
136,212,1
136,211,1
137,210,1
138,209,1
138,208,1
139,208,1
139,207,1
140,207,1
140,206,1
141,205,1
142,204,1
142,203,1
143,203,1
143,202,1
144,202,1
145,201,1
145,200,1
146,200,1
146,199,1
147,198,1
148,198,1
148,197,1
149,196,1
150,195,1
151,194,1
152,193,1
153,192,1
154,191,1
155,190,1
156,189,1
157,189,1
157,188,1
158,187,1
159,187,1
159,186,1
160,186,1
161,185,1
162,184,1
163,183,1
164,183,1
164,182,1
165,182,1
166,181,1
167,180,1
168,180,1
168,179,1
169,179,1
170,178,1
171,177,1
172,177,1
172,176,1
173,176,1
174,176,1
174,175,1
175,175,1
176,174,1
177,173,1
178,173,1
179,172,1
180,171,1
181,171,1
181,170,1
182,170,1
183,170,1
184,169,1
185,168,1
186,168,1
187,167,1
188,167,1
189,166,1
190,166,1
191,165,1
192,165,1
193,164,1
194,164,1
195,163,1
196,163,1
197,162,1
198,162,1
199,162,1
199,161,1
200,161,1
201,161,1
201,160,1
202,160,1
203,160,1
204,160,1
204,159,1
205,159,1
206,159,1
206,158,1
207,158,1
208,158,1
209,158,1
209,157,1
210,157,1
211,157,1
212,156,1
213,156,1
214,156,1
215,156,1
215,155,1
216,155,1
217,155,1
218,155,1
219,154,1
220,154,1
221,154,1
222,153,1
223,153,1
224,153,1
225,153,1
226,152,1
227,152,1
228,152,1
229,152,1
229,151,1
230,151,1
231,151,1
232,151,1
233,151,1
234,151,1
234,150,1
235,150,1
236,150,1
237,150,1
238,150,1
239,150,1
239,149,1
240,149,1
241,149,1
242,149,1
243,149,1
244,149,1
245,149,1
246,149,1
247,149,1
248,149,1
249,148,1
250,148,1
251,148,1
252,148,1
253,148,1
254,148,1
255,147,1
256,147,1
257,147,1
258,147,1
259,147,1
260,147,1
261,147,1
262,147,1
263,147,1
264,147,1
265,147,1
266,147,1
267,147,1
268,147,1
269,147,1
270,147,1
271,147,1
272,147,1
273,147,1
274,147,1
275,147,1
276,147,1
277,147,1
278,147,1
279,147,1
280,147,1
281,147,1
282,147,1
283,147,1
284,147,1
285,147,1
286,147,1
287,148,1
288,148,1
289,148,1
290,148,1
291,148,1
292,148,1
293,148,1
294,149,1
295,149,1
296,149,1
297,149,1
298,149,1
299,149,1
300,149,1
301,149,1
302,149,1
303,150,1
304,150,1
305,150,1
306,150,1
307,150,1
308,151,1
309,151,1
310,151,1
311,151,1
311,152,1
312,152,1
313,152,1
314,152,1
315,153,1
316,153,1
317,153,1
318,154,1
319,154,1
320,154,1
321,155,1
322,155,1
323,155,1
324,155,1
324,156,1
325,156,1
326,156,1
327,157,1
328,157,1
329,158,1
330,158,1
331,159,1
332,159,1
333,160,1
334,160,1
335,161,1
336,161,1
337,162,1
338,162,1
339,163,1
340,163,1
341,164,1
342,165,1
343,165,1
344,166,1
345,167,1
346,167,1
346,168,1
347,168,1
348,169,1
349,170,1
350,171,1
351,172,1
352,172,1
352,173,1
353,173,1
353,174,1
354,175,1
355,176,1
356,176,1
356,177,1
357,178,1
358,179,1
359,180,1
359,181,1
360,182,1
361,182,1
361,183,1
361,184,1
362,184,1
362,185,1
363,186,1
364,187,1
364,188,1
365,189,1
365,190,1
366,191,1
367,192,1
367,193,1
367,194,1
368,194,1
368,195,1
368,196,1
369,196,1
369,197,1
369,198,1
370,199,1
370,200,1
370,201,1
371,201,1
371,202,1
371,203,1
372,204,1
372,205,1
372,206,1
373,206,1
373,207,1
373,208,1
373,209,1
374,210,1
374,211,1
374,212,1
375,213,1
375,214,1
375,215,1
375,216,1
376,217,1
376,218,1
376,219,1
376,220,1
376,221,1
376,222,1
376,223,1
377,224,1
377,225,1
377,226,1
377,227,1
378,228,1
378,229,1
378,230,1
378,231,1
379,232,1
379,233,1
379,234,1
379,235,1
379,236,1
379,237,1
379,238,1
380,239,1
380,240,1
380,241,1
380,242,1
381,243,1
381,244,1
381,245,1
381,246,1
381,247,1
382,248,1
382,249,1
382,250,1
382,251,1
383,251,1
383,252,1
384,253,1
384,254,1
385,255,1
386,256,1
387,256,1
462,250,0
539,242,1
539,243,1
539,244,1
539,245,1
539,246,1
538,247,1
538,248,1
538,249,1
538,250,1
538,251,1
538,252,1
537,253,1
537,254,1
537,255,1
537,256,1
537,257,1
537,258,1
537,259,1
537,260,1
536,261,1
536,262,1
536,263,1
536,264,1
536,265,1
536,266,1
536,267,1
536,268,1
536,269,1
536,270,1
536,271,1
536,272,1
536,273,1
536,274,1
536,275,1
536,276,1
536,277,1
536,278,1
535,279,1
535,280,1
535,281,1
535,282,1
535,283,1
535,284,1
535,285,1
535,286,1
535,287,1
535,288,1
535,289,1
534,290,1
534,291,1
534,292,1
534,293,1
534,294,1
534,295,1
534,296,1
534,297,1
534,298,1
534,299,1
534,300,1
534,301,1
534,302,1
534,303,1
534,304,1
534,305,1
534,306,1
534,307,1
534,308,1
534,309,1
533,309,1
533,310,1
533,311,1
533,312,1
533,313,1
533,314,1
532,315,1
532,316,1
532,317,1
530,285,0
530,256,1
529,256,1
529,255,1
528,254,1
527,253,1
526,252,1
525,251,1
525,250,1
524,250,1
523,249,1
522,248,1
521,247,1
520,247,1
520,246,1
519,246,1
518,245,1
517,245,1
516,244,1
515,243,1
514,243,1
514,242,1
513,242,1
512,242,1
512,241,1
511,241,1
510,241,1
510,240,1
509,240,1
508,240,1
508,239,1
507,239,1
506,239,1
506,238,1
505,238,1
504,238,1
504,237,1
503,237,1
502,237,1
501,237,1
500,236,1
499,236,1
498,236,1
497,235,1
496,235,1
495,235,1
494,235,1
493,235,1
492,234,1
491,234,1
490,234,1
489,234,1
488,234,1
487,234,1
486,234,1
485,234,1
484,234,1
483,234,1
482,234,1
481,234,1
480,234,1
479,234,1
478,234,1
477,234,1
476,234,1
475,234,1
474,234,1
473,234,1
472,234,1
471,234,1
470,234,1
469,235,1
468,235,1
467,235,1
466,235,1
465,235,1
464,236,1
463,236,1
462,236,1
461,236,1
460,237,1
459,237,1
458,237,1
457,237,1
456,238,1
455,238,1
454,238,1
454,239,1
453,239,1
452,239,1
451,240,1
450,240,1
449,241,1
448,241,1
447,242,1
446,242,1
445,243,1
444,243,1
444,244,1
443,244,1
442,244,1
442,245,1
441,245,1
440,246,1
439,247,1
438,247,1
438,248,1
437,248,1
436,249,1
436,250,1
435,250,1
434,251,1
434,252,1
433,252,1
433,253,1
432,253,1
432,254,1
431,255,1
430,256,1
430,257,1
429,258,1
429,259,1
429,260,1
428,261,1
428,262,1
428,263,1
428,264,1
428,265,1
428,266,1
428,267,1
428,268,1
429,268,1
429,269,1
429,270,1
430,271,1
430,272,1
431,273,1
432,274,1
433,275,1
434,276,1
435,276,1
436,277,1
437,277,1
438,278,1
439,278,1
440,278,1
441,279,1
442,279,1
443,279,1
444,279,1
445,279,1
446,279,1
447,279,1
448,279,1
449,279,1
450,279,1
451,279,1
452,279,1
453,279,1
454,279,1
455,279,1
456,279,1
457,279,1
458,279,1
459,279,1
460,279,1
461,279,1
461,278,1
462,278,1
463,278,1
464,278,1
465,277,1
466,277,1
467,277,1
468,277,1
469,276,1
470,276,1
471,276,1
472,275,1
473,275,1
474,275,1
475,275,1
476,274,1
477,274,1
478,274,1
479,273,1
480,273,1
481,273,1
481,272,1
482,272,1
483,272,1
484,271,1
485,271,1
486,270,1
487,270,1
488,270,1
488,269,1
489,269,1
490,269,1
491,269,1
491,268,1
539,266,0
589,261,1
588,262,1
588,263,1
587,264,1
587,265,1
586,266,1
586,267,1
586,268,1
585,269,1
585,270,1
585,271,1
584,271,1
584,272,1
584,273,1
583,274,1
583,275,1
583,276,1
582,276,1
582,277,1
582,278,1
581,279,1
581,280,1
580,281,1
580,282,1
580,283,1
580,284,1
579,284,1
579,285,1
579,286,1
578,286,1
578,287,1
578,288,1
577,289,1
577,290,1
577,291,1
576,291,1
576,292,1
576,293,1
575,294,1
575,295,1
575,296,1
574,297,1
574,298,1
574,299,1
573,299,1
573,300,1
573,301,1
572,301,1
572,302,1
572,303,1
572,304,1
571,304,1
571,305,1
571,306,1
570,306,1
570,307,1
570,308,1
569,309,1
343,249,0
113,191,1
114,191,1
115,191,1
116,191,1
117,191,1
118,191,1
119,192,1
120,192,1
121,192,1
122,192,1
123,192,1
124,192,1
125,192,1
126,192,1
127,192,1
128,192,1
129,193,1
130,193,1
131,193,1
132,193,1
133,193,1
134,193,1
135,193,1
136,193,1
136,194,1
137,194,1
138,194,1
139,194,1
140,194,1
141,194,1
142,194,1
143,194,1
144,194,1
145,194,1
146,194,1
147,194,1
148,194,1
149,194,1
150,194,1
151,194,1
151,195,1
152,195,1
153,195,1
154,195,1
155,195,1
156,195,1
157,195,1
158,195,1
159,195,1
159,196,1
160,196,1
161,196,1
162,196,1
163,196,1
164,196,1
165,196,1
166,196,1
167,196,1
168,196,1
169,196,1
170,196,1
171,196,1
172,196,1
173,196,1
174,196,1
174,197,1
175,197,1
176,197,1
177,197,1
178,197,1
179,197,1
180,197,1
181,197,1
182,197,1
183,198,1
184,198,1
185,198,1
186,198,1
187,198,1
188,198,1
189,198,1
190,198,1
191,198,1
191,199,1
192,199,1
193,199,1
194,199,1
195,199,1
196,199,1
197,199,1
198,199,1
199,199,1
200,199,1
201,199,1
202,199,1
203,199,1
204,199,1
205,199,1
206,199,1
207,199,1
208,199,1
209,199,1
209,200,1
210,200,1
211,200,1
212,200,1
213,200,1
214,200,1
215,200,1
216,200,1
217,200,1
218,200,1
219,201,1
220,201,1
221,201,1
222,201,1
223,201,1
224,201,1
225,201,1
226,201,1
227,201,1
228,201,1
229,201,1
230,201,1
231,201,1
232,201,1
233,201,1
234,201,1
235,201,1
236,201,1
237,201,1
238,202,1
239,202,1
240,202,1
241,202,1
242,202,1
243,202,1
244,202,1
245,202,1
246,202,1
247,202,1
248,203,1
249,203,1
250,203,1
251,203,1
252,203,1
253,203,1
254,203,1
255,203,1
256,203,1
257,203,1
258,204,1
259,204,1
260,204,1
261,204,1
262,204,1
263,204,1
264,204,1
265,204,1
266,204,1
267,204,1
268,204,1
269,204,1
270,204,1
271,204,1
272,204,1
273,204,1
274,204,1
275,204,1
276,204,1
277,204,1
278,204,1
279,204,1
280,205,1
281,205,1
282,205,1
283,205,1
284,205,1
285,205,1
286,205,1
287,205,1
288,205,1
289,205,1
290,205,1
291,205,1
292,205,1
293,205,1
294,206,1
295,206,1
296,206,1
297,206,1
298,206,1
299,206,1
300,206,1
301,206,1
302,206,1
303,206,1
304,206,1
305,206,1
306,206,1
307,206,1
308,206,1
309,206,1
310,206,1
311,206,1
312,206,1
313,206,1
314,206,1
315,206,1
316,206,1
317,206,1
318,206,1
319,206,1
320,206,1
321,206,1
322,206,1
323,206,1
324,206,1
325,207,1
326,207,1
327,207,1
328,207,1
329,207,1
330,207,1
331,207,1
332,207,1
333,207,1
334,207,1
335,207,1
336,207,1
337,207,1
338,207,1
339,207,1
340,207,1
341,207,1
342,207,1
343,207,1
344,208,1
345,208,1
346,208,1
347,208,1
348,208,1
349,208,1
350,208,1
351,208,1
352,208,1
353,208,1
354,208,1
355,208,1
356,208,1
357,208,1
358,208,1
359,208,1
360,209,1
361,209,1
362,209,1
363,209,1
364,209,1
365,209,1
366,209,1
367,209,1
368,209,1
369,209,1
370,209,1
371,209,1
372,209,1
373,209,1
374,209,1
375,209,1
376,209,1
377,209,1
378,209,1
379,209,1
380,209,1
381,209,1
382,209,1
383,209,1
384,209,1
385,209,1
386,209,1
387,209,1
388,209,1
389,209,1
389,210,1
390,210,1
391,210,1
392,210,1
393,210,1
394,210,1
395,210,1
396,210,1
397,210,1
398,210,1
399,210,1
400,210,1
401,210,1
402,210,1
403,210,1
404,210,1
405,210,1
406,211,1
407,211,1
408,211,1
409,211,1
410,211,1
411,211,1
412,211,1
413,211,1
414,211,1
415,211,1
416,211,1
417,211,1
418,211,1
419,211,1
420,211,1
421,211,1
422,211,1
423,211,1
424,211,1
425,211,1
426,211,1
427,211,1
428,211,1
429,211,1
430,211,1
431,211,1
432,211,1
433,211,1
434,211,1
435,211,1
436,211,1
437,212,1
438,212,1
439,212,1
440,212,1
441,212,1
442,212,1
443,212,1
444,212,1
445,212,1
446,212,1
447,212,1
448,213,1
449,213,1
450,213,1
451,213,1
452,213,1
453,213,1
454,213,1
455,213,1
456,213,1
457,214,1
458,214,1
459,214,1
460,214,1
461,214,1
462,214,1
463,214,1
464,214,1
465,214,1
466,214,1
467,214,1
468,214,1
469,214,1
470,214,1
471,214,1
472,214,1
473,214,1
474,214,1
475,215,1
476,215,1
477,215,1
478,215,1
479,215,1
480,215,1
481,215,1
482,215,1
483,215,1
484,216,1
485,216,1
486,216,1
487,216,1
488,216,1
489,216,1
490,216,1
491,216,1
492,216,1
493,216,1
494,216,1
495,216,1
496,216,1
497,216,1
498,216,1
499,217,1
500,217,1
501,217,1
502,217,1
503,217,1
504,217,1
505,217,1
506,218,1
507,218,1
508,218,1
509,218,1
510,218,1
511,218,1
511,219,1
512,219,1
513,219,1
514,219,1
515,219,1
516,219,1
517,219,1
518,219,1
519,219,1
520,219,1
521,219,1
522,219,1
523,220,1
524,220,1
525,220,1
526,220,1
527,220,1
528,220,1
529,221,1
530,221,1
531,221,1
532,221,1
533,221,1
534,221,1
535,221,1
536,221,1
537,221,1
538,222,1
539,222,1
540,222,1
541,222,1
542,222,1
543,223,1
544,223,1
545,223,1
546,223,1
547,224,1
548,224,1
549,224,1
550,224,1
551,224,1
552,224,1
553,224,1
554,224,1
555,224,1
556,225,1
557,225,1
558,225,1
559,225,1
560,226,1
561,226,1
562,226,1
563,226,1
564,226,1
565,226,1
566,226,1
567,227,1
568,227,1
569,227,1
570,227,1
571,227,1
571,228,1
572,228,1
573,228,1
574,228,1
575,229,1
576,229,1
577,229,1
578,229,1
579,229,1
580,229,1
581,230,1
582,230,1
583,230,1
584,230,1
585,230,1
586,231,1
587,231,1
588,231,1
589,231,1
590,231,1
591,231,1
591,232,1
592,232,1
593,232,1
593,231,1
592,231,0
