292,303,1
292,304,1
293,353,1
293,354,1
293,355,1
292,356,1
292,357,1
292,358,1
292,359,1
292,360,1
292,361,1
292,362,1
292,363,1
292,364,1
292,365,1
292,366,1
292,367,1
292,368,1
292,369,1
292,370,1
292,371,1
292,372,1
292,373,1
292,374,1
292,375,1
292,376,1
292,377,1
292,378,1
291,379,1
291,380,1
291,381,1
291,382,1
291,383,1
291,384,1
291,385,1
291,386,1
291,387,1
291,388,1
291,389,1
291,390,1
291,391,1
291,392,1
291,393,1
291,394,1
291,395,1
291,396,1
290,397,1
290,398,1
290,399,1
290,400,1
290,401,1
290,402,1
290,403,1
290,404,1
290,405,1
290,406,1
290,407,1
290,408,1
290,409,1
290,410,1
289,411,1
289,412,1
289,413,1
289,414,1
289,415,1
289,416,1
289,417,1
289,418,1
289,419,1
289,420,1
289,421,1
289,422,1
289,423,1
289,424,1
288,425,1
288,426,1
288,427,1
288,428,1
288,429,1
288,430,1
288,431,1
288,432,1
288,433,1
288,434,1
288,435,1
288,436,1
287,437,1
287,438,1
287,439,1
287,440,1
287,441,1
287,442,1
287,443,1
287,444,1
287,445,1
287,446,1
287,447,1
287,448,1
287,449,1
286,450,1
286,451,1
286,452,1
286,453,1
286,454,1
286,455,1
286,456,1
286,457,1
286,458,1
286,459,1
286,460,1
286,461,1
286,462,1
286,463,1
286,464,1
286,465,1
286,466,1
286,467,1
285,468,1
285,469,1
285,470,1
285,471,1
285,472,1
285,473,1
285,474,1
285,475,1
285,476,1
285,477,1
285,478,1
285,479,1
285,480,1
284,481,1
284,482,1
284,483,1
284,484,1
284,485,1
284,486,1
284,487,1
284,488,1
284,489,1
284,490,1
284,491,1
283,492,1
283,493,1
283,494,1
283,495,1
283,496,1
283,497,1
283,498,1
283,499,1
283,500,1
283,501,1
283,502,1
283,503,1
283,504,1
282,505,1
282,506,1
282,507,1
282,508,1
282,509,1
282,510,1
282,511,1
282,512,1
282,513,1
282,514,1
282,515,1
282,516,1
282,517,1
281,518,1
281,519,1
281,520,1
281,521,1
281,522,1
281,523,1
281,524,1
281,525,1
281,526,1
281,527,1
281,528,1
281,529,1
280,530,1
280,531,1
280,532,1
280,533,1
280,534,1
280,535,1
280,536,1
280,537,1
280,538,1
280,539,1
280,540,1
280,541,1
280,542,1
280,543,1
280,544,1
279,545,1
279,546,1
279,547,1
279,548,1
279,549,1
279,550,1
279,551,1
279,552,1
279,553,1
279,554,1
279,555,1
279,556,1
279,557,1
279,558,1
279,559,1
279,560,1
279,561,1
279,562,1
279,563,1
278,564,1
278,565,1
278,566,1
278,567,1
278,568,1
278,569,1
278,570,1
278,571,1
278,572,1
278,573,1
278,574,1
278,575,1
278,576,1
278,577,1
278,578,1
278,579,1
278,580,1
278,581,1
278,582,1
278,583,1
277,584,1
277,585,1
277,586,1
277,587,1
281,638,1
281,639,1
281,640,1
281,641,1
282,642,1
282,643,1
282,644,1
283,644,1
337,476,0
386,323,1
386,322,1
387,322,1
388,321,1
389,321,1
390,320,1
391,319,1
392,319,1
393,318,1
394,318,1
395,317,1
396,317,1
397,317,1
398,317,1
399,316,1
400,316,1
401,316,1
402,316,1
403,316,1
404,315,1
405,315,1
406,315,1
407,315,1
408,315,1
409,315,1
410,315,1
411,314,1
412,314,1
413,314,1
414,314,1
415,314,1
416,314,1
417,314,1
418,314,1
419,314,1
420,314,1
421,314,1
422,314,1
423,314,1
424,314,1
425,314,1
426,314,1
427,314,1
428,314,1
429,315,1
430,315,1
431,315,1
478,341,1
478,342,1
479,343,1
480,344,1
481,345,1
481,346,1
482,347,1
482,348,1
483,349,1
484,350,1
484,351,1
485,352,1
485,353,1
486,354,1
486,355,1
486,356,1
487,356,1
487,357,1
487,358,1
488,359,1
488,360,1
488,361,1
489,362,1
489,363,1
489,364,1
489,365,1
489,366,1
489,367,1
490,368,1
490,369,1
490,370,1
490,371,1
490,372,1
490,373,1
490,374,1
490,375,1
490,376,1
490,377,1
490,378,1
490,379,1
490,380,1
490,381,1
490,382,1
490,383,1
490,384,1
490,385,1
489,386,1
489,387,1
489,388,1
489,389,1
488,389,1
488,390,1
488,391,1
488,392,1
487,393,1
487,394,1
487,395,1
486,396,1
486,397,1
486,398,1
485,399,1
484,400,1
484,401,1
483,402,1
483,403,1
483,404,1
482,405,1
481,406,1
481,407,1
480,408,1
480,409,1
479,409,1
479,410,1
478,411,1
477,412,1
477,413,1
476,413,1
476,414,1
475,415,1
474,416,1
473,417,1
473,418,1
472,419,1
471,419,1
471,420,1
470,421,1
469,422,1
468,423,1
467,424,1
467,425,1
466,425,1
465,426,1
465,427,1
464,428,1
463,428,1
463,429,1
462,430,1
461,431,1
460,431,1
460,432,1
459,433,1
458,434,1
457,435,1
457,436,1
456,437,1
455,437,1
455,438,1
454,439,1
453,440,1
452,441,1
452,442,1
451,443,1
451,444,1
450,444,1
450,445,1
449,446,1
449,447,1
448,447,1
448,448,1
447,449,1
447,450,1
446,451,1
446,452,1
445,453,1
445,454,1
445,455,1
445,456,1
444,457,1
444,458,1
444,459,1
444,460,1
444,461,1
444,462,1
443,463,1
443,464,1
443,465,1
444,466,1
444,467,1
444,468,1
444,469,1
444,470,1
444,471,1
444,472,1
445,473,1
445,474,1
445,475,1
445,476,1
446,477,1
446,478,1
446,479,1
447,480,1
447,481,1
448,482,1
448,483,1
449,484,1
449,485,1
450,486,1
450,487,1
451,488,1
451,489,1
452,490,1
453,491,1
453,492,1
454,493,1
455,494,1
455,495,1
456,496,1
457,497,1
458,498,1
458,499,1
459,500,1
460,500,1
460,501,1
461,502,1
461,503,1
462,504,1
463,504,1
463,505,1
464,506,1
465,507,1
465,508,1
466,508,1
467,509,1
467,510,1
468,511,1
469,511,1
469,512,1
470,513,1
471,514,1
472,515,1
473,516,1
474,517,1
475,518,1
475,519,1
476,520,1
477,520,1
477,521,1
478,522,1
479,523,1
480,523,1
480,524,1
481,525,1
482,526,1
483,527,1
484,528,1
484,529,1
485,529,1
486,530,1
486,531,1
487,532,1
488,532,1
488,533,1
489,534,1
490,535,1
491,536,1
492,537,1
492,538,1
493,538,1
494,539,1
494,540,1
495,541,1
496,541,1
496,542,1
497,543,1
498,544,1
499,545,1
500,546,1
500,547,1
501,547,1
502,548,1
503,549,1
503,550,1
504,551,1
505,551,1
505,552,1
506,553,1
507,554,1
508,555,1
509,556,1
509,557,1
510,558,1
511,558,1
511,559,1
512,560,1
513,561,1
514,561,1
514,562,1
515,563,1
516,564,1
516,565,1
517,565,1
518,566,1
518,567,1
519,568,1
520,569,1
521,569,1
521,570,1
522,571,1
523,572,1
523,573,1
524,573,1
525,574,1
526,575,1
526,576,1
527,577,1
528,578,1
529,579,1
530,580,1
531,581,1
531,582,1
532,582,1
533,583,1
533,584,1
534,585,1
535,586,1
536,587,1
537,588,1
537,589,1
538,590,1
480,441,0
439,297,1
438,297,1
438,298,1
437,298,1
436,299,1
435,299,1
434,299,1
433,299,1
432,300,1
431,300,1
430,300,1
429,301,1
428,301,1
427,301,1
426,302,1
425,302,1
425,303,1
424,303,1
423,303,1
422,304,1
421,304,1
420,305,1
419,305,1
419,306,1
418,306,1
417,307,1
416,307,1
415,308,1
414,308,1
413,308,1
412,309,1
411,310,1
410,310,1
409,311,1
408,312,1
407,312,1
407,313,1
406,313,1
405,314,1
404,314,1
403,315,1
402,316,1
401,316,1
401,317,1
400,317,1
399,318,1
398,319,1
397,319,1
397,320,1
396,321,1
395,321,1
394,322,1
393,323,1
392,323,1
392,324,1
391,325,1
390,325,1
389,326,1
389,327,1
388,328,1
387,328,1
386,329,1
385,330,1
384,331,1
383,332,1
383,333,1
382,333,1
381,334,1
381,335,1
380,336,1
379,337,1
378,338,1
378,339,1
377,340,1
376,340,1
376,341,1
375,342,1
375,343,1
374,344,1
374,345,1
373,345,1
373,346,1
372,347,1
372,348,1
371,349,1
371,350,1
371,351,1
370,352,1
370,353,1
369,354,1
369,355,1
369,356,1
369,357,1
368,358,1
368,359,1
368,360,1
368,361,1
368,362,1
368,363,1
368,364,1
368,365,1
367,366,1
367,367,1
368,368,1
368,369,1
368,370,1
368,371,1
368,372,1
368,373,1
369,374,1
369,375,1
369,376,1
369,377,1
370,378,1
370,379,1
371,380,1
371,381,1
372,382,1
372,383,1
373,384,1
374,385,1
374,386,1
375,387,1
376,387,1
376,388,1
377,388,1
377,389,1
378,390,1
379,390,1
379,391,1
380,391,1
381,392,1
382,392,1
382,393,1
383,393,1
384,394,1
385,395,1
386,395,1
387,396,1
388,396,1
389,397,1
390,398,1
391,398,1
392,398,1
393,399,1
394,399,1
395,399,1
395,400,1
396,400,1
397,400,1
398,400,1
399,401,1
400,401,1
401,401,1
402,401,1
403,402,1
404,402,1
405,402,1
406,402,1
407,402,1
408,403,1
409,403,1
410,403,1
411,403,1
412,403,1
413,403,1
414,403,1
415,403,1
416,403,1
417,403,1
418,403,1
419,403,1
420,403,1
421,403,1
422,403,1
423,403,1
424,403,1
425,403,1
426,403,1
427,403,1
428,403,1
429,403,1
430,403,1
431,403,1
432,403,1
433,403,1
434,402,1
435,402,1
436,402,1
437,402,1
438,402,1
439,402,1
440,402,1
441,401,1
442,401,1
443,401,1
444,401,1
445,401,1
446,401,1
447,400,1
448,400,1
449,400,1
450,400,1
451,399,1
452,399,1
453,399,1
454,399,1
455,398,1
456,398,1
457,398,1
458,397,1
459,397,1
460,397,1
461,396,1
462,396,1
463,396,1
464,395,1
465,395,1
466,395,1
467,394,1
468,394,1
469,394,1
470,393,1
471,393,1
472,393,1
473,392,1
474,392,1
474,391,1
475,391,1
476,390,1
477,390,1
478,389,1
479,389,1
480,388,1
481,387,1
482,387,1
483,386,1
484,386,1
485,385,1
545,386,0
614,370,1
614,371,1
614,372,1
614,373,1
614,374,1
614,375,1
614,376,1
614,377,1
614,378,1
615,379,1
615,380,1
615,381,1
615,382,1
615,383,1
615,384,1
615,385,1
615,386,1
615,387,1
615,388,1
615,389,1
616,390,1
616,391,1
616,392,1
616,393,1
616,394,1
616,395,1
616,396,1
616,397,1
616,398,1
616,399,1
616,400,1
616,401,1
617,402,1
617,403,1
617,404,1
617,405,1
617,406,1
617,407,1
617,408,1
617,409,1
617,410,1
617,411,1
617,412,1
617,413,1
617,414,1
618,415,1
618,416,1
618,417,1
618,418,1
618,419,1
618,420,1
618,421,1
618,422,1
618,423,1
618,424,1
618,425,1
618,426,1
619,427,1
619,428,1
619,429,1
619,430,1
619,431,1
619,432,1
619,433,1
619,434,1
619,435,1
619,436,1
619,437,1
619,438,1
619,439,1
620,440,1
620,441,1
620,442,1
620,443,1
620,444,1
620,445,1
620,446,1
620,447,1
620,448,1
620,449,1
620,450,1
620,451,1
620,452,1
620,453,1
621,454,1
621,455,1
621,456,1
621,457,1
621,458,1
621,459,1
621,460,1
621,461,1
621,462,1
621,463,1
621,464,1
621,465,1
621,466,1
622,467,1
622,468,1
622,469,1
622,470,1
622,471,1
622,472,1
622,473,1
622,474,1
622,475,1
622,476,1
622,477,1
622,478,1
622,479,1
623,480,1
623,481,1
623,482,1
623,483,1
623,484,1
623,485,1
623,486,1
623,487,1
623,488,1
623,489,1
623,490,1
623,491,1
623,492,1
623,493,1
624,494,1
624,495,1
624,496,1
624,497,1
624,498,1
624,499,1
624,500,1
624,501,1
624,502,1
624,503,1
624,504,1
624,505,1
624,506,1
624,507,1
624,508,1
624,509,1
624,510,1
624,511,1
624,512,1
625,513,1
625,514,1
625,515,1
625,516,1
625,517,1
625,518,1
625,519,1
625,520,1
625,521,1
625,522,1
625,523,1
625,524,1
625,525,1
626,526,1
626,527,1
626,528,1
626,529,1
626,530,1
626,531,1
626,532,1
626,533,1
626,534,1
626,535,1
626,536,1
627,537,1
627,538,1
627,539,1
627,540,1
627,541,1
627,542,1
627,543,1
627,544,1
627,545,1
627,546,1
627,547,1
628,548,1
628,549,1
628,550,1
628,551,1
628,552,1
628,553,1
628,554,1
628,555,1
628,556,1
628,557,1
628,558,1
629,559,1
629,560,1
629,561,1
629,562,1
629,563,1
629,564,1
629,565,1
629,566,1
629,567,1
629,568,1
630,569,1
630,570,1
630,571,1
630,572,1
630,573,1
630,574,1
630,575,1
630,576,1
630,577,1
630,578,1
631,579,1
631,580,1
631,581,1
631,582,1
631,583,1
631,584,1
631,585,1
631,586,1
632,587,1
632,588,1
632,589,1
632,590,1
632,591,1
632,592,1
632,593,1
632,594,1
632,595,1
633,596,1
633,597,1
633,598,1
633,599,1
633,600,1
633,601,1
634,602,1
634,603,1
634,604,1
634,605,1
634,606,1
634,607,1
634,608,1
635,609,1
635,610,1
635,611,1
635,612,1
635,613,1
635,614,1
635,615,1
636,616,1
636,617,1
636,618,1
636,619,1
636,620,1
637,621,1
637,622,1
637,623,1
637,624,1
637,625,1
637,626,1
638,627,1
638,628,1
638,629,1
638,630,1
638,631,1
639,632,1
639,633,1
639,634,1
639,635,1
639,636,1
640,637,1
640,638,1
640,639,1
640,640,1
640,641,1
641,641,1
641,642,1
641,643,1
641,644,1
642,645,1
642,646,1
642,647,1
643,648,1
643,649,1
644,650,1
644,651,1
782,530,0
924,408,1
924,409,1
924,410,1
924,411,1
924,412,1
924,413,1
924,414,1
924,415,1
924,416,1
924,417,1
924,418,1
924,419,1
924,420,1
924,421,1
924,422,1
924,423,1
925,424,1
925,425,1
925,426,1
925,427,1
925,428,1
925,429,1
925,430,1
925,431,1
925,432,1
925,433,1
925,434,1
925,435,1
925,436,1
925,437,1
925,438,1
925,439,1
925,440,1
925,441,1
925,442,1
925,443,1
925,444,1
925,445,1
925,446,1
925,447,1
925,448,1
925,449,1
925,450,1
925,451,1
925,452,1
925,453,1
925,454,1
925,455,1
925,456,1
925,457,1
925,458,1
925,459,1
925,460,1
925,461,1
925,462,1
925,463,1
925,464,1
925,465,1
925,466,1
925,467,1
925,468,1
925,469,1
925,470,1
925,471,1
925,472,1
924,473,1
924,474,1
924,475,1
924,476,1
924,477,1
924,478,1
924,479,1
924,480,1
924,481,1
924,482,1
924,483,1
924,484,1
924,485,1
924,486,1
924,487,1
924,488,1
924,489,1
924,490,1
924,491,1
924,492,1
924,493,1
924,494,1
924,495,1
924,496,1
924,497,1
924,498,1
924,499,1
924,500,1
923,501,1
923,502,1
923,503,1
923,504,1
923,505,1
923,506,1
923,507,1
923,508,1
923,509,1
923,510,1
923,511,1
923,512,1
923,513,1
923,514,1
923,515,1
922,516,1
922,517,1
922,518,1
922,519,1
922,520,1
922,521,1
922,522,1
922,523,1
922,524,1
922,525,1
922,526,1
922,527,1
921,528,1
921,529,1
921,530,1
921,531,1
921,532,1
921,533,1
921,534,1
921,535,1
921,536,1
921,537,1
921,538,1
920,539,1
920,540,1
920,541,1
920,542,1
920,543,1
920,544,1
920,545,1
920,546,1
920,547,1
920,548,1
920,549,1
919,550,1
919,551,1
919,552,1
919,553,1
919,554,1
919,555,1
919,556,1
919,557,1
919,558,1
919,559,1
918,560,1
918,561,1
918,562,1
918,563,1
918,564,1
918,565,1
918,566,1
918,567,1
918,568,1
918,569,1
917,570,1
917,571,1
917,572,1
917,573,1
917,574,1
917,575,1
917,576,1
917,577,1
917,578,1
917,579,1
916,580,1
916,581,1
916,582,1
916,583,1
916,584,1
916,585,1
916,586,1
915,587,1
915,588,1
915,589,1
915,590,1
905,503,0
899,435,1
898,435,1
898,434,1
897,433,1
896,432,1
896,431,1
895,430,1
894,430,1
894,429,1
893,428,1
892,427,1
891,426,1
890,425,1
890,424,1
889,424,1
888,423,1
887,422,1
886,421,1
885,421,1
884,420,1
884,419,1
883,419,1
882,418,1
881,418,1
881,417,1
880,417,1
879,416,1
878,415,1
877,415,1
877,414,1
876,414,1
875,413,1
874,413,1
873,412,1
872,412,1
872,411,1
871,411,1
870,410,1
869,410,1
868,409,1
867,409,1
866,408,1
865,408,1
864,407,1
863,407,1
862,406,1
861,406,1
860,406,1
859,405,1
858,405,1
857,405,1
856,404,1
855,403,1
854,403,1
853,403,1
852,403,1
851,402,1
850,402,1
849,402,1
848,401,1
847,401,1
846,401,1
845,401,1
844,400,1
843,400,1
842,400,1
841,400,1
840,400,1
839,399,1
838,399,1
837,399,1
836,399,1
835,398,1
834,398,1
833,398,1
832,398,1
831,398,1
830,398,1
829,398,1
828,398,1
827,398,1
826,398,1
825,398,1
824,398,1
823,398,1
822,398,1
821,398,1
820,398,1
819,398,1
818,398,1
817,398,1
816,398,1
815,398,1
814,398,1
813,398,1
812,398,1
811,398,1
810,398,1
809,398,1
808,398,1
807,399,1
806,399,1
805,399,1
804,399,1
803,399,1
802,400,1
801,400,1
800,400,1
799,400,1
798,400,1
797,401,1
796,401,1
795,401,1
794,401,1
793,402,1
792,402,1
791,402,1
790,402,1
789,403,1
788,403,1
787,403,1
786,404,1
785,404,1
784,404,1
783,405,1
782,405,1
781,405,1
780,406,1
779,406,1
778,407,1
777,407,1
776,407,1
775,408,1
774,409,1
773,409,1
772,409,1
771,410,1
770,410,1
769,411,1
768,411,1
767,412,1
766,413,1
765,413,1
764,414,1
763,414,1
762,415,1
761,415,1
761,416,1
760,416,1
759,417,1
758,417,1
757,418,1
756,419,1
755,419,1
754,420,1
753,420,1
753,421,1
752,422,1
751,422,1
751,423,1
750,423,1
749,424,1
748,424,1
748,425,1
747,426,1
746,426,1
746,427,1
745,427,1
744,428,1
744,429,1
743,429,1
742,430,1
741,431,1
740,432,1
740,433,1
739,433,1
738,434,1
738,435,1
737,435,1
736,436,1
736,437,1
735,438,1
734,439,1
734,440,1
733,441,1
733,442,1
732,442,1
732,443,1
731,444,1
731,445,1
730,446,1
730,447,1
729,447,1
729,448,1
729,449,1
728,450,1
728,451,1
727,452,1
727,453,1
727,454,1
726,455,1
726,456,1
726,457,1
726,458,1
725,459,1
725,460,1
725,461,1
725,462,1
725,463,1
725,464,1
725,465,1
725,466,1
725,467,1
725,468,1
725,469,1
725,470,1
725,471,1
725,472,1
725,473,1
725,474,1
726,475,1
726,476,1
726,477,1
727,478,1
727,479,1
727,480,1
728,481,1
728,482,1
729,483,1
729,484,1
730,484,1
730,485,1
730,486,1
731,486,1
731,487,1
732,488,1
733,488,1
733,489,1
734,490,1
735,491,1
736,491,1
736,492,1
737,492,1
738,493,1
739,494,1
740,494,1
741,494,1
741,495,1
742,495,1
743,496,1
744,496,1
745,496,1
745,497,1
746,497,1
747,497,1
748,498,1
749,498,1
750,498,1
751,498,1
752,499,1
753,499,1
754,499,1
755,499,1
756,499,1
757,500,1
758,500,1
759,500,1
760,500,1
761,500,1
762,500,1
763,500,1
764,500,1
765,500,1
766,500,1
767,500,1
768,500,1
769,500,1
770,500,1
771,500,1
772,500,1
773,500,1
774,500,1
775,500,1
776,500,1
777,499,1
778,499,1
779,499,1
780,499,1
781,499,1
782,499,1
783,499,1
784,498,1
785,498,1
786,498,1
787,498,1
788,498,1
789,497,1
790,497,1
791,497,1
792,497,1
793,497,1
794,496,1
795,496,1
796,496,1
797,495,1
798,495,1
799,495,1
799,494,1
800,494,1
801,494,1
802,493,1
803,493,1
804,493,1
805,492,1
806,492,1
807,491,1
808,491,1
809,491,1
810,490,1
811,490,1
812,489,1
813,489,1
813,488,1
814,488,1
815,488,1
816,487,1
817,487,1
818,486,1
819,486,1
820,485,1
821,485,1
822,484,1
823,484,1
824,483,1
825,482,1
826,481,1
827,481,1
828,480,1
829,479,1
830,478,1
831,477,1
832,476,1
919,449,0
1017,406,1
1017,407,1
1016,407,1
1016,408,1
1016,409,1
1015,410,1
1015,411,1
1015,412,1
1015,413,1
1014,414,1
1014,415,1
1014,416,1
1014,417,1
1013,418,1
1013,419,1
1013,420,1
1012,421,1
1012,422,1
1012,423,1
1012,424,1
1011,425,1
1011,426,1
1011,427,1
1011,428,1
1010,429,1
1010,430,1
1010,431,1
1010,432,1
1009,433,1
1009,434,1
1009,435,1
1008,436,1
1008,437,1
1008,438,1
1008,439,1
1007,440,1
1007,441,1
1007,442,1
1007,443,1
1006,444,1
1006,445,1
1006,446,1
1006,447,1
1005,448,1
1005,449,1
1005,450,1
1005,451,1
1004,452,1
1004,453,1
1004,454,1
1004,455,1
1003,456,1
1003,457,1
1003,458,1
1003,459,1
1002,460,1
1002,461,1
1002,462,1
1002,463,1
1001,464,1
1001,465,1
1001,466,1
1001,467,1
1000,468,1
1000,469,1
1000,470,1
999,471,1
999,472,1
999,473,1
999,474,1
998,475,1
998,476,1
998,477,1
997,478,1
997,479,1
997,480,1
997,481,1
997,482,1
996,483,1
996,484,1
996,485,1
996,486,1
995,487,1
995,488,1
995,489,1
995,490,1
995,491,1
994,492,1
994,493,1
994,494,1
994,495,1
993,496,1
993,497,1
993,498,1
993,499,1
992,500,1
992,501,1
992,502,1
991,503,1
991,504,1
991,505,1
991,506,1
991,507,1
990,508,1
990,509,1
990,510,1
990,511,1
989,512,1
989,513,1
989,514,1
989,515,1
989,516,1
988,517,1
988,518,1
988,519,1
987,520,1
987,521,1
987,522,1
987,523,1
987,524,1
986,525,1
986,526,1
986,527,1
986,528,1
985,529,1
985,530,1
985,531,1
985,532,1
984,533,1
984,534,1
984,535,1
984,536,1
983,537,1
983,538,1
983,539,1
983,540,1
982,541,1
982,542,1
982,543,1
982,544,1
982,545,1
981,546,1
981,547,1
981,548,1
981,549,1
980,549,1
980,550,1
980,551,1
980,552,1
979,553,1
979,554,1
979,555,1
979,556,1
979,557,1
978,558,1
978,559,1
978,560,1
977,561,1
977,562,1
977,563,1
977,564,1
977,565,1
976,566,1
976,567,1
976,568,1
565,403,0
144,256,1
145,255,1
145,254,1
146,254,1
147,253,1
147,252,1
148,251,1
149,250,1
149,249,1
150,249,1
151,248,1
151,247,1
152,246,1
153,245,1
154,244,1
155,243,1
156,242,1
156,241,1
157,240,1
158,239,1
159,238,1
160,238,1
160,237,1
161,236,1
162,235,1
163,234,1
164,233,1
165,232,1
165,231,1
166,230,1
167,229,1
168,229,1
168,228,1
169,227,1
170,226,1
171,226,1
171,225,1
172,224,1
173,223,1
174,222,1
175,222,1
175,221,1
176,220,1
177,220,1
177,219,1
178,218,1
179,217,1
180,216,1
181,216,1
181,215,1
182,214,1
183,214,1
184,213,1
185,212,1
185,211,1
186,211,1
187,210,1
188,209,1
189,208,1
190,207,1
191,206,1
192,205,1
193,204,1
194,204,1
195,203,1
195,202,1
196,202,1
197,201,1
198,200,1
199,199,1
200,199,1
200,198,1
201,197,1
202,197,1
203,196,1
204,195,1
205,194,1
206,193,1
207,193,1
208,192,1
209,191,1
210,191,1
210,190,1
211,189,1
212,189,1
213,188,1
214,187,1
215,187,1
216,186,1
216,185,1
217,185,1
218,184,1
219,184,1
220,183,1
221,182,1
222,181,1
223,181,1
224,180,1
225,179,1
226,179,1
227,178,1
228,177,1
229,177,1
230,176,1
231,176,1
232,175,1
233,174,1
234,174,1
234,173,1
235,173,1
236,172,1
237,172,1
238,171,1
239,171,1
240,170,1
241,170,1
242,169,1
243,168,1
244,168,1
245,167,1
246,167,1
247,166,1
248,166,1
249,165,1
250,165,1
250,164,1
251,164,1
252,164,1
253,163,1
254,163,1
255,162,1
256,162,1
257,161,1
258,161,1
259,161,1
260,160,1
261,160,1
262,159,1
263,159,1
264,158,1
265,158,1
266,157,1
267,157,1
268,156,1
269,156,1
270,156,1
271,155,1
272,155,1
273,155,1
274,154,1
275,154,1
276,153,1
277,153,1
278,153,1
278,152,1
279,152,1
280,152,1
281,151,1
282,151,1
283,151,1
284,150,1
285,150,1
286,150,1
287,149,1
288,149,1
289,149,1
290,149,1
291,148,1
292,148,1
293,148,1
293,147,1
294,147,1
295,147,1
296,147,1
297,146,1
298,146,1
299,146,1
300,146,1
301,145,1
302,145,1
303,145,1
304,145,1
305,144,1
306,144,1
307,144,1
308,144,1
309,144,1
310,143,1
311,143,1
312,143,1
313,143,1
314,142,1
315,142,1
316,142,1
317,142,1
318,142,1
319,142,1
320,142,1
321,141,1
322,141,1
323,141,1
324,141,1
325,141,1
326,141,1
327,141,1
328,141,1
329,140,1
330,140,1
331,140,1
332,140,1
333,140,1
334,140,1
335,140,1
336,140,1
337,140,1
338,140,1
339,140,1
340,140,1
341,139,1
342,139,1
343,139,1
344,139,1
345,139,1
346,139,1
347,139,1
348,139,1
349,139,1
350,139,1
351,139,1
352,139,1
353,139,1
354,139,1
355,139,1
356,139,1
357,139,1
358,139,1
359,139,1
360,139,1
361,139,1
362,139,1
363,139,1
364,139,1
365,139,1
366,139,1
367,139,1
368,139,1
369,139,1
370,140,1
371,140,1
372,140,1
373,140,1
374,140,1
375,140,1
376,140,1
377,140,1
378,140,1
379,140,1
380,140,1
381,140,1
382,140,1
383,141,1
384,141,1
385,141,1
386,141,1
387,141,1
388,141,1
389,141,1
390,141,1
391,142,1
392,142,1
393,142,1
394,142,1
395,142,1
396,142,1
397,142,1
398,143,1
399,143,1
400,143,1
401,143,1
402,144,1
403,144,1
404,144,1
405,144,1
406,144,1
407,144,1
408,145,1
409,145,1
410,145,1
411,145,1
412,145,1
413,146,1
414,146,1
415,146,1
416,146,1
417,147,1
418,147,1
419,147,1
420,148,1
421,148,1
422,148,1
423,148,1
424,149,1
425,149,1
426,149,1
427,149,1
428,150,1
429,150,1
430,150,1
431,151,1
432,151,1
433,151,1
434,152,1
435,152,1
436,152,1
437,153,1
438,153,1
439,153,1
440,154,1
441,154,1
442,154,1
443,155,1
444,155,1
445,156,1
446,156,1
447,156,1
448,157,1
449,157,1
450,157,1
451,158,1
452,158,1
453,159,1
454,159,1
455,159,1
456,160,1
457,160,1
458,161,1
459,161,1
460,162,1
461,162,1
462,163,1
463,163,1
464,163,1
465,164,1
466,164,1
467,165,1
468,165,1
469,166,1
470,166,1
471,166,1
472,167,1
473,167,1
474,168,1
475,169,1
476,169,1
477,170,1
478,170,1
479,170,1
480,171,1
481,171,1
482,172,1
483,172,1
483,173,1
484,173,1
485,174,1
486,174,1
487,175,1
488,175,1
489,176,1
490,176,1
491,176,1
491,177,1
492,177,1
493,178,1
494,178,1
495,179,1
496,179,1
497,180,1
498,180,1
498,181,1
499,182,1
500,182,1
501,183,1
502,183,1
503,184,1
504,184,1
504,185,1
505,185,1
506,186,1
507,186,1
508,187,1
509,187,1
509,188,1
510,188,1
511,189,1
512,189,1
513,190,1
514,191,1
515,191,1
516,192,1
517,193,1
518,193,1
518,194,1
519,194,1
520,195,1
521,195,1
522,196,1
523,197,1
524,198,1
525,198,1
526,199,1
527,200,1
528,201,1
529,201,1
530,202,1
531,203,1
532,203,1
533,204,1
534,205,1
535,206,1
536,206,1
537,207,1
537,208,1
538,208,1
539,209,1
540,210,1
541,211,1
542,211,1
543,212,1
543,213,1
544,213,1
545,214,1
546,215,1
547,216,1
548,217,1
549,217,1
549,218,1
550,219,1
551,219,1
551,220,1
552,221,1
553,221,1
554,222,1
554,223,1
555,223,1
556,224,1
557,225,1
558,226,1
559,227,1
559,228,1
560,228,1
561,229,1
562,230,1
562,231,1
563,231,1
564,232,1
564,233,1
565,233,1
566,234,1
566,235,1
567,236,1
568,237,1
569,238,1
570,239,1
570,240,1
571,240,1
572,241,1
572,242,1
573,243,1
574,243,1
574,244,1
575,245,1
576,246,1
576,247,1
577,247,1
578,248,1
578,249,1
579,250,1
580,251,1
580,252,1
581,252,1
582,253,1
582,254,1
583,255,1
584,256,1
584,257,1
585,257,1
586,258,1
586,259,1
587,260,1
587,261,1
588,262,1
589,262,1
589,263,1
590,264,1
590,265,1
591,266,1
592,267,1
593,268,1
593,269,1
594,270,1
595,271,1
595,272,1
596,273,1
597,274,1
597,275,1
598,276,1
599,277,1
599,278,1
600,279,1
601,280,1
601,281,1
602,282,1
602,283,1
603,284,1
603,285,1
604,286,1
605,286,1
605,287,1
606,288,1
606,289,1
607,290,1
607,291,1
608,292,1
609,293,1
609,294,1
610,295,1
610,296,1
611,297,1
612,298,1
612,299,1
613,300,1
613,301,1
614,302,1
614,303,1
615,303,1
615,304,1
616,305,1
616,306,1
617,307,1
617,308,1
617,309,1
618,310,1
619,311,1
619,312,1
620,313,1
620,314,1
621,315,1
621,316,1
622,316,1
622,317,1
623,318,1
623,319,1
623,320,1
624,321,1
624,322,1
625,323,1
626,324,1
626,325,1
626,326,1
627,327,1
627,328,1
628,329,1
628,330,1
629,331,1
629,332,1
630,333,1
630,334,1
631,335,1
631,336,1
631,337,1
632,338,1
632,339,1
633,340,1
633,341,1
633,342,1
634,343,1
634,344,1
635,345,1
635,346,1
636,347,1
636,348,1
636,349,1
637,350,1
637,351,1
637,352,1
638,353,1
638,354,1
638,355,1
639,355,1
639,356,1
639,357,1
640,358,1
640,359,1
640,360,1
641,361,1
641,362,1
641,363,1
641,364,1
642,365,1
642,366,1
642,367,1
643,368,1
643,369,1
643,370,1
643,371,1
644,371,1
644,372,1
644,373,1
644,374,1
645,375,1
645,376,1
645,377,1
645,378,1
645,379,1
645,380,1
646,381,1
646,382,1
646,383,1
646,384,1
646,385,1
646,386,1
646,387,1
646,388,1
646,389,1
646,390,1
409,350,0
162,320,1
163,320,1
164,320,1
165,320,1
166,320,1
167,320,1
168,321,1
169,321,1
170,321,1
171,321,1
172,321,1
173,321,1
174,322,1
175,322,1
176,322,1
177,322,1
178,322,1
179,322,1
180,323,1
181,323,1
182,323,1
183,323,1
184,323,1
185,323,1
186,323,1
187,323,1
188,324,1
189,324,1
190,324,1
191,324,1
192,324,1
193,324,1
194,324,1
195,325,1
196,325,1
197,325,1
198,325,1
199,325,1
200,325,1
201,325,1
202,326,1
203,326,1
204,326,1
205,326,1
206,326,1
207,326,1
208,326,1
209,327,1
210,327,1
211,327,1
212,327,1
213,327,1
214,327,1
215,327,1
216,328,1
217,328,1
218,328,1
219,328,1
220,328,1
221,328,1
222,328,1
223,328,1
224,329,1
225,329,1
226,329,1
227,329,1
228,329,1
229,329,1
230,329,1
231,330,1
232,330,1
233,330,1
234,330,1
235,330,1
236,330,1
237,330,1
238,330,1
239,331,1
240,331,1
241,331,1
242,331,1
243,331,1
244,331,1
245,331,1
246,331,1
247,332,1
248,332,1
249,332,1
250,332,1
251,332,1
252,332,1
253,332,1
254,332,1
255,332,1
256,333,1
257,333,1
258,333,1
259,333,1
260,333,1
261,333,1
262,333,1
263,334,1
264,334,1
265,334,1
266,334,1
267,334,1
268,334,1
269,334,1
270,334,1
271,335,1
272,335,1
273,335,1
274,335,1
275,335,1
276,335,1
277,335,1
278,335,1
279,336,1
280,336,1
281,336,1
282,336,1
283,336,1
284,336,1
285,336,1
286,336,1
287,336,1
288,336,1
289,337,1
290,337,1
291,337,1
292,337,1
293,337,1
294,337,1
295,337,1
296,337,1
297,337,1
298,337,1
299,338,1
300,338,1
301,338,1
302,338,1
303,338,1
304,338,1
305,338,1
306,338,1
307,338,1
308,339,1
309,339,1
310,339,1
311,339,1
312,339,1
313,339,1
314,339,1
315,339,1
316,339,1
317,339,1
318,339,1
319,340,1
320,340,1
321,340,1
322,340,1
323,340,1
324,340,1
325,340,1
326,340,1
327,340,1
328,340,1
329,341,1
330,341,1
331,341,1
332,341,1
333,341,1
334,341,1
335,341,1
336,341,1
337,341,1
338,341,1
339,342,1
340,342,1
341,342,1
342,342,1
343,342,1
344,342,1
345,342,1
346,342,1
347,342,1
348,343,1
349,343,1
350,343,1
351,343,1
352,343,1
353,343,1
354,343,1
355,343,1
356,343,1
357,343,1
358,343,1
359,343,1
360,344,1
361,344,1
362,344,1
363,344,1
364,344,1
365,344,1
366,344,1
367,344,1
368,344,1
369,344,1
370,344,1
371,344,1
372,345,1
373,345,1
374,345,1
375,345,1
376,345,1
377,345,1
378,345,1
379,345,1
380,345,1
381,345,1
382,345,1
383,345,1
384,345,1
385,345,1
386,346,1
387,346,1
388,346,1
389,346,1
390,346,1
391,346,1
392,346,1
393,346,1
394,346,1
395,346,1
396,346,1
397,346,1
398,346,1
399,347,1
400,347,1
401,347,1
402,347,1
403,347,1
404,347,1
405,347,1
406,347,1
407,347,1
408,347,1
409,347,1
410,347,1
411,347,1
412,347,1
413,348,1
414,348,1
415,348,1
416,348,1
417,348,1
418,348,1
419,348,1
420,348,1
421,348,1
422,348,1
423,348,1
424,348,1
425,348,1
426,348,1
427,349,1
428,349,1
429,349,1
430,349,1
431,349,1
432,349,1
433,349,1
434,349,1
435,349,1
436,349,1
437,349,1
438,349,1
439,349,1
440,349,1
441,350,1
442,350,1
443,350,1
444,350,1
445,350,1
446,350,1
447,350,1
448,350,1
449,350,1
450,350,1
451,350,1
452,350,1
453,350,1
454,350,1
455,351,1
456,351,1
457,351,1
458,351,1
459,351,1
460,351,1
461,351,1
462,351,1
463,351,1
464,351,1
465,351,1
466,351,1
467,351,1
468,351,1
469,351,1
470,352,1
471,352,1
472,352,1
473,352,1
474,352,1
475,352,1
476,352,1
477,352,1
478,352,1
479,352,1
480,352,1
481,352,1
482,352,1
483,352,1
484,353,1
485,353,1
486,353,1
487,353,1
488,353,1
489,353,1
490,353,1
491,353,1
492,353,1
493,353,1
494,353,1
495,353,1
496,353,1
497,353,1
498,354,1
499,354,1
500,354,1
501,354,1
502,354,1
503,354,1
504,354,1
505,354,1
506,354,1
507,354,1
508,354,1
509,354,1
510,354,1
511,354,1
512,355,1
513,355,1
514,355,1
515,355,1
516,355,1
517,355,1
518,355,1
519,355,1
520,355,1
521,355,1
522,355,1
523,355,1
524,355,1
525,355,1
526,355,1
527,355,1
528,355,1
529,355,1
530,356,1
531,356,1
532,356,1
533,356,1
534,356,1
535,356,1
536,356,1
537,356,1
538,356,1
539,356,1
540,356,1
541,356,1
542,356,1
543,356,1
544,357,1
545,357,1
546,357,1
547,357,1
548,357,1
549,357,1
550,357,1
551,357,1
552,357,1
553,357,1
554,357,1
555,357,1
556,357,1
557,358,1
558,358,1
559,358,1
560,358,1
561,358,1
562,358,1
563,358,1
564,358,1
565,358,1
566,358,1
567,358,1
568,358,1
569,358,1
570,359,1
571,359,1
572,359,1
573,359,1
574,359,1
575,359,1
576,359,1
577,359,1
578,359,1
579,359,1
580,359,1
581,359,1
582,360,1
583,360,1
584,360,1
585,360,1
586,360,1
587,360,1
588,360,1
589,360,1
590,360,1
591,360,1
592,360,1
593,360,1
594,360,1
595,361,1
596,361,1
597,361,1
598,361,1
599,361,1
600,361,1
601,361,1
602,361,1
603,361,1
604,361,1
605,361,1
606,361,1
607,361,1
608,361,1
609,362,1
610,362,1
611,362,1
612,362,1
613,362,1
614,362,1
615,362,1
616,362,1
617,362,1
618,362,1
619,362,1
620,362,1
621,362,1
622,362,1
623,362,1
624,362,1
625,362,1
626,362,1
627,362,1
628,363,1
629,363,1
630,363,1
631,363,1
632,363,1
633,363,1
634,363,1
635,363,1
636,363,1
637,363,1
638,363,1
639,363,1
640,363,1
641,363,1
642,364,1
643,364,1
644,364,1
645,364,1
646,364,1
647,364,1
648,364,1
649,364,1
650,364,1
651,364,1
652,364,1
653,364,1
654,364,1
655,365,1
656,365,1
657,365,1
658,365,1
659,365,1
660,365,1
661,365,1
662,365,1
663,365,1
664,365,1
665,365,1
666,365,1
667,365,1
668,365,1
669,366,1
670,366,1
671,366,1
672,366,1
673,366,1
674,366,1
675,366,1
676,366,1
677,366,1
678,366,1
679,366,1
680,366,1
681,366,1
682,367,1
683,367,1
684,367,1
685,367,1
686,367,1
687,367,1
688,367,1
689,367,1
690,367,1
691,367,1
692,367,1
693,367,1
694,367,1
695,368,1
696,368,1
697,368,1
698,368,1
699,368,1
700,368,1
701,368,1
702,368,1
703,368,1
704,368,1
705,368,1
706,368,1
707,368,1
708,368,1
709,369,1
710,369,1
711,369,1
712,369,1
713,369,1
714,369,1
715,369,1
716,369,1
717,369,1
718,369,1
719,369,1
720,369,1
721,369,1
722,369,1
723,369,1
724,369,1
725,369,1
726,370,1
727,370,1
728,370,1
729,370,1
730,370,1
731,370,1
732,370,1
733,370,1
734,370,1
735,370,1
736,370,1
737,370,1
738,370,1
739,371,1
740,371,1
741,371,1
742,371,1
743,371,1
744,371,1
745,371,1
746,371,1
747,371,1
748,371,1
749,371,1
750,372,1
751,372,1
752,372,1
753,372,1
754,372,1
755,372,1
756,372,1
757,372,1
758,372,1
759,372,1
760,372,1
761,372,1
762,373,1
763,373,1
764,373,1
765,373,1
766,373,1
767,373,1
768,373,1
769,373,1
770,373,1
771,373,1
772,373,1
773,374,1
774,374,1
775,374,1
776,374,1
777,374,1
778,374,1
779,374,1
780,374,1
781,374,1
782,374,1
783,374,1
784,375,1
785,375,1
786,375,1
787,375,1
788,375,1
789,375,1
790,375,1
791,375,1
792,375,1
793,375,1
794,375,1
795,375,1
796,376,1
797,376,1
798,376,1
799,376,1
800,376,1
801,376,1
802,376,1
803,376,1
804,376,1
805,376,1
806,376,1
807,376,1
808,377,1
809,377,1
810,377,1
811,377,1
812,377,1
813,377,1
814,377,1
815,377,1
816,377,1
817,377,1
818,377,1
819,377,1
820,378,1
821,378,1
822,378,1
823,378,1
824,378,1
825,378,1
826,378,1
827,378,1
828,378,1
829,378,1
830,379,1
831,379,1
832,379,1
833,379,1
834,379,1
835,379,1
836,379,1
837,379,1
838,379,1
839,379,1
840,380,1
841,380,1
842,380,1
843,380,1
844,380,1
845,380,1
846,380,1
847,380,1
848,380,1
849,380,1
850,381,1
851,381,1
852,381,1
853,381,1
854,381,1
855,381,1
856,381,1
857,381,1
858,381,1
859,381,1
860,382,1
861,382,1
862,382,1
863,382,1
864,382,1
865,382,1
866,382,1
867,382,1
868,382,1
869,383,1
870,383,1
871,383,1
872,383,1
873,383,1
874,383,1
875,383,1
876,383,1
877,383,1
878,384,1
879,384,1
880,384,1
881,384,1
882,384,1
883,384,1
884,384,1
885,384,1
886,384,1
887,384,1
888,385,1
889,385,1
890,385,1
891,385,1
892,385,1
893,385,1
894,385,1
895,385,1
896,385,1
897,385,1
898,385,1
899,386,1
900,386,1
901,386,1
902,386,1
903,386,1
904,386,1
905,386,1
906,386,1
907,387,1
908,387,1
909,387,1
910,387,1
911,387,1
912,387,1
913,387,1
914,387,1
915,387,1
916,387,1
917,388,1
918,388,1
919,388,1
920,388,1
921,388,1
922,388,1
923,388,1
924,388,1
925,388,1
926,389,1
927,389,1
928,389,1
929,389,1
930,389,1
931,389,1
932,389,1
933,390,1
934,390,1
935,390,1
936,390,1
937,390,1
938,390,1
939,390,1
940,390,1
941,391,1
942,391,1
943,391,1
944,391,1
945,391,1
946,391,1
947,391,1
948,392,1
949,392,1
950,392,1
951,392,1
952,392,1
953,392,1
954,392,1
955,393,1
956,393,1
957,393,1
958,393,1
959,393,1
960,393,1
961,393,1
962,393,1
963,394,1
964,394,1
965,394,1
966,394,1
967,394,1
968,394,1
969,394,1
970,395,1
971,395,1
972,395,1
973,395,1
974,395,1
975,395,1
976,396,1
977,396,1
978,396,1
979,396,1
980,396,1
981,396,1
982,397,1
983,397,1
984,397,1
985,397,1
986,397,1
987,397,1
988,398,1
989,398,1
990,398,1
991,398,1
992,398,1
993,398,1
994,398,1
995,399,1
996,399,1
997,399,1
998,399,1
999,399,1
1000,399,1
1001,400,1
1002,400,1
1003,400,1
1004,400,1
1005,400,1
1006,400,1
1007,401,1
1008,401,1
1009,401,1
1010,401,1
1011,401,1
1012,401,1
1013,402,1
1014,402,1
1015,402,1
1016,402,1
1017,402,1
1018,403,1
1019,403,1
1020,403,1
1021,403,1
1022,403,1
1023,403,1
1024,404,1
1025,404,1
1026,404,1
1027,404,1
1028,404,1
1029,404,1
1030,405,1
1031,405,1
1032,405,1
1033,405,1
1034,405,1
1035,406,1
1036,406,1
1037,406,1
1038,406,1
1039,406,1
1040,406,1
1041,407,1
1042,407,1
1043,407,1
1044,407,1
1045,407,1
1046,408,1
1047,408,1
1048,408,1
1049,408,1
1050,408,1
1051,408,1
1051,409,1
1052,409,1
1053,409,1
1054,409,1
1055,409,1
1056,410,1
1057,410,1
1058,410,1
1059,410,1
1060,410,1
1061,410,1
1062,411,1
1063,411,1
1064,411,1
1065,411,1
1066,411,1
1067,412,1
1068,412,1
1069,412,1
1070,412,1
1071,412,1
1072,413,1
1073,413,1
1074,413,1
1075,413,1
1076,414,1
1077,414,1
1078,414,1
1079,414,1
1080,414,1
1081,415,1
1082,415,1
1083,415,1
1084,415,1
1085,415,1
1086,416,1
1087,416,1
1088,416,1
1089,416,1
1090,417,1
1091,417,1
1092,417,1
1093,417,1
1094,418,1
1095,418,1
1096,418,1
1097,418,1
1098,419,1
1099,420,0
