107,121,1
107,122,1
109,170,1
109,171,1
109,172,1
109,173,1
109,174,1
109,175,1
109,176,1
109,177,1
109,178,1
109,179,1
109,180,1
109,181,1
109,182,1
109,183,1
109,184,1
110,184,1
110,185,1
110,186,1
110,187,1
110,188,1
110,189,1
110,190,1
110,191,1
110,192,1
110,193,1
110,194,1
111,195,1
111,196,1
111,197,1
111,198,1
111,199,1
111,200,1
111,201,1
112,202,1
112,203,1
112,204,1
113,205,1
113,206,1
113,207,1
113,208,1
113,209,1
113,210,1
114,210,1
114,211,1
114,212,1
114,213,1
114,214,1
114,215,1
115,215,1
115,216,1
115,217,1
115,218,1
116,218,1
116,219,1
132,161,0
148,106,1
149,106,1
149,105,1
150,105,1
151,105,1
152,105,1
152,104,1
153,104,1
154,104,1
155,104,1
156,104,1
157,104,1
158,104,1
159,104,1
160,104,1
161,104,1
162,104,1
163,104,1
164,104,1
165,104,1
166,104,1
167,104,1
168,104,1
169,104,1
170,105,1
171,105,1
172,105,1
173,105,1
174,106,1
175,106,1
176,106,1
176,107,1
177,107,1
178,107,1
179,108,1
180,108,1
180,109,1
181,109,1
182,110,1
183,111,1
184,111,1
184,112,1
185,113,1
186,114,1
186,115,1
187,115,1
188,116,1
188,117,1
189,117,1
189,118,1
190,119,1
190,120,1
191,121,1
191,122,1
192,123,1
192,124,1
192,125,1
192,126,1
193,126,1
193,127,1
193,128,1
193,129,1
193,130,1
193,131,1
193,132,1
193,133,1
193,134,1
193,135,1
193,136,1
193,137,1
193,138,1
193,139,1
193,140,1
193,141,1
193,142,1
192,142,1
192,143,1
192,144,1
192,145,1
192,146,1
191,146,1
191,147,1
191,148,1
191,149,1
190,149,1
190,150,1
190,151,1
189,151,1
189,152,1
189,153,1
188,153,1
188,154,1
187,154,1
187,155,1
186,156,1
185,157,1
184,158,1
184,159,1
183,159,1
183,160,1
182,160,1
182,161,1
181,161,1
181,162,1
180,162,1
179,163,1
179,164,1
178,164,1
177,165,1
186,201,1
186,202,1
187,203,1
188,204,1
189,205,1
190,206,1
191,207,1
191,208,1
192,208,1
192,209,1
193,209,1
193,210,1
194,211,1
195,212,1
195,213,1
196,213,1
196,214,1
197,215,1
197,216,1
198,216,1
199,217,1
200,218,1
201,219,1
202,220,1
203,221,1
204,222,1
182,172,0
164,122,1
163,123,1
162,124,1
161,125,1
161,126,1
160,126,1
160,127,1
159,127,1
159,128,1
159,129,1
158,129,1
158,130,1
157,131,1
157,132,1
158,133,1
158,134,1
159,134,1
159,135,1
160,135,1
161,135,1
162,135,1
163,135,1
164,135,1
165,135,1
166,135,1
167,134,1
168,134,1
169,133,1
170,133,1
171,132,1
172,132,1
172,131,1
173,131,1
174,131,1
174,130,1
175,130,1
176,129,1
177,129,1
177,128,1
178,128,1
178,127,1
179,127,1
180,126,1
180,125,1
181,125,1
181,124,1
182,124,1
182,123,1
183,123,1
217,124,0
253,123,1
253,124,1
254,124,1
254,125,1
254,126,1
254,127,1
254,128,1
254,129,1
254,130,1
255,131,1
255,132,1
255,133,1
255,134,1
255,135,1
255,136,1
255,137,1
255,138,1
255,139,1
256,140,1
256,141,1
256,142,1
256,143,1
256,144,1
256,145,1
256,146,1
256,147,1
256,148,1
257,149,1
257,150,1
257,151,1
257,152,1
257,153,1
257,154,1
257,155,1
257,156,1
257,157,1
257,158,1
257,159,1
258,160,1
258,161,1
258,162,1
258,163,1
258,164,1
258,165,1
258,166,1
258,167,1
258,168,1
258,169,1
258,170,1
258,171,1
259,172,1
259,173,1
259,174,1
259,175,1
259,176,1
259,177,1
259,178,1
259,179,1
259,180,1
259,181,1
259,182,1
259,183,1
260,183,1
260,184,1
260,185,1
260,186,1
260,187,1
260,188,1
260,189,1
260,190,1
260,191,1
260,192,1
260,193,1
261,194,1
261,195,1
261,196,1
261,197,1
261,198,1
261,199,1
261,200,1
261,201,1
262,202,1
262,203,1
262,204,1
262,205,1
263,205,1
263,206,1
263,207,1
263,208,1
263,209,1
263,210,1
263,211,1
263,212,1
264,213,1
264,214,1
264,215,1
264,216,1
264,217,1
264,218,1
265,218,1
265,219,1
265,220,1
265,221,1
316,193,0
367,164,1
367,165,1
367,166,1
367,167,1
367,168,1
366,169,1
366,170,1
366,171,1
366,172,1
366,173,1
366,174,1
366,175,1
365,176,1
365,177,1
365,178,1
365,179,1
365,180,1
365,181,1
365,182,1
364,183,1
364,184,1
364,185,1
364,186,1
364,187,1
364,188,1
364,189,1
364,190,1
363,190,1
363,191,1
363,192,1
363,193,1
363,194,1
363,195,1
363,196,1
363,197,1
363,198,1
363,199,1
362,199,1
362,200,1
362,201,1
362,202,1
362,203,1
362,204,1
362,205,1
361,205,1
361,206,1
361,207,1
361,208,1
361,209,1
361,210,1
361,211,1
361,212,1
361,213,1
361,214,1
361,215,1
361,216,1
361,217,1
361,218,1
361,199,0
363,183,1
362,183,1
362,182,1
361,182,1
361,181,1
360,181,1
360,180,1
359,179,1
359,178,1
358,178,1
358,177,1
357,177,1
357,176,1
356,176,1
356,175,1
355,174,1
354,173,1
354,172,1
353,172,1
352,171,1
351,171,1
351,170,1
350,170,1
349,169,1
348,169,1
348,168,1
347,168,1
346,167,1
345,167,1
345,166,1
344,166,1
344,165,1
343,165,1
342,165,1
342,164,1
341,164,1
340,164,1
340,163,1
339,163,1
338,163,1
338,162,1
337,162,1
336,162,1
335,162,1
335,161,1
334,161,1
333,161,1
332,161,1
331,161,1
330,161,1
329,161,1
328,161,1
327,161,1
326,161,1
325,161,1
324,162,1
323,162,1
322,162,1
322,163,1
321,163,1
320,163,1
320,164,1
319,164,1
318,164,1
318,165,1
317,165,1
317,166,1
316,166,1
316,167,1
315,167,1
315,168,1
314,168,1
314,169,1
313,169,1
313,170,1
312,170,1
312,171,1
311,171,1
311,172,1
310,173,1
310,174,1
309,175,1
309,176,1
309,177,1
308,178,1
308,179,1
308,180,1
308,181,1
308,182,1
308,183,1
308,184,1
308,185,1
308,186,1
308,187,1
309,187,1
309,188,1
309,189,1
309,190,1
310,190,1
310,191,1
310,192,1
311,192,1
311,193,1
312,193,1
312,194,1
313,194,1
314,195,1
315,195,1
315,196,1
316,196,1
317,196,1
317,197,1
318,197,1
319,197,1
320,197,1
321,197,1
322,197,1
323,197,1
324,197,1
325,197,1
326,196,1
327,196,1
328,196,1
329,196,1
330,196,1
330,195,1
331,195,1
332,195,1
332,194,1
333,194,1
333,193,1
334,193,1
335,192,1
336,191,1
337,190,1
338,189,1
339,188,1
371,177,0
405,163,1
405,164,1
404,164,1
404,165,1
404,166,1
404,167,1
404,168,1
404,169,1
403,169,1
403,170,1
403,171,1
403,172,1
403,173,1
402,174,1
402,175,1
402,176,1
402,177,1
402,178,1
401,178,1
401,179,1
401,180,1
401,181,1
401,182,1
400,182,1
400,183,1
400,184,1
399,184,1
399,185,1
399,186,1
399,187,1
399,188,1
398,188,1
398,189,1
398,190,1
398,191,1
397,192,1
397,193,1
397,194,1
397,195,1
396,195,1
396,196,1
396,197,1
396,198,1
395,198,1
395,199,1
395,200,1
395,201,1
394,202,1
394,203,1
394,204,1
393,205,1
393,206,1
393,207,1
392,208,1
392,209,1
392,210,1
391,211,1
391,212,1
391,213,1
390,213,1
390,214,1
390,215,1
390,216,1
389,216,1
389,217,1
389,218,1
388,219,1
388,220,1
387,221,1
387,222,1
386,223,1
386,224,1
386,225,1
385,225,1
228,168,0
68,113,1
69,112,1
69,111,1
70,111,1
70,110,1
71,110,1
71,109,1
72,109,1
72,108,1
73,107,1
74,107,1
74,106,1
75,106,1
75,105,1
76,105,1
77,104,1
78,103,1
79,103,1
79,102,1
80,102,1
80,101,1
81,101,1
81,100,1
82,100,1
83,99,1
83,98,1
84,98,1
85,97,1
86,97,1
86,96,1
87,96,1
88,95,1
89,95,1
89,94,1
90,94,1
91,93,1
92,93,1
92,92,1
93,92,1
94,91,1
95,91,1
95,90,1
96,90,1
97,89,1
98,89,1
99,88,1
100,88,1
101,87,1
102,87,1
102,86,1
103,86,1
104,85,1
105,85,1
106,84,1
107,84,1
107,83,1
108,83,1
109,83,1
109,82,1
110,82,1
111,82,1
111,81,1
112,81,1
113,81,1
114,80,1
115,80,1
116,80,1
116,79,1
117,79,1
118,79,1
118,78,1
119,78,1
120,78,1
120,77,1
121,77,1
122,77,1
123,76,1
124,76,1
125,76,1
126,75,1
127,75,1
128,75,1
128,74,1
129,74,1
130,74,1
131,73,1
132,73,1
133,73,1
134,73,1
134,72,1
135,72,1
136,72,1
137,72,1
138,72,1
139,71,1
140,71,1
141,71,1
142,71,1
143,71,1
144,70,1
145,70,1
146,70,1
147,70,1
148,70,1
149,70,1
150,70,1
151,70,1
151,69,1
152,69,1
153,69,1
154,69,1
155,69,1
156,69,1
157,69,1
158,69,1
159,69,1
160,69,1
161,69,1
162,69,1
163,69,1
164,69,1
165,69,1
166,69,1
167,69,1
168,69,1
169,69,1
170,69,1
171,69,1
172,69,1
173,69,1
174,69,1
175,69,1
176,69,1
177,69,1
178,69,1
178,70,1
179,70,1
180,70,1
181,70,1
182,70,1
183,70,1
184,70,1
184,71,1
185,71,1
186,71,1
187,71,1
188,71,1
189,72,1
190,72,1
191,72,1
191,73,1
192,73,1
193,73,1
194,73,1
195,74,1
196,74,1
197,75,1
198,75,1
199,76,1
200,76,1
201,76,1
201,77,1
202,77,1
203,77,1
203,78,1
204,78,1
205,78,1
205,79,1
206,79,1
207,80,1
208,80,1
209,81,1
210,81,1
210,82,1
211,82,1
212,82,1
212,83,1
213,83,1
213,84,1
214,84,1
215,84,1
215,85,1
216,85,1
217,86,1
218,87,1
219,88,1
220,88,1
220,89,1
221,89,1
221,90,1
222,90,1
222,91,1
223,91,1
223,92,1
224,92,1
224,93,1
225,93,1
226,94,1
227,94,1
227,95,1
228,96,1
229,96,1
229,97,1
230,97,1
230,98,1
231,99,1
231,100,1
232,100,1
232,101,1
233,101,1
233,102,1
234,102,1
234,103,1
235,103,1
235,104,1
236,105,1
236,106,1
237,106,1
238,107,1
238,108,1
239,108,1
239,109,1
240,109,1
240,110,1
241,111,1
241,112,1
242,113,1
242,114,1
243,114,1
243,115,1
243,116,1
244,116,1
244,117,1
245,117,1
245,118,1
245,119,1
246,119,1
246,120,1
246,121,1
247,121,1
247,122,1
248,123,1
248,124,1
249,125,1
249,126,1
250,127,1
250,128,1
251,129,1
251,130,1
252,130,1
252,131,1
252,132,1
253,132,1
253,133,1
253,134,1
254,135,1
254,136,1
254,137,1
255,138,1
255,139,1
255,140,1
256,141,1
256,142,1
256,143,1
257,144,1
181,127,0
104,111,1
105,111,1
106,111,1
107,111,1
108,111,1
109,111,1
110,111,1
111,111,1
112,111,1
113,111,1
114,111,1
115,111,1
116,111,1
117,111,1
118,111,1
119,111,1
120,111,1
121,111,1
122,111,1
123,111,1
124,111,1
125,111,1
126,111,1
127,111,1
128,111,1
129,111,1
130,111,1
131,111,1
132,111,1
133,111,1
134,111,1
135,111,1
136,111,1
137,111,1
138,111,1
139,111,1
140,111,1
140,112,1
141,112,1
142,112,1
143,112,1
144,112,1
145,112,1
146,112,1
147,112,1
148,112,1
149,112,1
150,112,1
151,112,1
152,112,1
153,112,1
154,112,1
155,112,1
156,112,1
156,113,1
157,113,1
158,113,1
159,113,1
160,113,1
161,113,1
162,113,1
163,113,1
164,113,1
165,113,1
166,113,1
167,113,1
168,113,1
169,113,1
170,113,1
171,113,1
172,113,1
173,113,1
174,113,1
175,113,1
176,113,1
177,113,1
177,114,1
178,114,1
179,114,1
180,114,1
181,114,1
182,114,1
183,114,1
184,114,1
185,114,1
186,114,1
187,114,1
188,114,1
189,114,1
190,114,1
191,114,1
192,114,1
192,115,1
193,115,1
194,115,1
195,115,1
196,115,1
197,115,1
198,115,1
199,115,1
200,115,1
201,115,1
202,115,1
203,115,1
204,115,1
205,115,1
206,115,1
206,116,1
207,116,1
208,116,1
209,116,1
210,116,1
211,116,1
212,116,1
213,116,1
214,116,1
215,116,1
216,116,1
217,116,1
218,116,1
218,117,1
219,117,1
220,117,1
221,117,1
222,117,1
223,117,1
224,117,1
225,117,1
226,117,1
227,117,1
228,117,1
229,117,1
230,118,1
231,118,1
232,118,1
233,118,1
234,118,1
235,118,1
236,118,1
237,118,1
238,118,1
239,118,1
240,118,1
241,119,1
242,119,1
243,119,1
244,119,1
245,119,1
246,119,1
247,119,1
248,119,1
249,119,1
250,119,1
251,119,1
252,120,1
253,120,1
254,120,1
255,120,1
256,120,1
257,120,1
258,120,1
259,120,1
260,120,1
261,120,1
262,120,1
263,121,1
264,121,1
265,121,1
266,121,1
267,121,1
268,121,1
269,121,1
270,121,1
271,121,1
272,121,1
273,122,1
274,122,1
275,122,1
276,122,1
277,122,1
278,122,1
279,122,1
280,122,1
281,122,1
282,122,1
283,122,1
283,123,1
284,123,1
285,123,1
286,123,1
287,123,1
288,123,1
289,123,1
290,123,1
291,123,1
292,123,1
293,123,1
294,124,1
295,124,1
296,124,1
297,124,1
298,124,1
299,124,1
300,124,1
301,124,1
302,124,1
303,124,1
303,125,1
304,125,1
305,125,1
306,125,1
307,125,1
308,126,1
309,126,1
310,126,1
311,126,1
312,126,1
313,126,1
314,126,1
315,126,1
316,126,1
317,127,1
318,127,1
319,127,1
320,127,1
321,127,1
322,127,1
323,127,1
324,127,1
325,127,1
326,128,1
327,128,1
328,128,1
329,128,1
330,128,1
331,128,1
332,128,1
333,128,1
334,129,1
335,129,1
336,129,1
337,129,1
338,129,1
339,129,1
340,129,1
341,129,1
342,129,1
342,130,1
343,130,1
344,130,1
345,130,1
346,130,1
347,130,1
348,130,1
349,130,1
350,131,1
351,131,1
352,131,1
353,131,1
354,131,1
355,131,1
356,131,1
357,131,1
358,132,1
359,132,1
360,132,1
361,132,1
362,132,1
363,132,1
364,132,1
365,132,1
366,133,1
367,133,1
368,133,1
369,133,1
370,133,1
371,133,1
372,133,1
373,133,1
373,134,1
374,134,1
375,134,1
376,134,1
377,134,1
378,134,1
379,134,1
380,134,1
381,134,1
381,135,1
382,135,1
383,135,1
384,135,1
385,135,1
386,135,1
387,135,1
388,135,1
389,135,1
389,136,1
390,136,1
391,136,1
392,136,1
393,136,1
394,136,1
395,136,1
396,136,1
396,137,1
397,137,1
398,137,1
399,137,1
400,138,1
401,138,1
402,138,1
403,138,1
404,138,1
405,138,1
406,138,1
407,139,1
408,139,1
409,139,1
410,139,1
411,139,1
412,139,1
413,139,1
414,140,1
415,140,1
416,140,1
417,140,1
418,140,1
419,140,1
420,140,1
420,141,1
421,141,1
422,141,1
423,141,1
424,141,1
425,141,1
426,141,1
427,141,1
427,142,1
428,142,1
429,142,1
430,142,1
431,142,1
432,142,1
433,142,1
434,143,1
435,143,1
436,143,1
437,143,1
438,143,1
439,143,1
440,143,1
440,144,1
441,144,1
442,144,1
443,144,1
444,144,1
444,144,0
