252,177,1
252,178,1
244,247,1
245,248,1
246,249,1
247,250,1
247,251,1
248,251,1
249,252,1
250,253,1
251,254,1
252,255,1
253,255,1
254,256,1
255,256,1
256,257,1
257,257,1
258,257,1
259,257,1
260,257,1
261,257,1
287,220,0
315,181,1
315,182,1
316,183,1
316,184,1
316,185,1
316,186,1
317,186,1
317,187,1
317,188,1
317,189,1
317,190,1
318,191,1
318,192,1
318,193,1
318,194,1
318,195,1
319,196,1
319,197,1
319,198,1
319,199,1
319,200,1
319,201,1
319,202,1
320,203,1
320,204,1
320,205,1
320,206,1
320,207,1
321,208,1
321,209,1
321,210,1
321,211,1
321,212,1
321,213,1
321,214,1
322,214,1
322,215,1
322,216,1
322,217,1
322,218,1
322,219,1
323,219,1
323,220,1
323,221,1
323,222,1
323,223,1
323,224,1
323,225,1
323,226,1
323,227,1
324,228,1
324,229,1
324,230,1
324,231,1
324,232,1
325,233,1
325,234,1
324,235,1
324,236,1
324,237,1
323,237,1
323,238,1
322,238,1
321,239,1
320,239,1
319,239,1
318,239,1
317,239,1
316,240,1
315,240,1
314,240,1
313,240,1
312,240,1
312,241,1
311,241,1
310,241,1
309,241,1
309,242,1
308,242,1
308,243,1
307,243,1
307,244,1
307,245,1
307,246,1
307,247,1
308,247,1
308,248,1
309,248,1
310,248,1
310,249,1
311,249,1
312,249,1
313,249,1
314,249,1
315,249,1
316,249,1
317,249,1
318,249,1
319,249,1
320,250,1
321,250,1
322,250,1
323,251,1
324,251,1
324,252,1
325,252,1
325,253,1
326,254,1
326,255,1
327,255,1
327,256,1
327,257,1
327,258,1
327,259,1
328,260,1
328,261,1
328,262,1
328,263,1
328,264,1
328,265,1
328,266,1
328,267,1
328,268,1
328,269,1
328,270,1
328,271,1
328,272,1
328,273,1
328,274,1
328,275,1
328,276,1
328,277,1
329,277,1
329,278,1
329,279,1
329,280,1
329,281,1
329,282,1
329,283,1
329,284,1
329,285,1
329,286,1
329,287,1
329,288,1
329,289,1
329,290,1
329,291,1
329,292,1
329,293,1
329,294,1
329,295,1
329,296,1
329,297,1
329,298,1
329,299,1
329,300,1
328,301,1
328,302,1
328,303,1
328,304,1
328,305,1
328,306,1
327,306,1
327,307,1
327,308,1
327,309,1
327,310,1
326,310,1
326,311,1
326,312,1
325,313,1
325,314,1
324,315,1
324,316,1
323,317,1
323,318,1
322,318,1
322,319,1
321,320,1
320,320,1
320,321,1
319,322,1
318,323,1
317,324,1
316,324,1
316,325,1
315,325,1
314,326,1
313,326,1
312,326,1
312,327,1
311,327,1
310,327,1
309,327,1
308,328,1
307,328,1
306,328,1
305,328,1
304,328,1
303,328,1
302,328,1
301,328,1
300,328,1
299,328,1
298,328,1
297,328,1
296,328,1
295,328,1
294,327,1
293,327,1
292,327,1
291,327,1
291,326,1
290,326,1
289,325,1
288,325,1
287,325,1
287,324,1
286,324,1
285,324,1
285,323,1
284,323,1
283,322,1
282,322,1
281,321,1
280,321,1
279,320,1
278,319,1
277,318,1
276,318,1
275,317,1
274,316,1
273,315,1
273,314,1
272,314,1
272,313,1
271,313,1
271,312,1
270,312,1
270,311,1
269,310,1
268,309,1
268,308,1
267,308,1
267,307,1
266,306,1
326,247,0
385,183,1
385,184,1
385,185,1
385,186,1
385,187,1
385,188,1
385,189,1
385,190,1
385,191,1
385,192,1
385,193,1
385,194,1
386,194,1
386,195,1
386,196,1
386,197,1
386,198,1
386,199,1
386,200,1
386,201,1
386,202,1
386,203,1
386,204,1
386,205,1
386,206,1
386,207,1
386,208,1
387,208,1
387,209,1
387,210,1
387,211,1
387,212,1
387,213,1
387,214,1
387,215,1
388,215,1
388,216,1
388,217,1
388,218,1
388,219,1
388,220,1
388,221,1
388,222,1
388,223,1
388,224,1
388,225,1
388,226,1
387,226,1
387,227,1
387,228,1
387,229,1
387,230,1
386,230,1
386,231,1
385,232,1
385,233,1
384,233,1
383,234,1
382,234,1
381,234,1
380,234,1
379,233,1
378,233,1
378,232,1
377,232,1
377,231,1
376,231,1
376,230,1
375,229,1
375,228,1
374,227,1
374,226,1
373,225,1
373,224,1
373,223,1
373,222,1
372,221,1
372,220,1
372,219,1
372,218,1
372,217,1
372,216,1
372,215,1
373,215,1
373,214,1
373,213,1
373,212,1
374,211,1
374,210,1
374,209,1
375,208,1
375,207,1
376,207,1
376,206,1
377,205,1
377,204,1
378,204,1
378,203,1
379,202,1
380,201,1
381,200,1
382,200,1
382,199,1
383,199,1
384,198,1
385,197,1
386,197,1
387,196,1
388,196,1
388,195,1
389,195,1
390,195,1
390,194,1
391,194,1
392,194,1
393,193,1
394,193,1
395,192,1
396,192,1
397,192,1
397,191,1
398,191,1
399,191,1
400,190,1
401,190,1
402,190,1
403,189,1
404,189,1
405,189,1
405,188,1
406,188,1
407,187,1
408,187,1
409,187,1
410,186,1
411,186,1
411,185,1
412,185,1
413,185,1
413,184,1
414,184,1
415,183,1
416,183,1
416,182,1
417,182,1
417,181,1
418,181,1
419,180,1
420,179,1
421,178,1
421,177,1
422,177,1
422,176,1
423,176,1
423,175,1
424,175,1
424,174,1
424,173,1
425,173,1
425,172,1
426,172,1
426,171,1
426,170,1
427,170,1
427,169,1
427,168,1
428,167,1
428,166,1
428,165,1
429,165,1
429,164,1
429,163,1
429,162,1
429,161,1
430,161,1
430,160,1
430,159,1
430,158,1
431,157,1
431,156,1
432,156,1
432,157,1
432,158,1
432,159,1
432,160,1
433,160,1
433,161,1
433,162,1
433,163,1
433,164,1
433,165,1
434,166,1
434,167,1
434,168,1
434,169,1
434,170,1
434,171,1
434,172,1
434,173,1
434,174,1
434,175,1
434,176,1
435,177,1
435,178,1
435,179,1
435,180,1
435,181,1
435,182,1
435,183,1
435,184,1
435,185,1
435,186,1
435,187,1
436,188,1
436,189,1
436,190,1
436,191,1
436,192,1
436,193,1
437,194,1
437,195,1
437,196,1
437,197,1
437,198,1
437,199,1
437,200,1
437,201,1
437,202,1
437,203,1
438,204,1
438,205,1
438,206,1
438,207,1
438,208,1
439,208,1
439,209,1
439,210,1
439,211,1
439,212,1
439,213,1
439,214,1
439,215,1
439,216,1
440,217,1
440,218,1
440,219,1
440,220,1
440,221,1
441,221,1
441,222,1
441,223,1
441,224,1
441,225,1
441,226,1
441,227,1
441,228,1
442,228,1
442,229,1
442,230,1
442,231,1
442,232,1
443,233,1
443,234,1
443,235,1
443,236,1
443,237,1
444,238,1
444,239,1
444,240,1
444,241,1
444,242,1
445,242,1
445,243,1
445,244,1
445,243,1
445,242,1
445,241,1
445,240,1
445,239,1
475,203,0
504,163,1
504,164,1
505,165,1
505,166,1
505,167,1
505,168,1
505,169,1
505,170,1
505,171,1
505,172,1
506,172,1
506,173,1
506,174,1
506,175,1
506,176,1
506,177,1
506,178,1
506,179,1
506,180,1
506,181,1
506,182,1
507,183,1
507,184,1
507,185,1
507,186,1
507,187,1
507,188,1
508,189,1
508,190,1
508,191,1
508,192,1
508,193,1
508,194,1
508,195,1
508,196,1
508,197,1
508,198,1
508,199,1
508,200,1
508,201,1
508,202,1
508,203,1
508,204,1
508,205,1
508,206,1
508,207,1
508,208,1
508,209,1
508,210,1
508,211,1
508,212,1
508,213,1
508,214,1
508,215,1
508,216,1
508,217,1
508,218,1
508,219,1
507,219,1
507,220,1
507,221,1
507,222,1
506,223,1
506,224,1
505,225,1
504,226,1
503,227,1
502,228,1
501,228,1
500,229,1
499,229,1
498,229,1
497,229,1
496,229,1
496,228,1
495,228,1
494,228,1
494,227,1
493,227,1
492,226,1
491,226,1
491,225,1
490,225,1
490,224,1
489,224,1
489,223,1
488,223,1
488,222,1
487,222,1
487,221,1
486,220,1
486,219,1
485,218,1
485,217,1
484,216,1
484,215,1
484,214,1
483,213,1
483,212,1
483,211,1
482,210,1
482,209,1
482,208,1
482,207,1
482,206,1
481,206,1
481,205,1
481,204,1
481,203,1
481,202,1
481,201,1
481,200,1
481,199,1
481,198,1
482,197,1
482,196,1
482,195,1
482,194,1
483,194,1
483,193,1
483,192,1
484,191,1
484,190,1
484,189,1
485,189,1
485,188,1
486,187,1
486,186,1
487,185,1
487,184,1
488,184,1
488,183,1
489,183,1
489,182,1
490,182,1
490,181,1
491,181,1
491,180,1
492,180,1
492,179,1
493,179,1
493,178,1
494,178,1
495,177,1
496,177,1
496,176,1
497,176,1
497,175,1
498,175,1
499,175,1
499,174,1
500,174,1
501,174,1
502,173,1
503,173,1
503,172,1
504,172,1
505,172,1
505,171,1
506,171,1
507,171,1
507,170,1
508,170,1
509,170,1
509,169,1
510,169,1
511,169,1
512,168,1
513,168,1
514,167,1
515,167,1
516,166,1
517,166,1
518,165,1
519,165,1
520,164,1
521,164,1
522,163,1
523,163,1
524,162,1
525,161,1
526,161,1
526,160,1
527,160,1
528,159,1
529,158,1
530,158,1
530,157,1
531,157,1
531,156,1
532,156,1
532,155,1
533,155,1
533,154,1
534,154,1
534,153,1
535,152,1
535,151,1
536,151,1
536,150,1
537,150,1
537,149,1
538,148,1
539,147,1
539,146,1
540,145,1
541,144,1
541,143,1
542,143,1
542,142,1
543,142,1
544,141,1
545,141,1
546,142,1
546,143,1
547,143,1
547,144,1
547,145,1
547,146,1
547,147,1
548,147,1
548,148,1
548,149,1
548,150,1
548,151,1
548,152,1
548,153,1
548,154,1
548,155,1
548,156,1
548,157,1
548,158,1
548,159,1
549,160,1
549,161,1
549,162,1
549,163,1
549,164,1
549,165,1
549,166,1
549,167,1
549,168,1
550,168,1
550,169,1
550,170,1
550,171,1
550,172,1
550,173,1
550,174,1
550,175,1
550,176,1
550,177,1
550,178,1
550,179,1
550,180,1
550,181,1
550,182,1
550,183,1
550,184,1
550,185,1
550,186,1
550,187,1
550,188,1
551,189,1
551,190,1
551,191,1
551,192,1
551,193,1
551,194,1
551,195,1
551,196,1
551,197,1
551,198,1
552,199,1
552,200,1
552,201,1
552,202,1
552,203,1
552,204,1
552,205,1
552,206,1
552,207,1
552,208,1
552,209,1
552,210,1
552,211,1
552,212,1
552,213,1
552,214,1
552,215,1
552,216,1
552,217,1
553,218,1
553,219,1
553,220,1
553,221,1
553,222,1
553,223,1
553,224,1
553,225,1
553,226,1
554,226,1
554,227,1
554,228,1
554,229,1
554,230,1
554,231,1
554,232,1
554,233,1
554,234,1
554,235,1
554,236,1
554,237,1
554,238,1
554,239,1
554,240,1
554,241,1
554,242,1
554,243,1
554,244,1
554,245,1
554,246,1
554,247,1
554,248,1
554,249,1
554,250,1
554,251,1
554,252,1
553,252,1
553,253,1
553,252,1
552,252,1
552,251,1
442,199,0
328,146,1
329,146,1
330,146,1
330,145,1
331,145,1
332,145,1
333,145,1
334,145,1
335,145,1
336,145,1
337,144,1
338,144,1
339,144,1
340,144,1
341,144,1
342,143,1
343,143,1
344,143,1
345,143,1
346,143,1
347,143,1
348,143,1
349,143,1
350,142,1
351,142,1
352,142,1
353,142,1
354,142,1
354,141,1
355,141,1
356,141,1
357,141,1
358,141,1
359,141,1
360,141,1
361,141,1
362,141,1
363,141,1
363,140,1
364,140,1
365,140,1
366,140,1
367,140,1
368,139,1
369,139,1
370,139,1
371,139,1
372,139,1
373,139,1
374,139,1
375,139,1
376,139,1
377,139,1
378,139,1
379,139,1
380,139,1
415,138,0
451,137,1
452,137,1
453,137,1
454,137,1
454,136,1
455,136,1
456,136,1
457,136,1
458,136,1
459,136,1
460,135,1
461,135,1
462,135,1
463,135,1
464,135,1
465,135,1
466,135,1
467,135,1
468,135,1
469,135,1
470,135,1
471,134,1
472,134,1
473,134,1
474,134,1
475,134,1
476,134,1
477,134,1
478,134,1
479,134,1
480,134,1
481,134,1
482,134,1
483,134,1
484,133,1
485,133,1
486,133,1
487,133,1
488,133,1
489,133,1
490,133,1
491,132,1
492,132,1
493,132,1
494,132,1
495,132,1
496,132,1
497,132,1
498,132,1
499,132,1
500,132,1
501,132,1
502,132,1
503,132,1
504,132,1
505,132,1
505,131,1
506,131,1
507,131,1
508,131,1
509,131,1
510,131,1
511,131,1
512,130,1
513,130,1
514,130,1
515,130,1
516,130,1
517,130,1
518,130,1
519,130,1
520,130,1
521,130,1
522,130,1
523,130,1
524,130,1
525,130,1
525,129,1
526,129,1
527,129,1
528,129,1
529,129,1
530,129,1
531,128,1
532,128,1
533,128,1
534,128,1
535,128,1
536,128,1
537,128,1
538,128,1
539,128,1
540,128,1
541,128,1
542,127,1
543,127,1
544,127,1
545,127,1
546,127,1
547,126,1
548,126,1
549,126,1
550,126,1
551,126,1
552,126,1
553,126,1
554,126,1
555,126,1
556,126,1
557,126,1
558,125,1
559,125,1
560,125,1
561,125,1
562,125,1
563,125,1
564,125,1
565,125,1
566,125,1
567,125,1
568,125,1
568,124,1
569,124,1
570,124,1
571,124,1
572,124,1
573,124,1
574,123,1
575,123,1
576,123,1
577,123,1
578,123,1
579,123,1
580,123,1
581,123,1
582,123,1
583,123,1
583,122,1
584,122,1
585,122,1
586,122,1
587,122,1
588,122,1
588,121,1
589,121,1
590,121,1
591,121,1
592,121,1
593,121,1
594,121,1
595,121,1
596,121,1
597,121,1
597,120,1
598,120,1
599,120,1
600,120,1
601,120,1
602,120,1
603,119,1
604,119,1
605,119,1
606,119,1
607,119,1
608,119,1
609,119,1
610,118,1
611,118,1
612,118,1
613,118,1
614,118,1
615,117,1
616,117,1
617,117,1
618,117,1
619,117,1
620,117,1
621,117,1
622,116,1
623,116,1
624,116,1
625,116,1
626,116,1
627,115,1
628,115,1
629,115,1
630,115,1
631,115,1
632,114,1
633,114,1
632,114,1
632,114,0
