153,154,1
185,164,1
158,216,1
159,217,1
258,191,1
258,192,1
258,193,1
259,194,1
259,195,1
259,196,1
259,197,1
259,198,1
259,199,1
260,199,1
260,200,1
260,201,1
260,202,1
260,203,1
261,204,1
261,205,1
261,206,1
261,207,1
261,208,1
261,209,1
262,210,1
262,211,1
262,212,1
262,213,1
262,214,1
263,215,1
263,216,1
263,217,1
263,218,1
264,218,1
264,219,1
264,220,1
264,221,1
264,222,1
265,223,1
265,224,1
265,225,1
265,226,1
266,227,1
266,228,1
266,229,1
267,230,1
267,231,1
267,232,1
267,233,1
268,233,1
268,234,1
268,235,1
268,236,1
269,236,1
269,237,1
269,238,1
268,238,1
268,237,1
267,237,1
267,236,1
266,236,1
265,235,1
264,235,1
263,234,1
262,234,1
261,233,1
260,233,1
259,233,1
258,233,1
257,233,1
256,234,1
255,234,1
254,235,1
254,236,1
253,236,1
253,237,1
253,238,1
252,238,1
252,239,1
252,240,1
253,241,1
253,242,1
254,243,1
255,243,1
256,243,1
257,243,1
258,243,1
259,243,1
260,243,1
261,243,1
262,243,1
263,243,1
264,243,1
265,244,1
266,244,1
267,244,1
267,245,1
268,246,1
268,247,1
268,248,1
269,249,1
269,250,1
269,251,1
269,252,1
269,253,1
269,254,1
269,255,1
269,256,1
269,257,1
269,258,1
269,259,1
269,260,1
269,261,1
269,262,1
269,263,1
269,264,1
269,265,1
269,266,1
270,266,1
270,267,1
270,268,1
270,269,1
270,270,1
270,271,1
270,272,1
270,273,1
270,274,1
270,275,1
270,276,1
270,277,1
270,278,1
270,279,1
270,280,1
270,281,1
270,282,1
270,283,1
270,284,1
270,285,1
270,286,1
270,287,1
270,288,1
270,289,1
270,290,1
270,291,1
270,292,1
270,293,1
270,294,1
269,294,1
269,295,1
269,296,1
269,297,1
269,298,1
269,299,1
269,300,1
269,301,1
268,301,1
268,302,1
268,303,1
268,304,1
267,304,1
267,305,1
267,306,1
267,307,1
266,308,1
266,309,1
265,309,1
265,310,1
264,311,1
264,312,1
263,313,1
263,314,1
262,314,1
262,315,1
261,315,1
261,316,1
260,316,1
260,317,1
259,317,1
259,318,1
258,318,1
258,319,1
257,319,1
256,320,1
255,320,1
255,321,1
254,321,1
253,322,1
252,322,1
251,323,1
250,323,1
249,323,1
248,324,1
247,324,1
246,324,1
245,324,1
245,325,1
244,325,1
243,325,1
242,325,1
241,325,1
240,325,1
239,325,1
238,325,1
237,325,1
236,325,1
235,325,1
234,325,1
233,325,1
232,325,1
231,325,1
231,324,1
230,324,1
229,324,1
228,324,1
227,324,1
227,323,1
226,323,1
225,323,1
224,323,1
224,322,1
223,322,1
222,322,1
222,321,1
221,321,1
220,321,1
219,320,1
218,320,1
217,319,1
216,318,1
215,318,1
214,317,1
213,316,1
212,316,1
212,315,1
211,315,1
210,314,1
209,313,1
208,312,1
207,311,1
206,310,1
205,309,1
204,309,1
204,308,1
203,308,1
203,307,1
202,307,1
202,306,1
202,305,1
201,305,1
201,304,1
200,304,1
200,303,1
199,302,1
199,301,1
198,300,1
198,299,1
198,298,1
197,297,1
197,296,1
196,295,1
260,235,0
322,171,1
322,172,1
322,173,1
322,174,1
322,175,1
322,176,1
323,177,1
323,178,1
323,179,1
323,180,1
323,181,1
323,182,1
323,183,1
323,184,1
323,185,1
323,186,1
323,187,1
324,188,1
324,189,1
324,190,1
324,191,1
324,192,1
324,193,1
324,194,1
324,195,1
324,196,1
324,197,1
324,198,1
324,199,1
324,200,1
324,201,1
324,202,1
324,203,1
324,204,1
324,205,1
324,206,1
324,207,1
324,208,1
324,209,1
324,210,1
324,211,1
324,212,1
324,213,1
323,214,1
323,215,1
323,216,1
323,217,1
322,217,1
322,218,1
322,219,1
321,219,1
321,220,1
320,221,1
320,222,1
319,222,1
319,223,1
318,223,1
317,223,1
317,224,1
316,224,1
315,224,1
314,224,1
313,224,1
312,223,1
311,223,1
310,222,1
309,222,1
309,221,1
308,220,1
307,219,1
307,218,1
306,218,1
306,217,1
306,216,1
305,216,1
305,215,1
304,214,1
304,213,1
304,212,1
304,211,1
303,211,1
303,210,1
303,209,1
303,208,1
303,207,1
303,206,1
303,205,1
303,204,1
303,203,1
303,202,1
303,201,1
303,200,1
303,199,1
303,198,1
303,197,1
303,196,1
304,195,1
304,194,1
304,193,1
304,192,1
305,192,1
305,191,1
305,190,1
306,189,1
306,188,1
307,188,1
307,187,1
308,186,1
308,185,1
309,185,1
309,184,1
310,183,1
311,182,1
312,181,1
313,180,1
314,179,1
315,179,1
315,178,1
316,178,1
317,177,1
318,177,1
318,176,1
319,176,1
320,176,1
320,175,1
321,175,1
322,175,1
323,174,1
324,174,1
325,174,1
326,174,1
326,173,1
327,173,1
328,173,1
329,173,1
330,173,1
331,172,1
332,172,1
333,172,1
334,172,1
335,171,1
336,171,1
337,171,1
338,171,1
339,171,1
340,171,1
341,171,1
342,171,1
343,171,1
344,171,1
345,171,1
346,171,1
347,171,1
348,171,1
348,170,1
349,170,1
350,170,1
351,170,1
352,170,1
352,169,1
353,169,1
354,169,1
355,169,1
356,168,1
357,168,1
358,168,1
359,167,1
360,167,1
361,167,1
361,166,1
362,166,1
363,165,1
364,165,1
364,164,1
365,164,1
365,163,1
366,163,1
366,162,1
367,162,1
367,161,1
368,161,1
368,160,1
369,160,1
369,159,1
369,158,1
370,158,1
370,157,1
371,156,1
371,155,1
371,154,1
372,154,1
372,153,1
372,152,1
372,151,1
373,150,1
373,149,1
373,148,1
373,147,1
374,146,1
374,145,1
374,144,1
374,143,1
375,143,1
375,144,1
375,145,1
375,146,1
375,147,1
375,148,1
375,149,1
375,150,1
375,151,1
375,152,1
375,153,1
375,154,1
375,155,1
375,156,1
375,157,1
375,158,1
375,159,1
375,160,1
375,161,1
375,162,1
375,163,1
375,164,1
375,165,1
375,166,1
375,167,1
375,168,1
375,169,1
375,170,1
375,171,1
375,172,1
375,173,1
375,174,1
375,175,1
375,176,1
375,177,1
375,178,1
375,179,1
375,180,1
376,181,1
376,182,1
376,183,1
376,184,1
376,185,1
376,186,1
376,187,1
376,188,1
376,189,1
376,190,1
376,191,1
376,192,1
376,193,1
376,194,1
376,195,1
376,196,1
376,197,1
376,198,1
376,199,1
376,200,1
377,201,1
377,202,1
377,203,1
377,204,1
377,205,1
377,206,1
377,207,1
377,208,1
377,209,1
378,210,1
378,211,1
378,212,1
378,213,1
378,214,1
378,215,1
378,216,1
378,217,1
378,218,1
378,219,1
378,220,1
378,221,1
378,222,1
379,223,1
379,224,1
379,225,1
379,226,1
379,227,1
379,228,1
379,229,1
380,229,1
380,230,1
380,231,1
380,232,1
380,233,1
380,234,1
381,234,1
382,234,1
382,233,1
382,232,1
406,191,0
431,145,1
431,146,1
431,147,1
431,148,1
431,149,1
431,150,1
431,151,1
431,152,1
431,153,1
431,154,1
431,155,1
431,156,1
431,157,1
431,158,1
431,159,1
431,160,1
431,161,1
431,162,1
431,163,1
431,164,1
431,165,1
431,166,1
432,166,1
432,167,1
432,168,1
432,169,1
432,170,1
432,171,1
432,172,1
432,173,1
432,174,1
432,175,1
432,176,1
432,177,1
432,178,1
432,179,1
432,180,1
432,181,1
432,182,1
432,183,1
432,184,1
432,185,1
431,186,1
431,187,1
431,188,1
431,189,1
431,190,1
431,191,1
431,192,1
431,193,1
431,194,1
431,195,1
431,196,1
431,197,1
431,198,1
431,199,1
431,200,1
431,201,1
430,201,1
430,202,1
430,203,1
430,204,1
429,204,1
429,205,1
429,206,1
428,207,1
428,208,1
427,208,1
427,209,1
426,209,1
425,210,1
424,210,1
423,210,1
422,209,1
421,209,1
420,208,1
419,207,1
418,206,1
417,205,1
417,204,1
416,203,1
416,202,1
415,201,1
415,200,1
414,199,1
414,198,1
414,197,1
414,196,1
413,196,1
413,195,1
413,194,1
413,193,1
413,192,1
412,192,1
412,191,1
412,190,1
412,189,1
412,188,1
412,187,1
412,186,1
412,185,1
412,184,1
412,183,1
412,182,1
412,181,1
412,180,1
412,179,1
413,178,1
413,177,1
413,176,1
413,175,1
414,175,1
414,174,1
414,173,1
415,172,1
415,171,1
416,170,1
416,169,1
417,168,1
418,167,1
418,166,1
419,166,1
419,165,1
420,165,1
420,164,1
421,164,1
421,163,1
422,163,1
422,162,1
423,162,1
423,161,1
424,161,1
425,161,1
425,160,1
426,160,1
427,159,1
428,159,1
429,158,1
430,158,1
431,157,1
432,157,1
432,156,1
433,156,1
434,156,1
435,156,1
436,155,1
437,155,1
438,155,1
439,155,1
439,154,1
440,154,1
441,154,1
442,154,1
443,154,1
444,153,1
445,153,1
446,153,1
447,153,1
448,152,1
449,152,1
450,152,1
451,152,1
452,151,1
453,151,1
454,151,1
455,151,1
455,150,1
456,150,1
457,150,1
458,149,1
459,149,1
460,149,1
460,148,1
461,148,1
462,148,1
462,147,1
463,147,1
464,147,1
464,146,1
465,146,1
466,145,1
467,145,1
467,144,1
468,144,1
469,143,1
470,142,1
471,141,1
472,140,1
473,139,1
473,138,1
474,138,1
474,137,1
475,136,1
475,135,1
476,134,1
476,133,1
477,132,1
477,131,1
477,130,1
478,129,1
478,128,1
478,127,1
479,127,1
479,126,1
479,125,1
479,124,1
480,124,1
480,123,1
481,123,1
481,124,1
481,125,1
482,125,1
482,126,1
482,127,1
482,128,1
482,129,1
482,130,1
482,131,1
482,132,1
482,133,1
482,134,1
482,135,1
482,136,1
482,137,1
482,138,1
482,139,1
482,140,1
482,141,1
482,142,1
483,143,1
483,144,1
483,145,1
483,146,1
483,147,1
483,148,1
483,149,1
483,150,1
483,151,1
483,152,1
483,153,1
483,154,1
483,155,1
483,156,1
483,157,1
483,158,1
483,159,1
483,160,1
483,161,1
484,161,1
484,162,1
484,163,1
484,164,1
484,165,1
484,166,1
484,167,1
484,168,1
484,169,1
484,170,1
485,171,1
485,172,1
485,173,1
485,174,1
485,175,1
485,176,1
485,177,1
485,178,1
485,179,1
485,180,1
485,181,1
485,182,1
485,183,1
485,184,1
485,185,1
485,186,1
485,187,1
485,188,1
485,189,1
485,190,1
485,191,1
485,192,1
485,193,1
485,194,1
485,195,1
485,196,1
485,197,1
485,198,1
485,199,1
485,200,1
485,201,1
485,202,1
485,203,1
486,203,1
486,204,1
486,205,1
486,206,1
486,207,1
486,208,1
486,209,1
486,210,1
486,211,1
486,212,1
486,213,1
486,214,1
486,215,1
486,216,1
486,217,1
486,218,1
486,219,1
486,220,1
486,221,1
486,222,1
486,223,1
486,224,1
486,225,1
486,226,1
486,227,1
486,228,1
486,229,1
486,230,1
486,231,1
486,232,1
486,233,1
485,233,1
485,234,1
484,234,1
484,233,1
483,232,1
374,182,0
261,131,1
262,131,1
263,131,1
264,131,1
265,131,1
266,131,1
267,131,1
268,131,1
269,131,1
270,131,1
271,131,1
271,130,1
272,130,1
273,130,1
274,130,1
275,130,1
276,130,1
276,129,1
277,129,1
278,129,1
279,129,1
280,129,1
281,129,1
282,129,1
283,129,1
284,129,1
285,129,1
286,128,1
287,128,1
288,128,1
289,128,1
290,128,1
291,127,1
292,127,1
293,127,1
294,127,1
295,127,1
296,127,1
297,127,1
298,127,1
299,127,1
300,126,1
301,126,1
302,126,1
303,126,1
304,126,1
305,125,1
306,125,1
307,125,1
308,125,1
309,125,1
310,125,1
311,125,1
312,125,1
313,125,1
314,125,1
315,124,1
316,124,1
317,124,1
318,124,1
360,122,0
401,120,1
402,120,1
403,120,1
404,120,1
405,120,1
406,120,1
407,120,1
408,120,1
409,120,1
410,119,1
411,119,1
412,119,1
413,119,1
414,119,1
415,119,1
416,119,1
417,118,1
418,118,1
419,118,1
420,118,1
421,118,1
422,118,1
423,118,1
424,118,1
425,118,1
426,118,1
427,118,1
428,118,1
429,118,1
430,118,1
431,118,1
432,118,1
432,117,1
433,117,1
434,117,1
435,117,1
436,117,1
437,117,1
438,117,1
439,117,1
440,117,1
441,117,1
442,117,1
443,117,1
444,117,1
445,117,1
446,117,1
447,117,1
448,117,1
449,117,1
450,117,1
451,117,1
452,116,1
453,116,1
454,116,1
455,116,1
456,116,1
457,116,1
458,116,1
459,116,1
460,116,1
461,116,1
462,115,1
463,115,1
464,115,1
465,115,1
466,115,1
467,115,1
468,115,1
469,115,1
470,115,1
471,115,1
472,115,1
473,115,1
474,115,1
475,115,1
476,115,1
477,115,1
478,115,1
479,115,1
480,115,1
481,115,1
482,114,1
483,114,1
484,114,1
485,114,1
486,114,1
487,114,1
488,114,1
489,114,1
490,114,1
491,113,1
492,113,1
493,113,1
494,113,1
495,113,1
496,113,1
497,113,1
498,113,1
499,113,1
500,113,1
501,113,1
502,113,1
503,113,1
504,113,1
505,113,1
506,113,1
507,113,1
508,113,1
509,113,1
510,113,1
511,113,1
511,112,1
512,112,1
513,112,1
514,112,1
515,112,1
516,112,1
517,112,1
518,112,1
519,112,1
520,112,1
521,112,1
522,112,1
523,111,1
524,111,1
525,111,1
526,111,1
527,111,1
528,111,1
529,111,1
530,111,1
531,111,1
532,111,1
533,111,1
534,111,1
535,111,1
536,111,1
537,111,1
538,111,1
539,111,1
540,111,1
541,111,1
542,111,1
543,111,1
544,111,1
545,111,1
545,110,1
546,110,1
547,110,1
548,110,1
549,110,1
550,110,1
551,110,1
552,110,1
553,110,1
554,110,1
555,110,1
556,110,1
557,110,1
558,110,1
559,110,1
558,110,1
558,110,0
