351,294,1
336,344,1
326,355,1
326,356,1
327,356,1
328,357,1
329,358,1
330,358,1
331,359,1
332,360,1
333,361,1
334,362,1
443,310,1
443,311,1
443,312,1
444,313,1
444,314,1
444,315,1
444,316,1
444,317,1
444,318,1
444,319,1
444,320,1
444,321,1
444,322,1
444,323,1
444,324,1
444,325,1
444,326,1
444,327,1
444,328,1
445,329,1
445,330,1
445,331,1
445,332,1
445,333,1
445,334,1
445,335,1
445,336,1
445,337,1
445,338,1
445,339,1
445,340,1
446,341,1
446,342,1
446,343,1
446,344,1
446,345,1
446,346,1
446,347,1
446,348,1
447,349,1
447,350,1
447,351,1
447,352,1
447,353,1
447,354,1
448,355,1
448,356,1
448,357,1
448,358,1
448,359,1
448,360,1
448,361,1
448,362,1
447,362,1
446,362,1
445,363,1
444,363,1
443,363,1
442,363,1
441,363,1
441,364,1
441,365,1
442,365,1
442,366,1
443,367,1
444,368,1
445,368,1
446,369,1
447,370,1
448,370,1
449,371,1
450,372,1
451,373,1
452,374,1
452,375,1
453,375,1
453,376,1
454,377,1
454,378,1
454,379,1
455,380,1
455,381,1
455,382,1
455,383,1
456,384,1
456,385,1
456,386,1
456,387,1
456,388,1
456,389,1
456,390,1
456,391,1
456,392,1
456,393,1
456,394,1
456,395,1
456,396,1
456,397,1
456,398,1
456,399,1
456,400,1
456,401,1
456,402,1
456,403,1
456,404,1
456,405,1
456,406,1
456,407,1
456,408,1
456,409,1
456,410,1
456,411,1
456,412,1
456,413,1
456,414,1
456,415,1
456,416,1
456,417,1
456,418,1
455,419,1
455,420,1
455,421,1
455,422,1
455,423,1
455,424,1
455,425,1
454,426,1
454,427,1
454,428,1
454,429,1
454,430,1
453,431,1
453,432,1
453,433,1
453,434,1
452,435,1
452,436,1
452,437,1
451,438,1
450,439,1
450,440,1
450,441,1
449,442,1
449,443,1
448,444,1
448,445,1
447,446,1
446,447,1
446,448,1
445,449,1
444,450,1
443,451,1
443,452,1
442,452,1
441,453,1
440,454,1
439,455,1
438,456,1
437,456,1
437,457,1
436,457,1
435,458,1
434,458,1
433,459,1
432,460,1
431,460,1
430,461,1
429,461,1
428,461,1
427,461,1
426,462,1
425,462,1
424,462,1
423,462,1
422,463,1
421,463,1
420,463,1
419,463,1
418,463,1
417,463,1
416,463,1
415,463,1
414,462,1
413,462,1
412,462,1
411,462,1
410,462,1
409,462,1
408,461,1
407,461,1
406,460,1
405,460,1
404,460,1
403,459,1
402,459,1
401,458,1
400,458,1
399,457,1
398,457,1
397,456,1
396,456,1
395,455,1
394,454,1
393,454,1
393,453,1
392,453,1
391,452,1
390,451,1
389,451,1
388,450,1
387,449,1
386,448,1
385,448,1
385,447,1
384,446,1
383,445,1
382,445,1
382,444,1
381,443,1
380,442,1
379,441,1
379,440,1
378,440,1
377,439,1
377,438,1
376,437,1
375,436,1
375,435,1
374,434,1
374,433,1
373,433,1
373,432,1
373,431,1
372,430,1
372,429,1
371,428,1
371,427,1
461,365,0
547,291,1
547,292,1
547,293,1
547,294,1
547,295,1
548,296,1
548,297,1
548,298,1
548,299,1
548,300,1
548,301,1
548,302,1
548,303,1
548,304,1
548,305,1
548,306,1
548,307,1
548,308,1
548,309,1
548,310,1
548,311,1
548,312,1
548,313,1
548,314,1
548,315,1
548,316,1
548,317,1
548,318,1
548,319,1
548,320,1
548,321,1
548,322,1
547,323,1
547,324,1
547,325,1
547,326,1
547,327,1
546,328,1
546,329,1
546,330,1
546,331,1
545,331,1
545,332,1
545,333,1
544,333,1
544,334,1
543,334,1
543,335,1
542,335,1
542,336,1
541,336,1
540,336,1
540,337,1
539,337,1
538,337,1
537,337,1
536,336,1
535,336,1
534,335,1
533,335,1
533,334,1
532,334,1
532,333,1
531,332,1
530,331,1
530,330,1
530,329,1
529,329,1
529,328,1
529,327,1
528,326,1
528,325,1
528,324,1
528,323,1
528,322,1
528,321,1
528,320,1
528,319,1
528,318,1
528,317,1
528,316,1
528,315,1
528,314,1
529,313,1
529,312,1
529,311,1
530,310,1
530,309,1
531,308,1
531,307,1
532,307,1
532,306,1
533,305,1
534,304,1
534,303,1
535,303,1
536,302,1
536,301,1
537,301,1
538,300,1
539,299,1
540,298,1
541,297,1
542,297,1
543,296,1
544,296,1
544,295,1
545,295,1
546,294,1
547,294,1
548,293,1
549,293,1
550,292,1
551,292,1
552,291,1
553,291,1
554,291,1
555,290,1
556,290,1
557,290,1
558,289,1
559,289,1
560,288,1
561,288,1
562,288,1
563,287,1
564,287,1
565,287,1
566,286,1
567,286,1
568,286,1
569,285,1
570,285,1
571,284,1
572,284,1
573,284,1
574,283,1
575,283,1
575,282,1
576,282,1
577,282,1
578,281,1
579,281,1
580,280,1
581,280,1
582,279,1
583,279,1
584,278,1
585,278,1
586,277,1
587,276,1
588,275,1
589,275,1
590,274,1
591,273,1
592,273,1
592,272,1
593,271,1
594,271,1
595,270,1
595,269,1
596,268,1
597,268,1
598,267,1
598,266,1
599,266,1
599,265,1
600,264,1
601,263,1
601,262,1
602,262,1
602,261,1
603,260,1
603,259,1
604,259,1
604,258,1
604,257,1
605,257,1
605,256,1
606,255,1
606,254,1
607,254,1
608,255,1
608,256,1
608,257,1
608,258,1
608,259,1
608,260,1
608,261,1
608,262,1
612,313,1
612,314,1
613,315,1
613,316,1
613,317,1
613,318,1
613,319,1
613,320,1
613,321,1
613,322,1
614,323,1
614,324,1
614,325,1
614,326,1
614,327,1
614,328,1
614,329,1
614,330,1
614,331,1
615,331,1
615,332,1
615,333,1
615,334,1
615,335,1
615,336,1
615,337,1
616,337,1
616,338,1
616,339,1
616,340,1
616,341,1
617,341,1
617,342,1
617,343,1
617,344,1
618,345,1
618,344,1
618,343,1
618,342,1
618,341,1
618,340,1
663,304,0
708,257,1
708,258,1
708,259,1
708,260,1
708,261,1
708,262,1
708,263,1
708,264,1
708,265,1
708,266,1
708,267,1
708,268,1
708,269,1
708,270,1
708,271,1
708,272,1
708,273,1
709,274,1
709,275,1
709,276,1
709,277,1
709,278,1
709,279,1
709,280,1
709,281,1
709,282,1
709,283,1
709,284,1
709,285,1
709,286,1
709,287,1
709,288,1
709,289,1
709,290,1
709,291,1
709,292,1
709,293,1
709,294,1
709,295,1
709,296,1
709,297,1
709,298,1
709,299,1
709,300,1
709,301,1
709,302,1
709,303,1
709,304,1
709,305,1
709,306,1
709,307,1
709,308,1
708,309,1
708,310,1
708,311,1
707,311,1
707,312,1
706,313,1
706,314,1
705,314,1
705,315,1
704,315,1
703,315,1
703,316,1
702,316,1
701,316,1
700,316,1
700,315,1
699,315,1
698,315,1
698,314,1
697,314,1
697,313,1
696,313,1
695,312,1
694,311,1
694,310,1
693,309,1
693,308,1
692,307,1
691,306,1
691,305,1
691,304,1
690,303,1
690,302,1
689,301,1
689,300,1
689,299,1
689,298,1
689,297,1
688,296,1
688,295,1
688,294,1
688,293,1
688,292,1
688,291,1
688,290,1
688,289,1
688,288,1
688,287,1
688,286,1
688,285,1
689,284,1
689,283,1
689,282,1
690,281,1
690,280,1
691,279,1
691,278,1
692,277,1
692,276,1
693,276,1
693,275,1
694,274,1
695,274,1
695,273,1
696,273,1
697,272,1
698,271,1
699,271,1
699,270,1
700,270,1
701,269,1
702,269,1
703,268,1
704,267,1
705,267,1
706,266,1
707,266,1
708,266,1
709,265,1
710,265,1
711,265,1
711,264,1
712,264,1
713,264,1
714,264,1
715,263,1
716,263,1
717,263,1
718,263,1
719,262,1
720,262,1
721,262,1
722,262,1
723,261,1
724,261,1
725,261,1
726,260,1
727,260,1
728,260,1
729,260,1
730,259,1
731,259,1
732,259,1
733,259,1
734,258,1
735,258,1
736,258,1
737,257,1
738,257,1
739,257,1
739,256,1
740,256,1
741,256,1
742,255,1
743,255,1
744,254,1
745,254,1
746,254,1
747,253,1
748,253,1
748,252,1
749,252,1
750,251,1
751,250,1
752,250,1
752,249,1
753,249,1
754,248,1
755,247,1
756,246,1
757,245,1
758,244,1
759,243,1
760,242,1
761,241,1
761,240,1
762,240,1
762,239,1
763,238,1
763,237,1
764,237,1
764,236,1
765,235,1
765,234,1
766,234,1
766,233,1
767,232,1
768,231,1
769,230,1
770,230,1
770,229,1
771,229,1
771,230,1
772,230,1
772,231,1
772,232,1
773,232,1
773,233,1
773,234,1
773,235,1
773,236,1
773,237,1
773,238,1
773,239,1
773,240,1
773,241,1
773,242,1
773,243,1
773,244,1
773,245,1
773,246,1
773,247,1
773,248,1
773,249,1
773,250,1
773,251,1
773,252,1
773,253,1
773,254,1
773,255,1
773,256,1
773,257,1
773,258,1
773,259,1
773,260,1
773,261,1
773,262,1
773,263,1
773,264,1
773,265,1
773,266,1
773,267,1
773,268,1
773,269,1
773,270,1
773,271,1
773,272,1
773,273,1
773,274,1
773,275,1
773,276,1
773,277,1
773,278,1
773,279,1
773,280,1
773,281,1
774,282,1
774,283,1
774,284,1
774,285,1
774,286,1
774,287,1
774,288,1
774,289,1
774,290,1
774,291,1
774,292,1
774,293,1
774,294,1
774,295,1
774,296,1
774,297,1
774,298,1
774,299,1
774,300,1
774,301,1
774,302,1
774,303,1
774,304,1
774,305,1
774,306,1
774,307,1
774,308,1
774,309,1
774,310,1
774,311,1
774,312,1
774,313,1
774,314,1
774,315,1
774,316,1
774,317,1
774,318,1
774,319,1
774,320,1
774,321,1
774,322,1
774,323,1
774,324,1
774,325,1
774,326,1
774,327,1
774,328,1
774,329,1
774,330,1
774,331,1
774,332,1
774,333,1
774,334,1
774,335,1
774,336,1
774,337,1
773,338,1
773,339,1
773,340,1
773,341,1
773,342,1
773,343,1
773,344,1
773,345,1
773,346,1
772,347,1
771,348,1
770,348,1
769,347,1
613,293,0
447,242,1
448,242,1
449,242,1
450,242,1
451,242,1
452,242,1
453,242,1
454,242,1
455,242,1
456,242,1
457,242,1
458,242,1
459,242,1
460,242,1
461,242,1
462,242,1
463,242,1
464,242,1
465,242,1
466,241,1
467,241,1
468,241,1
469,241,1
470,241,1
471,241,1
472,241,1
473,241,1
474,241,1
475,241,1
476,241,1
477,241,1
478,240,1
479,240,1
480,240,1
481,240,1
482,240,1
483,240,1
484,240,1
485,240,1
486,240,1
487,240,1
488,239,1
489,239,1
490,239,1
491,239,1
492,239,1
493,239,1
494,239,1
495,239,1
496,239,1
497,238,1
498,238,1
499,238,1
500,238,1
501,238,1
502,238,1
503,238,1
504,238,1
505,238,1
506,237,1
507,237,1
508,237,1
509,237,1
510,237,1
511,237,1
512,237,1
513,237,1
514,236,1
515,236,1
516,236,1
517,236,1
518,236,1
519,236,1
520,236,1
521,236,1
522,236,1
523,236,1
524,235,1
525,235,1
526,235,1
527,235,1
528,235,1
529,235,1
530,235,1
531,235,1
532,234,1
533,234,1
534,234,1
535,234,1
536,234,1
537,234,1
538,234,1
539,234,1
540,234,1
541,233,1
542,233,1
543,233,1
544,233,1
545,233,1
546,233,1
547,233,1
548,233,1
549,233,1
550,232,1
551,232,1
552,232,1
551,232,1
550,232,1
611,226,0
666,220,1
667,220,1
668,220,1
669,220,1
670,220,1
671,220,1
672,219,1
673,219,1
674,219,1
675,219,1
676,219,1
677,219,1
678,219,1
679,219,1
680,218,1
681,218,1
682,218,1
683,218,1
684,218,1
685,218,1
686,218,1
687,218,1
688,218,1
689,217,1
690,217,1
691,217,1
692,217,1
693,217,1
694,217,1
695,217,1
696,217,1
697,216,1
698,216,1
699,216,1
700,216,1
701,216,1
702,216,1
703,216,1
704,216,1
705,215,1
706,215,1
707,215,1
708,215,1
709,215,1
710,215,1
711,215,1
712,215,1
713,214,1
714,214,1
715,214,1
716,214,1
717,214,1
718,214,1
719,214,1
720,214,1
721,213,1
722,213,1
723,213,1
724,213,1
725,213,1
726,213,1
727,213,1
728,213,1
729,212,1
730,212,1
731,212,1
732,212,1
733,212,1
734,212,1
735,212,1
736,212,1
737,211,1
738,211,1
739,211,1
740,211,1
741,211,1
742,211,1
743,211,1
744,211,1
745,210,1
746,210,1
747,210,1
748,210,1
749,210,1
750,210,1
751,210,1
752,210,1
753,210,1
754,209,1
755,209,1
756,209,1
757,209,1
758,209,1
759,209,1
760,209,1
761,209,1
762,209,1
763,209,1
764,209,1
765,208,1
766,208,1
767,208,1
768,208,1
769,208,1
770,208,1
771,208,1
772,208,1
773,208,1
774,208,1
775,208,1
776,208,1
777,208,1
778,208,1
779,207,1
780,207,1
781,207,1
782,207,1
783,207,1
784,207,1
785,207,1
786,207,1
787,207,1
788,207,1
789,207,1
790,207,1
791,207,1
792,206,1
793,206,1
794,206,1
795,206,1
796,206,1
797,206,1
798,206,1
799,206,1
800,206,1
801,206,1
802,206,1
803,205,1
804,205,1
805,205,1
806,205,1
807,205,1
808,205,1
809,205,1
810,205,1
811,205,1
812,205,1
813,205,1
814,204,1
815,204,1
816,204,1
817,204,1
818,204,1
819,204,1
820,204,1
821,204,1
822,204,1
823,204,1
824,204,1
825,204,1
826,203,1
827,203,1
828,203,1
829,203,1
830,203,1
831,203,1
832,203,1
833,203,1
834,203,1
835,203,1
836,203,1
837,203,1
838,203,1
839,202,1
840,202,1
841,202,1
842,202,1
843,202,1
844,202,1
845,202,1
846,202,1
847,202,1
848,202,1
849,202,1
850,202,1
851,201,1
852,201,1
853,201,1
854,201,1
855,201,1
856,201,1
857,201,1
858,201,1
859,201,1
860,201,1
861,201,1
862,200,1
863,200,1
864,200,1
865,200,1
866,200,1
867,200,1
868,200,1
869,200,1
870,200,1
871,199,1
872,199,1
873,199,1
874,199,1
875,199,1
876,199,1
877,199,1
878,199,1
879,198,1
878,198,1
877,199,1
876,199,1
876,199,0
