185,105,1
163,161,1
164,161,1
164,162,1
165,163,1
166,163,1
166,164,1
167,164,1
167,165,1
168,165,1
168,166,1
169,166,1
169,167,1
170,168,1
171,168,1
171,169,1
172,170,1
173,170,1
173,171,1
174,172,1
175,172,1
175,173,1
176,173,1
176,174,1
177,174,1
177,175,1
178,175,1
178,176,1
179,176,1
179,177,1
180,177,1
180,178,1
181,178,1
181,179,1
182,179,1
182,180,1
183,180,1
184,181,1
185,181,1
186,182,1
187,182,1
188,182,1
189,182,1
189,181,1
190,181,1
191,180,1
212,144,0
234,106,1
234,107,1
235,108,1
235,109,1
235,110,1
235,111,1
235,112,1
235,113,1
235,114,1
235,115,1
235,116,1
235,117,1
236,118,1
236,119,1
236,120,1
236,121,1
236,122,1
236,123,1
236,124,1
236,125,1
236,126,1
236,127,1
237,127,1
237,128,1
237,129,1
237,130,1
237,131,1
237,132,1
237,133,1
237,134,1
237,135,1
237,136,1
238,137,1
238,138,1
238,139,1
238,140,1
238,141,1
238,142,1
238,143,1
238,144,1
238,145,1
238,146,1
239,146,1
239,147,1
239,148,1
239,149,1
239,150,1
239,151,1
239,152,1
239,153,1
239,154,1
239,155,1
240,156,1
240,157,1
240,158,1
240,159,1
240,160,1
240,161,1
240,162,1
241,163,1
241,164,1
241,165,1
241,166,1
242,166,1
242,167,1
242,166,1
242,165,1
241,165,1
241,164,1
240,163,1
240,162,1
239,162,1
239,161,1
238,161,1
237,161,1
237,160,1
236,160,1
235,160,1
234,160,1
233,160,1
233,161,1
232,161,1
232,162,1
231,162,1
231,163,1
231,164,1
231,165,1
231,166,1
232,166,1
233,167,1
234,167,1
235,167,1
236,167,1
237,167,1
238,167,1
239,167,1
211,211,1
210,211,1
210,210,1
243,143,0
277,72,1
276,73,1
275,73,1
274,74,1
273,74,1
273,75,1
273,76,1
272,76,1
272,77,1
271,78,1
271,79,1
271,80,1
271,81,1
271,82,1
271,83,1
271,84,1
272,84,1
272,85,1
273,86,1
273,87,1
273,88,1
274,88,1
274,89,1
275,89,1
275,90,1
276,90,1
276,91,1
277,91,1
278,91,1
279,91,1
280,91,1
281,91,1
281,90,1
282,90,1
283,90,1
283,89,1
284,89,1
285,89,1
285,88,1
286,88,1
287,88,1
287,87,1
288,87,1
289,87,1
289,88,1
289,89,1
289,90,1
289,91,1
290,92,1
290,93,1
290,94,1
290,95,1
290,96,1
290,97,1
290,98,1
290,99,1
290,100,1
290,101,1
290,102,1
290,103,1
290,104,1
290,105,1
290,106,1
290,107,1
290,108,1
290,109,1
290,110,1
290,111,1
290,112,1
290,113,1
291,114,1
291,115,1
291,116,1
291,117,1
291,118,1
291,119,1
291,120,1
291,121,1
291,122,1
291,123,1
291,124,1
291,125,1
291,126,1
291,127,1
291,128,1
291,129,1
291,130,1
291,131,1
292,132,1
292,133,1
292,134,1
292,135,1
292,136,1
292,137,1
292,138,1
292,139,1
292,140,1
292,141,1
292,142,1
292,143,1
292,144,1
292,145,1
292,146,1
292,147,1
291,147,1
291,148,1
291,149,1
291,150,1
291,151,1
290,151,1
290,152,1
289,153,1
288,154,1
287,154,1
286,154,1
285,153,1
284,153,1
284,152,1
283,151,1
283,150,1
282,150,1
282,149,1
281,148,1
281,147,1
280,147,1
280,146,1
280,145,1
280,144,1
279,143,1
279,142,1
279,141,1
279,140,1
279,139,1
279,138,1
279,137,1
279,136,1
279,135,1
279,134,1
279,133,1
279,132,1
280,131,1
280,130,1
280,129,1
281,128,1
281,127,1
282,126,1
282,125,1
283,125,1
283,124,1
284,123,1
284,122,1
285,122,1
285,121,1
286,121,1
286,120,1
287,120,1
288,119,1
289,119,1
289,118,1
290,118,1
291,117,1
292,117,1
293,116,1
294,116,1
295,115,1
296,115,1
297,114,1
298,114,1
299,114,1
300,113,1
301,113,1
302,113,1
303,113,1
304,112,1
305,112,1
306,112,1
307,111,1
308,111,1
309,111,1
310,111,1
310,110,1
311,110,1
312,110,1
312,109,1
313,109,1
314,109,1
314,108,1
315,108,1
316,108,1
316,107,1
317,107,1
318,106,1
319,106,1
319,105,1
320,105,1
320,104,1
321,104,1
321,103,1
322,103,1
322,102,1
323,102,1
323,101,1
323,100,1
324,100,1
324,99,1
324,98,1
325,98,1
325,97,1
325,96,1
326,96,1
326,95,1
326,94,1
327,93,1
327,92,1
327,91,1
327,90,1
328,90,1
328,89,1
328,88,1
328,87,1
329,88,1
329,89,1
329,90,1
329,91,1
329,92,1
329,93,1
329,94,1
329,95,1
329,96,1
329,97,1
329,98,1
329,99,1
329,100,1
329,101,1
329,102,1
329,103,1
329,104,1
329,105,1
329,106,1
329,107,1
330,107,1
330,108,1
330,109,1
330,110,1
330,111,1
330,112,1
330,113,1
330,114,1
330,115,1
330,116,1
330,117,1
330,118,1
330,119,1
330,120,1
330,121,1
330,122,1
330,123,1
330,124,1
330,125,1
331,126,1
331,127,1
331,128,1
331,129,1
331,130,1
331,131,1
331,132,1
331,133,1
331,134,1
331,135,1
331,136,1
331,137,1
331,138,1
331,139,1
331,140,1
331,141,1
331,142,1
331,143,1
331,144,1
332,144,1
332,145,1
332,146,1
332,147,1
332,148,1
332,149,1
332,150,1
332,151,1
332,152,1
332,153,1
332,154,1
332,155,1
332,156,1
332,157,1
332,158,1
333,158,1
333,159,1
333,160,1
334,160,1
355,124,0
377,87,1
377,88,1
377,89,1
378,90,1
378,91,1
378,92,1
378,93,1
378,94,1
378,95,1
378,96,1
378,97,1
378,98,1
378,99,1
378,100,1
378,101,1
378,102,1
378,103,1
379,104,1
379,105,1
379,106,1
379,107,1
379,108,1
379,109,1
379,110,1
379,111,1
379,112,1
379,113,1
379,114,1
379,115,1
379,116,1
379,117,1
379,118,1
379,119,1
379,120,1
379,121,1
379,122,1
379,123,1
379,124,1
379,125,1
379,126,1
379,127,1
379,128,1
379,129,1
379,130,1
379,131,1
379,132,1
379,133,1
379,134,1
378,135,1
378,136,1
378,137,1
378,138,1
377,138,1
377,139,1
377,140,1
376,140,1
376,141,1
375,141,1
375,142,1
374,142,1
374,143,1
373,143,1
372,143,1
371,143,1
370,143,1
369,143,1
369,142,1
368,142,1
367,141,1
366,140,1
366,139,1
365,139,1
365,138,1
364,138,1
364,137,1
364,136,1
363,135,1
363,134,1
363,133,1
362,132,1
362,131,1
362,130,1
362,129,1
362,128,1
362,127,1
362,126,1
362,125,1
362,124,1
362,123,1
362,122,1
362,121,1
363,121,1
363,120,1
363,119,1
363,118,1
364,118,1
364,117,1
364,116,1
365,116,1
365,115,1
365,114,1
366,114,1
366,113,1
367,112,1
368,111,1
369,110,1
370,109,1
371,108,1
372,107,1
373,107,1
373,106,1
374,106,1
375,105,1
376,105,1
377,104,1
378,104,1
379,103,1
380,103,1
381,102,1
382,102,1
383,102,1
383,101,1
384,101,1
385,101,1
385,100,1
386,100,1
387,100,1
387,99,1
388,99,1
389,98,1
390,98,1
391,97,1
392,97,1
393,96,1
394,96,1
394,95,1
395,95,1
396,95,1
396,94,1
397,94,1
397,93,1
398,93,1
398,92,1
399,92,1
400,91,1
401,90,1
402,90,1
402,89,1
403,88,1
403,87,1
404,87,1
404,86,1
405,86,1
405,85,1
405,84,1
406,84,1
406,83,1
406,82,1
407,82,1
407,81,1
407,80,1
408,79,1
408,78,1
408,77,1
408,76,1
409,76,1
409,75,1
409,74,1
409,73,1
409,72,1
410,71,1
410,70,1
410,69,1
410,68,1
411,68,1
411,69,1
411,70,1
411,71,1
412,71,1
412,72,1
412,73,1
412,74,1
412,75,1
412,76,1
412,77,1
412,78,1
413,78,1
413,79,1
413,80,1
413,81,1
413,82,1
413,83,1
413,84,1
413,85,1
414,86,1
414,87,1
414,88,1
414,89,1
414,90,1
414,91,1
414,92,1
415,92,1
415,93,1
415,94,1
415,95,1
415,96,1
415,97,1
415,98,1
416,99,1
416,100,1
416,101,1
416,102,1
416,103,1
416,104,1
416,105,1
416,106,1
417,106,1
417,107,1
417,108,1
417,109,1
417,110,1
417,111,1
417,112,1
417,113,1
417,114,1
418,114,1
418,115,1
418,116,1
418,117,1
418,118,1
418,119,1
418,120,1
418,121,1
418,122,1
418,123,1
419,124,1
419,125,1
419,126,1
419,127,1
419,128,1
419,129,1
419,130,1
419,131,1
419,132,1
419,133,1
419,134,1
419,135,1
420,136,1
420,137,1
420,138,1
420,139,1
420,140,1
420,141,1
420,142,1
420,143,1
420,144,1
420,145,1
420,146,1
420,147,1
420,148,1
420,149,1
420,150,1
420,151,1
420,152,1
420,153,1
420,154,1
420,155,1
420,156,1
420,157,1
420,158,1
420,159,1
420,160,1
420,161,1
420,162,1
420,163,1
420,164,1
420,165,1
420,166,1
420,167,1
420,168,1
420,169,1
420,170,1
420,171,1
420,172,1
421,172,1
420,172,1
327,124,0
231,77,1
232,77,1
233,77,1
233,76,1
234,76,1
235,76,1
236,76,1
237,76,1
238,76,1
239,76,1
240,76,1
241,76,1
242,76,1
243,76,1
243,75,1
244,75,1
245,75,1
246,75,1
247,75,1
248,75,1
249,75,1
250,75,1
251,75,1
252,75,1
252,74,1
253,74,1
254,74,1
255,74,1
256,74,1
257,74,1
258,74,1
259,74,1
260,74,1
261,73,1
262,73,1
263,73,1
264,73,1
265,73,1
266,73,1
267,73,1
268,73,1
268,72,1
269,72,1
270,72,1
271,72,1
272,72,1
273,72,1
274,72,1
275,72,1
276,71,1
277,71,1
278,71,1
279,71,1
280,71,1
281,71,1
282,71,1
282,70,1
283,70,1
284,70,1
285,70,1
314,67,0
343,64,1
344,64,1
345,64,1
346,64,1
347,64,1
348,64,1
349,64,1
350,64,1
351,64,1
352,64,1
352,63,1
353,63,1
354,63,1
355,63,1
356,63,1
357,63,1
358,63,1
359,63,1
360,63,1
361,63,1
361,62,1
362,62,1
363,62,1
364,62,1
365,62,1
366,62,1
367,62,1
368,62,1
369,62,1
370,62,1
370,61,1
371,61,1
372,61,1
373,61,1
374,61,1
375,61,1
376,61,1
377,61,1
378,61,1
379,61,1
379,60,1
380,60,1
381,60,1
382,60,1
383,60,1
384,60,1
385,60,1
386,60,1
387,60,1
388,60,1
389,60,1
389,59,1
390,59,1
391,59,1
392,59,1
393,59,1
394,59,1
395,59,1
396,59,1
397,59,1
398,59,1
399,59,1
400,59,1
401,58,1
402,58,1
403,58,1
404,58,1
405,58,1
406,58,1
407,58,1
408,58,1
409,58,1
410,58,1
411,58,1
411,57,1
412,57,1
413,57,1
414,57,1
415,57,1
416,57,1
417,57,1
418,57,1
419,57,1
420,57,1
421,56,1
422,56,1
423,56,1
424,56,1
425,56,1
426,56,1
427,56,1
428,56,1
429,56,1
430,56,1
430,55,1
431,55,1
432,55,1
433,55,1
434,55,1
435,55,1
436,55,1
437,55,1
438,55,1
439,55,1
439,54,1
440,54,1
441,54,1
442,54,1
443,54,1
444,54,1
445,54,1
446,54,1
447,54,1
448,54,1
448,53,1
449,53,1
450,53,1
451,53,1
452,53,1
453,53,1
454,53,1
455,53,1
456,53,1
457,53,1
457,52,1
458,52,1
459,52,1
460,52,1
461,52,1
462,52,1
463,52,1
464,52,1
465,52,1
465,51,1
466,51,1
467,51,1
468,51,1
469,51,1
470,51,1
471,51,1
472,50,1
473,50,1
474,50,1
475,50,1
475,49,1
476,49,1
477,49,1
478,49,1
479,49,1
480,49,1
481,49,1
481,48,1
482,48,1
483,48,1
484,48,1
485,48,1
486,48,1
486,47,1
487,47,1
488,47,1
489,47,1
490,47,1
491,47,1
491,46,1
492,46,1
492,46,0
