211,128,1
231,147,1
230,235,1
231,236,1
232,236,1
233,237,1
233,238,1
234,238,1
235,239,1
236,240,1
237,241,1
238,241,1
239,241,1
239,242,1
240,242,1
241,242,1
242,241,1
267,202,0
293,160,1
293,161,1
293,162,1
293,163,1
293,164,1
294,164,1
294,165,1
294,166,1
294,167,1
294,168,1
294,169,1
294,170,1
294,171,1
294,172,1
295,172,1
295,173,1
295,174,1
295,175,1
295,176,1
295,177,1
295,178,1
295,179,1
295,180,1
295,181,1
295,182,1
295,183,1
295,184,1
295,185,1
295,186,1
296,187,1
293,261,1
293,262,1
293,263,1
293,264,1
293,265,1
293,266,1
293,267,1
293,268,1
293,269,1
292,270,1
292,271,1
292,272,1
292,273,1
292,274,1
292,275,1
292,276,1
292,277,1
292,278,1
291,278,1
291,279,1
291,280,1
291,281,1
290,282,1
290,283,1
290,284,1
290,285,1
289,285,1
289,286,1
289,287,1
289,288,1
288,288,1
288,289,1
288,290,1
287,291,1
287,292,1
286,293,1
286,294,1
286,295,1
285,295,1
285,296,1
284,297,1
283,298,1
282,299,1
282,300,1
281,301,1
280,302,1
279,303,1
278,303,1
278,304,1
277,304,1
276,305,1
275,305,1
275,306,1
274,306,1
273,306,1
272,307,1
271,307,1
270,307,1
269,308,1
268,308,1
267,308,1
266,308,1
265,308,1
264,308,1
263,308,1
262,308,1
261,308,1
260,308,1
259,308,1
258,308,1
257,308,1
256,307,1
255,307,1
254,307,1
253,307,1
253,306,1
252,306,1
251,306,1
251,305,1
250,305,1
249,305,1
248,304,1
247,304,1
246,303,1
245,303,1
245,302,1
244,302,1
243,301,1
242,300,1
241,300,1
241,299,1
240,299,1
240,298,1
239,298,1
238,297,1
237,296,1
236,295,1
235,294,1
234,293,1
233,292,1
232,291,1
232,290,1
231,290,1
231,289,1
230,288,1
230,287,1
229,287,1
229,286,1
229,285,1
228,285,1
228,284,1
228,283,1
227,282,1
227,281,1
227,280,1
227,279,1
226,279,1
292,218,0
357,153,1
357,154,1
357,155,1
357,156,1
357,157,1
358,158,1
358,159,1
358,160,1
358,161,1
358,162,1
358,163,1
358,164,1
358,165,1
358,166,1
358,167,1
358,168,1
358,169,1
358,170,1
358,171,1
358,172,1
359,173,1
359,174,1
359,175,1
359,176,1
359,177,1
359,178,1
359,179,1
359,180,1
359,181,1
359,182,1
359,183,1
359,184,1
359,185,1
359,186,1
359,187,1
359,188,1
360,188,1
360,189,1
360,190,1
360,191,1
360,192,1
360,193,1
360,194,1
360,195,1
360,196,1
360,197,1
360,198,1
360,199,1
361,200,1
361,201,1
361,202,1
361,203,1
361,204,1
361,205,1
361,206,1
361,207,1
361,208,1
361,209,1
361,210,1
361,211,1
360,212,1
360,213,1
360,214,1
360,215,1
359,215,1
359,216,1
359,217,1
359,218,1
358,219,1
358,220,1
357,220,1
357,221,1
356,221,1
356,222,1
355,222,1
354,222,1
353,222,1
352,222,1
351,222,1
350,222,1
349,222,1
349,221,1
348,221,1
347,220,1
346,220,1
346,219,1
345,218,1
344,217,1
344,216,1
343,216,1
343,215,1
342,214,1
342,213,1
341,212,1
341,211,1
341,210,1
340,210,1
340,209,1
340,208,1
340,207,1
339,207,1
339,206,1
339,205,1
339,204,1
339,203,1
339,202,1
339,201,1
339,200,1
339,199,1
339,198,1
340,197,1
340,196,1
340,195,1
340,194,1
341,194,1
341,193,1
341,192,1
342,191,1
342,190,1
343,190,1
343,189,1
343,188,1
344,188,1
344,187,1
345,187,1
345,186,1
346,186,1
346,185,1
347,185,1
347,184,1
348,184,1
348,183,1
349,183,1
350,182,1
351,181,1
352,181,1
353,180,1
354,180,1
355,179,1
356,179,1
356,178,1
357,178,1
358,178,1
358,177,1
359,177,1
360,176,1
361,176,1
362,176,1
362,175,1
363,175,1
364,175,1
364,174,1
365,174,1
366,174,1
367,174,1
367,173,1
368,173,1
369,173,1
370,172,1
371,172,1
372,172,1
372,171,1
373,171,1
374,171,1
375,170,1
376,170,1
376,169,1
377,169,1
378,169,1
378,168,1
379,168,1
380,168,1
380,167,1
381,167,1
382,166,1
383,166,1
383,165,1
384,165,1
385,164,1
386,163,1
387,163,1
387,162,1
388,162,1
388,161,1
389,161,1
389,160,1
390,160,1
390,159,1
391,159,1
391,158,1
392,158,1
392,157,1
393,157,1
393,156,1
394,155,1
395,154,1
395,153,1
396,152,1
396,151,1
397,150,1
397,149,1
398,148,1
398,147,1
398,146,1
399,145,1
399,144,1
399,143,1
399,142,1
400,141,1
400,140,1
400,139,1
400,138,1
401,138,1
401,137,1
401,136,1
401,135,1
402,135,1
402,136,1
403,137,1
403,138,1
403,139,1
403,140,1
403,141,1
404,141,1
404,142,1
404,143,1
404,144,1
404,145,1
404,146,1
404,147,1
404,148,1
404,149,1
404,150,1
405,151,1
405,152,1
405,153,1
405,154,1
405,155,1
405,156,1
405,157,1
405,158,1
405,159,1
405,160,1
405,161,1
405,162,1
405,163,1
405,164,1
406,164,1
406,165,1
406,166,1
406,167,1
406,168,1
406,169,1
406,170,1
406,171,1
406,172,1
406,173,1
406,174,1
407,175,1
407,176,1
407,177,1
407,178,1
407,179,1
407,180,1
407,181,1
407,182,1
407,183,1
407,184,1
407,185,1
407,186,1
407,187,1
407,188,1
407,189,1
407,190,1
407,191,1
407,192,1
407,193,1
407,194,1
407,195,1
407,196,1
407,197,1
407,198,1
407,199,1
407,200,1
407,201,1
407,202,1
407,203,1
407,204,1
407,205,1
407,206,1
407,207,1
407,208,1
407,209,1
407,210,1
407,211,1
407,212,1
407,213,1
407,214,1
407,215,1
407,216,1
407,217,1
407,218,1
407,219,1
407,220,1
407,221,1
407,222,1
407,223,1
408,222,1
408,221,1
440,182,0
473,139,1
473,140,1
473,141,1
473,142,1
473,143,1
473,144,1
473,145,1
473,146,1
473,147,1
473,148,1
473,149,1
473,150,1
473,151,1
473,152,1
473,153,1
473,154,1
473,155,1
473,156,1
473,157,1
473,158,1
473,159,1
473,160,1
473,161,1
473,162,1
473,163,1
473,164,1
473,165,1
473,166,1
473,167,1
473,168,1
473,169,1
473,170,1
472,171,1
472,172,1
472,173,1
472,174,1
472,175,1
472,176,1
472,177,1
472,178,1
472,179,1
472,180,1
472,181,1
472,182,1
472,183,1
472,184,1
472,185,1
472,186,1
472,187,1
472,188,1
472,189,1
472,190,1
472,191,1
472,192,1
471,192,1
471,193,1
471,194,1
471,195,1
470,196,1
470,197,1
470,198,1
469,199,1
469,200,1
468,201,1
468,202,1
467,202,1
467,203,1
466,203,1
465,203,1
465,204,1
464,204,1
463,204,1
462,204,1
461,203,1
460,203,1
459,203,1
459,202,1
458,202,1
458,201,1
457,201,1
456,200,1
455,199,1
454,198,1
453,197,1
453,196,1
452,196,1
452,195,1
451,194,1
451,193,1
450,192,1
450,191,1
449,191,1
449,190,1
449,189,1
448,188,1
448,187,1
448,186,1
447,185,1
447,184,1
447,183,1
447,182,1
446,181,1
446,180,1
446,179,1
446,178,1
446,177,1
446,176,1
447,175,1
447,174,1
447,173,1
447,172,1
448,171,1
448,170,1
448,169,1
449,168,1
449,167,1
450,167,1
450,166,1
451,165,1
452,164,1
453,163,1
454,162,1
455,161,1
456,161,1
456,160,1
457,160,1
458,159,1
459,158,1
460,158,1
461,157,1
462,157,1
463,156,1
464,156,1
465,155,1
466,155,1
467,155,1
468,154,1
469,154,1
470,154,1
471,153,1
472,153,1
473,153,1
474,152,1
475,152,1
476,152,1
477,152,1
478,151,1
479,151,1
480,151,1
481,150,1
482,150,1
483,149,1
484,149,1
485,149,1
486,148,1
487,148,1
488,148,1
488,147,1
489,147,1
490,147,1
491,146,1
492,146,1
493,145,1
494,145,1
495,144,1
496,144,1
496,143,1
497,143,1
498,142,1
499,142,1
499,141,1
500,141,1
501,140,1
502,139,1
503,139,1
503,138,1
504,138,1
504,137,1
505,137,1
505,136,1
506,136,1
506,135,1
507,134,1
508,133,1
508,132,1
509,131,1
510,130,1
510,129,1
511,129,1
511,128,1
511,127,1
512,126,1
512,125,1
513,124,1
513,123,1
513,122,1
514,121,1
514,120,1
514,119,1
515,118,1
515,117,1
515,116,1
515,115,1
516,115,1
516,114,1
516,113,1
516,112,1
517,112,1
518,112,1
518,113,1
518,114,1
518,115,1
518,116,1
519,117,1
519,118,1
519,119,1
519,120,1
519,121,1
519,122,1
519,123,1
519,124,1
519,125,1
519,126,1
519,127,1
519,128,1
519,129,1
520,130,1
520,131,1
520,132,1
520,133,1
520,134,1
520,135,1
520,136,1
521,137,1
521,138,1
521,139,1
521,140,1
521,141,1
521,142,1
521,143,1
521,144,1
521,145,1
521,146,1
521,147,1
521,148,1
521,149,1
521,150,1
521,151,1
522,152,1
522,153,1
522,154,1
522,155,1
522,156,1
522,157,1
522,158,1
522,159,1
522,160,1
522,161,1
522,162,1
522,163,1
522,164,1
522,165,1
522,166,1
522,167,1
522,168,1
522,169,1
523,170,1
523,171,1
523,172,1
523,173,1
523,174,1
523,175,1
523,176,1
523,177,1
523,178,1
523,179,1
523,180,1
523,181,1
523,182,1
523,183,1
523,184,1
524,185,1
524,186,1
524,187,1
524,188,1
524,189,1
524,190,1
524,191,1
524,192,1
524,193,1
524,194,1
524,195,1
524,196,1
524,197,1
524,198,1
524,199,1
524,200,1
524,201,1
524,202,1
524,203,1
524,204,1
524,205,1
524,206,1
524,207,1
524,208,1
524,209,1
524,210,1
524,211,1
523,212,1
523,213,1
523,214,1
523,215,1
523,216,1
523,217,1
523,218,1
523,219,1
523,220,1
523,221,1
523,222,1
522,222,1
522,223,1
522,224,1
522,225,1
522,226,1
522,227,1
521,227,1
521,228,1
521,227,1
520,227,1
410,174,0
296,121,1
297,121,1
298,121,1
299,121,1
299,120,1
300,120,1
301,120,1
302,120,1
303,120,1
304,120,1
304,119,1
305,119,1
306,119,1
307,119,1
308,119,1
309,119,1
310,119,1
311,119,1
312,119,1
313,119,1
314,119,1
315,119,1
316,118,1
317,118,1
318,118,1
319,118,1
320,118,1
321,118,1
322,118,1
323,118,1
324,118,1
325,118,1
326,118,1
327,118,1
327,117,1
328,117,1
329,117,1
330,117,1
331,117,1
332,117,1
333,117,1
333,116,1
334,116,1
335,116,1
336,116,1
337,116,1
338,116,1
339,116,1
340,116,1
341,116,1
342,116,1
343,116,1
344,116,1
344,115,1
345,115,1
346,115,1
347,115,1
389,113,0
432,110,1
433,110,1
434,110,1
435,110,1
436,110,1
437,110,1
438,110,1
439,110,1
440,110,1
441,110,1
442,110,1
443,110,1
444,110,1
445,110,1
446,110,1
447,110,1
448,109,1
449,109,1
450,109,1
451,109,1
452,109,1
453,109,1
454,109,1
455,109,1
456,109,1
457,109,1
458,109,1
459,109,1
460,109,1
461,109,1
462,109,1
463,108,1
464,108,1
465,108,1
466,108,1
467,108,1
468,108,1
469,108,1
470,108,1
471,108,1
472,108,1
473,108,1
474,108,1
475,108,1
476,108,1
477,108,1
478,108,1
479,108,1
480,108,1
481,108,1
482,108,1
483,108,1
484,108,1
485,108,1
486,108,1
487,108,1
488,108,1
489,108,1
490,108,1
491,108,1
492,108,1
493,108,1
494,108,1
495,108,1
496,108,1
497,108,1
498,108,1
499,108,1
500,108,1
501,107,1
502,107,1
503,107,1
504,107,1
505,107,1
506,107,1
507,107,1
508,107,1
509,107,1
510,107,1
511,107,1
512,107,1
513,107,1
514,107,1
515,107,1
516,107,1
517,107,1
518,107,1
519,107,1
520,107,1
521,107,1
522,107,1
523,107,1
524,107,1
525,107,1
526,107,1
527,107,1
528,107,1
529,106,1
530,106,1
531,106,1
532,106,1
533,106,1
534,106,1
535,106,1
536,106,1
537,106,1
538,106,1
539,106,1
540,105,1
541,105,1
542,105,1
543,105,1
544,105,1
545,105,1
546,105,1
547,105,1
548,105,1
549,105,1
550,105,1
551,105,1
552,105,1
553,105,1
554,105,1
555,105,1
556,105,1
557,105,1
558,105,1
559,105,1
559,104,1
560,104,1
561,104,1
562,104,1
563,104,1
564,104,1
565,104,1
566,104,1
567,104,1
568,104,1
569,104,1
570,104,1
571,104,1
572,104,1
573,104,1
574,103,1
575,103,1
576,103,1
577,103,1
578,103,1
579,103,1
580,102,1
581,102,1
582,102,1
583,102,1
584,102,1
585,102,1
586,102,1
587,102,1
588,102,1
589,101,1
590,101,1
591,101,1
592,101,1
593,101,1
594,101,1
595,101,1
596,100,1
597,100,1
598,100,1
599,100,1
599,99,1
600,99,1
601,99,1
601,98,1
601,98,0
