263,198,1
246,242,1
245,242,1
244,243,1
243,243,1
242,243,1
241,243,1
241,242,1
240,242,1
239,242,1
239,241,1
238,241,1
238,240,1
239,239,1
240,239,1
241,238,1
242,238,1
243,239,1
244,239,1
245,239,1
246,239,1
247,240,1
248,240,1
249,241,1
250,241,1
251,242,1
252,242,1
252,243,1
253,243,1
254,244,1
255,244,1
255,245,1
256,245,1
257,246,1
257,247,1
258,247,1
259,248,1
260,248,1
260,249,1
261,249,1
262,250,1
263,251,1
264,252,1
265,253,1
266,253,1
266,254,1
267,254,1
268,255,1
269,256,1
270,257,1
271,258,1
272,258,1
272,259,1
273,259,1
274,260,1
275,261,1
276,262,1
277,263,1
278,263,1
278,264,1
279,264,1
280,265,1
281,266,1
282,266,1
282,267,1
283,267,1
284,268,1
285,269,1
286,269,1
287,270,1
288,270,1
289,270,1
289,271,1
290,271,1
291,271,1
292,272,1
293,272,1
294,272,1
295,272,1
296,272,1
318,233,0
343,191,1
343,192,1
343,193,1
343,194,1
343,195,1
343,196,1
344,196,1
344,197,1
344,198,1
344,199,1
344,200,1
344,201,1
344,202,1
345,203,1
345,204,1
345,205,1
345,206,1
349,250,1
348,249,1
347,249,1
346,249,1
345,249,1
344,249,1
343,249,1
342,249,1
341,249,1
340,249,1
340,250,1
339,250,1
338,251,1
337,252,1
337,253,1
337,254,1
336,254,1
336,255,1
336,256,1
337,257,1
337,258,1
338,259,1
339,259,1
339,260,1
340,260,1
341,260,1
342,260,1
342,261,1
343,261,1
344,261,1
345,261,1
346,261,1
347,261,1
348,261,1
349,261,1
350,261,1
351,261,1
351,262,1
352,262,1
353,262,1
354,263,1
355,263,1
355,264,1
356,264,1
356,265,1
356,266,1
357,267,1
357,268,1
357,269,1
357,270,1
357,271,1
357,272,1
357,273,1
357,274,1
357,275,1
357,276,1
357,277,1
357,278,1
357,279,1
357,280,1
357,281,1
357,282,1
357,283,1
357,284,1
357,285,1
357,286,1
357,287,1
357,288,1
357,289,1
357,290,1
357,291,1
357,292,1
357,293,1
357,294,1
357,295,1
357,296,1
357,297,1
357,298,1
357,299,1
357,300,1
357,301,1
357,302,1
357,303,1
357,304,1
357,305,1
357,306,1
357,307,1
356,308,1
356,309,1
356,310,1
356,311,1
356,312,1
356,313,1
355,313,1
355,314,1
320,340,1
319,339,1
318,339,1
317,339,1
316,339,1
315,339,1
314,338,1
313,338,1
312,338,1
311,337,1
310,337,1
309,337,1
308,336,1
307,336,1
306,336,1
306,335,1
305,335,1
304,335,1
304,334,1
303,334,1
302,334,1
301,333,1
300,333,1
299,332,1
298,332,1
297,331,1
296,330,1
295,330,1
294,329,1
293,329,1
293,328,1
292,328,1
292,327,1
291,327,1
290,326,1
289,325,1
289,324,1
288,324,1
288,323,1
287,323,1
286,322,1
286,321,1
285,321,1
285,320,1
284,319,1
283,318,1
283,317,1
282,317,1
349,251,0
413,178,1
413,179,1
413,180,1
413,181,1
413,182,1
413,183,1
413,184,1
414,184,1
414,185,1
414,186,1
414,187,1
414,188,1
414,189,1
415,189,1
415,190,1
415,191,1
415,192,1
415,193,1
415,194,1
416,195,1
416,196,1
416,197,1
416,198,1
416,199,1
417,200,1
417,201,1
417,202,1
417,203,1
417,204,1
417,205,1
417,206,1
418,207,1
418,208,1
418,209,1
418,210,1
418,211,1
418,212,1
419,213,1
419,214,1
419,215,1
419,216,1
419,217,1
419,218,1
420,218,1
420,219,1
420,220,1
420,221,1
420,222,1
420,223,1
421,224,1
421,225,1
421,226,1
421,227,1
421,228,1
421,229,1
421,230,1
421,231,1
421,232,1
421,233,1
421,234,1
421,235,1
420,236,1
420,237,1
420,238,1
420,239,1
419,239,1
419,240,1
418,240,1
418,241,1
417,241,1
416,241,1
415,241,1
414,241,1
413,241,1
413,240,1
412,240,1
412,239,1
411,239,1
411,238,1
410,237,1
410,236,1
409,236,1
409,235,1
408,234,1
408,233,1
408,232,1
407,231,1
407,230,1
407,229,1
407,228,1
406,228,1
406,227,1
406,226,1
406,225,1
406,224,1
406,223,1
406,222,1
406,221,1
406,220,1
406,219,1
406,218,1
406,217,1
406,216,1
407,215,1
407,214,1
407,213,1
407,212,1
408,212,1
408,211,1
408,210,1
409,209,1
409,208,1
410,208,1
410,207,1
411,207,1
411,206,1
411,205,1
412,205,1
412,204,1
413,204,1
413,203,1
414,203,1
414,202,1
415,202,1
416,201,1
417,200,1
418,199,1
419,198,1
420,198,1
420,197,1
421,197,1
422,197,1
422,196,1
423,196,1
424,196,1
424,195,1
425,195,1
426,195,1
426,194,1
427,194,1
428,194,1
428,193,1
429,193,1
430,193,1
431,192,1
432,192,1
433,192,1
433,191,1
434,191,1
435,191,1
436,190,1
437,190,1
438,190,1
439,189,1
440,189,1
441,189,1
442,188,1
443,188,1
444,187,1
445,187,1
446,187,1
446,186,1
447,186,1
448,185,1
449,185,1
449,184,1
450,184,1
451,184,1
451,183,1
452,183,1
453,182,1
454,181,1
455,181,1
455,180,1
456,180,1
456,179,1
457,179,1
458,178,1
459,177,1
460,176,1
460,175,1
461,175,1
461,174,1
462,174,1
462,173,1
463,172,1
464,171,1
464,170,1
465,169,1
465,168,1
466,167,1
466,166,1
466,165,1
467,165,1
467,164,1
467,163,1
468,162,1
468,161,1
468,160,1
469,159,1
469,158,1
470,158,1
470,157,1
471,157,1
471,158,1
471,159,1
472,160,1
472,161,1
472,162,1
472,163,1
472,164,1
472,165,1
473,165,1
473,166,1
473,167,1
473,168,1
473,169,1
473,170,1
473,171,1
473,172,1
474,172,1
474,173,1
474,174,1
474,175,1
474,176,1
474,177,1
475,178,1
475,179,1
475,180,1
475,181,1
475,182,1
475,183,1
476,184,1
476,185,1
476,186,1
476,187,1
476,188,1
476,189,1
477,189,1
477,190,1
477,191,1
477,192,1
477,193,1
477,194,1
477,195,1
477,196,1
477,197,1
478,198,1
478,199,1
478,200,1
478,201,1
478,202,1
478,203,1
478,204,1
479,204,1
479,205,1
479,206,1
479,207,1
479,208,1
479,209,1
479,210,1
479,211,1
480,211,1
480,212,1
480,213,1
480,214,1
480,215,1
480,216,1
481,216,1
481,217,1
481,218,1
481,219,1
481,220,1
482,221,1
482,222,1
482,223,1
482,224,1
482,225,1
483,226,1
483,227,1
483,228,1
483,229,1
484,230,1
484,231,1
485,231,1
485,232,1
486,233,1
486,234,1
487,234,1
488,234,1
489,234,1
489,233,1
516,195,0
544,153,1
544,154,1
544,155,1
544,156,1
544,157,1
545,158,1
545,159,1
545,160,1
545,161,1
545,162,1
545,163,1
545,164,1
545,165,1
545,166,1
545,167,1
545,168,1
545,169,1
546,170,1
546,171,1
546,172,1
546,173,1
546,174,1
546,175,1
546,176,1
547,177,1
547,178,1
547,179,1
547,180,1
547,181,1
547,182,1
547,183,1
547,184,1
547,185,1
548,186,1
548,187,1
548,188,1
548,189,1
548,190,1
548,191,1
548,192,1
548,193,1
548,194,1
548,195,1
548,196,1
548,197,1
547,198,1
547,199,1
547,200,1
547,201,1
546,202,1
546,203,1
545,204,1
545,205,1
544,205,1
544,206,1
543,206,1
542,207,1
541,207,1
540,207,1
539,206,1
538,206,1
537,205,1
536,204,1
535,203,1
535,202,1
534,202,1
534,201,1
533,200,1
533,199,1
532,198,1
532,197,1
532,196,1
531,195,1
531,194,1
531,193,1
530,192,1
530,191,1
530,190,1
530,189,1
530,188,1
530,187,1
530,186,1
530,185,1
530,184,1
530,183,1
530,182,1
531,181,1
531,180,1
531,179,1
531,178,1
531,177,1
532,177,1
532,176,1
532,175,1
533,175,1
533,174,1
533,173,1
534,173,1
534,172,1
535,171,1
536,170,1
537,169,1
538,168,1
539,167,1
540,166,1
541,165,1
542,165,1
542,164,1
543,164,1
544,163,1
545,163,1
545,162,1
546,162,1
547,162,1
548,161,1
549,161,1
550,160,1
551,160,1
552,159,1
553,159,1
554,159,1
555,158,1
556,158,1
557,157,1
558,157,1
559,157,1
560,156,1
561,156,1
562,156,1
562,155,1
563,155,1
564,155,1
564,154,1
565,154,1
566,154,1
566,153,1
567,153,1
568,153,1
568,152,1
569,152,1
570,151,1
571,151,1
571,150,1
572,150,1
572,149,1
573,149,1
574,148,1
575,147,1
576,146,1
577,145,1
577,144,1
578,144,1
578,143,1
579,143,1
579,142,1
580,141,1
580,140,1
581,139,1
581,138,1
582,137,1
582,136,1
582,135,1
583,135,1
583,134,1
583,133,1
584,132,1
584,131,1
585,130,1
585,129,1
586,129,1
587,129,1
587,130,1
587,131,1
587,132,1
587,133,1
587,134,1
587,135,1
587,136,1
588,137,1
588,138,1
588,139,1
588,140,1
588,141,1
588,142,1
588,143,1
589,144,1
589,145,1
589,146,1
589,147,1
589,148,1
589,149,1
589,150,1
589,151,1
589,152,1
590,153,1
590,154,1
590,155,1
590,156,1
590,157,1
590,158,1
590,159,1
591,160,1
591,161,1
591,162,1
591,163,1
591,164,1
591,165,1
591,166,1
591,167,1
592,168,1
592,169,1
592,170,1
592,171,1
592,172,1
592,173,1
592,174,1
593,174,1
593,175,1
593,176,1
593,177,1
593,178,1
593,179,1
594,180,1
594,181,1
594,182,1
594,183,1
594,184,1
594,185,1
594,186,1
594,187,1
594,188,1
594,189,1
594,190,1
595,191,1
595,192,1
595,193,1
595,194,1
595,195,1
595,196,1
596,197,1
596,198,1
596,199,1
596,200,1
596,201,1
596,202,1
596,203,1
596,204,1
596,205,1
596,206,1
596,207,1
596,208,1
596,209,1
596,210,1
596,211,1
596,212,1
596,213,1
597,213,1
597,214,1
597,215,1
597,216,1
597,217,1
597,218,1
597,219,1
597,220,1
597,221,1
597,222,1
597,223,1
597,224,1
597,225,1
597,226,1
597,227,1
597,228,1
597,229,1
598,230,1
598,231,1
598,232,1
598,233,1
598,234,1
598,235,1
598,236,1
598,237,1
598,238,1
598,239,1
598,240,1
598,241,1
598,242,1
598,243,1
598,244,1
598,245,1
598,246,1
598,247,1
598,248,1
598,249,1
598,250,1
598,251,1
598,252,1
598,253,1
598,254,1
598,255,1
598,256,1
598,257,1
598,258,1
598,259,1
598,260,1
597,260,1
597,261,1
597,262,1
597,263,1
597,264,1
596,265,1
596,266,1
595,267,1
594,266,1
459,208,0
319,152,1
320,152,1
321,152,1
321,151,1
322,151,1
323,151,1
324,151,1
325,151,1
326,150,1
327,150,1
328,150,1
329,150,1
330,150,1
330,149,1
331,149,1
332,149,1
333,149,1
334,149,1
335,149,1
335,148,1
336,148,1
337,148,1
338,148,1
339,148,1
340,148,1
340,147,1
341,147,1
342,147,1
343,147,1
344,147,1
345,146,1
346,146,1
347,146,1
348,146,1
349,145,1
350,145,1
351,145,1
352,145,1
353,145,1
354,144,1
355,144,1
356,144,1
357,144,1
358,144,1
359,144,1
360,143,1
361,143,1
362,143,1
363,143,1
364,142,1
365,142,1
366,142,1
367,142,1
367,141,1
368,141,1
369,141,1
425,130,0
482,119,1
483,119,1
484,119,1
484,118,1
485,118,1
486,118,1
487,118,1
488,118,1
489,118,1
490,118,1
491,118,1
491,117,1
492,117,1
493,117,1
494,117,1
495,117,1
496,117,1
497,117,1
498,116,1
499,116,1
500,116,1
501,116,1
502,116,1
503,115,1
504,115,1
505,115,1
506,115,1
507,115,1
508,115,1
509,114,1
510,114,1
511,114,1
512,114,1
513,114,1
514,113,1
515,113,1
516,113,1
517,113,1
518,113,1
519,112,1
520,112,1
521,112,1
522,112,1
523,112,1
524,112,1
525,112,1
526,112,1
526,111,1
527,111,1
528,111,1
529,111,1
530,111,1
531,110,1
532,110,1
533,110,1
534,110,1
535,110,1
536,110,1
537,110,1
538,110,1
538,109,1
539,109,1
540,109,1
541,109,1
542,109,1
543,109,1
544,108,1
545,108,1
546,108,1
547,108,1
548,108,1
549,108,1
550,107,1
551,107,1
552,107,1
553,107,1
554,107,1
555,107,1
555,106,1
556,106,1
557,106,1
558,106,1
559,106,1
560,106,1
560,105,1
561,105,1
562,105,1
563,105,1
564,105,1
565,105,1
566,105,1
567,104,1
568,104,1
569,104,1
570,104,1
571,104,1
572,103,1
573,103,1
574,103,1
575,103,1
576,103,1
577,103,1
577,102,1
578,102,1
579,102,1
580,102,1
581,102,1
582,102,1
582,101,1
583,101,1
584,101,1
585,101,1
586,101,1
587,101,1
587,100,1
588,100,1
589,100,1
590,100,1
591,100,1
592,100,1
593,100,1
594,99,1
595,99,1
596,99,1
597,99,1
598,99,1
599,98,1
600,98,1
601,98,1
602,98,1
603,98,1
604,97,1
605,97,1
606,97,1
607,97,1
608,97,1
609,96,1
610,96,1
611,96,1
612,96,1
613,96,1
613,95,1
614,95,1
615,95,1
616,95,1
617,95,1
618,95,1
619,95,1
620,94,1
621,94,1
622,94,1
623,94,1
624,94,1
625,93,1
626,93,1
627,93,1
628,93,1
629,93,1
630,93,1
630,92,1
631,92,1
632,92,1
633,92,1
634,92,1
635,92,1
635,91,1
636,91,1
637,91,1
638,91,1
639,91,1
640,91,1
640,90,1
641,90,1
642,90,1
643,90,1
644,90,1
645,90,1
646,90,1
647,89,1
648,89,1
649,89,1
650,89,1
651,88,1
652,88,1
653,88,1
654,87,1
653,87,1
653,87,0
