282,285,1
283,286,1
267,330,1
266,330,1
265,331,1
265,332,1
264,332,1
264,333,1
263,334,1
263,335,1
262,336,1
262,337,1
261,337,1
261,338,1
261,339,1
261,340,1
260,340,1
260,341,1
260,342,1
260,343,1
260,344,1
260,345,1
259,346,1
259,347,1
259,348,1
260,349,1
260,350,1
260,351,1
260,352,1
260,353,1
260,354,1
260,355,1
261,356,1
261,357,1
261,358,1
262,359,1
262,360,1
263,361,1
263,362,1
263,363,1
264,364,1
264,365,1
265,366,1
266,367,1
266,368,1
266,369,1
267,370,1
267,371,1
268,372,1
269,373,1
269,374,1
270,375,1
270,376,1
271,377,1
271,378,1
272,378,1
272,379,1
273,380,1
273,381,1
274,382,1
274,383,1
275,384,1
276,385,1
277,386,1
277,387,1
278,388,1
278,389,1
279,390,1
280,391,1
281,392,1
281,393,1
282,394,1
283,394,1
283,395,1
284,396,1
285,397,1
286,398,1
287,398,1
287,399,1
288,400,1
289,400,1
289,401,1
290,401,1
291,402,1
292,403,1
293,404,1
294,405,1
295,405,1
296,406,1
297,407,1
298,407,1
299,407,1
300,408,1
301,408,1
302,408,1
303,408,1
304,408,1
305,408,1
306,408,1
306,407,1
334,370,0
363,336,1
364,336,1
365,336,1
366,335,1
367,335,1
368,335,1
369,334,1
370,334,1
370,333,1
371,332,1
371,331,1
372,330,1
373,329,1
373,328,1
373,327,1
373,326,1
374,325,1
374,324,1
374,323,1
375,323,1
375,322,1
375,321,1
376,320,1
376,319,1
377,318,1
377,317,1
378,316,1
378,315,1
379,315,1
379,314,1
379,315,1
379,316,1
380,316,1
380,317,1
380,318,1
380,319,1
383,368,1
383,369,1
383,370,1
383,371,1
383,372,1
383,373,1
383,374,1
383,375,1
383,376,1
383,377,1
383,378,1
383,379,1
383,380,1
383,381,1
383,382,1
383,383,1
383,384,1
383,385,1
383,386,1
383,387,1
383,388,1
383,389,1
383,390,1
383,391,1
383,392,1
383,393,1
383,394,1
383,395,1
383,396,1
383,397,1
383,398,1
383,399,1
383,400,1
383,401,1
382,402,1
382,403,1
382,404,1
382,405,1
381,406,1
380,407,1
378,441,0
383,481,1
382,481,1
381,481,1
380,481,1
379,481,1
378,481,1
377,481,1
376,481,1
375,482,1
374,482,1
373,482,1
372,482,1
371,482,1
370,482,1
369,482,1
368,482,1
367,482,1
366,482,1
365,482,1
364,482,1
363,482,1
362,482,1
361,482,1
360,482,1
359,482,1
358,482,1
357,482,1
356,482,1
355,482,1
354,483,1
353,483,1
352,483,1
351,483,1
350,483,1
349,483,1
348,483,1
347,483,1
346,483,1
345,483,1
344,483,1
343,483,1
342,483,1
341,483,1
340,483,1
339,483,1
338,483,1
337,483,1
336,483,1
335,483,1
334,483,1
333,483,1
332,483,1
331,483,1
330,483,1
329,483,1
328,483,1
327,483,1
326,483,1
325,483,1
324,483,1
323,483,1
322,483,1
321,483,1
320,483,1
319,483,1
318,483,1
317,483,1
316,483,1
315,483,1
314,483,1
313,483,1
312,483,1
311,483,1
310,483,1
309,483,1
308,483,1
307,483,1
306,482,1
305,482,1
304,482,1
303,482,1
302,482,1
301,482,1
300,482,1
299,482,1
298,482,1
297,482,1
296,482,1
295,482,1
294,482,1
293,482,1
292,482,1
291,482,1
290,482,1
289,482,1
288,482,1
287,482,1
286,482,1
285,482,1
284,482,1
283,482,1
282,482,1
281,482,1
280,482,1
279,481,1
278,481,1
277,481,1
276,481,1
275,481,1
274,481,1
273,481,1
272,481,1
271,481,1
270,481,1
269,481,1
268,480,1
267,480,1
266,480,1
265,480,1
264,480,1
263,480,1
262,480,1
261,480,1
260,479,1
259,479,1
259,478,1
260,478,1
261,477,1
378,399,0
494,309,1
494,310,1
494,311,1
494,312,1
494,313,1
494,314,1
494,315,1
494,316,1
494,317,1
493,318,1
493,319,1
492,320,1
492,321,1
491,322,1
491,323,1
490,323,1
489,324,1
488,325,1
488,326,1
487,327,1
487,328,1
486,328,1
486,329,1
485,330,1
485,331,1
484,332,1
483,333,1
482,334,1
482,335,1
481,336,1
480,337,1
479,338,1
478,339,1
478,340,1
477,340,1
477,341,1
476,342,1
475,342,1
475,343,1
474,344,1
474,345,1
473,345,1
473,346,1
472,347,1
472,348,1
471,348,1
471,349,1
471,350,1
470,351,1
469,352,1
469,353,1
469,354,1
468,354,1
468,355,1
468,356,1
468,357,1
468,358,1
467,359,1
467,360,1
467,361,1
467,362,1
467,363,1
467,364,1
467,365,1
467,366,1
467,367,1
467,368,1
467,369,1
467,370,1
467,371,1
467,372,1
468,373,1
468,374,1
468,375,1
468,376,1
469,377,1
469,378,1
469,379,1
470,379,1
470,380,1
470,381,1
471,382,1
471,383,1
471,384,1
472,385,1
473,386,1
473,387,1
473,388,1
474,389,1
474,390,1
475,390,1
475,391,1
476,392,1
476,393,1
477,394,1
477,395,1
478,395,1
479,396,1
479,397,1
480,398,1
480,399,1
481,399,1
481,400,1
482,401,1
483,402,1
484,403,1
484,404,1
485,405,1
486,405,1
486,406,1
487,407,1
488,407,1
488,408,1
489,409,1
490,410,1
491,411,1
492,411,1
493,412,1
493,413,1
494,413,1
495,414,1
496,414,1
497,415,1
498,415,1
499,415,1
499,416,1
500,416,1
501,416,1
502,416,1
503,417,1
504,417,1
505,417,1
506,417,1
507,417,1
508,417,1
509,416,1
509,415,1
509,414,1
509,413,1
508,413,1
507,412,1
507,411,1
555,385,0
603,344,1
603,345,1
603,346,1
603,347,1
603,348,1
603,349,1
603,350,1
603,351,1
603,352,1
603,353,1
603,354,1
603,355,1
603,356,1
603,357,1
603,358,1
603,359,1
603,360,1
603,361,1
603,362,1
603,363,1
603,364,1
603,365,1
603,366,1
603,367,1
603,368,1
603,369,1
603,370,1
603,371,1
603,372,1
603,373,1
603,374,1
603,375,1
603,376,1
603,377,1
603,378,1
603,379,1
603,380,1
603,381,1
603,382,1
603,383,1
603,384,1
603,385,1
603,386,1
603,387,1
603,388,1
603,389,1
603,390,1
603,391,1
603,392,1
603,393,1
604,394,1
604,395,1
604,396,1
604,397,1
604,396,1
604,395,1
654,386,0
710,371,1
710,372,1
710,373,1
709,374,1
708,375,1
707,376,1
707,377,1
706,377,1
705,378,1
704,379,1
703,379,1
702,379,1
702,378,1
701,378,1
700,378,1
700,377,1
700,376,1
701,375,1
701,374,1
702,374,1
702,373,1
703,373,1
703,372,1
704,372,1
705,371,1
706,371,1
706,370,1
707,370,1
708,370,1
709,369,1
710,369,1
711,368,1
712,368,1
713,368,1
713,367,1
714,367,1
715,367,1
716,366,1
717,366,1
718,366,1
719,366,1
720,365,1
721,365,1
722,365,1
723,364,1
724,364,1
725,364,1
726,364,1
727,364,1
728,363,1
729,363,1
730,363,1
731,363,1
732,363,1
733,363,1
734,362,1
735,362,1
736,362,1
737,362,1
738,362,1
739,362,1
740,362,1
741,361,1
742,361,1
743,361,1
744,361,1
745,361,1
746,361,1
747,361,1
748,360,1
749,360,1
750,360,1
751,360,1
752,360,1
753,360,1
754,359,1
755,359,1
756,359,1
757,359,1
758,359,1
759,359,1
760,359,1
761,358,1
762,358,1
763,358,1
764,358,1
765,358,1
766,357,1
767,356,1
763,367,0
767,366,1
767,367,1
767,368,1
767,369,1
767,370,1
767,371,1
767,372,1
767,373,1
766,374,1
766,375,1
766,376,1
766,377,1
766,378,1
765,379,1
765,380,1
765,381,1
765,382,1
764,383,1
764,384,1
764,385,1
764,386,1
764,387,1
763,388,1
763,389,1
763,390,1
763,391,1
763,392,1
762,393,1
762,394,1
762,395,1
762,396,1
761,397,1
761,398,1
761,399,1
760,400,1
760,401,1
759,402,1
759,403,1
758,404,1
758,405,1
757,406,1
757,407,1
756,408,1
756,409,1
755,409,1
754,410,1
754,409,1
753,409,1
752,408,1
751,407,1
751,406,1
750,405,1
676,332,0
596,264,1
596,263,1
596,262,1
596,261,1
595,260,1
595,259,1
595,258,1
596,257,1
596,256,1
596,255,1
596,254,1
596,253,1
596,252,1
597,251,1
597,250,1
598,249,1
599,248,1
599,247,1
600,246,1
600,245,1
600,244,1
601,243,1
602,242,1
602,241,1
603,240,1
603,239,1
604,238,1
605,237,1
605,236,1
606,235,1
607,234,1
608,233,1
609,232,1
610,231,1
611,230,1
612,229,1
613,228,1
614,227,1
615,226,1
616,226,1
616,225,1
617,224,1
618,224,1
618,223,1
619,223,1
620,222,1
621,222,1
621,221,1
622,221,1
623,220,1
624,220,1
624,219,1
625,219,1
626,218,1
627,218,1
627,217,1
628,217,1
629,217,1
630,216,1
631,216,1
632,215,1
633,215,1
634,214,1
635,214,1
636,213,1
637,213,1
638,213,1
638,212,1
639,212,1
640,212,1
641,212,1
642,211,1
643,211,1
644,211,1
645,210,1
646,210,1
647,210,1
648,210,1
648,209,1
649,209,1
650,209,1
651,209,1
652,209,1
653,208,1
654,208,1
655,208,1
656,208,1
657,208,1
658,207,1
659,207,1
660,207,1
661,207,1
662,207,1
663,207,1
664,207,1
665,207,1
665,206,1
666,206,1
667,206,1
668,206,1
669,206,1
670,206,1
671,206,1
672,206,1
673,206,1
674,206,1
675,206,1
676,206,1
677,206,1
678,206,1
679,206,1
680,206,1
681,207,1
682,207,1
683,207,1
684,207,1
685,207,1
686,207,1
687,207,1
688,208,1
689,208,1
690,208,1
691,208,1
692,208,1
693,209,1
694,209,1
695,209,1
696,210,1
697,210,1
698,210,1
699,210,1
700,211,1
701,211,1
702,211,1
703,212,1
704,212,1
705,213,1
706,213,1
707,214,1
708,214,1
709,214,1
710,215,1
711,215,1
712,216,1
713,216,1
714,217,1
715,217,1
716,218,1
717,219,1
718,220,1
719,220,1
720,221,1
721,221,1
722,222,1
723,223,1
724,224,1
725,225,1
726,225,1
727,226,1
728,227,1
729,227,1
729,228,1
730,229,1
731,230,1
732,230,1
732,231,1
733,232,1
734,233,1
735,234,1
736,234,1
736,235,1
737,236,1
738,237,1
739,238,1
740,239,1
741,240,1
741,241,1
742,242,1
743,243,1
744,244,1
745,245,1
745,246,1
746,247,1
746,248,1
747,249,1
748,250,1
749,251,1
749,252,1
750,253,1
751,254,1
751,255,1
752,256,1
752,257,1
753,257,1
753,258,1
754,259,1
754,260,1
755,261,1
755,262,1
756,263,1
756,264,1
757,264,1
757,265,1
758,266,1
758,267,1
759,268,1
759,269,1
760,270,1
760,271,1
761,271,1
761,272,1
762,273,1
762,274,1
763,275,1
763,276,1
764,277,1
764,278,1
765,279,1
766,280,1
766,281,1
767,282,1
767,283,1
768,284,1
768,285,1
769,285,1
769,286,1
770,287,1
770,288,1
771,289,1
772,290,1
772,291,1
773,291,1
773,292,1
774,293,1
775,294,1
775,295,1
776,296,1
776,297,1
777,297,1
777,298,1
778,299,1
779,300,1
779,301,1
780,302,1
781,302,1
781,303,1
782,304,1
782,305,1
783,305,1
784,306,1
784,307,1
785,308,1
786,308,1
786,309,1
787,310,1
788,310,1
788,311,1
789,311,1
789,312,1
790,313,1
791,314,1
792,315,1
792,316,1
793,316,1
794,317,1
795,317,1
795,318,1
796,318,1
796,319,1
797,319,1
796,319,1
795,319,1
794,319,1
793,319,1
565,293,0
326,268,1
327,268,1
328,268,1
329,268,1
330,268,1
331,268,1
332,268,1
333,268,1
334,268,1
335,269,1
336,269,1
337,269,1
338,269,1
339,269,1
340,269,1
341,269,1
342,269,1
343,269,1
344,269,1
345,269,1
346,269,1
347,269,1
348,269,1
349,269,1
350,269,1
351,269,1
352,269,1
353,269,1
354,270,1
355,270,1
356,270,1
357,270,1
358,270,1
359,270,1
360,270,1
361,270,1
362,270,1
363,270,1
364,270,1
365,270,1
366,270,1
367,270,1
368,270,1
369,270,1
370,271,1
371,271,1
372,271,1
373,271,1
374,271,1
375,271,1
376,271,1
377,271,1
378,271,1
379,271,1
380,271,1
381,271,1
382,271,1
383,271,1
384,271,1
385,271,1
386,271,1
387,271,1
388,272,1
389,272,1
390,272,1
391,272,1
392,272,1
393,272,1
394,272,1
395,272,1
396,272,1
397,272,1
398,272,1
399,272,1
400,272,1
401,272,1
402,272,1
403,272,1
404,272,1
405,272,1
406,272,1
407,272,1
408,272,1
409,273,1
410,273,1
411,273,1
412,273,1
413,273,1
414,273,1
415,273,1
416,273,1
417,273,1
418,273,1
419,273,1
420,273,1
421,273,1
422,273,1
423,273,1
424,273,1
425,273,1
426,273,1
427,273,1
428,273,1
429,273,1
430,273,1
431,273,1
432,273,1
433,273,1
434,273,1
435,273,1
436,273,1
437,273,1
438,273,1
439,273,1
440,273,1
441,273,1
442,273,1
443,273,1
444,274,1
445,274,1
446,274,1
447,274,1
448,274,1
449,274,1
450,274,1
451,274,1
452,274,1
453,274,1
454,274,1
455,274,1
456,274,1
457,274,1
458,274,1
459,274,1
460,274,1
461,274,1
462,274,1
463,274,1
464,274,1
465,274,1
466,274,1
467,274,1
468,274,1
469,274,1
470,274,1
471,274,1
472,274,1
473,274,1
474,274,1
475,274,1
476,274,1
477,274,1
478,274,1
479,274,1
480,274,1
481,274,1
482,274,1
483,274,1
484,274,1
485,274,1
486,274,1
487,274,1
488,274,1
489,274,1
490,274,1
491,274,1
492,274,1
493,274,1
494,274,1
495,274,1
496,274,1
497,274,1
498,274,1
499,274,1
500,274,1
501,274,1
502,274,1
503,274,1
504,274,1
505,274,1
506,274,1
507,274,1
508,274,1
509,274,1
510,274,1
511,274,1
512,274,1
513,274,1
514,274,1
515,274,1
516,274,1
517,274,1
518,274,1
519,274,1
520,274,1
521,274,1
522,274,1
523,274,1
524,274,1
525,274,1
526,274,1
527,274,1
528,274,1
529,274,1
530,275,1
531,275,1
532,275,1
533,275,1
534,275,1
535,275,1
536,275,1
537,275,1
538,275,1
539,275,1
540,275,1
541,275,1
542,275,1
543,275,1
544,275,1
545,275,1
546,275,1
547,275,1
548,276,1
549,276,1
550,276,1
551,276,1
552,276,1
553,276,1
554,276,1
555,276,1
556,276,1
557,276,1
558,276,1
559,276,1
560,276,1
561,276,1
562,277,1
563,277,1
564,277,1
565,277,1
566,277,1
567,277,1
568,277,1
569,277,1
570,277,1
571,277,1
572,277,1
573,278,1
574,278,1
575,278,1
576,278,1
577,278,1
578,278,1
579,278,1
580,278,1
581,278,1
582,278,1
583,278,1
584,278,1
585,278,1
586,278,1
587,279,1
588,279,1
589,279,1
590,279,1
591,279,1
592,279,1
593,279,1
594,279,1
595,279,1
596,279,1
597,280,1
598,280,1
599,280,1
600,280,1
601,280,1
602,280,1
603,280,1
604,280,1
605,281,1
606,281,1
607,281,1
608,281,1
609,281,1
610,281,1
611,281,1
612,281,1
613,281,1
614,281,1
615,281,1
616,282,1
617,282,1
618,282,1
619,282,1
620,282,1
621,282,1
622,282,1
623,282,1
624,282,1
625,282,1
626,282,1
627,282,1
628,282,1
629,283,1
630,283,1
631,283,1
632,283,1
633,283,1
634,283,1
635,283,1
636,283,1
637,283,1
638,283,1
639,283,1
640,284,1
641,284,1
642,284,1
643,284,1
644,284,1
645,284,1
646,284,1
647,284,1
648,284,1
649,284,1
650,285,1
651,285,1
652,285,1
653,285,1
654,285,1
655,285,1
656,285,1
657,285,1
658,285,1
659,285,1
660,285,1
661,286,1
662,286,1
663,286,1
664,286,1
665,286,1
666,286,1
667,286,1
668,286,1
669,286,1
670,286,1
671,286,1
672,286,1
673,286,1
674,287,1
675,287,1
676,287,1
677,287,1
678,287,1
679,287,1
680,287,1
681,287,1
682,287,1
683,287,1
684,287,1
685,288,1
686,288,1
687,288,1
688,288,1
689,288,1
690,288,1
691,288,1
692,288,1
693,288,1
694,288,1
695,289,1
696,289,1
697,289,1
698,289,1
699,289,1
700,289,1
701,289,1
702,289,1
703,289,1
704,289,1
705,289,1
706,289,1
707,290,1
708,290,1
709,290,1
710,290,1
711,290,1
712,290,1
713,290,1
714,290,1
715,290,1
716,290,1
717,290,1
718,290,1
719,290,1
720,290,1
721,290,1
722,290,1
723,290,1
724,290,1
725,290,1
726,290,1
727,290,1
728,290,1
729,290,1
730,291,1
731,291,1
732,291,1
733,291,1
734,291,1
735,291,1
736,291,1
737,291,1
738,291,1
739,291,1
740,291,1
741,291,1
742,291,1
743,291,1
744,291,1
745,291,1
746,292,1
747,292,1
748,292,1
749,292,1
750,292,1
751,292,1
752,292,1
753,292,1
754,292,1
755,292,1
756,292,1
757,292,1
758,292,1
759,292,1
760,292,1
761,292,1
762,292,1
763,293,1
764,293,1
765,293,1
766,293,1
767,293,1
768,293,1
769,293,1
770,293,1
771,293,1
772,293,1
773,293,1
774,293,1
775,293,1
776,293,1
777,293,1
778,293,1
779,293,1
780,293,1
781,294,1
782,294,1
783,294,1
784,294,1
785,294,1
786,294,1
787,294,1
788,294,1
789,294,1
790,294,1
791,294,1
792,294,1
793,294,1
794,294,1
795,294,1
796,294,1
797,294,1
798,294,1
799,294,1
800,294,1
801,294,1
802,294,1
803,294,1
804,294,1
805,294,1
806,294,1
807,294,1
808,294,1
809,294,1
810,294,1
811,295,1
812,295,1
813,295,1
814,295,1
815,295,1
816,295,1
817,295,1
818,295,1
819,295,1
820,295,1
821,295,1
822,295,1
823,295,1
824,295,1
825,295,1
826,295,1
827,295,1
828,295,1
829,295,1
830,295,1
831,295,1
832,295,1
833,295,1
834,295,1
835,295,1
836,295,1
837,296,1
838,296,1
839,296,1
840,296,1
841,296,1
842,296,1
843,296,1
844,296,1
845,296,1
846,296,1
847,296,1
848,296,1
849,296,1
850,296,1
851,296,1
852,296,1
853,296,1
854,297,1
855,297,1
856,297,1
857,297,1
858,297,1
859,297,1
860,297,1
861,297,1
862,297,1
863,297,1
864,297,1
865,297,1
866,297,1
867,297,1
868,297,1
869,298,1
870,298,1
871,298,1
872,298,1
873,298,1
874,298,1
875,298,1
876,298,1
877,298,1
878,298,1
879,298,1
880,298,1
881,298,1
882,298,1
883,298,1
884,298,1
885,298,1
886,298,1
887,298,1
888,299,1
889,299,1
890,299,1
891,299,1
892,299,1
893,299,1
894,299,1
895,299,1
896,299,1
897,299,1
898,299,1
899,299,1
900,299,1
901,300,1
902,300,1
903,300,1
904,300,1
905,300,1
906,300,1
907,300,1
908,300,1
909,300,1
910,300,1
911,300,1
912,300,1
913,300,1
914,300,1
915,300,1
916,301,1
917,301,1
918,301,1
919,301,1
920,301,1
921,301,1
922,301,1
923,301,1
924,301,1
925,301,1
926,301,1
927,301,1
928,301,1
929,301,1
930,301,1
931,301,1
932,301,1
933,301,1
934,301,1
935,301,1
936,301,1
937,301,1
938,302,1
939,302,1
939,301,1
938,301,1
937,301,1
936,301,1
935,301,1
935,301,0
