240,215,1
241,215,1
246,256,1
246,257,1
245,258,1
245,259,1
245,260,1
244,261,1
244,262,1
244,263,1
243,264,1
243,265,1
242,266,1
242,267,1
242,268,1
242,269,1
241,270,1
241,271,1
241,272,1
241,273,1
241,274,1
241,275,1
240,276,1
240,277,1
240,278,1
240,279,1
240,280,1
240,281,1
240,282,1
240,283,1
240,284,1
240,285,1
241,286,1
241,287,1
241,288,1
241,289,1
241,290,1
241,291,1
242,291,1
242,292,1
242,293,1
242,294,1
242,295,1
243,296,1
243,297,1
243,298,1
243,299,1
244,300,1
244,301,1
244,302,1
245,303,1
265,350,1
266,350,1
266,351,1
267,352,1
267,353,1
268,353,1
268,354,1
269,355,1
269,356,1
270,356,1
271,357,1
271,358,1
272,358,1
273,359,1
274,359,1
275,360,1
276,360,1
277,360,1
278,360,1
279,360,1
279,359,1
279,358,1
303,312,0
328,272,1
329,272,1
330,272,1
331,271,1
332,270,1
333,269,1
333,268,1
334,267,1
334,266,1
334,265,1
335,264,1
335,263,1
335,262,1
335,261,1
335,260,1
335,259,1
335,258,1
336,257,1
336,256,1
336,255,1
337,255,1
337,254,1
338,254,1
338,255,1
338,256,1
338,257,1
338,258,1
338,259,1
338,260,1
338,261,1
338,262,1
338,263,1
339,264,1
339,265,1
339,266,1
339,267,1
339,268,1
339,269,1
339,270,1
339,271,1
339,272,1
339,273,1
339,274,1
339,275,1
339,276,1
339,277,1
339,278,1
340,279,1
340,280,1
340,281,1
340,282,1
340,283,1
340,284,1
340,285,1
340,286,1
340,287,1
340,288,1
340,289,1
340,290,1
340,291,1
341,292,1
341,293,1
341,294,1
341,295,1
341,296,1
341,297,1
341,298,1
341,299,1
341,300,1
341,301,1
341,302,1
341,303,1
342,304,1
342,305,1
342,306,1
342,307,1
342,308,1
342,309,1
342,310,1
342,311,1
342,312,1
342,313,1
343,314,1
343,315,1
343,316,1
343,317,1
343,318,1
343,319,1
343,320,1
343,321,1
344,322,1
344,323,1
344,324,1
345,325,1
345,326,1
345,327,1
345,328,1
336,358,0
338,396,1
337,396,1
336,396,1
335,396,1
334,397,1
333,397,1
332,397,1
331,397,1
330,397,1
329,397,1
328,397,1
327,397,1
326,397,1
325,397,1
324,397,1
323,397,1
322,397,1
321,397,1
320,397,1
319,397,1
318,398,1
317,398,1
316,398,1
315,398,1
314,398,1
313,398,1
312,398,1
311,398,1
310,398,1
309,398,1
308,398,1
307,398,1
306,398,1
305,398,1
304,398,1
303,398,1
302,398,1
301,398,1
300,398,1
299,398,1
298,398,1
297,398,1
296,399,1
295,399,1
294,399,1
293,399,1
292,399,1
291,399,1
290,399,1
289,399,1
288,399,1
287,399,1
286,399,1
285,399,1
284,399,1
283,399,1
282,399,1
281,399,1
280,399,1
279,399,1
278,399,1
277,399,1
276,399,1
275,399,1
274,399,1
273,399,1
272,399,1
271,399,1
270,399,1
269,399,1
268,399,1
267,399,1
266,399,1
265,399,1
264,400,1
263,400,1
262,400,1
261,400,1
260,400,1
259,400,1
258,400,1
257,400,1
256,400,1
255,400,1
254,400,1
253,400,1
252,400,1
251,400,1
250,400,1
249,400,1
248,400,1
247,400,1
246,400,1
245,400,1
244,400,1
243,400,1
242,400,1
241,400,1
240,400,1
239,400,1
238,400,1
237,400,1
236,400,1
235,400,1
234,400,1
233,400,1
232,401,1
231,401,1
230,401,1
229,401,1
228,401,1
227,401,1
226,401,1
225,401,1
224,401,1
223,401,1
222,401,1
221,401,1
220,401,1
219,401,1
218,401,1
217,401,1
216,401,1
215,401,1
214,401,1
213,401,1
212,401,1
211,401,1
210,401,1
209,401,1
208,401,1
207,401,1
206,401,1
205,401,1
204,401,1
203,401,1
202,401,1
203,400,1
330,319,0
449,227,1
449,228,1
450,229,1
450,230,1
451,231,1
451,232,1
451,233,1
451,234,1
451,235,1
451,236,1
451,237,1
451,238,1
451,239,1
450,240,1
450,241,1
450,242,1
449,243,1
449,244,1
448,245,1
447,246,1
447,247,1
446,248,1
446,249,1
446,250,1
445,251,1
444,252,1
444,253,1
444,254,1
443,255,1
443,256,1
442,257,1
441,258,1
441,259,1
440,260,1
440,261,1
439,261,1
439,262,1
438,263,1
437,264,1
437,265,1
436,265,1
436,266,1
435,267,1
435,268,1
434,268,1
434,269,1
434,270,1
433,271,1
433,272,1
432,272,1
432,273,1
431,274,1
431,275,1
431,276,1
431,277,1
430,278,1
430,279,1
430,280,1
429,281,1
429,282,1
429,283,1
429,284,1
429,285,1
429,286,1
428,286,1
428,287,1
428,288,1
428,289,1
428,290,1
428,291,1
428,292,1
428,293,1
428,294,1
428,295,1
428,296,1
429,297,1
429,298,1
429,299,1
429,300,1
429,301,1
430,302,1
430,303,1
430,304,1
430,305,1
431,305,1
431,306,1
431,307,1
432,308,1
432,309,1
432,310,1
433,311,1
433,312,1
434,313,1
434,314,1
435,315,1
435,316,1
436,317,1
437,318,1
437,319,1
438,320,1
438,321,1
439,322,1
440,323,1
440,324,1
441,325,1
442,326,1
443,327,1
443,328,1
444,329,1
445,329,1
445,330,1
446,331,1
447,331,1
448,332,1
448,333,1
449,333,1
450,334,1
451,335,1
452,335,1
453,336,1
454,336,1
455,337,1
456,337,1
457,338,1
458,339,1
459,339,1
460,340,1
461,340,1
462,341,1
463,341,1
464,341,1
465,341,1
466,340,1
467,340,1
468,340,1
469,339,1
470,339,1
470,338,1
470,337,1
470,336,1
508,308,0
551,264,1
551,265,1
551,266,1
551,267,1
551,268,1
551,269,1
551,270,1
551,271,1
552,272,1
552,273,1
552,274,1
552,275,1
552,276,1
552,277,1
552,278,1
552,279,1
552,280,1
552,281,1
552,282,1
552,283,1
552,284,1
552,285,1
553,286,1
553,287,1
553,288,1
553,289,1
553,290,1
553,291,1
553,292,1
553,293,1
553,294,1
553,295,1
553,296,1
553,297,1
553,298,1
554,299,1
554,300,1
554,301,1
554,302,1
554,303,1
554,304,1
554,305,1
555,306,1
555,307,1
555,308,1
555,309,1
555,310,1
555,311,1
555,312,1
555,313,1
555,314,1
556,315,1
556,316,1
556,317,1
556,318,1
557,318,1
558,318,1
558,317,1
558,316,1
559,315,1
596,307,0
642,291,1
642,292,1
641,293,1
641,294,1
641,295,1
640,296,1
640,297,1
639,298,1
638,298,1
637,299,1
636,299,1
635,299,1
635,298,1
636,298,1
636,297,1
637,296,1
638,295,1
639,295,1
639,294,1
640,294,1
641,293,1
642,293,1
643,293,1
643,292,1
644,292,1
645,292,1
646,291,1
647,291,1
648,291,1
649,290,1
650,290,1
651,290,1
652,290,1
653,289,1
654,289,1
655,289,1
656,288,1
657,288,1
658,288,1
659,288,1
660,288,1
661,288,1
662,287,1
663,287,1
664,287,1
665,287,1
666,287,1
667,287,1
668,287,1
669,286,1
670,286,1
671,286,1
672,286,1
673,286,1
674,286,1
675,286,1
676,286,1
677,286,1
678,285,1
679,285,1
680,285,1
681,285,1
682,285,1
683,285,1
684,285,1
685,285,1
686,285,1
687,284,1
688,284,1
689,284,1
690,284,1
691,284,1
692,284,1
693,284,1
694,284,1
695,283,1
696,283,1
697,283,1
698,282,1
699,282,1
699,281,1
700,280,1
692,287,0
693,279,1
693,280,1
693,281,1
693,282,1
693,283,1
693,284,1
692,285,1
692,286,1
692,287,1
692,288,1
692,289,1
692,290,1
692,291,1
692,292,1
692,293,1
691,294,1
691,295,1
691,296,1
691,297,1
691,298,1
690,299,1
690,300,1
690,301,1
690,302,1
690,303,1
690,304,1
690,305,1
689,306,1
689,307,1
689,308,1
689,309,1
689,310,1
688,311,1
688,312,1
688,313,1
688,314,1
687,315,1
687,316,1
686,317,1
685,318,1
684,317,1
621,253,0
554,207,1
554,206,1
554,205,1
554,204,1
554,203,1
554,202,1
554,201,1
554,200,1
554,199,1
554,198,1
554,197,1
554,196,1
555,195,1
555,194,1
555,193,1
556,192,1
556,191,1
557,191,1
557,190,1
558,189,1
558,188,1
559,187,1
559,186,1
559,185,1
560,184,1
561,183,1
561,182,1
562,181,1
562,180,1
563,179,1
564,178,1
564,177,1
565,177,1
565,176,1
566,175,1
567,174,1
567,173,1
568,173,1
569,172,1
570,171,1
570,170,1
571,169,1
572,169,1
573,168,1
573,167,1
574,166,1
575,166,1
576,165,1
576,164,1
577,164,1
578,163,1
579,162,1
580,162,1
580,161,1
581,160,1
582,160,1
583,159,1
584,159,1
585,158,1
586,157,1
587,157,1
587,156,1
588,156,1
589,155,1
590,155,1
591,154,1
592,154,1
593,153,1
594,153,1
595,153,1
596,152,1
597,152,1
598,151,1
599,151,1
600,150,1
601,150,1
602,150,1
603,149,1
604,149,1
605,149,1
606,149,1
607,149,1
608,148,1
609,148,1
610,148,1
611,148,1
612,148,1
613,148,1
614,147,1
615,147,1
616,147,1
617,147,1
618,147,1
619,147,1
620,147,1
621,147,1
622,147,1
623,147,1
624,147,1
625,147,1
626,147,1
627,147,1
628,147,1
629,148,1
630,148,1
631,148,1
632,148,1
633,148,1
634,148,1
635,149,1
636,149,1
637,149,1
638,150,1
639,150,1
640,150,1
641,151,1
642,151,1
643,151,1
644,152,1
645,152,1
645,153,1
646,153,1
647,154,1
648,154,1
649,155,1
650,155,1
650,156,1
651,156,1
652,157,1
653,157,1
654,158,1
655,159,1
656,160,1
657,160,1
657,161,1
658,162,1
659,162,1
659,163,1
660,164,1
661,164,1
661,165,1
662,166,1
663,167,1
664,168,1
664,169,1
665,170,1
666,170,1
666,171,1
667,172,1
667,173,1
668,174,1
668,175,1
669,175,1
669,176,1
670,177,1
670,178,1
671,179,1
671,180,1
672,181,1
672,182,1
673,183,1
673,184,1
673,185,1
674,185,1
674,186,1
675,187,1
675,188,1
675,189,1
676,190,1
676,191,1
676,192,1
677,193,1
677,194,1
678,195,1
678,196,1
678,197,1
679,198,1
679,199,1
680,200,1
680,201,1
680,202,1
681,203,1
681,204,1
681,205,1
682,206,1
682,207,1
682,208,1
683,209,1
683,210,1
683,211,1
684,212,1
684,213,1
684,214,1
685,214,1
685,215,1
686,216,1
686,217,1
686,218,1
687,219,1
687,220,1
688,221,1
689,222,1
689,223,1
689,224,1
690,225,1
690,226,1
691,226,1
691,227,1
692,228,1
692,229,1
693,230,1
693,231,1
694,231,1
694,232,1
695,233,1
695,234,1
696,235,1
697,236,1
698,237,1
698,238,1
699,238,1
700,239,1
700,240,1
701,240,1
702,241,1
703,241,1
703,242,1
704,243,1
705,243,1
705,244,1
706,244,1
707,245,1
708,246,1
709,246,1
710,247,1
710,248,1
711,248,1
712,249,1
713,249,1
714,250,1
715,250,1
716,250,1
717,250,1
718,250,1
718,251,1
719,251,1
720,250,1
721,250,1
722,250,1
722,250,0
