296,328,1
297,328,1
300,368,1
299,369,1
299,370,1
298,371,1
297,372,1
297,373,1
296,374,1
295,375,1
295,376,1
294,377,1
294,378,1
293,379,1
292,380,1
292,381,1
291,382,1
291,383,1
290,384,1
290,385,1
289,386,1
289,387,1
288,387,1
288,388,1
288,389,1
287,390,1
287,391,1
286,391,1
286,392,1
286,393,1
285,394,1
285,395,1
285,396,1
285,397,1
284,397,1
284,398,1
284,399,1
284,400,1
284,401,1
283,402,1
283,403,1
283,404,1
283,405,1
283,406,1
283,407,1
283,408,1
283,409,1
283,410,1
283,411,1
283,412,1
283,413,1
283,414,1
283,415,1
283,416,1
283,417,1
284,418,1
284,419,1
284,420,1
284,421,1
285,422,1
285,423,1
285,424,1
286,425,1
286,426,1
286,427,1
286,428,1
287,429,1
287,430,1
288,430,1
288,431,1
288,432,1
289,433,1
289,434,1
289,435,1
290,436,1
291,437,1
291,438,1
291,439,1
292,440,1
292,441,1
293,442,1
293,443,1
294,444,1
294,445,1
295,446,1
295,447,1
296,448,1
296,449,1
297,450,1
297,451,1
298,452,1
298,453,1
299,454,1
299,455,1
300,456,1
300,457,1
301,458,1
301,459,1
302,460,1
302,461,1
303,462,1
304,463,1
304,464,1
305,464,1
305,465,1
306,466,1
306,467,1
307,467,1
307,468,1
308,469,1
308,470,1
309,471,1
310,472,1
310,473,1
311,474,1
312,474,1
312,475,1
313,475,1
314,476,1
315,476,1
316,476,1
317,475,1
317,474,1
317,473,1
344,435,0
368,397,1
369,397,1
370,397,1
371,397,1
372,397,1
373,397,1
374,397,1
375,397,1
376,397,1
377,397,1
377,396,1
378,396,1
379,395,1
380,394,1
381,393,1
381,392,1
382,391,1
382,390,1
383,389,1
384,388,1
385,387,1
385,386,1
386,386,1
386,385,1
386,384,1
387,384,1
387,383,1
388,382,1
389,381,1
389,380,1
390,379,1
390,378,1
391,378,1
391,377,1
392,377,1
392,376,1
393,376,1
394,376,1
395,376,1
396,376,1
396,377,1
397,377,1
397,378,1
397,379,1
398,379,1
398,380,1
398,381,1
399,381,1
399,382,1
399,383,1
399,384,1
400,385,1
400,386,1
400,387,1
400,388,1
401,389,1
401,390,1
401,391,1
401,392,1
401,393,1
401,394,1
402,395,1
402,396,1
402,397,1
402,398,1
402,399,1
402,400,1
403,401,1
403,402,1
403,403,1
403,404,1
403,405,1
403,406,1
403,407,1
403,408,1
403,409,1
404,410,1
404,411,1
404,412,1
404,413,1
404,414,1
404,415,1
404,416,1
405,417,1
405,418,1
405,419,1
405,420,1
405,421,1
405,422,1
405,423,1
405,424,1
405,425,1
405,426,1
406,427,1
406,428,1
406,429,1
406,430,1
406,431,1
406,432,1
406,433,1
406,434,1
406,435,1
407,436,1
407,437,1
407,438,1
407,439,1
407,440,1
407,441,1
407,442,1
407,443,1
407,444,1
407,445,1
407,446,1
407,447,1
408,448,1
408,449,1
408,450,1
408,451,1
408,452,1
408,453,1
408,454,1
408,455,1
408,456,1
408,457,1
408,458,1
408,459,1
408,460,1
408,461,1
408,462,1
408,463,1
408,464,1
408,465,1
408,466,1
408,467,1
407,468,1
400,498,0
401,537,1
400,537,1
399,537,1
398,537,1
397,538,1
396,538,1
395,538,1
394,538,1
393,539,1
392,539,1
391,539,1
390,539,1
389,539,1
388,539,1
387,539,1
386,539,1
385,539,1
384,539,1
383,539,1
382,539,1
381,539,1
380,539,1
379,540,1
378,540,1
377,540,1
376,540,1
375,540,1
374,540,1
373,540,1
372,540,1
371,540,1
370,540,1
369,540,1
368,540,1
367,540,1
366,540,1
365,540,1
364,540,1
363,540,1
362,540,1
361,540,1
360,540,1
359,541,1
358,541,1
357,541,1
356,541,1
355,541,1
354,541,1
353,541,1
352,541,1
351,541,1
350,541,1
349,541,1
348,541,1
347,541,1
346,541,1
345,541,1
344,541,1
343,541,1
342,541,1
341,541,1
340,541,1
339,541,1
338,541,1
337,541,1
336,541,1
335,541,1
334,541,1
333,541,1
332,541,1
331,541,1
330,541,1
329,541,1
328,541,1
327,541,1
326,541,1
325,541,1
324,541,1
323,541,1
322,541,1
321,541,1
320,541,1
319,541,1
318,541,1
317,541,1
316,541,1
315,541,1
314,541,1
313,541,1
312,541,1
311,541,1
310,541,1
309,541,1
308,541,1
307,541,1
306,541,1
305,541,1
304,541,1
303,541,1
302,541,1
301,541,1
300,541,1
299,541,1
298,541,1
297,541,1
296,541,1
295,541,1
294,541,1
293,541,1
292,541,1
291,541,1
290,541,1
289,541,1
288,541,1
287,541,1
286,541,1
285,541,1
284,541,1
283,541,1
282,541,1
281,541,1
280,541,1
500,423,1
500,424,1
500,425,1
500,426,1
501,427,1
501,428,1
501,429,1
501,430,1
502,430,1
502,431,1
502,432,1
503,433,1
503,434,1
503,435,1
504,435,1
504,436,1
505,437,1
505,438,1
506,439,1
506,440,1
507,441,1
508,442,1
508,443,1
509,444,1
509,445,1
510,445,1
510,446,1
511,447,1
511,448,1
512,448,1
512,449,1
513,450,1
514,451,1
515,452,1
516,453,1
517,454,1
517,455,1
518,455,1
519,456,1
519,457,1
520,458,1
521,458,1
522,459,1
523,460,1
524,461,1
525,462,1
526,463,1
527,463,1
527,464,1
528,465,1
529,465,1
529,466,1
530,466,1
531,467,1
532,467,1
532,468,1
533,469,1
534,469,1
535,470,1
536,471,1
537,471,1
538,472,1
539,472,1
539,473,1
540,473,1
541,474,1
542,474,1
543,475,1
544,476,1
545,476,1
546,476,1
547,477,1
548,477,1
549,478,1
550,478,1
551,479,1
552,479,1
553,479,1
554,479,1
555,480,1
556,480,1
557,480,1
558,480,1
559,481,1
560,481,1
561,481,1
562,481,1
562,482,1
563,482,1
564,482,1
565,482,1
566,482,1
567,482,1
568,482,1
569,482,1
570,482,1
571,482,1
572,481,1
573,481,1
573,480,1
573,479,1
574,478,1
599,446,0
629,401,1
629,402,1
629,403,1
629,404,1
629,405,1
630,406,1
630,407,1
630,408,1
630,409,1
630,410,1
630,411,1
630,412,1
631,413,1
631,414,1
631,415,1
631,416,1
631,417,1
631,418,1
631,419,1
631,420,1
631,421,1
631,422,1
631,423,1
632,424,1
632,425,1
632,426,1
632,427,1
632,428,1
632,429,1
632,430,1
632,431,1
632,432,1
632,433,1
633,434,1
633,435,1
633,436,1
633,437,1
633,438,1
633,439,1
633,440,1
633,441,1
634,441,1
634,442,1
634,443,1
634,444,1
634,445,1
634,446,1
635,447,1
635,448,1
635,449,1
635,450,1
635,451,1
636,452,1
636,453,1
636,454,1
636,455,1
637,455,1
637,456,1
638,456,1
638,455,1
639,455,1
639,454,1
640,453,1
697,444,0
760,423,1
760,424,1
760,425,1
760,426,1
760,427,1
760,428,1
759,429,1
759,430,1
759,431,1
758,432,1
758,433,1
758,434,1
757,435,1
756,436,1
756,437,1
755,437,1
755,438,1
756,438,1
756,439,1
757,439,1
757,440,1
758,440,1
759,440,1
760,440,1
760,439,1
761,439,1
762,439,1
763,438,1
764,438,1
765,437,1
766,437,1
767,436,1
768,436,1
769,436,1
770,436,1
771,435,1
772,435,1
773,434,1
774,434,1
775,434,1
776,434,1
777,434,1
778,433,1
779,433,1
780,433,1
781,433,1
782,432,1
783,432,1
784,432,1
785,432,1
786,432,1
787,431,1
788,431,1
789,431,1
790,431,1
791,431,1
792,431,1
793,431,1
794,431,1
795,431,1
796,430,1
797,430,1
798,430,1
799,430,1
800,430,1
801,430,1
802,430,1
803,430,1
804,430,1
805,430,1
806,430,1
807,430,1
808,430,1
809,430,1
810,430,1
811,430,1
812,430,1
813,430,1
814,430,1
815,430,1
816,430,1
817,430,1
818,430,1
819,430,1
820,430,1
821,430,1
822,430,1
823,430,1
824,430,1
825,430,1
826,430,1
827,431,1
828,431,1
829,431,1
830,431,1
831,431,1
832,431,1
833,431,1
834,431,1
835,431,1
836,431,1
834,436,0
840,431,1
840,432,1
840,433,1
840,434,1
841,435,1
841,436,1
841,437,1
841,438,1
842,439,1
842,440,1
842,441,1
842,442,1
842,443,1
843,444,1
843,445,1
843,446,1
843,447,1
843,448,1
843,449,1
844,450,1
844,451,1
844,452,1
844,453,1
844,454,1
845,455,1
845,456,1
845,457,1
845,458,1
845,459,1
845,460,1
845,461,1
846,462,1
846,463,1
846,464,1
847,465,1
847,466,1
847,467,1
750,385,0
656,323,1
656,322,1
656,321,1
656,320,1
656,319,1
656,318,1
656,317,1
656,316,1
656,315,1
656,314,1
656,313,1
656,312,1
656,311,1
656,310,1
657,309,1
657,308,1
657,307,1
658,306,1
658,305,1
659,304,1
659,303,1
659,302,1
660,301,1
661,300,1
661,299,1
661,298,1
662,297,1
662,296,1
663,296,1
663,295,1
664,294,1
664,293,1
665,292,1
666,291,1
666,290,1
667,289,1
667,288,1
668,288,1
668,287,1
669,286,1
670,286,1
670,285,1
671,284,1
672,283,1
673,282,1
674,281,1
675,280,1
676,279,1
677,278,1
678,277,1
679,277,1
679,276,1
680,275,1
681,275,1
682,274,1
683,273,1
684,272,1
685,272,1
686,271,1
686,270,1
687,270,1
688,269,1
689,269,1
690,268,1
691,267,1
692,266,1
693,266,1
694,265,1
695,265,1
696,264,1
697,264,1
698,263,1
699,263,1
699,262,1
700,262,1
701,261,1
702,261,1
703,260,1
704,260,1
705,260,1
706,259,1
707,259,1
708,258,1
709,258,1
710,258,1
711,257,1
712,257,1
713,256,1
714,256,1
715,256,1
716,255,1
717,255,1
718,255,1
719,254,1
720,254,1
721,254,1
722,254,1
723,253,1
724,253,1
725,253,1
726,253,1
727,252,1
728,252,1
729,252,1
730,252,1
731,252,1
732,251,1
733,251,1
734,251,1
735,251,1
736,251,1
737,251,1
738,250,1
739,250,1
740,250,1
741,250,1
742,250,1
743,250,1
744,250,1
745,250,1
746,250,1
747,250,1
748,250,1
749,250,1
750,250,1
751,250,1
752,250,1
753,250,1
754,250,1
755,250,1
755,251,1
756,251,1
757,251,1
758,251,1
759,251,1
760,251,1
761,251,1
762,252,1
763,252,1
764,252,1
765,252,1
766,252,1
766,253,1
767,253,1
768,253,1
769,253,1
770,254,1
771,254,1
772,254,1
773,255,1
774,255,1
775,256,1
776,256,1
777,256,1
778,257,1
779,257,1
779,258,1
780,258,1
781,258,1
782,259,1
783,259,1
784,260,1
785,261,1
786,261,1
787,262,1
788,263,1
789,263,1
790,264,1
791,265,1
792,265,1
793,266,1
794,266,1
794,267,1
795,268,1
796,268,1
796,269,1
797,270,1
798,270,1
799,271,1
799,272,1
800,272,1
801,273,1
801,274,1
802,275,1
803,275,1
803,276,1
804,277,1
805,278,1
806,279,1
807,280,1
807,281,1
808,282,1
809,283,1
810,284,1
810,285,1
811,286,1
811,287,1
812,287,1
812,288,1
813,289,1
814,290,1
814,291,1
815,292,1
815,293,1
816,294,1
816,295,1
817,295,1
817,296,1
818,297,1
818,298,1
819,299,1
819,300,1
819,301,1
820,302,1
820,303,1
821,304,1
821,305,1
822,306,1
822,307,1
823,308,1
823,309,1
823,310,1
824,311,1
824,312,1
825,313,1
825,314,1
825,315,1
826,316,1
826,317,1
827,318,1
827,319,1
827,320,1
827,321,1
828,322,1
828,323,1
828,324,1
829,325,1
829,326,1
829,327,1
830,328,1
830,329,1
830,330,1
831,331,1
831,332,1
831,333,1
831,334,1
832,335,1
832,336,1
832,337,1
833,338,1
833,339,1
833,340,1
833,341,1
834,342,1
834,343,1
834,344,1
835,345,1
835,346,1
835,347,1
835,348,1
836,349,1
836,350,1
836,351,1
836,352,1
837,353,1
837,354,1
837,355,1
837,356,1
838,357,1
838,358,1
839,359,1
839,360,1
839,361,1
839,362,1
840,363,1
840,364,1
840,365,1
841,366,1
841,367,1
841,368,1
841,369,1
842,369,1
842,370,1
842,371,1
843,372,1
843,373,1
843,374,1
844,375,1
844,376,1
844,377,1
845,377,1
845,378,1
845,379,1
846,380,1
846,381,1
846,382,1
847,383,1
847,384,1
848,384,1
848,385,1
849,386,1
849,387,1
850,387,1
850,388,1
851,389,1
852,389,1
852,390,1
853,391,1
685,360,0
512,336,1
513,336,1
514,336,1
515,336,1
516,336,1
517,336,1
518,336,1
519,336,1
520,336,1
521,336,1
522,336,1
523,336,1
524,336,1
525,336,1
526,336,1
527,337,1
528,337,1
529,337,1
530,337,1
531,337,1
532,337,1
533,337,1
534,337,1
535,337,1
536,337,1
537,337,1
538,337,1
539,337,1
540,337,1
541,337,1
542,337,1
543,337,1
544,337,1
545,337,1
546,337,1
547,337,1
548,337,1
549,337,1
550,337,1
551,338,1
552,338,1
553,338,1
554,338,1
555,338,1
556,338,1
557,338,1
558,338,1
559,338,1
560,338,1
561,338,1
562,338,1
563,338,1
564,338,1
565,338,1
566,338,1
567,338,1
568,338,1
569,338,1
570,338,1
571,339,1
572,339,1
573,339,1
574,339,1
575,339,1
576,339,1
577,339,1
578,339,1
579,339,1
580,339,1
581,339,1
582,339,1
583,339,1
584,339,1
585,339,1
586,339,1
587,339,1
588,339,1
589,339,1
590,339,1
591,339,1
592,339,1
593,339,1
594,339,1
595,339,1
596,339,1
597,339,1
598,339,1
599,339,1
600,339,1
601,339,1
602,339,1
603,339,1
604,339,1
605,339,1
606,339,1
607,339,1
608,339,1
609,339,1
610,339,1
611,339,1
612,339,1
613,339,1
614,339,1
615,339,1
616,339,1
617,339,1
618,339,1
619,339,1
620,339,1
621,339,1
622,339,1
623,339,1
624,339,1
625,339,1
626,339,1
627,339,1
628,339,1
629,339,1
630,339,1
631,339,1
632,339,1
633,339,1
634,339,1
635,339,1
636,339,1
637,339,1
638,339,1
639,339,1
640,339,1
641,339,1
642,339,1
643,339,1
644,339,1
645,339,1
646,339,1
647,339,1
648,339,1
649,339,1
650,339,1
651,339,1
652,339,1
653,339,1
654,339,1
655,339,1
656,339,1
657,339,1
658,339,1
659,339,1
660,339,1
661,339,1
662,339,1
663,339,1
664,339,1
665,339,1
666,339,1
667,339,1
668,339,1
669,339,1
670,339,1
671,339,1
672,339,1
673,339,1
674,339,1
675,339,1
676,339,1
677,339,1
678,339,1
679,339,1
680,339,1
681,339,1
682,339,1
683,339,1
684,339,1
685,339,1
686,339,1
687,339,1
688,339,1
689,339,1
690,339,1
691,339,1
692,339,1
693,339,1
694,339,1
695,339,1
696,340,1
697,340,1
698,340,1
699,340,1
700,340,1
701,340,1
702,340,1
703,340,1
704,340,1
705,340,1
706,340,1
707,340,1
708,340,1
709,340,1
710,340,1
711,340,1
712,340,1
713,340,1
714,340,1
715,340,1
716,340,1
717,340,1
718,340,1
719,340,1
720,340,1
721,340,1
722,340,1
723,340,1
724,340,1
725,340,1
726,340,1
727,340,1
728,340,1
729,340,1
730,340,1
731,340,1
732,340,1
733,340,1
734,340,1
735,340,1
736,340,1
737,341,1
738,341,1
739,341,1
740,341,1
741,341,1
742,341,1
743,341,1
744,341,1
745,341,1
746,341,1
747,341,1
748,341,1
749,341,1
750,341,1
751,341,1
752,341,1
753,341,1
754,341,1
755,341,1
756,341,1
757,341,1
758,341,1
759,341,1
760,341,1
761,341,1
762,341,1
763,341,1
764,341,1
765,341,1
766,341,1
767,341,1
768,341,1
769,341,1
770,342,1
771,342,1
772,342,1
773,342,1
774,342,1
775,342,1
776,342,1
777,342,1
778,342,1
779,342,1
780,342,1
781,342,1
782,342,1
783,342,1
784,342,1
785,342,1
786,342,1
787,342,1
788,342,1
789,342,1
790,343,1
791,343,1
792,343,1
793,343,1
794,343,1
795,343,1
796,343,1
797,343,1
798,343,1
799,343,1
800,343,1
801,343,1
802,343,1
803,343,1
804,343,1
805,343,1
806,343,1
807,343,1
808,343,1
809,343,1
810,343,1
811,343,1
812,343,1
813,343,1
814,343,1
815,343,1
816,343,1
817,343,1
818,343,1
819,343,1
820,343,1
821,343,1
822,343,1
823,343,1
824,343,1
825,343,1
826,343,1
827,343,1
828,343,1
829,343,1
830,343,1
831,343,1
832,343,1
833,343,1
834,343,1
835,343,1
836,343,1
837,343,1
838,343,1
839,343,1
840,343,1
841,343,1
842,343,1
843,343,1
844,343,1
845,343,1
846,343,1
847,343,1
848,343,1
849,343,1
850,343,1
851,343,1
852,344,1
853,344,1
854,344,1
855,344,1
856,344,1
857,344,1
858,344,1
859,344,1
860,344,1
861,344,1
862,344,1
863,344,1
864,344,1
865,344,1
866,344,1
867,344,1
868,344,1
869,344,1
870,344,1
871,344,1
872,344,1
873,344,1
874,344,1
875,344,1
876,344,1
877,344,1
878,344,1
879,344,1
880,344,1
881,344,1
882,344,1
883,344,1
884,344,1
885,344,1
886,344,1
887,344,1
888,344,1
889,344,1
890,344,1
891,344,1
892,345,1
893,345,1
894,345,1
895,345,1
896,345,1
897,345,1
898,345,1
899,345,1
900,345,1
901,345,1
902,345,1
903,345,1
904,345,1
905,345,1
906,345,1
907,345,1
908,345,1
909,345,1
910,345,1
911,345,1
912,346,1
913,346,1
914,346,1
915,346,1
916,346,1
917,346,1
918,346,1
919,346,1
920,346,1
921,346,1
922,346,1
923,346,1
924,346,1
925,346,1
926,346,1
927,346,1
928,346,1
929,346,1
930,346,1
931,346,1
932,346,1
933,347,1
934,347,1
935,347,1
936,347,1
937,347,1
938,347,1
939,347,1
940,347,1
941,347,1
942,347,1
943,347,1
944,347,1
945,347,1
946,347,1
947,347,1
948,347,1
949,347,1
950,347,1
951,347,1
952,347,1
953,347,1
954,347,1
955,347,1
956,347,1
957,347,1
958,347,1
959,347,1
960,347,1
961,348,1
962,348,1
963,348,1
964,348,1
965,348,1
966,348,1
967,348,1
968,348,1
969,348,1
970,348,1
971,348,1
972,348,1
973,348,1
974,348,1
975,348,1
976,348,1
977,348,1
978,348,1
979,348,1
980,348,1
981,348,1
982,348,1
983,348,1
984,348,1
985,348,1
986,348,1
987,348,1
988,348,1
989,348,1
990,348,1
991,348,1
992,348,1
993,348,1
994,348,1
995,348,1
996,348,1
997,348,1
998,348,1
999,348,1
1000,348,1
1001,348,1
1002,349,1
1003,349,1
1004,349,1
1005,349,1
1006,349,1
1005,350,1
1004,351,1
1003,351,1
1003,351,0
