819,1274,1
819,1275,1
819,1276,1
818,1277,1
818,1278,1
817,1279,1
816,1280,1
816,1281,1
815,1282,1
814,1283,1
814,1284,1
813,1285,1
812,1286,1
811,1287,1
805,1295,1
806,1296,1
806,1297,1
807,1297,1
807,1298,1
808,1298,1
808,1299,1
809,1299,1
809,1300,1
810,1301,1
811,1302,1
811,1303,1
812,1303,1
812,1304,1
817,1310,1
817,1311,1
818,1312,1
818,1313,1
819,1314,1
819,1315,1
820,1316,1
820,1317,1
820,1318,1
821,1319,1
821,1320,1
821,1321,1
822,1322,1
822,1323,1
822,1324,1
822,1325,1
822,1326,1
822,1327,1
822,1328,1
822,1329,1
823,1329,1
823,1337,1
823,1338,1
823,1339,1
823,1340,1
823,1341,1
824,1341,1
824,1342,1
824,1343,1
824,1344,1
824,1345,1
824,1346,1
824,1347,1
824,1348,1
824,1349,1
824,1350,1
824,1351,1
825,1352,1
825,1353,1
825,1354,1
825,1355,1
824,1356,1
824,1357,1
824,1358,1
824,1359,1
824,1360,1
824,1361,1
824,1362,1
824,1363,1
823,1363,1
823,1364,1
823,1365,1
823,1366,1
822,1367,1
822,1368,1
821,1369,1
815,1381,1
814,1382,1
813,1383,1
813,1384,1
812,1384,1
812,1385,1
811,1385,1
811,1386,1
810,1386,1
810,1387,1
809,1387,1
809,1388,1
808,1388,1
807,1389,1
806,1390,1
805,1391,1
804,1391,1
803,1392,1
802,1392,1
801,1393,1
800,1394,1
799,1395,1
799,1396,1
798,1396,1
798,1397,1
797,1398,1
796,1399,1
795,1400,1
794,1400,1
794,1401,1
793,1401,1
792,1402,1
792,1403,1
791,1403,1
790,1403,1
789,1404,1
788,1405,1
787,1405,1
786,1406,1
785,1406,1
784,1407,1
783,1407,1
782,1407,1
782,1408,1
781,1408,1
780,1408,1
779,1409,1
778,1409,1
777,1409,1
776,1410,1
775,1410,1
774,1410,1
773,1411,1
772,1411,1
771,1411,1
770,1411,1
769,1411,1
768,1411,1
767,1412,1
766,1412,1
765,1412,1
764,1412,1
763,1412,1
762,1412,1
761,1412,1
760,1411,1
759,1411,1
758,1411,1
757,1411,1
756,1411,1
755,1411,1
754,1411,1
753,1410,1
752,1410,1
751,1410,1
750,1409,1
749,1409,1
748,1409,1
747,1408,1
746,1408,1
745,1408,1
744,1407,1
743,1407,1
742,1406,1
741,1405,1
740,1404,1
739,1404,1
738,1403,1
737,1402,1
736,1401,1
735,1401,1
734,1400,1
733,1399,1
732,1399,1
732,1398,1
732,1397,1
852,1329,0
958,1258,1
959,1258,1
960,1258,1
961,1257,1
962,1257,1
963,1257,1
963,1256,1
964,1256,1
965,1256,1
966,1255,1
967,1255,1
968,1254,1
969,1254,1
970,1254,1
971,1254,1
971,1253,1
972,1253,1
972,1252,1
973,1252,1
974,1252,1
984,1265,0
1000,1265,1
1000,1266,1
1000,1267,1
1000,1268,1
1000,1269,1
1001,1270,1
1001,1271,1
1001,1272,1
1002,1273,1
1002,1274,1
1002,1275,1
1002,1276,1
1003,1277,1
1003,1278,1
1003,1279,1
1003,1280,1
1003,1281,1
1004,1282,1
1004,1283,1
1004,1284,1
1004,1285,1
1004,1286,1
1005,1287,1
1005,1288,1
1005,1289,1
1006,1290,1
1006,1291,1
1006,1292,1
1006,1293,1
1007,1294,1
1007,1295,1
1007,1296,1
1007,1297,1
1008,1298,1
1008,1299,1
1008,1300,1
1008,1301,1
1008,1302,1
1009,1303,1
1009,1304,1
1009,1305,1
1009,1306,1
1010,1307,1
1010,1308,1
1010,1309,1
1011,1310,1
1011,1311,1
1011,1312,1
1012,1313,1
1012,1314,1
1012,1315,1
1012,1316,1
1013,1317,1
1013,1318,1
1013,1319,1
1013,1320,1
1014,1321,1
1014,1322,1
1014,1323,1
1014,1324,1
1015,1325,1
1015,1326,1
1015,1327,1
1015,1328,1
1016,1329,1
1016,1330,1
1016,1331,1
1017,1332,1
1017,1333,1
1017,1334,1
1017,1335,1
1018,1336,1
1018,1337,1
1018,1338,1
1019,1339,1
1019,1340,1
1019,1341,1
1019,1342,1
1020,1343,1
1020,1344,1
1020,1345,1
1020,1346,1
1021,1347,1
1021,1348,1
1022,1349,1
1022,1350,1
1022,1351,1
1023,1352,1
1023,1353,1
1024,1354,1
1024,1355,1
1024,1356,1
1025,1357,1
1025,1358,1
1025,1359,1
1026,1359,1
1027,1360,1
1028,1359,1
1029,1358,1
1109,1214,0
1174,1126,1
1174,1125,1
1174,1124,1
1175,1123,1
1175,1122,1
1175,1121,1
1176,1121,1
1176,1120,1
1177,1119,1
1177,1118,1
1178,1117,1
1179,1117,1
1179,1116,1
1180,1115,1
1181,1115,1
1181,1114,1
1182,1113,1
1183,1113,1
1183,1112,1
1184,1112,1
1185,1111,1
1186,1111,1
1186,1110,1
1187,1110,1
1188,1110,1
1189,1109,1
1190,1109,1
1191,1109,1
1191,1108,1
1192,1108,1
1193,1107,1
1194,1107,1
1195,1107,1
1196,1106,1
1197,1106,1
1198,1106,1
1199,1106,1
1200,1105,1
1201,1105,1
1202,1105,1
1203,1105,1
1204,1105,1
1205,1105,1
1206,1105,1
1207,1105,1
1208,1105,1
1209,1106,1
1210,1106,1
1211,1106,1
1212,1106,1
1213,1107,1
1214,1107,1
1215,1107,1
1216,1108,1
1217,1108,1
1218,1109,1
1219,1109,1
1219,1110,1
1220,1110,1
1221,1111,1
1222,1111,1
1222,1112,1
1223,1112,1
1223,1113,1
1224,1113,1
1224,1114,1
1225,1114,1
1226,1115,1
1227,1116,1
1227,1117,1
1228,1117,1
1228,1118,1
1229,1119,1
1229,1120,1
1230,1120,1
1230,1121,1
1231,1121,1
1231,1122,1
1232,1122,1
1233,1123,1
1234,1123,1
1234,1124,1
1235,1124,1
1235,1125,1
1236,1125,1
1237,1126,1
1238,1127,1
1239,1128,1
1240,1129,1
1241,1130,1
1242,1131,1
1242,1132,1
1243,1132,1
1243,1133,1
1244,1133,1
1244,1134,1
1245,1134,1
1245,1135,1
1246,1136,1
1246,1137,1
1247,1137,1
1247,1138,1
1248,1139,1
1248,1140,1
1249,1141,1
1250,1142,1
1250,1143,1
1251,1144,1
1251,1145,1
1252,1146,1
1252,1147,1
1252,1148,1
1253,1148,1
1253,1149,1
1253,1150,1
1254,1151,1
1254,1152,1
1254,1153,1
1255,1154,1
1255,1155,1
1256,1156,1
1256,1157,1
1256,1158,1
1256,1159,1
1257,1159,1
1257,1160,1
1257,1161,1
1257,1162,1
1257,1163,1
1258,1164,1
1258,1165,1
1258,1166,1
1258,1167,1
1259,1168,1
1259,1169,1
1259,1170,1
1259,1171,1
1259,1172,1
1259,1173,1
1260,1174,1
1260,1175,1
1260,1176,1
1260,1177,1
1260,1178,1
1260,1179,1
1260,1180,1
1261,1181,1
1261,1182,1
1261,1183,1
1261,1184,1
1261,1185,1
1261,1186,1
1261,1187,1
1261,1188,1
1261,1189,1
1261,1190,1
1262,1191,1
1262,1192,1
1262,1193,1
1262,1194,1
1262,1195,1
1262,1196,1
1262,1197,1
1262,1198,1
1262,1199,1
1262,1200,1
1262,1201,1
1262,1202,1
1262,1203,1
1262,1204,1
1262,1205,1
1262,1206,1
1262,1207,1
1262,1208,1
1262,1209,1
1262,1210,1
1262,1211,1
1262,1212,1
1262,1213,1
1261,1214,1
1261,1215,1
1261,1216,1
1261,1217,1
1261,1218,1
1261,1219,1
1261,1220,1
1261,1221,1
1261,1222,1
1261,1223,1
1261,1224,1
1261,1225,1
1261,1226,1
1260,1227,1
1260,1228,1
1260,1229,1
1260,1230,1
1260,1231,1
1260,1232,1
1260,1233,1
1260,1234,1
1260,1235,1
1260,1236,1
1260,1237,1
1260,1238,1
1260,1239,1
1260,1240,1
1260,1241,1
1260,1242,1
1260,1243,1
1260,1244,1
1260,1245,1
1260,1246,1
1260,1247,1
1260,1248,1
1260,1249,1
1260,1250,1
1260,1251,1
1260,1252,1
1260,1253,1
1260,1254,1
1260,1255,1
1261,1255,1
1261,1256,1
1261,1257,1
1261,1258,1
1262,1259,1
1262,1260,1
1263,1261,1
1263,1262,1
1264,1262,1
1264,1263,1
1265,1263,1
1265,1264,1
1266,1264,1
1266,1265,1
1267,1265,1
1267,1266,1
1268,1266,1
1269,1267,1
1270,1267,1
1271,1267,1
1272,1267,1
1273,1267,1
1273,1268,1
1274,1268,1
1275,1268,1
1276,1268,1
1276,1267,1
1277,1267,1
1278,1267,1
1279,1267,1
1280,1267,1
1281,1267,1
1281,1266,1
1282,1266,1
1283,1266,1
1284,1265,1
1285,1265,1
1286,1265,1
1286,1264,1
1287,1264,1
1288,1264,1
1288,1263,1
1289,1263,1
1290,1262,1
1291,1262,1
1292,1261,1
1293,1261,1
1293,1260,1
1294,1260,1
1295,1259,1
1296,1258,1
1297,1258,1
1298,1257,1
1299,1256,1
1300,1256,1
1300,1255,1
1301,1255,1
1301,1254,1
1302,1254,1
1303,1253,1
1304,1252,1
1305,1252,1
1305,1251,1
1306,1251,1
1307,1250,1
1307,1249,1
1308,1249,1
1309,1248,1
1310,1247,1
1311,1246,1
1312,1245,1
1312,1244,1
1313,1244,1
1314,1243,1
1314,1242,1
1315,1242,1
1316,1241,1
1316,1240,1
1317,1240,1
1318,1239,1
1318,1238,1
1319,1238,1
1320,1237,1
1320,1236,1
1321,1236,1
1321,1235,1
1322,1234,1
1323,1234,1
1323,1233,1
1324,1233,1
1324,1232,1
1325,1231,1
1326,1231,1
1326,1230,1
1327,1230,1
1327,1229,1
1328,1229,1
1329,1228,1
1330,1227,1
1330,1226,1
1331,1226,1
1331,1225,1
1332,1225,1
1333,1224,1
1334,1224,1
1334,1223,1
1335,1223,1
1335,1222,1
1336,1222,1
1336,1221,1
1337,1221,1
1338,1220,1
1339,1220,1
1339,1219,1
1340,1218,1
1341,1218,1
1341,1217,1
1342,1217,1
1343,1216,1
1344,1216,1
1344,1215,1
1345,1215,1
1346,1215,1
1346,1214,1
1347,1214,1
1348,1214,1
1348,1213,1
1349,1213,1
1350,1213,1
1350,1212,1
1351,1212,1
1352,1212,1
1353,1212,1
1354,1211,1
1355,1211,1
1356,1211,1
1356,1212,1
1357,1212,1
1358,1212,1
1359,1212,1
1359,1213,1
1360,1213,1
1361,1214,1
1362,1215,1
1362,1216,1
1363,1216,1
1363,1217,1
1363,1218,1
1364,1218,1
1364,1219,1
1364,1220,1
1365,1221,1
1365,1222,1
1366,1223,1
1366,1224,1
1366,1225,1
1367,1226,1
1367,1227,1
1368,1227,1
1368,1228,1
1368,1229,1
1368,1230,1
1368,1231,1
1368,1232,1
1369,1233,1
1369,1234,1
1369,1235,1
1369,1236,1
1369,1237,1
1369,1238,1
1369,1239,1
1369,1240,1
1370,1241,1
1370,1242,1
1370,1243,1
1370,1244,1
1370,1245,1
1370,1246,1
1371,1247,1
1371,1248,1
1371,1249,1
1371,1250,1
1372,1251,1
1372,1252,1
1372,1253,1
1372,1254,1
1372,1255,1
1372,1256,1
1372,1257,1
1373,1258,1
1373,1259,1
1373,1260,1
1373,1261,1
1373,1262,1
1374,1263,1
1374,1264,1
1374,1265,1
1374,1266,1
1374,1267,1
1374,1268,1
1375,1269,1
1375,1270,1
1375,1271,1
1375,1272,1
1375,1273,1
1375,1274,1
1376,1275,1
1376,1276,1
1376,1277,1
1376,1278,1
1376,1279,1
1376,1280,1
1377,1281,1
1377,1282,1
1377,1283,1
1377,1284,1
1377,1285,1
1378,1286,1
1378,1287,1
1378,1288,1
1379,1288,1
1379,1289,1
1379,1290,1
1379,1291,1
1380,1291,1
1380,1292,1
1380,1293,1
1381,1293,1
1381,1294,1
1381,1295,1
1381,1296,1
1381,1297,1
1474,1224,0
1571,1148,1
1571,1149,1
1571,1150,1
1571,1151,1
1571,1152,1
1572,1153,1
1572,1154,1
1572,1155,1
1572,1156,1
1573,1157,1
1573,1158,1
1573,1159,1
1573,1160,1
1573,1161,1
1573,1162,1
1573,1163,1
1573,1164,1
1573,1165,1
1574,1166,1
1574,1167,1
1574,1168,1
1574,1169,1
1574,1170,1
1574,1171,1
1574,1172,1
1575,1173,1
1575,1174,1
1575,1175,1
1575,1176,1
1575,1177,1
1575,1178,1
1575,1179,1
1575,1180,1
1575,1181,1
1575,1182,1
1575,1183,1
1575,1184,1
1575,1185,1
1575,1186,1
1576,1187,1
1576,1188,1
1576,1189,1
1576,1190,1
1576,1191,1
1576,1192,1
1576,1193,1
1576,1194,1
1576,1195,1
1576,1196,1
1576,1197,1
1576,1198,1
1576,1199,1
1576,1200,1
1576,1201,1
1576,1202,1
1576,1203,1
1576,1204,1
1576,1205,1
1576,1206,1
1577,1207,1
1577,1208,1
1577,1209,1
1577,1210,1
1577,1211,1
1577,1212,1
1577,1213,1
1577,1214,1
1577,1215,1
1577,1216,1
1577,1217,1
1577,1218,1
1577,1219,1
1577,1220,1
1577,1221,1
1577,1222,1
1577,1223,1
1577,1224,1
1577,1225,1
1577,1226,1
1577,1227,1
1577,1228,1
1577,1229,1
1577,1230,1
1577,1231,1
1577,1232,1
1577,1233,1
1577,1234,1
1577,1235,1
1577,1236,1
1577,1237,1
1578,1238,1
1578,1239,1
1577,1239,1
1577,1240,1
1577,1241,1
1577,1242,1
1577,1243,1
1576,1244,1
1576,1245,1
1576,1246,1
1576,1247,1
1576,1248,1
1575,1249,1
1575,1250,1
1574,1251,1
1574,1252,1
1573,1253,1
1572,1254,1
1571,1255,1
1436,1092,0
1290,1010,1
1290,1009,1
1290,1008,1
1290,1007,1
1289,1006,1
1289,1005,1
1288,1004,1
1288,1003,1
1288,1002,1
1288,1001,1
1288,1000,1
1288,999,1
1288,998,1
1288,997,1
1288,996,1
1288,995,1
1288,994,1
1288,993,1
1287,992,1
1287,991,1
1287,990,1
1288,989,1
1288,988,1
1288,987,1
1288,986,1
1288,985,1
1288,984,1
1288,983,1
1289,982,1
1289,981,1
1289,980,1
1289,979,1
1290,978,1
1290,977,1
1291,976,1
1291,975,1
1292,974,1
1292,973,1
1292,972,1
1293,971,1
1293,970,1
1294,969,1
1295,968,1
1295,967,1
1296,966,1
1297,965,1
1297,964,1
1298,964,1
1298,963,1
1299,962,1
1299,961,1
1300,961,1
1301,960,1
1301,959,1
1302,958,1
1302,957,1
1303,957,1
1304,956,1
1304,955,1
1305,954,1
1306,954,1
1306,953,1
1307,952,1
1308,951,1
1308,950,1
1309,950,1
1310,949,1
1310,948,1
1311,947,1
1312,947,1
1313,946,1
1313,945,1
1314,944,1
1315,944,1
1316,943,1
1316,942,1
1317,942,1
1318,941,1
1319,940,1
1319,939,1
1320,939,1
1321,938,1
1322,937,1
1323,937,1
1323,936,1
1324,935,1
1325,935,1
1325,934,1
1326,933,1
1326,932,1
1327,932,1
1328,931,1
1328,930,1
1329,929,1
1330,929,1
1330,928,1
1331,927,1
1332,927,1
1332,926,1
1333,925,1
1334,924,1
1335,923,1
1336,922,1
1337,922,1
1337,921,1
1338,920,1
1339,920,1
1340,919,1
1340,918,1
1341,918,1
1342,917,1
1343,917,1
1343,916,1
1344,915,1
1345,915,1
1346,914,1
1346,913,1
1347,913,1
1348,912,1
1349,912,1
1350,911,1
1351,910,1
1352,909,1
1353,909,1
1354,908,1
1355,908,1
1356,907,1
1356,906,1
1357,906,1
1358,905,1
1359,905,1
1360,904,1
1361,904,1
1362,903,1
1363,902,1
1364,902,1
1365,901,1
1366,901,1
1367,900,1
1368,900,1
1369,899,1
1370,898,1
1371,898,1
1372,898,1
1373,897,1
1374,897,1
1375,896,1
1376,896,1
1377,895,1
1378,895,1
1379,895,1
1379,894,1
1380,894,1
1381,894,1
1382,893,1
1383,893,1
1384,892,1
1385,892,1
1386,892,1
1387,891,1
1388,891,1
1389,891,1
1390,890,1
1391,890,1
1392,890,1
1393,889,1
1394,889,1
1395,889,1
1396,889,1
1397,888,1
1398,888,1
1399,888,1
1400,888,1
1400,887,1
1401,887,1
1402,887,1
1403,887,1
1404,886,1
1405,886,1
1406,886,1
1407,886,1
1408,886,1
1409,886,1
1410,885,1
1411,885,1
1412,885,1
1413,885,1
1414,885,1
1415,885,1
1416,885,1
1417,884,1
1418,884,1
1419,884,1
1420,884,1
1421,884,1
1422,884,1
1423,884,1
1424,884,1
1425,884,1
1426,884,1
1427,884,1
1428,884,1
1429,884,1
1430,884,1
1431,884,1
1432,884,1
1433,885,1
1434,885,1
1435,885,1
1436,885,1
1437,885,1
1438,885,1
1439,885,1
1440,886,1
1441,886,1
1442,886,1
1443,886,1
1444,886,1
1445,887,1
1446,887,1
1447,887,1
1448,887,1
1449,888,1
1450,888,1
1451,888,1
1452,889,1
1453,889,1
1454,889,1
1455,889,1
1455,890,1
1456,890,1
1457,890,1
1458,891,1
1459,891,1
1460,891,1
1460,892,1
1461,892,1
1462,892,1
1463,893,1
1464,893,1
1465,894,1
1466,894,1
1467,895,1
1468,895,1
1468,896,1
1469,896,1
1470,897,1
1471,897,1
1472,897,1
1472,898,1
1473,898,1
1474,899,1
1475,899,1
1475,900,1
1476,900,1
1477,901,1
1478,902,1
1479,902,1
1480,903,1
1481,904,1
1482,905,1
1483,906,1
1484,906,1
1484,907,1
1485,907,1
1486,908,1
1486,909,1
1487,909,1
1488,910,1
1489,911,1
1490,912,1
1491,913,1
1492,914,1
1493,915,1
1493,916,1
1494,916,1
1495,917,1
1495,918,1
1496,919,1
1497,920,1
1498,921,1
1499,922,1
1499,923,1
1500,924,1
1501,925,1
1502,926,1
1502,927,1
1503,927,1
1503,928,1
1504,929,1
1504,930,1
1505,931,1
1506,932,1
1507,933,1
1507,934,1
1508,934,1
1508,935,1
1509,936,1
1509,937,1
1510,938,1
1511,939,1
1511,940,1
1512,941,1
1512,942,1
1513,943,1
1514,944,1
1515,945,1
1515,946,1
1516,947,1
1517,948,1
1518,949,1
1518,950,1
1519,951,1
1519,952,1
1520,952,1
1520,953,1
1521,954,1
1521,955,1
1522,956,1
1522,957,1
1523,958,1
1523,959,1
1524,960,1
1525,961,1
1525,962,1
1526,963,1
1526,964,1
1526,965,1
1527,966,1
1527,967,1
1528,968,1
1528,969,1
1528,970,1
1529,970,1
1529,971,1
1530,972,1
1530,973,1
1530,974,1
1530,975,1
1531,976,1
1531,977,1
1531,978,1
1532,978,1
1532,979,1
1532,980,1
1532,981,1
1533,982,1
1533,983,1
1533,984,1
1533,985,1
1534,986,1
1534,987,1
1534,988,1
1534,989,1
1535,990,1
1535,991,1
1535,992,1
1535,993,1
1536,994,1
1536,995,1
1536,996,1
1537,997,1
1537,998,1
1537,999,1
1538,1000,1
1538,1001,1
1539,1002,1
1539,1003,1
1539,1004,1
1540,1005,1
1540,1006,1
1541,1007,1
1541,1008,1
1542,1008,1
1543,1009,1
1543,1010,1
1544,1011,1
1545,1012,1
1546,1013,1
1547,1014,1
1548,1015,1
1549,1015,1
1550,1016,1
1551,1017,1
1552,1017,1
1553,1017,1
1554,1018,1
1555,1019,1
1574,990,0
1574,1006,1
1575,1006,1
1576,1006,1
1577,1006,1
1578,1006,1
1579,1006,1
1580,1006,1
1581,1005,1
1582,1005,1
1583,1005,1
1584,1005,1
1585,1005,1
1586,1004,1
1587,1004,1
1588,1004,1
1589,1004,1
1590,1003,1
1591,1003,1
1592,1003,1
1593,1003,1
1594,1002,1
1595,1002,1
1596,1002,1
1597,1002,1
1598,1002,1
1599,1001,1
1600,1001,1
1601,1001,1
1602,1001,1
1603,1000,1
1604,1000,1
1605,1000,1
1606,1000,1
1607,1000,1
1608,999,1
1609,999,1
1610,999,1
1611,999,1
1612,998,1
1613,998,1
1614,998,1
1615,998,1
1616,997,1
1617,997,1
1618,997,1
1619,997,1
1620,996,1
1621,996,1
1622,996,1
1623,996,1
1624,995,1
1625,995,1
1626,995,1
1627,995,1
1628,995,1
1629,994,1
1630,994,1
1631,994,1
1632,994,1
1633,993,1
1634,993,1
1635,993,1
1636,993,1
1637,992,1
1638,992,1
1639,992,1
1640,992,1
1641,991,1
1642,991,1
1643,991,1
1644,991,1
1645,990,1
1646,990,1
1647,990,1
1648,990,1
1649,990,1
1650,989,1
1651,989,1
1652,989,1
1653,989,1
1654,988,1
1655,988,1
1656,988,1
1657,988,1
1658,987,1
1659,987,1
1660,987,1
1661,987,1
1662,986,1
1663,986,1
1664,986,1
1665,986,1
1666,985,1
1667,985,1
1668,985,1
1669,985,1
1670,985,1
1671,984,1
1672,984,1
1673,984,1
1674,984,1
1675,984,1
1676,983,1
1677,983,1
1678,983,1
1679,983,1
1680,983,1
1681,982,1
1682,982,1
1683,982,1
1684,982,1
1685,982,1
1686,981,1
1687,981,1
1688,981,1
1689,980,1
1690,980,1
1691,980,1
1692,980,1
1693,980,1
1694,979,1
1695,979,1
1696,979,1
1697,979,1
1698,978,1
1699,978,1
1700,978,1
1701,978,1
1702,977,1
1703,977,1
1704,977,1
1705,977,1
1706,976,1
1707,976,1
1708,976,1
1709,976,1
1710,976,1
1711,975,1
1712,975,1
1713,975,1
1714,975,1
1715,975,1
1716,974,1
1717,974,1
1718,974,1
1719,974,1
1720,973,1
1721,973,1
1722,973,1
1723,973,1
1724,973,1
1725,972,1
1726,972,1
1727,972,1
1728,972,1
1729,972,1
1730,971,1
1731,971,1
1732,971,1
1733,971,1
1734,970,1
1735,970,1
1736,970,1
1737,970,1
1738,970,1
1739,970,1
1740,969,1
1741,969,1
1742,969,1
1743,969,1
1744,969,1
1745,968,1
1746,968,1
1747,968,1
1748,968,1
1749,968,1
1750,968,1
1751,968,1
1752,968,1
1753,968,1
1754,968,1
1755,968,1
1756,968,1
1757,968,1
1758,967,1
1759,967,1
1760,967,1
1761,967,1
1762,967,1
1763,967,1
1763,966,1
1764,966,1
1765,965,1
1916,1014,0
2077,1045,1
2078,1046,1
2079,1046,1
2079,1047,1
2080,1048,1
2081,1049,1
2081,1050,1
2082,1051,1
2082,1052,1
2082,1053,1
2083,1054,1
2083,1055,1
2084,1056,1
2084,1057,1
2084,1058,1
2084,1059,1
2085,1060,1
2085,1061,1
2086,1062,1
2086,1063,1
2087,1064,1
2087,1065,1
2087,1066,1
2087,1067,1
2088,1068,1
2088,1069,1
2088,1070,1
2088,1071,1
2088,1072,1
2089,1073,1
2089,1074,1
2090,1075,1
2090,1076,1
2090,1077,1
2003,1078,0
1935,1100,1
1934,1101,1
1933,1102,1
1932,1103,1
1931,1103,1
1930,1103,1
1929,1103,1
1928,1102,1
1927,1101,1
1926,1100,1
1925,1099,1
1924,1098,1
1923,1097,1
1922,1096,1
1921,1095,1
1920,1095,1
1920,1094,1
1919,1093,1
1918,1093,1
1917,1092,1
1916,1091,1
1915,1090,1
1914,1090,1
1913,1089,1
1912,1089,1
1912,1088,1
1911,1088,1
1910,1087,1
1909,1087,1
1908,1086,1
1907,1086,1
1906,1085,1
1905,1085,1
1905,1084,1
1904,1084,1
1903,1084,1
1902,1083,1
1901,1083,1
1900,1083,1
1899,1082,1
1898,1082,1
1897,1082,1
1896,1082,1
1895,1081,1
1894,1081,1
1893,1081,1
1892,1081,1
1891,1081,1
1890,1080,1
1889,1080,1
1888,1080,1
1887,1080,1
1886,1080,1
1885,1080,1
1884,1080,1
1883,1080,1
1882,1080,1
1881,1079,1
1880,1079,1
1879,1079,1
1878,1079,1
1877,1079,1
1876,1079,1
1875,1079,1
1874,1079,1
1873,1079,1
1872,1079,1
1871,1079,1
1870,1080,1
1869,1080,1
1868,1080,1
1867,1080,1
1866,1080,1
1865,1080,1
1864,1080,1
1863,1081,1
1862,1081,1
1861,1081,1
1860,1081,1
1859,1081,1
1858,1081,1
1857,1081,1
1856,1081,1
1855,1081,1
1854,1081,1
1853,1081,1
1852,1081,1
1851,1081,1
1850,1081,1
1849,1081,1
1848,1081,1
1847,1081,1
1846,1081,1
1845,1082,1
1844,1082,1
1843,1082,1
1842,1082,1
1841,1082,1
1840,1082,1
1839,1082,1
1838,1083,1
1837,1083,1
1836,1083,1
1835,1083,1
1835,1084,1
1834,1084,1
1833,1084,1
1832,1084,1
1832,1085,1
1831,1085,1
1830,1085,1
1829,1085,1
1829,1086,1
1828,1086,1
1827,1086,1
1826,1087,1
1825,1087,1
1824,1088,1
1823,1088,1
1822,1089,1
1821,1089,1
1820,1090,1
1819,1091,1
1818,1091,1
1817,1092,1
1816,1093,1
1815,1093,1
1815,1094,1
1814,1094,1
1814,1095,1
1813,1095,1
1813,1096,1
1812,1096,1
1811,1097,1
1810,1098,1
1810,1099,1
1809,1099,1
1809,1100,1
1808,1100,1
1808,1101,1
1807,1102,1
1806,1103,1
1806,1104,1
1805,1104,1
1805,1105,1
1805,1106,1
1804,1106,1
1804,1107,1
1804,1108,1
1803,1108,1
1803,1109,1
1803,1110,1
1802,1110,1
1802,1111,1
1802,1112,1
1801,1113,1
1801,1114,1
1801,1115,1
1801,1116,1
1801,1117,1
1800,1117,1
1800,1118,1
1800,1119,1
1800,1120,1
1800,1121,1
1800,1122,1
1800,1123,1
1800,1124,1
1801,1125,1
1801,1126,1
1801,1127,1
1801,1128,1
1801,1129,1
1802,1129,1
1802,1130,1
1802,1131,1
1803,1132,1
1803,1133,1
1804,1134,1
1804,1135,1
1805,1136,1
1805,1137,1
1806,1137,1
1806,1138,1
1807,1139,1
1808,1140,1
1808,1141,1
1809,1141,1
1810,1142,1
1811,1143,1
1812,1144,1
1813,1144,1
1813,1145,1
1814,1145,1
1814,1146,1
1815,1146,1
1815,1147,1
1816,1148,1
1816,1149,1
1817,1149,1
1817,1150,1
1818,1151,1
1818,1152,1
1819,1152,1
1819,1153,1
1820,1153,1
1820,1154,1
1821,1154,1
1822,1155,1
1823,1156,1
1824,1157,1
1825,1158,1
1826,1158,1
1826,1159,1
1827,1159,1
1828,1160,1
1829,1160,1
1830,1161,1
1831,1162,1
1832,1162,1
1833,1162,1
1833,1163,1
1834,1163,1
1835,1163,1
1836,1164,1
1837,1164,1
1838,1165,1
1839,1165,1
1840,1165,1
1841,1165,1
1842,1166,1
1843,1166,1
1844,1166,1
1845,1166,1
1846,1166,1
1847,1166,1
1848,1167,1
1849,1167,1
1850,1167,1
1851,1167,1
1852,1167,1
1853,1167,1
1854,1167,1
1855,1167,1
1856,1167,1
1857,1167,1
1858,1167,1
1859,1167,1
1860,1167,1
1861,1167,1
1862,1167,1
1863,1167,1
1864,1167,1
1865,1167,1
1866,1167,1
1867,1167,1
1868,1167,1
1869,1167,1
1870,1167,1
1871,1167,1
1872,1167,1
1873,1166,1
1874,1166,1
1875,1166,1
1876,1166,1
1877,1166,1
1878,1165,1
1879,1165,1
1880,1165,1
1881,1165,1
1882,1165,1
1883,1165,1
1884,1165,1
2050,1122,0
2229,1061,1
2230,1062,1
2230,1063,1
2231,1063,1
2231,1064,1
2231,1065,1
2231,1066,1
2232,1067,1
2232,1068,1
2233,1069,1
2233,1070,1
2233,1071,1
2233,1072,1
2234,1072,1
2234,1073,1
2234,1074,1
2235,1075,1
2235,1076,1
2235,1077,1
2236,1078,1
2236,1079,1
2236,1080,1
2236,1081,1
2237,1081,1
2237,1082,1
2237,1083,1
2237,1084,1
2237,1085,1
2238,1086,1
2238,1087,1
2239,1088,1
2239,1089,1
2239,1090,1
2239,1091,1
2239,1092,1
2239,1093,1
2239,1094,1
2327,1036,0
2403,987,1
2404,988,1
2405,989,1
2406,989,1
2407,989,1
2407,990,1
2408,991,1
2409,991,1
2410,992,1
2411,992,1
2412,993,1
2413,993,1
2414,994,1
2415,994,1
2416,994,1
2417,994,1
2418,995,1
2419,995,1
2420,995,1
2421,995,1
2422,996,1
2423,996,1
2424,996,1
2425,996,1
2426,996,1
2427,996,1
2428,997,1
2429,997,1
2430,997,1
2431,997,1
2432,997,1
2433,997,1
2434,997,1
2435,997,1
2436,997,1
2437,997,1
2438,997,1
2439,997,1
2440,996,1
2441,996,1
2442,996,1
2443,996,1
2444,996,1
2445,995,1
2446,995,1
2447,995,1
2448,995,1
2449,994,1
2450,994,1
2451,994,1
2452,994,1
2453,993,1
2454,993,1
2455,993,1
2455,992,1
2456,992,1
2457,992,1
2458,991,1
2459,991,1
2460,991,1
2461,990,1
2462,990,1
2463,989,1
2464,989,1
2465,989,1
2466,988,1
2467,988,1
2468,988,1
2469,987,1
2470,987,1
2471,987,1
2472,986,1
2473,986,1
2474,985,1
2475,985,1
2476,985,1
2476,984,1
2477,984,1
2478,984,1
2479,983,1
2480,983,1
2481,983,1
2482,983,1
2483,982,1
2484,982,1
2485,982,1
2486,982,1
2487,982,1
2488,981,1
2489,981,1
2490,981,1
2491,981,1
2492,980,1
2493,980,1
2494,980,1
2495,980,1
2496,979,1
2497,979,1
2498,979,1
2499,979,1
2500,979,1
2501,978,1
2502,978,1
2503,978,1
2504,978,1
2505,978,1
2506,978,1
2507,977,1
2508,977,1
2509,977,1
2510,977,1
2511,977,1
2512,977,1
2513,976,1
2514,976,1
2515,976,1
2516,976,1
2517,976,1
2518,976,1
2519,976,1
2520,976,1
2521,976,1
2522,976,1
2522,975,1
2523,975,1
2524,975,1
2525,975,1
2526,975,1
2527,975,1
2528,975,1
2529,975,1
2530,975,1
2531,975,1
2532,975,1
2533,975,1
2534,975,1
2535,976,1
2536,976,1
2537,976,1
2538,976,1
2539,976,1
2540,976,1
2541,976,1
2542,977,1
2543,977,1
2544,977,1
2545,977,1
2546,978,1
2547,978,1
2548,978,1
2549,979,1
2550,979,1
2551,980,1
2552,980,1
2553,981,1
2554,981,1
2555,981,1
2555,982,1
2556,982,1
2557,983,1
2558,983,1
2559,984,1
2560,985,1
2561,985,1
2562,986,1
2563,987,1
2564,988,1
2565,988,1
2566,989,1
2567,990,1
2568,991,1
2569,992,1
2570,993,1
2571,994,1
2572,995,1
2573,995,1
2573,996,1
2574,996,1
2575,997,1
2576,997,1
2577,998,1
2578,999,1
2579,999,1
2579,1000,1
2580,1000,1
2580,1001,1
2581,1001,1
2581,1002,1
2582,1003,1
2583,1004,1
2583,1005,1
2584,1005,1
2584,1006,1
2585,1007,1
2585,1008,1
2586,1009,1
2587,1010,1
2587,1011,1
2587,1012,1
2588,1013,1
2588,1014,1
2588,1015,1
2589,1015,1
2589,1016,1
2589,1017,1
2590,1018,1
2590,1019,1
2590,1020,1
2591,1021,1
2591,1022,1
2592,1023,1
2592,1024,1
2592,1025,1
2593,1026,1
2593,1027,1
2593,1028,1
2594,1029,1
2594,1030,1
2595,1030,1
2595,1031,1
2595,1032,1
2596,1033,1
2596,1034,1
2597,1035,1
2597,1036,1
2598,1037,1
2598,1038,1
2599,1038,1
2599,1039,1
2599,1040,1
2600,1041,1
2600,1042,1
2601,1043,1
2601,1044,1
2602,1044,1
2602,1045,1
2603,1046,1
2603,1047,1
2604,1048,1
2605,1049,1
2605,1050,1
2605,1051,1
2606,1051,1
2606,1052,1
2606,1053,1
2607,1054,1
2607,1055,1
2607,1056,1
2607,1057,1
2606,1057,1
2605,1058,1
2604,1058,1
2603,1058,1
2595,1012,0
2574,968,1
2575,968,1
2576,968,1
2577,969,1
2578,969,1
2579,969,1
2579,970,1
2580,970,1
2581,971,1
2582,971,1
2583,971,1
2584,972,1
2585,972,1
2586,972,1
2587,973,1
2588,973,1
2589,973,1
2590,974,1
2591,974,1
2591,975,1
2592,975,1
2593,975,1
2594,975,1
2594,976,1
2594,977,1
2703,966,0
2816,948,1
2816,949,1
2816,950,1
2816,951,1
2817,952,1
2817,953,1
2818,954,1
2818,955,1
2819,956,1
2820,957,1
2820,958,1
2821,959,1
2821,960,1
2822,961,1
2823,962,1
2823,963,1
2824,964,1
2824,965,1
2824,966,1
2825,966,1
2825,967,1
2826,968,1
2826,969,1
2827,970,1
2827,971,1
2828,972,1
2828,973,1
2829,973,1
2829,974,1
2830,975,1
2830,976,1
2831,977,1
2831,978,1
2832,979,1
2832,980,1
2833,981,1
2833,982,1
2834,983,1
2834,984,1
2835,984,1
2835,985,1
2836,986,1
2836,987,1
2837,988,1
2837,989,1
2838,989,1
2838,990,1
2839,991,1
2839,992,1
2839,993,1
2840,994,1
2840,995,1
2841,995,1
2841,996,1
2842,997,1
2842,998,1
2843,999,1
2843,1000,1
2844,1000,1
2844,1001,1
2845,1001,1
2845,1002,1
2845,1003,1
2712,921,0
2626,865,1
2625,865,1
2624,865,1
2623,865,1
2622,865,1
2621,865,1
2620,865,1
2619,865,1
2618,865,1
2617,865,1
2616,865,1
2615,865,1
2614,865,1
2613,865,1
2612,865,1
2611,865,1
2610,865,1
2609,865,1
2608,865,1
2607,865,1
2606,865,1
2605,865,1
2604,865,1
2603,865,1
2602,865,1
2601,865,1
2600,865,1
2599,865,1
2598,865,1
2597,865,1
2596,865,1
2595,865,1
2594,866,1
2593,866,1
2592,866,1
2591,866,1
2590,866,1
2589,866,1
2588,866,1
2587,866,1
2586,866,1
2585,866,1
2584,866,1
2583,866,1
2582,866,1
2581,866,1
2580,866,1
2579,866,1
2578,866,1
2577,866,1
2576,866,1
2575,866,1
2574,866,1
2573,866,1
2572,867,1
2571,867,1
2570,867,1
2569,867,1
2568,867,1
2567,867,1
2566,867,1
2565,867,1
2564,867,1
2563,867,1
2562,867,1
2561,867,1
2560,867,1
2559,867,1
2558,867,1
2557,867,1
2556,867,1
2555,867,1
2554,867,1
2553,867,1
2552,867,1
2551,867,1
2550,867,1
2549,867,1
2548,867,1
2547,867,1
2546,867,1
2545,867,1
2544,868,1
2543,868,1
2542,868,1
2541,868,1
2540,868,1
2539,868,1
2538,868,1
2537,868,1
2536,868,1
2535,868,1
2534,868,1
2533,868,1
2532,868,1
2531,868,1
2530,868,1
2529,868,1
2528,868,1
2527,868,1
2526,868,1
2525,868,1
2524,868,1
2523,868,1
2522,868,1
2521,868,1
2520,868,1
2519,868,1
2518,868,1
2517,868,1
2516,869,1
2515,869,1
2514,869,1
2513,869,1
2512,869,1
2511,869,1
2510,869,1
2509,869,1
2508,869,1
2507,869,1
2506,869,1
2505,869,1
2504,869,1
2503,869,1
2502,869,1
2501,869,1
2500,869,1
2499,869,1
2498,869,1
2497,869,1
2496,869,1
2495,869,1
2494,869,1
2493,870,1
2492,870,1
2491,870,1
2490,870,1
2489,870,1
2488,870,1
2487,870,1
2486,870,1
2485,870,1
2484,870,1
2483,870,1
2482,870,1
2481,870,1
2480,870,1
2479,870,1
2478,870,1
2477,870,1
2476,870,1
2475,870,1
2474,870,1
2473,870,1
2472,870,1
2471,870,1
2470,870,1
2469,870,1
2468,871,1
2467,871,1
2466,871,1
2465,871,1
2464,871,1
2463,871,1
2462,871,1
2461,871,1
2460,871,1
2459,871,1
2458,871,1
2457,871,1
2456,871,1
2455,871,1
2454,871,1
2453,871,1
2452,871,1
2451,871,1
2450,871,1
2449,871,1
2448,871,1
2447,871,1
2446,871,1
2445,871,1
2444,871,1
2443,871,1
2442,871,1
2441,872,1
2440,872,1
2439,872,1
2438,872,1
2437,872,1
2436,872,1
2435,872,1
2434,872,1
2433,872,1
2432,872,1
2431,872,1
2430,872,1
2429,872,1
2428,872,1
2427,872,1
2426,872,1
2425,872,1
2424,872,1
2423,872,1
2422,873,1
2421,873,1
2420,873,1
2419,873,1
2418,873,1
2417,873,1
2416,873,1
2415,873,1
2414,873,1
2413,873,1
2412,873,1
2411,873,1
2410,873,1
2409,873,1
2408,873,1
2407,873,1
2406,873,1
2405,873,1
2404,874,1
2403,874,1
2402,874,1
2401,874,1
2400,874,1
2399,874,1
2398,874,1
2397,874,1
2396,874,1
2395,874,1
2394,874,1
2393,874,1
2392,874,1
2391,874,1
2390,874,1
2389,874,1
2388,874,1
2387,874,1
2386,874,1
2385,874,1
2384,875,1
2383,875,1
2382,875,1
2381,875,1
2380,875,1
2379,875,1
2378,875,1
2377,875,1
2376,875,1
2375,875,1
2374,875,1
2373,875,1
2372,875,1
2371,875,1
2370,875,1
2369,875,1
2368,875,1
2367,876,1
2366,876,1
2365,876,1
2364,876,1
2363,876,1
2362,876,1
2361,876,1
2360,876,1
2359,876,1
2358,876,1
2357,876,1
2356,876,1
2355,876,1
2354,876,1
2353,876,1
2352,876,1
2351,876,1
2350,877,1
2349,877,1
2348,877,1
2347,877,1
2346,877,1
2345,877,1
2344,877,1
2343,877,1
2342,877,1
2341,877,1
2340,877,1
2339,877,1
2338,878,1
2337,878,1
2336,878,1
2335,878,1
2334,878,1
2333,878,1
2332,878,1
2331,878,1
2330,878,1
2329,878,1
2328,878,1
2327,878,1
2326,878,1
2325,878,1
2324,878,1
2323,878,1
2322,878,1
2321,879,1
2320,879,1
2319,879,1
2318,879,1
2317,879,1
2316,879,1
2315,879,1
2314,879,1
2313,879,1
2312,879,1
2311,879,1
2310,879,1
2309,879,1
2308,879,1
2307,880,1
2306,880,1
2305,880,1
2304,880,1
2303,880,1
2302,880,1
2301,880,1
2300,880,1
2299,880,1
2298,880,1
2297,880,1
2296,880,1
2295,880,1
2294,880,1
2293,881,1
2292,881,1
2291,881,1
2290,881,1
2289,881,1
2288,881,1
2287,881,1
2286,881,1
2285,881,1
2284,881,1
2283,881,1
2282,881,1
2281,882,1
2280,882,1
2279,882,1
2278,882,1
2277,882,1
2276,882,1
2275,882,1
2274,882,1
2273,882,1
2272,882,1
2271,882,1
2270,882,1
2269,883,1
2268,883,1
2267,883,1
2266,883,1
2265,883,1
2264,883,1
2263,883,1
2262,883,1
2261,883,1
2260,883,1
2259,883,1
2258,883,1
2257,884,1
2256,884,1
2255,884,1
2254,884,1
2253,884,1
2252,884,1
2251,884,1
2250,884,1
2249,884,1
2248,884,1
2247,884,1
2246,885,1
2245,885,1
2244,885,1
2243,885,1
2242,885,1
2241,885,1
2240,885,1
2239,885,1
2238,885,1
2237,885,1
2236,886,1
2235,886,1
2234,886,1
2233,886,1
2232,886,1
2231,886,1
2230,886,1
2229,886,1
2228,886,1
2227,886,1
2226,887,1
2225,887,1
2224,887,1
2223,887,1
2222,887,1
2221,887,1
2220,887,1
2219,887,1
2218,887,1
2217,887,1
2216,887,1
2215,888,1
2214,888,1
2213,888,1
2212,888,1
2211,888,1
2210,888,1
2209,888,1
2208,888,1
2207,888,1
2206,889,1
2205,889,1
2204,889,1
2203,889,1
2202,889,1
2201,889,1
2200,889,1
2199,889,1
2198,889,1
2197,889,1
2196,890,1
2195,890,1
2194,890,1
2193,890,1
2192,890,1
2191,890,1
2190,890,1
2189,890,1
2188,890,1
2187,891,1
2186,891,1
2185,891,1
2184,891,1
2183,891,1
2182,891,1
2181,891,1
2180,891,1
2179,891,1
2178,891,1
2177,892,1
2176,892,1
2175,892,1
2174,892,1
2173,892,1
2172,892,1
2171,892,1
2170,892,1
2169,892,1
2168,893,1
2167,893,1
2166,893,1
2165,893,1
2164,893,1
2163,893,1
2162,893,1
2161,893,1
2160,893,1
2159,894,1
2158,894,1
2157,894,1
2156,894,1
2155,894,1
2154,894,1
2153,894,1
2152,894,1
2151,895,1
2150,895,1
2149,895,1
2148,895,1
2147,895,1
2146,895,1
2145,895,1
2144,895,1
2143,896,1
2142,896,1
2141,896,1
2140,896,1
2139,896,1
2138,896,1
2137,896,1
2136,896,1
2135,896,1
2134,897,1
2133,897,1
2132,897,1
2131,897,1
2130,897,1
2129,897,1
2128,897,1
2127,898,1
2126,898,1
2125,898,1
2124,898,1
2123,898,1
2122,898,1
2121,898,1
2120,898,1
2119,899,1
2118,899,1
2117,899,1
2116,899,1
2115,899,1
2114,899,1
2113,899,1
2112,899,1
2111,900,1
2110,900,1
2109,900,1
2108,900,1
2107,900,1
2106,900,1
2105,900,1
2104,901,1
2103,901,1
2102,901,1
2101,901,1
2100,901,1
2099,901,1
2098,901,1
2097,901,1
2096,902,1
2095,902,1
2094,902,1
2093,902,1
2092,902,1
2091,902,1
2090,902,1
2089,903,1
2088,903,1
2087,903,1
2086,903,1
2085,903,1
2084,903,1
2083,904,1
2082,904,1
2081,904,1
2080,904,1
2079,904,1
2078,904,1
2077,904,1
2076,904,1
2075,905,1
2074,905,1
2073,905,1
2072,905,1
2071,905,1
2070,905,1
2069,905,1
2068,906,1
2067,906,1
2066,906,1
2065,906,1
2064,906,1
2063,906,1
2062,906,1
2061,907,1
2060,907,1
2059,907,1
2058,907,1
2057,907,1
2056,907,1
2055,907,1
2054,907,1
2053,908,1
2052,908,1
2051,908,1
2050,908,1
2049,908,1
2048,908,1
2047,908,1
2046,909,1
2045,909,1
2044,909,1
2043,909,1
2042,909,1
2041,909,1
2040,909,1
2039,910,1
2038,910,1
2037,910,1
2036,910,1
2035,910,1
2034,910,1
2033,910,1
2032,911,1
2031,911,1
2030,911,1
2029,911,1
2028,911,1
2027,911,1
2026,911,1
2025,912,1
2024,912,1
2023,912,1
2022,912,1
2021,912,1
2020,912,1
2019,913,1
2018,913,1
2017,913,1
2016,913,1
2015,913,1
2014,913,1
2013,913,1
2012,914,1
2011,914,1
2010,914,1
2009,914,1
2008,914,1
2007,914,1
2006,914,1
2005,915,1
2004,915,1
2003,915,1
2002,915,1
2001,915,1
2000,915,1
1999,916,1
1998,916,1
1997,916,1
1996,916,1
1995,916,1
1994,916,1
1993,917,1
1992,917,1
1991,917,1
1990,917,1
1989,917,1
1988,917,1
1987,917,1
1986,918,1
1985,918,1
1984,918,1
1983,918,1
1982,918,1
1981,918,1
1980,918,1
1979,919,1
1978,919,1
1977,919,1
1976,919,1
1975,919,1
1974,919,1
1973,920,1
1972,920,1
1971,920,1
1970,920,1
1969,920,1
1968,920,1
1967,920,1
1966,921,1
1965,921,1
1964,921,1
1963,921,1
1962,921,1
1961,921,1
1960,922,1
1959,922,1
1958,922,1
1957,922,1
1956,922,1
1955,922,1
1954,922,1
1953,923,1
1952,923,1
1951,923,1
1950,923,1
1949,923,1
1948,923,1
1947,923,1
1946,924,1
1945,924,1
1944,924,1
1943,924,1
1942,924,1
1941,925,1
1940,925,1
1939,925,1
1938,925,1
1937,925,1
1936,925,1
1935,925,1
1934,926,1
1933,926,1
1932,926,1
1931,926,1
1930,926,1
1929,926,1
1928,927,1
1927,927,1
1926,927,1
1925,927,1
1924,927,1
1923,927,1
1922,927,1
1921,928,1
1920,928,1
1919,928,1
1918,928,1
1917,928,1
1916,928,1
1915,929,1
1914,929,1
1913,929,1
1912,929,1
1911,929,1
1910,929,1
1909,930,1
1908,930,1
1907,930,1
1906,930,1
1905,930,1
1904,930,1
1903,930,1
1902,931,1
1901,931,1
1900,931,1
1899,931,1
1898,931,1
1897,931,1
1896,931,1
1895,932,1
1894,932,1
1893,932,1
1892,932,1
1891,932,1
1890,932,1
1889,932,1
1888,933,1
1887,933,1
1886,933,1
1885,933,1
1884,933,1
1883,933,1
1882,933,1
1881,934,1
1880,934,1
1879,934,1
1878,934,1
1877,935,1
1876,935,1
1875,935,1
1874,935,1
1873,935,1
1872,935,1
1871,935,1
1870,936,1
1869,936,1
1868,936,1
1867,936,1
1866,936,1
1865,937,1
1864,937,1
1863,937,1
1862,937,1
1861,937,1
1860,938,1
1859,938,1
1858,939,1
1857,939,1
1856,939,1
1855,939,1
1854,939,1
1853,939,1
1852,939,1
1852,939,0
