412,675,1
413,675,1
414,675,1
415,676,1
416,676,1
417,677,1
418,677,1
419,678,1
420,679,1
421,679,1
422,680,1
444,718,1
444,719,1
445,720,1
446,721,1
446,722,1
446,723,1
447,724,1
447,725,1
447,726,1
448,727,1
448,728,1
448,729,1
449,730,1
449,731,1
449,732,1
449,733,1
450,734,1
450,735,1
450,736,1
450,737,1
451,738,1
451,739,1
451,740,1
451,741,1
452,742,1
452,743,1
452,744,1
452,745,1
452,746,1
453,747,1
453,748,1
453,749,1
453,750,1
453,751,1
454,752,1
454,753,1
454,754,1
454,755,1
454,756,1
454,757,1
455,758,1
455,759,1
455,760,1
455,761,1
455,762,1
456,763,1
456,764,1
456,765,1
456,766,1
456,767,1
456,768,1
456,769,1
457,770,1
457,771,1
457,772,1
457,773,1
457,774,1
457,775,1
457,776,1
457,777,1
457,778,1
457,779,1
457,780,1
457,781,1
457,782,1
457,783,1
457,784,1
457,785,1
456,786,1
456,787,1
456,788,1
456,789,1
456,790,1
456,791,1
456,792,1
455,792,1
455,793,1
455,794,1
455,795,1
455,796,1
454,797,1
454,798,1
454,799,1
453,800,1
453,801,1
453,802,1
452,803,1
452,804,1
451,805,1
451,806,1
450,807,1
450,808,1
449,809,1
449,810,1
449,811,1
448,812,1
447,813,1
447,814,1
446,815,1
446,816,1
445,816,1
445,817,1
444,818,1
443,819,1
442,820,1
442,821,1
441,822,1
440,822,1
440,823,1
439,824,1
439,825,1
438,825,1
437,826,1
436,827,1
435,828,1
434,829,1
433,830,1
432,830,1
432,831,1
431,831,1
430,832,1
429,833,1
428,834,1
427,834,1
426,835,1
425,835,1
425,836,1
424,836,1
423,836,1
422,837,1
421,837,1
420,838,1
419,838,1
418,839,1
417,839,1
416,840,1
415,840,1
414,840,1
413,841,1
412,841,1
411,841,1
410,841,1
409,841,1
408,842,1
407,842,1
406,842,1
405,843,1
404,843,1
403,843,1
402,844,1
401,844,1
400,844,1
399,845,1
398,845,1
397,845,1
396,846,1
395,846,1
394,846,1
393,846,1
392,846,1
391,846,1
390,846,1
389,846,1
388,846,1
387,847,1
386,846,1
385,846,1
384,846,1
383,846,1
382,846,1
381,846,1
380,846,1
379,846,1
378,845,1
377,845,1
376,845,1
375,844,1
374,844,1
373,844,1
372,843,1
371,843,1
370,842,1
369,841,1
368,840,1
367,839,1
366,838,1
365,837,1
461,775,0
517,712,1
518,712,1
519,711,1
520,711,1
521,711,1
522,710,1
523,710,1
524,710,1
525,709,1
526,709,1
527,708,1
528,708,1
529,708,1
530,707,1
531,707,1
532,706,1
533,706,1
534,706,1
535,705,1
536,704,1
537,704,1
538,703,1
539,703,1
540,703,1
541,702,1
542,702,1
543,701,1
544,701,1
545,700,1
546,700,1
546,699,1
547,699,1
548,698,1
549,698,1
550,697,1
551,697,1
552,697,1
553,696,1
554,695,1
555,695,1
556,694,1
557,694,1
558,694,1
559,693,1
560,693,1
561,692,1
562,692,1
562,691,1
563,691,1
564,690,1
565,690,1
566,689,1
567,689,1
568,688,1
569,688,1
570,687,1
571,686,1
572,686,1
572,685,1
573,685,1
574,684,1
574,683,1
575,682,1
575,681,1
575,680,1
575,679,1
589,678,0
610,642,1
610,643,1
611,644,1
611,645,1
611,646,1
612,647,1
612,648,1
612,649,1
613,650,1
613,651,1
614,652,1
614,653,1
615,654,1
615,655,1
615,656,1
616,657,1
616,658,1
617,659,1
617,660,1
617,661,1
618,662,1
618,663,1
619,664,1
619,665,1
620,666,1
620,667,1
620,668,1
621,669,1
621,670,1
621,671,1
622,672,1
622,673,1
622,674,1
623,675,1
623,676,1
623,677,1
624,678,1
624,679,1
624,680,1
624,681,1
625,682,1
625,683,1
625,684,1
626,685,1
626,686,1
627,687,1
627,688,1
627,689,1
628,690,1
628,691,1
628,692,1
629,693,1
629,694,1
629,695,1
630,696,1
630,697,1
630,698,1
630,699,1
631,700,1
631,701,1
631,702,1
632,703,1
632,704,1
632,705,1
632,706,1
633,707,1
633,708,1
633,709,1
633,710,1
633,711,1
633,712,1
633,713,1
633,714,1
633,715,1
633,716,1
633,717,1
632,718,1
681,640,0
717,577,1
718,577,1
719,576,1
720,576,1
721,575,1
722,575,1
723,575,1
724,575,1
725,575,1
726,575,1
726,576,1
727,576,1
727,577,1
728,578,1
729,579,1
729,580,1
730,581,1
731,582,1
731,583,1
731,584,1
732,585,1
733,586,1
733,587,1
733,588,1
734,589,1
734,590,1
734,591,1
735,592,1
735,593,1
736,593,1
736,594,1
736,595,1
737,596,1
737,597,1
738,598,1
738,599,1
738,600,1
739,601,1
739,602,1
739,603,1
740,604,1
740,605,1
741,605,1
741,606,1
741,607,1
742,608,1
742,609,1
743,610,1
743,611,1
743,612,1
744,612,1
744,613,1
744,614,1
745,615,1
745,616,1
745,617,1
745,618,1
746,619,1
746,620,1
746,621,1
746,622,1
747,623,1
747,624,1
747,625,1
747,626,1
748,627,1
748,628,1
748,629,1
748,630,1
748,631,1
748,632,1
749,633,1
749,634,1
749,635,1
749,636,1
749,637,1
749,638,1
749,639,1
749,640,1
749,641,1
749,642,1
749,643,1
749,644,1
749,645,1
750,646,1
750,647,1
750,648,1
750,649,1
750,650,1
750,651,1
750,652,1
750,653,1
750,654,1
750,655,1
750,656,1
750,657,1
750,658,1
751,658,1
751,657,1
752,656,1
752,655,1
753,655,1
753,654,1
753,653,1
754,653,1
754,652,1
755,652,1
755,651,1
756,650,1
756,649,1
757,649,1
757,648,1
757,647,1
758,647,1
758,646,1
759,646,1
759,645,1
760,644,1
761,643,1
761,642,1
762,642,1
762,641,1
763,640,1
763,639,1
764,639,1
764,638,1
765,637,1
766,637,1
766,636,1
767,635,1
768,634,1
769,633,1
770,632,1
770,631,1
771,631,1
772,630,1
772,629,1
773,628,1
774,628,1
774,627,1
775,626,1
776,625,1
777,624,1
778,623,1
779,622,1
780,621,1
781,620,1
782,619,1
782,618,1
783,617,1
784,617,1
784,616,1
785,615,1
786,615,1
786,614,1
787,613,1
788,612,1
789,611,1
790,610,1
791,609,1
791,608,1
792,608,1
793,607,1
793,606,1
794,606,1
795,605,1
795,604,1
796,604,1
796,603,1
797,603,1
798,602,1
799,601,1
800,600,1
801,599,1
802,598,1
803,598,1
803,597,1
804,597,1
805,596,1
806,596,1
806,595,1
807,595,1
808,594,1
809,594,1
809,593,1
810,593,1
811,593,1
812,592,1
813,592,1
814,592,1
815,592,1
816,592,1
817,592,1
818,592,1
819,592,1
820,592,1
821,592,1
822,592,1
822,593,1
823,593,1
824,593,1
825,594,1
826,594,1
826,595,1
827,595,1
827,596,1
828,596,1
829,597,1
830,598,1
830,599,1
831,599,1
831,600,1
832,600,1
832,601,1
833,602,1
834,603,1
834,604,1
835,604,1
835,605,1
836,606,1
837,607,1
837,608,1
838,609,1
839,610,1
839,611,1
840,612,1
840,613,1
841,614,1
841,615,1
842,616,1
842,617,1
843,618,1
843,619,1
844,619,1
844,620,1
844,621,1
845,622,1
845,623,1
846,624,1
846,625,1
847,625,1
847,626,1
848,627,1
848,628,1
849,629,1
849,630,1
849,631,1
850,632,1
850,633,1
851,634,1
851,635,1
852,636,1
852,637,1
853,638,1
854,639,1
854,640,1
854,641,1
855,642,1
855,643,1
856,644,1
856,645,1
857,646,1
857,647,1
857,648,1
858,649,1
858,650,1
859,651,1
859,652,1
860,653,1
860,654,1
861,655,1
862,656,1
862,657,1
863,656,1
901,600,0
942,540,1
942,541,1
943,542,1
943,543,1
943,544,1
944,545,1
944,546,1
944,547,1
945,548,1
945,549,1
946,550,1
946,551,1
946,552,1
947,553,1
947,554,1
947,555,1
948,556,1
948,557,1
948,558,1
948,559,1
949,560,1
949,561,1
949,562,1
949,563,1
950,564,1
950,565,1
950,566,1
950,567,1
950,568,1
951,569,1
951,570,1
951,571,1
951,572,1
952,573,1
952,574,1
952,575,1
952,576,1
952,577,1
952,578,1
952,579,1
952,580,1
951,581,1
951,582,1
952,583,1
952,584,1
952,585,1
952,586,1
952,587,1
953,588,1
953,589,1
953,590,1
953,591,1
953,592,1
953,593,1
953,594,1
954,595,1
954,596,1
954,597,1
954,598,1
954,599,1
954,600,1
954,601,1
954,602,1
954,603,1
954,604,1
953,605,1
953,606,1
953,607,1
953,608,1
953,609,1
952,610,1
952,611,1
951,611,1
950,612,1
949,612,1
948,612,1
947,612,1
946,612,1
945,612,1
944,612,1
943,612,1
942,612,1
859,542,0
767,502,1
766,501,1
766,500,1
765,499,1
765,498,1
764,497,1
764,496,1
764,495,1
763,494,1
763,493,1
763,492,1
763,491,1
762,490,1
762,489,1
762,488,1
763,487,1
763,486,1
763,485,1
763,484,1
764,483,1
764,482,1
765,482,1
765,481,1
766,480,1
767,479,1
767,478,1
768,478,1
768,477,1
769,477,1
770,476,1
771,475,1
772,475,1
773,475,1
773,474,1
774,474,1
775,474,1
776,474,1
777,473,1
778,473,1
779,473,1
780,472,1
781,471,1
782,471,1
783,470,1
784,470,1
784,469,1
785,469,1
786,469,1
786,468,1
787,468,1
788,468,1
789,467,1
790,467,1
791,467,1
792,466,1
793,466,1
794,466,1
795,465,1
796,465,1
797,465,1
798,465,1
799,465,1
800,464,1
801,464,1
802,464,1
803,464,1
804,464,1
805,464,1
806,464,1
807,464,1
808,464,1
809,464,1
810,464,1
811,464,1
812,464,1
813,464,1
814,464,1
815,464,1
816,464,1
817,464,1
818,465,1
819,465,1
820,465,1
821,465,1
822,465,1
823,466,1
824,466,1
825,466,1
826,466,1
827,467,1
828,467,1
829,467,1
830,467,1
831,468,1
832,468,1
833,468,1
834,469,1
835,469,1
836,469,1
836,470,1
837,470,1
838,470,1
839,471,1
840,471,1
841,471,1
842,472,1
843,473,1
844,473,1
845,473,1
846,474,1
847,474,1
848,474,1
849,474,1
850,475,1
851,475,1
852,476,1
853,476,1
854,476,1
855,477,1
856,477,1
857,478,1
858,478,1
859,479,1
860,480,1
861,481,1
862,481,1
863,482,1
864,483,1
865,483,1
865,484,1
866,485,1
867,486,1
868,487,1
869,488,1
869,489,1
870,490,1
871,490,1
871,491,1
872,492,1
872,493,1
873,494,1
873,495,1
874,496,1
874,497,1
874,498,1
875,499,1
875,500,1
875,501,1
875,502,1
877,500,0
869,523,1
870,523,1
871,522,1
872,522,1
873,522,1
874,521,1
875,521,1
876,521,1
877,520,1
878,520,1
879,520,1
880,519,1
881,519,1
882,519,1
883,518,1
884,518,1
885,518,1
886,517,1
887,517,1
888,517,1
889,517,1
890,516,1
891,516,1
892,516,1
893,515,1
894,515,1
895,515,1
896,514,1
897,514,1
898,514,1
899,513,1
900,513,1
901,513,1
902,513,1
903,512,1
904,512,1
905,512,1
906,511,1
907,511,1
908,511,1
909,510,1
910,510,1
911,510,1
912,509,1
913,509,1
914,509,1
915,509,1
916,508,1
917,508,1
918,508,1
919,507,1
920,507,1
921,507,1
922,506,1
923,506,1
924,506,1
925,505,1
926,505,1
927,505,1
928,504,1
929,504,1
930,504,1
931,503,1
932,503,1
933,503,1
934,502,1
935,502,1
936,502,1
937,501,1
938,501,1
939,501,1
940,500,1
941,500,1
942,500,1
943,500,1
944,499,1
945,499,1
946,499,1
947,498,1
948,498,1
949,498,1
950,497,1
951,497,1
952,497,1
953,497,1
954,496,1
955,496,1
956,496,1
957,495,1
958,495,1
959,495,1
960,494,1
961,494,1
962,494,1
963,493,1
964,493,1
965,493,1
966,492,1
967,492,1
968,492,1
969,491,1
970,491,1
971,491,1
972,491,1
973,490,1
974,490,1
975,490,1
976,489,1
977,489,1
978,489,1
979,488,1
980,488,1
981,488,1
982,487,1
983,487,1
984,487,1
985,486,1
986,486,1
987,486,1
987,485,1
988,485,1
989,485,1
990,484,1
991,484,1
992,484,1
993,483,1
994,483,1
995,483,1
996,482,1
997,482,1
998,482,1
999,481,1
1000,481,1
1001,481,1
1002,480,1
1003,480,1
1004,480,1
1005,479,1
1006,479,1
1007,479,1
1008,478,1
1009,478,1
1010,478,1
1011,478,1
1012,477,1
1013,477,1
1014,477,1
1015,476,1
1016,476,1
1017,476,1
1018,475,1
1019,475,1
1020,475,1
1021,474,1
1022,474,1
1023,474,1
1024,473,1
1025,473,1
1026,473,1
1027,472,1
1028,472,1
1029,472,1
1030,472,1
1031,471,1
1032,471,1
1033,471,1
1034,470,1
1035,470,1
1036,470,1
1037,469,1
1038,469,1
1039,469,1
1040,468,1
1041,468,1
1042,468,1
1043,467,1
1044,467,1
1045,467,1
1046,466,1
1047,466,1
1048,466,1
1049,465,1
1050,465,1
1051,465,1
1052,464,1
1053,464,1
1054,463,1
1055,463,1
1056,463,1
1057,462,1
1058,462,1
1059,462,1
1060,461,1
1061,461,1
1062,461,1
1063,460,1
1064,460,1
1065,460,1
1066,459,1
1067,459,1
1068,459,1
1069,458,1
1070,458,1
1071,458,1
1072,457,1
1073,457,1
1074,457,1
1075,456,1
1076,456,1
1077,456,1
1078,455,1
1079,455,1
1080,454,1
1081,454,1
1082,454,1
1083,453,1
1084,453,1
1085,453,1
1086,452,1
1087,452,1
1088,452,1
1089,451,1
1090,451,1
1091,451,1
1092,450,1
1093,450,1
1094,450,1
1095,449,1
1096,449,1
1097,449,1
1098,448,1
1099,448,1
1100,447,1
1101,447,1
1102,447,1
1103,446,1
1104,446,1
1105,446,1
1106,445,1
1107,445,1
1108,445,1
1109,444,1
1110,444,1
1111,444,1
1112,443,1
1113,443,1
1114,443,1
1115,442,1
1116,442,1
1117,442,1
1118,441,1
1119,441,1
1120,441,1
1121,440,1
1122,440,1
1123,440,1
1123,439,1
1124,439,1
1125,439,1
1126,438,1
1127,438,1
1128,438,1
1129,437,1
1130,437,1
1131,437,1
1132,436,1
1133,436,1
1134,436,1
1135,435,1
1136,435,1
1137,435,1
1138,434,1
1139,434,1
1140,434,1
1141,433,1
1142,433,1
1143,433,1
1144,433,1
1145,432,1
1146,432,1
1147,432,1
1148,431,1
1149,431,1
1150,431,1
1151,430,1
1152,430,1
1153,430,1
1154,429,1
1155,429,1
1156,428,1
1157,428,1
1158,428,1
1159,427,1
1160,427,1
1161,426,1
1161,425,1
1162,425,1
1163,424,1
1162,423,1
1178,463,0
1208,471,1
1208,472,1
1209,473,1
1209,474,1
1209,475,1
1210,476,1
1210,477,1
1210,478,1
1211,479,1
1211,480,1
1211,481,1
1211,482,1
1212,483,1
1212,484,1
1212,485,1
1212,486,1
1212,487,1
1213,488,1
1213,489,1
1213,490,1
1213,491,1
1213,492,1
1214,493,1
1214,494,1
1214,495,1
1214,496,1
1214,497,1
1214,498,1
1214,499,1
1214,500,1
1214,501,1
1214,502,1
1215,503,1
1215,504,1
1215,505,1
1215,506,1
1215,507,1
1215,508,1
1215,509,1
1215,510,1
1215,511,1
1215,512,1
1215,513,1
1215,514,1
1215,515,1
1215,516,1
1215,517,1
1215,518,1
1214,519,1
1213,519,1
1213,520,1
1212,520,1
1211,521,1
1210,521,1
1165,507,0
1133,512,1
1132,512,1
1131,513,1
1130,513,1
1130,514,1
1129,514,1
1128,514,1
1127,514,1
1126,514,1
1125,514,1
1124,514,1
1123,513,1
1122,513,1
1121,512,1
1120,512,1
1119,512,1
1118,512,1
1117,511,1
1116,511,1
1115,511,1
1114,511,1
1113,511,1
1112,511,1
1111,511,1
1110,511,1
1109,510,1
1108,511,1
1107,511,1
1106,511,1
1105,511,1
1104,511,1
1103,511,1
1102,511,1
1101,512,1
1100,512,1
1099,513,1
1098,513,1
1097,513,1
1097,514,1
1096,514,1
1095,514,1
1094,515,1
1093,515,1
1092,515,1
1091,516,1
1090,516,1
1089,516,1
1088,517,1
1087,517,1
1086,518,1
1085,518,1
1084,519,1
1083,519,1
1082,520,1
1081,520,1
1081,521,1
1080,521,1
1080,522,1
1079,522,1
1078,522,1
1078,523,1
1077,523,1
1077,524,1
1076,525,1
1075,526,1
1074,527,1
1074,528,1
1073,528,1
1073,529,1
1072,529,1
1072,530,1
1072,531,1
1071,531,1
1071,532,1
1071,533,1
1070,534,1
1070,535,1
1070,536,1
1069,537,1
1069,538,1
1069,539,1
1069,540,1
1068,540,1
1068,541,1
1068,542,1
1068,543,1
1068,544,1
1068,545,1
1068,546,1
1068,547,1
1068,548,1
1068,549,1
1069,550,1
1069,551,1
1069,552,1
1069,553,1
1070,554,1
1070,555,1
1070,556,1
1071,556,1
1071,557,1
1072,558,1
1072,559,1
1073,560,1
1074,561,1
1074,562,1
1075,562,1
1075,563,1
1076,563,1
1076,564,1
1077,564,1
1077,565,1
1078,565,1
1078,566,1
1079,567,1
1079,568,1
1080,569,1
1080,570,1
1081,570,1
1081,571,1
1082,572,1
1083,573,1
1084,574,1
1085,575,1
1086,575,1
1087,576,1
1088,577,1
1089,577,1
1090,577,1
1091,578,1
1092,578,1
1093,578,1
1094,578,1
1095,578,1
1096,578,1
1097,579,1
1098,579,1
1099,579,1
1100,579,1
1101,578,1
1102,578,1
1103,578,1
1104,578,1
1105,578,1
1106,578,1
1107,578,1
1108,578,1
1109,577,1
1110,577,1
1111,577,1
1111,576,1
1112,576,1
1112,575,1
1208,519,0
1315,440,1
1315,441,1
1316,442,1
1316,443,1
1317,444,1
1317,445,1
1317,446,1
1318,447,1
1318,448,1
1319,449,1
1319,450,1
1319,451,1
1320,452,1
1320,453,1
1321,454,1
1321,455,1
1322,456,1
1322,457,1
1322,458,1
1323,459,1
1323,460,1
1323,461,1
1324,462,1
1324,463,1
1324,464,1
1325,465,1
1325,466,1
1326,467,1
1326,468,1
1326,469,1
1327,470,1
1327,471,1
1327,472,1
1328,473,1
1328,474,1
1328,475,1
1329,475,1
1329,476,1
1329,477,1
1330,478,1
1330,479,1
1330,480,1
1331,481,1
1331,482,1
1331,483,1
1332,484,1
1332,485,1
1333,485,1
1333,486,1
1333,487,1
1334,487,1
1334,488,1
1334,489,1
1335,489,1
1335,488,1
1381,442,0
1413,412,1
1414,412,1
1415,412,1
1416,412,1
1417,413,1
1418,413,1
1419,413,1
1420,413,1
1421,414,1
1422,414,1
1423,414,1
1424,414,1
1425,414,1
1426,414,1
1427,414,1
1428,414,1
1429,414,1
1430,414,1
1431,414,1
1432,413,1
1433,413,1
1434,413,1
1435,412,1
1436,412,1
1437,412,1
1438,411,1
1439,411,1
1439,410,1
1440,409,1
1441,409,1
1442,408,1
1443,408,1
1444,407,1
1445,407,1
1446,406,1
1447,405,1
1448,405,1
1449,404,1
1450,404,1
1451,403,1
1452,403,1
1453,403,1
1454,402,1
1455,402,1
1456,402,1
1457,402,1
1457,401,1
1458,401,1
1459,401,1
1460,401,1
1461,400,1
1462,400,1
1463,400,1
1464,400,1
1465,400,1
1466,399,1
1467,399,1
1468,399,1
1469,399,1
1470,398,1
1471,398,1
1472,398,1
1473,398,1
1474,398,1
1475,398,1
1476,398,1
1477,397,1
1478,397,1
1479,397,1
1480,397,1
1481,397,1
1482,397,1
1483,397,1
1484,397,1
1485,397,1
1486,397,1
1487,397,1
1487,398,1
1488,398,1
1489,398,1
1490,398,1
1491,398,1
1492,399,1
1493,399,1
1494,399,1
1495,400,1
1496,400,1
1497,401,1
1498,401,1
1499,402,1
1500,403,1
1501,403,1
1502,404,1
1503,405,1
1504,405,1
1504,406,1
1505,406,1
1506,407,1
1506,408,1
1507,408,1
1507,409,1
1508,409,1
1509,410,1
1509,411,1
1510,411,1
1510,412,1
1511,413,1
1512,414,1
1512,415,1
1513,415,1
1514,416,1
1515,417,1
1516,418,1
1516,419,1
1517,419,1
1517,420,1
1518,421,1
1518,422,1
1519,423,1
1520,424,1
1520,425,1
1521,426,1
1521,427,1
1521,428,1
1522,429,1
1522,430,1
1523,430,1
1523,431,1
1523,432,1
1524,433,1
1524,434,1
1525,435,1
1525,436,1
1526,437,1
1526,438,1
1527,439,1
1527,440,1
1528,441,1
1528,442,1
1528,443,1
1529,443,1
1529,444,1
1529,445,1
1529,446,1
1528,445,1
1527,444,1
1526,443,1
1484,412,0
1427,385,1
1428,385,1
1429,385,1
1430,385,1
1431,385,1
1432,385,1
1433,385,1
1434,385,1
1435,385,1
1436,385,1
1437,385,1
1438,385,1
1439,385,1
1440,385,1
1441,385,1
1442,385,1
1443,385,1
1444,385,1
1445,385,1
1446,385,1
1447,385,1
1448,385,1
1449,385,1
1450,385,1
1451,385,1
1452,385,1
1453,385,1
1454,385,1
1455,385,1
1456,385,1
1528,381,0
1606,365,1
1607,366,1
1607,367,1
1608,368,1
1609,369,1
1609,370,1
1610,371,1
1610,372,1
1611,372,1
1611,373,1
1612,374,1
1612,375,1
1613,376,1
1614,377,1
1614,378,1
1615,379,1
1616,380,1
1617,381,1
1617,382,1
1618,383,1
1619,384,1
1619,385,1
1620,386,1
1620,387,1
1621,388,1
1622,388,1
1622,389,1
1623,390,1
1623,391,1
1624,392,1
1624,393,1
1625,393,1
1625,394,1
1625,395,1
1626,396,1
1626,397,1
1627,397,1
1627,398,1
1628,399,1
1629,400,1
1629,401,1
1630,401,1
1630,402,1
1631,403,1
1631,404,1
1632,405,1
1633,406,1
1633,407,1
1634,408,1
1634,409,1
1635,410,1
1635,411,1
1636,412,1
1637,413,1
1637,414,1
1638,415,1
1638,416,1
1638,417,1
1639,417,1
1639,418,1
1639,419,1
1639,420,1
1639,421,1
1639,422,1
1638,421,1
1637,421,1
1556,373,0
1502,331,1
1501,331,1
1500,332,1
1499,332,1
1498,333,1
1497,333,1
1496,334,1
1495,334,1
1494,334,1
1493,335,1
1492,335,1
1491,336,1
1490,336,1
1489,337,1
1488,337,1
1487,337,1
1486,338,1
1485,338,1
1484,338,1
1483,339,1
1482,339,1
1481,340,1
1480,340,1
1479,340,1
1478,341,1
1477,341,1
1476,341,1
1475,342,1
1474,342,1
1473,342,1
1472,343,1
1471,343,1
1470,343,1
1469,344,1
1468,344,1
1467,345,1
1466,345,1
1465,345,1
1464,346,1
1463,346,1
1462,346,1
1461,346,1
1460,347,1
1459,347,1
1458,347,1
1457,348,1
1456,348,1
1455,348,1
1454,349,1
1453,349,1
1452,349,1
1451,350,1
1450,350,1
1449,350,1
1448,351,1
1447,351,1
1446,351,1
1445,352,1
1444,352,1
1443,352,1
1442,353,1
1441,353,1
1440,353,1
1439,354,1
1438,354,1
1437,355,1
1436,355,1
1435,355,1
1434,355,1
1433,356,1
1432,356,1
1431,356,1
1430,357,1
1429,357,1
1428,357,1
1427,358,1
1426,358,1
1425,358,1
1424,358,1
1423,359,1
1422,359,1
1421,359,1
1420,360,1
1419,360,1
1418,360,1
1417,361,1
1416,361,1
1415,361,1
1414,361,1
1413,362,1
1412,362,1
1411,362,1
1410,363,1
1409,363,1
1408,363,1
1407,363,1
1406,364,1
1405,364,1
1404,364,1
1403,364,1
1402,365,1
1401,365,1
1400,365,1
1399,366,1
1398,366,1
1397,366,1
1396,366,1
1395,367,1
1394,367,1
1393,367,1
1392,368,1
1391,368,1
1390,368,1
1389,368,1
1388,369,1
1387,369,1
1386,369,1
1385,369,1
1384,370,1
1383,370,1
1382,370,1
1381,371,1
1380,371,1
1379,371,1
1378,371,1
1377,372,1
1376,372,1
1375,372,1
1374,372,1
1373,373,1
1372,373,1
1371,373,1
1370,374,1
1369,374,1
1368,374,1
1367,374,1
1366,375,1
1365,375,1
1364,375,1
1363,375,1
1362,376,1
1361,376,1
1360,376,1
1359,377,1
1358,377,1
1357,377,1
1356,377,1
1355,378,1
1354,378,1
1353,378,1
1352,378,1
1351,379,1
1350,379,1
1349,379,1
1348,379,1
1347,380,1
1346,380,1
1345,380,1
1344,380,1
1343,381,1
1342,381,1
1341,381,1
1340,381,1
1339,382,1
1338,382,1
1337,382,1
1336,382,1
1335,383,1
1334,383,1
1333,383,1
1332,384,1
1331,384,1
1330,384,1
1329,384,1
1328,385,1
1327,385,1
1326,385,1
1325,385,1
1324,386,1
1323,386,1
1322,386,1
1321,386,1
1320,387,1
1319,387,1
1318,387,1
1317,387,1
1316,388,1
1315,388,1
1314,388,1
1313,388,1
1312,389,1
1311,389,1
1310,389,1
1309,389,1
1308,390,1
1307,390,1
1306,390,1
1305,390,1
1304,390,1
1303,391,1
1302,391,1
1301,391,1
1300,391,1
1299,392,1
1298,392,1
1297,392,1
1296,392,1
1295,393,1
1294,393,1
1293,393,1
1292,393,1
1291,394,1
1290,394,1
1289,394,1
1288,394,1
1287,395,1
1286,395,1
1285,395,1
1284,395,1
1283,396,1
1282,396,1
1281,396,1
1280,396,1
1279,397,1
1278,397,1
1277,397,1
1276,397,1
1275,398,1
1274,398,1
1273,398,1
1272,398,1
1271,399,1
1270,399,1
1269,399,1
1268,399,1
1267,400,1
1266,400,1
1265,400,1
1264,400,1
1263,401,1
1262,401,1
1261,401,1
1260,401,1
1259,402,1
1258,402,1
1257,402,1
1256,402,1
1255,402,1
1254,403,1
1253,403,1
1252,403,1
1251,403,1
1250,404,1
1249,404,1
1248,404,1
1247,404,1
1246,405,1
1245,405,1
1244,405,1
1243,405,1
1242,406,1
1241,406,1
1240,406,1
1239,406,1
1238,406,1
1238,407,1
1237,407,1
1236,407,1
1235,407,1
1234,408,1
1233,408,1
1232,408,1
1231,408,1
1230,409,1
1229,409,1
1228,409,1
1227,409,1
1226,409,1
1225,410,1
1224,410,1
1223,410,1
1222,410,1
1221,411,1
1220,411,1
1219,411,1
1218,411,1
1217,412,1
1216,412,1
1215,412,1
1214,412,1
1213,412,1
1212,413,1
1211,413,1
1210,413,1
1209,413,1
1208,414,1
1207,414,1
1206,414,1
1205,414,1
1204,415,1
1203,415,1
1202,415,1
1201,415,1
1200,415,1
1199,416,1
1198,416,1
1197,416,1
1196,416,1
1195,417,1
1194,417,1
1193,417,1
1192,417,1
1191,418,1
1190,418,1
1189,418,1
1188,418,1
1187,419,1
1186,419,1
1185,419,1
1184,419,1
1183,420,1
1182,420,1
1181,420,1
1180,420,1
1179,421,1
1178,421,1
1177,421,1
1176,421,1
1175,421,1
1174,422,1
1173,422,1
1172,422,1
1171,422,1
1170,423,1
1169,423,1
1168,423,1
1167,423,1
1166,424,1
1165,424,1
1164,424,1
1163,424,1
1162,425,1
1161,425,1
1160,425,1
1159,425,1
1158,425,1
1157,426,1
1156,426,1
1155,426,1
1154,426,1
1153,427,1
1152,427,1
1151,427,1
1150,427,1
1149,428,1
1148,428,1
1147,428,1
1146,428,1
1145,429,1
1144,429,1
1143,429,1
1142,429,1
1141,429,1
1140,430,1
1139,430,1
1138,430,1
1137,430,1
1136,431,1
1135,431,1
1134,431,1
1133,431,1
1132,432,1
1131,432,1
1130,432,1
1129,432,1
1128,433,1
1127,433,1
1126,433,1
1125,433,1
1124,434,1
1123,434,1
1122,434,1
1121,434,1
1120,434,1
1119,435,1
1118,435,1
1117,435,1
1116,435,1
1115,436,1
1114,436,1
1113,436,1
1112,436,1
1111,437,1
1110,437,1
1109,437,1
1108,437,1
1107,438,1
1106,438,1
1105,438,1
1104,438,1
1103,439,1
1102,439,1
1101,439,1
1100,439,1
1099,439,1
1098,440,1
1097,440,1
1096,440,1
1095,440,1
1094,441,1
1093,441,1
1092,441,1
1091,441,1
1090,442,1
1089,442,1
1088,442,1
1087,442,1
1086,443,1
1085,443,1
1084,443,1
1083,443,1
1082,444,1
1081,444,1
1080,444,1
1079,444,1
1078,445,1
1077,445,1
1076,445,1
1075,445,1
1074,446,1
1073,446,1
1072,446,1
1071,446,1
1070,447,1
1069,447,1
1068,447,1
1067,447,1
1066,448,1
1065,448,1
1064,448,1
1063,448,1
1062,449,1
1061,449,1
1060,449,1
1059,449,1
1058,450,1
1057,450,1
1056,450,1
1055,451,1
1054,451,1
1053,451,1
1052,451,1
1051,452,1
1050,452,1
1049,452,1
1048,452,1
1047,453,1
1046,453,1
1045,453,1
1044,453,1
1043,454,1
1042,454,1
1041,454,1
1040,454,1
1039,455,1
1038,455,1
1037,455,1
1036,456,1
1035,456,1
1034,456,1
1033,456,1
1032,457,1
1031,457,1
1030,457,1
1029,457,1
1028,458,1
1027,458,1
1026,458,1
1025,458,1
1024,459,1
1023,459,1
1022,459,1
1021,459,1
1020,460,1
1019,460,1
1018,460,1
1017,461,1
1016,461,1
1015,461,1
1014,461,1
1013,462,1
1012,462,1
1011,462,1
1010,462,1
1009,463,1
1008,463,1
1007,463,1
1006,463,1
1005,464,1
1004,464,1
1003,464,1
1002,464,1
1001,465,1
1000,465,1
999,465,1
998,465,1
997,466,1
996,466,1
995,467,1
994,467,1
993,467,1
992,467,1
991,468,1
990,468,1
989,468,1
988,468,1
987,469,1
986,469,1
985,469,1
984,469,1
983,470,1
982,470,1
981,470,1
980,471,1
979,471,1
978,471,1
977,471,1
976,472,1
975,472,1
974,472,1
973,472,1
972,473,1
971,473,1
970,473,1
969,474,1
968,474,1
967,474,1
966,475,1
965,475,1
964,475,1
963,476,1
962,476,1
961,476,1
960,476,1
959,477,1
958,477,1
957,477,1
956,477,1
955,478,1
954,478,1
953,478,1
952,479,1
951,479,1
950,479,1
949,480,1
948,480,1
947,480,1
946,481,1
945,481,1
944,481,1
943,482,1
942,482,1
941,482,1
940,483,1
939,483,1
938,483,1
937,483,1
936,484,1
935,484,1
934,484,1
933,485,1
932,485,1
931,485,1
930,486,1
929,486,1
928,486,1
927,487,1
926,487,1
925,487,1
924,487,1
923,488,1
922,488,1
921,488,1
921,488,0
