581,751,1
582,751,1
583,751,1
584,751,1
585,750,1
586,750,1
587,750,1
588,750,1
589,750,1
590,750,1
591,750,1
592,750,1
593,750,1
594,750,1
595,750,1
596,750,1
597,750,1
598,750,1
599,751,1
600,751,1
601,751,1
602,751,1
603,752,1
604,752,1
605,752,1
606,753,1
607,753,1
608,754,1
609,754,1
610,755,1
611,755,1
612,756,1
613,757,1
614,758,1
615,758,1
616,759,1
617,760,1
617,761,1
618,761,1
618,762,1
619,762,1
620,763,1
620,764,1
621,764,1
621,765,1
622,765,1
622,766,1
623,766,1
624,767,1
625,768,1
626,769,1
627,770,1
628,771,1
629,771,1
629,772,1
630,773,1
631,774,1
631,775,1
632,775,1
632,776,1
633,776,1
633,777,1
634,778,1
635,779,1
635,780,1
636,781,1
637,782,1
637,783,1
638,784,1
638,785,1
639,786,1
639,787,1
640,788,1
640,789,1
641,789,1
641,790,1
641,791,1
642,792,1
642,793,1
643,794,1
643,795,1
643,796,1
644,797,1
644,798,1
644,799,1
645,800,1
645,801,1
646,802,1
646,803,1
646,804,1
646,805,1
647,806,1
647,807,1
647,808,1
648,809,1
648,810,1
648,811,1
649,812,1
649,813,1
649,814,1
649,815,1
650,816,1
650,817,1
650,818,1
650,819,1
651,820,1
651,821,1
651,822,1
652,823,1
652,824,1
652,825,1
652,826,1
653,827,1
653,828,1
653,829,1
653,830,1
654,831,1
654,832,1
654,833,1
655,834,1
655,835,1
655,836,1
655,837,1
655,838,1
656,838,1
656,839,1
656,840,1
656,841,1
657,842,1
657,843,1
657,844,1
657,845,1
658,846,1
658,847,1
658,848,1
658,849,1
659,850,1
659,851,1
659,852,1
660,853,1
660,854,1
660,855,1
660,856,1
661,857,1
661,858,1
661,859,1
661,860,1
661,861,1
661,862,1
662,862,1
662,863,1
662,864,1
662,865,1
662,866,1
662,867,1
663,868,1
663,869,1
663,870,1
663,871,1
663,872,1
663,873,1
663,874,1
663,875,1
663,876,1
663,877,1
663,878,1
663,879,1
663,880,1
663,881,1
663,882,1
663,883,1
663,884,1
663,885,1
663,886,1
663,887,1
663,888,1
663,889,1
663,890,1
663,891,1
662,892,1
662,893,1
662,894,1
662,895,1
661,895,1
661,896,1
661,897,1
661,898,1
661,899,1
660,900,1
660,901,1
659,902,1
659,903,1
659,904,1
658,905,1
658,906,1
658,907,1
657,907,1
657,908,1
657,909,1
656,909,1
656,910,1
655,911,1
654,912,1
654,913,1
653,914,1
653,915,1
652,915,1
652,916,1
651,917,1
650,918,1
649,919,1
648,920,1
647,920,1
647,921,1
646,921,1
646,922,1
645,922,1
644,923,1
643,924,1
642,924,1
642,925,1
641,925,1
640,925,1
640,926,1
639,926,1
638,927,1
637,927,1
636,927,1
636,928,1
635,928,1
634,928,1
633,929,1
632,929,1
631,929,1
630,929,1
629,929,1
628,929,1
627,929,1
626,930,1
625,930,1
624,931,1
623,931,1
622,931,1
621,931,1
620,931,1
620,932,1
619,932,1
618,932,1
617,932,1
616,932,1
615,932,1
614,932,1
613,931,1
612,931,1
611,931,1
610,930,1
609,929,1
608,928,1
608,927,1
607,927,1
607,926,1
607,925,1
607,924,1
607,923,1
607,922,1
607,921,1
608,920,1
608,919,1
609,918,1
609,917,1
609,916,1
610,915,1
611,915,1
611,914,1
612,912,0
760,788,0
788,788,1
788,789,1
788,790,1
789,791,1
790,792,1
808,849,1
809,850,1
809,851,1
809,852,1
810,853,1
810,854,1
810,855,1
811,856,1
811,857,1
812,858,1
812,859,1
813,859,1
813,860,1
814,860,1
815,860,1
816,860,1
871,769,0
919,695,1
920,694,1
921,694,1
922,693,1
923,692,1
924,692,1
925,692,1
925,691,1
926,691,1
927,691,1
928,690,1
929,691,1
930,691,1
931,691,1
932,691,1
933,692,1
934,693,1
935,694,1
936,694,1
936,695,1
937,695,1
937,696,1
938,697,1
939,698,1
939,699,1
940,699,1
940,700,1
941,701,1
941,702,1
942,703,1
943,704,1
943,705,1
970,755,1
971,755,1
971,756,1
971,757,1
972,758,1
972,759,1
972,760,1
973,761,1
973,762,1
974,763,1
974,764,1
974,765,1
974,766,1
975,767,1
975,768,1
975,769,1
976,770,1
976,771,1
976,772,1
976,773,1
976,774,1
977,775,1
977,776,1
977,777,1
978,778,1
978,779,1
978,780,1
979,781,1
979,782,1
979,783,1
980,784,1
980,785,1
980,786,1
981,786,1
981,787,1
981,788,1
981,789,1
982,789,1
982,790,1
982,791,1
983,791,1
983,792,1
983,793,1
984,793,1
984,794,1
985,794,1
985,795,1
986,796,1
987,797,1
988,797,1
988,798,1
989,798,1
990,798,1
990,799,1
991,799,1
992,799,1
993,799,1
994,799,1
995,799,1
996,798,1
997,798,1
998,798,1
999,797,1
1000,797,1
1001,796,1
1002,796,1
1003,796,1
1003,795,1
1004,795,1
1004,794,1
1005,794,1
1006,793,1
1007,793,1
1007,792,1
1008,792,1
1009,792,1
1009,791,1
1010,791,1
1011,790,1
1012,789,1
1013,789,1
1013,788,1
1014,787,1
1015,787,1
1015,786,1
1016,785,1
1017,785,1
1018,784,1
1019,783,1
1020,782,1
1021,781,1
1022,780,1
1023,779,1
1024,779,1
1025,778,1
1025,777,1
1026,777,1
1027,776,1
1028,775,1
1029,774,1
1030,773,1
1031,772,1
1032,771,1
1033,771,1
1033,770,1
1034,769,1
1035,769,1
1036,768,1
1036,767,1
1037,767,1
1038,766,1
1038,765,1
1039,765,1
1040,764,1
1040,763,1
1041,763,1
1041,762,1
1042,761,1
1043,761,1
1043,760,1
1044,759,1
1045,759,1
1045,758,1
1046,757,1
1047,757,1
1047,756,1
1048,755,1
1049,754,1
1050,753,1
1051,752,1
1051,751,1
1052,751,1
1053,750,1
1054,749,1
1055,748,1
1056,747,1
1057,747,1
1057,746,1
1058,746,1
1058,745,1
1059,745,1
1059,744,1
1060,744,1
1060,743,1
1061,743,1
1062,742,1
1063,742,1
1063,741,1
1064,741,1
1065,740,1
1066,740,1
1067,740,1
1067,739,1
1068,739,1
1069,739,1
1070,738,1
1071,738,1
1072,738,1
1073,738,1
1074,738,1
1074,739,1
1075,739,1
1076,739,1
1077,740,1
1078,740,1
1078,741,1
1079,741,1
1080,742,1
1081,742,1
1081,743,1
1082,743,1
1082,744,1
1083,745,1
1084,746,1
1084,747,1
1085,747,1
1085,748,1
1086,748,1
1086,749,1
1086,750,1
1087,750,1
1087,751,1
1088,751,1
1088,752,1
1088,753,1
1089,753,1
1089,754,1
1090,755,1
1090,756,1
1091,757,1
1091,758,1
1091,759,1
1092,759,1
1092,760,1
1093,761,1
1093,762,1
1093,763,1
1094,763,1
1094,764,1
1094,765,1
1095,766,1
1095,767,1
1096,767,1
1096,768,1
1096,769,1
1097,770,1
1097,771,1
1098,772,1
1098,773,1
1099,774,1
1099,775,1
1099,776,1
1100,777,1
1100,778,1
1101,779,1
1101,780,1
1102,781,1
1102,782,1
1102,783,1
1103,784,1
1104,785,1
1104,786,1
1104,787,1
1105,788,1
1105,789,1
1106,789,1
1106,790,1
1106,791,1
1107,792,1
1107,793,1
1108,793,1
1108,794,1
1108,795,1
1109,796,1
1110,797,1
1110,798,1
1110,799,1
1111,800,1
1111,801,1
1112,801,1
1112,802,1
1113,803,1
1114,804,1
1115,805,1
1116,806,1
1117,806,1
1118,806,1
1118,805,1
1160,756,0
1207,698,1
1207,699,1
1208,700,1
1208,701,1
1208,702,1
1208,703,1
1209,704,1
1209,705,1
1209,706,1
1210,707,1
1210,708,1
1210,709,1
1211,710,1
1211,711,1
1211,712,1
1211,713,1
1212,714,1
1212,715,1
1213,716,1
1213,717,1
1213,718,1
1213,719,1
1214,720,1
1214,721,1
1214,722,1
1214,723,1
1215,724,1
1215,725,1
1215,726,1
1215,727,1
1216,728,1
1216,729,1
1216,730,1
1216,731,1
1216,732,1
1217,733,1
1217,734,1
1217,735,1
1217,736,1
1217,737,1
1217,738,1
1217,739,1
1217,740,1
1218,741,1
1218,742,1
1218,743,1
1218,744,1
1219,745,1
1219,746,1
1219,747,1
1219,748,1
1220,749,1
1220,750,1
1220,751,1
1220,752,1
1220,753,1
1220,754,1
1220,755,1
1221,756,1
1221,757,1
1221,758,1
1221,759,1
1221,760,1
1221,761,1
1221,762,1
1221,763,1
1221,764,1
1221,765,1
1221,766,1
1221,767,1
1221,768,1
1221,769,1
1220,769,1
1220,770,1
1220,771,1
1219,771,1
1218,772,1
1217,772,1
1216,772,1
1215,772,1
1214,772,1
1109,700,0
1019,653,1
1018,653,1
1017,653,1
1016,652,1
1015,652,1
1014,652,1
1013,652,1
1012,651,1
1011,651,1
1010,651,1
1009,650,1
1008,650,1
1007,650,1
1006,649,1
1005,648,1
1004,648,1
1003,648,1
1002,647,1
1001,646,1
1000,646,1
999,645,1
998,644,1
997,643,1
996,643,1
996,642,1
995,641,1
994,641,1
994,640,1
993,639,1
993,638,1
992,638,1
992,637,1
991,636,1
991,635,1
990,634,1
990,633,1
989,632,1
989,631,1
988,630,1
988,629,1
988,628,1
987,627,1
987,626,1
986,625,1
986,624,1
985,623,1
985,622,1
984,622,1
984,621,1
984,620,1
983,619,1
983,618,1
982,617,1
982,616,1
982,615,1
981,614,1
981,613,1
981,612,1
980,611,1
980,610,1
980,609,1
980,608,1
980,607,1
979,606,1
979,605,1
979,604,1
979,603,1
979,602,1
979,601,1
979,600,1
979,599,1
979,598,1
979,597,1
979,596,1
979,595,1
979,594,1
979,593,1
979,592,1
979,591,1
980,591,1
980,590,1
980,589,1
980,588,1
981,587,1
981,586,1
981,585,1
982,584,1
982,583,1
983,582,1
983,581,1
984,580,1
984,579,1
985,578,1
985,577,1
986,577,1
986,576,1
986,575,1
987,575,1
987,574,1
988,574,1
988,573,1
989,572,1
990,571,1
991,570,1
992,569,1
993,568,1
994,567,1
995,567,1
995,566,1
996,566,1
996,565,1
997,565,1
998,565,1
998,564,1
999,564,1
1000,563,1
1001,563,1
1002,562,1
1003,562,1
1004,561,1
1005,561,1
1006,560,1
1007,560,1
1008,560,1
1009,559,1
1010,559,1
1011,559,1
1012,559,1
1013,558,1
1014,558,1
1015,558,1
1016,558,1
1017,558,1
1018,558,1
1019,557,1
1020,557,1
1021,557,1
1022,557,1
1023,557,1
1024,557,1
1025,557,1
1026,557,1
1027,557,1
1028,557,1
1029,557,1
1030,557,1
1031,557,1
1032,558,1
1033,558,1
1034,558,1
1035,558,1
1036,558,1
1037,558,1
1038,558,1
1039,559,1
1040,559,1
1041,559,1
1042,559,1
1043,560,1
1044,560,1
1045,560,1
1046,560,1
1047,561,1
1048,561,1
1049,561,1
1050,562,1
1051,562,1
1052,562,1
1053,563,1
1054,563,1
1055,564,1
1056,564,1
1057,565,1
1058,565,1
1059,565,1
1059,566,1
1060,566,1
1061,567,1
1062,567,1
1063,568,1
1064,568,1
1065,569,1
1066,569,1
1067,570,1
1068,570,1
1068,571,1
1069,571,1
1070,572,1
1071,572,1
1072,573,1
1073,574,1
1074,575,1
1075,575,1
1075,576,1
1076,576,1
1077,577,1
1078,577,1
1078,578,1
1079,579,1
1080,579,1
1081,580,1
1081,581,1
1082,581,1
1083,582,1
1084,583,1
1085,584,1
1086,585,1
1087,586,1
1088,587,1
1089,588,1
1090,589,1
1091,590,1
1092,591,1
1093,591,1
1094,592,1
1094,593,1
1095,593,1
1096,594,1
1097,595,1
1098,596,1
1099,597,1
1100,598,1
1101,599,1
1102,600,1
1102,601,1
1103,602,1
1104,603,1
1105,604,1
1105,605,1
1106,606,1
1106,607,1
1107,607,1
1107,608,1
1108,609,1
1108,610,1
1109,610,1
1109,611,1
1110,612,1
1110,613,1
1110,614,1
1111,615,1
1111,616,1
1111,617,1
1111,618,1
1112,618,1
1112,619,1
1112,620,1
1112,621,1
1112,622,1
1112,623,1
1112,624,1
1112,625,1
1112,626,1
1139,617,0
1151,635,1
1152,635,1
1153,635,1
1154,634,1
1155,634,1
1156,633,1
1157,633,1
1158,633,1
1159,632,1
1160,632,1
1161,632,1
1162,631,1
1163,631,1
1164,631,1
1165,631,1
1166,630,1
1167,630,1
1168,630,1
1169,630,1
1170,629,1
1171,629,1
1172,629,1
1173,628,1
1174,628,1
1175,628,1
1176,628,1
1177,627,1
1178,627,1
1179,627,1
1180,626,1
1181,626,1
1182,626,1
1183,626,1
1184,625,1
1185,625,1
1186,625,1
1187,625,1
1188,625,1
1189,624,1
1190,624,1
1191,624,1
1192,623,1
1193,623,1
1194,623,1
1195,623,1
1196,622,1
1197,622,1
1198,622,1
1199,621,1
1200,621,1
1201,621,1
1202,621,1
1203,620,1
1204,620,1
1205,620,1
1206,620,1
1207,619,1
1208,619,1
1209,619,1
1210,619,1
1211,618,1
1212,618,1
1213,618,1
1214,618,1
1215,617,1
1216,617,1
1217,617,1
1218,616,1
1219,616,1
1220,616,1
1221,616,1
1222,616,1
1223,615,1
1224,615,1
1225,615,1
1226,615,1
1226,614,1
1227,614,1
1228,614,1
1229,614,1
1230,613,1
1231,613,1
1232,613,1
1233,613,1
1234,612,1
1235,612,1
1236,612,1
1237,612,1
1238,611,1
1239,611,1
1240,611,1
1241,611,1
1242,610,1
1243,610,1
1244,610,1
1245,610,1
1246,609,1
1247,609,1
1248,609,1
1249,609,1
1250,608,1
1251,608,1
1252,608,1
1253,607,1
1254,607,1
1255,607,1
1256,606,1
1257,606,1
1258,606,1
1259,606,1
1260,605,1
1261,605,1
1262,605,1
1263,604,1
1264,604,1
1265,604,1
1266,604,1
1267,603,1
1268,603,1
1269,603,1
1270,603,1
1271,602,1
1272,602,1
1273,602,1
1274,602,1
1275,601,1
1276,601,1
1277,601,1
1278,600,1
1279,600,1
1280,600,1
1281,600,1
1282,599,1
1283,599,1
1284,599,1
1285,599,1
1286,598,1
1287,598,1
1288,598,1
1289,597,1
1290,597,1
1291,597,1
1292,596,1
1293,596,1
1294,596,1
1295,596,1
1296,595,1
1297,595,1
1298,594,1
1299,594,1
1300,594,1
1301,593,1
1302,593,1
1303,593,1
1304,593,1
1304,592,1
1305,592,1
1305,591,1
1388,613,0
1484,605,1
1484,606,1
1485,607,1
1485,608,1
1485,609,1
1485,610,1
1486,611,1
1486,612,1
1487,613,1
1487,614,1
1487,615,1
1488,615,1
1488,616,1
1488,617,1
1489,618,1
1489,619,1
1489,620,1
1490,621,1
1490,622,1
1490,623,1
1491,624,1
1491,625,1
1491,626,1
1492,627,1
1492,628,1
1492,629,1
1493,630,1
1493,631,1
1493,632,1
1494,633,1
1494,634,1
1494,635,1
1494,636,1
1495,636,1
1495,637,1
1495,638,1
1496,639,1
1496,640,1
1496,641,1
1496,642,1
1497,643,1
1497,644,1
1497,645,1
1498,645,1
1498,646,1
1498,647,1
1498,648,1
1499,649,1
1499,650,1
1499,651,1
1500,652,1
1500,653,1
1500,654,1
1501,655,1
1501,656,1
1501,657,1
1501,658,1
1501,659,1
1502,660,1
1502,661,1
1502,662,1
1502,663,1
1502,664,1
1501,664,1
1501,665,1
1500,665,1
1437,648,0
1393,665,1
1392,666,1
1391,666,1
1390,666,1
1389,665,1
1388,664,1
1388,663,1
1388,662,1
1387,662,1
1387,661,1
1386,660,1
1385,659,1
1385,658,1
1384,657,1
1383,656,1
1382,655,1
1381,654,1
1380,653,1
1379,653,1
1378,652,1
1377,652,1
1376,651,1
1375,650,1
1374,650,1
1373,650,1
1372,649,1
1371,649,1
1370,649,1
1369,649,1
1368,649,1
1367,649,1
1366,648,1
1365,648,1
1364,648,1
1363,648,1
1362,649,1
1361,649,1
1360,649,1
1359,649,1
1358,649,1
1357,649,1
1356,649,1
1355,649,1
1354,649,1
1353,649,1
1352,649,1
1351,649,1
1350,649,1
1349,649,1
1348,649,1
1347,649,1
1346,649,1
1345,649,1
1344,650,1
1343,650,1
1342,650,1
1341,650,1
1340,651,1
1339,651,1
1338,651,1
1337,652,1
1336,653,1
1335,653,1
1334,654,1
1333,655,1
1332,655,1
1332,656,1
1331,656,1
1331,657,1
1330,657,1
1329,658,1
1328,659,1
1328,660,1
1327,660,1
1327,661,1
1326,661,1
1326,662,1
1325,663,1
1325,664,1
1324,665,1
1323,666,1
1323,667,1
1322,668,1
1322,669,1
1321,670,1
1321,671,1
1321,672,1
1320,673,1
1320,674,1
1320,675,1
1319,676,1
1319,677,1
1319,678,1
1319,679,1
1318,680,1
1318,681,1
1318,682,1
1318,683,1
1318,684,1
1318,685,1
1318,686,1
1318,687,1
1318,688,1
1318,689,1
1318,690,1
1318,691,1
1318,692,1
1318,693,1
1318,694,1
1318,695,1
1318,696,1
1319,697,1
1319,698,1
1319,699,1
1319,700,1
1319,701,1
1320,701,1
1320,702,1
1320,703,1
1321,704,1
1321,705,1
1322,706,1
1322,707,1
1322,708,1
1323,708,1
1323,709,1
1323,710,1
1324,711,1
1325,712,1
1325,713,1
1326,714,1
1327,715,1
1327,716,1
1328,716,1
1328,717,1
1329,718,1
1330,719,1
1331,720,1
1331,721,1
1332,721,1
1333,722,1
1334,723,1
1334,724,1
1335,725,1
1336,726,1
1336,727,1
1337,727,1
1337,728,1
1338,729,1
1339,730,1
1340,731,1
1341,732,1
1342,732,1
1342,733,1
1343,733,1
1344,734,1
1345,735,1
1346,735,1
1347,736,1
1348,736,1
1349,736,1
1350,737,1
1351,737,1
1352,737,1
1353,738,1
1354,738,1
1355,738,1
1356,738,1
1357,738,1
1358,738,1
1359,738,1
1360,739,1
1361,739,1
1362,738,1
1363,738,1
1364,738,1
1365,738,1
1366,737,1
1367,737,1
1368,737,1
1369,737,1
1370,737,1
1484,689,0
1607,623,1
1607,624,1
1607,625,1
1608,626,1
1608,627,1
1609,628,1
1609,629,1
1610,630,1
1610,631,1
1611,632,1
1611,633,1
1612,634,1
1612,635,1
1613,635,1
1614,636,1
1614,637,1
1615,638,1
1616,639,1
1617,640,1
1618,641,1
1618,642,1
1619,642,1
1620,643,1
1620,644,1
1621,645,1
1622,646,1
1623,647,1
1624,648,1
1625,649,1
1626,650,1
1627,650,1
1628,651,1
1629,651,1
1630,650,1
1631,650,1
1632,650,1
1632,649,1
1685,605,0
1733,574,1
1734,574,1
1735,574,1
1736,574,1
1737,574,1
1738,574,1
1739,574,1
1740,574,1
1741,574,1
1742,574,1
1743,574,1
1744,574,1
1745,573,1
1746,573,1
1747,573,1
1748,572,1
1749,572,1
1750,571,1
1751,570,1
1752,570,1
1753,569,1
1754,568,1
1755,568,1
1756,567,1
1757,566,1
1757,565,1
1758,565,1
1758,564,1
1759,563,1
1760,563,1
1760,562,1
1761,561,1
1762,560,1
1763,559,1
1764,558,1
1765,557,1
1766,557,1
1766,556,1
1767,556,1
1768,555,1
1769,555,1
1770,554,1
1771,554,1
1772,553,1
1773,553,1
1774,552,1
1775,552,1
1776,552,1
1776,551,1
1777,551,1
1778,551,1
1779,550,1
1780,550,1
1781,550,1
1782,549,1
1783,549,1
1784,549,1
1785,549,1
1786,549,1
1787,549,1
1788,549,1
1789,549,1
1790,549,1
1791,550,1
1792,550,1
1793,551,1
1794,551,1
1794,552,1
1795,552,1
1796,553,1
1797,553,1
1797,554,1
1798,554,1
1799,554,1
1800,555,1
1801,555,1
1801,556,1
1802,556,1
1802,557,1
1803,557,1
1803,558,1
1804,559,1
1804,560,1
1805,560,1
1805,561,1
1805,562,1
1806,563,1
1806,564,1
1806,565,1
1806,566,1
1806,567,1
1807,568,1
1807,569,1
1807,570,1
1807,571,1
1808,572,1
1808,573,1
1808,574,1
1808,575,1
1808,576,1
1809,577,1
1809,578,1
1809,579,1
1809,580,1
1810,581,1
1810,582,1
1810,583,1
1810,584,1
1811,585,1
1811,586,1
1811,587,1
1811,588,1
1810,588,1
1809,588,1
1788,562,0
1758,540,1
1759,540,1
1760,540,1
1761,540,1
1762,540,1
1763,540,1
1764,541,1
1765,541,1
1766,541,1
1767,541,1
1768,541,1
1769,542,1
1770,542,1
1771,542,1
1772,542,1
1856,532,0
1944,519,1
1945,520,1
1946,520,1
1946,521,1
1946,522,1
1947,522,1
1947,523,1
1948,524,1
1948,525,1
1949,526,1
1949,527,1
1950,528,1
1951,529,1
1951,530,1
1952,531,1
1952,532,1
1953,533,1
1953,534,1
1954,535,1
1954,536,1
1955,536,1
1955,537,1
1956,538,1
1956,539,1
1956,540,1
1957,541,1
1958,542,1
1958,543,1
1959,544,1
1959,545,1
1960,545,1
1960,546,1
1960,547,1
1960,548,1
1961,549,1
1962,550,1
1962,551,1
1963,551,1
1964,552,1
1904,481,0
1874,421,1
1873,421,1
1872,422,1
1871,422,1
1870,422,1
1869,422,1
1868,423,1
1867,423,1
1866,423,1
1865,424,1
1864,424,1
1863,424,1
1862,424,1
1861,425,1
1860,425,1
1859,425,1
1858,425,1
1857,426,1
1856,426,1
1855,426,1
1854,426,1
1853,426,1
1852,427,1
1851,427,1
1850,427,1
1849,427,1
1848,428,1
1847,428,1
1846,428,1
1845,428,1
1844,429,1
1843,429,1
1842,429,1
1841,429,1
1840,430,1
1839,430,1
1838,430,1
1837,430,1
1836,430,1
1835,431,1
1834,431,1
1833,431,1
1832,431,1
1832,432,1
1831,432,1
1830,432,1
1829,432,1
1828,432,1
1827,433,1
1826,433,1
1825,433,1
1824,433,1
1823,434,1
1822,434,1
1821,434,1
1820,434,1
1819,434,1
1818,435,1
1817,435,1
1816,435,1
1815,435,1
1814,436,1
1813,436,1
1812,436,1
1811,436,1
1810,436,1
1809,437,1
1808,437,1
1807,437,1
1806,438,1
1805,438,1
1804,438,1
1803,438,1
1802,438,1
1801,439,1
1800,439,1
1799,439,1
1798,439,1
1797,439,1
1796,440,1
1795,440,1
1794,440,1
1793,440,1
1793,441,1
1792,441,1
1791,441,1
1790,441,1
1789,441,1
1788,442,1
1787,442,1
1786,442,1
1785,442,1
1784,443,1
1783,443,1
1782,443,1
1781,443,1
1780,443,1
1779,444,1
1778,444,1
1777,444,1
1776,444,1
1775,445,1
1774,445,1
1773,445,1
1772,445,1
1771,446,1
1770,446,1
1769,446,1
1768,446,1
1767,446,1
1767,447,1
1766,447,1
1765,447,1
1764,447,1
1763,448,1
1762,448,1
1761,448,1
1760,448,1
1759,448,1
1758,449,1
1757,449,1
1756,449,1
1755,450,1
1754,450,1
1753,450,1
1752,450,1
1751,450,1
1750,451,1
1749,451,1
1748,451,1
1747,451,1
1746,452,1
1745,452,1
1744,452,1
1743,452,1
1742,453,1
1741,453,1
1740,453,1
1739,453,1
1738,454,1
1737,454,1
1736,454,1
1735,454,1
1734,454,1
1733,455,1
1732,455,1
1731,455,1
1730,456,1
1729,456,1
1728,456,1
1727,456,1
1726,457,1
1725,457,1
1724,457,1
1723,457,1
1722,458,1
1721,458,1
1720,458,1
1719,458,1
1718,459,1
1717,459,1
1716,459,1
1715,459,1
1714,459,1
1713,460,1
1712,460,1
1711,460,1
1710,461,1
1709,461,1
1708,461,1
1707,461,1
1706,461,1
1705,462,1
1704,462,1
1703,462,1
1702,462,1
1702,463,1
1701,463,1
1700,463,1
1699,463,1
1698,464,1
1697,464,1
1696,464,1
1695,464,1
1694,464,1
1693,465,1
1692,465,1
1691,465,1
1690,466,1
1689,466,1
1688,466,1
1687,466,1
1686,466,1
1685,467,1
1684,467,1
1683,467,1
1682,468,1
1681,468,1
1680,468,1
1679,468,1
1678,468,1
1677,469,1
1676,469,1
1675,469,1
1674,469,1
1673,470,1
1672,470,1
1671,470,1
1670,471,1
1669,471,1
1668,471,1
1667,471,1
1666,471,1
1665,472,1
1664,472,1
1663,472,1
1662,473,1
1661,473,1
1660,473,1
1659,473,1
1658,473,1
1657,474,1
1656,474,1
1655,474,1
1654,475,1
1653,475,1
1652,475,1
1651,475,1
1650,476,1
1649,476,1
1648,476,1
1647,476,1
1646,476,1
1645,477,1
1644,477,1
1643,477,1
1642,478,1
1641,478,1
1640,478,1
1639,478,1
1638,478,1
1637,479,1
1636,479,1
1635,479,1
1634,480,1
1633,480,1
1632,480,1
1631,480,1
1630,481,1
1629,481,1
1628,481,1
1627,481,1
1626,481,1
1626,482,1
1625,482,1
1624,482,1
1623,482,1
1622,483,1
1621,483,1
1620,483,1
1619,483,1
1618,483,1
1617,484,1
1616,484,1
1615,484,1
1614,485,1
1613,485,1
1612,485,1
1611,485,1
1610,486,1
1609,486,1
1608,486,1
1607,486,1
1606,486,1
1606,487,1
1605,487,1
1604,487,1
1603,487,1
1602,488,1
1601,488,1
1600,488,1
1599,488,1
1598,488,1
1597,489,1
1596,489,1
1595,489,1
1594,490,1
1593,490,1
1592,490,1
1591,490,1
1590,490,1
1589,491,1
1588,491,1
1587,491,1
1586,492,1
1585,492,1
1584,492,1
1583,492,1
1582,492,1
1581,493,1
1580,493,1
1579,493,1
1578,493,1
1577,494,1
1576,494,1
1575,494,1
1574,494,1
1573,495,1
1572,495,1
1571,495,1
1570,495,1
1569,496,1
1568,496,1
1567,496,1
1566,496,1
1565,496,1
1564,497,1
1563,497,1
1562,497,1
1561,498,1
1560,498,1
1559,498,1
1558,498,1
1557,498,1
1556,499,1
1555,499,1
1554,499,1
1553,499,1
1552,500,1
1551,500,1
1550,500,1
1549,500,1
1548,500,1
1547,501,1
1546,501,1
1545,501,1
1544,501,1
1543,502,1
1542,502,1
1541,502,1
1540,502,1
1539,502,1
1538,503,1
1537,503,1
1536,503,1
1535,503,1
1534,504,1
1533,504,1
1532,504,1
1531,504,1
1530,504,1
1529,505,1
1528,505,1
1527,505,1
1526,505,1
1525,506,1
1524,506,1
1523,506,1
1522,506,1
1521,506,1
1520,507,1
1519,507,1
1518,507,1
1517,507,1
1516,507,1
1515,508,1
1514,508,1
1513,508,1
1512,508,1
1511,509,1
1510,509,1
1509,509,1
1508,509,1
1507,509,1
1506,510,1
1505,510,1
1504,510,1
1503,510,1
1502,510,1
1501,511,1
1500,511,1
1499,511,1
1498,511,1
1497,512,1
1496,512,1
1495,512,1
1494,512,1
1493,512,1
1492,513,1
1491,513,1
1490,513,1
1489,513,1
1488,514,1
1487,514,1
1486,514,1
1485,514,1
1484,514,1
1483,515,1
1482,515,1
1481,515,1
1480,515,1
1479,515,1
1478,516,1
1477,516,1
1476,516,1
1475,516,1
1474,517,1
1473,517,1
1472,517,1
1471,517,1
1470,517,1
1469,518,1
1468,518,1
1467,518,1
1466,518,1
1465,519,1
1464,519,1
1463,519,1
1462,519,1
1461,519,1
1460,520,1
1459,520,1
1458,520,1
1457,520,1
1456,521,1
1455,521,1
1454,521,1
1453,521,1
1452,521,1
1451,522,1
1450,522,1
1449,522,1
1448,522,1
1447,522,1
1446,523,1
1445,523,1
1444,523,1
1443,523,1
1442,524,1
1441,524,1
1440,524,1
1439,524,1
1438,525,1
1437,525,1
1436,525,1
1435,525,1
1434,526,1
1433,526,1
1432,526,1
1431,526,1
1430,526,1
1429,527,1
1428,527,1
1427,527,1
1426,527,1
1425,528,1
1424,528,1
1423,528,1
1422,528,1
1421,529,1
1420,529,1
1419,529,1
1418,529,1
1417,530,1
1416,530,1
1415,530,1
1414,530,1
1413,531,1
1412,531,1
1411,531,1
1410,531,1
1409,531,1
1408,532,1
1407,532,1
1406,532,1
1405,532,1
1404,533,1
1403,533,1
1402,533,1
1401,533,1
1400,534,1
1399,534,1
1398,534,1
1397,534,1
1396,534,1
1395,535,1
1394,535,1
1393,535,1
1392,536,1
1391,536,1
1390,536,1
1389,536,1
1388,536,1
1387,537,1
1386,537,1
1385,537,1
1384,537,1
1383,538,1
1382,538,1
1381,538,1
1380,538,1
1379,539,1
1378,539,1
1377,539,1
1376,539,1
1375,539,1
1374,540,1
1373,540,1
1372,540,1
1371,541,1
1370,541,1
1369,541,1
1368,541,1
1367,541,1
1366,542,1
1365,542,1
1364,542,1
1363,543,1
1362,543,1
1361,543,1
1360,543,1
1359,543,1
1358,544,1
1357,544,1
1356,544,1
1355,544,1
1354,545,1
1353,545,1
1352,545,1
1351,545,1
1350,546,1
1349,546,1
1348,546,1
1347,546,1
1346,547,1
1345,547,1
1344,547,1
1343,547,1
1342,548,1
1341,548,1
1340,548,1
1339,548,1
1338,549,1
1337,549,1
1336,549,1
1335,549,1
1334,549,1
1333,550,1
1332,550,1
1331,550,1
1330,550,1
1329,551,1
1328,551,1
1327,551,1
1326,551,1
1325,552,1
1324,552,1
1323,552,1
1322,553,1
1321,553,1
1320,553,1
1319,553,1
1318,553,1
1317,554,1
1316,554,1
1315,554,1
1314,554,1
1314,555,1
1313,555,1
1312,555,1
1311,555,1
1310,556,1
1309,556,1
1308,556,1
1307,556,1
1306,557,1
1305,557,1
1304,557,1
1303,557,1
1302,558,1
1301,558,1
1300,558,1
1299,558,1
1298,559,1
1297,559,1
1296,559,1
1295,559,1
1294,560,1
1293,560,1
1292,560,1
1291,561,1
1290,561,1
1289,561,1
1288,561,1
1287,561,1
1286,562,1
1285,562,1
1284,562,1
1283,562,1
1282,563,1
1281,563,1
1280,563,1
1279,564,1
1278,564,1
1277,564,1
1276,564,1
1275,565,1
1274,565,1
1273,565,1
1272,565,1
1272,566,1
1271,566,1
1270,566,1
1269,566,1
1268,567,1
1267,567,1
1266,567,1
1265,567,1
1264,568,1
1263,568,1
1262,568,1
1261,568,1
1260,569,1
1259,569,1
1258,569,1
1257,570,1
1256,570,1
1255,570,1
1254,570,1
1253,571,1
1252,571,1
1251,571,1
1250,571,1
1249,572,1
1248,572,1
1247,572,1
1246,573,1
1245,573,1
1244,573,1
1243,573,1
1242,574,1
1241,574,1
1240,574,1
1239,574,1
1238,575,1
1237,575,1
1236,575,1
1235,575,1
1234,576,1
1233,576,1
1232,576,1
1231,577,1
1230,577,1
1229,577,1
1228,577,1
1228,578,1
1227,578,1
1226,578,1
1225,578,1
1224,579,1
1223,579,1
1222,579,1
1221,579,1
1220,580,1
1219,580,1
1218,580,1
1217,580,1
1216,581,1
1215,581,1
1214,581,1
1213,581,1
1212,582,1
1211,582,1
1210,582,1
1209,583,1
1208,583,1
1207,583,1
1206,583,1
1205,584,1
1204,584,1
1203,584,1
1202,584,1
1201,585,1
1200,585,1
1199,585,1
1198,585,1
1198,586,1
1197,586,1
1196,586,1
1195,586,1
1194,587,1
1193,587,1
1192,587,1
1191,588,1
1190,588,1
1189,588,1
1188,588,1
1187,589,1
1186,589,1
1185,589,1
1184,589,1
1183,590,1
1182,590,1
1181,590,1
1180,590,1
1179,591,1
1178,591,1
1177,591,1
1176,591,1
1175,592,1
1174,592,1
1173,592,1
1172,593,1
1171,593,1
1170,593,1
1169,593,1
1168,594,1
1167,594,1
1166,594,1
1165,594,1
1164,595,1
1163,595,1
1162,595,1
1161,596,1
1160,596,1
1159,596,1
1158,596,1
1157,596,1
1156,597,1
1155,597,1
1154,597,1
1153,597,1
1152,598,1
1151,598,1
1150,598,1
1149,599,1
1148,599,1
1147,599,1
1146,599,1
1145,599,1
1144,600,1
1143,600,1
1142,600,1
1141,601,1
1140,601,1
1139,601,1
1138,601,1
1137,602,1
1136,602,1
1135,602,1
1134,602,1
1133,602,1
1133,603,1
1132,603,1
1131,603,1
1130,603,1
1129,604,1
1128,604,1
1127,604,1
1126,604,1
1125,605,1
1124,605,1
1123,605,1
1122,605,1
1121,606,1
1120,606,1
1119,606,1
1118,606,1
1117,607,1
1116,607,1
1115,607,1
1114,607,1
1113,608,1
1112,608,1
1111,608,1
1110,608,1
1110,609,1
1109,609,1
1108,609,1
1107,609,1
1106,610,1
1105,610,1
1104,610,1
1103,610,1
1102,610,1
1101,611,1
1100,611,1
1099,611,1
1098,611,1
1097,612,1
1096,612,1
1095,612,1
1094,613,1
1093,613,1
1092,613,1
1091,613,1
1090,613,1
1089,614,1
1088,614,1
1087,614,1
1086,614,1
1085,615,1
1084,615,1
1083,615,1
1082,615,1
1081,616,1
1080,616,1
1079,616,1
1078,617,1
1077,617,1
1076,617,1
1075,617,1
1074,618,1
1073,618,1
1072,618,1
1071,618,1
1070,618,1
1069,619,1
1068,619,1
1067,619,1
1066,619,1
1065,620,1
1064,620,1
1063,620,1
1062,620,1
1061,621,1
1060,621,1
1059,621,1
1058,621,1
1057,622,1
1056,622,1
1055,622,1
1054,622,1
1053,623,1
1052,623,1
1051,623,1
1050,624,1
1049,624,1
1048,624,1
1047,624,1
1046,625,1
1045,625,1
1044,625,1
1043,625,1
1042,626,1
1041,626,1
1040,626,1
1039,626,1
1038,627,1
1037,627,1
1036,627,1
1035,627,1
1034,628,1
1033,628,1
1032,628,1
1031,628,1
1030,628,1
1029,629,1
1028,629,1
1027,629,1
1026,629,1
1025,630,1
1024,630,1
1023,630,1
1022,630,1
1021,631,1
1020,631,1
1019,631,1
1018,631,1
1017,632,1
1016,632,1
1015,632,1
1014,632,1
1013,633,1
1012,633,1
1011,633,1
1010,633,1
1009,634,1
1008,634,1
1007,634,1
1006,634,1
1005,635,1
1004,635,1
1003,635,1
1002,635,1
1001,636,1
1000,636,1
999,636,1
998,636,1
997,637,1
996,637,1
995,637,1
994,637,1
993,638,1
992,638,1
991,638,1
990,638,1
989,639,1
988,639,1
987,639,1
986,639,1
985,640,1
984,640,1
983,640,1
982,640,1
981,641,1
980,641,1
979,641,1
978,641,1
977,642,1
976,642,1
975,642,1
974,642,1
973,643,1
972,643,1
971,643,1
970,643,1
970,644,1
969,644,1
968,644,1
967,644,1
966,645,1
965,645,1
964,645,1
963,645,1
962,646,1
961,646,1
960,646,1
959,646,1
958,647,1
957,647,1
956,647,1
955,647,1
954,648,1
953,648,1
952,648,1
951,648,1
950,649,1
949,649,1
948,649,1
947,650,1
946,650,1
945,650,1
944,650,1
943,651,1
942,651,1
941,651,1
940,651,1
939,651,1
938,652,1
937,652,1
936,652,1
935,652,1
934,653,1
934,652,1
935,651,0
