1967,2493,1
1968,2493,1
1969,2493,1
1970,2493,1
1971,2493,1
1972,2492,1
1973,2492,1
1984,2489,1
1985,2489,1
1986,2489,1
1987,2489,1
1988,2489,1
1989,2490,1
1990,2490,1
1991,2490,1
1992,2491,1
1993,2491,1
1994,2492,1
1995,2492,1
1996,2493,1
1997,2494,1
1998,2495,1
1999,2495,1
2000,2496,1
2001,2496,1
2002,2497,1
2002,2498,1
2003,2498,1
2004,2499,1
2005,2499,1
2005,2500,1
2006,2501,1
2007,2501,1
2007,2502,1
2008,2503,1
2009,2503,1
2017,2514,1
2017,2515,1
2018,2516,1
2018,2517,1
2019,2518,1
2020,2519,1
2020,2520,1
2021,2521,1
2021,2522,1
2021,2523,1
2022,2523,1
2022,2524,1
2023,2525,1
2023,2526,1
2023,2527,1
2024,2528,1
2024,2529,1
2024,2530,1
2025,2531,1
2025,2532,1
2025,2533,1
2025,2534,1
2027,2557,1
2027,2558,1
2027,2559,1
2027,2560,1
2027,2561,1
2027,2562,1
2027,2563,1
2027,2564,1
2027,2565,1
2027,2566,1
2027,2567,1
2027,2568,1
2027,2569,1
2027,2570,1
2026,2571,1
2026,2572,1
2026,2573,1
2026,2574,1
2026,2575,1
2026,2576,1
2026,2577,1
2026,2578,1
2026,2579,1
2026,2580,1
2026,2581,1
2026,2582,1
2026,2583,1
2026,2584,1
2026,2585,1
2026,2586,1
2026,2587,1
2026,2588,1
2026,2589,1
2026,2590,1
2026,2591,1
2027,2592,1
2027,2593,1
2027,2594,1
2027,2595,1
2027,2596,1
2027,2597,1
2027,2598,1
2027,2599,1
2027,2600,1
2027,2601,1
2027,2602,1
2027,2603,1
2027,2604,1
2027,2605,1
2028,2606,1
2028,2607,1
2028,2608,1
2028,2609,1
2028,2610,1
2028,2611,1
2028,2612,1
2028,2613,1
2029,2614,1
2029,2615,1
2029,2616,1
2029,2617,1
2029,2618,1
2029,2619,1
2030,2620,1
2030,2621,1
2030,2622,1
2030,2623,1
2030,2624,1
2030,2625,1
2031,2626,1
2031,2627,1
2031,2628,1
2031,2629,1
2031,2630,1
2031,2631,1
2032,2631,1
2032,2632,1
2032,2633,1
2032,2634,1
2032,2635,1
2032,2636,1
2032,2637,1
2033,2637,1
2033,2638,1
2033,2639,1
2033,2640,1
2033,2641,1
2033,2642,1
2034,2642,1
2034,2643,1
2034,2644,1
2034,2645,1
2034,2646,1
2034,2647,1
2035,2648,1
2035,2649,1
2035,2650,1
2035,2651,1
2035,2652,1
2035,2653,1
2035,2654,1
2036,2655,1
2036,2656,1
2036,2657,1
2036,2658,1
2036,2659,1
2036,2660,1
2036,2661,1
2036,2662,1
2036,2663,1
2036,2664,1
2036,2665,1
2036,2666,1
2036,2667,1
2036,2668,1
2036,2669,1
2037,2670,1
2037,2671,1
2037,2672,1
2037,2673,1
2037,2674,1
2036,2675,1
2036,2676,1
2036,2677,1
2036,2678,1
2036,2679,1
2036,2680,1
2036,2681,1
2036,2682,1
2036,2683,1
2036,2684,1
2035,2685,1
2035,2686,1
2035,2687,1
2035,2688,1
2035,2689,1
2034,2690,1
2034,2691,1
2034,2692,1
2034,2693,1
2033,2694,1
2033,2695,1
2033,2696,1
2033,2697,1
2032,2698,1
2032,2699,1
2032,2700,1
2031,2700,1
2031,2701,1
2031,2702,1
2030,2703,1
2030,2704,1
2030,2705,1
2029,2705,1
2029,2706,1
2029,2707,1
2028,2707,1
2028,2708,1
2027,2709,1
2027,2710,1
2027,2711,1
2026,2711,1
2026,2712,1
2026,2713,1
2025,2713,1
2025,2714,1
2024,2714,1
2024,2715,1
2023,2716,1
2023,2717,1
2022,2718,1
2022,2719,1
2021,2719,1
2021,2720,1
2020,2720,1
2020,2721,1
2019,2722,1
2018,2723,1
2018,2724,1
2017,2724,1
2017,2725,1
2016,2725,1
2016,2726,1
2015,2726,1
2015,2727,1
2014,2728,1
2013,2729,1
2012,2730,1
2011,2730,1
2011,2731,1
2010,2732,1
2009,2733,1
2008,2733,1
2008,2734,1
2007,2734,1
2007,2735,1
2006,2735,1
2005,2736,1
2004,2737,1
2003,2737,1
2003,2738,1
2002,2738,1
2002,2739,1
2001,2739,1
2000,2740,1
1999,2740,1
1999,2741,1
1998,2741,1
1997,2742,1
1996,2742,1
1995,2743,1
1994,2743,1
1994,2744,1
1993,2744,1
1992,2744,1
1992,2745,1
1991,2745,1
1990,2746,1
1989,2746,1
1988,2746,1
1988,2747,1
1987,2747,1
1986,2747,1
1986,2748,1
1985,2748,1
1984,2748,1
1983,2749,1
1982,2749,1
1981,2749,1
1980,2750,1
1979,2750,1
1978,2750,1
1978,2751,1
1977,2751,1
1976,2751,1
1975,2751,1
1974,2751,1
1974,2752,1
1973,2752,1
1972,2752,1
1971,2752,1
1970,2752,1
1969,2753,1
1968,2753,1
1967,2753,1
1966,2753,1
1965,2753,1
1964,2753,1
1963,2753,1
1962,2753,1
1961,2753,1
1960,2753,1
1960,2754,1
1959,2754,1
1959,2755,1
1958,2755,1
1958,2756,1
1957,2757,1
1956,2758,1
1956,2759,1
1955,2759,1
1955,2760,1
1954,2760,1
1954,2761,1
1953,2761,1
1953,2762,1
1952,2762,1
1952,2763,1
1951,2764,1
1951,2765,1
1950,2765,1
1950,2766,1
1949,2766,1
1949,2767,1
1949,2768,1
1949,2769,1
1949,2770,1
1948,2770,1
1948,2771,1
1948,2772,1
1948,2773,1
1947,2774,1
1947,2775,1
1947,2776,1
1946,2777,1
1946,2778,1
1946,2779,1
1945,2780,1
1945,2781,1
1945,2782,1
1944,2783,1
1944,2784,1
1943,2785,1
1943,2786,1
1943,2787,1
1942,2787,1
1942,2788,1
1942,2789,1
1941,2789,1
1941,2790,1
1941,2791,1
1940,2792,1
1940,2793,1
1939,2793,1
1939,2794,1
1939,2795,1
1938,2795,1
1938,2796,1
1937,2797,1
1937,2798,1
1937,2799,1
1936,2799,1
1936,2800,1
1935,2801,1
1935,2802,1
1934,2803,1
1934,2804,1
1933,2804,1
1933,2805,1
1933,2806,1
1932,2806,1
1932,2807,1
1931,2808,1
1931,2809,1
1930,2810,1
1929,2811,1
1929,2812,1
1928,2813,1
1928,2814,1
1927,2815,1
1927,2816,1
1926,2816,1
1926,2817,1
1925,2818,1
1925,2819,1
1924,2820,1
1923,2821,1
1923,2822,1
1922,2822,1
1922,2823,1
1921,2824,1
1921,2825,1
1920,2825,1
1920,2826,1
1919,2827,1
1918,2828,1
1917,2829,1
1917,2830,1
1916,2830,1
1916,2831,1
1915,2831,1
1914,2832,1
1913,2833,1
1912,2834,1
1911,2834,1
1911,2835,1
1910,2835,1
1910,2836,1
1909,2836,1
1908,2837,1
1907,2837,1
1907,2838,1
1906,2838,1
1905,2838,1
1905,2839,1
1904,2839,1
1903,2840,1
1902,2840,1
1901,2841,1
1900,2841,1
1899,2841,1
1898,2842,1
1897,2842,1
1896,2843,1
1895,2843,1
1894,2843,1
1893,2844,1
1892,2844,1
1891,2844,1
1890,2844,1
1889,2845,1
1888,2845,1
1887,2845,1
1886,2845,1
1885,2845,1
1884,2846,1
1883,2846,1
1882,2846,1
1881,2846,1
1880,2846,1
1879,2846,1
1878,2846,1
1877,2846,1
1876,2846,1
1875,2846,1
1874,2846,1
1873,2846,1
1872,2846,1
1871,2846,1
1870,2846,1
1869,2846,1
1868,2846,1
1867,2846,1
1866,2846,1
1865,2846,1
1864,2846,1
1863,2846,1
1862,2846,1
1861,2846,1
1860,2846,1
1859,2846,1
1858,2846,1
1857,2846,1
1856,2846,1
1855,2846,1
1854,2846,1
1853,2845,1
1852,2845,1
1851,2845,1
1850,2845,1
1849,2845,1
1848,2845,1
1847,2845,1
1846,2845,1
1846,2844,1
1845,2844,1
1844,2844,1
1843,2844,1
1842,2844,1
1841,2843,1
1840,2843,1
1839,2843,1
1838,2843,1
1837,2843,1
1837,2842,1
1836,2842,1
1835,2842,1
1834,2842,1
1833,2842,1
1833,2841,1
1832,2841,1
1831,2841,1
1830,2841,1
1829,2840,1
1828,2840,1
1827,2840,1
1826,2839,1
1825,2839,1
1824,2838,1
1823,2838,1
1822,2838,1
1822,2837,1
1821,2837,1
1820,2837,1
1819,2837,1
1819,2836,1
1818,2836,1
1817,2836,1
1816,2835,1
1815,2835,1
1814,2834,1
1813,2834,1
1813,2833,1
1812,2833,1
1811,2833,1
1810,2832,1
1809,2832,1
1808,2831,1
1807,2831,1
1806,2830,1
1805,2830,1
1805,2829,1
1804,2829,1
1803,2828,1
1802,2828,1
1801,2827,1
1800,2827,1
1800,2826,1
1799,2826,1
1798,2825,1
1797,2824,1
1796,2824,1
1795,2823,1
1794,2822,1
1793,2822,1
1793,2821,1
1792,2821,1
1791,2820,1
1790,2819,1
1789,2818,1
1788,2818,1
1788,2817,1
1787,2817,1
1787,2816,1
1786,2816,1
1785,2815,1
1784,2814,1
1783,2813,1
1782,2813,1
1782,2812,1
1781,2812,1
1781,2811,1
1780,2810,1
1779,2809,1
1778,2808,1
1777,2808,1
1777,2807,1
1776,2807,1
1776,2806,1
1775,2806,1
1775,2805,1
1774,2804,1
1773,2803,1
1772,2802,1
1772,2801,1
1771,2801,1
1771,2800,1
1770,2799,1
1769,2798,1
1769,2797,1
1768,2796,1
1768,2795,1
1767,2795,1
1767,2794,1
1767,2793,1
1766,2793,1
1766,2792,1
1766,2791,1
1765,2790,1
1764,2789,1
1764,2788,1
1764,2787,1
1763,2786,1
1763,2785,1
1763,2784,1
1763,2783,1
1762,2782,1
1762,2781,1
1762,2780,1
1762,2779,1
1762,2778,1
1761,2777,1
1761,2776,1
1761,2775,1
1761,2774,1
1761,2773,1
1761,2772,1
1761,2771,1
1761,2770,1
1761,2769,1
1762,2768,1
1762,2767,1
1762,2766,1
1762,2765,1
1762,2764,1
1762,2763,1
1763,2762,1
1763,2761,1
1763,2760,1
1763,2759,1
1764,2759,1
1764,2758,1
1764,2757,1
1765,2756,1
1765,2755,1
1766,2754,1
1766,2753,1
1766,2752,1
1767,2751,1
1767,2750,1
1768,2749,1
1769,2749,1
1769,2748,1
1770,2747,1
1771,2746,1
1771,2745,1
1772,2744,1
1773,2743,1
1774,2742,1
1775,2741,1
1776,2740,1
1777,2740,1
1777,2739,1
1778,2738,1
1779,2737,1
1780,2737,1
1781,2736,1
1782,2735,1
1783,2734,1
1784,2733,1
1785,2733,1
1786,2732,1
1787,2731,1
1788,2731,1
1789,2730,1
1790,2730,1
1791,2730,1
1792,2729,1
1793,2729,1
1794,2728,1
1795,2728,1
1796,2727,1
1797,2727,1
1798,2727,1
1799,2727,1
1800,2727,1
2065,2686,0
2300,2607,1
2301,2607,1
2302,2607,1
2303,2607,1
2304,2607,1
2305,2607,1
2306,2606,1
2307,2605,1
2308,2604,1
2309,2604,1
2310,2604,1
2310,2603,1
2311,2603,1
2312,2603,1
2313,2603,1
2314,2602,1
2315,2602,1
2316,2602,1
2317,2601,1
2318,2601,1
2319,2600,1
2320,2600,1
2321,2600,1
2322,2599,1
2323,2599,1
2324,2599,1
2325,2599,1
2326,2598,1
2327,2598,1
2328,2598,1
2329,2598,1
2330,2598,1
2331,2598,1
2332,2597,1
2333,2597,1
2334,2597,1
2335,2597,1
2335,2596,1
2336,2596,1
2337,2596,1
2338,2596,1
2339,2595,1
2340,2595,1
2341,2595,1
2342,2595,1
2343,2595,1
2344,2595,1
2345,2594,1
2346,2594,1
2347,2594,1
2348,2593,1
2349,2593,1
2350,2593,1
2351,2593,1
2352,2592,1
2353,2592,1
2354,2592,1
2355,2592,1
2356,2592,1
2357,2591,1
2358,2591,1
2359,2591,1
2360,2591,1
2361,2591,1
2362,2590,1
2363,2590,1
2364,2590,1
2365,2590,1
2366,2589,1
2367,2589,1
2368,2589,1
2369,2589,1
2370,2588,1
2371,2588,1
2372,2587,1
2373,2587,1
2374,2587,1
2375,2587,1
2376,2587,1
2377,2586,1
2378,2586,1
2379,2586,1
2380,2586,1
2381,2585,1
2382,2585,1
2383,2585,1
2384,2585,1
2385,2584,1
2386,2584,1
2387,2584,1
2388,2584,1
2389,2584,1
2390,2584,1
2391,2583,1
2392,2583,1
2393,2583,1
2394,2583,1
2395,2582,1
2396,2582,1
2397,2582,1
2398,2582,1
2399,2581,1
2400,2581,1
2401,2581,1
2402,2581,1
2403,2580,1
2404,2580,1
2405,2580,1
2406,2580,1
2407,2579,1
2408,2579,1
2409,2579,1
2410,2579,1
2411,2578,1
2412,2578,1
2413,2578,1
2414,2578,1
2415,2577,1
2416,2577,1
2417,2577,1
2418,2577,1
2419,2577,1
2420,2576,1
2421,2576,1
2422,2576,1
2423,2576,1
2424,2575,1
2425,2575,1
2426,2575,1
2427,2574,1
2428,2574,1
2429,2573,1
2430,2572,1
2431,2572,1
2431,2571,1
2432,2571,1
2433,2571,1
2433,2570,1
2433,2569,1
2433,2568,1
2433,2567,1
2466,2604,0
2547,2547,1
2547,2548,1
2547,2549,1
2547,2550,1
2547,2551,1
2547,2552,1
2547,2553,1
2547,2554,1
2547,2555,1
2547,2556,1
2547,2557,1
2547,2558,1
2547,2559,1
2548,2560,1
2548,2561,1
2548,2562,1
2549,2563,1
2549,2564,1
2549,2565,1
2549,2566,1
2550,2567,1
2550,2568,1
2550,2569,1
2550,2570,1
2551,2571,1
2551,2572,1
2551,2573,1
2552,2573,1
2552,2574,1
2552,2575,1
2553,2576,1
2553,2577,1
2553,2578,1
2553,2579,1
2553,2580,1
2554,2581,1
2554,2582,1
2554,2583,1
2554,2584,1
2555,2585,1
2555,2586,1
2555,2587,1
2556,2588,1
2556,2589,1
2556,2590,1
2557,2591,1
2557,2592,1
2557,2593,1
2557,2594,1
2557,2595,1
2558,2596,1
2558,2597,1
2558,2598,1
2559,2599,1
2559,2600,1
2559,2601,1
2559,2602,1
2560,2603,1
2560,2604,1
2560,2605,1
2560,2606,1
2560,2607,1
2561,2608,1
2561,2609,1
2561,2610,1
2562,2611,1
2562,2612,1
2562,2613,1
2562,2614,1
2563,2615,1
2563,2616,1
2563,2617,1
2563,2618,1
2564,2619,1
2564,2620,1
2564,2621,1
2564,2622,1
2564,2623,1
2565,2624,1
2565,2625,1
2566,2626,1
2566,2627,1
2566,2628,1
2566,2629,1
2566,2630,1
2567,2631,1
2567,2632,1
2567,2633,1
2567,2634,1
2568,2635,1
2568,2636,1
2568,2637,1
2568,2638,1
2569,2639,1
2569,2640,1
2569,2641,1
2569,2642,1
2570,2642,1
2570,2643,1
2570,2644,1
2570,2645,1
2570,2646,1
2571,2647,1
2571,2648,1
2571,2649,1
2571,2650,1
2572,2651,1
2572,2652,1
2572,2653,1
2572,2654,1
2573,2655,1
2573,2656,1
2573,2657,1
2574,2658,1
2574,2659,1
2574,2660,1
2574,2661,1
2574,2662,1
2575,2663,1
2575,2664,1
2575,2665,1
2575,2666,1
2576,2667,1
2576,2668,1
2576,2669,1
2576,2670,1
2577,2671,1
2577,2672,1
2577,2673,1
2577,2674,1
2578,2674,1
2578,2675,1
2578,2676,1
2578,2677,1
2578,2678,1
2579,2679,1
2579,2680,1
2579,2681,1
2579,2682,1
2580,2683,1
2580,2684,1
2580,2685,1
2580,2686,1
2581,2687,1
2581,2688,1
2581,2689,1
2581,2690,1
2582,2691,1
2582,2692,1
2582,2693,1
2583,2694,1
2583,2695,1
2583,2696,1
2583,2697,1
2584,2698,1
2584,2699,1
2584,2700,1
2584,2701,1
2585,2702,1
2585,2703,1
2585,2704,1
2585,2705,1
2586,2706,1
2586,2707,1
2586,2708,1
2586,2709,1
2587,2710,1
2587,2711,1
2587,2712,1
2587,2713,1
2588,2714,1
2588,2715,1
2588,2716,1
2588,2717,1
2589,2718,1
2589,2719,1
2589,2720,1
2589,2721,1
2589,2722,1
2590,2723,1
2590,2724,1
2590,2725,1
2591,2726,1
2591,2727,1
2591,2728,1
2591,2729,1
2592,2730,1
2592,2731,1
2592,2732,1
2592,2733,1
2592,2734,1
2593,2735,1
2593,2736,1
2593,2737,1
2593,2738,1
2594,2738,1
2594,2739,1
2594,2740,1
2594,2741,1
2595,2742,1
2595,2743,1
2595,2744,1
2595,2745,1
2596,2746,1
2596,2747,1
2596,2748,1
2596,2749,1
2596,2750,1
2597,2751,1
2597,2752,1
2597,2753,1
2597,2754,1
2598,2755,1
2598,2756,1
2598,2757,1
2599,2758,1
2599,2759,1
2599,2760,1
2599,2761,1
2599,2762,1
2600,2763,1
2600,2764,1
2600,2765,1
2600,2766,1
2601,2767,1
2601,2768,1
2601,2769,1
2601,2770,1
2602,2770,1
2602,2771,1
2602,2772,1
2602,2773,1
2602,2774,1
2603,2775,1
2603,2776,1
2603,2777,1
2603,2778,1
2604,2779,1
2604,2780,1
2604,2781,1
2604,2782,1
2605,2783,1
2605,2784,1
2605,2785,1
2606,2786,1
2606,2787,1
2606,2788,1
2606,2789,1
2606,2790,1
2607,2791,1
2607,2792,1
2607,2793,1
2607,2794,1
2608,2795,1
2608,2796,1
2608,2797,1
2608,2798,1
2608,2799,1
2609,2800,1
2609,2801,1
2609,2802,1
2609,2803,1
2609,2804,1
2609,2805,1
2609,2806,1
2610,2807,1
2610,2808,1
2610,2809,1
2611,2809,1
2611,2810,1
2612,2810,1
2613,2810,1
2613,2809,1
2613,2808,1
2613,2807,1
2706,2549,0
2753,2480,1
2752,2479,1
2752,2478,1
2751,2478,1
2750,2477,1
2750,2476,1
2749,2475,1
2749,2474,1
2749,2473,1
2748,2473,1
2748,2472,1
2747,2472,1
2747,2471,1
2746,2471,1
2746,2470,1
2745,2469,1
2745,2468,1
2744,2467,1
2744,2466,1
2744,2465,1
2744,2464,1
2744,2463,1
2744,2462,1
2744,2461,1
2744,2460,1
2744,2459,1
2744,2458,1
2745,2457,1
2745,2456,1
2745,2455,1
2746,2454,1
2746,2453,1
2747,2452,1
2747,2451,1
2748,2450,1
2748,2449,1
2749,2449,1
2749,2448,1
2750,2447,1
2751,2447,1
2751,2446,1
2752,2446,1
2753,2445,1
2754,2444,1
2755,2444,1
2755,2443,1
2756,2443,1
2757,2442,1
2757,2441,1
2758,2441,1
2759,2440,1
2760,2440,1
2761,2439,1
2762,2439,1
2762,2438,1
2763,2438,1
2764,2437,1
2765,2437,1
2766,2436,1
2767,2436,1
2768,2436,1
2769,2435,1
2770,2435,1
2771,2434,1
2772,2434,1
2772,2433,1
2773,2433,1
2774,2433,1
2775,2432,1
2776,2432,1
2777,2432,1
2777,2431,1
2778,2431,1
2779,2431,1
2780,2431,1
2781,2430,1
2782,2430,1
2783,2429,1
2784,2429,1
2785,2429,1
2786,2429,1
2787,2429,1
2788,2428,1
2789,2428,1
2790,2428,1
2791,2427,1
2792,2427,1
2793,2427,1
2794,2427,1
2795,2426,1
2796,2426,1
2797,2426,1
2798,2425,1
2799,2425,1
2800,2425,1
2801,2425,1
2802,2424,1
2803,2424,1
2804,2424,1
2805,2424,1
2806,2423,1
2807,2423,1
2808,2423,1
2809,2422,1
2810,2422,1
2811,2422,1
2812,2422,1
2813,2421,1
2814,2421,1
2815,2421,1
2816,2421,1
2817,2420,1
2818,2420,1
2819,2420,1
2820,2419,1
2821,2419,1
2822,2419,1
2823,2419,1
2824,2418,1
2825,2418,1
2826,2418,1
2827,2417,1
2828,2417,1
2829,2417,1
2830,2417,1
2831,2417,1
2832,2416,1
2833,2416,1
2834,2416,1
2835,2416,1
2836,2415,1
2837,2415,1
2838,2415,1
2839,2415,1
2840,2415,1
2841,2414,1
2842,2414,1
2843,2414,1
2844,2414,1
2845,2414,1
2846,2414,1
2847,2413,1
2848,2413,1
2849,2413,1
2850,2413,1
2851,2413,1
2852,2412,1
2853,2412,1
2854,2412,1
2855,2412,1
2856,2412,1
2857,2412,1
2858,2412,1
2859,2412,1
2860,2411,1
2861,2411,1
2862,2411,1
2863,2411,1
2864,2411,1
2865,2411,1
2866,2411,1
2867,2411,1
2868,2411,1
2869,2411,1
2870,2411,1
2871,2411,1
2872,2411,1
2873,2411,1
2874,2411,1
2875,2411,1
2876,2411,1
2877,2411,1
2878,2411,1
2879,2411,1
2880,2411,1
2881,2411,1
2882,2411,1
2883,2411,1
2884,2411,1
2885,2411,1
2886,2411,1
2887,2411,1
2888,2411,1
2889,2411,1
2890,2411,1
2891,2411,1
2892,2412,1
2893,2412,1
2894,2412,1
2895,2412,1
2896,2412,1
2897,2412,1
2898,2412,1
2899,2412,1
2900,2412,1
2900,2413,1
2901,2413,1
2902,2413,1
2903,2413,1
2904,2413,1
2905,2413,1
2906,2413,1
2906,2414,1
2907,2414,1
2908,2414,1
2909,2414,1
2910,2414,1
2911,2415,1
2912,2415,1
2913,2415,1
2914,2415,1
2915,2416,1
2916,2416,1
2917,2416,1
2918,2416,1
2919,2417,1
2920,2417,1
2921,2417,1
2922,2418,1
2923,2418,1
2924,2418,1
2925,2419,1
2926,2419,1
2927,2419,1
2927,2420,1
2928,2420,1
2929,2420,1
2930,2420,1
2930,2421,1
2931,2421,1
2932,2421,1
2933,2422,1
2934,2422,1
2935,2422,1
2936,2423,1
2937,2423,1
2938,2424,1
2939,2424,1
2940,2425,1
2941,2425,1
2941,2426,1
2942,2426,1
2943,2426,1
2944,2427,1
2945,2427,1
2946,2428,1
2947,2429,1
2948,2429,1
2949,2430,1
2950,2430,1
2950,2431,1
2951,2431,1
2952,2431,1
2952,2432,1
2953,2432,1
2954,2433,1
2955,2434,1
2956,2434,1
2957,2435,1
2958,2435,1
2958,2436,1
2959,2436,1
2959,2437,1
2960,2437,1
2961,2438,1
2962,2439,1
2963,2439,1
2963,2440,1
2964,2440,1
2964,2441,1
2965,2441,1
2966,2442,1
2967,2443,1
2968,2444,1
2969,2444,1
2969,2445,1
2970,2445,1
2970,2446,1
2971,2446,1
2971,2447,1
2972,2447,1
2972,2448,1
2973,2448,1
2974,2449,1
2974,2450,1
2975,2450,1
2975,2451,1
2976,2451,1
2976,2452,1
2977,2452,1
2977,2453,1
2978,2453,1
2978,2454,1
2979,2455,1
2980,2456,1
2981,2457,1
2982,2458,1
2982,2459,1
2983,2459,1
2983,2460,1
2984,2460,1
2984,2461,1
2985,2462,1
2986,2463,1
2987,2464,1
2987,2465,1
2988,2465,1
2988,2466,1
2988,2467,1
2989,2467,1
2989,2468,1
2990,2468,1
2990,2469,1
2991,2470,1
2991,2471,1
2992,2471,1
2992,2472,1
2993,2473,1
2993,2474,1
2994,2474,1
2994,2475,1
2995,2476,1
2995,2477,1
2996,2478,1
2996,2479,1
2997,2479,1
2997,2480,1
2997,2481,1
2998,2481,1
2998,2482,1
2999,2483,1
2999,2484,1
3000,2485,1
3000,2486,1
3001,2487,1
3001,2488,1
3002,2489,1
3002,2490,1
3002,2491,1
3003,2491,1
3003,2492,1
3003,2493,1
3004,2494,1
3004,2495,1
3004,2496,1
3004,2497,1
3005,2497,1
3005,2498,1
3005,2499,1
3006,2500,1
3006,2501,1
3006,2502,1
3007,2503,1
3007,2504,1
3007,2505,1
3007,2506,1
3008,2506,1
3008,2507,1
3008,2508,1
3009,2509,1
3009,2510,1
3009,2511,1
3010,2511,1
3010,2512,1
3010,2513,1
3011,2513,1
3011,2514,1
3011,2515,1
3012,2515,1
3012,2516,1
3012,2517,1
3013,2517,1
3014,2517,1
3014,2518,1
3015,2518,1
3016,2518,1
3016,2519,1
3017,2519,1
3018,2519,1
3018,2520,1
3019,2520,1
3020,2520,1
3020,2521,1
3021,2521,1
3022,2521,1
3022,2522,1
3023,2522,1
3024,2522,1
3024,2523,1
3025,2523,1
3026,2523,1
3026,2524,1
3027,2524,1
3028,2524,1
3028,2525,1
3029,2525,1
3030,2525,1
3030,2526,1
3031,2526,1
3032,2526,1
3032,2527,1
3033,2527,1
3034,2527,1
3034,2528,1
3035,2528,1
3036,2528,1
3036,2529,1
3037,2529,1
3038,2529,1
3039,2530,1
3040,2530,1
3041,2531,1
3042,2531,1
3043,2532,1
3044,2532,1
3045,2533,1
3046,2533,1
3047,2534,1
3048,2534,1
3049,2535,1
3050,2535,1
3051,2536,1
3052,2536,1
3053,2536,1
3053,2537,1
3054,2537,1
3055,2537,1
3055,2538,1
3056,2538,1
3057,2538,1
3057,2539,1
3058,2539,1
3059,2539,1
3059,2540,1
3060,2540,1
3061,2540,1
3062,2541,1
3063,2541,1
3064,2542,1
3065,2542,1
3066,2542,1
3066,2543,1
3067,2543,1
3068,2543,1
3068,2544,1
3069,2544,1
3070,2544,1
3070,2545,1
3071,2545,1
3072,2545,1
3073,2546,1
3074,2546,1
3075,2546,1
3075,2547,1
3076,2547,1
3077,2547,1
3077,2548,1
3078,2548,1
3079,2548,1
3080,2549,1
3081,2549,1
3082,2549,1
3082,2550,1
3083,2550,1
3084,2550,1
3084,2551,1
3085,2551,1
3086,2551,1
3087,2552,1
3088,2552,1
3089,2552,1
3090,2553,1
3091,2553,1
3092,2553,1
3092,2554,1
3093,2554,1
3094,2554,1
3095,2555,1
3096,2555,1
3097,2555,1
3097,2556,1
3098,2556,1
3099,2556,1
3100,2556,1
3100,2557,1
3101,2557,1
3102,2557,1
3103,2558,1
3104,2558,1
3105,2558,1
3106,2559,1
3107,2559,1
3108,2559,1
3108,2560,1
3109,2560,1
3110,2560,1
3111,2560,1
3111,2561,1
3112,2561,1
3113,2561,1
3114,2562,1
3115,2562,1
3116,2562,1
3117,2563,1
3118,2563,1
3119,2563,1
3120,2564,1
3121,2564,1
3122,2564,1
3123,2565,1
3124,2565,1
3125,2565,1
3126,2566,1
3127,2566,1
3128,2566,1
3129,2567,1
3130,2567,1
3131,2567,1
3132,2567,1
3132,2568,1
3133,2568,1
3134,2568,1
3135,2568,1
3136,2569,1
3137,2569,1
3138,2569,1
3139,2569,1
3139,2570,1
3140,2570,1
3141,2570,1
3142,2570,1
3143,2570,1
3143,2571,1
3144,2571,1
3145,2571,1
3146,2571,1
3147,2571,1
3147,2572,1
3148,2572,1
3149,2572,1
3150,2572,1
3151,2572,1
3151,2573,1
3152,2573,1
3153,2573,1
3154,2573,1
3155,2573,1
3155,2574,1
3156,2574,1
3157,2574,1
3158,2574,1
3159,2575,1
3160,2575,1
3161,2575,1
3162,2575,1
3162,2576,1
3163,2576,1
3164,2576,1
3165,2576,1
3166,2577,1
3167,2577,1
3168,2577,1
3169,2577,1
3169,2578,1
3170,2578,1
3171,2578,1
3172,2579,1
3173,2579,1
3174,2579,1
3175,2580,1
3176,2580,1
3177,2580,1
3177,2581,1
3178,2581,1
3179,2581,1
3180,2581,1
3180,2582,1
3181,2582,1
3182,2582,1
3183,2583,1
3184,2583,1
3185,2583,1
3185,2584,1
3186,2584,1
3187,2584,1
3188,2584,1
3188,2585,1
3189,2585,1
3190,2585,1
3190,2586,1
3191,2586,1
3192,2586,1
3193,2587,1
3194,2587,1
3195,2587,1
3195,2588,1
3196,2588,1
3197,2588,1
3198,2589,1
3199,2589,1
3200,2590,1
3201,2590,1
3202,2590,1
3202,2591,1
3203,2591,1
3204,2591,1
3204,2592,1
3205,2592,1
3206,2592,1
3207,2593,1
3208,2593,1
3209,2594,1
3210,2594,1
3211,2594,1
3211,2595,1
3212,2595,1
3213,2595,1
3213,2596,1
3214,2596,1
3215,2596,1
3215,2597,1
3216,2597,1
3217,2597,1
3218,2598,1
3219,2598,1
3220,2598,1
3220,2599,1
3221,2599,1
3222,2599,1
3222,2600,1
3223,2600,1
3224,2600,1
3224,2601,1
3225,2601,1
3226,2601,1
3226,2602,1
3227,2602,1
3228,2602,1
3229,2602,1
3229,2603,1
3230,2603,1
3231,2603,1
3231,2604,1
3232,2604,1
3233,2604,1
3234,2604,1
3235,2604,1
3236,2604,1
3236,2603,1
3237,2603,1
3238,2603,1
3238,2602,1
3239,2602,1
3240,2602,1
3240,2601,1
3241,2601,1
3241,2600,1
3242,2600,1
3243,2599,1
3244,2598,1
3245,2598,1
3245,2597,1
3246,2597,1
3246,2596,1
3247,2596,1
3247,2595,1
3248,2595,1
3248,2594,1
3249,2594,1
3249,2593,1
3250,2593,1
3250,2592,1
3251,2592,1
3252,2591,1
3253,2590,1
3254,2590,1
3254,2589,1
3255,2588,1
3256,2588,1
3256,2587,1
3257,2587,1
3258,2586,1
3259,2586,1
3259,2585,1
3260,2585,1
3260,2584,1
3261,2584,1
3262,2583,1
3263,2583,1
3263,2582,1
3264,2582,1
3265,2581,1
3266,2581,1
3266,2580,1
3267,2580,1
3268,2579,1
3269,2579,1
3270,2578,1
3271,2578,1
3272,2577,1
3273,2577,1
3273,2576,1
3274,2576,1
3275,2576,1
3275,2575,1
3276,2575,1
3277,2575,1
3277,2574,1
3278,2574,1
3279,2573,1
3280,2573,1
3281,2573,1
3282,2572,1
3283,2572,1
3283,2571,1
3284,2571,1
3285,2571,1
3285,2570,1
3286,2570,1
3287,2570,1
3288,2569,1
3289,2569,1
3290,2568,1
3291,2568,1
3292,2568,1
3292,2567,1
3293,2567,1
3294,2567,1
3294,2566,1
3295,2566,1
3296,2566,1
3297,2565,1
3298,2565,1
3299,2565,1
3299,2564,1
3300,2564,1
3301,2564,1
3302,2563,1
3303,2563,1
3304,2562,1
3305,2562,1
3306,2562,1
3307,2561,1
3308,2561,1
3309,2561,1
3309,2560,1
3310,2560,1
3311,2560,1
3312,2560,1
3312,2559,1
3313,2559,1
3314,2559,1
3315,2559,1
3315,2558,1
3316,2558,1
3317,2558,1
3318,2558,1
3318,2557,1
3319,2557,1
3320,2557,1
3321,2557,1
3322,2556,1
3323,2556,1
3324,2556,1
3325,2556,1
3325,2555,1
3326,2555,1
3327,2555,1
3328,2555,1
3329,2555,1
3330,2554,1
3331,2554,1
3332,2554,1
3333,2554,1
3334,2554,1
3335,2554,1
3336,2553,1
3337,2553,1
3338,2553,1
3339,2553,1
3340,2553,1
3341,2553,1
3342,2553,1
3343,2553,1
3344,2553,1
3345,2554,1
3346,2554,1
3347,2554,1
3348,2554,1
3349,2554,1
3349,2555,1
3350,2555,1
3351,2555,1
3352,2555,1
3352,2556,1
3353,2556,1
3354,2556,1
3355,2557,1
3356,2557,1
3357,2558,1
3358,2558,1
3358,2559,1
3359,2559,1
3359,2560,1
3360,2560,1
3361,2561,1
3362,2561,1
3362,2562,1
3363,2562,1
3363,2563,1
3364,2563,1
3364,2564,1
3365,2564,1
3365,2565,1
3366,2565,1
3366,2566,1
3367,2566,1
3367,2567,1
3368,2568,1
3368,2569,1
3369,2569,1
3369,2570,1
3370,2571,1
3370,2572,1
3371,2572,1
3371,2573,1
3372,2574,1
3372,2575,1
3373,2576,1
3373,2577,1
3374,2578,1
3374,2579,1
3375,2580,1
3375,2581,1
3375,2582,1
3376,2583,1
3376,2584,1
3377,2585,1
3377,2586,1
3377,2587,1
3378,2588,1
3378,2589,1
3379,2590,1
3379,2591,1
3379,2592,1
3379,2593,1
3380,2593,1
3380,2594,1
3380,2595,1
3381,2596,1
3381,2597,1
3381,2598,1
3382,2599,1
3382,2600,1
3382,2601,1
3383,2601,1
3383,2602,1
3383,2603,1
3383,2604,1
3384,2605,1
3384,2606,1
3384,2607,1
3385,2608,1
3385,2609,1
3386,2610,1
3386,2611,1
3386,2612,1
3387,2613,1
3387,2614,1
3387,2615,1
3388,2616,1
3388,2617,1
3388,2618,1
3389,2619,1
3389,2620,1
3389,2621,1
3390,2622,1
3390,2623,1
3390,2624,1
3391,2625,1
3391,2626,1
3392,2627,1
3392,2628,1
3392,2629,1
3393,2630,1
3393,2631,1
3393,2632,1
3394,2633,1
3394,2634,1
3394,2635,1
3395,2636,1
3395,2637,1
3395,2638,1
3396,2639,1
3396,2640,1
3396,2641,1
3397,2642,1
3397,2643,1
3397,2644,1
3398,2645,1
3398,2646,1
3398,2647,1
3399,2648,1
3399,2649,1
3400,2650,1
3400,2651,1
3400,2652,1
3401,2653,1
3401,2654,1
3401,2655,1
3402,2656,1
3402,2657,1
3402,2658,1
3402,2659,1
3403,2660,1
3403,2661,1
3403,2662,1
3404,2663,1
3404,2664,1
3405,2665,1
3405,2666,1
3405,2667,1
3406,2668,1
3406,2669,1
3406,2670,1
3407,2671,1
3407,2672,1
3408,2673,1
3408,2674,1
3408,2675,1
3409,2676,1
3409,2677,1
3409,2678,1
3410,2679,1
3410,2680,1
3410,2681,1
3411,2682,1
3412,2683,1
3412,2684,1
3412,2685,1
3413,2686,1
3413,2687,1
3413,2688,1
3414,2689,1
3414,2690,1
3415,2691,1
3416,2692,1
3416,2693,1
3417,2693,1
3417,2694,1
3418,2694,1
3418,2695,1
3419,2695,1
3419,2696,1
3420,2696,1
3420,2697,1
3420,2698,1
3420,2699,1
3420,2700,1
3572,2568,0
3740,2427,1
3740,2428,1
3740,2429,1
3740,2430,1
3740,2431,1
3740,2432,1
3740,2433,1
3740,2434,1
3740,2435,1
3741,2436,1
3741,2437,1
3742,2438,1
3742,2439,1
3743,2440,1
3743,2441,1
3743,2442,1
3743,2443,1
3744,2444,1
3744,2445,1
3744,2446,1
3744,2447,1
3744,2448,1
3744,2449,1
3744,2450,1
3745,2451,1
3745,2452,1
3745,2453,1
3745,2454,1
3746,2455,1
3746,2456,1
3746,2457,1
3746,2458,1
3746,2459,1
3747,2460,1
3747,2461,1
3747,2462,1
3747,2463,1
3747,2464,1
3748,2465,1
3748,2466,1
3748,2467,1
3748,2468,1
3749,2469,1
3749,2470,1
3749,2471,1
3749,2472,1
3750,2473,1
3750,2474,1
3750,2475,1
3750,2476,1
3751,2477,1
3751,2478,1
3751,2479,1
3751,2480,1
3751,2481,1
3752,2482,1
3752,2483,1
3752,2484,1
3752,2485,1
3753,2485,1
3753,2486,1
3753,2487,1
3753,2488,1
3754,2489,1
3754,2490,1
3754,2491,1
3754,2492,1
3754,2493,1
3755,2494,1
3755,2495,1
3755,2496,1
3755,2497,1
3755,2498,1
3756,2499,1
3756,2500,1
3756,2501,1
3756,2502,1
3757,2503,1
3757,2504,1
3757,2505,1
3757,2506,1
3758,2507,1
3758,2508,1
3758,2509,1
3758,2510,1
3758,2511,1
3759,2512,1
3759,2513,1
3759,2514,1
3759,2515,1
3760,2516,1
3760,2517,1
3760,2518,1
3760,2519,1
3761,2520,1
3761,2521,1
3761,2522,1
3761,2523,1
3761,2524,1
3762,2525,1
3762,2526,1
3762,2527,1
3762,2528,1
3762,2529,1
3763,2530,1
3763,2531,1
3763,2532,1
3763,2533,1
3764,2533,1
3764,2534,1
3764,2535,1
3764,2536,1
3764,2537,1
3765,2538,1
3765,2539,1
3765,2540,1
3765,2541,1
3765,2542,1
3766,2543,1
3766,2544,1
3766,2545,1
3766,2546,1
3766,2547,1
3767,2548,1
3767,2549,1
3767,2550,1
3767,2551,1
3768,2552,1
3768,2553,1
3768,2554,1
3768,2555,1
3768,2556,1
3769,2557,1
3769,2558,1
3769,2559,1
3769,2560,1
3769,2561,1
3770,2562,1
3770,2563,1
3770,2564,1
3770,2565,1
3770,2566,1
3771,2567,1
3771,2568,1
3771,2569,1
3771,2570,1
3772,2570,1
3772,2571,1
3772,2572,1
3772,2573,1
3772,2574,1
3773,2575,1
3773,2576,1
3773,2577,1
3773,2578,1
3774,2579,1
3774,2580,1
3774,2581,1
3774,2582,1
3774,2583,1
3775,2584,1
3775,2585,1
3775,2586,1
3775,2587,1
3776,2587,1
3776,2588,1
3776,2589,1
3776,2590,1
3776,2591,1
3776,2592,1
3777,2593,1
3777,2594,1
3777,2595,1
3777,2596,1
3778,2597,1
3778,2598,1
3778,2599,1
3778,2600,1
3779,2601,1
3779,2602,1
3779,2603,1
3779,2604,1
3779,2605,1
3779,2606,1
3780,2607,1
3780,2608,1
3780,2609,1
3780,2610,1
3780,2611,1
3781,2612,1
3781,2613,1
3781,2614,1
3781,2615,1
3782,2615,1
3782,2616,1
3782,2617,1
3782,2618,1
3782,2619,1
3783,2620,1
3783,2621,1
3783,2622,1
3783,2623,1
3783,2624,1
3783,2625,1
3784,2626,1
3784,2627,1
3784,2628,1
3784,2629,1
3785,2630,1
3785,2631,1
3785,2632,1
3785,2633,1
3786,2634,1
3786,2635,1
3786,2636,1
3786,2637,1
3786,2638,1
3786,2639,1
3787,2640,1
3787,2641,1
3787,2642,1
3787,2643,1
3787,2644,1
3788,2645,1
3788,2646,1
3788,2647,1
3788,2648,1
3789,2649,1
3789,2650,1
3789,2651,1
3789,2652,1
3789,2653,1
3789,2654,1
3789,2655,1
3789,2656,1
3790,2657,1
3790,2658,1
3790,2659,1
3790,2660,1
3790,2661,1
3791,2662,1
3791,2663,1
3792,2664,1
3792,2665,1
3791,2665,1
3791,2666,1
3791,2667,1
3790,2667,1
3789,2667,1
3788,2667,1
3787,2667,1
3469,2307,0
3173,2167,1
3172,2166,1
3172,2165,1
3171,2165,1
3170,2164,1
3170,2163,1
3169,2162,1
3169,2161,1
3169,2160,1
3168,2160,1
3168,2159,1
3168,2158,1
3167,2157,1
3167,2156,1
3166,2155,1
3165,2154,1
3165,2153,1
3165,2152,1
3164,2151,1
3163,2150,1
3163,2149,1
3163,2148,1
3162,2147,1
3161,2146,1
3161,2145,1
3160,2144,1
3160,2143,1
3159,2142,1
3159,2141,1
3159,2140,1
3158,2139,1
3158,2138,1
3157,2138,1
3157,2137,1
3156,2136,1
3156,2135,1
3155,2134,1
3155,2133,1
3155,2132,1
3154,2132,1
3154,2131,1
3154,2130,1
3153,2129,1
3153,2128,1
3153,2127,1
3153,2126,1
3152,2125,1
3152,2124,1
3152,2123,1
3152,2122,1
3151,2121,1
3151,2120,1
3151,2119,1
3151,2118,1
3150,2117,1
3150,2116,1
3150,2115,1
3150,2114,1
3150,2113,1
3150,2112,1
3150,2111,1
3150,2110,1
3150,2109,1
3150,2108,1
3150,2107,1
3150,2106,1
3150,2105,1
3150,2104,1
3150,2103,1
3150,2102,1
3150,2101,1
3150,2100,1
3150,2099,1
3151,2098,1
3151,2097,1
3151,2096,1
3151,2095,1
3151,2094,1
3152,2094,1
3152,2093,1
3152,2092,1
3152,2091,1
3153,2090,1
3153,2089,1
3153,2088,1
3154,2087,1
3154,2086,1
3155,2085,1
3155,2084,1
3155,2083,1
3156,2083,1
3156,2082,1
3156,2081,1
3157,2081,1
3157,2080,1
3157,2079,1
3158,2078,1
3159,2077,1
3159,2076,1
3160,2075,1
3161,2074,1
3161,2073,1
3162,2073,1
3162,2072,1
3162,2071,1
3163,2071,1
3163,2070,1
3164,2069,1
3165,2068,1
3166,2067,1
3167,2066,1
3168,2065,1
3168,2064,1
3169,2064,1
3169,2063,1
3170,2063,1
3171,2062,1
3172,2061,1
3173,2060,1
3174,2059,1
3175,2059,1
3175,2058,1
3176,2058,1
3176,2057,1
3177,2056,1
3178,2056,1
3178,2055,1
3179,2055,1
3179,2054,1
3180,2054,1
3181,2053,1
3182,2052,1
3183,2052,1
3183,2051,1
3184,2051,1
3185,2050,1
3186,2049,1
3187,2049,1
3187,2048,1
3188,2048,1
3189,2047,1
3190,2047,1
3190,2046,1
3191,2046,1
3192,2046,1
3192,2045,1
3193,2045,1
3194,2044,1
3195,2044,1
3195,2043,1
3196,2043,1
3197,2042,1
3198,2042,1
3199,2041,1
3200,2041,1
3200,2040,1
3201,2040,1
3202,2039,1
3203,2039,1
3204,2038,1
3205,2038,1
3205,2037,1
3206,2037,1
3207,2037,1
3208,2036,1
3209,2036,1
3210,2035,1
3211,2035,1
3212,2034,1
3213,2034,1
3214,2034,1
3214,2033,1
3215,2033,1
3216,2033,1
3217,2032,1
3218,2032,1
3219,2032,1
3220,2031,1
3221,2031,1
3222,2030,1
3223,2030,1
3224,2030,1
3225,2030,1
3225,2029,1
3226,2029,1
3227,2029,1
3228,2029,1
3229,2029,1
3229,2028,1
3230,2028,1
3231,2028,1
3232,2028,1
3233,2027,1
3234,2027,1
3235,2027,1
3236,2027,1
3237,2026,1
3238,2026,1
3239,2026,1
3240,2026,1
3241,2026,1
3241,2025,1
3242,2025,1
3243,2025,1
3244,2025,1
3245,2025,1
3246,2025,1
3247,2024,1
3248,2024,1
3249,2024,1
3250,2024,1
3251,2024,1
3252,2024,1
3253,2024,1
3254,2024,1
3255,2023,1
3256,2023,1
3257,2023,1
3258,2023,1
3259,2023,1
3260,2023,1
3261,2023,1
3262,2023,1
3263,2023,1
3264,2023,1
3265,2023,1
3266,2023,1
3267,2023,1
3268,2022,1
3269,2022,1
3270,2022,1
3271,2022,1
3272,2022,1
3273,2022,1
3274,2022,1
3275,2022,1
3276,2022,1
3277,2022,1
3278,2022,1
3279,2022,1
3280,2022,1
3281,2022,1
3282,2022,1
3283,2022,1
3284,2022,1
3285,2022,1
3286,2022,1
3287,2022,1
3288,2022,1
3289,2023,1
3290,2023,1
3291,2023,1
3292,2023,1
3293,2023,1
3294,2023,1
3295,2023,1
3296,2023,1
3297,2023,1
3298,2023,1
3299,2023,1
3300,2023,1
3301,2024,1
3302,2024,1
3303,2024,1
3304,2024,1
3305,2024,1
3306,2024,1
3307,2024,1
3307,2025,1
3308,2025,1
3309,2025,1
3310,2025,1
3311,2025,1
3312,2025,1
3313,2026,1
3314,2026,1
3315,2026,1
3316,2026,1
3317,2026,1
3317,2027,1
3318,2027,1
3319,2027,1
3320,2027,1
3321,2027,1
3322,2028,1
3323,2028,1
3324,2028,1
3325,2028,1
3326,2029,1
3327,2029,1
3328,2029,1
3329,2030,1
3330,2030,1
3331,2030,1
3332,2031,1
3333,2031,1
3334,2031,1
3335,2032,1
3336,2032,1
3337,2032,1
3338,2032,1
3338,2033,1
3339,2033,1
3340,2033,1
3341,2034,1
3342,2034,1
3343,2034,1
3344,2035,1
3345,2035,1
3346,2035,1
3346,2036,1
3347,2036,1
3348,2036,1
3349,2037,1
3350,2037,1
3351,2037,1
3352,2038,1
3353,2038,1
3354,2038,1
3354,2039,1
3355,2039,1
3356,2039,1
3357,2040,1
3358,2040,1
3358,2039,1
3359,2039,1
3360,2038,1
3361,2038,1
3361,2037,1
3362,2037,1
3363,2036,1
3364,2036,1
3365,2036,1
3365,2035,1
3366,2035,1
3367,2034,1
3368,2034,1
3369,2033,1
3370,2033,1
3371,2033,1
3371,2032,1
3372,2032,1
3373,2032,1
3374,2031,1
3375,2031,1
3376,2031,1
3377,2030,1
3378,2030,1
3379,2030,1
3379,2029,1
3380,2029,1
3381,2029,1
3382,2029,1
3383,2028,1
3384,2028,1
3385,2028,1
3386,2028,1
3387,2027,1
3388,2027,1
3389,2027,1
3390,2027,1
3391,2027,1
3392,2026,1
3393,2026,1
3394,2026,1
3395,2026,1
3396,2026,1
3397,2025,1
3398,2025,1
3399,2025,1
3400,2025,1
3401,2025,1
3402,2025,1
3403,2025,1
3404,2025,1
3405,2025,1
3406,2025,1
3407,2024,1
3408,2024,1
3409,2024,1
3410,2024,1
3411,2024,1
3412,2024,1
3413,2024,1
3414,2024,1
3415,2024,1
3416,2024,1
3417,2024,1
3418,2024,1
3419,2024,1
3420,2024,1
3421,2024,1
3422,2024,1
3423,2024,1
3424,2024,1
3425,2024,1
3426,2024,1
3427,2024,1
3428,2024,1
3429,2024,1
3430,2024,1
3431,2024,1
3432,2025,1
3433,2025,1
3434,2025,1
3435,2025,1
3436,2025,1
3437,2025,1
3438,2025,1
3439,2025,1
3440,2025,1
3441,2025,1
3442,2025,1
3443,2025,1
3444,2026,1
3445,2026,1
3446,2026,1
3447,2026,1
3448,2026,1
3449,2026,1
3450,2026,1
3451,2026,1
3452,2026,1
3453,2027,1
3454,2027,1
3455,2027,1
3456,2027,1
3457,2027,1
3458,2027,1
3459,2027,1
3460,2028,1
3461,2028,1
3462,2028,1
3463,2028,1
3464,2028,1
3465,2028,1
3466,2029,1
3467,2029,1
3468,2029,1
3469,2029,1
3470,2029,1
3470,2030,1
3471,2030,1
3472,2030,1
3473,2030,1
3474,2030,1
3475,2031,1
3476,2031,1
3477,2031,1
3478,2031,1
3479,2032,1
3480,2032,1
3481,2033,1
3482,2033,1
3483,2033,1
3484,2033,1
3485,2034,1
3486,2034,1
3487,2035,1
3488,2035,1
3489,2035,1
3490,2035,1
3491,2036,1
3492,2036,1
3493,2036,1
3494,2037,1
3495,2037,1
3496,2038,1
3497,2038,1
3498,2038,1
3499,2039,1
3500,2039,1
3501,2040,1
3502,2040,1
3503,2040,1
3503,2041,1
3504,2041,1
3505,2042,1
3506,2042,1
3507,2042,1
3508,2043,1
3509,2043,1
3510,2044,1
3511,2044,1
3512,2045,1
3513,2045,1
3514,2046,1
3515,2046,1
3516,2046,1
3517,2047,1
3518,2047,1
3518,2048,1
3519,2048,1
3520,2049,1
3521,2049,1
3522,2049,1
3523,2050,1
3524,2050,1
3524,2051,1
3525,2051,1
3526,2052,1
3527,2052,1
3528,2053,1
3529,2053,1
3530,2053,1
3530,2054,1
3531,2054,1
3532,2055,1
3533,2055,1
3534,2056,1
3535,2056,1
3535,2057,1
3536,2057,1
3537,2058,1
3538,2058,1
3539,2059,1
3540,2059,1
3541,2060,1
3542,2060,1
3542,2061,1
3543,2061,1
3544,2062,1
3545,2062,1
3546,2063,1
3547,2063,1
3548,2064,1
3549,2065,1
3550,2065,1
3551,2066,1
3552,2066,1
3553,2067,1
3554,2068,1
3555,2069,1
3556,2069,1
3557,2070,1
3558,2070,1
3559,2071,1
3560,2072,1
3561,2073,1
3562,2073,1
3563,2074,1
3564,2074,1
3564,2075,1
3565,2075,1
3566,2076,1
3567,2077,1
3568,2077,1
3569,2078,1
3570,2079,1
3571,2080,1
3572,2080,1
3573,2081,1
3574,2082,1
3575,2083,1
3576,2083,1
3577,2084,1
3577,2085,1
3578,2085,1
3579,2086,1
3580,2087,1
3581,2088,1
3582,2089,1
3583,2089,1
3583,2090,1
3584,2091,1
3585,2092,1
3586,2092,1
3587,2093,1
3587,2094,1
3588,2094,1
3589,2095,1
3590,2096,1
3590,2097,1
3591,2097,1
3592,2098,1
3592,2099,1
3593,2100,1
3594,2100,1
3595,2101,1
3595,2102,1
3596,2103,1
3597,2104,1
3598,2104,1
3598,2105,1
3599,2106,1
3600,2107,1
3601,2108,1
3602,2109,1
3603,2110,1
3603,2111,1
3604,2111,1
3604,2112,1
3605,2113,1
3606,2114,1
3607,2114,1
3607,2115,1
3608,2116,1
3609,2117,1
3610,2118,1
3611,2119,1
3611,2120,1
3612,2121,1
3613,2121,1
3613,2122,1
3614,2123,1
3614,2124,1
3615,2124,1
3616,2125,1
3616,2126,1
3617,2127,1
3618,2127,1
3619,2128,1
3619,2129,1
3620,2130,1
3621,2130,1
3622,2131,1
3622,2132,1
3623,2132,1
3624,2133,1
3625,2134,1
3626,2134,1
3626,2135,1
3627,2136,1
3628,2137,1
3629,2137,1
3630,2138,1
3630,2139,1
3631,2139,1
3632,2140,1
3633,2140,1
3634,2141,1
3635,2141,1
3636,2142,1
3637,2142,1
3638,2142,1
3639,2143,1
3640,2143,1
3641,2144,1
3642,2144,1
3643,2145,1
3644,2145,1
3645,2145,1
3646,2146,1
3647,2146,1
3648,2147,1
3649,2147,1
3650,2147,1
3651,2147,1
3652,2147,1
3653,2147,1
3654,2147,1
3655,2147,1
3656,2147,1
3657,2147,1
3658,2147,1
3659,2147,1
3660,2147,1
3752,2065,0
3813,2127,1
3814,2127,1
3815,2127,1
3816,2127,1
3817,2127,1
3818,2127,1
3819,2127,1
3820,2127,1
3821,2127,1
3822,2127,1
3823,2127,1
3824,2127,1
3825,2127,1
3826,2127,1
3827,2127,1
3828,2127,1
3829,2127,1
3830,2127,1
3831,2127,1
3832,2127,1
3833,2127,1
3834,2126,1
3835,2126,1
3836,2126,1
3837,2125,1
3838,2125,1
3839,2125,1
3840,2125,1
3841,2125,1
3842,2124,1
3843,2124,1
3844,2124,1
3845,2124,1
3846,2124,1
3847,2124,1
3848,2124,1
3849,2124,1
3850,2124,1
3850,2123,1
3851,2123,1
3852,2123,1
3853,2123,1
3854,2123,1
3855,2123,1
3856,2123,1
3857,2123,1
3858,2123,1
3859,2123,1
3860,2123,1
3861,2123,1
3862,2123,1
3863,2123,1
3864,2122,1
3865,2122,1
3866,2122,1
3867,2122,1
3868,2122,1
3869,2122,1
3870,2122,1
3871,2121,1
3872,2121,1
3873,2121,1
3874,2121,1
3875,2121,1
3876,2121,1
3877,2121,1
3878,2121,1
3879,2120,1
3880,2120,1
3881,2120,1
3882,2120,1
3883,2120,1
3884,2120,1
3885,2120,1
3886,2120,1
3887,2120,1
3888,2120,1
3889,2119,1
3890,2119,1
3891,2119,1
3892,2119,1
3893,2119,1
3894,2119,1
3895,2119,1
3895,2118,1
3896,2118,1
3897,2118,1
3898,2118,1
3899,2118,1
3900,2118,1
3901,2118,1
3902,2118,1
3903,2117,1
3904,2117,1
3905,2117,1
3906,2117,1
3907,2117,1
3908,2117,1
3909,2117,1
3910,2117,1
3911,2117,1
3912,2116,1
3913,2116,1
3914,2116,1
3915,2116,1
3916,2116,1
3917,2116,1
3918,2116,1
3919,2115,1
3920,2115,1
3921,2115,1
3922,2115,1
3923,2115,1
3924,2115,1
3925,2115,1
3926,2114,1
3927,2114,1
3928,2114,1
3929,2114,1
3930,2114,1
3931,2114,1
3932,2114,1
3933,2114,1
3934,2113,1
3935,2113,1
3936,2113,1
3937,2113,1
3938,2113,1
3939,2113,1
3940,2113,1
3941,2113,1
3942,2112,1
3943,2112,1
3944,2112,1
3945,2112,1
3946,2112,1
3947,2112,1
3948,2112,1
3949,2111,1
3950,2111,1
3951,2111,1
3952,2111,1
3953,2111,1
3954,2111,1
3955,2111,1
3956,2111,1
3956,2110,1
3957,2110,1
3958,2110,1
3959,2110,1
3960,2110,1
3961,2110,1
3962,2110,1
3963,2110,1
3964,2109,1
3965,2109,1
3966,2109,1
3967,2109,1
3968,2109,1
3969,2109,1
3970,2109,1
3971,2108,1
3972,2108,1
3973,2108,1
3974,2108,1
3975,2108,1
3976,2108,1
3977,2108,1
3978,2108,1
3979,2107,1
3980,2107,1
3981,2107,1
3982,2107,1
3983,2107,1
3984,2107,1
3985,2107,1
3986,2107,1
3987,2106,1
3988,2106,1
3989,2106,1
3990,2106,1
3991,2106,1
3992,2106,1
3993,2106,1
3994,2105,1
3995,2105,1
3996,2105,1
3997,2105,1
3998,2105,1
3999,2105,1
4000,2105,1
4001,2105,1
4002,2104,1
4003,2104,1
4004,2104,1
4005,2104,1
4006,2104,1
4007,2104,1
4008,2104,1
4009,2103,1
4010,2103,1
4011,2103,1
4012,2103,1
4013,2103,1
4014,2103,1
4015,2102,1
4016,2102,1
4017,2102,1
4018,2102,1
4019,2102,1
4020,2102,1
4021,2102,1
4022,2101,1
4023,2101,1
4024,2101,1
4025,2101,1
4026,2101,1
4027,2101,1
4028,2100,1
4029,2100,1
4030,2100,1
4031,2100,1
4032,2100,1
4033,2100,1
4034,2100,1
4035,2099,1
4036,2099,1
4037,2099,1
4038,2099,1
4039,2099,1
4040,2099,1
4041,2099,1
4042,2098,1
4043,2098,1
4044,2098,1
4045,2098,1
4046,2098,1
4047,2098,1
4048,2098,1
4049,2098,1
4050,2097,1
4051,2097,1
4052,2097,1
4053,2097,1
4054,2097,1
4055,2097,1
4056,2096,1
4057,2096,1
4058,2096,1
4059,2096,1
4060,2096,1
4061,2096,1
4062,2096,1
4063,2095,1
4064,2095,1
4065,2095,1
4066,2095,1
4067,2095,1
4068,2095,1
4069,2095,1
4070,2094,1
4071,2094,1
4072,2094,1
4073,2094,1
4074,2094,1
4075,2094,1
4076,2094,1
4077,2093,1
4078,2093,1
4079,2093,1
4080,2093,1
4081,2093,1
4082,2093,1
4083,2092,1
4084,2092,1
4085,2092,1
4086,2092,1
4087,2092,1
4088,2092,1
4089,2092,1
4090,2091,1
4091,2091,1
4092,2091,1
4093,2091,1
4094,2091,1
4095,2091,1
4096,2090,1
4097,2090,1
4098,2090,1
4099,2090,1
4100,2090,1
4101,2090,1
4102,2090,1
4103,2089,1
4104,2089,1
4105,2089,1
4106,2089,1
4107,2089,1
4108,2089,1
4109,2088,1
4110,2088,1
4111,2088,1
4112,2088,1
4113,2088,1
4114,2088,1
4115,2088,1
4116,2087,1
4117,2087,1
4118,2087,1
4119,2087,1
4120,2087,1
4121,2087,1
4122,2086,1
4123,2086,1
4124,2086,1
4125,2086,1
4126,2086,1
4127,2086,1
4128,2085,1
4129,2085,1
4130,2085,1
4131,2085,1
4132,2085,1
4133,2085,1
4134,2085,1
4135,2084,1
4136,2084,1
4137,2084,1
4138,2084,1
4139,2084,1
4140,2084,1
4141,2083,1
4142,2083,1
4143,2083,1
4144,2083,1
4145,2083,1
4146,2083,1
4147,2082,1
4148,2082,1
4149,2082,1
4150,2082,1
4151,2082,1
4152,2082,1
4153,2081,1
4154,2081,1
4155,2081,1
4156,2081,1
4157,2081,1
4158,2081,1
4159,2081,1
4159,2080,1
4160,2080,1
4161,2080,1
4162,2080,1
4163,2080,1
4164,2080,1
4165,2080,1
4166,2080,1
4167,2079,1
4168,2079,1
4169,2079,1
4170,2079,1
4171,2079,1
4172,2079,1
4173,2079,1
4174,2078,1
4175,2078,1
4176,2078,1
4177,2078,1
4178,2078,1
4179,2078,1
4180,2078,1
4181,2077,1
4182,2077,1
4183,2077,1
4184,2077,1
4185,2077,1
4186,2077,1
4187,2077,1
4188,2077,1
4189,2076,1
4190,2076,1
4191,2076,1
4192,2076,1
4193,2076,1
4194,2076,1
4195,2076,1
4196,2075,1
4197,2075,1
4198,2075,1
4199,2075,1
4200,2075,1
4201,2075,1
4202,2074,1
4203,2074,1
4204,2074,1
4205,2074,1
4206,2074,1
4207,2074,1
4208,2074,1
4209,2073,1
4210,2073,1
4211,2073,1
4212,2073,1
4213,2073,1
4214,2073,1
4215,2073,1
4216,2072,1
4217,2072,1
4218,2072,1
4219,2072,1
4220,2072,1
4221,2072,1
4222,2071,1
4223,2071,1
4224,2071,1
4225,2071,1
4226,2071,1
4227,2071,1
4228,2071,1
4229,2070,1
4230,2070,1
4231,2070,1
4232,2070,1
4233,2070,1
4234,2070,1
4235,2070,1
4236,2069,1
4237,2069,1
4238,2069,1
4239,2069,1
4240,2069,1
4241,2069,1
4242,2069,1
4243,2068,1
4244,2068,1
4245,2068,1
4246,2068,1
4247,2068,1
4248,2068,1
4249,2067,1
4250,2067,1
4251,2067,1
4252,2067,1
4253,2067,1
4254,2067,1
4255,2067,1
4256,2066,1
4257,2066,1
4258,2066,1
4259,2066,1
4260,2066,1
4261,2066,1
4262,2066,1
4263,2065,1
4264,2065,1
4265,2065,1
4266,2065,1
4267,2065,1
4268,2065,1
4269,2065,1
4270,2064,1
4271,2064,1
4272,2064,1
4273,2064,1
4274,2064,1
4275,2064,1
4276,2063,1
4277,2063,1
4278,2063,1
4279,2063,1
4280,2063,1
4281,2063,1
4282,2062,1
4283,2062,1
4284,2062,1
4285,2062,1
4286,2062,1
4287,2062,1
4288,2062,1
4289,2061,1
4290,2061,1
4291,2061,1
4292,2061,1
4293,2061,1
4294,2061,1
4295,2060,1
4296,2060,1
4297,2060,1
4298,2060,1
4299,2060,1
4300,2060,1
4301,2059,1
4302,2059,1
4303,2059,1
4304,2059,1
4305,2059,1
4306,2059,1
4307,2058,1
4308,2058,1
4309,2058,1
4310,2058,1
4311,2058,1
4312,2058,1
4313,2057,1
4314,2057,1
4315,2057,1
4316,2057,1
4317,2057,1
4318,2057,1
4319,2056,1
4320,2056,1
4321,2056,1
4322,2056,1
4323,2056,1
4324,2056,1
4325,2055,1
4326,2055,1
4327,2055,1
4328,2055,1
4329,2055,1
4330,2055,1
4331,2054,1
4332,2054,1
4333,2054,1
4334,2054,1
4335,2054,1
4336,2054,1
4337,2054,1
4338,2053,1
4339,2053,1
4340,2053,1
4341,2053,1
4342,2053,1
4343,2052,1
4344,2052,1
4345,2052,1
4346,2052,1
4347,2052,1
4348,2052,1
4349,2052,1
4350,2051,1
4351,2051,1
4352,2051,1
4353,2051,1
4354,2051,1
4355,2051,1
4356,2050,1
4357,2050,1
4358,2050,1
4359,2050,1
4360,2050,1
4361,2050,1
4362,2049,1
4363,2049,1
4364,2049,1
4365,2049,1
4366,2049,1
4367,2049,1
4368,2048,1
4369,2048,1
4370,2048,1
4371,2048,1
4372,2048,1
4373,2048,1
4374,2048,1
4375,2047,1
4376,2047,1
4377,2047,1
4378,2047,1
4379,2047,1
4380,2047,1
4381,2046,1
4382,2046,1
4383,2046,1
4384,2046,1
4385,2046,1
4386,2045,1
4387,2045,1
4388,2045,1
4389,2045,1
4390,2045,1
4391,2044,1
4392,2044,1
4393,2044,1
4394,2044,1
4395,2044,1
4396,2044,1
4397,2044,1
4398,2043,1
4399,2043,1
4400,2043,1
4401,2043,1
4402,2043,1
4403,2042,1
4404,2042,1
4405,2042,1
4406,2042,1
4407,2042,1
4408,2041,1
4409,2041,1
4410,2041,1
4411,2041,1
4412,2041,1
4413,2041,1
4414,2040,1
4415,2040,1
4416,2040,1
4417,2040,1
4418,2040,1
4419,2040,1
4420,2039,1
4421,2039,1
4422,2039,1
4423,2039,1
4424,2039,1
4425,2038,1
4426,2038,1
4427,2038,1
4428,2038,1
4429,2038,1
4430,2037,1
4431,2037,1
4432,2037,1
4433,2037,1
4433,2036,1
4434,2036,1
4435,2036,1
4436,2036,1
4437,2036,1
4438,2036,1
4439,2035,1
4440,2035,1
4441,2035,1
4442,2035,1
4443,2034,1
4444,2034,1
4445,2034,1
4446,2034,1
4447,2034,1
4448,2034,1
4449,2033,1
4450,2033,1
4451,2033,1
4452,2033,1
4453,2033,1
4454,2033,1
4455,2032,1
4456,2032,1
4457,2032,1
4458,2032,1
4459,2032,1
4460,2031,1
4461,2031,1
4462,2031,1
4463,2030,1
4464,2030,1
4465,2030,1
4466,2030,1
4467,2030,1
4468,2029,1
4469,2029,1
4470,2029,1
4471,2029,1
4472,2029,1
4473,2029,1
4473,2028,1
4474,2028,1
4475,2028,1
4476,2028,1
4477,2027,1
4478,2027,1
4479,2027,1
4480,2027,1
4481,2027,1
4482,2027,1
4483,2027,1
4484,2027,1
4485,2027,1
4486,2027,1
4487,2027,1
4488,2027,1
4489,2027,1
4490,2027,1
4491,2027,1
4492,2027,1
4493,2027,1
4669,2150,0
4860,2260,1
4860,2261,1
4860,2262,1
4860,2263,1
4860,2264,1
4860,2265,1
4860,2266,1
4860,2267,1
4860,2268,1
4860,2269,1
4860,2270,1
4860,2271,1
4860,2272,1
4859,2273,1
4859,2274,1
4859,2275,1
4859,2276,1
4859,2277,1
4859,2278,1
4859,2279,1
4858,2280,1
4858,2281,1
4858,2282,1
4857,2283,1
4856,2284,1
4855,2285,1
4854,2286,1
4667,2269,0
4487,2260,1
4486,2260,1
4485,2260,1
4484,2260,1
4483,2260,1
4482,2261,1
4481,2261,1
4480,2262,1
4479,2262,1
4478,2263,1
4477,2263,1
4476,2264,1
4475,2264,1
4474,2265,1
4473,2265,1
4472,2266,1
4471,2266,1
4471,2267,1
4470,2267,1
4469,2267,1
4468,2268,1
4467,2268,1
4467,2269,1
4466,2269,1
4465,2270,1
4464,2270,1
4463,2271,1
4462,2271,1
4461,2271,1
4461,2272,1
4460,2272,1
4459,2272,1
4458,2272,1
4457,2272,1
4456,2272,1
4455,2272,1
4455,2271,1
4454,2271,1
4453,2271,1
4452,2271,1
4451,2271,1
4451,2270,1
4450,2270,1
4449,2270,1
4448,2270,1
4447,2269,1
4446,2269,1
4445,2268,1
4444,2268,1
4443,2268,1
4443,2267,1
4442,2267,1
4441,2266,1
4440,2266,1
4439,2266,1
4439,2265,1
4438,2265,1
4437,2265,1
4436,2264,1
4435,2264,1
4434,2263,1
4433,2263,1
4432,2263,1
4431,2262,1
4430,2262,1
4429,2261,1
4428,2261,1
4427,2261,1
4426,2260,1
4425,2259,1
4424,2259,1
4423,2259,1
4422,2258,1
4421,2258,1
4420,2258,1
4419,2257,1
4418,2257,1
4417,2257,1
4416,2256,1
4415,2256,1
4414,2255,1
4413,2255,1
4412,2255,1
4411,2254,1
4410,2254,1
4409,2254,1
4408,2253,1
4407,2253,1
4406,2253,1
4405,2253,1
4404,2252,1
4403,2252,1
4402,2252,1
4401,2251,1
4400,2251,1
4399,2251,1
4398,2251,1
4397,2250,1
4396,2250,1
4395,2250,1
4394,2250,1
4393,2250,1
4392,2250,1
4391,2249,1
4390,2249,1
4389,2249,1
4388,2249,1
4387,2249,1
4386,2249,1
4385,2249,1
4384,2249,1
4383,2249,1
4382,2249,1
4381,2248,1
4380,2248,1
4379,2248,1
4378,2248,1
4377,2248,1
4376,2248,1
4375,2248,1
4374,2248,1
4373,2248,1
4372,2248,1
4371,2248,1
4370,2248,1
4369,2248,1
4368,2248,1
4367,2248,1
4366,2248,1
4365,2248,1
4364,2248,1
4363,2248,1
4362,2248,1
4361,2248,1
4360,2248,1
4359,2248,1
4358,2248,1
4357,2248,1
4356,2248,1
4355,2249,1
4354,2249,1
4353,2249,1
4352,2249,1
4351,2249,1
4350,2249,1
4349,2249,1
4348,2249,1
4347,2249,1
4346,2250,1
4345,2250,1
4344,2250,1
4343,2250,1
4342,2250,1
4341,2251,1
4340,2251,1
4339,2251,1
4338,2251,1
4337,2251,1
4336,2252,1
4335,2252,1
4334,2252,1
4333,2252,1
4332,2253,1
4331,2253,1
4330,2253,1
4329,2253,1
4329,2254,1
4328,2254,1
4327,2254,1
4326,2254,1
4325,2255,1
4324,2255,1
4323,2256,1
4322,2256,1
4321,2256,1
4321,2257,1
4320,2257,1
4319,2257,1
4318,2258,1
4317,2258,1
4316,2259,1
4315,2259,1
4315,2260,1
4314,2260,1
4313,2260,1
4312,2261,1
4311,2261,1
4310,2262,1
4309,2262,1
4309,2263,1
4308,2263,1
4307,2264,1
4306,2264,1
4305,2265,1
4304,2266,1
4303,2266,1
4303,2267,1
4302,2267,1
4301,2268,1
4300,2269,1
4299,2269,1
4298,2270,1
4297,2271,1
4296,2271,1
4296,2272,1
4295,2272,1
4295,2273,1
4294,2273,1
4294,2274,1
4293,2274,1
4292,2275,1
4291,2276,1
4291,2277,1
4290,2277,1
4290,2278,1
4289,2278,1
4289,2279,1
4288,2279,1
4288,2280,1
4287,2281,1
4286,2282,1
4285,2283,1
4285,2284,1
4284,2285,1
4284,2286,1
4283,2286,1
4283,2287,1
4282,2288,1
4282,2289,1
4281,2289,1
4281,2290,1
4281,2291,1
4280,2291,1
4280,2292,1
4280,2293,1
4279,2293,1
4279,2294,1
4279,2295,1
4278,2296,1
4278,2297,1
4278,2298,1
4277,2298,1
4277,2299,1
4277,2300,1
4277,2301,1
4277,2302,1
4276,2303,1
4276,2304,1
4276,2305,1
4276,2306,1
4276,2307,1
4276,2308,1
4276,2309,1
4276,2310,1
4276,2311,1
4276,2312,1
4276,2313,1
4275,2313,1
4274,2313,1
4274,2314,1
4273,2314,1
4272,2314,1
4271,2314,1
4270,2314,1
4270,2315,1
4269,2315,1
4268,2315,1
4267,2315,1
4266,2315,1
4265,2316,1
4264,2316,1
4263,2316,1
4262,2316,1
4261,2316,1
4260,2317,1
4259,2317,1
4258,2317,1
4257,2317,1
4256,2317,1
4255,2318,1
4254,2318,1
4253,2318,1
4252,2318,1
4251,2319,1
4250,2319,1
4249,2319,1
4248,2320,1
4247,2320,1
4246,2320,1
4246,2321,1
4245,2321,1
4244,2321,1
4243,2322,1
4242,2322,1
4241,2322,1
4240,2323,1
4239,2323,1
4239,2324,1
4238,2324,1
4237,2324,1
4237,2325,1
4236,2325,1
4235,2326,1
4234,2326,1
4233,2327,1
4232,2327,1
4231,2328,1
4230,2328,1
4230,2329,1
4229,2329,1
4228,2330,1
4227,2330,1
4227,2331,1
4226,2331,1
4226,2332,1
4225,2332,1
4224,2333,1
4223,2333,1
4223,2334,1
4222,2334,1
4222,2335,1
4221,2335,1
4221,2336,1
4220,2336,1
4220,2337,1
4219,2337,1
4219,2338,1
4218,2338,1
4218,2339,1
4217,2339,1
4217,2340,1
4216,2340,1
4216,2341,1
4215,2341,1
4215,2342,1
4214,2343,1
4213,2344,1
4212,2345,1
4211,2346,1
4211,2347,1
4210,2347,1
4210,2348,1
4209,2349,1
4208,2350,1
4208,2351,1
4207,2351,1
4207,2352,1
4206,2353,1
4206,2354,1
4205,2354,1
4205,2355,1
4204,2356,1
4204,2357,1
4203,2358,1
4203,2359,1
4202,2360,1
4202,2361,1
4202,2362,1
4201,2363,1
4201,2364,1
4200,2365,1
4200,2366,1
4200,2367,1
4199,2368,1
4199,2369,1
4199,2370,1
4199,2371,1
4198,2372,1
4198,2373,1
4198,2374,1
4198,2375,1
4198,2376,1
4198,2377,1
4198,2378,1
4197,2379,1
4197,2380,1
4197,2381,1
4197,2382,1
4197,2383,1
4197,2384,1
4198,2385,1
4198,2386,1
4198,2387,1
4198,2388,1
4198,2389,1
4198,2390,1
4198,2391,1
4198,2392,1
4198,2393,1
4198,2394,1
4199,2394,1
4199,2395,1
4199,2396,1
4199,2397,1
4199,2398,1
4200,2399,1
4200,2400,1
4200,2401,1
4201,2402,1
4201,2403,1
4201,2404,1
4202,2405,1
4202,2406,1
4202,2407,1
4203,2408,1
4203,2409,1
4203,2410,1
4204,2411,1
4204,2412,1
4205,2413,1
4206,2414,1
4206,2415,1
4206,2416,1
4207,2416,1
4207,2417,1
4208,2418,1
4209,2419,1
4209,2420,1
4210,2420,1
4210,2421,1
4211,2422,1
4212,2423,1
4213,2423,1
4213,2424,1
4214,2425,1
4215,2426,1
4216,2426,1
4216,2427,1
4217,2428,1
4218,2428,1
4218,2429,1
4219,2429,1
4220,2430,1
4221,2431,1
4222,2431,1
4223,2432,1
4224,2433,1
4225,2433,1
4226,2434,1
4227,2435,1
4228,2435,1
4229,2436,1
4230,2436,1
4231,2437,1
4232,2437,1
4233,2438,1
4234,2438,1
4235,2439,1
4236,2439,1
4237,2439,1
4237,2440,1
4238,2440,1
4239,2440,1
4240,2441,1
4241,2441,1
4242,2441,1
4243,2441,1
4243,2442,1
4244,2442,1
4245,2442,1
4246,2442,1
4247,2443,1
4248,2443,1
4249,2443,1
4250,2444,1
4251,2444,1
4252,2444,1
4253,2444,1
4254,2444,1
4255,2444,1
4256,2444,1
4257,2445,1
4258,2445,1
4259,2445,1
4260,2445,1
4261,2445,1
4262,2445,1
4263,2445,1
4264,2446,1
4265,2446,1
4266,2446,1
4267,2446,1
4268,2446,1
4269,2446,1
4270,2446,1
4271,2445,1
4272,2445,1
4273,2445,1
4274,2445,1
4275,2445,1
4276,2445,1
4277,2445,1
4278,2445,1
4279,2445,1
4280,2444,1
4281,2444,1
4282,2444,1
4283,2444,1
4284,2443,1
4285,2443,1
4286,2442,1
4287,2442,1
4288,2441,1
4289,2440,1
4290,2440,1
4291,2440,1
4292,2440,1
4293,2440,1
4705,2321,0
5160,2147,1
5160,2148,1
5160,2149,1
5160,2150,1
5160,2151,1
5161,2152,1
5162,2153,1
5162,2154,1
5163,2155,1
5163,2156,1
5164,2157,1
5164,2158,1
5164,2159,1
5164,2160,1
5165,2161,1
5165,2162,1
5165,2163,1
5166,2164,1
5166,2165,1
5166,2166,1
5167,2167,1
5167,2168,1
5168,2169,1
5168,2170,1
5168,2171,1
5168,2172,1
5168,2173,1
5169,2174,1
5169,2175,1
5169,2176,1
5169,2177,1
5169,2178,1
5169,2179,1
5169,2180,1
5169,2181,1
5169,2182,1
5170,2183,1
5170,2184,1
5170,2185,1
5170,2186,1
5170,2187,1
5170,2188,1
5170,2189,1
5170,2190,1
5170,2191,1
5170,2192,1
5170,2193,1
5170,2194,1
5170,2195,1
5170,2196,1
5170,2197,1
5170,2198,1
5170,2199,1
5170,2200,1
5170,2201,1
5170,2202,1
5170,2203,1
5170,2204,1
5171,2205,1
5171,2206,1
5171,2207,1
5171,2208,1
5171,2209,1
5171,2210,1
5171,2211,1
5171,2212,1
5171,2213,1
5172,2213,1
5172,2214,1
5172,2215,1
5172,2216,1
5172,2217,1
5172,2218,1
5172,2219,1
5172,2220,1
5172,2221,1
5172,2222,1
5171,2223,1
5171,2224,1
5171,2225,1
5171,2226,1
5171,2227,1
5171,2228,1
5171,2229,1
5171,2230,1
5171,2231,1
5171,2232,1
5171,2233,1
5171,2234,1
5171,2235,1
5170,2236,1
5170,2237,1
5170,2238,1
5170,2239,1
5170,2240,1
5169,2241,1
5169,2242,1
5169,2243,1
5168,2244,1
5167,2245,1
5166,2246,1
5165,2247,1
5164,2247,1
5163,2247,1
5162,2247,1
5161,2247,1
5160,2247,1
5397,2096,0
5573,1960,1
5574,1961,1
5575,1962,1
5576,1963,1
5577,1964,1
5578,1965,1
5579,1966,1
5580,1966,1
5580,1967,1
5581,1968,1
5582,1969,1
5583,1969,1
5583,1970,1
5584,1971,1
5585,1972,1
5586,1973,1
5587,1973,1
5587,1974,1
5588,1975,1
5589,1975,1
5590,1976,1
5591,1977,1
5592,1977,1
5593,1978,1
5594,1979,1
5595,1979,1
5596,1980,1
5597,1980,1
5598,1981,1
5599,1982,1
5600,1983,1
5601,1983,1
5602,1984,1
5603,1984,1
5604,1985,1
5605,1985,1
5606,1985,1
5607,1986,1
5608,1986,1
5609,1986,1
5610,1987,1
5611,1987,1
5612,1988,1
5613,1988,1
5614,1988,1
5615,1989,1
5616,1989,1
5616,1990,1
5617,1990,1
5618,1990,1
5619,1991,1
5620,1991,1
5621,1991,1
5622,1992,1
5623,1992,1
5624,1992,1
5625,1992,1
5626,1993,1
5627,1993,1
5628,1993,1
5629,1993,1
5630,1994,1
5631,1994,1
5632,1994,1
5633,1994,1
5634,1994,1
5635,1995,1
5636,1995,1
5637,1995,1
5638,1995,1
5639,1995,1
5640,1996,1
5641,1996,1
5642,1996,1
5643,1996,1
5644,1996,1
5645,1996,1
5646,1996,1
5647,1997,1
5648,1997,1
5649,1997,1
5650,1997,1
5651,1997,1
5652,1997,1
5653,1997,1
5654,1997,1
5655,1997,1
5656,1997,1
5657,1997,1
5658,1997,1
5659,1997,1
5660,1997,1
5661,1997,1
5662,1997,1
5663,1997,1
5664,1997,1
5665,1997,1
5666,1997,1
5667,1997,1
5668,1997,1
5669,1997,1
5670,1997,1
5671,1997,1
5672,1997,1
5673,1997,1
5674,1997,1
5675,1997,1
5676,1997,1
5677,1997,1
5678,1997,1
5679,1996,1
5680,1996,1
5681,1996,1
5682,1996,1
5683,1996,1
5684,1996,1
5685,1996,1
5686,1995,1
5687,1995,1
5688,1995,1
5689,1995,1
5690,1995,1
5691,1994,1
5692,1994,1
5693,1994,1
5694,1994,1
5695,1993,1
5696,1993,1
5697,1993,1
5698,1992,1
5699,1992,1
5700,1992,1
5701,1992,1
5702,1991,1
5703,1991,1
5704,1991,1
5705,1991,1
5706,1990,1
5707,1990,1
5708,1990,1
5709,1989,1
5710,1989,1
5711,1989,1
5712,1989,1
5712,1988,1
5713,1988,1
5714,1988,1
5715,1987,1
5716,1987,1
5717,1987,1
5718,1987,1
5719,1986,1
5720,1986,1
5721,1986,1
5722,1986,1
5723,1985,1
5724,1985,1
5725,1985,1
5726,1984,1
5727,1984,1
5728,1984,1
5729,1983,1
5730,1983,1
5731,1983,1
5731,1982,1
5732,1982,1
5733,1982,1
5734,1982,1
5735,1981,1
5736,1981,1
5737,1981,1
5738,1980,1
5739,1980,1
5740,1980,1
5741,1979,1
5742,1979,1
5743,1979,1
5744,1979,1
5744,1978,1
5745,1978,1
5746,1978,1
5747,1977,1
5748,1977,1
5749,1977,1
5750,1976,1
5751,1976,1
5752,1976,1
5753,1976,1
5754,1975,1
5755,1975,1
5756,1974,1
5757,1974,1
5758,1974,1
5759,1974,1
5760,1973,1
5761,1973,1
5762,1973,1
5763,1973,1
5764,1972,1
5765,1972,1
5766,1972,1
5767,1971,1
5768,1971,1
5769,1971,1
5770,1970,1
5771,1970,1
5772,1970,1
5773,1969,1
5774,1969,1
5775,1969,1
5776,1969,1
5777,1968,1
5778,1968,1
5779,1968,1
5780,1968,1
5781,1967,1
5782,1967,1
5783,1967,1
5784,1967,1
5785,1966,1
5786,1966,1
5787,1966,1
5788,1965,1
5789,1965,1
5790,1965,1
5791,1964,1
5792,1964,1
5793,1964,1
5794,1964,1
5795,1963,1
5796,1963,1
5797,1963,1
5798,1962,1
5799,1962,1
5800,1962,1
5800,1961,1
5801,1961,1
5802,1961,1
5803,1961,1
5804,1960,1
5805,1960,1
5806,1960,1
5807,1959,1
5808,1959,1
5809,1959,1
5810,1959,1
5811,1959,1
5811,1958,1
5812,1958,1
5813,1958,1
5814,1958,1
5815,1958,1
5816,1958,1
5817,1958,1
5817,1957,1
5818,1957,1
5819,1957,1
5820,1957,1
5821,1957,1
5822,1957,1
5823,1957,1
5824,1957,1
5825,1957,1
5826,1957,1
5827,1957,1
5828,1957,1
5829,1957,1
5830,1957,1
5831,1957,1
5832,1957,1
5833,1958,1
5834,1958,1
5835,1958,1
5836,1958,1
5837,1958,1
5838,1958,1
5839,1958,1
5839,1959,1
5840,1959,1
5841,1959,1
5842,1959,1
5843,1960,1
5844,1960,1
5845,1960,1
5846,1960,1
5847,1961,1
5848,1961,1
5849,1961,1
5850,1962,1
5851,1962,1
5852,1962,1
5853,1962,1
5854,1962,1
5855,1962,1
5856,1962,1
5857,1962,1
5858,1962,1
5859,1962,1
5860,1961,1
5861,1961,1
5862,1961,1
5863,1961,1
5864,1961,1
5865,1961,1
5866,1961,1
5867,1961,1
5868,1961,1
5869,1961,1
5870,1961,1
5870,1960,1
5871,1960,1
5872,1960,1
5873,1960,1
5874,1960,1
5875,1960,1
5876,1960,1
5877,1959,1
5878,1959,1
5879,1959,1
5880,1959,1
5881,1959,1
5882,1959,1
5883,1958,1
5884,1958,1
5885,1958,1
5886,1958,1
5887,1958,1
5888,1958,1
5889,1957,1
5890,1957,1
5891,1957,1
5892,1957,1
5893,1957,1
5894,1956,1
5895,1956,1
5896,1956,1
5897,1956,1
5898,1955,1
5899,1955,1
5900,1955,1
5901,1955,1
5902,1954,1
5903,1954,1
5904,1954,1
5905,1954,1
5906,1953,1
5907,1953,1
5908,1953,1
5909,1953,1
5910,1952,1
5911,1952,1
5912,1952,1
5913,1952,1
5914,1951,1
5915,1951,1
5916,1951,1
5917,1951,1
5918,1950,1
5919,1950,1
5920,1950,1
5921,1949,1
5922,1949,1
5923,1949,1
5924,1948,1
5925,1948,1
5926,1948,1
5927,1947,1
5928,1947,1
5929,1947,1
5930,1947,1
5931,1946,1
5932,1946,1
5933,1946,1
5934,1945,1
5935,1945,1
5936,1945,1
5937,1945,1
5938,1944,1
5939,1944,1
5940,1944,1
5941,1943,1
5942,1943,1
5943,1943,1
5944,1943,1
5945,1942,1
5946,1942,1
5947,1942,1
5948,1942,1
5949,1942,1
5949,1941,1
5950,1941,1
5951,1941,1
5952,1941,1
5953,1941,1
5954,1940,1
5955,1940,1
5956,1940,1
5957,1940,1
5958,1940,1
5959,1940,1
5960,1940,1
5961,1940,1
5961,1939,1
5962,1939,1
5963,1939,1
5964,1939,1
5965,1939,1
5966,1939,1
5967,1939,1
5968,1939,1
5969,1939,1
5970,1939,1
5971,1939,1
5972,1939,1
5972,1938,1
5973,1938,1
5974,1938,1
5975,1938,1
5976,1938,1
5977,1938,1
5978,1938,1
5979,1938,1
5980,1938,1
5981,1938,1
5981,1939,1
5982,1939,1
5983,1939,1
5984,1939,1
5985,1939,1
5986,1939,1
5987,1939,1
5988,1939,1
5989,1939,1
5990,1940,1
5991,1940,1
5992,1940,1
5993,1940,1
5994,1940,1
5994,1941,1
5995,1941,1
5996,1941,1
5997,1941,1
5998,1942,1
5999,1942,1
6000,1942,1
6001,1943,1
6002,1943,1
6003,1943,1
6003,1944,1
6004,1944,1
6005,1944,1
6005,1945,1
6006,1945,1
6006,1946,1
6007,1946,1
6008,1946,1
6008,1947,1
6009,1947,1
6010,1948,1
6011,1948,1
6011,1949,1
6012,1950,1
6013,1950,1
6013,1951,1
6014,1952,1
6014,1953,1
6015,1953,1
6015,1954,1
6016,1955,1
6016,1956,1
6017,1957,1
6017,1958,1
6017,1959,1
6018,1959,1
6018,1960,1
6018,1961,1
6018,1962,1
6019,1963,1
6019,1964,1
6019,1965,1
6019,1966,1
6019,1967,1
6019,1968,1
6020,1969,1
6020,1970,1
6020,1971,1
6020,1972,1
6020,1973,1
6021,1974,1
6021,1975,1
6021,1976,1
6021,1977,1
6022,1978,1
6022,1979,1
6022,1980,1
6022,1981,1
6023,1982,1
6023,1983,1
6023,1984,1
6023,1985,1
6023,1986,1
6024,1987,1
6024,1988,1
6024,1989,1
6024,1990,1
6025,1990,1
6025,1991,1
6025,1992,1
6025,1993,1
6026,1994,1
6026,1995,1
6026,1996,1
6027,1997,1
6027,1998,1
6027,1999,1
6028,2000,1
6028,2001,1
6028,2002,1
6028,2003,1
6029,2004,1
6029,2005,1
6029,2006,1
6030,2007,1
6030,2008,1
6031,2009,1
6031,2010,1
6032,2011,1
6032,2012,1
6032,2013,1
6032,2014,1
6033,2015,1
6033,2016,1
6033,2017,1
6034,2018,1
6034,2019,1
6035,2020,1
6035,2021,1
6036,2022,1
6036,2023,1
6037,2024,1
6037,2025,1
6038,2026,1
6038,2027,1
6039,2028,1
6040,2029,1
6040,2030,1
6040,2031,1
6040,2032,1
6040,2033,1
5969,1956,0
5853,1907,1
5854,1908,1
5855,1908,1
5855,1909,1
5856,1910,1
5857,1910,1
5858,1911,1
5859,1911,1
5860,1911,1
5860,1912,1
5861,1912,1
5862,1912,1
5863,1913,1
5864,1913,1
5865,1914,1
5865,1915,1
5866,1915,1
5867,1916,1
5868,1917,1
5869,1917,1
5870,1918,1
5871,1918,1
5872,1919,1
5873,1920,1
5874,1921,1
5875,1922,1
5876,1922,1
5877,1923,1
5878,1924,1
5879,1925,1
5880,1925,1
5881,1926,1
5882,1927,1
5883,1927,1
5884,1928,1
5885,1928,1
5886,1929,1
5887,1930,1
5888,1930,1
5889,1931,1
5890,1931,1
5890,1932,1
5891,1933,1
5892,1933,1
5893,1934,1
5894,1934,1
5895,1935,1
5896,1936,1
5897,1937,1
5898,1937,1
5899,1938,1
5900,1938,1
5900,1939,1
5901,1940,1
5902,1940,1
5903,1941,1
5904,1941,1
5905,1942,1
5906,1943,1
5907,1944,1
5908,1944,1
5909,1945,1
5910,1946,1
5911,1946,1
5912,1947,1
5913,1948,1
5914,1948,1
5915,1949,1
5916,1950,1
5917,1950,1
5918,1951,1
5919,1951,1
5920,1952,1
5920,1953,1
5921,1953,1
5922,1954,1
5923,1954,1
5924,1955,1
5925,1955,1
5926,1956,1
5927,1957,1
5928,1958,1
5929,1959,1
5930,1959,1
5931,1960,1
5932,1960,1
5933,1961,1
5934,1962,1
5935,1962,1
5936,1963,1
5937,1964,1
5938,1965,1
5939,1965,1
5940,1966,1
5941,1967,1
5942,1967,1
5942,1968,1
5943,1968,1
5944,1969,1
5945,1969,1
5946,1970,1
5947,1970,1
5947,1971,1
5948,1971,1
5949,1972,1
5950,1973,1
5951,1973,1
5951,1974,1
5952,1974,1
5953,1975,1
5954,1975,1
5955,1976,1
5955,1977,1
5956,1977,1
5957,1978,1
5958,1978,1
5959,1979,1
5960,1980,1
5961,1980,1
5962,1981,1
5963,1981,1
5964,1982,1
5965,1983,1
5966,1983,1
5966,1984,1
5967,1984,1
5968,1985,1
5969,1985,1
5970,1986,1
5971,1987,1
5972,1988,1
5973,1988,1
5974,1989,1
5975,1989,1
5976,1990,1
5977,1990,1
5978,1990,1
5979,1991,1
5980,1991,1
5980,1992,1
5981,1992,1
5982,1993,1
5983,1993,1
5984,1993,1
5985,1993,1
5986,1993,1
5987,1993,1
6287,1916,0
6620,1820,1
6620,1821,1
6620,1822,1
6620,1823,1
6620,1824,1
6620,1825,1
6621,1826,1
6622,1827,1
6623,1828,1
6623,1829,1
6623,1830,1
6624,1830,1
6624,1831,1
6624,1832,1
6625,1833,1
6625,1834,1
6626,1835,1
6627,1836,1
6627,1837,1
6627,1838,1
6628,1839,1
6628,1840,1
6629,1841,1
6629,1842,1
6630,1843,1
6630,1844,1
6631,1845,1
6632,1846,1
6632,1847,1
6632,1848,1
6633,1849,1
6633,1850,1
6634,1851,1
6634,1852,1
6634,1853,1
6635,1853,1
6635,1854,1
6636,1855,1
6636,1856,1
6636,1857,1
6637,1858,1
6637,1859,1
6637,1860,1
6638,1861,1
6638,1862,1
6638,1863,1
6639,1864,1
6639,1865,1
6639,1866,1
6639,1867,1
6639,1868,1
6639,1869,1
6639,1870,1
6640,1870,1
6640,1871,1
6641,1872,1
6641,1873,1
6641,1874,1
6642,1875,1
6642,1876,1
6643,1877,1
6643,1878,1
6643,1879,1
6644,1880,1
6644,1881,1
6644,1882,1
6645,1883,1
6645,1884,1
6646,1885,1
6646,1886,1
6646,1887,1
6646,1888,1
6647,1888,1
6647,1889,1
6647,1890,1
6647,1891,1
6648,1892,1
6648,1893,1
6648,1894,1
6648,1895,1
6648,1896,1
6648,1897,1
6648,1898,1
6648,1899,1
6648,1900,1
6648,1901,1
6647,1901,1
6646,1901,1
6645,1901,1
6645,1900,1
6644,1899,1
6643,1899,1
6642,1898,1
6641,1898,1
6641,1897,1
6640,1897,1
6640,1896,1
6640,1895,1
6640,1894,1
6640,1893,1
6350,1674,0
6120,1473,1
6119,1473,1
6118,1473,1
6117,1473,1
6116,1473,1
6115,1473,1
6114,1473,1
6113,1473,1
6112,1473,1
6111,1473,1
6110,1473,1
6109,1473,1
6108,1473,1
6107,1473,1
6106,1473,1
6105,1473,1
6104,1473,1
6103,1473,1
6102,1473,1
6101,1473,1
6100,1473,1
6099,1473,1
6098,1473,1
6097,1473,1
6096,1474,1
6095,1474,1
6094,1474,1
6093,1474,1
6092,1475,1
6091,1475,1
6090,1475,1
6089,1475,1
6088,1475,1
6087,1475,1
6086,1476,1
6085,1476,1
6084,1476,1
6083,1476,1
6082,1476,1
6081,1476,1
6080,1476,1
6079,1476,1
6078,1476,1
6077,1476,1
6076,1477,1
6075,1477,1
6074,1477,1
6073,1477,1
6072,1477,1
6071,1477,1
6070,1477,1
6069,1477,1
6068,1477,1
6067,1477,1
6066,1477,1
6065,1477,1
6064,1477,1
6063,1477,1
6062,1477,1
6061,1477,1
6060,1477,1
6059,1477,1
6058,1478,1
6057,1478,1
6056,1478,1
6055,1478,1
6054,1478,1
6053,1478,1
6052,1478,1
6051,1478,1
6050,1478,1
6049,1478,1
6048,1478,1
6047,1478,1
6046,1478,1
6045,1478,1
6044,1478,1
6043,1478,1
6042,1478,1
6041,1478,1
6040,1478,1
6039,1478,1
6038,1478,1
6037,1478,1
6036,1478,1
6035,1478,1
6034,1478,1
6033,1478,1
6032,1478,1
6031,1478,1
6030,1478,1
6029,1478,1
6028,1478,1
6027,1478,1
6026,1478,1
6025,1478,1
6024,1478,1
6023,1478,1
6022,1478,1
6021,1478,1
6020,1478,1
6019,1478,1
6018,1478,1
6017,1479,1
6016,1479,1
6015,1479,1
6014,1479,1
6013,1479,1
6012,1479,1
6011,1479,1
6010,1479,1
6009,1479,1
6008,1479,1
6007,1479,1
6006,1479,1
6005,1479,1
6004,1479,1
6003,1479,1
6002,1479,1
6001,1480,1
6000,1480,1
5999,1480,1
5998,1480,1
5997,1480,1
5996,1480,1
5995,1480,1
5994,1480,1
5993,1480,1
5992,1480,1
5991,1480,1
5990,1480,1
5989,1480,1
5988,1480,1
5987,1480,1
5986,1480,1
5985,1480,1
5984,1480,1
5983,1481,1
5982,1481,1
5981,1481,1
5980,1481,1
5979,1481,1
5978,1481,1
5977,1481,1
5976,1481,1
5975,1481,1
5974,1481,1
5973,1481,1
5972,1481,1
5971,1481,1
5970,1481,1
5969,1481,1
5968,1481,1
5967,1481,1
5966,1481,1
5965,1481,1
5964,1481,1
5963,1481,1
5962,1481,1
5961,1481,1
5960,1481,1
5959,1481,1
5958,1482,1
5957,1482,1
5956,1482,1
5955,1482,1
5954,1482,1
5953,1482,1
5952,1482,1
5951,1482,1
5950,1482,1
5949,1482,1
5948,1482,1
5947,1482,1
5946,1482,1
5945,1482,1
5944,1482,1
5943,1482,1
5942,1482,1
5941,1482,1
5940,1482,1
5939,1482,1
5938,1482,1
5937,1482,1
5936,1482,1
5935,1482,1
5934,1482,1
5933,1482,1
5932,1482,1
5931,1482,1
5930,1482,1
5929,1483,1
5928,1483,1
5927,1483,1
5926,1483,1
5925,1483,1
5924,1483,1
5923,1483,1
5922,1483,1
5921,1483,1
5920,1483,1
5919,1483,1
5918,1483,1
5917,1483,1
5916,1483,1
5915,1483,1
5914,1483,1
5913,1483,1
5912,1483,1
5911,1483,1
5910,1483,1
5910,1484,1
5909,1484,1
5908,1484,1
5907,1484,1
5906,1484,1
5905,1484,1
5904,1484,1
5903,1484,1
5902,1484,1
5901,1484,1
5900,1484,1
5899,1484,1
5898,1484,1
5897,1484,1
5896,1484,1
5895,1484,1
5894,1484,1
5893,1484,1
5892,1484,1
5891,1484,1
5890,1484,1
5889,1484,1
5888,1484,1
5887,1484,1
5886,1484,1
5885,1485,1
5884,1485,1
5883,1485,1
5882,1485,1
5881,1485,1
5880,1485,1
5879,1485,1
5878,1485,1
5877,1485,1
5876,1485,1
5875,1485,1
5874,1485,1
5873,1485,1
5872,1485,1
5871,1485,1
5870,1485,1
5869,1485,1
5868,1485,1
5867,1485,1
5866,1485,1
5865,1486,1
5864,1486,1
5863,1486,1
5862,1486,1
5861,1486,1
5860,1486,1
5859,1486,1
5858,1486,1
5857,1486,1
5856,1486,1
5855,1486,1
5854,1486,1
5853,1486,1
5852,1486,1
5851,1486,1
5850,1486,1
5849,1486,1
5848,1486,1
5847,1486,1
5846,1487,1
5845,1487,1
5844,1487,1
5843,1487,1
5842,1487,1
5841,1487,1
5840,1487,1
5839,1487,1
5838,1487,1
5837,1487,1
5836,1487,1
5835,1487,1
5834,1487,1
5833,1487,1
5832,1487,1
5831,1487,1
5830,1487,1
5829,1487,1
5828,1487,1
5827,1487,1
5826,1487,1
5825,1488,1
5824,1488,1
5823,1488,1
5822,1488,1
5821,1488,1
5820,1488,1
5819,1488,1
5818,1488,1
5817,1488,1
5816,1488,1
5815,1488,1
5814,1488,1
5813,1488,1
5812,1488,1
5811,1488,1
5810,1488,1
5809,1488,1
5808,1489,1
5807,1489,1
5806,1489,1
5805,1489,1
5804,1489,1
5803,1489,1
5802,1489,1
5801,1489,1
5800,1489,1
5799,1489,1
5798,1489,1
5797,1489,1
5796,1489,1
5795,1489,1
5794,1489,1
5793,1489,1
5792,1489,1
5791,1489,1
5790,1490,1
5789,1490,1
5788,1490,1
5787,1490,1
5786,1490,1
5785,1490,1
5784,1490,1
5783,1490,1
5782,1490,1
5781,1490,1
5780,1490,1
5779,1490,1
5778,1490,1
5777,1490,1
5776,1490,1
5775,1490,1
5774,1491,1
5773,1491,1
5772,1491,1
5771,1491,1
5770,1491,1
5769,1491,1
5768,1491,1
5767,1491,1
5766,1491,1
5765,1491,1
5764,1491,1
5763,1491,1
5762,1491,1
5761,1491,1
5760,1491,1
5759,1491,1
5758,1492,1
5757,1492,1
5756,1492,1
5755,1492,1
5754,1492,1
5753,1492,1
5752,1492,1
5751,1492,1
5750,1492,1
5749,1492,1
5748,1492,1
5747,1492,1
5746,1492,1
5745,1492,1
5744,1492,1
5743,1492,1
5742,1492,1
5741,1492,1
5740,1493,1
5739,1493,1
5738,1493,1
5737,1493,1
5736,1493,1
5735,1493,1
5734,1493,1
5733,1493,1
5732,1493,1
5731,1493,1
5730,1493,1
5729,1493,1
5728,1493,1
5727,1493,1
5726,1494,1
5725,1494,1
5724,1494,1
5723,1494,1
5722,1494,1
5721,1494,1
5720,1494,1
5719,1494,1
5718,1494,1
5717,1494,1
5716,1494,1
5715,1494,1
5714,1494,1
5713,1494,1
5712,1494,1
5711,1494,1
5710,1495,1
5709,1495,1
5708,1495,1
5707,1495,1
5706,1495,1
5705,1495,1
5704,1495,1
5703,1495,1
5702,1495,1
5701,1495,1
5700,1495,1
5699,1495,1
5698,1495,1
5697,1496,1
5696,1496,1
5695,1496,1
5694,1496,1
5693,1496,1
5692,1496,1
5691,1496,1
5690,1496,1
5689,1496,1
5688,1496,1
5687,1496,1
5686,1496,1
5685,1496,1
5684,1496,1
5683,1497,1
5682,1497,1
5681,1497,1
5680,1497,1
5679,1497,1
5678,1497,1
5677,1497,1
5676,1497,1
5675,1497,1
5674,1497,1
5673,1497,1
5672,1497,1
5671,1497,1
5670,1497,1
5669,1497,1
5668,1498,1
5667,1498,1
5666,1498,1
5665,1498,1
5664,1498,1
5663,1498,1
5662,1498,1
5661,1498,1
5660,1498,1
5659,1498,1
5658,1498,1
5657,1498,1
5656,1498,1
5655,1498,1
5654,1498,1
5653,1499,1
5652,1499,1
5651,1499,1
5650,1499,1
5649,1499,1
5648,1499,1
5647,1499,1
5646,1499,1
5645,1499,1
5644,1499,1
5643,1499,1
5642,1499,1
5641,1499,1
5640,1499,1
5639,1499,1
5638,1500,1
5637,1500,1
5636,1500,1
5635,1500,1
5634,1500,1
5633,1500,1
5632,1500,1
5631,1500,1
5630,1500,1
5629,1500,1
5628,1500,1
5627,1500,1
5626,1500,1
5625,1500,1
5624,1500,1
5623,1500,1
5622,1501,1
5621,1501,1
5620,1501,1
5619,1501,1
5618,1501,1
5617,1501,1
5616,1501,1
5615,1501,1
5614,1501,1
5613,1501,1
5612,1501,1
5611,1501,1
5610,1501,1
5609,1501,1
5608,1501,1
5607,1501,1
5606,1501,1
5605,1502,1
5604,1502,1
5603,1502,1
5602,1502,1
5601,1502,1
5600,1502,1
5599,1502,1
5598,1502,1
5597,1502,1
5596,1502,1
5595,1502,1
5594,1502,1
5593,1502,1
5592,1502,1
5591,1503,1
5590,1503,1
5589,1503,1
5588,1503,1
5587,1503,1
5586,1503,1
5585,1503,1
5584,1503,1
5583,1503,1
5582,1503,1
5581,1503,1
5580,1503,1
5579,1503,1
5578,1503,1
5577,1503,1
5576,1504,1
5575,1504,1
5574,1504,1
5573,1504,1
5572,1504,1
5571,1504,1
5570,1504,1
5569,1504,1
5568,1504,1
5567,1504,1
5566,1504,1
5565,1504,1
5564,1504,1
5563,1504,1
5562,1505,1
5561,1505,1
5560,1505,1
5559,1505,1
5558,1505,1
5557,1505,1
5556,1505,1
5555,1505,1
5554,1505,1
5553,1505,1
5552,1505,1
5551,1505,1
5550,1505,1
5549,1505,1
5548,1505,1
5547,1506,1
5546,1506,1
5545,1506,1
5544,1506,1
5543,1506,1
5542,1506,1
5541,1506,1
5540,1506,1
5539,1506,1
5538,1506,1
5537,1506,1
5536,1506,1
5535,1506,1
5534,1506,1
5533,1507,1
5532,1507,1
5531,1507,1
5530,1507,1
5529,1507,1
5528,1507,1
5527,1507,1
5526,1507,1
5525,1507,1
5524,1507,1
5523,1507,1
5522,1507,1
5521,1507,1
5520,1508,1
5519,1508,1
5518,1508,1
5517,1508,1
5516,1508,1
5515,1508,1
5514,1508,1
5513,1508,1
5512,1508,1
5511,1508,1
5510,1508,1
5509,1508,1
5508,1508,1
5507,1509,1
5506,1509,1
5505,1509,1
5504,1509,1
5503,1509,1
5502,1509,1
5501,1509,1
5500,1509,1
5499,1509,1
5498,1509,1
5497,1509,1
5496,1509,1
5495,1509,1
5494,1509,1
5493,1510,1
5492,1510,1
5491,1510,1
5490,1510,1
5489,1510,1
5488,1510,1
5487,1510,1
5486,1510,1
5485,1510,1
5484,1510,1
5483,1510,1
5482,1510,1
5481,1511,1
5480,1511,1
5479,1511,1
5478,1511,1
5477,1511,1
5476,1511,1
5475,1511,1
5474,1511,1
5473,1511,1
5472,1511,1
5471,1511,1
5470,1511,1
5469,1512,1
5468,1512,1
5467,1512,1
5466,1512,1
5465,1512,1
5464,1512,1
5463,1512,1
5462,1512,1
5461,1512,1
5460,1512,1
5459,1512,1
5458,1512,1
5457,1512,1
5456,1513,1
5455,1513,1
5454,1513,1
5453,1513,1
5452,1513,1
5451,1513,1
5450,1513,1
5449,1513,1
5448,1513,1
5447,1513,1
5446,1513,1
5445,1513,1
5444,1513,1
5443,1513,1
5442,1514,1
5441,1514,1
5440,1514,1
5439,1514,1
5438,1514,1
5437,1514,1
5436,1514,1
5435,1514,1
5434,1514,1
5433,1514,1
5432,1514,1
5431,1514,1
5430,1514,1
5429,1515,1
5428,1515,1
5427,1515,1
5426,1515,1
5425,1515,1
5424,1515,1
5423,1515,1
5422,1515,1
5421,1515,1
5420,1515,1
5419,1515,1
5418,1515,1
5417,1515,1
5416,1516,1
5415,1516,1
5414,1516,1
5413,1516,1
5412,1516,1
5411,1516,1
5410,1516,1
5409,1516,1
5408,1516,1
5407,1516,1
5406,1516,1
5405,1516,1
5404,1517,1
5403,1517,1
5402,1517,1
5401,1517,1
5400,1517,1
5399,1517,1
5398,1517,1
5397,1517,1
5396,1517,1
5395,1517,1
5394,1517,1
5393,1517,1
5392,1518,1
5391,1518,1
5390,1518,1
5389,1518,1
5388,1518,1
5387,1518,1
5386,1518,1
5385,1518,1
5384,1518,1
5383,1518,1
5382,1518,1
5381,1518,1
5380,1519,1
5379,1519,1
5378,1519,1
5377,1519,1
5376,1519,1
5375,1519,1
5374,1519,1
5373,1519,1
5372,1519,1
5371,1519,1
5370,1519,1
5369,1519,1
5368,1520,1
5367,1520,1
5366,1520,1
5365,1520,1
5364,1520,1
5363,1520,1
5362,1520,1
5361,1520,1
5360,1520,1
5359,1520,1
5358,1520,1
5357,1521,1
5356,1521,1
5355,1521,1
5354,1521,1
5353,1521,1
5352,1521,1
5351,1521,1
5350,1521,1
5349,1521,1
5348,1521,1
5347,1521,1
5346,1522,1
5345,1522,1
5344,1522,1
5343,1522,1
5342,1522,1
5341,1522,1
5340,1522,1
5339,1522,1
5338,1522,1
5337,1522,1
5336,1522,1
5335,1523,1
5334,1523,1
5333,1523,1
5332,1523,1
5331,1523,1
5330,1523,1
5329,1523,1
5328,1523,1
5327,1523,1
5326,1523,1
5325,1523,1
5324,1524,1
5323,1524,1
5322,1524,1
5321,1524,1
5320,1524,1
5319,1524,1
5318,1524,1
5317,1524,1
5316,1524,1
5315,1524,1
5314,1524,1
5313,1525,1
5312,1525,1
5311,1525,1
5310,1525,1
5309,1525,1
5308,1525,1
5307,1525,1
5306,1525,1
5305,1525,1
5304,1525,1
5303,1525,1
5302,1526,1
5301,1526,1
5300,1526,1
5299,1526,1
5298,1526,1
5297,1526,1
5296,1526,1
5295,1526,1
5294,1526,1
5293,1526,1
5292,1526,1
5291,1527,1
5290,1527,1
5289,1527,1
5288,1527,1
5287,1527,1
5286,1527,1
5285,1527,1
5284,1527,1
5283,1527,1
5282,1527,1
5281,1527,1
5280,1528,1
5279,1528,1
5278,1528,1
5277,1528,1
5276,1528,1
5275,1528,1
5274,1528,1
5273,1528,1
5272,1528,1
5271,1528,1
5270,1528,1
5269,1529,1
5268,1529,1
5267,1529,1
5266,1529,1
5265,1529,1
5264,1529,1
5263,1529,1
5262,1529,1
5261,1529,1
5260,1529,1
5259,1529,1
5258,1530,1
5257,1530,1
5256,1530,1
5255,1530,1
5254,1530,1
5253,1530,1
5252,1530,1
5251,1530,1
5250,1530,1
5249,1530,1
5248,1530,1
5247,1531,1
5246,1531,1
5245,1531,1
5244,1531,1
5243,1531,1
5242,1531,1
5241,1531,1
5240,1531,1
5239,1531,1
5238,1531,1
5237,1532,1
5236,1532,1
5235,1532,1
5234,1532,1
5233,1532,1
5232,1532,1
5231,1532,1
5230,1532,1
5229,1532,1
5228,1532,1
5227,1533,1
5226,1533,1
5225,1533,1
5224,1533,1
5223,1533,1
5222,1533,1
5221,1533,1
5220,1533,1
5219,1533,1
5218,1533,1
5217,1533,1
5216,1534,1
5215,1534,1
5214,1534,1
5213,1534,1
5212,1534,1
5211,1534,1
5210,1534,1
5209,1534,1
5208,1534,1
5207,1534,1
5206,1535,1
5205,1535,1
5204,1535,1
5203,1535,1
5202,1535,1
5201,1535,1
5200,1535,1
5199,1535,1
5198,1535,1
5197,1536,1
5196,1536,1
5195,1536,1
5194,1536,1
5193,1536,1
5192,1536,1
5191,1536,1
5190,1536,1
5189,1536,1
5188,1536,1
5187,1536,1
5186,1537,1
5185,1537,1
5184,1537,1
5183,1537,1
5182,1537,1
5181,1537,1
5180,1537,1
5179,1537,1
5178,1537,1
5177,1537,1
5176,1538,1
5175,1538,1
5174,1538,1
5173,1538,1
5172,1538,1
5171,1538,1
5170,1538,1
5169,1538,1
5168,1538,1
5167,1538,1
5166,1538,1
5165,1539,1
5164,1539,1
5163,1539,1
5162,1539,1
5161,1539,1
5160,1539,1
5159,1539,1
5158,1539,1
5157,1539,1
5156,1539,1
5155,1540,1
5154,1540,1
5153,1540,1
5152,1540,1
5151,1540,1
5150,1540,1
5149,1540,1
5148,1540,1
5147,1540,1
5146,1541,1
5145,1541,1
5144,1541,1
5143,1541,1
5142,1541,1
5141,1541,1
5140,1541,1
5139,1541,1
5138,1541,1
5137,1541,1
5136,1542,1
5135,1542,1
5134,1542,1
5133,1542,1
5132,1542,1
5131,1542,1
5130,1542,1
5129,1542,1
5128,1542,1
5127,1542,1
5126,1542,1
5125,1543,1
5124,1543,1
5123,1543,1
5122,1543,1
5121,1543,1
5120,1543,1
5119,1543,1
5118,1543,1
5117,1543,1
5116,1543,1
5115,1544,1
5114,1544,1
5113,1544,1
5112,1544,1
5111,1544,1
5110,1544,1
5109,1544,1
5108,1544,1
5107,1544,1
5106,1544,1
5105,1545,1
5104,1545,1
5103,1545,1
5102,1545,1
5101,1545,1
5100,1545,1
5099,1545,1
5098,1545,1
5097,1545,1
5096,1545,1
5095,1546,1
5094,1546,1
5093,1546,1
5092,1546,1
5091,1546,1
5090,1546,1
5089,1546,1
5088,1546,1
5087,1547,1
5086,1547,1
5085,1547,1
5084,1547,1
5083,1547,1
5082,1547,1
5081,1547,1
5080,1547,1
5079,1547,1
5078,1547,1
5077,1547,1
5076,1548,1
5075,1548,1
5074,1548,1
5073,1548,1
5072,1548,1
5071,1548,1
5070,1548,1
5069,1548,1
5068,1548,1
5067,1548,1
5066,1549,1
5065,1549,1
5064,1549,1
5063,1549,1
5062,1549,1
5061,1549,1
5060,1549,1
5059,1549,1
5058,1549,1
5057,1549,1
5056,1549,1
5055,1550,1
5054,1550,1
5053,1550,1
5052,1550,1
5051,1550,1
5050,1550,1
5049,1550,1
5048,1550,1
5047,1550,1
5046,1550,1
5045,1551,1
5044,1551,1
5043,1551,1
5042,1551,1
5041,1551,1
5040,1551,1
5039,1551,1
5038,1551,1
5037,1551,1
5036,1551,1
5035,1552,1
5034,1552,1
5033,1552,1
5032,1552,1
5031,1552,1
5030,1552,1
5029,1552,1
5028,1552,1
5027,1552,1
5026,1552,1
5025,1553,1
5024,1553,1
5023,1553,1
5022,1553,1
5021,1553,1
5020,1553,1
5019,1553,1
5018,1553,1
5017,1553,1
5016,1554,1
5015,1554,1
5014,1554,1
5013,1554,1
5012,1554,1
5011,1554,1
5010,1554,1
5009,1554,1
5008,1554,1
5007,1554,1
5006,1555,1
5005,1555,1
5004,1555,1
5003,1555,1
5002,1555,1
5001,1555,1
5000,1555,1
4999,1555,1
4998,1555,1
4997,1555,1
4996,1556,1
4995,1556,1
4994,1556,1
4993,1556,1
4992,1556,1
4991,1556,1
4990,1556,1
4989,1556,1
4988,1556,1
4987,1557,1
4986,1557,1
4985,1557,1
4984,1557,1
4983,1557,1
4982,1557,1
4981,1557,1
4980,1557,1
4979,1557,1
4978,1558,1
4977,1558,1
4976,1558,1
4975,1558,1
4974,1558,1
4973,1558,1
4972,1558,1
4971,1558,1
4970,1558,1
4969,1558,1
4968,1559,1
4967,1559,1
4966,1559,1
4965,1559,1
4964,1559,1
4963,1559,1
4962,1559,1
4961,1559,1
4960,1559,1
4959,1559,1
4958,1560,1
4957,1560,1
4956,1560,1
4955,1560,1
4954,1560,1
4953,1560,1
4952,1560,1
4951,1560,1
4950,1560,1
4949,1561,1
4948,1561,1
4947,1561,1
4946,1561,1
4945,1561,1
4944,1561,1
4943,1561,1
4942,1561,1
4941,1561,1
4940,1561,1
4939,1562,1
4938,1562,1
4937,1562,1
4936,1562,1
4935,1562,1
4934,1562,1
4933,1562,1
4932,1562,1
4931,1562,1
4930,1563,1
4929,1563,1
4928,1563,1
4927,1563,1
4926,1563,1
4925,1563,1
4924,1563,1
4923,1563,1
4922,1563,1
4921,1564,1
4920,1564,1
4919,1564,1
4918,1564,1
4917,1564,1
4916,1564,1
4915,1564,1
4914,1564,1
4913,1564,1
4912,1565,1
4911,1565,1
4910,1565,1
4909,1565,1
4908,1565,1
4907,1565,1
4906,1565,1
4905,1565,1
4904,1565,1
4903,1566,1
4902,1566,1
4901,1566,1
4900,1566,1
4899,1566,1
4898,1566,1
4897,1566,1
4896,1566,1
4895,1566,1
4894,1566,1
4893,1567,1
4892,1567,1
4891,1567,1
4890,1567,1
4889,1567,1
4888,1567,1
4887,1567,1
4886,1567,1
4885,1568,1
4884,1568,1
4883,1568,1
4882,1568,1
4881,1568,1
4880,1568,1
4879,1568,1
4878,1568,1
4877,1568,1
4876,1568,1
4875,1569,1
4874,1569,1
4873,1569,1
4872,1569,1
4871,1569,1
4870,1569,1
4869,1569,1
4868,1569,1
4867,1570,1
4866,1570,1
4865,1570,1
4864,1570,1
4863,1570,1
4862,1570,1
4861,1570,1
4860,1570,1
4859,1570,1
4858,1571,1
4857,1571,1
4856,1571,1
4855,1571,1
4854,1571,1
4853,1571,1
4852,1571,1
4851,1571,1
4850,1571,1
4849,1572,1
4848,1572,1
4847,1572,1
4846,1572,1
4845,1572,1
4844,1572,1
4843,1572,1
4842,1572,1
4841,1572,1
4840,1572,1
4839,1573,1
4838,1573,1
4837,1573,1
4836,1573,1
4835,1573,1
4834,1573,1
4833,1573,1
4832,1573,1
4831,1573,1
4830,1574,1
4829,1574,1
4828,1574,1
4827,1574,1
4826,1574,1
4825,1574,1
4824,1574,1
4823,1574,1
4822,1575,1
4821,1575,1
4820,1575,1
4819,1575,1
4818,1575,1
4817,1575,1
4816,1575,1
4815,1575,1
4814,1575,1
4813,1575,1
4812,1576,1
4811,1576,1
4810,1576,1
4809,1576,1
4808,1576,1
4807,1576,1
4806,1576,1
4805,1576,1
4804,1576,1
4803,1577,1
4802,1577,1
4801,1577,1
4800,1577,1
4799,1577,1
4798,1577,1
4797,1577,1
4796,1577,1
4795,1577,1
4794,1578,1
4793,1578,1
4792,1578,1
4791,1578,1
4790,1578,1
4789,1578,1
4788,1578,1
4787,1578,1
4786,1579,1
4785,1579,1
4784,1579,1
4783,1579,1
4782,1579,1
4781,1579,1
4780,1579,1
4779,1579,1
4778,1579,1
4777,1579,1
4776,1580,1
4775,1580,1
4774,1580,1
4773,1580,1
4772,1580,1
4771,1580,1
4770,1580,1
4769,1580,1
4768,1580,1
4767,1581,1
4766,1581,1
4765,1581,1
4764,1581,1
4763,1581,1
4762,1581,1
4761,1581,1
4760,1581,1
4759,1581,1
4758,1581,1
4757,1581,1
4756,1582,1
4755,1582,1
4754,1582,1
4753,1582,1
4752,1582,1
4751,1582,1
4750,1582,1
4749,1582,1
4748,1582,1
4747,1583,1
4746,1583,1
4745,1583,1
4744,1583,1
4743,1583,1
4742,1583,1
4741,1583,1
4740,1583,1
4739,1583,1
4738,1584,1
4737,1584,1
4736,1584,1
4735,1584,1
4734,1584,1
4733,1584,1
4732,1584,1
4731,1584,1
4730,1584,1
4729,1584,1
4728,1584,1
4727,1585,1
4726,1585,1
4725,1585,1
4724,1585,1
4723,1585,1
4722,1585,1
4721,1585,1
4720,1585,1
4719,1585,1
4718,1586,1
4717,1586,1
4716,1586,1
4715,1586,1
4714,1586,1
4713,1586,1
4712,1586,1
4711,1586,1
4710,1586,1
4709,1587,1
4708,1587,1
4707,1587,1
4706,1587,1
4705,1587,1
4704,1587,1
4703,1587,1
4702,1587,1
4701,1587,1
4700,1587,1
4699,1587,1
4698,1587,1
4697,1588,1
4696,1588,1
4695,1588,1
4694,1588,1
4693,1588,1
4692,1588,1
4691,1588,1
4690,1588,1
4689,1588,1
4688,1588,1
4687,1588,1
4686,1589,1
4685,1589,1
4684,1589,1
4683,1589,1
4682,1589,1
4681,1589,1
4680,1589,1
4679,1589,1
4678,1589,1
4677,1590,1
4676,1590,1
4675,1590,1
4674,1590,1
4673,1590,1
4672,1590,1
4671,1590,1
4670,1590,1
4669,1590,1
4668,1590,1
4667,1590,1
4666,1590,1
4665,1590,1
4664,1590,1
4663,1590,1
4662,1590,1
4661,1590,1
4660,1590,1
4659,1591,1
4658,1591,1
4657,1591,1
4656,1591,1
4655,1591,1
4654,1591,1
4653,1591,1
4652,1591,1
4651,1591,1
4650,1591,1
4649,1591,1
4648,1591,1
4647,1591,1
4646,1592,1
4645,1592,1
4644,1592,1
4643,1592,1
4642,1592,1
4641,1592,1
4640,1592,1
4639,1592,1
4638,1592,1
4637,1593,1
4636,1593,1
4635,1593,1
4634,1593,1
4633,1593,1
4632,1593,1
4631,1593,1
4630,1593,1
4629,1593,1
4628,1593,1
4627,1593,1
4626,1593,1
4625,1593,1
4624,1593,1
4623,1593,1
4622,1593,1
4621,1593,1
4620,1593,1
4619,1593,1
4618,1593,1
4617,1593,1
4616,1593,1
4615,1593,1
4614,1593,1
4613,1593,1
4612,1593,1
4611,1593,1
4610,1593,1
4609,1593,1
4608,1593,1
4607,1593,1
4606,1593,1
4605,1593,1
4604,1593,1
4603,1593,1
4602,1593,1
4601,1593,1
4600,1593,1
4600,1593,0
