463,612,1
513,609,1
514,608,1
515,608,1
516,608,1
517,608,1
518,608,1
519,608,1
520,608,1
521,608,1
522,608,1
523,608,1
524,607,1
525,607,1
526,607,1
527,607,1
528,607,1
529,607,1
530,607,1
531,607,1
532,607,1
533,606,1
534,606,1
535,606,1
536,606,1
537,606,1
538,606,1
539,606,1
540,606,1
541,605,1
542,605,1
543,605,1
544,605,1
545,605,1
546,605,1
547,605,1
548,604,1
549,604,1
550,604,1
551,604,1
552,604,1
553,603,1
554,603,1
555,603,1
556,603,1
557,603,1
558,603,1
559,603,1
560,602,1
561,602,1
562,602,1
563,602,1
564,602,1
565,602,1
566,602,1
567,601,1
568,601,1
569,601,1
570,601,1
571,601,1
572,601,1
573,601,1
574,601,1
575,601,1
576,601,1
577,601,1
578,602,1
579,602,1
580,602,1
581,602,1
582,603,1
583,603,1
584,603,1
585,604,1
586,604,1
587,605,1
588,606,1
589,606,1
589,607,1
590,607,1
590,608,1
591,608,1
591,609,1
592,610,1
592,611,1
593,611,1
593,612,1
593,613,1
594,614,1
594,615,1
594,616,1
595,617,1
595,618,1
595,619,1
595,620,1
595,621,1
595,622,1
596,623,1
596,624,1
596,625,1
596,626,1
596,627,1
596,628,1
596,629,1
596,630,1
596,631,1
596,632,1
596,633,1
596,634,1
596,635,1
596,636,1
596,637,1
596,638,1
596,639,1
596,640,1
596,641,1
596,642,1
596,643,1
596,644,1
596,645,1
596,646,1
596,647,1
596,648,1
596,649,1
596,650,1
596,651,1
596,652,1
596,653,1
596,654,1
596,655,1
596,656,1
596,657,1
596,658,1
596,659,1
596,660,1
596,661,1
596,662,1
596,663,1
596,664,1
596,665,1
596,666,1
596,667,1
596,668,1
596,669,1
596,670,1
596,671,1
596,672,1
596,673,1
596,674,1
596,675,1
596,676,1
596,677,1
596,678,1
596,679,1
597,680,1
597,681,1
597,682,1
597,683,1
597,684,1
597,685,1
597,686,1
597,687,1
597,688,1
597,689,1
597,690,1
597,691,1
597,692,1
597,693,1
597,694,1
597,695,1
597,696,1
598,697,1
598,698,1
598,699,1
598,700,1
598,701,1
598,702,1
598,703,1
598,704,1
598,705,1
599,706,1
599,707,1
599,708,1
599,709,1
599,710,1
599,711,1
599,712,1
599,711,1
599,710,1
599,709,1
598,708,1
598,707,1
598,706,1
598,705,1
597,704,1
569,660,1
568,660,1
567,659,1
566,659,1
565,658,1
564,658,1
563,658,1
562,657,1
561,657,1
560,657,1
559,656,1
558,656,1
557,656,1
556,656,1
555,656,1
554,655,1
553,655,1
552,655,1
551,655,1
550,655,1
549,655,1
548,655,1
547,655,1
546,655,1
545,655,1
544,655,1
543,655,1
542,655,1
541,655,1
540,655,1
539,655,1
538,655,1
537,655,1
536,656,1
535,656,1
534,656,1
533,656,1
532,656,1
531,657,1
530,657,1
529,657,1
528,657,1
527,658,1
526,658,1
525,658,1
524,659,1
523,659,1
522,659,1
521,660,1
520,660,1
519,661,1
518,661,1
518,662,1
517,662,1
516,663,1
515,663,1
514,664,1
514,665,1
513,665,1
512,666,1
511,667,1
510,668,1
509,669,1
509,670,1
508,670,1
508,671,1
507,672,1
507,673,1
507,674,1
506,674,1
506,675,1
506,676,1
506,677,1
506,678,1
505,678,1
505,679,1
505,680,1
505,681,1
506,682,1
506,683,1
506,684,1
506,685,1
507,686,1
507,687,1
508,688,1
508,689,1
509,690,1
510,691,1
511,691,1
511,692,1
512,692,1
513,693,1
514,694,1
515,694,1
516,695,1
517,695,1
518,695,1
519,696,1
520,696,1
521,696,1
522,696,1
523,697,1
524,697,1
525,697,1
526,697,1
527,697,1
528,697,1
529,697,1
530,697,1
531,697,1
532,697,1
533,697,1
534,697,1
535,697,1
536,697,1
537,696,1
538,696,1
539,696,1
540,696,1
541,696,1
542,695,1
543,695,1
544,695,1
545,695,1
546,694,1
547,694,1
548,693,1
549,693,1
550,693,1
551,692,1
552,692,1
553,692,1
554,691,1
555,691,1
556,690,1
557,690,1
558,690,1
559,689,1
560,689,1
560,688,1
561,688,1
562,687,1
563,687,1
564,686,1
565,686,1
566,685,1
567,685,1
568,684,1
569,684,1
569,683,1
570,683,1
571,682,1
572,681,1
573,681,1
574,680,1
575,679,1
576,678,1
577,678,1
578,677,1
579,676,1
580,676,1
580,675,1
581,674,1
582,674,1
583,673,1
583,672,1
584,672,1
585,671,1
586,670,1
586,669,1
587,669,1
588,668,1
589,667,1
589,666,1
590,665,1
591,665,1
591,664,1
592,663,1
593,662,1
593,661,1
594,660,1
595,660,1
595,659,1
596,658,1
596,657,1
597,656,1
598,655,1
599,654,1
599,653,1
600,652,1
600,651,1
601,651,1
602,650,1
602,649,1
603,648,1
603,647,1
604,646,1
605,646,1
605,645,1
606,644,1
606,643,1
607,642,1
608,641,1
609,640,1
609,639,1
610,639,1
611,638,1
611,637,1
612,636,1
613,636,1
613,635,1
614,634,1
615,634,1
616,633,1
617,632,1
618,632,1
619,631,1
620,630,1
621,630,1
622,629,1
623,629,1
624,629,1
625,628,1
626,628,1
627,628,1
628,627,1
629,627,1
630,627,1
631,627,1
632,627,1
633,627,1
634,627,1
635,627,1
636,627,1
637,627,1
638,628,1
639,628,1
640,628,1
641,629,1
642,629,1
643,629,1
644,630,1
645,630,1
646,631,1
647,632,1
648,632,1
649,633,1
650,633,1
650,634,1
651,635,1
652,635,1
652,636,1
653,637,1
654,637,1
654,638,1
655,639,1
655,640,1
656,641,1
657,641,1
657,642,1
657,643,1
658,644,1
658,645,1
659,646,1
659,647,1
660,648,1
660,649,1
660,650,1
661,651,1
661,652,1
661,653,1
661,654,1
662,655,1
662,656,1
662,657,1
662,658,1
662,659,1
662,660,1
662,661,1
663,662,1
663,663,1
663,664,1
663,665,1
663,666,1
663,667,1
663,668,1
663,669,1
663,670,1
663,671,1
663,672,1
663,673,1
663,674,1
663,675,1
663,676,1
663,677,1
663,678,1
663,677,1
663,676,1
663,675,1
663,674,1
663,673,1
663,672,1
663,671,1
656,606,0
640,537,1
641,537,1
642,536,1
643,536,1
644,536,1
645,536,1
646,535,1
647,535,1
648,535,1
649,534,1
650,534,1
651,534,1
652,533,1
653,533,1
654,533,1
655,533,1
656,532,1
657,532,1
658,532,1
659,532,1
660,531,1
661,531,1
662,531,1
663,530,1
664,530,1
665,530,1
666,529,1
667,529,1
668,529,1
669,529,1
670,528,1
671,528,1
672,528,1
673,528,1
674,527,1
675,527,1
676,527,1
677,527,1
678,526,1
679,526,1
680,526,1
681,525,1
682,525,1
683,525,1
684,525,1
685,525,1
686,524,1
687,524,1
688,524,1
689,524,1
690,523,1
691,523,1
692,523,1
693,523,1
694,522,1
695,522,1
696,522,1
697,521,1
698,521,1
699,521,1
700,521,1
701,520,1
702,520,1
703,520,1
704,520,1
705,519,1
706,519,1
707,519,1
708,519,1
709,518,1
710,518,1
711,518,1
712,518,1
713,517,1
714,517,1
715,517,1
716,517,1
717,516,1
718,516,1
719,516,1
720,516,1
721,515,1
722,515,1
723,515,1
724,515,1
725,514,1
726,514,1
727,514,1
728,514,1
729,513,1
730,513,1
731,513,1
732,513,1
733,513,1
734,512,1
735,512,1
736,512,1
737,512,1
738,512,1
739,511,1
740,511,1
741,511,1
742,511,1
743,511,1
744,510,1
745,510,1
746,510,1
747,510,1
748,510,1
749,509,1
750,509,1
751,509,1
752,509,1
753,508,1
754,508,1
755,508,1
756,508,1
757,508,1
758,507,1
759,507,1
760,507,1
761,507,1
762,506,1
763,506,1
764,506,1
765,506,1
766,506,1
767,505,1
768,505,1
769,505,1
770,505,1
771,504,1
772,504,1
773,504,1
774,504,1
775,504,1
776,503,1
777,503,1
778,503,1
779,503,1
780,502,1
781,502,1
782,502,1
783,502,1
784,502,1
785,501,1
786,501,1
787,501,1
788,501,1
789,500,1
790,500,1
791,500,1
792,500,1
793,500,1
794,499,1
795,499,1
796,499,1
797,499,1
798,498,1
799,498,1
800,498,1
801,498,1
802,498,1
803,497,1
804,497,1
805,497,1
806,497,1
807,496,1
808,496,1
809,496,1
810,496,1
811,495,1
812,495,1
813,495,1
814,495,1
815,494,1
816,494,1
817,494,1
818,494,1
819,494,1
820,493,1
821,493,1
822,493,1
823,493,1
824,492,1
825,492,1
826,492,1
827,492,1
828,492,1
829,491,1
830,491,1
831,491,1
832,491,1
833,491,1
834,490,1
835,490,1
836,491,1
809,517,0
783,540,1
784,540,1
785,540,1
786,540,1
787,540,1
788,540,1
789,541,1
790,541,1
791,542,1
792,543,1
793,543,1
793,544,1
794,545,1
795,546,1
795,547,1
795,548,1
796,548,1
796,549,1
796,550,1
797,551,1
798,552,1
798,553,1
799,554,1
799,555,1
800,556,1
800,557,1
800,558,1
801,559,1
801,560,1
801,561,1
801,562,1
801,563,1
801,564,1
801,565,1
802,566,1
802,567,1
802,568,1
802,569,1
802,570,1
801,571,1
801,572,1
801,573,1
801,574,1
801,575,1
801,576,1
802,577,1
802,578,1
802,579,1
802,580,1
802,581,1
802,582,1
802,583,1
802,584,1
802,585,1
802,586,1
802,587,1
803,588,1
803,589,1
803,590,1
804,591,1
804,592,1
805,592,1
805,593,1
806,593,1
806,594,1
807,594,1
807,595,1
808,595,1
809,596,1
810,596,1
811,597,1
812,597,1
813,597,1
814,597,1
815,597,1
816,597,1
817,597,1
818,597,1
819,597,1
820,597,1
821,597,1
822,597,1
823,597,1
824,596,1
825,596,1
826,596,1
827,595,1
828,595,1
829,595,1
830,594,1
831,594,1
832,593,1
833,593,1
834,592,1
835,592,1
836,591,1
837,591,1
837,590,1
838,590,1
839,589,1
840,589,1
841,588,1
842,587,1
843,587,1
844,586,1
845,585,1
846,585,1
847,584,1
848,583,1
849,583,1
850,582,1
851,581,1
852,580,1
853,579,1
854,578,1
855,578,1
856,577,1
857,576,1
857,575,1
858,575,1
859,574,1
860,573,1
861,572,1
861,571,1
862,571,1
863,570,1
864,569,1
865,568,1
865,567,1
866,566,1
867,565,1
868,565,1
868,564,1
869,563,1
870,562,1
870,561,1
871,560,1
871,559,1
872,558,1
873,557,1
873,556,1
874,556,1
874,555,1
875,554,1
875,553,1
876,552,1
876,551,1
876,550,1
877,549,1
877,548,1
878,547,1
878,546,1
878,545,1
879,544,1
879,543,1
879,542,1
879,541,1
879,540,1
879,539,1
879,538,1
879,537,1
879,536,1
879,535,1
879,534,1
879,533,1
879,532,1
878,532,1
878,531,1
878,530,1
877,530,1
877,529,1
876,528,1
875,528,1
875,527,1
874,527,1
873,527,1
873,526,1
872,526,1
871,526,1
870,527,1
869,527,1
868,527,1
867,528,1
866,529,1
865,530,1
864,531,1
863,532,1
863,533,1
862,534,1
862,535,1
861,536,1
861,537,1
860,538,1
860,539,1
860,540,1
860,541,1
859,542,1
859,543,1
859,544,1
859,545,1
859,546,1
859,547,1
859,548,1
859,549,1
859,550,1
859,551,1
859,552,1
859,553,1
859,554,1
859,555,1
859,556,1
859,557,1
859,558,1
859,559,1
859,560,1
859,561,1
859,562,1
859,563,1
859,564,1
860,565,1
860,566,1
860,567,1
860,568,1
860,569,1
860,570,1
860,571,1
861,572,1
861,573,1
861,574,1
861,575,1
861,576,1
862,577,1
862,578,1
862,579,1
862,580,1
863,581,1
863,582,1
863,583,1
863,584,1
864,585,1
864,586,1
864,587,1
864,588,1
865,589,1
865,590,1
865,591,1
866,592,1
866,593,1
866,594,1
867,595,1
867,596,1
868,597,1
868,598,1
868,599,1
869,600,1
869,601,1
869,602,1
870,603,1
870,604,1
871,605,1
871,606,1
872,607,1
873,608,1
873,609,1
873,610,1
874,610,1
874,611,1
875,611,1
875,612,1
876,612,1
876,613,1
877,613,1
877,614,1
878,614,1
879,614,1
879,615,1
880,615,1
880,616,1
881,616,1
882,616,1
883,616,1
883,615,1
883,614,1
883,613,1
883,612,1
883,611,1
883,610,1
883,609,1
883,608,1
902,541,0
912,467,1
913,467,1
914,467,1
915,466,1
916,466,1
917,466,1
918,466,1
919,466,1
920,465,1
921,465,1
922,465,1
923,465,1
924,464,1
925,464,1
926,464,1
927,464,1
928,464,1
929,464,1
930,463,1
931,463,1
932,463,1
933,463,1
934,463,1
935,462,1
936,462,1
937,462,1
938,462,1
939,462,1
940,461,1
941,461,1
942,461,1
943,461,1
944,461,1
945,460,1
946,460,1
947,460,1
948,460,1
949,460,1
950,459,1
951,459,1
952,459,1
953,459,1
954,458,1
955,458,1
956,458,1
957,458,1
958,458,1
959,457,1
960,457,1
961,457,1
962,457,1
963,456,1
964,456,1
965,456,1
966,456,1
967,456,1
968,455,1
969,455,1
970,455,1
971,455,1
972,454,1
973,454,1
974,454,1
975,453,1
976,453,1
977,453,1
978,453,1
979,452,1
980,452,1
981,452,1
982,452,1
983,451,1
984,451,1
985,451,1
986,451,1
987,450,1
988,450,1
989,450,1
990,450,1
991,449,1
992,449,1
993,449,1
994,449,1
995,448,1
996,448,1
997,448,1
998,447,1
999,447,1
1000,447,1
1001,447,1
1002,446,1
1003,446,1
1004,446,1
1005,445,1
1006,445,1
1007,445,1
1008,445,1
1009,444,1
1010,444,1
1011,444,1
1012,444,1
1013,443,1
1014,443,1
1015,443,1
1016,443,1
1017,442,1
1018,442,1
1019,442,1
1020,442,1
1021,442,1
1022,441,1
1023,441,1
1024,441,1
1025,441,1
1026,440,1
1027,440,1
1028,440,1
1029,440,1
1030,440,1
1031,440,1
1032,439,1
1033,439,1
1034,439,1
1035,439,1
1036,439,1
1037,439,1
1038,439,1
1039,439,1
1040,439,1
1041,439,1
1042,439,1
1043,439,1
1044,439,1
1045,439,1
1046,439,1
1047,439,1
1048,440,1
1049,440,1
1050,440,1
1051,440,1
1052,441,1
1053,442,1
1054,442,1
1055,442,1
1056,443,1
1057,444,1
1058,445,1
1059,445,1
1059,446,1
1060,446,1
1061,447,1
1061,448,1
1062,449,1
1063,450,1
1063,451,1
1064,452,1
1064,453,1
1065,453,1
1065,454,1
1066,455,1
1066,456,1
1067,457,1
1067,458,1
1067,459,1
1068,460,1
1068,461,1
1068,462,1
1069,463,1
1069,464,1
1069,465,1
1069,466,1
1070,467,1
1070,468,1
1070,469,1
1070,470,1
1071,471,1
1071,472,1
1071,473,1
1071,474,1
1072,475,1
1072,476,1
1072,477,1
1072,478,1
1072,479,1
1072,480,1
1073,481,1
1073,482,1
1073,483,1
1073,484,1
1073,485,1
1073,486,1
1074,487,1
1074,488,1
1074,489,1
1074,490,1
1074,491,1
1074,492,1
1074,493,1
1075,494,1
1075,495,1
1075,496,1
1075,497,1
1075,498,1
1076,499,1
1076,500,1
1076,501,1
1076,502,1
1076,503,1
1076,504,1
1077,505,1
1077,506,1
1077,507,1
1077,508,1
1077,509,1
1077,510,1
1078,511,1
1078,512,1
1078,513,1
1078,514,1
1078,515,1
1079,516,1
1079,517,1
1079,518,1
1079,519,1
1079,520,1
1080,521,1
1080,522,1
1080,523,1
1080,524,1
1080,525,1
1081,526,1
1081,527,1
1081,528,1
1081,529,1
1081,530,1
1082,531,1
1082,532,1
1082,533,1
1082,534,1
1082,535,1
1083,536,1
1083,537,1
1083,538,1
1083,539,1
1083,540,1
1084,541,1
1084,542,1
1084,543,1
1084,544,1
1084,545,1
1085,546,1
1085,547,1
1085,548,1
1085,549,1
1086,550,1
1086,551,1
1086,552,1
1086,553,1
1086,554,1
1087,555,1
1087,556,1
1087,557,1
1087,558,1
1087,559,1
1088,560,1
1088,561,1
1088,562,1
1088,563,1
1089,564,1
1089,565,1
1089,566,1
1089,567,1
1089,568,1
1090,569,1
1090,570,1
1090,571,1
1090,572,1
1090,573,1
1091,574,1
1091,575,1
1091,576,1
1091,577,1
1092,578,1
1092,579,1
1092,580,1
1092,581,1
1092,582,1
1093,583,1
1093,584,1
1093,585,1
1093,586,1
1094,587,1
1094,588,1
1094,589,1
1094,590,1
1094,591,1
1095,592,1
1095,593,1
1095,594,1
1095,595,1
1095,596,1
1095,597,1
1096,598,1
1096,599,1
1096,600,1
1096,601,1
1096,602,1
1096,603,1
1096,604,1
1095,604,1
1095,605,1
1094,605,1
1094,604,1
1093,603,1
1093,602,1
1092,601,1
1092,600,1
1092,599,1
1091,598,1
1091,597,1
1091,596,1
1090,595,1
1090,594,1
1051,577,0
1017,550,1
1016,550,1
1015,550,1
1014,550,1
1013,551,1
1012,551,1
1011,552,1
1010,552,1
1009,552,1
1008,553,1
1007,553,1
1006,553,1
1005,553,1
1004,554,1
1003,554,1
1002,554,1
1001,555,1
1000,555,1
999,555,1
998,555,1
997,556,1
996,556,1
995,556,1
994,557,1
993,557,1
992,557,1
991,558,1
990,558,1
989,558,1
988,558,1
987,559,1
986,559,1
985,559,1
984,560,1
983,560,1
982,560,1
981,561,1
980,561,1
979,561,1
978,562,1
977,562,1
976,562,1
975,563,1
974,563,1
973,564,1
972,564,1
971,564,1
970,565,1
969,566,1
968,566,1
967,566,1
966,567,1
965,567,1
964,568,1
963,568,1
962,569,1
961,570,1
960,570,1
959,571,1
958,571,1
958,572,1
957,573,1
956,573,1
956,574,1
955,575,1
954,575,1
953,576,1
953,577,1
952,577,1
952,578,1
951,579,1
951,580,1
950,580,1
950,581,1
949,582,1
949,583,1
949,584,1
948,585,1
948,586,1
948,587,1
948,588,1
947,589,1
947,590,1
947,591,1
947,592,1
947,593,1
948,594,1
948,595,1
948,596,1
949,597,1
949,598,1
950,599,1
950,600,1
951,600,1
951,601,1
952,601,1
952,602,1
953,603,1
954,603,1
955,604,1
956,604,1
956,605,1
957,605,1
958,605,1
959,606,1
960,606,1
961,606,1
962,606,1
963,606,1
964,606,1
965,606,1
966,606,1
967,606,1
968,606,1
969,605,1
970,605,1
971,605,1
971,604,1
972,604,1
973,604,1
974,603,1
975,602,1
976,601,1
977,600,1
978,600,1
978,599,1
979,598,1
979,597,1
980,596,1
981,595,1
981,594,1
981,593,1
982,592,1
982,591,1
982,590,1
982,589,1
983,589,1
983,588,1
983,587,1
983,586,1
983,585,1
983,584,1
983,583,1
983,582,1
982,581,1
982,580,1
982,579,1
982,578,1
982,577,1
981,576,1
981,575,1
981,574,1
980,573,1
980,572,1
980,571,1
979,570,1
979,569,1
978,568,1
977,567,1
976,566,1
976,565,1
975,564,1
974,563,1
974,562,1
973,562,1
972,561,1
972,560,1
971,559,1
971,558,1
970,558,1
969,557,1
968,556,1
968,555,1
967,554,1
966,554,1
965,553,1
964,552,1
963,552,1
962,551,1
961,551,1
960,550,1
959,550,1
959,551,1
958,551,1
958,552,1
958,552,0
454,513,0
