569,937,1
570,937,1
619,929,1
620,929,1
621,928,1
622,928,1
623,928,1
624,928,1
625,928,1
626,927,1
627,927,1
628,927,1
629,927,1
630,927,1
631,926,1
632,926,1
633,926,1
634,926,1
635,926,1
636,925,1
637,925,1
638,925,1
639,925,1
640,925,1
641,924,1
642,924,1
643,924,1
644,924,1
645,923,1
646,923,1
647,923,1
648,923,1
649,923,1
650,922,1
651,922,1
652,922,1
653,922,1
654,922,1
655,921,1
656,921,1
657,921,1
658,921,1
659,920,1
660,920,1
661,920,1
662,920,1
663,920,1
664,919,1
665,919,1
666,919,1
667,919,1
668,918,1
669,918,1
670,918,1
671,918,1
672,917,1
673,917,1
674,917,1
675,917,1
676,917,1
677,916,1
678,916,1
679,916,1
680,916,1
681,916,1
682,915,1
683,915,1
684,915,1
685,915,1
686,915,1
687,914,1
688,914,1
689,914,1
690,914,1
691,914,1
692,913,1
693,913,1
694,913,1
744,903,1
745,903,1
746,903,1
747,903,1
748,903,1
749,902,1
750,902,1
751,902,1
752,902,1
753,901,1
754,901,1
755,901,1
756,901,1
757,901,1
758,900,1
759,900,1
760,900,1
761,900,1
762,900,1
763,899,1
764,899,1
765,899,1
766,899,1
767,899,1
768,898,1
769,898,1
770,898,1
771,898,1
772,898,1
773,897,1
774,897,1
775,897,1
776,897,1
777,897,1
778,896,1
779,896,1
780,896,1
781,896,1
782,896,1
783,895,1
784,895,1
785,895,1
786,895,1
787,895,1
788,894,1
789,894,1
790,894,1
791,894,1
792,894,1
793,894,1
794,893,1
795,893,1
796,893,1
797,893,1
798,893,1
799,893,1
800,892,1
801,892,1
802,892,1
803,892,1
804,892,1
805,892,1
806,891,1
807,891,1
808,891,1
809,891,1
810,890,1
811,890,1
812,890,1
813,890,1
814,890,1
815,890,1
816,890,1
817,890,1
818,889,1
819,889,1
820,889,1
821,889,1
822,889,1
823,889,1
824,889,1
824,888,1
825,888,1
826,888,1
827,888,1
828,888,1
829,888,1
830,887,1
831,887,1
832,887,1
833,887,1
834,887,1
835,887,1
836,886,1
837,886,1
838,886,1
839,886,1
840,886,1
841,886,1
842,886,1
843,886,1
844,886,1
845,885,1
846,885,1
847,885,1
848,885,1
849,885,1
850,884,1
851,884,1
852,884,1
853,884,1
854,884,1
855,884,1
856,883,1
857,883,1
858,883,1
859,883,1
860,883,1
861,883,1
862,883,1
863,883,1
864,883,1
865,882,1
866,882,1
867,882,1
868,882,1
869,882,1
870,882,1
871,882,1
872,882,1
873,882,1
874,881,1
875,881,1
876,881,1
877,881,1
878,881,1
879,881,1
880,881,1
881,881,1
882,881,1
883,881,1
884,881,1
885,881,1
886,881,1
887,882,1
888,882,1
889,882,1
890,882,1
891,882,1
892,882,1
893,882,1
894,883,1
895,883,1
896,883,1
897,883,1
898,884,1
899,884,1
900,884,1
900,885,1
901,885,1
902,885,1
903,886,1
904,886,1
905,887,1
906,888,1
907,888,1
908,889,1
909,890,1
910,890,1
911,891,1
912,892,1
913,893,1
914,894,1
914,895,1
915,895,1
916,896,1
916,897,1
917,897,1
917,898,1
918,899,1
918,900,1
919,901,1
919,902,1
920,903,1
920,904,1
921,905,1
921,906,1
921,907,1
922,907,1
922,908,1
923,909,1
923,910,1
923,911,1
924,912,1
924,913,1
924,914,1
924,915,1
925,916,1
925,917,1
925,918,1
926,919,1
926,920,1
926,921,1
926,922,1
926,923,1
927,924,1
927,925,1
927,926,1
927,927,1
927,928,1
927,929,1
927,930,1
927,931,1
927,932,1
928,933,1
928,934,1
928,935,1
928,936,1
928,937,1
928,938,1
928,939,1
928,940,1
928,941,1
928,942,1
928,943,1
928,944,1
928,945,1
928,946,1
929,947,1
929,948,1
929,949,1
929,950,1
929,951,1
929,952,1
929,953,1
929,954,1
929,955,1
929,956,1
929,957,1
929,958,1
930,959,1
930,960,1
930,961,1
930,962,1
930,963,1
930,964,1
930,965,1
930,966,1
930,967,1
930,968,1
930,969,1
930,970,1
930,971,1
930,972,1
930,973,1
930,974,1
930,975,1
930,976,1
930,977,1
930,978,1
930,979,1
930,980,1
930,981,1
930,982,1
930,983,1
931,984,1
931,985,1
931,986,1
931,987,1
931,988,1
931,989,1
931,990,1
931,991,1
931,992,1
931,993,1
931,994,1
931,995,1
932,996,1
932,997,1
932,998,1
932,999,1
932,1000,1
932,1001,1
932,1002,1
932,1003,1
932,1004,1
932,1005,1
932,1006,1
933,1007,1
933,1008,1
933,1009,1
933,1010,1
933,1011,1
933,1012,1
933,1013,1
933,1014,1
933,1015,1
934,1016,1
934,1017,1
934,1018,1
934,1019,1
934,1020,1
934,1021,1
934,1022,1
934,1023,1
934,1024,1
935,1025,1
935,1026,1
935,1027,1
935,1028,1
935,1029,1
936,1030,1
936,1031,1
936,1032,1
936,1033,1
936,1034,1
936,1035,1
937,1036,1
937,1037,1
937,1038,1
937,1039,1
937,1040,1
938,1041,1
938,1042,1
938,1043,1
938,1044,1
939,1045,1
939,1046,1
940,1047,1
940,1048,1
941,1049,1
941,1050,1
942,1050,1
942,1051,1
943,1052,1
944,1052,1
945,1052,1
945,1051,1
946,1051,1
946,1050,1
947,1050,1
947,1049,1
947,1048,1
948,1047,1
948,1046,1
948,1045,1
948,1044,1
949,1044,1
949,1043,1
949,1042,1
949,1041,1
949,1040,1
949,1039,1
949,1038,1
949,1037,1
950,1036,1
950,1035,1
950,1034,1
950,1033,1
950,1032,1
950,1031,1
950,1030,1
950,1029,1
950,1028,1
950,1027,1
950,1026,1
950,1025,1
950,1024,1
950,1023,1
950,1022,1
950,1021,1
950,1020,1
950,1019,1
950,1018,1
950,1017,1
950,1016,1
949,1015,1
949,1014,1
949,1013,1
949,1012,1
949,1011,1
949,1010,1
949,1009,1
949,1008,1
949,1007,1
949,1006,1
949,1005,1
948,1004,1
948,1003,1
948,1002,1
948,1001,1
948,1000,1
948,999,1
948,998,1
947,997,1
947,996,1
947,995,1
947,994,1
947,993,1
947,992,1
946,991,1
946,990,1
946,989,1
946,988,1
945,987,1
945,986,1
945,985,1
945,984,1
945,983,1
944,982,1
944,981,1
943,980,1
943,979,1
943,978,1
943,977,1
942,976,1
942,975,1
942,974,1
941,974,1
941,973,1
940,972,1
940,971,1
940,970,1
939,969,1
938,968,1
938,967,1
938,966,1
937,966,1
937,965,1
936,964,1
936,963,1
935,962,1
934,961,1
934,960,1
934,959,1
933,959,1
932,958,1
932,957,1
931,956,1
930,955,1
930,954,1
929,954,1
929,953,1
928,952,1
927,952,1
927,951,1
926,950,1
925,949,1
924,948,1
923,947,1
922,946,1
921,945,1
920,944,1
919,943,1
918,943,1
917,942,1
917,941,1
916,941,1
915,940,1
914,940,1
914,939,1
913,939,1
912,938,1
911,938,1
910,937,1
909,937,1
908,936,1
907,936,1
906,936,1
906,935,1
905,935,1
904,935,1
903,934,1
902,934,1
901,934,1
900,933,1
899,933,1
898,932,1
897,932,1
896,932,1
895,932,1
894,931,1
893,931,1
892,931,1
891,931,1
890,931,1
889,931,1
888,930,1
887,930,1
886,930,1
885,930,1
884,930,1
883,930,1
882,930,1
881,930,1
880,930,1
879,930,1
878,930,1
877,930,1
876,930,1
875,930,1
874,930,1
873,930,1
872,930,1
871,930,1
870,930,1
869,930,1
868,930,1
867,930,1
866,930,1
865,931,1
864,931,1
863,931,1
862,931,1
861,931,1
860,931,1
860,932,1
859,932,1
858,932,1
857,932,1
856,932,1
855,933,1
854,933,1
853,933,1
852,934,1
851,934,1
850,934,1
849,935,1
848,935,1
847,935,1
846,936,1
845,936,1
844,937,1
843,937,1
842,938,1
841,938,1
840,939,1
839,939,1
838,940,1
837,940,1
836,941,1
835,942,1
834,943,1
833,943,1
832,944,1
831,945,1
830,945,1
829,946,1
828,947,1
827,948,1
826,948,1
826,949,1
825,949,1
824,950,1
824,951,1
823,951,1
822,952,1
822,953,1
821,954,1
820,954,1
819,955,1
819,956,1
818,957,1
817,957,1
817,958,1
816,959,1
816,960,1
815,960,1
814,961,1
814,962,1
813,963,1
813,964,1
812,965,1
811,966,1
810,967,1
810,968,1
810,969,1
809,970,1
808,971,1
808,972,1
808,973,1
807,974,1
807,975,1
807,976,1
806,977,1
806,978,1
806,979,1
805,980,1
805,981,1
805,982,1
805,983,1
805,984,1
805,985,1
805,986,1
805,987,1
805,988,1
805,989,1
805,990,1
805,991,1
805,992,1
805,993,1
805,994,1
805,995,1
806,996,1
806,997,1
807,998,1
807,999,1
807,1000,1
808,1000,1
808,1001,1
808,1002,1
809,1003,1
810,1004,1
811,1005,1
812,1006,1
812,1007,1
813,1007,1
814,1007,1
814,1008,1
815,1008,1
816,1009,1
817,1009,1
818,1010,1
819,1010,1
820,1011,1
821,1011,1
822,1011,1
823,1011,1
824,1012,1
825,1012,1
826,1012,1
827,1012,1
828,1012,1
829,1012,1
830,1012,1
831,1012,1
832,1012,1
833,1012,1
834,1012,1
835,1011,1
836,1011,1
837,1011,1
838,1011,1
839,1011,1
839,1010,1
840,1010,1
841,1010,1
842,1009,1
843,1009,1
844,1008,1
845,1008,1
846,1008,1
847,1007,1
848,1007,1
848,1006,1
849,1005,1
850,1005,1
851,1004,1
852,1004,1
853,1003,1
854,1003,1
855,1002,1
856,1001,1
857,1000,1
858,1000,1
859,999,1
860,998,1
861,998,1
862,997,1
863,996,1
864,995,1
865,994,1
866,994,1
867,993,1
868,992,1
869,991,1
870,990,1
871,989,1
872,988,1
873,988,1
874,987,1
874,986,1
875,985,1
876,985,1
877,984,1
878,983,1
879,982,1
879,981,1
880,981,1
881,980,1
882,979,1
883,978,1
884,977,1
885,976,1
886,975,1
887,974,1
888,974,1
889,973,1
889,972,1
890,971,1
891,970,1
892,970,1
893,969,1
893,968,1
894,968,1
895,967,1
896,966,1
897,965,1
898,964,1
899,963,1
900,962,1
901,961,1
902,960,1
903,959,1
904,958,1
905,957,1
906,956,1
907,955,1
908,954,1
909,954,1
910,953,1
910,952,1
911,951,1
912,950,1
913,950,1
914,949,1
914,948,1
915,947,1
916,947,1
917,946,1
918,945,1
919,944,1
920,943,1
921,942,1
922,941,1
923,941,1
924,940,1
925,939,1
925,938,1
926,938,1
927,937,1
928,936,1
929,936,1
930,935,1
931,934,1
932,933,1
933,932,1
934,931,1
935,931,1
936,930,1
937,929,1
938,929,1
939,928,1
939,927,1
940,927,1
941,926,1
942,925,1
943,925,1
944,924,1
945,924,1
946,923,1
947,923,1
948,922,1
949,921,1
950,920,1
951,920,1
952,919,1
953,919,1
954,919,1
955,918,1
956,918,1
957,917,1
958,917,1
959,917,1
959,916,1
960,916,1
961,916,1
962,915,1
963,915,1
964,914,1
965,914,1
966,914,1
967,914,1
968,913,1
969,913,1
970,913,1
971,913,1
972,912,1
973,912,1
974,912,1
975,912,1
976,912,1
976,911,1
977,911,1
978,911,1
979,911,1
980,911,1
981,911,1
982,911,1
983,911,1
984,911,1
985,911,1
986,911,1
987,911,1
988,911,1
989,911,1
990,911,1
991,911,1
992,912,1
993,912,1
994,912,1
995,912,1
996,912,1
997,913,1
998,913,1
999,913,1
1000,913,1
1001,914,1
1002,914,1
1003,914,1
1004,915,1
1005,915,1
1006,915,1
1007,916,1
1008,916,1
1008,917,1
1009,917,1
1010,918,1
1011,918,1
1012,918,1
1013,919,1
1014,920,1
1015,920,1
1016,921,1
1017,922,1
1018,922,1
1019,923,1
1019,924,1
1020,924,1
1021,925,1
1022,925,1
1022,926,1
1023,927,1
1024,927,1
1024,928,1
1025,929,1
1026,929,1
1026,930,1
1027,931,1
1028,931,1
1028,932,1
1029,933,1
1030,934,1
1031,935,1
1032,936,1
1032,937,1
1033,937,1
1033,938,1
1034,939,1
1035,940,1
1035,941,1
1036,941,1
1036,942,1
1037,943,1
1037,944,1
1038,945,1
1038,946,1
1039,946,1
1039,947,1
1040,948,1
1040,949,1
1041,950,1
1041,951,1
1042,952,1
1042,953,1
1043,954,1
1043,955,1
1043,956,1
1044,957,1
1044,958,1
1044,959,1
1045,959,1
1045,960,1
1045,961,1
1046,962,1
1046,963,1
1047,964,1
1047,965,1
1047,966,1
1047,967,1
1048,968,1
1048,969,1
1048,970,1
1049,971,1
1049,972,1
1049,973,1
1049,974,1
1050,975,1
1050,976,1
1050,977,1
1051,978,1
1051,979,1
1051,980,1
1051,981,1
1051,982,1
1051,983,1
1052,984,1
1052,985,1
1052,986,1
1052,987,1
1052,988,1
1052,989,1
1053,990,1
1053,991,1
1053,992,1
1053,993,1
1054,994,1
1054,995,1
1054,996,1
1055,997,1
1055,998,1
1055,999,1
1056,999,1
1056,1000,1
1057,1001,1
1058,1001,1
1059,1001,1
1059,1000,1
1060,1000,1
1061,999,1
1062,998,1
1063,997,1
1063,996,1
1063,995,1
1064,995,1
1064,994,1
1064,993,1
1064,992,1
1065,991,1
1065,990,1
1065,989,1
1066,988,1
1066,987,1
1066,986,1
1067,985,1
1067,984,1
1067,983,1
1068,982,1
1068,981,1
1069,980,1
1070,979,1
1070,978,1
1071,978,1
1064,891,0
1049,794,1
1050,794,1
1051,794,1
1052,794,1
1053,794,1
1054,794,1
1055,794,1
1056,794,1
1057,794,1
1058,794,1
1059,794,1
1060,793,1
1061,793,1
1062,793,1
1063,793,1
1064,793,1
1065,793,1
1066,793,1
1067,793,1
1068,792,1
1069,792,1
1070,792,1
1071,792,1
1072,792,1
1073,792,1
1074,792,1
1075,792,1
1076,792,1
1077,791,1
1078,791,1
1079,791,1
1080,791,1
1081,791,1
1082,791,1
1083,791,1
1084,791,1
1085,791,1
1086,790,1
1087,790,1
1088,790,1
1089,790,1
1090,790,1
1091,790,1
1092,790,1
1093,789,1
1094,789,1
1095,789,1
1096,789,1
1097,789,1
1098,789,1
1099,789,1
1100,789,1
1101,789,1
1102,788,1
1103,788,1
1104,788,1
1105,788,1
1106,788,1
1107,788,1
1108,788,1
1109,788,1
1110,787,1
1111,787,1
1112,787,1
1113,787,1
1114,787,1
1115,787,1
1116,787,1
1117,787,1
1118,786,1
1119,786,1
1120,786,1
1121,786,1
1122,786,1
1123,786,1
1124,786,1
1125,785,1
1126,785,1
1127,785,1
1128,785,1
1129,785,1
1130,785,1
1131,785,1
1132,784,1
1133,784,1
1134,784,1
1135,784,1
1136,784,1
1137,784,1
1138,783,1
1139,783,1
1140,783,1
1141,783,1
1142,783,1
1143,783,1
1144,783,1
1145,783,1
1146,783,1
1147,782,1
1148,782,1
1149,782,1
1150,782,1
1151,782,1
1152,782,1
1153,781,1
1154,781,1
1155,781,1
1156,781,1
1157,781,1
1158,781,1
1159,780,1
1160,780,1
1161,780,1
1162,780,1
1163,780,1
1164,780,1
1165,780,1
1166,780,1
1167,779,1
1168,779,1
1169,779,1
1170,779,1
1171,779,1
1172,779,1
1173,778,1
1174,778,1
1175,778,1
1176,778,1
1177,778,1
1178,778,1
1179,777,1
1180,777,1
1181,777,1
1182,777,1
1183,777,1
1184,777,1
1185,777,1
1186,777,1
1187,777,1
1188,776,1
1189,776,1
1190,776,1
1191,776,1
1192,776,1
1193,776,1
1194,775,1
1195,775,1
1196,775,1
1197,775,1
1198,775,1
1199,775,1
1200,774,1
1201,774,1
1202,774,1
1203,774,1
1204,774,1
1205,774,1
1206,774,1
1207,774,1
1208,774,1
1209,773,1
1210,773,1
1211,773,1
1212,773,1
1213,773,1
1214,773,1
1215,773,1
1216,772,1
1217,772,1
1218,772,1
1219,772,1
1220,772,1
1221,772,1
1222,772,1
1223,772,1
1224,771,1
1225,771,1
1226,771,1
1227,771,1
1228,771,1
1229,771,1
1230,771,1
1231,771,1
1232,771,1
1233,770,1
1234,770,1
1235,770,1
1236,770,1
1237,770,1
1238,770,1
1239,769,1
1240,769,1
1241,769,1
1242,769,1
1243,769,1
1244,769,1
1245,769,1
1246,769,1
1247,769,1
1248,768,1
1249,768,1
1250,768,1
1251,768,1
1252,768,1
1253,768,1
1254,768,1
1255,768,1
1256,767,1
1257,767,1
1258,767,1
1259,767,1
1260,767,1
1261,767,1
1262,767,1
1263,766,1
1264,766,1
1265,766,1
1266,766,1
1267,766,1
1268,766,1
1269,766,1
1270,766,1
1271,766,1
1272,765,1
1273,765,1
1274,765,1
1275,765,1
1276,765,1
1277,765,1
1278,765,1
1279,764,1
1280,764,1
1281,764,1
1282,764,1
1283,764,1
1284,764,1
1285,764,1
1285,763,1
1286,763,1
1287,763,1
1288,763,1
1289,763,1
1290,763,1
1291,763,1
1292,763,1
1293,763,1
1294,763,1
1295,762,1
1296,762,1
1297,762,1
1298,762,1
1299,762,1
1300,762,1
1301,762,1
1302,762,1
1301,762,1
1300,762,1
1299,762,1
1298,763,1
1297,763,1
1296,764,1
1295,764,1
1294,764,1
1294,765,1
1294,766,1
1223,826,0
1131,894,1
1132,894,1
1133,894,1
1134,893,1
1135,893,1
1136,892,1
1137,892,1
1138,892,1
1139,892,1
1140,892,1
1141,891,1
1142,891,1
1143,891,1
1144,891,1
1145,891,1
1146,891,1
1147,890,1
1148,890,1
1149,890,1
1150,890,1
1151,890,1
1152,890,1
1153,890,1
1154,890,1
1155,890,1
1156,890,1
1157,891,1
1158,891,1
1159,891,1
1160,891,1
1161,891,1
1162,891,1
1163,891,1
1164,892,1
1165,892,1
1166,892,1
1167,893,1
1168,893,1
1169,893,1
1169,894,1
1170,894,1
1171,895,1
1172,895,1
1173,896,1
1174,897,1
1174,898,1
1175,898,1
1175,899,1
1176,900,1
1176,901,1
1176,902,1
1177,903,1
1177,904,1
1177,905,1
1177,906,1
1177,907,1
1177,908,1
1177,909,1
1176,910,1
1176,911,1
1176,912,1
1176,913,1
1176,914,1
1175,915,1
1175,916,1
1174,917,1
1174,918,1
1174,919,1
1173,919,1
1173,920,1
1172,921,1
1172,922,1
1171,923,1
1170,924,1
1170,925,1
1169,926,1
1169,927,1
1168,928,1
1167,929,1
1167,930,1
1166,931,1
1166,932,1
1165,932,1
1164,933,1
1164,934,1
1163,935,1
1163,936,1
1162,937,1
1161,938,1
1161,939,1
1160,940,1
1159,941,1
1158,942,1
1158,943,1
1157,944,1
1157,945,1
1156,946,1
1155,947,1
1154,948,1
1154,949,1
1153,950,1
1153,951,1
1152,951,1
1152,952,1
1151,953,1
1151,954,1
1150,955,1
1150,956,1
1149,957,1
1148,958,1
1148,959,1
1147,960,1
1147,961,1
1147,962,1
1146,963,1
1146,964,1
1145,965,1
1145,966,1
1145,967,1
1144,968,1
1144,969,1
1143,970,1
1143,971,1
1143,972,1
1142,973,1
1142,974,1
1142,975,1
1142,976,1
1141,977,1
1141,978,1
1141,979,1
1141,980,1
1141,981,1
1141,982,1
1141,983,1
1141,984,1
1141,985,1
1141,986,1
1141,987,1
1141,988,1
1141,989,1
1141,990,1
1142,991,1
1142,992,1
1142,993,1
1142,994,1
1143,995,1
1143,996,1
1144,996,1
1144,997,1
1144,998,1
1145,999,1
1145,1000,1
1146,1000,1
1146,1001,1
1147,1002,1
1147,1003,1
1148,1003,1
1148,1004,1
1149,1005,1
1150,1005,1
1150,1006,1
1151,1006,1
1152,1007,1
1152,1008,1
1153,1008,1
1154,1009,1
1155,1009,1
1156,1009,1
1156,1010,1
1157,1010,1
1158,1011,1
1159,1011,1
1160,1011,1
1161,1012,1
1162,1012,1
1163,1013,1
1164,1013,1
1165,1013,1
1166,1013,1
1167,1013,1
1168,1013,1
1169,1014,1
1170,1014,1
1171,1014,1
1172,1014,1
1173,1014,1
1174,1014,1
1175,1014,1
1176,1014,1
1177,1014,1
1178,1014,1
1179,1013,1
1180,1013,1
1181,1013,1
1182,1013,1
1183,1013,1
1184,1013,1
1185,1013,1
1186,1012,1
1187,1012,1
1188,1012,1
1189,1012,1
1190,1011,1
1191,1011,1
1192,1011,1
1193,1010,1
1194,1010,1
1195,1010,1
1196,1009,1
1197,1009,1
1198,1009,1
1199,1008,1
1200,1008,1
1201,1007,1
1202,1007,1
1203,1006,1
1204,1006,1
1205,1005,1
1206,1005,1
1207,1005,1
1208,1004,1
1209,1004,1
1209,1003,1
1210,1003,1
1211,1002,1
1212,1002,1
1213,1001,1
1214,1001,1
1215,1000,1
1216,1000,1
1217,999,1
1218,998,1
1219,998,1
1219,997,1
1220,997,1
1221,996,1
1222,996,1
1223,995,1
1224,994,1
1225,994,1
1226,993,1
1227,993,1
1228,992,1
1229,991,1
1230,990,1
1231,989,1
1232,989,1
1233,988,1
1234,987,1
1235,987,1
1235,986,1
1236,985,1
1237,985,1
1238,984,1
1239,983,1
1240,983,1
1241,982,1
1241,981,1
1242,981,1
1243,980,1
1244,979,1
1245,978,1
1246,978,1
1246,977,1
1247,976,1
1248,976,1
1249,975,1
1250,974,1
1250,973,1
1251,973,1
1252,972,1
1253,971,1
1254,970,1
1255,969,1
1256,968,1
1257,967,1
1258,966,1
1259,966,1
1259,965,1
1260,964,1
1261,963,1
1262,962,1
1263,961,1
1263,960,1
1264,960,1
1265,959,1
1265,958,1
1266,957,1
1267,957,1
1267,956,1
1268,955,1
1269,954,1
1269,953,1
1270,953,1
1271,952,1
1271,951,1
1272,950,1
1273,950,1
1273,949,1
1274,948,1
1275,947,1
1275,946,1
1276,945,1
1277,944,1
1277,943,1
1278,942,1
1279,941,1
1279,940,1
1280,940,1
1280,939,1
1281,938,1
1281,937,1
1282,936,1
1282,935,1
1283,934,1
1284,933,1
1284,932,1
1285,931,1
1285,930,1
1286,929,1
1287,928,1
1287,927,1
1287,926,1
1288,925,1
1288,924,1
1289,923,1
1289,922,1
1290,922,1
1290,921,1
1291,920,1
1291,919,1
1291,918,1
1292,917,1
1292,916,1
1293,915,1
1293,914,1
1294,913,1
1294,912,1
1294,911,1
1295,910,1
1295,909,1
1295,908,1
1296,908,1
1296,907,1
1296,906,1
1296,905,1
1297,904,1
1297,903,1
1297,902,1
1297,901,1
1298,900,1
1298,899,1
1299,898,1
1299,897,1
1299,896,1
1299,895,1
1300,894,1
1300,893,1
1300,892,1
1301,891,1
1301,890,1
1301,889,1
1301,888,1
1302,887,1
1302,886,1
1302,885,1
1302,884,1
1302,883,1
1303,882,1
1303,881,1
1303,880,1
1303,879,1
1303,878,1
1303,877,1
1304,876,1
1304,875,1
1304,874,1
1304,873,1
1304,872,1
1304,871,1
1304,870,1
1305,869,1
1305,868,1
1305,867,1
1305,866,1
1305,865,1
1305,864,1
1305,863,1
1305,862,1
1305,861,1
1305,860,1
1305,859,1
1305,858,1
1305,857,1
1305,856,1
1305,855,1
1305,854,1
1305,853,1
1305,852,1
1305,851,1
1305,850,1
1305,849,1
1305,848,1
1305,847,1
1305,846,1
1304,845,1
1304,844,1
1304,843,1
1304,842,1
1304,841,1
1304,840,1
1303,839,1
1303,838,1
1303,837,1
1303,836,1
1302,836,1
1302,835,1
1302,834,1
1302,833,1
1301,832,1
1301,831,1
1301,830,1
1300,830,1
1300,829,1
1299,828,1
1299,827,1
1298,827,1
1298,826,1
1297,826,1
1297,825,1
1296,825,1
1295,825,1
1294,825,1
1293,826,1
1292,827,1
1292,828,1
1291,829,1
1291,830,1
1291,831,1
1291,832,1
1290,833,1
1290,834,1
1290,835,1
1290,836,1
1290,837,1
1290,838,1
1290,839,1
1290,840,1
1290,841,1
1290,842,1
1290,843,1
1290,844,1
1290,845,1
1290,846,1
1290,847,1
1290,848,1
1290,849,1
1291,850,1
1291,851,1
1291,852,1
1291,853,1
1291,854,1
1291,855,1
1291,856,1
1292,857,1
1292,858,1
1292,859,1
1292,860,1
1292,861,1
1292,862,1
1292,863,1
1293,864,1
1293,865,1
1293,866,1
1293,867,1
1293,868,1
1294,869,1
1294,870,1
1294,871,1
1294,872,1
1294,873,1
1294,874,1
1295,875,1
1295,876,1
1295,877,1
1295,878,1
1296,879,1
1296,880,1
1296,881,1
1296,882,1
1296,883,1
1297,884,1
1297,885,1
1297,886,1
1297,887,1
1298,888,1
1298,889,1
1298,890,1
1298,891,1
1299,892,1
1299,893,1
1299,894,1
1299,895,1
1300,896,1
1300,897,1
1300,898,1
1300,899,1
1301,900,1
1301,901,1
1301,902,1
1301,903,1
1302,904,1
1302,905,1
1302,906,1
1302,907,1
1303,908,1
1303,909,1
1303,910,1
1303,911,1
1304,912,1
1304,913,1
1304,914,1
1304,915,1
1305,916,1
1305,917,1
1305,918,1
1305,919,1
1306,920,1
1306,921,1
1306,922,1
1306,923,1
1307,924,1
1307,925,1
1307,926,1
1307,927,1
1308,928,1
1308,929,1
1308,930,1
1308,931,1
1309,932,1
1309,933,1
1309,934,1
1310,935,1
1310,936,1
1310,937,1
1311,938,1
1311,939,1
1311,940,1
1312,941,1
1312,942,1
1312,943,1
1312,944,1
1313,945,1
1313,946,1
1313,947,1
1313,948,1
1314,949,1
1314,950,1
1314,951,1
1315,952,1
1315,953,1
1315,954,1
1315,955,1
1316,956,1
1316,957,1
1316,958,1
1317,959,1
1317,960,1
1317,961,1
1318,962,1
1318,963,1
1318,964,1
1318,965,1
1319,966,1
1319,967,1
1319,968,1
1320,969,1
1320,970,1
1320,971,1
1321,972,1
1321,973,1
1321,974,1
1322,975,1
1322,976,1
1322,977,1
1323,978,1
1323,979,1
1323,980,1
1323,981,1
1324,982,1
1324,983,1
1324,984,1
1325,985,1
1325,986,1
1325,987,1
1326,987,1
1326,988,1
1326,989,1
1327,990,1
1327,991,1
1327,992,1
1328,993,1
1328,994,1
1328,995,1
1328,996,1
1329,996,1
1329,997,1
1329,998,1
1330,999,1
1330,1000,1
1330,1001,1
1331,1001,1
1331,1002,1
1331,1003,1
1332,1004,1
1332,1005,1
1333,1006,1
1333,1007,1
1334,1008,1
1334,1009,1
1335,1010,1
1335,1011,1
1336,1012,1
1336,1013,1
1337,1013,1
1337,1014,1
1338,1014,1
1338,1015,1
1339,1015,1
1339,1016,1
1340,1016,1
1341,1016,1
1342,1015,1
1343,1015,1
1343,1014,1
1344,1013,1
1345,1012,1
1346,1012,1
1346,1011,1
1346,1010,1
1346,1009,1
1347,1009,1
1347,1008,1
1347,1007,1
1347,1006,1
1347,1005,1
1347,1004,1
1347,1003,1
1347,1002,1
1348,1001,1
1348,1000,1
1348,999,1
1348,998,1
1349,997,1
1349,996,1
1349,995,1
1349,994,1
1349,993,1
1349,992,1
1349,991,1
1355,858,0
1349,711,1
1350,711,1
1351,711,1
1352,711,1
1353,711,1
1354,711,1
1355,711,1
1356,711,1
1357,711,1
1358,711,1
1359,711,1
1360,711,1
1361,711,1
1362,710,1
1363,710,1
1364,710,1
1365,710,1
1366,710,1
1367,710,1
1368,710,1
1369,710,1
1370,710,1
1371,710,1
1372,709,1
1373,709,1
1374,709,1
1375,709,1
1376,709,1
1377,709,1
1378,709,1
1379,709,1
1380,709,1
1381,708,1
1382,708,1
1383,708,1
1384,708,1
1385,708,1
1386,708,1
1387,708,1
1388,707,1
1389,707,1
1390,707,1
1391,707,1
1392,707,1
1393,707,1
1394,707,1
1395,706,1
1396,706,1
1397,706,1
1398,706,1
1399,706,1
1400,706,1
1401,706,1
1402,706,1
1403,706,1
1404,705,1
1405,705,1
1406,705,1
1407,705,1
1408,705,1
1409,705,1
1410,704,1
1411,704,1
1412,704,1
1413,704,1
1414,704,1
1415,704,1
1416,703,1
1417,703,1
1418,703,1
1419,703,1
1420,703,1
1421,703,1
1422,703,1
1423,702,1
1424,702,1
1425,702,1
1426,702,1
1427,702,1
1428,702,1
1429,702,1
1430,701,1
1431,701,1
1432,701,1
1433,701,1
1434,701,1
1435,701,1
1436,700,1
1437,700,1
1438,700,1
1439,700,1
1440,700,1
1441,700,1
1442,700,1
1443,700,1
1444,700,1
1445,699,1
1446,699,1
1447,699,1
1448,699,1
1449,699,1
1450,698,1
1451,698,1
1452,698,1
1453,698,1
1454,698,1
1455,698,1
1456,697,1
1457,697,1
1458,697,1
1459,697,1
1460,697,1
1461,697,1
1462,697,1
1463,697,1
1464,696,1
1465,696,1
1466,696,1
1467,696,1
1468,696,1
1469,695,1
1470,695,1
1471,695,1
1472,695,1
1473,695,1
1474,695,1
1475,695,1
1476,694,1
1477,694,1
1478,694,1
1479,694,1
1480,694,1
1481,694,1
1482,694,1
1483,693,1
1484,693,1
1485,693,1
1486,693,1
1487,693,1
1488,693,1
1489,693,1
1490,692,1
1491,692,1
1492,692,1
1493,692,1
1494,692,1
1495,692,1
1496,691,1
1497,691,1
1498,691,1
1499,691,1
1500,691,1
1501,691,1
1502,691,1
1503,690,1
1504,690,1
1505,690,1
1506,690,1
1507,690,1
1508,690,1
1509,689,1
1510,689,1
1511,689,1
1512,689,1
1513,689,1
1514,688,1
1515,688,1
1516,688,1
1517,688,1
1518,688,1
1519,688,1
1520,688,1
1521,687,1
1522,687,1
1523,687,1
1524,687,1
1525,687,1
1526,687,1
1527,686,1
1528,686,1
1529,686,1
1530,686,1
1531,686,1
1532,685,1
1533,685,1
1534,685,1
1535,685,1
1536,685,1
1537,685,1
1538,684,1
1539,684,1
1540,684,1
1541,684,1
1542,684,1
1543,683,1
1544,683,1
1545,683,1
1546,683,1
1547,683,1
1548,682,1
1549,682,1
1550,682,1
1551,682,1
1552,682,1
1553,681,1
1554,681,1
1555,681,1
1556,681,1
1557,680,1
1558,680,1
1559,680,1
1560,680,1
1561,680,1
1562,679,1
1563,679,1
1564,679,1
1565,679,1
1566,678,1
1567,678,1
1568,678,1
1569,678,1
1570,678,1
1571,677,1
1572,677,1
1573,677,1
1574,677,1
1575,677,1
1576,676,1
1577,676,1
1578,676,1
1579,676,1
1580,675,1
1581,675,1
1582,675,1
1583,675,1
1584,675,1
1585,674,1
1586,674,1
1587,674,1
1588,674,1
1589,674,1
1590,673,1
1591,673,1
1592,673,1
1593,673,1
1594,673,1
1595,673,1
1596,672,1
1597,672,1
1598,672,1
1599,672,1
1600,672,1
1601,672,1
1602,672,1
1603,672,1
1604,671,1
1605,671,1
1606,671,1
1607,671,1
1608,671,1
1609,671,1
1610,671,1
1611,671,1
1612,671,1
1613,672,1
1614,672,1
1615,672,1
1616,672,1
1617,672,1
1618,672,1
1619,672,1
1620,672,1
1620,673,1
1621,673,1
1622,673,1
1623,673,1
1624,674,1
1625,674,1
1626,675,1
1627,675,1
1628,676,1
1629,676,1
1629,677,1
1630,677,1
1631,678,1
1632,679,1
1633,679,1
1633,680,1
1634,680,1
1635,681,1
1635,682,1
1636,682,1
1636,683,1
1637,684,1
1638,685,1
1638,686,1
1639,687,1
1639,688,1
1640,689,1
1640,690,1
1641,690,1
1641,691,1
1641,692,1
1642,693,1
1642,694,1
1642,695,1
1643,696,1
1643,697,1
1643,698,1
1644,699,1
1644,700,1
1644,701,1
1645,702,1
1645,703,1
1645,704,1
1645,705,1
1645,706,1
1646,707,1
1646,708,1
1646,709,1
1646,710,1
1646,711,1
1646,712,1
1647,713,1
1647,714,1
1647,715,1
1647,716,1
1647,717,1
1647,718,1
1647,719,1
1647,720,1
1647,721,1
1648,722,1
1648,723,1
1648,724,1
1648,725,1
1648,726,1
1648,727,1
1648,728,1
1648,729,1
1648,730,1
1648,731,1
1648,732,1
1648,733,1
1649,734,1
1649,735,1
1649,736,1
1649,737,1
1649,738,1
1649,739,1
1649,740,1
1649,741,1
1649,742,1
1649,743,1
1649,744,1
1649,745,1
1650,746,1
1650,747,1
1650,748,1
1650,749,1
1650,750,1
1650,751,1
1650,752,1
1650,753,1
1650,754,1
1651,755,1
1651,756,1
1651,757,1
1651,758,1
1651,759,1
1651,760,1
1651,761,1
1651,762,1
1651,763,1
1651,764,1
1651,765,1
1652,766,1
1652,767,1
1652,768,1
1652,769,1
1652,770,1
1652,771,1
1652,772,1
1652,773,1
1653,774,1
1653,775,1
1653,776,1
1653,777,1
1653,778,1
1653,779,1
1653,780,1
1654,781,1
1654,782,1
1654,783,1
1654,784,1
1654,785,1
1654,786,1
1654,787,1
1655,788,1
1655,789,1
1655,790,1
1655,791,1
1655,792,1
1655,793,1
1656,794,1
1656,795,1
1656,796,1
1656,797,1
1656,798,1
1657,799,1
1657,800,1
1657,801,1
1657,802,1
1657,803,1
1658,804,1
1658,805,1
1658,806,1
1658,807,1
1658,808,1
1658,809,1
1659,810,1
1659,811,1
1659,812,1
1659,813,1
1659,814,1
1660,815,1
1660,816,1
1660,817,1
1660,818,1
1660,819,1
1661,820,1
1661,821,1
1661,822,1
1661,823,1
1661,824,1
1662,824,1
1662,825,1
1662,826,1
1662,827,1
1662,828,1
1663,829,1
1663,830,1
1663,831,1
1663,832,1
1663,833,1
1664,834,1
1664,835,1
1664,836,1
1664,837,1
1664,838,1
1665,839,1
1665,840,1
1665,841,1
1665,842,1
1665,843,1
1665,844,1
1666,845,1
1666,846,1
1666,847,1
1666,848,1
1666,849,1
1667,850,1
1667,851,1
1667,852,1
1667,853,1
1667,854,1
1667,855,1
1668,856,1
1668,857,1
1668,858,1
1668,859,1
1668,860,1
1669,861,1
1669,862,1
1669,863,1
1669,864,1
1669,865,1
1670,866,1
1670,867,1
1670,868,1
1670,869,1
1670,870,1
1670,871,1
1671,872,1
1671,873,1
1671,874,1
1671,875,1
1671,876,1
1672,877,1
1672,878,1
1672,879,1
1672,880,1
1672,881,1
1672,882,1
1673,883,1
1673,884,1
1673,885,1
1673,886,1
1673,887,1
1674,888,1
1674,889,1
1674,890,1
1674,891,1
1674,892,1
1675,893,1
1675,894,1
1675,895,1
1675,896,1
1675,897,1
1676,897,1
1676,898,1
1676,899,1
1676,900,1
1677,901,1
1677,902,1
1677,903,1
1677,904,1
1677,905,1
1678,906,1
1678,907,1
1678,908,1
1678,909,1
1679,910,1
1679,911,1
1679,912,1
1679,913,1
1679,914,1
1680,914,1
1680,915,1
1680,916,1
1680,917,1
1681,917,1
1681,918,1
1681,919,1
1681,920,1
1682,920,1
1682,921,1
1682,922,1
1682,923,1
1682,924,1
1683,924,1
1683,925,1
1683,926,1
1683,927,1
1684,927,1
1684,928,1
1684,929,1
1684,930,1
1685,931,1
1685,932,1
1686,933,1
1686,932,1
1686,931,1
1686,930,1
1686,929,1
1686,928,1
1686,927,1
1686,926,1
1629,880,0
1586,826,1
1585,826,1
1584,826,1
1583,826,1
1582,826,1
1581,827,1
1580,827,1
1579,827,1
1578,828,1
1577,828,1
1576,828,1
1575,828,1
1574,829,1
1573,829,1
1572,829,1
1571,829,1
1570,830,1
1569,830,1
1568,831,1
1567,831,1
1566,832,1
1565,832,1
1564,833,1
1563,833,1
1562,834,1
1561,834,1
1560,835,1
1559,835,1
1558,836,1
1557,836,1
1556,836,1
1556,837,1
1555,837,1
1554,838,1
1553,838,1
1552,839,1
1551,839,1
1550,840,1
1549,840,1
1548,841,1
1547,841,1
1547,842,1
1546,842,1
1545,843,1
1544,843,1
1543,844,1
1542,844,1
1541,845,1
1540,845,1
1539,846,1
1539,847,1
1538,847,1
1537,848,1
1536,849,1
1535,849,1
1534,850,1
1533,851,1
1532,851,1
1532,852,1
1531,853,1
1530,853,1
1529,854,1
1528,855,1
1527,856,1
1526,857,1
1525,857,1
1525,858,1
1524,859,1
1523,860,1
1522,860,1
1522,861,1
1521,862,1
1520,863,1
1519,864,1
1518,865,1
1518,866,1
1517,866,1
1516,867,1
1516,868,1
1515,869,1
1514,870,1
1514,871,1
1513,872,1
1513,873,1
1512,874,1
1512,875,1
1511,876,1
1511,877,1
1510,878,1
1510,879,1
1510,880,1
1509,881,1
1509,882,1
1509,883,1
1509,884,1
1509,885,1
1508,886,1
1508,887,1
1509,887,1
1509,888,1
1509,889,1
1509,890,1
1509,891,1
1510,892,1
1510,893,1
1511,893,1
1511,894,1
1512,895,1
1513,896,1
1514,896,1
1514,897,1
1515,897,1
1516,897,1
1516,898,1
1517,898,1
1518,898,1
1519,898,1
1520,898,1
1521,898,1
1522,898,1
1523,898,1
1524,898,1
1525,897,1
1526,897,1
1527,897,1
1528,896,1
1529,896,1
1530,895,1
1531,895,1
1532,894,1
1533,894,1
1533,893,1
1534,893,1
1535,892,1
1536,891,1
1536,890,1
1537,890,1
1538,889,1
1538,888,1
1539,888,1
1539,887,1
1540,886,1
1541,885,1
1541,884,1
1542,883,1
1542,882,1
1543,882,1
1543,881,1
1544,880,1
1544,879,1
1544,878,1
1545,878,1
1545,877,1
1545,876,1
1546,875,1
1546,874,1
1546,873,1
1547,872,1
1547,871,1
1547,870,1
1547,869,1
1547,868,1
1548,867,1
1548,866,1
1548,865,1
1548,864,1
1548,863,1
1548,862,1
1548,861,1
1548,860,1
1547,859,1
1547,858,1
1547,857,1
1547,856,1
1547,855,1
1546,855,1
1546,854,1
1546,853,1
1546,852,1
1545,851,1
1545,850,1
1545,849,1
1545,848,1
1545,847,1
1544,846,1
1544,845,1
1544,844,1
1544,843,1
1543,842,1
1543,841,1
1542,840,1
1541,839,1
1541,838,1
1540,837,1
1540,836,1
1539,835,1
1538,835,1
1537,834,1
1536,833,1
1535,833,1
1534,832,1
1533,831,1
1532,830,1
1531,829,1
1530,829,1
1529,829,1
1529,829,0
