271,459,1
272,459,1
321,448,1
322,448,1
323,448,1
324,447,1
325,447,1
326,447,1
327,447,1
328,446,1
329,446,1
330,446,1
331,446,1
332,446,1
333,445,1
334,445,1
335,445,1
336,445,1
337,444,1
338,444,1
339,444,1
340,444,1
341,444,1
342,443,1
343,443,1
344,443,1
345,443,1
346,442,1
347,442,1
348,442,1
349,442,1
350,442,1
351,441,1
352,441,1
353,441,1
354,441,1
355,441,1
356,440,1
357,440,1
358,440,1
359,440,1
360,440,1
361,440,1
362,440,1
363,440,1
364,439,1
365,439,1
366,439,1
367,439,1
368,439,1
369,439,1
370,439,1
371,439,1
372,439,1
373,439,1
374,439,1
374,440,1
375,440,1
376,440,1
377,440,1
378,440,1
378,441,1
379,441,1
380,441,1
380,442,1
381,442,1
382,443,1
383,444,1
384,445,1
385,446,1
385,447,1
386,448,1
386,449,1
386,450,1
386,451,1
387,452,1
387,453,1
387,454,1
387,455,1
387,456,1
388,457,1
388,458,1
388,459,1
388,460,1
388,461,1
388,462,1
388,463,1
388,464,1
388,465,1
388,466,1
388,467,1
388,468,1
388,469,1
388,470,1
388,471,1
388,472,1
388,473,1
388,474,1
388,475,1
387,476,1
387,477,1
387,478,1
387,479,1
387,480,1
387,481,1
387,482,1
387,483,1
387,484,1
387,485,1
387,486,1
387,487,1
387,488,1
387,489,1
387,490,1
387,491,1
387,492,1
387,493,1
387,494,1
387,495,1
387,496,1
387,497,1
387,498,1
387,499,1
387,500,1
387,501,1
387,502,1
387,503,1
387,504,1
387,505,1
387,506,1
387,507,1
387,508,1
387,509,1
387,510,1
387,511,1
387,512,1
387,513,1
387,514,1
387,515,1
387,516,1
387,517,1
387,518,1
387,519,1
387,520,1
387,521,1
387,522,1
387,523,1
387,524,1
388,525,1
388,526,1
388,527,1
388,528,1
388,529,1
388,530,1
388,531,1
388,532,1
388,533,1
389,533,1
389,532,1
389,531,1
389,530,1
389,529,1
389,528,1
389,527,1
389,526,1
389,525,1
389,524,1
388,523,1
388,522,1
388,521,1
388,520,1
388,519,1
388,518,1
388,517,1
388,516,1
387,515,1
387,514,1
387,513,1
387,512,1
387,511,1
387,510,1
386,509,1
386,508,1
386,507,1
386,506,1
385,505,1
385,504,1
385,503,1
385,502,1
384,501,1
384,500,1
384,499,1
383,498,1
383,497,1
383,496,1
382,495,1
382,494,1
381,493,1
381,492,1
380,491,1
380,490,1
379,489,1
379,488,1
378,488,1
378,487,1
377,486,1
377,485,1
376,485,1
376,484,1
375,483,1
374,482,1
373,481,1
372,481,1
371,480,1
370,479,1
369,479,1
368,478,1
367,478,1
366,478,1
365,477,1
364,477,1
363,477,1
362,477,1
361,477,1
360,477,1
359,477,1
358,477,1
357,477,1
356,478,1
355,478,1
354,478,1
353,479,1
352,479,1
351,480,1
350,480,1
349,481,1
348,481,1
348,482,1
347,483,1
346,483,1
346,484,1
345,485,1
344,486,1
344,487,1
344,488,1
343,488,1
343,489,1
343,490,1
343,491,1
343,492,1
343,493,1
343,494,1
343,495,1
344,496,1
344,497,1
345,497,1
345,498,1
346,498,1
347,498,1
347,499,1
348,499,1
349,499,1
350,499,1
351,499,1
352,499,1
353,499,1
354,499,1
355,499,1
356,499,1
357,498,1
358,498,1
359,498,1
360,497,1
361,497,1
362,496,1
363,496,1
363,495,1
364,495,1
365,494,1
366,494,1
367,493,1
368,493,1
368,492,1
369,492,1
370,491,1
371,491,1
371,490,1
372,489,1
373,489,1
374,488,1
375,488,1
375,487,1
376,486,1
377,486,1
378,485,1
379,485,1
379,484,1
380,483,1
381,483,1
382,482,1
383,482,1
384,481,1
384,480,1
385,480,1
386,479,1
387,479,1
388,478,1
389,478,1
389,477,1
390,477,1
391,476,1
392,476,1
393,475,1
394,475,1
395,475,1
396,474,1
397,474,1
398,473,1
399,473,1
400,473,1
401,473,1
402,472,1
403,472,1
404,472,1
405,472,1
406,472,1
407,472,1
408,472,1
409,472,1
410,472,1
411,472,1
412,472,1
413,472,1
413,473,1
414,473,1
415,473,1
416,474,1
417,474,1
418,475,1
419,476,1
420,476,1
421,477,1
422,478,1
423,479,1
424,480,1
424,481,1
425,482,1
425,483,1
426,483,1
426,484,1
426,485,1
427,486,1
427,487,1
427,488,1
428,489,1
428,490,1
428,491,1
428,492,1
429,493,1
429,494,1
429,495,1
429,496,1
429,497,1
429,498,1
429,499,1
429,500,1
429,501,1
429,502,1
429,503,1
429,504,1
429,505,1
429,506,1
429,507,1
429,508,1
429,509,1
429,510,1
429,511,1
430,511,1
430,510,1
430,509,1
430,508,1
431,507,1
431,506,1
431,505,1
431,504,1
438,463,0
440,416,1
441,416,1
442,416,1
443,416,1
444,416,1
445,415,1
446,415,1
447,415,1
448,415,1
449,415,1
450,415,1
451,414,1
452,414,1
453,414,1
454,414,1
455,414,1
456,414,1
457,414,1
458,414,1
459,413,1
460,413,1
461,413,1
462,413,1
463,413,1
464,413,1
465,413,1
466,412,1
467,412,1
468,412,1
469,412,1
470,412,1
471,412,1
472,412,1
473,412,1
474,412,1
475,411,1
476,411,1
477,411,1
478,411,1
479,411,1
480,411,1
481,411,1
482,410,1
483,410,1
484,410,1
485,410,1
486,410,1
487,410,1
488,409,1
489,409,1
490,409,1
491,409,1
492,409,1
493,409,1
494,409,1
495,408,1
496,408,1
497,408,1
498,408,1
499,408,1
500,408,1
501,408,1
502,407,1
503,407,1
504,407,1
505,407,1
506,407,1
507,407,1
508,406,1
509,406,1
510,406,1
511,406,1
512,406,1
513,406,1
514,405,1
515,405,1
516,405,1
517,405,1
518,405,1
519,405,1
520,404,1
521,404,1
522,404,1
523,404,1
524,404,1
525,404,1
526,403,1
527,403,1
528,403,1
529,403,1
530,403,1
531,403,1
532,402,1
533,402,1
534,402,1
535,402,1
536,402,1
537,402,1
538,401,1
539,401,1
540,401,1
541,401,1
542,401,1
543,401,1
544,400,1
545,400,1
546,400,1
547,400,1
548,400,1
549,400,1
550,399,1
551,399,1
552,399,1
553,399,1
554,399,1
555,398,1
556,398,1
557,398,1
558,398,1
559,398,1
560,398,1
561,397,1
562,397,1
563,397,1
564,397,1
565,397,1
566,397,1
567,396,1
568,396,1
569,396,1
570,396,1
571,395,1
572,395,1
573,395,1
574,395,1
575,395,1
576,395,1
577,394,1
578,394,1
579,394,1
580,394,1
581,394,1
582,394,1
583,394,1
583,393,1
584,393,1
585,393,1
586,393,1
587,393,1
588,393,1
587,393,1
586,394,1
557,413,0
523,435,1
524,435,1
525,434,1
526,434,1
527,434,1
528,434,1
529,433,1
530,433,1
531,433,1
532,433,1
533,433,1
534,432,1
535,432,1
536,432,1
537,432,1
538,432,1
539,431,1
540,431,1
541,431,1
542,431,1
543,431,1
544,431,1
545,430,1
546,430,1
547,430,1
548,430,1
549,430,1
550,430,1
551,429,1
552,429,1
553,429,1
554,429,1
555,429,1
556,429,1
557,429,1
558,429,1
559,428,1
560,428,1
561,428,1
562,428,1
563,428,1
564,429,1
565,429,1
566,429,1
567,429,1
568,429,1
568,430,1
569,430,1
570,431,1
571,431,1
571,432,1
572,432,1
572,433,1
573,433,1
573,434,1
574,435,1
574,436,1
574,437,1
575,438,1
575,439,1
575,440,1
575,441,1
575,442,1
575,443,1
574,444,1
574,445,1
574,446,1
574,447,1
574,448,1
573,449,1
573,450,1
573,451,1
573,452,1
573,453,1
572,454,1
572,455,1
572,456,1
572,457,1
572,458,1
571,459,1
571,460,1
571,461,1
571,462,1
572,463,1
572,464,1
572,465,1
572,466,1
572,467,1
573,468,1
573,469,1
574,469,1
574,470,1
574,471,1
575,472,1
575,473,1
576,473,1
577,474,1
578,475,1
579,476,1
580,476,1
581,476,1
581,477,1
582,477,1
583,477,1
584,477,1
585,477,1
586,477,1
587,477,1
588,477,1
589,476,1
590,476,1
591,475,1
592,475,1
593,475,1
593,474,1
594,474,1
595,473,1
596,472,1
597,472,1
598,471,1
599,470,1
600,470,1
600,469,1
601,468,1
602,468,1
602,467,1
603,466,1
604,465,1
605,464,1
606,463,1
606,462,1
607,461,1
607,460,1
608,460,1
608,459,1
609,458,1
609,457,1
610,456,1
610,455,1
611,455,1
611,454,1
612,453,1
612,452,1
612,451,1
613,450,1
613,449,1
614,448,1
614,447,1
615,446,1
615,445,1
616,444,1
616,443,1
616,442,1
617,441,1
617,440,1
617,439,1
618,438,1
618,437,1
618,436,1
618,435,1
619,434,1
619,433,1
619,432,1
619,431,1
620,430,1
620,429,1
620,428,1
620,427,1
620,426,1
620,425,1
621,424,1
621,423,1
621,422,1
621,421,1
621,420,1
621,419,1
621,418,1
622,417,1
622,416,1
622,415,1
622,414,1
622,413,1
622,412,1
622,411,1
622,410,1
622,409,1
622,408,1
622,407,1
622,406,1
622,405,1
622,404,1
622,403,1
622,402,1
622,401,1
622,400,1
622,399,1
621,398,1
621,397,1
621,396,1
620,395,1
620,394,1
619,394,1
619,395,1
618,395,1
618,396,1
618,397,1
618,398,1
617,399,1
617,400,1
617,401,1
617,402,1
617,403,1
617,404,1
617,405,1
617,406,1
617,407,1
617,408,1
617,409,1
617,410,1
617,411,1
618,412,1
618,413,1
618,414,1
618,415,1
618,416,1
618,417,1
618,418,1
618,419,1
618,420,1
618,421,1
618,422,1
618,423,1
618,424,1
619,425,1
619,426,1
619,427,1
619,428,1
619,429,1
619,430,1
619,431,1
619,432,1
619,433,1
619,434,1
619,435,1
620,436,1
620,437,1
620,438,1
620,439,1
620,440,1
620,441,1
620,442,1
620,443,1
620,444,1
620,445,1
620,446,1
621,447,1
621,448,1
621,449,1
621,450,1
621,451,1
621,452,1
621,453,1
622,454,1
622,455,1
622,456,1
622,457,1
622,458,1
622,459,1
622,460,1
623,461,1
623,462,1
623,463,1
623,464,1
623,465,1
623,466,1
624,467,1
624,468,1
624,469,1
625,470,1
625,471,1
625,472,1
625,473,1
625,474,1
626,475,1
626,474,1
625,473,1
625,472,1
609,421,0
587,368,1
588,368,1
589,368,1
590,368,1
591,368,1
592,367,1
593,367,1
594,367,1
595,367,1
596,367,1
597,367,1
598,366,1
599,366,1
600,366,1
601,366,1
602,365,1
603,365,1
604,365,1
605,365,1
606,365,1
607,365,1
608,364,1
609,364,1
610,364,1
611,364,1
612,364,1
613,363,1
614,363,1
615,363,1
616,363,1
617,363,1
618,363,1
619,362,1
620,362,1
621,362,1
622,362,1
623,362,1
624,361,1
625,361,1
626,361,1
627,361,1
628,361,1
629,361,1
630,360,1
631,360,1
632,360,1
633,360,1
634,360,1
635,360,1
636,359,1
637,359,1
638,359,1
639,359,1
640,359,1
641,359,1
642,358,1
643,358,1
644,358,1
645,358,1
646,358,1
647,358,1
648,357,1
649,357,1
650,357,1
651,357,1
652,357,1
653,357,1
654,356,1
655,356,1
656,356,1
657,356,1
658,356,1
659,356,1
660,355,1
661,355,1
662,355,1
663,355,1
664,355,1
665,355,1
666,354,1
667,354,1
668,354,1
669,354,1
670,354,1
671,353,1
672,353,1
673,353,1
674,353,1
675,353,1
676,353,1
677,352,1
678,352,1
679,352,1
680,352,1
681,352,1
682,352,1
683,351,1
684,351,1
685,351,1
686,351,1
687,351,1
688,351,1
689,350,1
690,350,1
691,350,1
692,350,1
693,350,1
694,349,1
695,349,1
696,349,1
697,349,1
698,349,1
699,349,1
700,348,1
701,348,1
702,348,1
703,348,1
704,348,1
705,348,1
706,347,1
707,347,1
708,347,1
709,347,1
710,347,1
711,347,1
712,346,1
713,346,1
714,346,1
715,346,1
716,346,1
717,346,1
718,345,1
719,345,1
720,345,1
721,345,1
722,345,1
723,344,1
724,344,1
725,344,1
726,344,1
727,344,1
728,344,1
729,343,1
730,343,1
731,343,1
732,343,1
733,343,1
734,343,1
735,342,1
736,342,1
737,342,1
738,342,1
739,342,1
740,342,1
741,342,1
742,342,1
743,342,1
744,342,1
745,342,1
746,342,1
747,342,1
748,342,1
749,342,1
750,343,1
751,343,1
752,343,1
753,344,1
754,344,1
755,344,1
756,345,1
757,346,1
758,346,1
759,347,1
760,348,1
761,349,1
762,350,1
763,351,1
763,352,1
764,352,1
764,353,1
765,354,1
765,355,1
765,356,1
766,357,1
767,358,1
767,359,1
767,360,1
768,361,1
768,362,1
768,363,1
769,364,1
769,365,1
769,366,1
769,367,1
770,368,1
770,369,1
770,370,1
770,371,1
771,372,1
771,373,1
771,374,1
771,375,1
771,376,1
772,377,1
772,378,1
772,379,1
772,380,1
772,381,1
773,382,1
773,383,1
773,384,1
773,385,1
773,386,1
774,387,1
774,388,1
774,389,1
774,390,1
774,391,1
774,392,1
775,393,1
775,394,1
775,395,1
775,396,1
775,397,1
776,398,1
776,399,1
776,400,1
776,401,1
776,402,1
777,403,1
777,404,1
777,405,1
777,406,1
777,407,1
778,408,1
778,409,1
778,410,1
778,411,1
778,412,1
779,413,1
779,414,1
779,415,1
779,416,1
780,417,1
780,418,1
780,419,1
780,420,1
780,421,1
781,422,1
781,423,1
781,424,1
781,425,1
782,426,1
782,427,1
782,428,1
782,429,1
783,430,1
783,431,1
783,432,1
783,433,1
784,434,1
784,435,1
784,436,1
784,437,1
784,438,1
785,439,1
785,440,1
785,441,1
785,442,1
786,442,1
786,443,1
786,444,1
786,445,1
786,446,1
786,447,1
787,448,1
787,449,1
787,450,1
787,451,1
788,452,1
788,453,1
788,454,1
788,455,1
788,456,1
788,457,1
788,458,1
787,457,1
787,456,1
787,455,1
786,454,1
745,442,0
708,424,1
707,424,1
706,424,1
705,425,1
704,425,1
704,426,1
703,426,1
702,427,1
701,427,1
700,428,1
699,429,1
698,430,1
697,431,1
696,431,1
696,432,1
695,433,1
694,433,1
694,434,1
693,435,1
692,435,1
692,436,1
691,437,1
691,438,1
690,439,1
690,440,1
689,440,1
689,441,1
689,442,1
688,443,1
688,444,1
688,445,1
688,446,1
688,447,1
689,447,1
689,448,1
690,448,1
690,449,1
691,449,1
691,448,1
692,448,1
693,447,1
694,446,1
694,445,1
695,444,1
695,443,1
695,442,1
696,441,1
696,440,1
696,439,1
696,438,1
696,437,1
696,436,1
696,435,1
696,434,1
696,433,1
695,432,1
695,431,1
695,430,1
694,429,1
694,428,1
693,427,1
692,426,1
692,425,1
691,424,1
690,423,1
689,422,1
688,421,1
687,421,1
686,420,1
685,419,1
684,419,1
683,418,1
682,417,1
681,417,1
680,417,1
679,416,1
678,416,1
677,416,1
676,415,1
675,415,1
674,415,1
673,415,1
672,414,1
671,414,1
670,413,1
669,413,1
669,413,0
