578,602,1
579,602,1
627,589,1
628,589,1
629,589,1
630,589,1
631,588,1
632,588,1
633,588,1
634,588,1
635,588,1
636,587,1
637,587,1
638,587,1
639,586,1
640,586,1
641,586,1
642,586,1
643,585,1
644,585,1
645,585,1
646,585,1
647,584,1
648,584,1
649,584,1
650,584,1
650,583,1
651,583,1
652,583,1
653,583,1
654,582,1
655,582,1
656,582,1
657,582,1
658,581,1
659,581,1
660,581,1
661,581,1
662,581,1
663,580,1
664,580,1
665,580,1
666,580,1
667,579,1
668,579,1
669,579,1
670,579,1
671,579,1
672,578,1
673,578,1
674,578,1
675,578,1
676,578,1
677,578,1
678,578,1
679,578,1
680,578,1
681,578,1
682,578,1
683,578,1
684,578,1
685,578,1
686,578,1
687,578,1
688,578,1
689,579,1
690,579,1
691,579,1
692,579,1
693,579,1
694,580,1
695,580,1
696,580,1
697,581,1
698,581,1
699,582,1
700,582,1
700,583,1
701,583,1
702,584,1
703,585,1
704,585,1
704,586,1
705,587,1
706,588,1
706,589,1
707,589,1
707,590,1
708,591,1
708,592,1
709,593,1
709,594,1
710,595,1
710,596,1
710,597,1
711,598,1
711,599,1
711,600,1
712,601,1
712,602,1
712,603,1
713,604,1
713,605,1
713,606,1
713,607,1
713,608,1
713,609,1
714,610,1
714,611,1
714,612,1
714,613,1
714,614,1
714,615,1
714,616,1
714,617,1
714,618,1
714,619,1
714,620,1
715,621,1
715,622,1
715,623,1
715,624,1
715,625,1
715,626,1
715,627,1
715,628,1
715,629,1
715,630,1
715,631,1
715,632,1
715,633,1
715,634,1
715,635,1
715,636,1
715,637,1
715,638,1
715,639,1
715,640,1
715,641,1
715,642,1
715,643,1
715,644,1
716,645,1
716,646,1
716,647,1
716,648,1
716,649,1
716,650,1
716,651,1
716,652,1
716,653,1
716,654,1
716,655,1
716,656,1
716,657,1
716,658,1
716,659,1
716,660,1
716,661,1
716,662,1
716,663,1
717,664,1
717,665,1
717,666,1
717,667,1
717,668,1
717,669,1
717,670,1
717,671,1
717,672,1
718,673,1
718,674,1
718,675,1
718,676,1
718,677,1
718,678,1
718,679,1
718,680,1
718,681,1
718,682,1
718,683,1
719,684,1
719,685,1
719,686,1
719,687,1
719,688,1
703,648,1
703,647,1
702,646,1
701,645,1
701,644,1
700,643,1
700,642,1
699,641,1
698,640,1
698,639,1
697,638,1
697,637,1
696,636,1
695,636,1
695,635,1
694,634,1
694,633,1
693,633,1
692,632,1
692,631,1
691,631,1
690,630,1
690,629,1
689,628,1
688,628,1
688,627,1
687,627,1
686,626,1
685,625,1
684,624,1
683,624,1
683,623,1
682,623,1
681,623,1
680,622,1
679,622,1
678,621,1
677,621,1
676,621,1
675,620,1
674,620,1
673,620,1
672,620,1
671,620,1
670,619,1
669,619,1
668,619,1
667,620,1
666,620,1
665,620,1
664,620,1
663,620,1
662,620,1
661,620,1
660,621,1
659,621,1
658,621,1
657,622,1
656,622,1
655,623,1
654,623,1
653,624,1
652,624,1
652,625,1
651,625,1
650,626,1
649,627,1
648,628,1
647,628,1
647,629,1
646,630,1
645,631,1
644,632,1
643,633,1
643,634,1
642,635,1
641,636,1
641,637,1
640,638,1
640,639,1
639,640,1
639,641,1
639,642,1
638,643,1
638,644,1
638,645,1
638,646,1
638,647,1
638,648,1
638,649,1
638,650,1
638,651,1
638,652,1
638,653,1
638,654,1
638,655,1
638,656,1
639,657,1
639,658,1
640,659,1
640,660,1
641,661,1
641,662,1
642,662,1
642,663,1
643,664,1
644,664,1
644,665,1
645,665,1
646,666,1
647,667,1
648,667,1
648,668,1
649,668,1
650,669,1
651,669,1
652,669,1
653,669,1
653,670,1
654,670,1
655,670,1
656,670,1
657,670,1
658,670,1
659,670,1
660,670,1
661,670,1
662,670,1
663,670,1
664,670,1
665,669,1
666,669,1
667,669,1
668,669,1
669,668,1
670,668,1
671,667,1
672,667,1
673,667,1
674,666,1
675,666,1
675,665,1
676,665,1
677,664,1
678,664,1
679,663,1
680,663,1
680,662,1
681,662,1
682,661,1
683,661,1
684,660,1
684,659,1
685,659,1
686,658,1
687,657,1
688,656,1
689,655,1
690,655,1
691,654,1
691,653,1
692,653,1
693,652,1
694,651,1
695,650,1
696,649,1
697,648,1
698,647,1
699,646,1
700,645,1
701,644,1
702,643,1
702,642,1
703,642,1
704,641,1
704,640,1
705,639,1
706,639,1
706,638,1
707,637,1
708,636,1
709,635,1
710,634,1
710,633,1
711,632,1
712,631,1
713,630,1
713,629,1
714,629,1
715,628,1
715,627,1
716,626,1
717,626,1
717,625,1
718,624,1
719,623,1
720,622,1
720,621,1
721,620,1
722,620,1
722,619,1
723,618,1
724,618,1
724,617,1
725,616,1
726,615,1
727,614,1
728,613,1
729,612,1
730,611,1
731,610,1
732,610,1
732,609,1
733,608,1
734,608,1
734,607,1
735,607,1
736,606,1
737,606,1
737,605,1
738,605,1
739,604,1
740,603,1
741,603,1
742,602,1
743,601,1
744,601,1
744,600,1
745,600,1
746,599,1
747,599,1
748,598,1
749,598,1
750,597,1
751,597,1
752,596,1
753,596,1
754,595,1
755,595,1
756,595,1
756,594,1
757,594,1
758,594,1
759,593,1
760,593,1
761,593,1
762,593,1
763,592,1
764,592,1
765,592,1
766,591,1
767,591,1
768,591,1
769,591,1
770,590,1
771,590,1
772,590,1
773,590,1
774,589,1
775,589,1
776,589,1
777,589,1
778,589,1
779,589,1
780,589,1
781,589,1
782,589,1
783,589,1
784,589,1
785,589,1
786,589,1
787,589,1
788,589,1
789,589,1
790,589,1
791,589,1
792,589,1
793,589,1
794,589,1
795,590,1
796,590,1
797,590,1
798,590,1
799,590,1
800,591,1
801,591,1
802,591,1
802,592,1
803,592,1
804,592,1
805,593,1
806,593,1
806,594,1
807,594,1
808,594,1
808,595,1
809,595,1
810,596,1
811,597,1
812,597,1
812,598,1
813,598,1
813,599,1
814,600,1
815,601,1
816,602,1
816,603,1
817,603,1
817,604,1
817,605,1
818,606,1
818,607,1
819,608,1
819,609,1
819,610,1
820,611,1
820,612,1
820,613,1
820,614,1
820,615,1
820,616,1
821,617,1
821,618,1
821,619,1
821,620,1
821,621,1
821,622,1
821,623,1
821,624,1
820,625,1
820,626,1
820,627,1
820,628,1
820,629,1
820,630,1
820,631,1
819,632,1
819,633,1
819,634,1
819,635,1
818,636,1
818,637,1
818,638,1
818,639,1
818,640,1
817,641,1
817,642,1
816,643,1
816,644,1
816,645,1
816,646,1
815,647,1
815,648,1
815,649,1
814,650,1
814,651,1
814,652,1
813,653,1
812,654,1
812,655,1
812,656,1
811,657,1
811,658,1
811,659,1
810,659,1
810,660,1
810,661,1
810,662,1
809,662,1
809,663,1
809,664,1
808,665,1
808,666,1
808,667,1
807,667,1
807,668,1
807,669,1
806,669,1
806,670,1
806,669,1
807,668,1
808,667,1
808,666,1
808,665,1
809,664,1
809,663,1
810,662,1
804,596,0
791,524,1
792,524,1
793,524,1
794,524,1
795,524,1
796,524,1
797,523,1
798,523,1
799,523,1
800,523,1
801,523,1
802,522,1
803,522,1
804,522,1
805,522,1
806,522,1
807,521,1
808,521,1
809,521,1
810,520,1
811,520,1
812,520,1
813,520,1
814,520,1
815,519,1
816,519,1
817,519,1
818,519,1
819,518,1
820,518,1
821,518,1
822,518,1
823,517,1
824,517,1
825,517,1
826,517,1
827,516,1
828,516,1
829,516,1
830,516,1
831,515,1
832,515,1
833,515,1
834,515,1
835,514,1
836,514,1
837,514,1
838,514,1
839,513,1
840,513,1
841,513,1
842,513,1
843,512,1
844,512,1
845,512,1
846,512,1
847,511,1
848,511,1
849,511,1
850,511,1
851,510,1
852,510,1
853,510,1
854,510,1
855,509,1
856,509,1
857,509,1
858,509,1
859,508,1
860,508,1
861,508,1
862,508,1
863,507,1
864,507,1
865,507,1
866,506,1
867,506,1
868,506,1
869,506,1
870,505,1
871,505,1
872,505,1
873,505,1
874,504,1
875,504,1
876,504,1
877,504,1
878,503,1
879,503,1
880,503,1
881,502,1
882,502,1
883,502,1
884,502,1
885,501,1
886,501,1
887,501,1
888,501,1
889,500,1
890,500,1
891,500,1
892,500,1
893,500,1
894,499,1
895,499,1
896,499,1
897,498,1
898,498,1
899,498,1
900,498,1
901,497,1
902,497,1
903,497,1
904,497,1
905,497,1
906,496,1
907,496,1
908,496,1
909,496,1
910,495,1
911,495,1
912,495,1
913,495,1
914,495,1
915,494,1
916,494,1
917,494,1
918,494,1
919,494,1
920,493,1
921,493,1
922,493,1
923,493,1
924,492,1
925,492,1
926,492,1
927,492,1
928,492,1
929,491,1
930,491,1
931,491,1
932,491,1
933,491,1
934,490,1
935,490,1
936,490,1
937,490,1
938,490,1
939,490,1
940,490,1
941,489,1
942,489,1
943,489,1
944,489,1
945,489,1
946,489,1
947,489,1
948,488,1
949,488,1
950,488,1
951,488,1
952,488,1
953,488,1
954,488,1
955,488,1
956,487,1
957,487,1
958,487,1
959,487,1
960,487,1
961,487,1
962,487,1
963,487,1
964,487,1
965,487,1
966,487,1
967,487,1
968,487,1
969,487,1
970,487,1
971,487,1
972,487,1
973,487,1
974,487,1
975,487,1
976,487,1
977,487,1
978,487,1
979,487,1
980,487,1
980,488,1
979,488,1
978,489,1
977,489,1
977,490,1
976,490,1
976,491,1
964,512,0
939,537,1
940,537,1
941,537,1
942,537,1
943,537,1
944,537,1
945,537,1
946,537,1
947,537,1
948,538,1
949,539,1
949,540,1
950,541,1
950,542,1
950,543,1
950,544,1
950,545,1
950,546,1
950,547,1
950,548,1
951,549,1
951,550,1
951,551,1
951,552,1
951,553,1
951,554,1
951,555,1
950,555,1
950,556,1
950,557,1
950,558,1
950,559,1
949,560,1
949,561,1
949,562,1
949,563,1
948,563,1
948,564,1
948,565,1
947,566,1
947,567,1
947,568,1
947,569,1
946,570,1
946,571,1
946,572,1
946,573,1
945,574,1
945,575,1
945,576,1
945,577,1
945,578,1
945,579,1
945,580,1
945,581,1
944,582,1
945,583,1
945,584,1
945,585,1
945,586,1
945,587,1
946,588,1
946,589,1
947,590,1
947,591,1
948,591,1
948,592,1
949,592,1
949,593,1
950,593,1
951,594,1
952,594,1
953,595,1
954,595,1
955,595,1
956,595,1
957,595,1
958,595,1
959,595,1
960,595,1
961,595,1
962,595,1
963,595,1
964,595,1
965,595,1
966,595,1
967,595,1
968,594,1
969,594,1
970,594,1
971,594,1
972,593,1
973,593,1
974,593,1
975,592,1
976,592,1
977,591,1
978,591,1
979,591,1
980,590,1
981,589,1
982,589,1
983,588,1
984,588,1
985,588,1
986,587,1
987,587,1
987,586,1
988,586,1
989,585,1
990,585,1
991,584,1
992,584,1
993,583,1
994,582,1
995,581,1
996,581,1
997,580,1
998,580,1
999,579,1
1000,578,1
1001,577,1
1002,577,1
1002,576,1
1003,576,1
1004,575,1
1005,574,1
1006,573,1
1007,572,1
1008,571,1
1009,570,1
1010,569,1
1010,568,1
1011,568,1
1012,567,1
1012,566,1
1013,566,1
1013,565,1
1014,564,1
1014,563,1
1015,563,1
1015,562,1
1016,561,1
1016,560,1
1017,560,1
1017,559,1
1017,558,1
1018,557,1
1018,556,1
1019,556,1
1019,555,1
1019,554,1
1020,553,1
1020,552,1
1020,551,1
1021,550,1
1021,549,1
1021,548,1
1021,547,1
1022,546,1
1022,545,1
1022,544,1
1022,543,1
1022,542,1
1022,541,1
1022,540,1
1022,539,1
1022,538,1
1022,537,1
1022,536,1
1022,535,1
1022,534,1
1022,533,1
1022,532,1
1022,531,1
1022,530,1
1021,529,1
1021,528,1
1021,527,1
1021,526,1
1020,525,1
1020,524,1
1020,523,1
1019,523,1
1019,522,1
1019,521,1
1018,521,1
1018,520,1
1017,519,1
1016,519,1
1016,518,1
1015,518,1
1015,519,1
1014,519,1
1014,520,1
1014,521,1
1014,522,1
1014,523,1
1014,524,1
1014,525,1
1015,526,1
1015,527,1
1015,528,1
1015,529,1
1016,530,1
1016,531,1
1016,532,1
1016,533,1
1017,534,1
1017,535,1
1017,536,1
1018,537,1
1018,538,1
1018,539,1
1019,540,1
1019,541,1
1020,542,1
1020,543,1
1020,544,1
1021,545,1
1021,546,1
1021,547,1
1022,548,1
1022,549,1
1022,550,1
1023,550,1
1023,551,1
1023,552,1
1024,553,1
1024,554,1
1024,555,1
1025,556,1
1025,557,1
1025,558,1
1026,558,1
1026,559,1
1026,560,1
1027,561,1
1027,562,1
1027,563,1
1027,564,1
1028,565,1
1028,566,1
1028,567,1
1029,568,1
1029,569,1
1029,570,1
1030,571,1
1030,572,1
1030,573,1
1030,574,1
1031,575,1
1031,576,1
1031,577,1
1031,578,1
1032,579,1
1032,580,1
1032,581,1
1032,582,1
1032,583,1
1033,584,1
1033,585,1
1033,586,1
1033,587,1
1033,588,1
1034,589,1
1034,590,1
1034,591,1
1034,592,1
1034,593,1
1034,594,1
1035,595,1
1035,596,1
1035,597,1
1035,598,1
1035,599,1
1035,600,1
1035,601,1
1036,602,1
1036,603,1
1036,604,1
1037,605,1
1037,606,1
1037,607,1
1038,608,1
1038,609,1
1039,610,1
1040,611,1
1041,612,1
1042,612,1
1043,612,1
1044,612,1
1044,611,1
1045,611,1
1046,611,1
1047,611,1
1047,610,1
1048,610,1
1048,609,1
1049,608,1
1049,607,1
1050,606,1
1050,605,1
1050,604,1
1051,603,1
1051,602,1
1051,601,1
1051,600,1
1052,599,1
1052,598,1
1052,597,1
1052,596,1
1069,524,0
1078,443,1
1079,443,1
1080,443,1
1081,443,1
1082,442,1
1083,442,1
1084,442,1
1085,442,1
1086,441,1
1087,441,1
1088,441,1
1089,441,1
1090,441,1
1091,440,1
1092,440,1
1093,440,1
1094,440,1
1095,440,1
1096,439,1
1097,439,1
1098,439,1
1099,439,1
1100,439,1
1101,438,1
1102,438,1
1103,438,1
1104,438,1
1105,438,1
1106,437,1
1107,437,1
1108,437,1
1109,437,1
1110,437,1
1111,437,1
1112,436,1
1113,436,1
1114,436,1
1115,436,1
1116,436,1
1117,435,1
1118,435,1
1119,435,1
1120,435,1
1121,435,1
1122,434,1
1123,434,1
1124,434,1
1125,434,1
1126,434,1
1126,433,1
1127,433,1
1128,433,1
1129,433,1
1130,433,1
1131,432,1
1132,432,1
1133,432,1
1134,432,1
1135,432,1
1136,431,1
1137,431,1
1138,431,1
1139,431,1
1140,431,1
1141,431,1
1142,430,1
1143,430,1
1144,430,1
1145,430,1
1146,429,1
1147,429,1
1148,429,1
1149,429,1
1150,428,1
1151,428,1
1152,428,1
1153,428,1
1154,428,1
1155,427,1
1156,427,1
1157,427,1
1158,427,1
1159,427,1
1160,426,1
1161,426,1
1162,426,1
1163,426,1
1164,426,1
1165,425,1
1166,425,1
1167,425,1
1168,425,1
1169,425,1
1170,424,1
1171,424,1
1172,424,1
1173,424,1
1174,424,1
1175,423,1
1176,423,1
1177,423,1
1178,423,1
1179,423,1
1180,423,1
1181,422,1
1182,422,1
1183,422,1
1184,422,1
1185,422,1
1186,421,1
1187,421,1
1188,421,1
1189,421,1
1190,421,1
1191,420,1
1192,420,1
1193,420,1
1194,420,1
1195,419,1
1196,419,1
1197,419,1
1198,419,1
1199,419,1
1200,419,1
1201,418,1
1202,418,1
1203,418,1
1204,418,1
1205,418,1
1206,418,1
1207,417,1
1208,417,1
1209,417,1
1210,417,1
1211,417,1
1212,417,1
1213,417,1
1214,416,1
1215,416,1
1216,416,1
1217,416,1
1218,416,1
1219,416,1
1220,416,1
1221,416,1
1222,416,1
1223,416,1
1224,416,1
1225,416,1
1226,416,1
1227,416,1
1228,416,1
1229,416,1
1230,416,1
1231,416,1
1232,416,1
1233,416,1
1233,417,1
1234,417,1
1235,417,1
1236,417,1
1237,417,1
1237,418,1
1238,418,1
1239,418,1
1240,418,1
1240,419,1
1241,419,1
1242,419,1
1243,420,1
1244,420,1
1245,421,1
1246,422,1
1247,422,1
1247,423,1
1248,423,1
1248,424,1
1249,425,1
1250,426,1
1250,427,1
1251,427,1
1251,428,1
1252,429,1
1253,430,1
1253,431,1
1253,432,1
1254,433,1
1255,434,1
1255,435,1
1255,436,1
1256,437,1
1256,438,1
1257,439,1
1257,440,1
1257,441,1
1257,442,1
1258,443,1
1258,444,1
1258,445,1
1258,446,1
1259,447,1
1259,448,1
1259,449,1
1259,450,1
1259,451,1
1259,452,1
1260,453,1
1260,454,1
1260,455,1
1260,456,1
1260,457,1
1260,458,1
1260,459,1
1260,460,1
1260,461,1
1260,462,1
1260,463,1
1260,464,1
1260,465,1
1261,466,1
1261,467,1
1261,468,1
1261,469,1
1261,470,1
1261,471,1
1261,472,1
1261,473,1
1261,474,1
1261,475,1
1261,476,1
1261,477,1
1261,478,1
1261,479,1
1261,480,1
1261,481,1
1262,482,1
1262,483,1
1262,484,1
1262,485,1
1262,486,1
1262,487,1
1262,488,1
1262,489,1
1262,490,1
1262,491,1
1262,492,1
1262,493,1
1262,494,1
1262,495,1
1262,496,1
1262,497,1
1262,498,1
1263,499,1
1263,500,1
1263,501,1
1263,502,1
1263,503,1
1263,504,1
1263,505,1
1263,506,1
1263,507,1
1263,508,1
1263,509,1
1264,510,1
1264,511,1
1264,512,1
1264,513,1
1264,514,1
1264,515,1
1264,516,1
1264,517,1
1264,518,1
1265,519,1
1265,520,1
1265,521,1
1265,522,1
1265,523,1
1265,524,1
1265,525,1
1265,526,1
1266,527,1
1266,528,1
1266,529,1
1266,530,1
1266,531,1
1266,532,1
1267,533,1
1267,534,1
1267,535,1
1267,536,1
1267,537,1
1267,538,1
1268,539,1
1268,540,1
1268,541,1
1268,542,1
1268,543,1
1268,544,1
1269,545,1
1269,546,1
1269,547,1
1269,548,1
1269,549,1
1269,550,1
1270,551,1
1270,552,1
1270,553,1
1270,554,1
1270,555,1
1271,556,1
1271,557,1
1271,558,1
1271,559,1
1271,560,1
1271,561,1
1271,562,1
1272,563,1
1272,564,1
1272,565,1
1272,566,1
1272,567,1
1273,568,1
1273,569,1
1273,570,1
1273,571,1
1273,572,1
1273,573,1
1274,574,1
1274,575,1
1274,576,1
1274,577,1
1274,578,1
1275,579,1
1275,580,1
1275,581,1
1275,582,1
1275,583,1
1276,584,1
1276,585,1
1276,586,1
1277,587,1
1277,588,1
1278,588,1
1278,589,1
1278,590,1
1279,590,1
1279,591,1
1280,591,1
1280,590,1
1280,589,1
1280,588,1
1280,587,1
1280,586,1
1280,585,1
1280,584,1
1280,583,1
1280,582,1
1280,581,1
1280,580,1
1229,557,0
1189,520,1
1188,520,1
1187,521,1
1186,521,1
1185,521,1
1184,521,1
1183,522,1
1182,522,1
1181,523,1
1180,523,1
1179,524,1
1178,524,1
1177,525,1
1176,525,1
1175,526,1
1174,526,1
1174,527,1
1173,527,1
1172,528,1
1171,528,1
1170,529,1
1169,530,1
1168,530,1
1167,531,1
1166,532,1
1165,532,1
1164,533,1
1163,533,1
1162,534,1
1161,535,1
1160,536,1
1159,536,1
1158,537,1
1157,538,1
1156,539,1
1155,540,1
1154,540,1
1154,541,1
1153,542,1
1152,542,1
1152,543,1
1151,544,1
1150,544,1
1150,545,1
1149,546,1
1148,546,1
1148,547,1
1147,548,1
1147,549,1
1146,550,1
1145,551,1
1145,552,1
1144,553,1
1144,554,1
1144,555,1
1143,556,1
1143,557,1
1143,558,1
1142,558,1
1142,559,1
1142,560,1
1142,561,1
1143,562,1
1143,563,1
1143,564,1
1144,565,1
1145,565,1
1145,566,1
1146,566,1
1146,567,1
1147,567,1
1148,567,1
1149,567,1
1150,567,1
1151,567,1
1152,567,1
1152,566,1
1153,566,1
1154,565,1
1155,565,1
1155,564,1
1156,564,1
1156,563,1
1156,562,1
1157,562,1
1157,561,1
1158,561,1
1158,560,1
1158,559,1
1159,558,1
1159,557,1
1159,556,1
1159,555,1
1159,554,1
1159,553,1
1159,552,1
1159,551,1
1159,550,1
1159,549,1
1158,548,1
1158,547,1
1158,546,1
1157,546,1
1157,545,1
1156,544,1
1156,543,1
1155,542,1
1154,541,1
1154,540,1
1154,539,1
1153,538,1
1153,537,1
1152,537,1
1151,536,1
1151,535,1
1150,534,1
1149,534,1
1148,533,1
1147,533,1
1146,532,1
1145,532,1
1144,531,1
1143,531,1
1142,530,1
1141,529,1
1140,529,1
1139,528,1
1138,527,1
1135,524,0
