377,537,1
427,529,1
428,529,1
429,529,1
430,528,1
431,528,1
432,528,1
433,528,1
434,528,1
435,528,1
436,527,1
437,527,1
438,527,1
439,527,1
440,527,1
441,527,1
442,526,1
443,526,1
483,541,1
483,542,1
483,543,1
483,544,1
483,545,1
483,546,1
483,547,1
483,548,1
483,549,1
483,550,1
483,551,1
484,552,1
484,553,1
484,554,1
484,555,1
484,556,1
484,557,1
484,558,1
484,559,1
484,560,1
484,561,1
484,562,1
484,563,1
485,564,1
485,565,1
485,566,1
485,567,1
485,568,1
485,569,1
485,570,1
485,571,1
486,572,1
486,573,1
486,574,1
486,575,1
486,576,1
486,577,1
486,578,1
486,579,1
486,580,1
486,581,1
487,582,1
487,583,1
487,584,1
487,585,1
487,586,1
487,587,1
487,588,1
488,589,1
488,590,1
488,591,1
488,592,1
488,593,1
488,594,1
488,595,1
488,596,1
488,597,1
488,596,1
488,595,1
487,595,1
487,594,1
487,593,1
487,592,1
487,591,1
486,591,1
486,590,1
486,589,1
486,588,1
485,587,1
485,586,1
485,585,1
485,584,1
484,583,1
484,582,1
484,581,1
483,580,1
483,579,1
483,578,1
483,577,1
482,576,1
482,575,1
482,574,1
481,573,1
481,572,1
481,571,1
480,570,1
480,569,1
479,568,1
479,567,1
478,566,1
478,565,1
478,564,1
477,563,1
477,562,1
476,561,1
476,560,1
475,560,1
474,559,1
474,558,1
473,557,1
472,556,1
472,555,1
471,554,1
470,553,1
469,552,1
468,551,1
467,550,1
466,549,1
465,548,1
464,548,1
464,547,1
463,546,1
462,545,1
461,545,1
460,544,1
459,543,1
458,543,1
457,542,1
456,542,1
455,541,1
454,541,1
453,540,1
452,540,1
451,540,1
450,539,1
449,539,1
448,538,1
447,538,1
446,538,1
445,538,1
444,538,1
443,537,1
442,537,1
441,537,1
440,537,1
439,537,1
438,537,1
437,537,1
436,538,1
435,538,1
434,538,1
433,538,1
432,538,1
431,539,1
430,539,1
429,539,1
428,540,1
427,540,1
426,540,1
425,541,1
424,541,1
423,542,1
422,542,1
422,543,1
421,543,1
420,544,1
419,544,1
418,545,1
417,546,1
416,546,1
416,547,1
415,548,1
414,549,1
413,549,1
413,550,1
412,551,1
411,552,1
410,553,1
409,554,1
409,555,1
408,556,1
407,557,1
407,558,1
406,559,1
406,560,1
406,561,1
405,562,1
405,563,1
405,564,1
405,565,1
404,566,1
404,567,1
404,568,1
404,569,1
404,570,1
404,571,1
405,572,1
405,573,1
405,574,1
406,575,1
406,576,1
407,577,1
407,578,1
408,578,1
409,579,1
409,580,1
410,580,1
410,581,1
411,581,1
412,582,1
413,583,1
414,583,1
415,584,1
416,584,1
417,585,1
418,585,1
419,585,1
420,585,1
421,585,1
422,585,1
423,585,1
424,585,1
425,585,1
426,585,1
427,585,1
428,585,1
429,584,1
430,584,1
431,584,1
432,583,1
433,583,1
434,583,1
435,582,1
436,582,1
437,582,1
437,581,1
438,581,1
439,580,1
440,580,1
441,579,1
442,579,1
443,578,1
444,578,1
445,577,1
446,577,1
447,576,1
447,575,1
448,575,1
449,574,1
450,573,1
451,573,1
452,572,1
453,571,1
454,570,1
455,570,1
456,569,1
457,568,1
458,568,1
459,567,1
460,566,1
461,566,1
462,565,1
463,564,1
464,563,1
465,563,1
465,562,1
466,561,1
467,561,1
468,560,1
469,559,1
470,558,1
471,558,1
472,557,1
472,556,1
473,556,1
474,555,1
475,554,1
476,553,1
477,553,1
478,552,1
478,551,1
479,551,1
480,550,1
481,549,1
482,549,1
482,548,1
483,547,1
484,547,1
485,546,1
486,545,1
487,545,1
487,544,1
488,544,1
489,543,1
490,542,1
491,542,1
492,541,1
493,541,1
494,541,1
495,540,1
496,540,1
496,539,1
497,539,1
498,539,1
499,538,1
500,538,1
501,538,1
502,538,1
503,537,1
504,537,1
505,537,1
506,537,1
507,537,1
508,537,1
509,536,1
510,536,1
511,536,1
512,536,1
513,536,1
514,537,1
515,537,1
516,537,1
517,537,1
518,537,1
519,538,1
520,538,1
521,538,1
522,539,1
523,539,1
524,539,1
524,540,1
525,540,1
526,541,1
527,541,1
528,542,1
529,543,1
530,544,1
531,544,1
531,545,1
532,546,1
533,547,1
534,548,1
535,549,1
535,550,1
535,551,1
536,551,1
536,552,1
537,553,1
537,554,1
538,554,1
538,555,1
538,556,1
538,557,1
539,558,1
539,559,1
539,560,1
539,561,1
539,562,1
539,563,1
540,564,1
540,565,1
540,566,1
540,567,1
540,568,1
540,569,1
539,569,1
539,570,1
539,571,1
539,572,1
539,573,1
539,574,1
539,575,1
538,576,1
538,577,1
538,578,1
538,579,1
538,580,1
537,581,1
537,582,1
537,583,1
537,584,1
536,585,1
536,586,1
536,587,1
536,588,1
535,589,1
535,590,1
534,591,1
534,592,1
534,593,1
534,594,1
534,595,1
533,595,1
533,596,1
534,596,1
533,596,1
534,596,1
535,595,1
535,594,1
536,593,1
536,592,1
537,591,1
537,590,1
538,589,1
555,536,0
569,478,1
570,478,1
571,478,1
572,478,1
573,478,1
574,477,1
575,477,1
576,477,1
577,477,1
578,477,1
579,477,1
580,476,1
581,476,1
582,476,1
583,476,1
584,475,1
585,475,1
586,475,1
587,475,1
588,475,1
589,474,1
590,474,1
591,474,1
592,474,1
593,473,1
594,473,1
595,473,1
596,473,1
597,473,1
598,472,1
599,472,1
600,472,1
601,472,1
602,472,1
603,471,1
604,471,1
605,471,1
606,471,1
607,471,1
608,471,1
609,470,1
610,470,1
611,470,1
612,470,1
613,470,1
614,470,1
615,469,1
616,469,1
617,469,1
618,469,1
619,469,1
620,468,1
621,468,1
622,468,1
623,468,1
624,468,1
625,468,1
626,467,1
627,467,1
628,467,1
629,467,1
630,466,1
631,466,1
632,466,1
633,466,1
634,466,1
635,466,1
636,465,1
637,465,1
638,465,1
639,465,1
640,465,1
641,464,1
642,464,1
643,464,1
644,464,1
645,464,1
646,464,1
647,464,1
648,463,1
649,463,1
650,463,1
651,463,1
652,463,1
653,463,1
654,463,1
655,462,1
656,462,1
657,462,1
658,462,1
659,462,1
660,462,1
661,462,1
662,461,1
663,461,1
664,461,1
665,461,1
666,461,1
667,461,1
668,460,1
669,460,1
670,460,1
671,460,1
672,460,1
673,460,1
674,459,1
675,459,1
676,459,1
677,459,1
678,459,1
679,459,1
680,459,1
681,458,1
682,458,1
683,458,1
684,458,1
685,458,1
686,458,1
687,458,1
688,458,1
689,458,1
690,458,1
691,457,1
692,457,1
693,457,1
694,457,1
695,457,1
696,457,1
697,457,1
698,457,1
699,457,1
700,457,1
701,457,1
702,457,1
703,457,1
704,456,1
705,456,1
706,456,1
707,456,1
708,456,1
709,456,1
710,456,1
711,456,1
712,456,1
713,456,1
714,456,1
715,456,1
716,456,1
717,456,1
683,477,0
650,499,1
651,499,1
652,499,1
653,499,1
654,499,1
655,498,1
656,498,1
657,498,1
658,498,1
659,498,1
660,498,1
661,498,1
662,498,1
663,497,1
664,497,1
665,497,1
666,497,1
667,497,1
668,497,1
668,498,1
669,498,1
670,498,1
671,498,1
672,499,1
673,499,1
673,500,1
674,500,1
674,501,1
675,501,1
675,502,1
675,503,1
676,503,1
676,504,1
676,505,1
675,505,1
675,506,1
675,507,1
675,508,1
674,509,1
674,510,1
673,511,1
672,512,1
672,513,1
671,514,1
670,515,1
669,516,1
668,517,1
667,518,1
666,519,1
666,520,1
665,520,1
664,521,1
664,522,1
663,523,1
662,524,1
661,525,1
660,526,1
660,527,1
659,528,1
658,528,1
658,529,1
657,530,1
657,531,1
656,532,1
656,533,1
655,534,1
655,535,1
655,536,1
654,537,1
654,538,1
654,539,1
654,540,1
654,541,1
654,542,1
654,543,1
655,543,1
655,544,1
655,545,1
656,546,1
657,547,1
657,548,1
658,548,1
658,549,1
659,550,1
660,550,1
660,551,1
661,551,1
662,552,1
663,552,1
663,553,1
664,553,1
665,553,1
666,554,1
667,554,1
668,554,1
669,554,1
670,554,1
670,555,1
671,555,1
672,555,1
673,555,1
674,555,1
675,555,1
676,555,1
677,555,1
678,555,1
679,555,1
680,555,1
681,555,1
682,554,1
683,554,1
684,554,1
685,554,1
686,554,1
687,554,1
688,554,1
689,553,1
690,553,1
691,553,1
692,553,1
693,553,1
694,552,1
695,552,1
696,552,1
697,552,1
698,551,1
699,551,1
700,551,1
701,550,1
702,550,1
703,550,1
704,550,1
705,549,1
706,549,1
707,548,1
708,548,1
709,548,1
710,548,1
710,547,1
711,547,1
712,546,1
713,546,1
714,546,1
715,545,1
716,545,1
717,544,1
718,544,1
719,543,1
720,543,1
721,542,1
722,542,1
722,541,1
723,541,1
724,540,1
725,540,1
726,539,1
727,538,1
728,538,1
729,537,1
730,536,1
731,536,1
732,535,1
733,534,1
734,533,1
735,532,1
736,531,1
737,530,1
738,529,1
739,529,1
740,528,1
740,527,1
741,526,1
742,525,1
743,524,1
744,523,1
745,522,1
745,521,1
746,520,1
746,519,1
747,519,1
748,518,1
748,517,1
749,516,1
749,515,1
749,514,1
750,513,1
751,512,1
751,511,1
751,510,1
752,509,1
752,508,1
753,507,1
753,506,1
753,505,1
754,504,1
754,503,1
754,502,1
755,501,1
755,500,1
755,499,1
755,498,1
756,497,1
756,496,1
756,495,1
756,494,1
756,493,1
757,492,1
757,491,1
757,490,1
757,489,1
757,488,1
757,487,1
757,486,1
757,485,1
757,484,1
757,483,1
757,482,1
757,481,1
757,480,1
757,479,1
757,478,1
757,477,1
757,476,1
757,475,1
757,474,1
757,473,1
757,472,1
757,471,1
756,470,1
756,469,1
756,468,1
756,467,1
755,466,1
755,465,1
755,464,1
754,463,1
754,462,1
754,461,1
753,460,1
753,459,1
752,458,1
752,457,1
751,457,1
751,456,1
750,456,1
750,455,1
749,455,1
749,454,1
748,454,1
747,453,1
746,453,1
745,453,1
744,454,1
743,454,1
742,455,1
742,456,1
741,456,1
741,457,1
740,458,1
740,459,1
739,460,1
739,461,1
739,462,1
739,463,1
739,464,1
739,465,1
739,466,1
739,467,1
739,468,1
739,469,1
739,470,1
739,471,1
739,472,1
739,473,1
739,474,1
740,475,1
740,476,1
740,477,1
740,478,1
740,479,1
741,480,1
741,481,1
741,482,1
741,483,1
741,484,1
742,485,1
742,486,1
742,487,1
743,488,1
743,489,1
743,490,1
744,491,1
744,492,1
744,493,1
744,494,1
745,495,1
745,496,1
746,496,1
746,497,1
746,498,1
747,499,1
747,500,1
747,501,1
748,502,1
748,503,1
749,504,1
749,505,1
749,506,1
750,507,1
750,508,1
751,509,1
751,510,1
751,511,1
752,512,1
752,513,1
753,514,1
753,515,1
753,516,1
754,517,1
755,518,1
755,519,1
756,520,1
756,521,1
757,522,1
757,523,1
757,524,1
758,525,1
758,526,1
759,527,1
759,528,1
760,529,1
760,530,1
761,531,1
761,532,1
762,533,1
763,534,1
763,535,1
764,536,1
765,537,1
766,538,1
767,538,1
767,539,1
768,539,1
768,540,1
769,540,1
770,540,1
770,539,1
770,538,1
770,537,1
770,536,1
770,535,1
770,534,1
774,481,0
772,423,1
773,423,1
774,423,1
775,423,1
776,423,1
777,423,1
778,422,1
779,422,1
780,422,1
781,422,1
782,421,1
783,421,1
784,421,1
785,421,1
786,421,1
787,421,1
788,420,1
789,420,1
790,420,1
791,420,1
792,419,1
793,419,1
794,419,1
795,419,1
796,419,1
797,419,1
798,418,1
799,418,1
800,418,1
801,418,1
802,418,1
803,417,1
804,417,1
805,417,1
806,417,1
807,417,1
808,417,1
809,417,1
810,416,1
811,416,1
812,416,1
813,416,1
814,416,1
815,416,1
816,416,1
817,415,1
818,415,1
819,415,1
820,415,1
821,415,1
822,415,1
823,414,1
824,414,1
825,414,1
826,414,1
827,414,1
828,414,1
829,413,1
830,413,1
831,413,1
832,412,1
833,412,1
834,412,1
835,412,1
836,412,1
837,412,1
838,411,1
839,411,1
840,411,1
841,411,1
842,411,1
843,410,1
844,410,1
845,410,1
846,410,1
847,410,1
848,410,1
849,410,1
850,409,1
851,409,1
852,409,1
853,409,1
854,409,1
855,409,1
856,409,1
857,408,1
858,408,1
859,408,1
860,408,1
861,408,1
862,408,1
863,407,1
864,407,1
865,407,1
866,407,1
867,407,1
868,407,1
869,407,1
870,406,1
871,406,1
872,406,1
873,406,1
874,406,1
875,405,1
876,405,1
877,405,1
878,405,1
879,405,1
880,405,1
881,405,1
882,404,1
883,404,1
884,404,1
885,404,1
886,404,1
887,404,1
888,404,1
889,404,1
890,403,1
891,403,1
892,403,1
893,403,1
894,403,1
895,403,1
896,403,1
897,403,1
898,403,1
899,403,1
900,402,1
901,402,1
902,402,1
903,402,1
904,402,1
905,402,1
906,402,1
907,402,1
908,402,1
909,401,1
910,401,1
911,401,1
912,401,1
913,401,1
914,401,1
915,401,1
916,401,1
917,401,1
918,401,1
919,400,1
920,400,1
921,400,1
922,400,1
923,400,1
924,400,1
925,400,1
926,400,1
927,400,1
928,400,1
929,400,1
930,400,1
930,401,1
931,401,1
932,401,1
933,401,1
934,401,1
935,402,1
936,402,1
937,403,1
938,403,1
939,404,1
940,405,1
940,406,1
941,406,1
941,407,1
942,407,1
942,408,1
942,409,1
943,409,1
943,410,1
944,411,1
944,412,1
944,413,1
945,414,1
945,415,1
945,416,1
945,417,1
945,418,1
945,419,1
945,420,1
945,421,1
945,422,1
945,423,1
945,424,1
945,425,1
945,426,1
945,427,1
945,428,1
945,429,1
945,430,1
945,431,1
945,432,1
945,433,1
945,434,1
945,435,1
944,436,1
944,437,1
944,438,1
944,439,1
944,440,1
944,441,1
944,442,1
944,443,1
944,444,1
945,445,1
945,446,1
945,447,1
945,448,1
945,449,1
945,450,1
945,451,1
945,452,1
945,453,1
945,454,1
945,455,1
945,456,1
945,457,1
946,458,1
946,459,1
946,460,1
946,461,1
946,462,1
946,463,1
946,464,1
946,465,1
946,466,1
946,467,1
946,468,1
946,469,1
947,470,1
947,471,1
947,472,1
947,473,1
947,474,1
947,475,1
947,476,1
947,477,1
947,478,1
947,479,1
947,480,1
947,481,1
947,482,1
948,483,1
948,484,1
948,485,1
948,486,1
948,487,1
948,488,1
948,489,1
948,490,1
948,491,1
948,492,1
948,493,1
948,494,1
948,495,1
948,496,1
948,497,1
948,498,1
948,499,1
948,500,1
948,501,1
948,502,1
948,503,1
948,504,1
948,505,1
948,506,1
948,507,1
948,508,1
948,509,1
948,510,1
948,511,1
948,512,1
948,513,1
948,514,1
948,515,1
948,516,1
949,517,1
949,518,1
949,519,1
949,520,1
949,521,1
949,522,1
949,523,1
949,524,1
949,525,1
949,526,1
949,527,1
949,528,1
950,529,1
950,530,1
950,531,1
950,532,1
950,533,1
950,534,1
950,535,1
950,536,1
950,537,1
950,538,1
950,539,1
950,540,1
950,541,1
951,542,1
951,543,1
951,544,1
951,545,1
951,544,1
951,543,1
910,508,0
875,471,1
874,471,1
873,472,1
872,472,1
871,472,1
870,473,1
869,473,1
868,474,1
867,474,1
866,474,1
865,475,1
864,475,1
863,475,1
862,476,1
861,476,1
860,476,1
859,477,1
858,477,1
857,477,1
856,478,1
855,478,1
854,479,1
853,479,1
852,479,1
851,480,1
850,480,1
849,480,1
848,481,1
847,481,1
846,482,1
845,482,1
844,482,1
843,483,1
842,483,1
841,484,1
840,484,1
839,485,1
838,485,1
837,486,1
836,486,1
835,487,1
834,488,1
833,488,1
832,489,1
831,489,1
830,490,1
829,491,1
828,491,1
828,492,1
827,493,1
826,493,1
825,494,1
824,495,1
823,495,1
823,496,1
822,497,1
821,497,1
820,498,1
820,499,1
819,500,1
818,501,1
817,502,1
817,503,1
817,504,1
816,504,1
816,505,1
815,506,1
815,507,1
815,508,1
815,509,1
815,510,1
814,511,1
815,511,1
815,512,1
815,513,1
815,514,1
816,515,1
816,516,1
817,517,1
818,518,1
819,518,1
819,519,1
820,519,1
821,519,1
822,520,1
823,520,1
824,520,1
825,521,1
826,521,1
827,521,1
828,521,1
829,521,1
830,521,1
831,520,1
832,520,1
833,520,1
834,519,1
835,519,1
836,518,1
837,518,1
838,517,1
839,516,1
840,516,1
840,515,1
841,514,1
842,514,1
842,513,1
843,512,1
844,511,1
845,510,1
845,509,1
846,508,1
846,507,1
846,506,1
847,505,1
847,504,1
847,503,1
848,502,1
848,501,1
848,500,1
848,499,1
848,498,1
847,497,1
847,496,1
847,495,1
847,494,1
847,493,1
846,493,1
846,492,1
845,491,1
845,490,1
844,489,1
844,488,1
843,488,1
843,487,1
842,486,1
841,485,1
840,484,1
839,483,1
838,483,1
838,482,1
837,482,1
836,481,1
835,481,1
834,480,1
833,480,1
832,479,1
831,479,1
830,478,1
829,478,1
828,478,1
827,478,1
826,478,1
825,477,1
824,477,1
823,477,1
822,476,1
821,475,0
