323,319,1
323,318,1
324,318,1
325,317,1
326,316,1
327,316,1
328,315,1
329,315,1
330,314,1
369,298,1
370,297,1
371,297,1
372,297,1
373,297,1
374,296,1
375,296,1
376,295,1
377,295,1
378,295,1
379,294,1
380,294,1
381,294,1
382,294,1
383,293,1
384,293,1
385,293,1
386,292,1
387,292,1
388,292,1
389,292,1
390,292,1
391,291,1
392,291,1
393,291,1
394,291,1
395,291,1
396,290,1
397,290,1
398,290,1
399,290,1
400,290,1
401,289,1
402,289,1
403,289,1
404,289,1
405,289,1
406,289,1
407,289,1
408,288,1
409,288,1
410,288,1
411,288,1
412,288,1
413,288,1
414,288,1
415,288,1
416,288,1
417,288,1
418,287,1
419,287,1
420,287,1
421,287,1
422,287,1
423,287,1
424,287,1
425,287,1
426,287,1
427,287,1
428,287,1
429,287,1
430,288,1
431,288,1
432,288,1
479,303,1
480,304,1
481,305,1
481,306,1
482,306,1
482,307,1
483,308,1
484,309,1
484,310,1
485,310,1
485,311,1
486,312,1
486,313,1
486,314,1
487,314,1
487,315,1
487,316,1
487,317,1
488,318,1
488,319,1
488,320,1
488,321,1
488,322,1
488,323,1
488,324,1
488,325,1
488,326,1
488,327,1
488,328,1
488,329,1
487,330,1
487,331,1
487,332,1
486,333,1
486,334,1
486,335,1
485,336,1
485,337,1
484,338,1
484,339,1
483,340,1
482,341,1
482,342,1
481,343,1
481,344,1
480,344,1
479,345,1
479,346,1
478,347,1
478,348,1
477,348,1
476,349,1
475,350,1
474,351,1
473,352,1
473,353,1
472,353,1
471,354,1
470,355,1
469,356,1
468,357,1
467,357,1
466,358,1
465,359,1
464,360,1
463,360,1
463,361,1
462,361,1
461,362,1
460,363,1
459,363,1
459,364,1
458,364,1
457,365,1
456,365,1
455,366,1
454,366,1
453,367,1
452,368,1
451,368,1
450,369,1
449,369,1
448,370,1
447,370,1
446,371,1
445,372,1
444,372,1
443,373,1
442,373,1
441,373,1
440,374,1
439,374,1
438,375,1
437,375,1
436,375,1
435,376,1
434,376,1
433,377,1
432,377,1
431,377,1
431,378,1
430,378,1
429,378,1
428,379,1
427,379,1
426,379,1
425,379,1
424,380,1
423,380,1
422,380,1
422,381,1
421,381,1
420,382,1
421,382,1
422,382,1
423,382,1
459,382,1
460,382,1
461,383,1
462,383,1
463,383,1
464,383,1
465,383,1
466,383,1
467,383,1
468,384,1
469,384,1
470,384,1
471,384,1
472,384,1
473,385,1
474,385,1
475,385,1
476,385,1
477,386,1
478,386,1
479,386,1
480,386,1
481,387,1
482,387,1
483,387,1
484,388,1
485,388,1
486,388,1
487,389,1
488,389,1
489,390,1
490,390,1
510,419,1
510,420,1
510,421,1
510,422,1
510,423,1
510,424,1
510,425,1
510,426,1
509,427,1
509,428,1
509,429,1
508,430,1
508,431,1
508,432,1
507,433,1
507,434,1
506,435,1
506,436,1
505,437,1
504,438,1
504,439,1
503,439,1
502,440,1
502,441,1
501,441,1
500,442,1
500,443,1
499,443,1
498,444,1
497,445,1
496,445,1
495,446,1
494,447,1
493,447,1
492,448,1
491,448,1
490,449,1
489,449,1
488,450,1
487,450,1
486,450,1
485,451,1
484,451,1
483,451,1
482,452,1
481,452,1
480,452,1
479,452,1
478,452,1
477,453,1
476,453,1
475,453,1
474,453,1
473,453,1
472,453,1
471,453,1
470,453,1
469,454,1
468,454,1
467,454,1
466,454,1
465,454,1
464,454,1
463,454,1
462,454,1
461,454,1
460,454,1
459,454,1
458,454,1
457,454,1
456,454,1
455,454,1
454,454,1
453,454,1
452,454,1
451,454,1
450,454,1
449,454,1
448,454,1
447,454,1
446,454,1
445,454,1
444,454,1
443,454,1
442,454,1
441,453,1
440,453,1
439,453,1
438,453,1
437,453,1
436,453,1
435,453,1
434,453,1
433,452,1
432,452,1
431,452,1
430,452,1
429,451,1
428,451,1
427,451,1
427,450,1
426,450,1
425,450,1
424,449,1
470,414,0
503,377,1
504,377,1
505,377,1
506,377,1
507,376,1
508,376,1
509,376,1
510,376,1
511,376,1
512,375,1
513,375,1
514,375,1
515,375,1
516,375,1
517,374,1
518,374,1
519,374,1
520,374,1
521,374,1
522,373,1
523,373,1
524,373,1
525,373,1
526,373,1
527,372,1
528,372,1
529,372,1
530,372,1
531,372,1
532,372,1
533,371,1
534,371,1
535,371,1
536,371,1
537,371,1
538,371,1
539,371,1
540,370,1
541,370,1
542,370,1
543,370,1
544,370,1
545,369,1
546,369,1
547,369,1
548,369,1
549,369,1
550,369,1
551,368,1
552,368,1
553,368,1
554,368,1
555,368,1
556,367,1
557,367,1
558,367,1
559,367,1
560,366,1
561,366,1
562,366,1
563,366,1
564,365,1
565,365,1
566,365,1
567,365,1
567,364,1
568,364,1
569,364,1
570,363,1
571,363,1
572,363,1
573,362,1
574,362,1
575,362,1
576,361,1
577,361,1
577,360,1
578,360,1
579,359,1
580,359,1
581,358,1
582,358,1
583,357,1
584,357,1
584,356,1
585,355,1
586,355,1
587,354,1
588,353,1
589,353,1
589,352,1
590,351,1
591,351,1
591,350,1
592,349,1
593,348,1
594,347,1
595,346,1
595,345,1
596,344,1
597,343,1
598,342,1
598,341,1
598,340,1
599,339,1
599,338,1
600,338,1
600,337,1
600,336,1
601,335,1
601,334,1
601,333,1
602,332,1
602,331,1
602,330,1
602,329,1
602,328,1
603,328,1
603,327,1
603,326,1
603,325,1
603,324,1
603,323,1
603,322,1
603,321,1
604,320,1
604,319,1
604,318,1
604,317,1
604,316,1
604,315,1
604,316,1
604,317,1
605,318,1
605,319,1
605,320,1
605,321,1
605,322,1
605,323,1
605,324,1
605,325,1
605,326,1
605,327,1
605,328,1
605,329,1
605,330,1
606,331,1
606,332,1
606,333,1
606,334,1
606,335,1
606,336,1
606,337,1
606,338,1
606,339,1
606,340,1
606,341,1
606,342,1
606,343,1
606,344,1
606,345,1
606,346,1
606,347,1
606,348,1
606,349,1
606,350,1
606,351,1
606,352,1
606,353,1
606,354,1
606,355,1
606,356,1
606,357,1
606,358,1
606,359,1
606,360,1
606,361,1
606,362,1
606,363,1
606,364,1
606,365,1
606,366,1
606,367,1
606,368,1
606,369,1
606,370,1
606,371,1
606,372,1
606,373,1
606,374,1
606,375,1
606,376,1
606,377,1
606,378,1
606,379,1
607,380,1
607,381,1
607,382,1
607,383,1
607,384,1
607,385,1
607,386,1
607,387,1
607,388,1
607,389,1
607,390,1
607,391,1
608,392,1
608,393,1
608,394,1
608,395,1
608,396,1
608,397,1
608,398,1
609,399,1
609,400,1
609,401,1
609,402,1
609,403,1
609,404,1
609,405,1
610,406,1
610,407,1
610,408,1
610,409,1
610,410,1
611,411,1
611,412,1
611,413,1
611,414,1
611,415,1
611,416,1
612,417,1
612,418,1
612,419,1
612,420,1
613,421,1
613,422,1
613,423,1
613,424,1
614,425,1
614,426,1
614,427,1
615,428,1
615,429,1
615,430,1
615,431,1
616,432,1
616,433,1
616,434,1
617,434,1
617,435,1
617,436,1
618,437,1
619,437,1
619,436,1
671,384,0
726,329,1
726,330,1
726,331,1
726,332,1
726,333,1
726,334,1
725,335,1
725,336,1
725,337,1
725,338,1
725,339,1
725,340,1
725,341,1
725,342,1
725,343,1
724,344,1
724,345,1
724,346,1
724,347,1
724,348,1
724,349,1
724,350,1
724,351,1
724,352,1
724,353,1
724,354,1
724,355,1
723,356,1
723,357,1
723,358,1
723,359,1
723,360,1
723,361,1
723,362,1
723,363,1
723,364,1
723,365,1
723,366,1
722,367,1
722,368,1
722,369,1
722,370,1
722,371,1
722,372,1
722,373,1
722,374,1
722,375,1
722,376,1
722,377,1
722,378,1
722,379,1
721,380,1
721,381,1
721,382,1
721,383,1
721,384,1
721,385,1
721,386,1
721,387,1
721,388,1
721,389,1
721,390,1
721,391,1
721,392,1
721,393,1
721,394,1
721,395,1
721,396,1
721,397,1
721,398,1
721,399,1
721,400,1
721,401,1
721,402,1
721,403,1
721,404,1
721,405,1
721,406,1
721,407,1
721,408,1
721,409,1
721,410,1
721,411,1
721,412,1
721,413,1
721,414,1
721,415,1
722,416,1
722,417,1
722,418,1
722,419,1
722,420,1
722,421,1
722,422,1
722,423,1
722,424,1
722,425,1
723,426,1
723,427,1
723,428,1
724,429,1
725,430,1
726,430,1
795,363,0
874,297,1
873,297,1
872,298,1
871,299,1
870,299,1
869,300,1
868,300,1
867,301,1
866,301,1
865,302,1
864,303,1
863,304,1
862,305,1
861,306,1
860,307,1
859,308,1
858,309,1
857,310,1
856,311,1
855,312,1
854,313,1
854,314,1
853,315,1
852,315,1
852,316,1
851,317,1
851,318,1
850,319,1
849,319,1
849,320,1
849,321,1
848,322,1
848,323,1
847,324,1
847,325,1
846,326,1
846,327,1
846,328,1
846,329,1
846,330,1
845,331,1
845,332,1
845,333,1
845,334,1
846,335,1
846,336,1
846,337,1
846,338,1
846,339,1
847,339,1
847,340,1
847,341,1
848,342,1
848,343,1
849,344,1
850,345,1
851,346,1
852,346,1
852,347,1
853,347,1
854,348,1
855,348,1
856,349,1
857,349,1
858,349,1
859,350,1
860,350,1
861,350,1
862,350,1
863,350,1
864,350,1
865,350,1
866,350,1
867,349,1
868,349,1
869,349,1
870,349,1
871,348,1
872,348,1
873,348,1
874,347,1
875,347,1
876,346,1
877,346,1
878,346,1
879,345,1
880,344,1
881,344,1
882,343,1
883,343,1
883,342,1
884,342,1
885,341,1
886,341,1
886,340,1
887,340,1
888,339,1
889,339,1
889,338,1
890,338,1
891,338,1
891,337,1
892,337,1
893,337,1
894,337,1
895,337,1
896,337,1
896,338,1
897,338,1
898,339,1
898,340,1
899,341,1
899,342,1
899,343,1
899,344,1
899,345,1
900,346,1
900,347,1
900,348,1
900,349,1
900,350,1
900,351,1
900,352,1
899,353,1
899,354,1
899,355,1
899,356,1
899,357,1
899,358,1
899,359,1
899,360,1
899,361,1
899,362,1
899,363,1
899,364,1
899,365,1
899,366,1
899,367,1
898,368,1
898,369,1
898,370,1
898,371,1
898,372,1
898,373,1
898,374,1
898,375,1
898,376,1
898,377,1
898,378,1
898,379,1
898,380,1
898,381,1
897,382,1
897,383,1
897,384,1
897,385,1
897,386,1
897,387,1
897,388,1
897,389,1
897,390,1
897,391,1
897,392,1
897,393,1
897,394,1
897,395,1
896,396,1
896,397,1
896,398,1
896,399,1
896,400,1
896,401,1
896,402,1
896,403,1
896,404,1
896,405,1
896,406,1
896,407,1
895,408,1
895,409,1
895,410,1
895,411,1
895,412,1
894,413,1
894,414,1
894,415,1
894,416,1
894,417,1
893,418,1
893,419,1
892,420,1
892,421,1
891,422,1
891,423,1
890,423,1
889,424,1
888,424,1
888,425,1
887,425,1
886,425,1
885,425,1
884,425,1
883,425,1
882,425,1
881,425,1
880,424,1
879,423,1
878,423,1
878,422,1
877,422,1
876,421,1
875,421,1
875,420,1
874,419,1
873,418,1
872,417,1
872,416,1
871,415,1
871,414,1
870,413,1
870,412,1
869,412,1
869,411,1
869,410,1
868,409,1
868,408,1
868,407,1
868,406,1
868,405,1
867,404,1
867,403,1
867,402,1
867,401,1
867,400,1
867,399,1
867,398,1
868,397,1
868,396,1
868,395,1
868,394,1
869,393,1
869,392,1
870,391,1
870,390,1
871,389,1
871,388,1
872,388,1
873,387,1
873,386,1
874,386,1
874,385,1
875,385,1
876,384,1
877,384,1
877,383,1
878,383,1
879,382,1
880,382,1
881,381,1
882,381,1
882,380,1
883,380,1
884,380,1
885,379,1
886,379,1
887,379,1
888,378,1
889,378,1
890,378,1
891,378,1
892,377,1
893,377,1
894,377,1
895,377,1
896,377,1
897,376,1
898,376,1
899,376,1
900,376,1
901,376,1
902,376,1
903,375,1
904,375,1
905,375,1
906,375,1
907,375,1
908,375,1
909,375,1
910,374,1
911,374,1
912,374,1
913,374,1
914,374,1
915,374,1
916,374,1
917,374,1
918,374,1
919,373,1
920,373,1
921,373,1
922,373,1
923,373,1
924,373,1
925,373,1
926,373,1
927,372,1
928,372,1
929,372,1
930,372,1
931,372,1
932,372,1
933,372,1
934,371,1
935,371,1
936,371,1
937,371,1
938,371,1
939,371,1
940,371,1
941,370,1
942,370,1
943,370,1
944,370,1
945,370,1
946,369,1
947,369,1
948,369,1
949,369,1
950,369,1
951,368,1
952,368,1
953,368,1
954,367,1
955,367,1
956,367,1
957,366,1
958,366,1
959,366,1
960,365,1
961,365,1
962,365,1
963,364,1
964,364,1
965,364,1
966,363,1
967,362,1
968,362,1
969,361,1
970,361,1
971,361,1
972,360,1
973,359,1
974,359,1
975,358,1
976,357,1
977,357,1
977,356,1
978,356,1
979,355,1
980,355,1
980,354,1
981,353,1
982,353,1
983,352,1
983,351,1
984,351,1
985,350,1
985,349,1
986,349,1
987,348,1
987,347,1
988,346,1
989,345,1
990,344,1
990,343,1
991,342,1
992,341,1
992,340,1
993,340,1
993,339,1
994,338,1
994,337,1
995,336,1
995,335,1
995,334,1
996,333,1
997,332,1
997,331,1
997,330,1
998,329,1
998,328,1
998,327,1
999,326,1
999,325,1
999,324,1
999,323,1
999,322,1
1000,321,1
1000,320,1
1000,319,1
1000,318,1
1000,317,1
1000,316,1
1000,315,1
1000,314,1
1001,313,1
1001,312,1
1001,311,1
1000,310,1
1000,309,1
1000,308,1
1000,307,1
999,307,1
999,308,1
999,309,1
998,309,1
998,310,1
998,311,1
998,312,1
998,313,1
998,314,1
997,315,1
997,316,1
997,317,1
997,318,1
997,319,1
996,320,1
996,321,1
996,322,1
996,323,1
996,324,1
996,325,1
996,326,1
995,327,1
995,328,1
995,329,1
995,330,1
995,331,1
995,332,1
995,333,1
994,334,1
994,335,1
994,336,1
994,337,1
994,338,1
994,339,1
993,340,1
993,341,1
993,342,1
993,343,1
993,344,1
993,345,1
992,346,1
992,347,1
992,348,1
992,349,1
992,350,1
992,351,1
991,352,1
991,353,1
991,354,1
991,355,1
991,356,1
991,357,1
990,358,1
990,359,1
990,360,1
990,361,1
990,362,1
989,363,1
989,364,1
989,365,1
989,366,1
988,367,1
988,368,1
988,369,1
987,370,1
987,371,1
987,372,1
987,373,1
986,374,1
986,375,1
986,376,1
986,377,1
985,378,1
985,379,1
985,380,1
984,381,1
984,382,1
984,383,1
983,384,1
983,385,1
983,386,1
982,387,1
982,388,1
982,389,1
981,389,1
981,390,1
980,391,1
980,392,1
980,393,1
979,394,1
979,395,1
979,396,1
978,397,1
978,398,1
977,399,1
977,400,1
976,401,1
975,402,1
975,403,1
974,404,1
974,405,1
973,406,1
972,406,1
971,407,1
865,336,0
750,276,1
750,275,1
751,274,1
752,273,1
753,272,1
754,271,1
754,270,1
755,270,1
755,269,1
756,268,1
757,267,1
758,266,1
759,265,1
760,264,1
761,263,1
761,262,1
762,262,1
763,261,1
763,260,1
764,260,1
765,259,1
765,258,1
766,257,1
767,257,1
768,256,1
768,255,1
769,255,1
770,254,1
770,253,1
771,253,1
772,252,1
773,251,1
774,250,1
775,249,1
776,249,1
777,248,1
777,247,1
778,246,1
779,246,1
780,245,1
781,244,1
782,243,1
783,242,1
784,242,1
785,241,1
786,240,1
787,239,1
788,238,1
789,238,1
790,237,1
791,237,1
791,236,1
792,235,1
793,235,1
794,234,1
795,234,1
796,233,1
797,232,1
798,231,1
799,231,1
800,230,1
801,230,1
802,229,1
803,228,1
804,227,1
805,227,1
806,226,1
807,226,1
808,225,1
809,224,1
810,224,1
811,224,1
812,223,1
813,223,1
813,222,1
814,222,1
815,221,1
816,221,1
817,220,1
818,220,1
819,219,1
820,218,1
821,218,1
822,217,1
823,217,1
824,217,1
825,216,1
826,215,1
827,215,1
828,214,1
829,214,1
830,214,1
831,213,1
832,212,1
833,212,1
834,212,1
835,211,1
836,211,1
837,211,1
838,210,1
839,210,1
839,209,1
840,209,1
841,209,1
842,208,1
843,208,1
844,208,1
845,207,1
846,207,1
847,206,1
848,206,1
849,205,1
850,205,1
851,205,1
852,204,1
853,204,1
854,204,1
855,204,1
856,203,1
857,203,1
858,203,1
859,202,1
860,202,1
861,202,1
862,202,1
862,201,1
863,201,1
864,201,1
865,200,1
866,200,1
867,200,1
868,200,1
869,199,1
870,199,1
871,199,1
872,199,1
873,199,1
874,198,1
875,198,1
876,198,1
877,198,1
878,198,1
879,197,1
880,197,1
881,197,1
882,197,1
883,197,1
884,196,1
885,196,1
886,196,1
887,196,1
888,196,1
889,196,1
890,195,1
891,195,1
892,195,1
893,195,1
894,195,1
895,195,1
896,195,1
897,195,1
898,194,1
899,194,1
900,194,1
901,194,1
902,194,1
903,194,1
904,194,1
905,194,1
906,194,1
907,194,1
908,194,1
909,194,1
910,194,1
911,194,1
912,194,1
913,195,1
914,195,1
915,195,1
916,195,1
917,195,1
918,195,1
919,195,1
920,196,1
921,196,1
922,196,1
923,196,1
924,196,1
925,196,1
926,197,1
927,197,1
928,197,1
929,197,1
930,198,1
931,198,1
932,198,1
933,198,1
934,199,1
935,199,1
936,199,1
937,200,1
938,200,1
939,200,1
940,201,1
941,201,1
942,201,1
943,202,1
944,202,1
945,203,1
946,203,1
947,204,1
948,204,1
949,205,1
950,205,1
951,205,1
952,206,1
953,206,1
954,207,1
955,208,1
956,208,1
957,209,1
958,210,1
959,210,1
959,211,1
960,211,1
961,212,1
962,212,1
963,213,1
964,213,1
964,214,1
965,215,1
966,215,1
967,216,1
967,217,1
968,217,1
969,218,1
970,218,1
971,219,1
971,220,1
972,221,1
973,221,1
974,222,1
974,223,1
975,223,1
976,224,1
976,225,1
977,226,1
978,226,1
978,227,1
979,228,1
980,229,1
980,230,1
981,230,1
981,231,1
982,232,1
983,233,1
983,234,1
984,235,1
985,236,1
985,237,1
986,238,1
987,239,1
987,240,1
988,241,1
988,242,1
989,243,1
990,244,1
990,245,1
990,246,1
991,247,1
991,248,1
992,249,1
992,250,1
992,251,1
993,252,1
993,253,1
994,254,1
994,255,1
995,256,1
995,257,1
995,258,1
996,259,1
996,260,1
996,261,1
996,262,1
997,263,1
997,264,1
997,265,1
997,266,1
998,267,1
998,268,1
998,269,1
998,270,1
999,271,1
999,272,1
999,273,1
999,274,1
999,275,1
999,276,1
1000,277,1
1000,278,1
1000,279,1
1000,280,1
1000,281,1
1000,282,1
1000,283,1
1001,284,1
1001,285,1
1001,286,1
1001,287,1
1001,288,1
1001,289,1
1001,290,1
1001,291,1
1001,292,1
1002,293,1
1002,294,1
1002,295,1
1002,296,1
1002,297,1
1002,298,1
1002,299,1
1002,300,1
1002,301,1
1002,302,1
1003,303,1
1003,304,1
1003,305,1
1003,306,1
1003,307,1
1003,308,1
1003,309,1
1003,310,1
1003,311,1
1003,312,1
1003,313,1
1003,314,1
1119,330,0
1237,346,1
1237,347,1
1237,348,1
1236,349,1
1236,350,1
1236,351,1
1236,352,1
1235,353,1
1235,354,1
1234,355,1
1234,356,1
1234,357,1
1233,358,1
1233,359,1
1233,360,1
1232,361,1
1232,362,1
1232,363,1
1231,364,1
1231,365,1
1231,366,1
1231,367,1
1230,368,1
1230,369,1
1230,370,1
1229,371,1
1229,372,1
1229,373,1
1228,374,1
1228,375,1
1228,376,1
1227,377,1
1227,378,1
1226,379,1
1226,380,1
1225,381,1
1225,382,1
1225,383,1
1224,384,1
1224,385,1
1224,386,1
1223,386,1
1223,387,1
1222,388,1
1222,389,1
1221,389,1
1221,390,1
1220,390,1
1220,391,1
1219,391,1
1219,392,1
1218,392,1
1217,393,1
1216,393,1
1215,393,1
1214,393,1
1213,393,1
1212,392,1
1211,392,1
1211,391,1
1210,391,1
1210,390,1
1209,390,1
1209,389,1
1208,389,1
1208,388,1
1207,387,1
1207,386,1
1206,386,1
1206,385,1
1205,384,1
1205,383,1
1204,382,1
1204,381,1
1203,380,1
1203,379,1
1202,378,1
1202,377,1
1201,376,1
1201,375,1
1200,374,1
1200,373,1
1199,372,1
1199,371,1
1198,370,1
1197,369,1
1197,368,1
1196,367,1
1196,366,1
1196,365,1
1195,364,1
1194,363,1
1194,362,1
1193,361,1
1192,360,1
1192,359,1
1191,358,1
1191,357,1
1190,356,1
1189,355,1
1188,354,1
1188,353,1
1187,352,1
1187,351,1
1186,351,1
1185,350,1
1185,349,1
1184,348,1
1183,347,1
1182,346,1
1181,345,1
1180,344,1
1180,343,1
1179,342,1
1178,342,1
1177,341,1
1176,340,1
1176,339,1
1175,339,1
1174,338,1
1173,337,1
1172,336,1
1171,336,1
1170,335,1
1170,334,1
1169,333,1
1168,333,1
1167,332,1
1166,331,1
1165,331,1
1164,330,1
1163,330,1
1162,329,1
1161,328,1
1160,328,1
1160,327,1
1159,327,1
1158,326,1
1157,326,1
1156,325,1
1155,325,1
1154,325,1
1153,324,1
1152,324,1
1151,323,1
1150,323,1
1149,323,1
1148,322,1
1147,322,1
1146,322,1
1145,321,1
1144,321,1
1143,321,1
1142,321,1
1141,321,1
1140,320,1
1139,320,1
1138,320,1
1137,320,1
1136,320,1
1135,320,1
1134,320,1
1133,319,1
1132,319,1
1131,319,1
1130,319,1
1129,319,1
1128,319,1
1127,319,1
1126,319,1
1125,319,1
1124,319,1
1123,319,1
1122,319,1
1121,319,1
1120,319,1
1119,319,1
1118,319,1
1117,319,1
1116,319,1
1115,319,1
1114,319,1
1113,320,1
1112,320,1
1111,320,1
1110,320,1
1109,320,1
1108,320,1
1107,320,1
1106,320,1
1105,321,1
1104,321,1
1103,321,1
1102,321,1
1101,321,1
1100,321,1
1099,322,1
1098,322,1
1097,322,1
1096,323,1
1095,323,1
1094,323,1
1093,324,1
1092,324,1
1091,324,1
1090,324,1
1089,325,1
1088,325,1
1087,326,1
1086,326,1
1085,326,1
1084,327,1
1083,327,1
1082,328,1
1081,328,1
1080,329,1
1079,329,1
1078,330,1
1077,331,1
1076,331,1
1075,332,1
1074,332,1
1073,333,1
1072,333,1
1072,334,1
1071,334,1
1070,335,1
1069,335,1
1068,336,1
1068,337,1
1067,337,1
1066,338,1
1065,338,1
1064,339,1
1064,340,1
1063,340,1
1062,341,1
1061,342,1
1060,343,1
1059,344,1
1059,345,1
1058,345,1
1057,346,1
1056,347,1
1056,348,1
1055,348,1
1055,349,1
1054,350,1
1053,351,1
1053,352,1
1052,353,1
1051,354,1
1051,355,1
1050,356,1
1050,357,1
1050,358,1
1049,359,1
1049,360,1
1049,361,1
1048,361,1
1048,362,1
1048,363,1
1048,364,1
1048,365,1
1048,366,1
1048,367,1
1048,368,1
1048,369,1
1048,370,1
1048,371,1
1048,372,1
1048,373,1
1049,374,1
1049,375,1
1050,376,1
1050,377,1
1051,378,1
1052,379,1
1053,379,1
1053,380,1
1054,380,1
1055,380,1
1055,381,1
1056,381,1
1057,381,1
1057,382,1
1058,382,1
1059,382,1
1060,382,1
1061,383,1
1062,383,1
1063,383,1
1064,383,1
1065,383,1
1066,383,1
1067,382,1
1068,382,1
1069,382,1
1070,382,1
1071,381,1
1072,381,1
1073,381,1
1073,380,1
1074,380,1
1075,380,1
1076,379,1
1077,378,1
1078,377,1
1079,377,1
1079,376,1
1080,375,1
1080,374,1
1081,373,1
1082,372,1
1082,371,1
1082,370,1
1083,369,1
1083,368,1
1083,367,1
1083,366,1
1083,365,1
1083,364,1
1083,363,1
1083,362,1
1082,361,1
1082,360,1
1082,359,1
1082,358,1
1081,357,1
1081,356,1
1080,355,1
1080,354,1
1079,353,1
1078,352,1
1078,351,1
1077,351,1
1077,350,1
1076,350,1
1075,349,1
1075,348,1
1074,348,1
1073,347,1
1072,346,1
1071,346,1
1070,345,1
1069,345,1
1068,344,1
1067,344,1
1066,344,1
1065,344,1
1064,344,1
1063,344,1
1243,354,0
1419,357,1
1419,358,1
1419,359,1
1418,360,1
1418,361,1
1418,362,1
1417,363,1
1417,364,1
1417,365,1
1417,366,1
1416,367,1
1416,368,1
1416,369,1
1415,370,1
1415,371,1
1415,372,1
1415,373,1
1414,374,1
1414,375,1
1414,376,1
1414,377,1
1413,378,1
1413,379,1
1413,380,1
1413,381,1
1412,382,1
1412,383,1
1412,384,1
1411,385,1
1411,386,1
1411,387,1
1411,388,1
1410,389,1
1410,390,1
1410,391,1
1409,391,1
1409,392,1
1409,393,1
1408,394,1
1408,395,1
1407,396,1
1407,397,1
1406,397,1
1406,398,1
1405,398,1
1404,399,1
1404,398,1
1403,398,1
1402,397,1
1402,396,1
1401,395,1
1401,394,1
1401,393,1
1400,393,1
1400,392,1
1400,391,1
1400,390,1
1399,389,1
1399,388,1
1399,387,1
1399,386,1
1399,385,1
1399,384,1
1398,383,1
1398,382,1
1398,381,1
1398,380,1
1397,379,1
1397,378,1
1397,377,1
1397,376,1
1396,375,1
1396,374,1
1396,373,1
1395,372,1
1395,371,1
1395,370,1
1394,369,1
1394,368,1
1393,367,1
1393,366,1
1392,365,1
1392,364,1
1392,363,1
1391,362,1
1391,361,1
1390,361,1
1390,360,1
1389,359,1
1389,358,1
1388,358,1
1388,357,1
1387,356,1
1387,355,1
1386,354,1
1385,353,1
1384,352,1
1384,351,1
1383,351,1
1382,350,1
1382,349,1
1381,348,1
1380,348,1
1380,347,1
1379,346,1
1378,346,1
1377,345,1
1376,344,1
1375,343,1
1374,343,1
1373,342,1
1372,341,1
1371,341,1
1370,340,1
1369,339,1
1368,339,1
1367,338,1
1366,338,1
1365,337,1
1364,337,1
1363,337,1
1362,336,1
1361,336,1
1360,336,1
1359,335,1
1358,335,1
1357,335,1
1356,335,1
1355,334,1
1354,334,1
1353,334,1
1352,334,1
1351,334,1
1350,334,1
1349,334,1
1348,333,1
1347,333,1
1346,333,1
1345,333,1
1344,333,1
1343,333,1
1342,334,1
1341,334,1
1340,334,1
1339,334,1
1338,334,1
1337,334,1
1336,334,1
1335,335,1
1334,335,1
1333,335,1
1332,335,1
1331,336,1
1330,336,1
1329,336,1
1328,336,1
1327,337,1
1326,337,1
1325,337,1
1325,338,1
1324,338,1
1323,339,1
1322,339,1
1321,339,1
1320,340,1
1319,341,1
1318,341,1
1317,342,1
1316,343,1
1315,343,1
1314,344,1
1313,345,1
1312,345,1
1312,346,1
1311,347,1
1310,348,1
1309,349,1
1308,350,1
1308,351,1
1307,351,1
1307,352,1
1306,353,1
1305,354,1
1305,355,1
1305,356,1
1304,357,1
1304,358,1
1303,359,1
1303,360,1
1303,361,1
1303,362,1
1303,363,1
1303,364,1
1303,365,1
1303,366,1
1303,367,1
1303,368,1
1303,369,1
1303,370,1
1304,371,1
1304,372,1
1304,373,1
1304,374,1
1305,375,1
1305,376,1
1306,376,1
1306,377,1
1307,378,1
1307,379,1
1308,380,1
1309,380,1
1309,381,1
1310,382,1
1311,383,1
1312,384,1
1313,384,1
1313,385,1
1314,385,1
1315,386,1
1316,386,1
1317,387,1
1317,388,1
1318,388,1
1319,388,1
1320,389,1
1321,389,1
1322,390,1
1323,390,1
1323,391,1
1324,391,1
1325,392,1
1326,392,1
1327,392,1
1328,393,1
1329,393,1
1330,393,1
1331,394,1
1332,394,1
1333,394,1
1334,395,1
1335,395,1
1336,395,1
1337,396,1
1338,396,1
1339,396,1
1340,396,1
1341,397,1
1342,397,1
1343,397,1
1344,397,1
1345,397,1
1346,397,1
1347,398,1
1348,398,1
1349,398,1
1350,398,1
1351,398,1
1352,399,1
1353,399,1
1354,399,1
1355,399,1
1356,399,1
1357,399,1
1358,399,1
1359,399,1
1360,399,1
1361,399,1
1362,400,1
1363,400,1
1364,400,1
1365,400,1
1366,400,1
1367,400,1
1368,400,1
1369,400,1
1370,400,1
1371,400,1
1372,400,1
1373,400,1
1374,400,1
1375,400,1
1376,400,1
1377,400,1
1378,400,1
1379,400,1
1380,400,1
1381,399,1
1382,399,1
1383,399,1
1384,399,1
1385,399,1
1386,399,1
1036,348,0
686,296,1
687,296,1
688,296,1
689,296,1
690,296,1
691,296,1
692,296,1
693,296,1
694,296,1
695,296,1
696,296,1
697,296,1
698,296,1
699,296,1
700,296,1
701,296,1
702,296,1
703,296,1
704,296,1
705,296,1
706,296,1
707,296,1
708,296,1
709,296,1
710,296,1
711,296,1
712,296,1
713,296,1
714,296,1
715,296,1
716,296,1
717,296,1
718,296,1
719,296,1
720,296,1
721,296,1
722,296,1
723,296,1
724,296,1
725,296,1
726,296,1
727,296,1
728,296,1
729,296,1
730,296,1
731,296,1
732,296,1
733,296,1
734,296,1
735,296,1
736,296,1
737,296,1
738,296,1
739,296,1
740,296,1
741,296,1
742,296,1
743,296,1
744,296,1
745,296,1
746,296,1
747,296,1
748,296,1
749,296,1
750,296,1
751,296,1
752,296,1
753,296,1
754,296,1
755,296,1
756,296,1
757,296,1
758,296,1
759,296,1
760,296,1
761,296,1
762,296,1
763,296,1
764,296,1
765,296,1
766,296,1
767,296,1
768,296,1
769,296,1
770,296,1
771,296,1
772,296,1
773,296,1
774,296,1
775,296,1
776,296,1
777,296,1
778,296,1
779,296,1
780,296,1
781,296,1
782,296,1
783,296,1
784,296,1
785,296,1
786,296,1
787,296,1
788,296,1
789,296,1
790,296,1
791,296,1
792,296,1
793,296,1
794,296,1
795,296,1
796,296,1
797,296,1
798,296,1
799,296,1
800,296,1
801,296,1
802,296,1
803,296,1
804,296,1
805,296,1
806,296,1
807,296,1
808,296,1
809,296,1
810,296,1
811,296,1
812,296,1
813,296,1
814,296,1
815,296,1
816,296,1
817,296,1
818,296,1
819,296,1
820,296,1
821,296,1
822,296,1
823,296,1
824,296,1
825,296,1
826,296,1
827,296,1
828,296,1
829,296,1
830,296,1
831,296,1
832,296,1
833,296,1
834,296,1
835,296,1
836,296,1
837,296,1
838,296,1
839,296,1
840,296,1
841,296,1
842,296,1
843,296,1
844,296,1
845,296,1
846,296,1
847,296,1
848,296,1
849,296,1
850,296,1
851,296,1
852,296,1
853,296,1
854,296,1
855,295,1
856,295,1
857,295,1
858,295,1
859,295,1
860,295,1
861,295,1
862,295,1
863,295,1
864,295,1
865,295,1
866,295,1
867,295,1
868,295,1
869,295,1
870,294,1
871,294,1
872,294,1
873,294,1
874,294,1
875,294,1
876,294,1
877,294,1
878,294,1
879,294,1
880,294,1
881,294,1
882,294,1
883,294,1
884,294,1
885,294,1
886,294,1
887,294,1
888,294,1
889,294,1
890,294,1
891,294,1
892,294,1
893,294,1
894,294,1
895,294,1
896,294,1
897,294,1
898,294,1
899,293,1
900,293,1
901,293,1
902,293,1
903,293,1
904,293,1
905,293,1
906,293,1
907,293,1
908,293,1
909,293,1
910,293,1
911,293,1
912,293,1
913,293,1
914,293,1
915,293,1
916,293,1
917,293,1
918,293,1
919,293,1
920,293,1
921,293,1
922,293,1
923,293,1
924,293,1
925,292,1
926,292,1
927,292,1
928,292,1
929,292,1
930,292,1
931,292,1
932,292,1
933,292,1
934,292,1
935,292,1
936,292,1
937,292,1
938,292,1
939,292,1
940,291,1
941,291,1
942,291,1
943,291,1
944,291,1
945,291,1
946,291,1
947,291,1
948,291,1
949,291,1
950,291,1
951,291,1
952,291,1
953,291,1
954,291,1
955,291,1
956,291,1
957,291,1
958,291,1
959,291,1
960,291,1
961,291,1
962,291,1
963,291,1
964,291,1
965,291,1
966,291,1
967,291,1
968,291,1
969,291,1
970,291,1
971,291,1
972,291,1
973,291,1
974,291,1
975,291,1
976,291,1
977,291,1
978,291,1
979,291,1
980,291,1
981,291,1
982,291,1
983,291,1
984,291,1
985,291,1
986,291,1
987,291,1
988,291,1
989,291,1
990,291,1
991,291,1
992,291,1
993,291,1
994,291,1
995,291,1
996,290,1
997,290,1
998,290,1
999,290,1
1000,290,1
1001,290,1
1002,290,1
1003,290,1
1004,290,1
1005,290,1
1006,290,1
1007,290,1
1008,290,1
1009,290,1
1010,290,1
1011,290,1
1012,290,1
1013,290,1
1014,290,1
1015,290,1
1016,290,1
1017,290,1
1018,290,1
1019,290,1
1020,290,1
1021,290,1
1022,290,1
1023,290,1
1024,290,1
1025,290,1
1026,290,1
1027,290,1
1028,290,1
1029,290,1
1030,290,1
1031,290,1
1032,290,1
1033,290,1
1034,290,1
1035,290,1
1036,290,1
1037,290,1
1038,290,1
1039,290,1
1040,290,1
1041,290,1
1042,290,1
1043,290,1
1044,290,1
1045,290,1
1046,290,1
1047,290,1
1048,290,1
1049,290,1
1050,290,1
1051,290,1
1052,290,1
1053,290,1
1054,290,1
1055,290,1
1056,290,1
1057,290,1
1058,290,1
1059,290,1
1060,290,1
1061,290,1
1062,290,1
1063,290,1
1064,290,1
1065,290,1
1066,290,1
1067,290,1
1068,290,1
1069,290,1
1070,290,1
1071,290,1
1072,290,1
1073,290,1
1074,290,1
1075,290,1
1076,290,1
1077,290,1
1078,290,1
1079,290,1
1080,290,1
1081,290,1
1082,290,1
1083,290,1
1084,290,1
1085,290,1
1086,290,1
1087,289,1
1088,289,1
1089,289,1
1090,289,1
1091,289,1
1092,289,1
1093,289,1
1094,289,1
1095,289,1
1096,289,1
1097,289,1
1098,289,1
1099,289,1
1100,289,1
1101,289,1
1102,289,1
1103,289,1
1104,289,1
1105,289,1
1106,289,1
1107,289,1
1108,289,1
1109,289,1
1110,289,1
1111,289,1
1112,289,1
1113,289,1
1114,289,1
1115,289,1
1116,289,1
1117,289,1
1118,289,1
1119,289,1
1120,289,1
1121,289,1
1122,289,1
1123,289,1
1124,289,1
1125,289,1
1126,289,1
1127,289,1
1128,289,1
1129,289,1
1130,289,1
1131,289,1
1132,289,1
1133,289,1
1134,289,1
1135,289,1
1136,289,1
1137,289,1
1138,289,1
1139,289,1
1140,289,1
1141,289,1
1142,289,1
1143,289,1
1144,289,1
1145,289,1
1146,289,1
1147,289,1
1148,289,1
1149,289,1
1150,289,1
1151,289,1
1152,289,1
1153,289,1
1154,289,1
1155,289,1
1156,289,1
1157,289,1
1158,289,1
1159,289,1
1160,289,1
1161,289,1
1162,289,1
1163,289,1
1164,289,1
1165,289,1
1166,289,1
1167,289,1
1168,289,1
1169,289,1
1170,289,1
1171,289,1
1172,289,1
1173,289,1
1174,290,1
1175,290,1
1176,290,1
1177,290,1
1178,290,1
1179,290,1
1180,290,1
1181,290,1
1182,290,1
1183,290,1
1184,290,1
1185,290,1
1186,290,1
1187,290,1
1188,290,1
1189,290,1
1190,290,1
1191,290,1
1192,290,1
1193,290,1
1194,290,1
1195,290,1
1196,290,1
1197,291,1
1198,291,1
1199,291,1
1200,291,1
1201,291,1
1202,291,1
1203,291,1
1204,291,1
1205,291,1
1206,291,1
1207,291,1
1208,291,1
1209,292,1
1210,292,1
1211,292,1
1212,292,1
1213,292,1
1214,292,1
1215,292,1
1216,292,1
1217,292,1
1218,292,1
1219,292,1
1220,293,1
1221,293,1
1222,293,1
1223,293,1
1224,293,1
1225,293,1
1226,293,1
1227,293,1
1228,293,1
1229,294,1
1230,294,1
1231,294,1
1232,294,1
1233,294,1
1234,294,1
1235,294,1
1236,294,1
1237,294,1
1238,295,1
1239,295,1
1240,295,1
1241,295,1
1242,295,1
1243,295,1
1244,295,1
1245,295,1
1246,296,1
1247,296,1
1248,296,1
1249,296,1
1250,296,1
1251,296,1
1252,296,1
1253,296,1
1254,297,1
1255,297,1
1256,297,1
1257,297,1
1258,297,1
1259,297,1
1260,298,1
1261,298,1
1262,298,1
1263,298,1
1264,298,1
1265,298,1
1266,298,1
1267,299,1
1268,299,1
1269,299,1
1270,299,1
1271,299,1
1272,299,1
1273,299,1
1274,299,1
1275,300,1
1276,300,1
1277,300,1
1278,300,1
1279,300,1
1280,300,1
1281,301,1
1282,301,1
1283,301,1
1284,301,1
1285,301,1
1286,301,1
1287,301,1
1288,302,1
1289,302,1
1290,302,1
1291,302,1
1292,302,1
1293,302,1
1294,302,1
1295,303,1
1296,303,1
1297,303,1
1298,303,1
1299,303,1
1300,303,1
1301,304,1
1302,304,1
1303,304,1
1304,304,1
1305,304,1
1306,304,1
1307,304,1
1308,305,1
1309,305,1
1310,305,1
1311,305,1
1312,305,1
1313,305,1
1314,305,1
1315,306,1
1316,306,1
1317,306,1
1318,306,1
1319,306,1
1320,306,1
1321,306,1
1322,306,1
1323,306,1
1323,306,0
