191,202,1
192,202,1
192,201,1
193,201,1
194,200,1
195,200,1
195,199,1
196,199,1
197,198,1
198,198,1
199,198,1
200,197,1
201,197,1
202,196,1
203,196,1
204,196,1
205,195,1
206,195,1
207,195,1
208,194,1
209,194,1
210,193,1
211,193,1
212,193,1
213,193,1
214,192,1
215,192,1
216,192,1
217,192,1
218,192,1
219,192,1
220,192,1
221,191,1
222,191,1
223,191,1
224,191,1
225,191,1
226,191,1
227,191,1
228,191,1
229,191,1
230,191,1
231,191,1
232,191,1
233,191,1
234,191,1
235,191,1
236,191,1
237,191,1
238,191,1
239,192,1
240,192,1
241,192,1
242,192,1
243,192,1
244,193,1
245,193,1
246,194,1
247,194,1
247,195,1
248,195,1
249,195,1
250,196,1
250,197,1
251,197,1
252,198,1
253,199,1
254,200,1
254,201,1
255,201,1
255,202,1
256,203,1
256,204,1
257,205,1
257,206,1
258,207,1
258,208,1
258,209,1
258,210,1
258,211,1
259,211,1
259,212,1
259,213,1
259,214,1
259,215,1
259,216,1
259,217,1
259,218,1
258,219,1
258,220,1
258,221,1
258,222,1
258,223,1
257,224,1
257,225,1
257,226,1
256,227,1
256,228,1
256,229,1
255,230,1
254,231,1
254,232,1
253,233,1
253,234,1
252,235,1
251,236,1
250,237,1
249,238,1
248,239,1
248,240,1
225,255,1
226,255,1
227,255,1
228,255,1
229,255,1
230,255,1
231,255,1
232,255,1
233,255,1
234,255,1
235,255,1
236,255,1
237,256,1
238,256,1
239,256,1
240,256,1
241,256,1
242,256,1
243,257,1
244,257,1
245,257,1
246,257,1
247,257,1
248,258,1
249,258,1
250,258,1
251,258,1
252,259,1
253,259,1
254,260,1
252,293,1
251,293,1
250,294,1
249,294,1
248,294,1
247,294,1
246,294,1
245,294,1
244,294,1
243,294,1
242,293,1
241,293,1
240,293,1
239,293,1
238,293,1
237,293,1
236,292,1
235,292,1
234,292,1
233,292,1
232,291,1
231,291,1
230,290,1
229,290,1
229,289,1
228,289,1
227,288,1
226,287,1
225,286,1
225,285,1
225,284,1
225,283,1
224,282,1
224,281,1
225,281,1
225,280,1
225,279,1
225,278,1
226,277,1
227,277,1
227,276,1
228,275,1
229,275,1
229,274,1
230,274,1
231,273,1
232,273,1
233,272,1
234,272,1
235,271,1
236,271,1
237,270,1
238,270,1
239,270,1
240,269,1
241,269,1
242,269,1
242,268,1
243,268,1
244,268,1
245,268,1
246,267,1
247,267,1
248,267,1
249,266,1
250,266,1
251,266,1
252,265,1
253,265,1
254,265,1
255,265,1
256,264,1
257,264,1
258,264,1
258,263,1
259,263,1
260,263,1
261,263,1
262,262,1
263,262,1
264,262,1
265,262,1
266,261,1
267,261,1
268,261,1
269,261,1
270,260,1
271,260,1
272,260,1
273,259,1
274,259,1
275,259,1
276,259,1
277,258,1
278,258,1
279,258,1
279,257,1
280,257,1
281,257,1
282,257,1
283,256,1
284,256,1
285,256,1
286,255,1
287,255,1
288,254,1
289,254,1
290,253,1
291,253,1
292,252,1
293,251,1
294,251,1
295,250,1
296,250,1
297,249,1
298,248,1
299,247,1
300,247,1
301,246,1
302,246,1
302,245,1
303,244,1
304,244,1
305,243,1
305,242,1
306,242,1
307,241,1
307,240,1
308,239,1
309,238,1
310,237,1
310,236,1
311,235,1
312,234,1
312,233,1
313,232,1
313,231,1
314,230,1
314,229,1
315,228,1
315,227,1
315,226,1
316,225,1
316,224,1
317,223,1
317,222,1
317,221,1
317,220,1
318,219,1
318,218,1
318,217,1
318,216,1
318,215,1
318,214,1
318,213,1
318,214,1
318,215,1
318,216,1
318,217,1
318,218,1
318,219,1
318,220,1
318,221,1
318,222,1
319,223,1
319,224,1
319,225,1
319,226,1
319,227,1
319,228,1
319,229,1
319,230,1
319,231,1
320,232,1
320,233,1
320,234,1
320,235,1
320,236,1
320,237,1
320,238,1
320,239,1
321,240,1
321,241,1
321,242,1
321,243,1
321,244,1
321,245,1
321,246,1
322,247,1
322,248,1
322,249,1
322,250,1
322,251,1
322,252,1
322,253,1
322,254,1
323,255,1
323,256,1
323,257,1
323,258,1
323,259,1
323,260,1
323,261,1
324,262,1
324,263,1
324,264,1
324,265,1
324,266,1
324,267,1
324,268,1
324,269,1
325,270,1
325,271,1
325,272,1
325,273,1
325,274,1
325,275,1
325,276,1
325,277,1
325,278,1
325,279,1
325,280,1
325,281,1
325,282,1
325,283,1
325,284,1
325,285,1
325,286,1
326,286,1
350,255,0
375,224,1
375,225,1
375,226,1
375,227,1
375,228,1
376,229,1
376,230,1
376,231,1
376,232,1
376,233,1
376,234,1
376,235,1
376,236,1
376,237,1
376,238,1
376,239,1
376,240,1
376,241,1
376,242,1
376,243,1
376,244,1
376,245,1
376,246,1
376,247,1
376,248,1
376,249,1
376,250,1
376,251,1
377,252,1
377,253,1
377,254,1
377,255,1
377,256,1
377,257,1
377,258,1
377,259,1
377,260,1
378,261,1
378,262,1
378,263,1
378,264,1
378,265,1
378,266,1
378,267,1
378,268,1
379,269,1
379,270,1
379,271,1
379,272,1
379,273,1
380,273,1
380,274,1
380,275,1
381,276,1
381,277,1
381,278,1
382,279,1
382,280,1
383,280,1
384,280,1
408,235,0
437,189,1
436,190,1
435,190,1
435,191,1
434,191,1
434,192,1
433,193,1
432,194,1
432,195,1
431,196,1
431,197,1
430,198,1
430,199,1
429,200,1
429,201,1
429,202,1
428,203,1
428,204,1
428,205,1
428,206,1
428,207,1
428,208,1
427,208,1
427,209,1
427,210,1
428,211,1
428,212,1
428,213,1
428,214,1
428,215,1
428,216,1
429,217,1
429,218,1
430,219,1
430,220,1
431,221,1
432,221,1
432,222,1
433,223,1
434,223,1
435,224,1
436,224,1
437,225,1
438,225,1
439,225,1
440,225,1
441,225,1
442,225,1
443,225,1
444,225,1
445,225,1
446,225,1
447,225,1
448,224,1
449,224,1
450,223,1
451,223,1
452,222,1
453,221,1
454,221,1
454,220,1
455,219,1
456,218,1
457,218,1
457,217,1
458,216,1
459,215,1
459,214,1
460,213,1
460,212,1
461,212,1
462,211,1
462,210,1
463,210,1
463,209,1
464,209,1
465,209,1
465,210,1
465,211,1
466,212,1
466,213,1
465,214,1
465,215,1
465,216,1
465,217,1
465,218,1
465,219,1
465,220,1
465,221,1
464,222,1
464,223,1
464,224,1
464,225,1
464,226,1
464,227,1
464,228,1
464,229,1
464,230,1
463,231,1
463,232,1
463,233,1
463,234,1
463,235,1
463,236,1
463,237,1
463,238,1
463,239,1
463,240,1
463,241,1
463,242,1
463,243,1
463,244,1
463,245,1
462,246,1
462,247,1
462,248,1
462,249,1
462,250,1
462,251,1
462,252,1
462,253,1
462,254,1
462,255,1
463,256,1
463,257,1
463,258,1
463,259,1
463,260,1
463,261,1
463,262,1
463,263,1
463,264,1
463,265,1
463,266,1
463,267,1
463,268,1
463,269,1
464,270,1
464,271,1
464,272,1
464,273,1
464,274,1
464,275,1
464,276,1
463,277,1
463,278,1
463,279,1
463,280,1
462,280,1
462,281,1
462,282,1
461,282,1
461,283,1
460,283,1
459,283,1
459,284,1
458,284,1
457,284,1
456,284,1
455,284,1
455,283,1
454,283,1
453,283,1
452,282,1
451,282,1
451,281,1
450,280,1
449,280,1
448,279,1
447,279,1
446,278,1
446,277,1
445,276,1
444,276,1
443,275,1
442,274,1
442,273,1
441,272,1
440,271,1
439,270,1
438,269,1
438,268,1
438,267,1
437,266,1
437,265,1
436,265,1
436,264,1
436,263,1
436,262,1
436,261,1
436,260,1
436,259,1
437,258,1
437,257,1
438,257,1
438,256,1
439,256,1
439,255,1
440,255,1
441,254,1
442,254,1
443,253,1
444,253,1
445,253,1
446,253,1
447,253,1
448,252,1
449,252,1
450,252,1
451,252,1
452,252,1
453,252,1
454,252,1
455,252,1
456,252,1
457,252,1
458,252,1
459,251,1
460,251,1
461,251,1
462,251,1
463,251,1
464,251,1
465,251,1
466,251,1
467,251,1
468,250,1
469,250,1
470,250,1
471,250,1
472,250,1
473,250,1
474,249,1
475,249,1
476,249,1
477,249,1
478,248,1
479,248,1
480,248,1
481,247,1
482,247,1
483,247,1
484,247,1
485,246,1
486,246,1
487,245,1
488,245,1
489,245,1
490,244,1
491,244,1
492,244,1
492,243,1
493,243,1
494,242,1
495,242,1
496,241,1
497,241,1
498,240,1
499,240,1
499,239,1
500,239,1
501,238,1
502,238,1
503,237,1
504,236,1
505,235,1
506,234,1
507,233,1
508,232,1
508,231,1
509,231,1
510,230,1
510,229,1
511,229,1
512,228,1
512,227,1
513,226,1
514,225,1
514,224,1
515,223,1
516,222,1
517,221,1
517,220,1
518,219,1
518,218,1
519,217,1
519,216,1
520,216,1
520,215,1
520,214,1
521,213,1
521,212,1
522,211,1
522,210,1
522,209,1
523,208,1
523,207,1
523,206,1
524,205,1
524,204,1
524,203,1
524,202,1
524,201,1
525,201,1
525,200,1
525,199,1
525,198,1
524,198,1
524,199,1
523,200,1
523,201,1
523,202,1
523,203,1
522,204,1
522,205,1
522,206,1
522,207,1
522,208,1
521,208,1
521,209,1
521,210,1
521,211,1
521,212,1
521,213,1
521,214,1
520,215,1
520,216,1
520,217,1
520,218,1
520,219,1
520,220,1
520,221,1
519,222,1
519,223,1
519,224,1
519,225,1
519,226,1
519,227,1
519,228,1
518,229,1
518,230,1
518,231,1
518,232,1
518,233,1
518,234,1
518,235,1
518,236,1
518,237,1
517,238,1
517,239,1
517,240,1
517,241,1
517,242,1
517,243,1
517,244,1
517,245,1
517,246,1
517,247,1
517,248,1
516,249,1
516,250,1
516,251,1
516,252,1
516,253,1
516,254,1
516,255,1
516,256,1
516,257,1
515,258,1
515,259,1
515,260,1
515,261,1
515,262,1
514,263,1
514,264,1
514,265,1
514,266,1
514,267,1
513,268,1
513,269,1
513,270,1
512,271,1
444,219,0
372,175,1
372,174,1
373,173,1
373,172,1
373,171,1
374,170,1
374,169,1
375,169,1
375,168,1
375,167,1
376,166,1
376,165,1
377,164,1
377,163,1
378,162,1
378,161,1
379,160,1
379,159,1
380,158,1
381,158,1
381,157,1
382,156,1
383,155,1
383,154,1
384,153,1
384,152,1
385,151,1
386,150,1
386,149,1
387,149,1
388,148,1
388,147,1
389,146,1
390,145,1
390,144,1
391,144,1
391,143,1
392,142,1
393,141,1
393,140,1
394,140,1
395,139,1
396,138,1
396,137,1
397,136,1
398,136,1
398,135,1
399,134,1
400,133,1
401,133,1
402,132,1
403,131,1
403,130,1
404,130,1
405,129,1
406,128,1
407,127,1
408,126,1
409,126,1
410,125,1
411,125,1
411,124,1
412,123,1
413,123,1
414,122,1
415,122,1
415,121,1
416,121,1
417,120,1
418,120,1
419,119,1
420,119,1
420,118,1
421,118,1
422,117,1
423,117,1
424,116,1
425,116,1
426,115,1
427,115,1
427,114,1
428,114,1
429,113,1
430,113,1
431,113,1
432,112,1
433,112,1
434,111,1
435,111,1
436,111,1
437,110,1
438,110,1
439,110,1
440,109,1
441,109,1
442,109,1
443,109,1
444,108,1
445,108,1
446,108,1
447,108,1
448,108,1
449,108,1
450,108,1
451,108,1
452,107,1
453,107,1
454,107,1
455,107,1
456,107,1
457,107,1
458,107,1
459,107,1
460,107,1
461,107,1
462,107,1
463,107,1
464,107,1
465,107,1
466,107,1
467,107,1
468,107,1
469,107,1
470,107,1
471,107,1
472,107,1
473,107,1
474,108,1
475,108,1
476,108,1
477,108,1
478,108,1
479,109,1
480,109,1
481,109,1
482,110,1
483,110,1
484,110,1
485,111,1
486,111,1
487,112,1
488,112,1
489,113,1
490,114,1
491,115,1
492,115,1
493,116,1
494,117,1
495,118,1
496,119,1
497,119,1
497,120,1
498,121,1
499,122,1
500,122,1
500,123,1
501,124,1
502,125,1
503,126,1
503,127,1
504,127,1
504,128,1
505,129,1
505,130,1
506,131,1
507,132,1
507,133,1
508,134,1
508,135,1
508,136,1
509,137,1
509,138,1
510,139,1
510,140,1
510,141,1
511,142,1
511,143,1
512,144,1
512,145,1
512,146,1
513,147,1
513,148,1
513,149,1
514,150,1
514,151,1
514,152,1
515,153,1
515,154,1
515,155,1
515,156,1
516,157,1
516,158,1
516,159,1
517,160,1
517,161,1
517,162,1
517,163,1
517,164,1
518,165,1
518,166,1
518,167,1
518,168,1
518,169,1
519,170,1
519,171,1
519,172,1
519,173,1
519,174,1
519,175,1
520,176,1
520,177,1
520,178,1
520,179,1
520,180,1
520,181,1
520,182,1
520,183,1
521,184,1
521,185,1
521,186,1
521,187,1
521,188,1
521,189,1
521,190,1
522,191,1
522,192,1
522,193,1
522,194,1
522,195,1
522,196,1
523,197,1
523,198,1
601,207,0
680,216,1
680,217,1
680,218,1
680,219,1
680,220,1
680,221,1
680,222,1
679,223,1
679,224,1
679,225,1
679,226,1
679,227,1
679,228,1
679,229,1
679,230,1
679,231,1
679,232,1
679,233,1
679,234,1
679,235,1
678,236,1
678,237,1
678,238,1
678,239,1
678,240,1
678,241,1
678,242,1
678,243,1
678,244,1
678,245,1
678,246,1
677,247,1
677,248,1
677,249,1
677,250,1
677,251,1
677,252,1
677,253,1
677,254,1
677,255,1
677,256,1
676,257,1
676,258,1
676,259,1
675,259,1
674,259,1
674,258,1
673,257,1
673,256,1
673,255,1
673,254,1
672,254,1
672,253,1
672,252,1
671,251,1
671,250,1
671,249,1
670,248,1
670,247,1
670,246,1
669,245,1
669,244,1
669,243,1
668,242,1
667,241,1
667,240,1
667,239,1
666,238,1
666,237,1
665,236,1
664,235,1
664,234,1
663,233,1
663,232,1
662,231,1
661,230,1
661,229,1
660,228,1
659,228,1
659,227,1
658,226,1
657,225,1
656,224,1
655,223,1
654,222,1
653,221,1
652,221,1
651,220,1
650,220,1
650,219,1
649,219,1
648,218,1
647,218,1
646,217,1
645,217,1
644,216,1
643,216,1
642,216,1
642,215,1
641,215,1
640,215,1
639,214,1
638,214,1
637,214,1
636,214,1
635,214,1
634,214,1
633,213,1
632,213,1
631,213,1
630,213,1
629,213,1
628,213,1
627,213,1
626,213,1
625,213,1
624,214,1
623,214,1
622,214,1
621,214,1
620,214,1
619,214,1
618,215,1
617,215,1
616,215,1
615,215,1
614,216,1
613,216,1
612,216,1
611,216,1
610,217,1
609,217,1
608,217,1
608,218,1
607,218,1
606,219,1
605,219,1
604,219,1
603,220,1
602,220,1
601,221,1
600,221,1
599,221,1
598,222,1
597,222,1
596,223,1
595,223,1
594,224,1
593,224,1
592,225,1
591,225,1
590,226,1
589,227,1
588,227,1
587,228,1
586,228,1
585,229,1
584,230,1
583,231,1
582,231,1
581,232,1
580,233,1
579,234,1
578,235,1
577,236,1
576,237,1
576,238,1
575,238,1
575,239,1
574,240,1
573,241,1
573,242,1
573,243,1
572,243,1
572,244,1
572,245,1
572,246,1
572,247,1
572,248,1
572,249,1
572,250,1
572,251,1
573,251,1
573,252,1
574,252,1
574,253,1
575,253,1
576,254,1
577,254,1
578,254,1
579,254,1
580,253,1
581,253,1
582,252,1
583,252,1
583,251,1
584,251,1
585,250,1
585,249,1
586,248,1
586,247,1
586,246,1
587,245,1
587,244,1
587,243,1
587,242,1
587,241,1
586,240,1
586,239,1
586,238,1
585,237,1
585,236,1
584,235,1
583,234,1
583,233,1
582,232,1
581,232,1
580,231,1
580,230,1
579,230,1
578,230,1
577,229,1
576,229,1
575,228,1
574,228,1
573,228,1
572,228,1
571,228,1
686,228,0
798,225,1
798,226,1
798,227,1
798,228,1
798,229,1
798,230,1
797,231,1
797,232,1
797,233,1
797,234,1
797,235,1
797,236,1
797,237,1
796,238,1
796,239,1
796,240,1
796,241,1
796,242,1
796,243,1
796,244,1
795,245,1
795,246,1
795,247,1
795,248,1
795,249,1
795,250,1
795,251,1
795,252,1
795,253,1
794,254,1
794,255,1
794,256,1
794,257,1
794,258,1
794,259,1
794,260,1
794,261,1
794,262,1
794,263,1
794,264,1
794,265,1
794,266,1
794,267,1
794,268,1
794,269,1
795,269,1
795,270,1
796,269,1
796,268,1
797,267,1
797,266,1
797,265,1
797,264,1
797,263,1
798,262,1
798,261,1
798,260,1
798,259,1
798,258,1
798,257,1
798,256,1
798,255,1
798,254,1
798,253,1
798,252,1
798,251,1
798,250,1
797,249,1
797,248,1
797,247,1
797,246,1
797,245,1
797,244,1
796,243,1
796,242,1
795,241,1
795,240,1
795,239,1
794,238,1
794,237,1
793,236,1
793,235,1
792,234,1
791,233,1
791,232,1
790,231,1
790,230,1
789,230,1
788,229,1
787,228,1
787,227,1
786,227,1
785,226,1
784,226,1
783,225,1
782,224,1
781,223,1
780,223,1
779,222,1
778,222,1
777,222,1
776,221,1
775,221,1
774,220,1
773,220,1
772,220,1
771,220,1
770,220,1
769,219,1
768,219,1
767,219,1
766,219,1
765,219,1
764,219,1
763,219,1
762,219,1
761,219,1
760,219,1
759,220,1
758,220,1
757,220,1
756,220,1
755,221,1
754,221,1
753,221,1
752,222,1
751,222,1
750,223,1
749,223,1
748,224,1
747,225,1
746,225,1
746,226,1
745,226,1
744,227,1
744,228,1
743,228,1
742,229,1
742,230,1
741,231,1
741,232,1
740,232,1
740,233,1
740,234,1
740,235,1
739,236,1
739,237,1
739,238,1
739,239,1
739,240,1
739,241,1
739,242,1
740,243,1
740,244,1
740,245,1
741,246,1
741,247,1
742,248,1
743,249,1
743,250,1
744,251,1
745,252,1
746,253,1
747,253,1
748,254,1
748,255,1
749,255,1
750,256,1
751,256,1
752,256,1
753,257,1
754,257,1
754,258,1
755,258,1
756,258,1
757,258,1
758,259,1
759,259,1
760,259,1
761,259,1
762,260,1
763,260,1
764,260,1
765,260,1
766,261,1
767,261,1
768,261,1
769,261,1
770,261,1
771,262,1
772,262,1
773,262,1
774,262,1
775,262,1
776,262,1
777,262,1
778,263,1
779,263,1
780,263,1
781,263,1
782,263,1
783,263,1
784,263,1
785,263,1
786,263,1
787,263,1
788,263,1
789,263,1
790,263,1
575,224,0
360,185,1
361,185,1
362,185,1
363,185,1
364,185,1
365,184,1
366,184,1
367,184,1
368,184,1
369,184,1
370,184,1
371,184,1
372,184,1
373,184,1
374,184,1
375,184,1
375,183,1
376,183,1
377,183,1
378,183,1
379,183,1
380,183,1
381,183,1
382,183,1
383,183,1
384,183,1
385,183,1
386,183,1
387,183,1
388,183,1
389,183,1
390,182,1
391,182,1
392,182,1
393,182,1
394,182,1
395,182,1
396,182,1
397,182,1
398,182,1
399,182,1
400,182,1
401,182,1
402,182,1
403,182,1
404,182,1
405,182,1
406,182,1
407,182,1
408,181,1
409,181,1
410,181,1
411,181,1
412,181,1
413,181,1
414,181,1
415,181,1
416,181,1
417,181,1
418,181,1
419,181,1
420,181,1
421,181,1
422,181,1
423,181,1
424,181,1
425,181,1
426,181,1
427,181,1
428,180,1
429,180,1
430,180,1
431,180,1
432,180,1
433,180,1
434,180,1
435,180,1
436,180,1
437,180,1
438,180,1
439,180,1
440,180,1
441,180,1
442,180,1
443,180,1
444,180,1
445,180,1
446,180,1
447,180,1
448,180,1
449,180,1
450,180,1
451,180,1
452,180,1
453,180,1
454,180,1
455,180,1
456,180,1
457,180,1
458,180,1
459,180,1
460,180,1
461,180,1
462,180,1
463,180,1
464,180,1
465,180,1
466,180,1
467,180,1
468,180,1
469,180,1
470,180,1
471,180,1
472,180,1
473,180,1
474,180,1
475,180,1
476,180,1
477,180,1
478,180,1
479,180,1
480,180,1
481,180,1
482,180,1
483,179,1
484,179,1
485,179,1
486,179,1
487,179,1
488,179,1
489,179,1
490,179,1
491,179,1
492,179,1
493,179,1
494,179,1
495,179,1
496,179,1
497,179,1
498,179,1
499,179,1
500,179,1
501,179,1
502,179,1
503,179,1
504,179,1
505,179,1
506,179,1
507,179,1
508,179,1
509,179,1
510,179,1
511,179,1
512,179,1
513,179,1
514,179,1
515,179,1
516,179,1
517,179,1
518,179,1
519,179,1
520,179,1
521,179,1
522,179,1
523,179,1
524,179,1
525,179,1
526,179,1
527,179,1
528,179,1
529,179,1
530,179,1
531,179,1
532,179,1
533,179,1
534,179,1
535,179,1
536,179,1
537,179,1
538,179,1
539,179,1
540,179,1
541,179,1
542,179,1
543,179,1
544,179,1
545,179,1
546,179,1
547,179,1
548,179,1
549,179,1
550,179,1
551,179,1
552,179,1
553,179,1
554,179,1
555,179,1
556,179,1
557,179,1
558,179,1
559,179,1
560,179,1
561,179,1
562,179,1
563,179,1
564,179,1
565,179,1
566,179,1
567,179,1
568,179,1
569,179,1
570,179,1
571,179,1
572,179,1
573,179,1
574,179,1
575,180,1
576,180,1
577,180,1
578,180,1
579,180,1
580,180,1
581,180,1
582,180,1
583,180,1
584,180,1
585,180,1
586,180,1
587,180,1
588,180,1
589,180,1
590,180,1
591,180,1
592,181,1
593,181,1
594,181,1
595,181,1
596,181,1
597,181,1
598,181,1
599,181,1
600,181,1
601,181,1
602,181,1
603,181,1
604,181,1
605,181,1
606,181,1
607,181,1
608,181,1
608,182,1
609,182,1
610,182,1
611,182,1
612,182,1
613,182,1
614,182,1
615,182,1
616,182,1
617,182,1
618,182,1
619,182,1
620,182,1
621,182,1
622,182,1
623,182,1
624,182,1
625,182,1
625,183,1
626,183,1
627,183,1
628,183,1
629,183,1
630,183,1
631,183,1
632,183,1
633,183,1
634,183,1
635,183,1
636,183,1
637,183,1
638,183,1
639,183,1
640,183,1
641,183,1
642,183,1
643,183,1
644,183,1
645,183,1
646,183,1
647,183,1
648,183,1
649,184,1
650,184,1
651,184,1
652,184,1
653,184,1
654,184,1
655,184,1
656,184,1
657,184,1
658,184,1
659,184,1
660,184,1
661,184,1
662,184,1
663,184,1
664,184,1
665,184,1
666,184,1
667,184,1
668,184,1
669,184,1
670,184,1
671,184,1
672,184,1
673,184,1
674,184,1
675,184,1
676,184,1
677,184,1
678,184,1
679,184,1
680,184,1
681,184,1
682,184,1
683,184,1
684,184,1
685,184,1
686,184,1
687,184,1
688,184,1
689,184,1
690,184,1
691,184,1
692,184,1
693,184,1
694,184,1
695,184,1
696,184,1
697,184,1
698,184,1
699,184,1
700,184,1
701,184,1
702,184,1
703,184,1
704,184,1
705,184,1
706,184,1
707,184,1
708,184,1
709,184,1
710,184,1
711,184,1
712,184,1
713,184,1
714,184,1
715,184,1
716,184,1
717,184,1
718,184,1
719,184,1
720,184,1
721,184,1
722,184,1
723,184,1
724,184,1
725,184,1
726,184,1
727,184,1
728,184,1
729,184,1
730,184,1
731,184,1
732,184,1
733,184,1
734,184,1
735,185,1
736,185,1
737,185,1
738,185,1
739,185,1
740,185,1
741,185,1
742,185,1
743,185,1
744,185,1
745,185,1
746,185,1
747,185,1
748,185,1
749,185,1
750,185,1
751,185,1
752,185,1
753,186,1
754,186,1
755,186,1
756,186,1
757,186,1
758,186,1
759,186,1
760,186,1
761,186,1
762,186,1
763,186,1
764,186,1
765,186,1
766,187,1
767,187,1
768,187,1
769,187,1
770,187,1
771,187,1
772,187,1
773,187,1
774,187,1
775,187,1
776,187,1
777,188,1
778,188,1
779,188,1
780,188,1
781,188,1
782,188,1
783,188,1
784,188,1
785,188,1
786,188,1
787,188,1
788,189,1
789,189,1
790,189,1
791,189,1
792,189,1
793,189,1
794,189,1
795,189,1
796,190,1
797,190,1
798,190,1
799,190,1
800,190,1
801,190,1
802,190,1
803,190,1
804,190,1
805,190,1
806,191,1
807,191,1
808,191,1
809,191,1
810,191,1
811,191,1
812,191,1
813,191,1
814,192,1
815,192,1
816,192,1
817,192,1
818,192,1
819,192,1
820,192,1
821,192,1
822,192,1
823,192,1
824,192,1
824,192,0
