255,236,1
256,235,1
257,235,1
258,234,1
259,234,1
260,233,1
261,233,1
262,232,1
263,232,1
264,231,1
265,231,1
266,230,1
267,230,1
268,229,1
269,229,1
270,229,1
271,228,1
272,228,1
273,228,1
274,227,1
275,227,1
276,227,1
277,226,1
278,226,1
279,226,1
280,225,1
281,225,1
282,225,1
283,225,1
284,224,1
285,224,1
286,224,1
287,224,1
288,224,1
289,223,1
290,223,1
291,223,1
292,223,1
293,223,1
294,223,1
295,222,1
296,222,1
297,222,1
298,222,1
299,222,1
300,222,1
301,222,1
302,222,1
303,222,1
304,222,1
305,222,1
306,222,1
307,222,1
308,222,1
309,222,1
310,222,1
311,223,1
312,223,1
313,223,1
314,223,1
315,223,1
316,223,1
317,224,1
318,224,1
319,225,1
320,225,1
321,225,1
322,226,1
323,226,1
324,227,1
325,227,1
325,228,1
326,228,1
327,229,1
328,230,1
329,230,1
329,231,1
330,232,1
331,232,1
332,233,1
332,234,1
333,235,1
334,236,1
334,237,1
334,238,1
335,238,1
335,239,1
336,240,1
336,241,1
336,242,1
336,243,1
336,244,1
336,245,1
336,246,1
336,247,1
336,248,1
336,249,1
336,250,1
336,251,1
336,252,1
336,253,1
335,254,1
335,255,1
335,256,1
334,257,1
334,258,1
333,259,1
333,260,1
332,261,1
332,262,1
331,262,1
331,263,1
330,264,1
329,265,1
329,266,1
328,267,1
327,267,1
326,268,1
326,269,1
325,270,1
324,270,1
323,271,1
323,272,1
322,273,1
321,273,1
320,274,1
319,275,1
318,276,1
317,277,1
316,277,1
313,285,1
314,285,1
315,285,1
316,285,1
317,285,1
318,286,1
319,286,1
320,286,1
321,286,1
321,287,1
322,287,1
323,287,1
324,288,1
325,288,1
326,288,1
327,289,1
328,290,1
329,290,1
330,291,1
331,292,1
332,292,1
332,293,1
333,293,1
333,294,1
334,295,1
335,296,1
335,297,1
336,298,1
336,299,1
336,300,1
336,301,1
337,302,1
337,303,1
337,304,1
337,305,1
337,306,1
337,307,1
336,307,1
336,308,1
336,309,1
336,310,1
336,311,1
335,312,1
335,313,1
334,314,1
333,315,1
333,316,1
332,317,1
331,317,1
330,318,1
330,319,1
329,319,1
328,320,1
327,320,1
326,320,1
325,321,1
324,321,1
323,321,1
322,321,1
321,322,1
320,322,1
319,322,1
318,322,1
317,322,1
316,322,1
315,322,1
314,322,1
313,322,1
312,321,1
311,321,1
310,321,1
309,321,1
308,321,1
307,320,1
306,320,1
305,319,1
304,319,1
303,319,1
302,318,1
301,318,1
300,317,1
299,317,1
299,316,1
298,315,1
297,315,1
296,314,1
296,313,1
295,313,1
294,312,1
294,311,1
293,311,1
293,310,1
293,309,1
292,308,1
292,307,1
292,306,1
292,305,1
292,304,1
292,303,1
292,302,1
293,301,1
293,300,1
294,299,1
295,298,1
296,297,1
297,296,1
298,295,1
299,295,1
300,295,1
301,294,1
302,294,1
303,294,1
304,293,1
305,293,1
306,293,1
307,292,1
308,292,1
309,292,1
310,292,1
311,291,1
312,291,1
313,291,1
314,291,1
315,291,1
350,282,1
351,282,1
352,282,1
353,281,1
354,281,1
355,281,1
356,280,1
357,280,1
358,280,1
359,280,1
360,279,1
361,279,1
362,278,1
363,278,1
364,278,1
365,277,1
366,277,1
367,277,1
368,276,1
369,276,1
370,275,1
371,275,1
372,274,1
373,273,1
374,273,1
375,272,1
376,272,1
376,271,1
377,271,1
378,270,1
379,269,1
380,269,1
381,268,1
382,267,1
383,266,1
384,265,1
385,264,1
386,264,1
386,263,1
387,262,1
388,261,1
388,260,1
389,260,1
390,259,1
390,258,1
391,257,1
391,256,1
392,255,1
392,254,1
392,253,1
393,252,1
393,251,1
393,250,1
394,249,1
394,248,1
394,247,1
394,246,1
394,247,1
394,248,1
394,249,1
394,250,1
393,250,1
393,251,1
393,252,1
393,253,1
393,254,1
393,255,1
393,256,1
393,257,1
393,258,1
393,259,1
393,260,1
393,261,1
393,262,1
393,263,1
393,264,1
393,265,1
393,266,1
392,267,1
392,268,1
392,269,1
392,270,1
392,271,1
392,272,1
392,273,1
392,274,1
392,275,1
392,276,1
392,277,1
391,278,1
391,279,1
391,280,1
391,281,1
391,282,1
391,283,1
391,284,1
391,285,1
391,286,1
391,287,1
391,288,1
391,289,1
391,290,1
391,291,1
390,292,1
390,293,1
390,294,1
390,295,1
390,296,1
390,297,1
390,298,1
390,299,1
390,300,1
390,301,1
391,302,1
391,303,1
392,303,1
415,282,0
440,259,1
440,260,1
440,261,1
440,262,1
440,263,1
440,264,1
439,264,1
439,265,1
439,266,1
439,267,1
439,268,1
439,269,1
439,270,1
439,271,1
439,272,1
439,273,1
439,274,1
439,275,1
439,276,1
439,277,1
439,278,1
438,279,1
438,280,1
438,281,1
438,282,1
438,283,1
438,284,1
438,285,1
438,286,1
438,287,1
438,288,1
438,289,1
438,290,1
438,291,1
438,292,1
438,293,1
438,294,1
438,295,1
439,295,1
464,259,0
493,222,1
492,223,1
491,223,1
490,224,1
489,225,1
488,226,1
487,227,1
486,228,1
486,229,1
485,229,1
484,230,1
483,231,1
483,232,1
482,233,1
481,234,1
481,235,1
480,236,1
480,237,1
479,238,1
479,239,1
479,240,1
479,241,1
479,242,1
479,243,1
479,244,1
479,245,1
479,246,1
479,247,1
479,248,1
480,249,1
480,250,1
481,251,1
482,251,1
483,252,1
484,252,1
485,252,1
486,252,1
487,252,1
488,252,1
489,252,1
490,252,1
491,252,1
492,252,1
493,251,1
494,251,1
495,251,1
496,250,1
497,250,1
498,250,1
499,250,1
500,250,1
501,250,1
502,250,1
503,250,1
504,250,1
505,251,1
506,252,1
507,253,1
507,254,1
508,254,1
508,255,1
508,256,1
508,257,1
508,258,1
509,259,1
509,260,1
509,261,1
509,262,1
509,263,1
509,264,1
509,265,1
509,266,1
509,267,1
509,268,1
509,269,1
509,270,1
509,271,1
509,272,1
508,273,1
508,274,1
508,275,1
508,276,1
508,277,1
508,278,1
508,279,1
508,280,1
508,281,1
507,282,1
507,283,1
507,284,1
507,285,1
507,286,1
507,287,1
507,288,1
506,289,1
506,290,1
506,291,1
505,292,1
505,293,1
504,294,1
503,295,1
503,296,1
502,296,1
502,297,1
501,297,1
500,297,1
499,298,1
498,298,1
497,298,1
497,297,1
496,297,1
495,297,1
495,296,1
494,296,1
494,295,1
493,295,1
493,294,1
492,293,1
492,292,1
491,291,1
491,290,1
491,289,1
491,288,1
491,287,1
491,286,1
491,285,1
491,284,1
491,283,1
492,282,1
492,281,1
492,280,1
493,279,1
493,278,1
494,277,1
494,276,1
495,275,1
496,274,1
496,273,1
497,272,1
498,272,1
498,271,1
499,270,1
500,269,1
501,269,1
501,268,1
502,268,1
503,267,1
504,267,1
505,266,1
506,266,1
507,265,1
508,264,1
509,264,1
510,264,1
511,263,1
512,263,1
513,263,1
514,263,1
515,262,1
516,262,1
517,262,1
518,262,1
519,261,1
520,261,1
521,261,1
522,260,1
523,260,1
524,260,1
525,260,1
526,260,1
527,260,1
528,259,1
529,259,1
530,259,1
531,259,1
532,259,1
533,259,1
534,259,1
535,259,1
536,258,1
537,258,1
538,258,1
539,258,1
540,258,1
541,258,1
542,258,1
543,258,1
544,257,1
545,257,1
546,257,1
547,257,1
548,257,1
549,257,1
550,257,1
551,257,1
552,257,1
553,256,1
554,256,1
555,256,1
556,256,1
557,256,1
558,256,1
559,256,1
560,255,1
561,255,1
562,255,1
563,255,1
564,254,1
565,254,1
566,254,1
567,253,1
568,253,1
569,253,1
570,253,1
571,252,1
572,252,1
573,251,1
574,251,1
575,250,1
576,250,1
577,249,1
578,249,1
579,248,1
580,247,1
581,247,1
581,246,1
582,245,1
583,245,1
583,244,1
584,243,1
584,242,1
585,242,1
585,241,1
586,240,1
586,239,1
585,240,1
584,241,1
584,242,1
583,243,1
583,244,1
582,245,1
582,246,1
581,247,1
581,248,1
581,249,1
581,250,1
580,250,1
580,251,1
580,252,1
579,253,1
579,254,1
579,255,1
579,256,1
578,257,1
578,258,1
578,259,1
578,260,1
578,261,1
577,262,1
577,263,1
577,264,1
576,265,1
576,266,1
576,267,1
576,268,1
575,269,1
575,270,1
575,271,1
575,272,1
574,273,1
574,274,1
574,275,1
573,276,1
573,277,1
573,278,1
573,279,1
572,279,1
572,280,1
571,281,1
522,238,0
468,201,1
469,200,1
469,199,1
470,199,1
471,198,1
471,197,1
472,196,1
473,195,1
474,195,1
474,194,1
475,193,1
476,192,1
477,191,1
477,190,1
478,189,1
479,189,1
480,188,1
480,187,1
481,186,1
482,185,1
483,184,1
484,184,1
484,183,1
485,182,1
486,181,1
487,180,1
488,180,1
488,179,1
489,178,1
490,177,1
491,177,1
491,176,1
492,175,1
493,174,1
494,174,1
495,173,1
495,172,1
496,171,1
497,171,1
498,170,1
499,169,1
499,168,1
500,168,1
501,167,1
502,166,1
503,166,1
504,165,1
504,164,1
505,164,1
506,163,1
507,163,1
508,162,1
509,161,1
510,161,1
511,160,1
511,159,1
512,159,1
513,158,1
514,158,1
515,157,1
516,156,1
517,156,1
518,155,1
519,155,1
519,154,1
520,153,1
521,153,1
522,152,1
523,152,1
524,151,1
525,151,1
526,151,1
526,150,1
527,150,1
528,149,1
529,149,1
530,148,1
531,148,1
532,148,1
533,147,1
534,147,1
535,146,1
536,146,1
536,145,1
537,145,1
538,145,1
539,144,1
540,144,1
541,143,1
542,143,1
543,143,1
544,142,1
545,142,1
546,142,1
547,141,1
548,141,1
549,141,1
550,141,1
550,140,1
551,140,1
552,140,1
553,140,1
554,140,1
555,140,1
556,140,1
557,139,1
558,139,1
559,139,1
560,139,1
561,139,1
562,139,1
563,139,1
564,139,1
565,139,1
566,139,1
567,140,1
568,140,1
569,140,1
570,140,1
571,140,1
572,141,1
573,141,1
574,142,1
575,142,1
576,143,1
577,143,1
578,144,1
579,145,1
580,145,1
581,146,1
581,147,1
582,147,1
583,148,1
584,149,1
585,150,1
586,151,1
586,152,1
587,153,1
588,154,1
588,155,1
589,155,1
589,156,1
590,157,1
590,158,1
591,159,1
591,160,1
591,161,1
592,162,1
592,163,1
592,164,1
593,164,1
593,165,1
593,166,1
593,167,1
594,168,1
594,169,1
594,170,1
594,171,1
594,172,1
594,173,1
595,174,1
595,175,1
595,176,1
595,177,1
595,178,1
595,179,1
596,179,1
596,180,1
596,181,1
596,182,1
596,183,1
596,184,1
596,185,1
596,186,1
596,187,1
596,188,1
597,189,1
597,190,1
597,191,1
597,192,1
597,193,1
597,194,1
597,195,1
597,196,1
597,197,1
597,198,1
597,199,1
597,200,1
597,201,1
597,202,1
597,203,1
597,204,1
597,205,1
597,206,1
597,207,1
597,208,1
597,209,1
597,210,1
597,211,1
596,212,1
596,213,1
596,214,1
596,215,1
596,216,1
596,217,1
596,218,1
596,219,1
596,220,1
596,221,1
596,222,1
596,223,1
596,224,1
596,225,1
595,226,1
595,227,1
595,228,1
595,229,1
595,230,1
595,231,1
595,232,1
676,243,0
759,255,1
759,256,1
758,257,1
758,258,1
758,259,1
758,260,1
757,261,1
757,262,1
756,262,1
756,263,1
755,263,1
754,263,1
753,263,1
752,262,1
751,261,1
750,260,1
750,259,1
749,258,1
748,257,1
748,256,1
747,255,1
747,254,1
746,253,1
746,252,1
745,252,1
745,251,1
744,250,1
743,249,1
743,248,1
742,247,1
741,247,1
740,246,1
740,245,1
739,244,1
738,244,1
738,243,1
737,242,1
736,242,1
735,241,1
735,240,1
734,240,1
733,239,1
732,239,1
731,238,1
730,238,1
729,237,1
728,237,1
727,237,1
726,236,1
725,236,1
724,236,1
723,235,1
722,235,1
721,235,1
720,235,1
719,235,1
718,235,1
717,235,1
716,234,1
715,234,1
714,234,1
713,234,1
712,234,1
711,235,1
710,235,1
709,235,1
708,235,1
707,235,1
706,235,1
705,235,1
704,236,1
703,236,1
702,236,1
701,236,1
700,236,1
699,237,1
698,237,1
697,237,1
696,238,1
695,238,1
694,238,1
693,239,1
692,239,1
691,240,1
690,240,1
689,241,1
688,241,1
687,242,1
686,243,1
685,244,1
684,244,1
683,245,1
682,246,1
681,246,1
681,247,1
680,248,1
679,248,1
678,249,1
678,250,1
677,250,1
676,251,1
675,252,1
675,253,1
674,254,1
673,255,1
673,256,1
672,257,1
672,258,1
671,259,1
670,260,1
670,261,1
670,262,1
670,263,1
670,264,1
670,265,1
670,266,1
670,267,1
671,267,1
671,268,1
671,269,1
672,270,1
673,271,1
674,272,1
675,273,1
676,273,1
677,274,1
678,274,1
679,274,1
680,274,1
681,274,1
682,274,1
683,274,1
684,273,1
685,273,1
685,272,1
686,272,1
687,271,1
687,270,1
688,270,1
688,269,1
689,268,1
689,267,1
690,266,1
690,265,1
690,264,1
690,263,1
690,262,1
690,261,1
690,260,1
690,259,1
690,258,1
690,257,1
689,256,1
689,255,1
688,255,1
688,254,1
687,253,1
687,252,1
686,252,1
685,251,1
685,250,1
684,250,1
683,249,1
682,249,1
681,248,1
680,248,1
679,248,1
772,254,0
861,256,1
861,257,1
861,258,1
861,259,1
860,260,1
860,261,1
860,262,1
860,263,1
860,264,1
859,265,1
859,266,1
859,267,1
859,268,1
859,269,1
859,270,1
858,271,1
858,272,1
858,273,1
858,274,1
858,275,1
858,276,1
857,277,1
857,278,1
857,279,1
857,280,1
857,281,1
856,282,1
856,283,1
856,284,1
856,285,1
856,286,1
856,287,1
856,288,1
855,289,1
855,290,1
855,291,1
855,292,1
855,293,1
855,294,1
854,295,1
854,296,1
854,297,1
854,298,1
854,299,1
854,300,1
853,301,1
853,302,1
853,303,1
852,303,1
852,302,1
852,301,1
852,300,1
852,299,1
852,298,1
852,297,1
852,296,1
852,295,1
851,294,1
851,293,1
851,292,1
851,291,1
851,290,1
851,289,1
851,288,1
850,287,1
850,286,1
850,285,1
850,284,1
850,283,1
850,282,1
849,281,1
849,280,1
849,279,1
848,278,1
848,277,1
848,276,1
847,275,1
847,274,1
846,273,1
846,272,1
845,271,1
845,270,1
844,269,1
844,268,1
843,268,1
842,267,1
842,266,1
841,265,1
840,265,1
840,264,1
839,263,1
838,263,1
837,262,1
837,261,1
836,261,1
835,260,1
834,260,1
833,259,1
832,258,1
831,258,1
830,257,1
829,257,1
828,257,1
827,256,1
826,256,1
825,256,1
824,255,1
823,255,1
822,255,1
821,255,1
820,255,1
819,255,1
818,255,1
817,255,1
816,255,1
815,255,1
814,255,1
813,255,1
812,255,1
811,255,1
810,256,1
809,256,1
808,256,1
807,256,1
807,257,1
806,257,1
805,257,1
804,257,1
803,258,1
802,258,1
801,259,1
800,259,1
799,260,1
798,260,1
797,260,1
796,261,1
795,261,1
794,262,1
793,262,1
793,263,1
792,263,1
791,264,1
790,264,1
789,265,1
788,266,1
787,266,1
786,267,1
785,267,1
785,268,1
784,269,1
783,269,1
782,270,1
781,271,1
781,272,1
780,272,1
779,273,1
779,274,1
778,275,1
778,276,1
777,276,1
777,277,1
776,278,1
776,279,1
776,280,1
775,281,1
775,282,1
775,283,1
775,284,1
775,285,1
775,286,1
776,286,1
776,287,1
776,288,1
777,289,1
777,290,1
778,290,1
778,291,1
779,292,1
780,293,1
781,293,1
781,294,1
782,294,1
783,295,1
784,295,1
785,295,1
785,296,1
786,296,1
787,296,1
788,297,1
789,297,1
790,297,1
791,298,1
792,298,1
793,298,1
794,299,1
795,299,1
796,299,1
797,299,1
798,300,1
799,300,1
800,300,1
801,300,1
802,300,1
803,301,1
804,301,1
805,301,1
806,301,1
807,301,1
808,302,1
809,302,1
810,302,1
811,302,1
812,302,1
813,302,1
814,302,1
815,303,1
816,303,1
817,303,1
818,303,1
819,303,1
820,303,1
821,303,1
822,303,1
823,303,1
824,303,1
825,303,1
620,261,0
415,219,1
416,219,1
417,219,1
418,219,1
419,219,1
420,219,1
421,218,1
422,218,1
423,218,1
424,218,1
425,218,1
426,218,1
427,218,1
428,218,1
429,218,1
430,218,1
431,217,1
432,217,1
433,217,1
434,217,1
435,217,1
436,217,1
437,217,1
438,217,1
439,217,1
440,216,1
441,216,1
442,216,1
443,216,1
444,216,1
445,216,1
446,216,1
447,216,1
448,216,1
449,216,1
450,216,1
450,215,1
451,215,1
452,215,1
453,215,1
454,215,1
455,215,1
456,215,1
457,215,1
458,215,1
459,215,1
460,215,1
461,214,1
462,214,1
463,214,1
464,214,1
465,214,1
466,214,1
467,214,1
468,214,1
469,214,1
470,214,1
471,214,1
472,213,1
473,213,1
474,213,1
475,213,1
476,213,1
477,213,1
478,213,1
479,213,1
480,213,1
481,213,1
482,213,1
483,213,1
484,212,1
485,212,1
486,212,1
487,212,1
488,212,1
489,212,1
490,212,1
491,212,1
492,212,1
493,212,1
494,212,1
495,211,1
496,211,1
497,211,1
498,211,1
499,211,1
500,211,1
501,211,1
502,211,1
503,211,1
504,211,1
505,211,1
506,211,1
507,211,1
508,211,1
509,211,1
510,211,1
511,210,1
512,210,1
513,210,1
514,210,1
515,210,1
516,210,1
517,210,1
518,210,1
519,210,1
520,210,1
521,210,1
522,210,1
523,210,1
524,210,1
525,210,1
526,210,1
527,210,1
528,210,1
529,210,1
530,210,1
531,210,1
532,210,1
533,210,1
534,210,1
535,210,1
536,210,1
537,210,1
538,210,1
539,210,1
540,210,1
541,210,1
542,210,1
543,210,1
544,210,1
545,210,1
546,210,1
547,210,1
548,210,1
549,210,1
550,210,1
551,210,1
552,210,1
553,210,1
554,210,1
555,210,1
556,211,1
557,211,1
558,211,1
559,211,1
560,211,1
561,211,1
562,211,1
563,211,1
564,211,1
565,211,1
566,211,1
567,211,1
568,211,1
569,211,1
570,211,1
571,211,1
572,211,1
573,211,1
574,212,1
575,212,1
576,212,1
577,212,1
578,212,1
579,212,1
580,212,1
581,212,1
582,212,1
583,212,1
584,212,1
585,212,1
586,212,1
587,212,1
588,212,1
589,212,1
590,212,1
591,212,1
592,213,1
593,213,1
594,213,1
595,213,1
596,213,1
597,213,1
598,213,1
599,213,1
600,213,1
601,213,1
602,213,1
603,213,1
604,213,1
605,213,1
606,213,1
607,213,1
608,213,1
609,213,1
610,213,1
611,213,1
612,213,1
613,213,1
614,213,1
615,213,1
616,213,1
617,214,1
618,214,1
619,214,1
620,214,1
621,214,1
622,214,1
623,214,1
624,214,1
625,214,1
626,214,1
627,214,1
628,214,1
629,214,1
630,214,1
631,214,1
632,214,1
633,214,1
634,214,1
635,214,1
636,214,1
637,215,1
638,215,1
639,215,1
640,215,1
641,215,1
642,215,1
643,215,1
644,215,1
645,215,1
646,215,1
647,215,1
648,215,1
649,215,1
650,215,1
651,215,1
652,215,1
653,215,1
654,215,1
655,215,1
656,215,1
657,215,1
658,215,1
659,215,1
660,215,1
661,216,1
662,216,1
663,216,1
664,216,1
665,216,1
666,216,1
667,216,1
668,216,1
669,216,1
670,216,1
671,216,1
672,216,1
673,216,1
674,216,1
675,216,1
676,216,1
677,216,1
678,216,1
679,217,1
680,217,1
681,217,1
682,217,1
683,217,1
684,217,1
685,217,1
686,217,1
687,217,1
688,217,1
689,217,1
690,217,1
691,217,1
692,217,1
693,217,1
693,218,1
694,218,1
695,218,1
696,218,1
697,218,1
698,218,1
699,218,1
700,218,1
701,218,1
702,218,1
703,218,1
704,218,1
705,218,1
706,218,1
707,218,1
708,218,1
709,218,1
710,218,1
711,219,1
712,219,1
713,219,1
714,219,1
715,219,1
716,219,1
717,219,1
718,219,1
719,219,1
720,219,1
721,219,1
722,219,1
723,219,1
724,219,1
725,219,1
726,219,1
727,219,1
728,219,1
729,219,1
730,219,1
731,219,1
732,219,1
733,219,1
734,219,1
735,219,1
736,219,1
737,219,1
738,219,1
739,219,1
740,220,1
741,220,1
742,220,1
743,220,1
744,220,1
745,220,1
746,220,1
747,220,1
748,220,1
749,220,1
750,220,1
751,220,1
752,220,1
753,220,1
754,220,1
755,220,1
756,220,1
757,220,1
758,220,1
759,220,1
760,220,1
761,220,1
762,220,1
763,220,1
764,220,1
765,220,1
766,220,1
767,220,1
768,220,1
769,220,1
770,220,1
771,220,1
772,220,1
773,220,1
774,220,1
775,220,1
776,220,1
777,220,1
778,220,1
779,220,1
780,220,1
781,220,1
782,220,1
783,220,1
784,220,1
785,220,1
786,220,1
787,220,1
788,220,1
789,220,1
790,220,1
791,220,1
792,220,1
793,220,1
794,219,1
795,219,1
796,219,1
797,219,1
798,219,1
799,219,1
800,219,1
801,219,1
802,219,1
803,219,1
804,219,1
805,219,1
806,219,1
807,219,1
808,219,1
809,219,1
810,219,1
811,219,1
812,218,1
813,218,1
814,218,1
815,218,1
816,218,1
817,218,1
818,218,1
819,218,1
820,218,1
821,218,1
822,218,1
823,218,1
824,218,1
825,218,1
826,218,1
827,218,1
828,218,1
829,217,1
830,217,1
831,217,1
832,217,1
833,217,1
834,217,1
835,217,1
836,217,1
837,217,1
838,217,1
839,217,1
840,217,1
841,217,1
842,217,1
843,217,1
844,217,1
845,217,1
846,217,1
847,217,1
848,217,1
849,217,1
850,217,1
851,217,1
852,217,1
853,217,1
854,217,1
855,217,1
856,217,1
857,217,1
858,217,1
859,217,1
860,217,1
861,217,1
862,217,1
863,217,1
864,217,1
864,218,1
865,218,1
866,218,1
867,218,1
868,218,1
869,218,1
870,218,1
871,218,1
872,218,1
873,218,1
874,218,1
875,218,1
876,218,1
877,218,1
878,219,1
879,219,1
880,219,1
881,219,1
882,219,1
883,219,1
884,219,1
885,220,1
886,220,1
887,220,1
888,220,1
889,220,1
890,220,1
891,220,1
892,220,1
893,221,1
894,221,1
895,221,1
896,221,1
897,221,1
898,221,1
899,221,1
900,222,1
901,222,1
902,222,1
903,222,1
904,222,1
905,222,1
906,223,1
907,223,1
908,223,1
908,223,0
