234,196,1
235,195,1
236,194,1
237,193,1
238,192,1
239,192,1
240,191,1
241,190,1
242,189,1
243,189,1
244,188,1
245,187,1
246,187,1
247,186,1
248,186,1
249,185,1
250,185,1
251,184,1
252,183,1
253,183,1
254,182,1
255,182,1
256,181,1
257,181,1
258,181,1
259,180,1
260,180,1
261,179,1
262,179,1
263,178,1
264,178,1
265,177,1
266,177,1
267,177,1
268,176,1
269,176,1
270,176,1
271,175,1
272,175,1
273,175,1
274,175,1
275,174,1
276,174,1
277,174,1
278,174,1
324,190,1
325,190,1
326,191,1
326,192,1
327,193,1
328,194,1
328,195,1
329,196,1
330,197,1
330,198,1
331,199,1
331,200,1
332,201,1
332,202,1
332,203,1
333,204,1
333,205,1
333,206,1
333,207,1
334,208,1
334,209,1
334,210,1
334,211,1
334,212,1
334,213,1
334,214,1
334,215,1
304,251,1
303,251,1
302,252,1
301,252,1
300,252,1
299,253,1
298,253,1
297,253,1
296,254,1
295,254,1
294,254,1
293,254,1
292,254,1
292,255,1
291,255,1
291,254,1
290,254,1
291,254,1
292,254,1
292,253,1
293,253,1
294,253,1
295,253,1
296,252,1
297,252,1
298,252,1
299,252,1
300,252,1
301,252,1
302,252,1
303,251,1
304,251,1
305,251,1
306,251,1
307,251,1
308,251,1
309,250,1
310,250,1
311,250,1
312,250,1
313,250,1
314,250,1
315,250,1
316,250,1
317,250,1
318,250,1
319,250,1
320,250,1
321,250,1
322,250,1
323,250,1
324,250,1
325,250,1
326,251,1
327,251,1
328,251,1
329,251,1
330,251,1
331,252,1
332,252,1
333,252,1
334,253,1
335,253,1
336,253,1
337,253,1
338,254,1
339,254,1
340,254,1
341,255,1
342,256,1
343,256,1
344,257,1
345,257,1
346,258,1
347,258,1
348,259,1
349,259,1
349,260,1
350,261,1
351,261,1
352,262,1
352,263,1
353,263,1
354,264,1
354,265,1
355,266,1
355,267,1
356,268,1
357,269,1
357,270,1
358,271,1
358,272,1
358,273,1
358,274,1
358,275,1
358,276,1
358,277,1
358,278,1
358,279,1
358,280,1
358,281,1
358,282,1
357,283,1
357,284,1
356,285,1
355,286,1
355,287,1
354,288,1
354,289,1
353,290,1
352,290,1
352,291,1
351,292,1
350,292,1
349,293,1
348,294,1
347,294,1
346,295,1
345,296,1
344,296,1
343,297,1
342,297,1
341,298,1
340,298,1
339,298,1
338,299,1
337,299,1
336,300,1
335,300,1
334,300,1
333,300,1
332,301,1
331,301,1
330,301,1
329,301,1
328,301,1
327,302,1
326,302,1
325,302,1
324,302,1
323,302,1
322,302,1
321,302,1
320,302,1
319,302,1
318,302,1
317,302,1
316,302,1
315,302,1
314,302,1
313,302,1
312,302,1
311,302,1
310,302,1
309,302,1
308,302,1
307,302,1
306,301,1
305,301,1
304,301,1
303,301,1
302,301,1
301,300,1
300,300,1
299,300,1
298,300,1
297,299,1
296,299,1
295,299,1
294,298,1
293,298,1
292,298,1
291,297,1
290,297,1
289,296,1
288,296,1
288,295,1
287,295,1
286,294,1
285,293,1
323,271,0
352,247,1
353,247,1
354,247,1
355,247,1
356,247,1
357,246,1
358,246,1
359,246,1
360,246,1
361,246,1
362,246,1
363,246,1
364,246,1
365,245,1
366,245,1
367,245,1
368,245,1
369,245,1
370,245,1
371,244,1
372,244,1
373,244,1
374,244,1
375,243,1
376,243,1
377,243,1
378,243,1
379,243,1
380,242,1
381,242,1
382,242,1
383,241,1
384,241,1
385,241,1
386,240,1
387,240,1
388,240,1
389,239,1
390,239,1
391,239,1
392,238,1
393,238,1
394,237,1
395,237,1
395,236,1
396,236,1
397,235,1
398,235,1
399,234,1
400,233,1
401,233,1
402,232,1
402,231,1
403,230,1
404,230,1
405,229,1
405,228,1
406,227,1
407,227,1
407,226,1
408,225,1
408,224,1
409,223,1
409,222,1
410,221,1
411,220,1
411,219,1
411,218,1
412,217,1
412,216,1
412,215,1
412,214,1
412,213,1
412,212,1
412,211,1
412,210,1
412,209,1
412,208,1
412,207,1
412,206,1
412,207,1
412,208,1
412,209,1
412,210,1
412,211,1
412,212,1
412,213,1
412,214,1
412,215,1
412,216,1
413,217,1
413,218,1
413,219,1
413,220,1
413,221,1
413,222,1
413,223,1
413,224,1
414,225,1
414,226,1
414,227,1
414,228,1
414,229,1
414,230,1
414,231,1
414,232,1
415,233,1
415,234,1
415,235,1
415,236,1
415,237,1
415,238,1
415,239,1
415,240,1
416,241,1
416,242,1
416,243,1
416,244,1
416,245,1
416,246,1
416,247,1
416,248,1
417,249,1
417,250,1
417,251,1
417,252,1
417,253,1
417,254,1
417,255,1
417,256,1
418,257,1
418,258,1
418,259,1
418,260,1
418,261,1
418,262,1
418,263,1
419,264,1
419,265,1
419,266,1
419,267,1
419,268,1
419,269,1
420,270,1
420,271,1
420,272,1
420,273,1
420,274,1
421,275,1
421,276,1
421,277,1
421,278,1
422,279,1
422,280,1
422,281,1
423,282,1
423,283,1
423,284,1
423,285,1
424,286,1
424,287,1
425,288,1
425,289,1
426,290,1
426,291,1
427,292,1
428,293,1
429,294,1
430,293,1
430,292,1
431,291,1
455,255,0
482,212,1
482,213,1
482,214,1
482,215,1
483,216,1
483,217,1
483,218,1
483,219,1
483,220,1
483,221,1
484,222,1
484,223,1
484,224,1
484,225,1
484,226,1
484,227,1
485,228,1
485,229,1
485,230,1
485,231,1
485,232,1
485,233,1
486,234,1
486,235,1
486,236,1
486,237,1
486,238,1
486,239,1
487,240,1
487,241,1
487,242,1
487,243,1
487,244,1
487,245,1
487,246,1
488,247,1
488,248,1
488,249,1
488,250,1
488,251,1
488,252,1
489,253,1
489,254,1
489,255,1
489,256,1
489,257,1
489,258,1
489,259,1
490,260,1
490,261,1
490,262,1
490,263,1
490,264,1
491,265,1
491,266,1
491,267,1
491,268,1
491,269,1
492,270,1
492,271,1
492,272,1
492,273,1
492,274,1
493,274,1
493,275,1
493,276,1
493,277,1
494,278,1
494,279,1
494,280,1
494,281,1
495,281,1
495,282,1
495,283,1
496,284,1
496,285,1
496,286,1
497,286,1
497,287,1
498,287,1
499,287,1
499,286,1
524,235,0
556,181,1
555,182,1
554,182,1
554,183,1
553,184,1
552,184,1
551,185,1
551,186,1
550,187,1
550,188,1
550,189,1
549,190,1
548,191,1
548,192,1
547,193,1
547,194,1
547,195,1
546,196,1
546,197,1
546,198,1
546,199,1
546,200,1
546,201,1
546,202,1
546,203,1
546,204,1
546,205,1
546,206,1
546,207,1
546,208,1
546,209,1
547,210,1
547,211,1
547,212,1
548,213,1
548,214,1
549,215,1
549,216,1
550,217,1
551,218,1
552,219,1
553,220,1
554,221,1
555,222,1
556,222,1
557,223,1
558,223,1
559,224,1
560,224,1
561,225,1
562,225,1
563,225,1
564,225,1
565,225,1
566,225,1
567,226,1
568,225,1
569,225,1
570,225,1
571,225,1
572,225,1
573,225,1
574,224,1
575,224,1
576,223,1
577,223,1
577,222,1
578,222,1
579,221,1
580,221,1
581,220,1
582,219,1
582,218,1
583,217,1
584,217,1
584,216,1
585,215,1
585,214,1
586,213,1
586,212,1
587,211,1
587,210,1
587,209,1
588,208,1
588,207,1
588,206,1
588,205,1
587,205,1
587,206,1
587,207,1
586,208,1
586,209,1
586,210,1
586,211,1
585,212,1
585,213,1
585,214,1
585,215,1
585,216,1
585,217,1
585,218,1
585,219,1
584,220,1
584,221,1
584,222,1
584,223,1
584,224,1
584,225,1
584,226,1
584,227,1
584,228,1
584,229,1
584,230,1
584,231,1
584,232,1
584,233,1
584,234,1
583,235,1
583,236,1
583,237,1
583,238,1
583,239,1
583,240,1
583,241,1
583,242,1
583,243,1
583,244,1
583,245,1
583,246,1
583,247,1
583,248,1
583,249,1
583,250,1
583,251,1
583,252,1
583,253,1
583,254,1
583,255,1
583,256,1
583,257,1
583,258,1
583,259,1
583,260,1
583,261,1
583,262,1
583,263,1
583,264,1
583,265,1
583,266,1
583,267,1
583,268,1
583,269,1
583,270,1
583,271,1
583,272,1
583,273,1
583,274,1
582,275,1
582,276,1
581,277,1
580,278,1
579,278,1
579,279,1
578,279,1
577,279,1
576,279,1
575,278,1
574,278,1
573,278,1
572,277,1
571,276,1
570,275,1
569,274,1
568,273,1
567,273,1
567,272,1
566,271,1
565,270,1
564,269,1
563,268,1
563,267,1
562,266,1
561,265,1
561,264,1
560,263,1
560,262,1
559,261,1
559,260,1
558,259,1
558,258,1
558,257,1
557,256,1
557,255,1
557,254,1
557,253,1
557,252,1
557,251,1
557,250,1
558,249,1
558,248,1
558,247,1
559,247,1
559,246,1
559,245,1
560,245,1
561,244,1
562,243,1
563,243,1
564,242,1
565,242,1
566,242,1
567,241,1
568,241,1
569,241,1
570,241,1
571,241,1
572,240,1
573,240,1
574,240,1
575,240,1
576,240,1
577,240,1
578,240,1
579,240,1
580,240,1
581,240,1
582,240,1
583,240,1
584,240,1
585,240,1
586,241,1
587,241,1
588,241,1
589,241,1
590,241,1
591,241,1
592,241,1
593,241,1
594,241,1
595,241,1
596,241,1
597,241,1
598,241,1
599,241,1
600,241,1
601,241,1
602,241,1
603,240,1
604,240,1
605,240,1
606,240,1
607,240,1
608,240,1
609,240,1
610,240,1
611,240,1
612,239,1
613,239,1
614,239,1
615,239,1
616,239,1
617,239,1
618,239,1
619,238,1
620,238,1
621,238,1
622,238,1
623,237,1
624,237,1
625,237,1
626,237,1
627,236,1
628,236,1
629,236,1
630,235,1
631,235,1
632,235,1
633,234,1
634,234,1
635,233,1
636,233,1
636,232,1
637,232,1
638,231,1
639,231,1
640,230,1
641,230,1
642,229,1
643,229,1
643,228,1
644,227,1
645,227,1
646,226,1
647,225,1
648,224,1
649,223,1
650,223,1
650,222,1
651,221,1
652,220,1
652,219,1
653,218,1
654,218,1
654,217,1
655,216,1
655,215,1
656,214,1
656,213,1
656,212,1
657,211,1
657,210,1
657,209,1
658,208,1
658,207,1
658,206,1
658,205,1
658,204,1
658,203,1
657,202,1
657,201,1
657,200,1
656,200,1
655,200,1
654,200,1
654,201,1
653,201,1
653,202,1
653,203,1
652,203,1
652,204,1
652,205,1
651,206,1
651,207,1
651,208,1
651,209,1
651,210,1
650,211,1
650,212,1
650,213,1
650,214,1
650,215,1
650,216,1
649,217,1
649,218,1
649,219,1
649,220,1
649,221,1
649,222,1
649,223,1
649,224,1
648,225,1
648,226,1
648,227,1
648,228,1
648,229,1
648,230,1
648,231,1
648,232,1
648,233,1
648,234,1
648,235,1
648,236,1
648,237,1
648,238,1
648,239,1
648,240,1
648,241,1
648,242,1
648,243,1
648,244,1
648,245,1
648,246,1
648,247,1
648,248,1
648,249,1
648,250,1
648,251,1
648,252,1
648,253,1
648,254,1
648,255,1
648,256,1
648,257,1
648,258,1
648,259,1
648,260,1
648,261,1
649,262,1
649,263,1
649,264,1
649,265,1
649,266,1
649,267,1
649,268,1
649,269,1
649,270,1
649,271,1
649,272,1
650,273,1
650,274,1
650,275,1
650,276,1
651,277,1
651,278,1
577,227,0
503,184,1
503,183,1
504,182,1
504,181,1
505,181,1
505,180,1
506,179,1
506,178,1
507,177,1
507,176,1
508,175,1
508,174,1
509,173,1
510,172,1
510,171,1
511,170,1
511,169,1
512,168,1
512,167,1
513,166,1
513,165,1
514,164,1
515,163,1
515,162,1
516,161,1
516,160,1
517,159,1
517,158,1
518,158,1
518,157,1
519,156,1
520,155,1
520,154,1
521,153,1
521,152,1
522,151,1
523,150,1
523,149,1
524,148,1
524,147,1
525,146,1
526,145,1
526,144,1
527,143,1
528,142,1
529,141,1
530,140,1
530,139,1
531,138,1
532,137,1
533,136,1
533,135,1
534,134,1
535,133,1
536,132,1
537,131,1
538,130,1
538,129,1
539,128,1
540,127,1
541,126,1
542,125,1
543,124,1
544,124,1
545,123,1
546,122,1
547,121,1
548,120,1
549,119,1
550,118,1
551,117,1
552,116,1
553,116,1
554,115,1
555,114,1
556,114,1
557,113,1
558,113,1
559,112,1
560,111,1
561,110,1
562,110,1
563,109,1
564,109,1
565,108,1
566,108,1
567,107,1
568,107,1
569,106,1
570,106,1
571,105,1
572,105,1
573,105,1
574,104,1
575,104,1
576,104,1
577,104,1
578,103,1
579,103,1
580,103,1
581,103,1
582,103,1
583,103,1
584,102,1
585,102,1
586,102,1
587,102,1
588,102,1
589,102,1
590,102,1
591,103,1
592,103,1
593,103,1
594,103,1
595,103,1
596,103,1
597,104,1
598,104,1
599,104,1
600,105,1
601,105,1
602,105,1
603,106,1
604,106,1
605,107,1
606,107,1
607,107,1
608,108,1
609,109,1
610,109,1
611,110,1
612,111,1
613,112,1
614,112,1
615,113,1
616,114,1
617,114,1
618,115,1
619,116,1
619,117,1
620,117,1
621,118,1
622,119,1
623,120,1
623,121,1
624,121,1
625,122,1
626,123,1
626,124,1
627,125,1
628,126,1
628,127,1
629,128,1
630,128,1
630,129,1
631,130,1
632,131,1
632,132,1
633,133,1
633,134,1
634,135,1
635,136,1
635,137,1
636,137,1
636,138,1
637,139,1
638,140,1
638,141,1
639,142,1
639,143,1
640,144,1
640,145,1
640,146,1
641,147,1
641,148,1
642,149,1
643,150,1
643,151,1
644,152,1
644,153,1
644,154,1
645,155,1
645,156,1
646,157,1
646,158,1
646,159,1
647,159,1
647,160,1
648,161,1
648,162,1
648,163,1
649,164,1
649,165,1
650,166,1
650,167,1
651,168,1
651,169,1
652,170,1
652,171,1
653,172,1
653,173,1
653,174,1
654,175,1
654,176,1
655,177,1
655,178,1
655,179,1
656,180,1
656,181,1
656,182,1
657,183,1
657,184,1
657,185,1
658,186,1
737,203,0
819,221,1
819,222,1
819,223,1
818,224,1
818,225,1
818,226,1
818,227,1
818,228,1
817,229,1
817,230,1
817,231,1
817,232,1
817,233,1
817,234,1
816,235,1
816,236,1
816,237,1
816,238,1
816,239,1
816,240,1
815,241,1
815,242,1
815,243,1
815,244,1
815,245,1
815,246,1
815,247,1
814,248,1
814,249,1
814,250,1
814,251,1
814,252,1
814,253,1
813,254,1
813,255,1
813,256,1
812,257,1
811,257,1
810,257,1
809,257,1
809,256,1
808,256,1
808,255,1
807,254,1
807,253,1
806,252,1
806,251,1
805,250,1
805,249,1
804,248,1
804,247,1
803,247,1
803,246,1
803,245,1
802,244,1
802,243,1
801,242,1
800,241,1
800,240,1
799,239,1
798,238,1
797,237,1
797,236,1
796,235,1
795,235,1
795,234,1
794,233,1
793,232,1
792,232,1
792,231,1
791,230,1
790,229,1
789,229,1
789,228,1
788,227,1
787,227,1
786,226,1
785,226,1
784,225,1
783,224,1
782,224,1
782,223,1
781,223,1
780,222,1
779,222,1
778,221,1
777,221,1
776,220,1
775,220,1
774,219,1
773,219,1
772,219,1
771,218,1
770,218,1
770,217,1
769,217,1
768,217,1
767,216,1
766,216,1
765,216,1
764,216,1
763,215,1
762,215,1
761,215,1
760,215,1
759,214,1
758,214,1
757,214,1
756,214,1
755,213,1
754,213,1
753,213,1
752,213,1
751,213,1
750,213,1
749,213,1
748,213,1
747,212,1
746,212,1
745,212,1
744,212,1
743,212,1
742,212,1
741,212,1
740,212,1
739,212,1
738,212,1
737,212,1
736,212,1
735,212,1
734,212,1
733,212,1
732,212,1
731,212,1
730,212,1
729,212,1
728,213,1
727,213,1
726,213,1
725,213,1
724,213,1
723,213,1
722,214,1
721,214,1
720,214,1
719,215,1
718,215,1
717,215,1
716,216,1
715,216,1
714,216,1
713,217,1
712,217,1
711,218,1
710,219,1
709,219,1
708,220,1
707,220,1
706,221,1
706,222,1
705,222,1
704,223,1
703,224,1
702,225,1
701,226,1
701,227,1
700,227,1
699,228,1
699,229,1
698,230,1
698,231,1
697,231,1
697,232,1
697,233,1
696,234,1
696,235,1
696,236,1
695,237,1
695,238,1
695,239,1
695,240,1
695,241,1
695,242,1
695,243,1
696,244,1
696,245,1
696,246,1
696,247,1
697,248,1
697,249,1
698,249,1
698,250,1
699,251,1
699,252,1
700,252,1
701,253,1
702,254,1
703,254,1
704,255,1
705,255,1
706,255,1
706,256,1
707,256,1
708,256,1
709,256,1
710,256,1
711,256,1
712,256,1
713,256,1
714,256,1
715,256,1
716,255,1
717,255,1
718,255,1
719,254,1
720,254,1
721,253,1
722,253,1
723,252,1
723,251,1
724,251,1
725,250,1
725,249,1
726,249,1
727,248,1
727,247,1
728,246,1
728,245,1
729,244,1
730,243,1
730,242,1
731,241,1
731,240,1
732,239,1
732,238,1
732,237,1
733,236,1
733,235,1
733,234,1
733,233,1
734,232,1
734,231,1
734,230,1
734,229,1
734,228,1
734,227,1
734,226,1
734,225,1
734,224,1
734,223,1
734,222,1
734,221,1
733,221,1
733,220,1
732,219,1
731,219,1
816,230,0
898,233,1
898,234,1
898,235,1
898,236,1
898,237,1
898,238,1
897,239,1
897,240,1
897,241,1
897,242,1
897,243,1
897,244,1
897,245,1
897,246,1
897,247,1
897,248,1
897,249,1
897,250,1
897,251,1
897,252,1
897,253,1
897,254,1
897,255,1
897,256,1
897,257,1
898,258,1
898,259,1
898,260,1
898,261,1
898,262,1
898,263,1
898,264,1
898,265,1
898,266,1
899,267,1
899,268,1
899,269,1
899,270,1
899,271,1
899,272,1
900,272,1
900,273,1
900,274,1
901,274,1
901,275,1
901,274,1
902,273,1
902,272,1
902,271,1
902,270,1
902,269,1
902,268,1
901,267,1
901,266,1
901,265,1
901,264,1
901,263,1
901,262,1
900,261,1
900,260,1
900,259,1
899,258,1
899,257,1
899,256,1
898,255,1
898,254,1
898,253,1
897,252,1
897,251,1
896,250,1
896,249,1
895,248,1
894,247,1
894,246,1
893,245,1
892,244,1
892,243,1
891,242,1
890,241,1
889,241,1
889,240,1
888,239,1
887,238,1
886,238,1
885,237,1
884,236,1
883,236,1
882,235,1
881,235,1
880,234,1
879,234,1
878,234,1
878,233,1
877,233,1
876,233,1
875,233,1
874,233,1
873,233,1
872,233,1
871,233,1
870,233,1
869,233,1
868,233,1
867,234,1
866,234,1
865,234,1
864,235,1
863,235,1
863,236,1
862,236,1
861,237,1
860,237,1
859,238,1
858,239,1
857,240,1
856,241,1
856,242,1
855,243,1
854,243,1
854,244,1
853,245,1
853,246,1
852,247,1
852,248,1
852,249,1
851,250,1
851,251,1
851,252,1
851,253,1
851,254,1
851,255,1
851,256,1
852,257,1
852,258,1
853,259,1
853,260,1
854,261,1
854,262,1
855,262,1
856,263,1
856,264,1
857,264,1
858,265,1
859,266,1
860,266,1
861,267,1
862,268,1
863,268,1
864,269,1
865,269,1
866,269,1
867,270,1
868,270,1
869,270,1
870,270,1
871,271,1
872,271,1
873,271,1
874,271,1
875,271,1
876,271,1
877,271,1
878,271,1
879,271,1
880,271,1
881,271,1
882,271,1
883,271,1
884,271,1
885,271,1
886,271,1
887,271,1
888,271,1
889,271,1
890,271,1
891,270,1
892,270,1
670,226,0
447,181,1
448,181,1
449,181,1
450,181,1
451,181,1
452,180,1
453,180,1
454,180,1
455,180,1
456,180,1
457,180,1
458,180,1
459,180,1
460,180,1
461,180,1
462,179,1
463,179,1
464,179,1
465,179,1
466,179,1
467,179,1
468,179,1
469,179,1
470,179,1
471,179,1
472,178,1
473,178,1
474,178,1
475,178,1
476,178,1
477,178,1
478,178,1
479,178,1
480,178,1
481,178,1
482,178,1
483,177,1
484,177,1
485,177,1
486,177,1
487,177,1
488,177,1
489,177,1
490,177,1
491,177,1
492,177,1
493,177,1
494,176,1
495,176,1
496,176,1
497,176,1
498,176,1
499,176,1
500,176,1
501,176,1
502,176,1
503,176,1
504,176,1
505,176,1
506,176,1
507,175,1
508,175,1
509,175,1
510,175,1
511,175,1
512,175,1
513,175,1
514,175,1
515,175,1
516,175,1
517,175,1
518,175,1
519,175,1
520,175,1
521,175,1
522,175,1
523,175,1
524,174,1
525,174,1
526,174,1
527,174,1
528,174,1
529,174,1
530,174,1
531,174,1
532,174,1
533,174,1
534,174,1
535,174,1
536,174,1
537,174,1
538,174,1
539,174,1
540,174,1
541,174,1
542,174,1
543,174,1
544,174,1
545,174,1
546,174,1
547,174,1
548,174,1
549,174,1
550,174,1
551,174,1
552,174,1
553,174,1
554,174,1
555,174,1
556,174,1
557,174,1
558,174,1
559,174,1
560,174,1
561,174,1
562,174,1
563,174,1
564,174,1
565,174,1
566,174,1
567,174,1
568,174,1
569,174,1
570,174,1
571,174,1
572,174,1
573,174,1
574,174,1
575,174,1
576,174,1
577,174,1
578,174,1
579,174,1
580,174,1
581,174,1
582,174,1
583,174,1
584,174,1
585,174,1
586,174,1
587,174,1
588,174,1
589,174,1
590,174,1
591,174,1
592,174,1
593,174,1
594,174,1
595,174,1
596,174,1
597,174,1
598,174,1
599,174,1
600,174,1
601,174,1
602,174,1
603,174,1
604,174,1
605,174,1
606,174,1
607,174,1
608,174,1
609,175,1
610,175,1
611,175,1
612,175,1
613,175,1
614,175,1
615,175,1
616,175,1
617,175,1
618,175,1
619,175,1
620,175,1
621,175,1
622,175,1
623,175,1
624,175,1
625,175,1
626,175,1
627,175,1
628,175,1
629,175,1
630,175,1
631,175,1
632,175,1
633,175,1
634,175,1
635,175,1
636,175,1
637,175,1
638,175,1
639,176,1
640,176,1
641,176,1
642,176,1
643,176,1
644,176,1
645,176,1
646,176,1
647,176,1
648,176,1
649,176,1
650,176,1
651,176,1
652,176,1
653,176,1
654,177,1
655,177,1
656,177,1
657,177,1
658,177,1
659,177,1
660,177,1
661,177,1
662,177,1
663,177,1
664,177,1
665,177,1
666,178,1
667,178,1
668,178,1
669,178,1
670,178,1
671,178,1
672,178,1
673,178,1
674,178,1
675,178,1
676,178,1
677,178,1
678,179,1
679,179,1
680,179,1
681,179,1
682,179,1
683,179,1
684,179,1
685,179,1
686,179,1
687,179,1
688,179,1
689,179,1
690,179,1
691,179,1
692,179,1
693,180,1
694,180,1
695,180,1
696,180,1
697,180,1
698,180,1
699,180,1
700,180,1
701,180,1
702,180,1
703,180,1
704,180,1
705,180,1
706,180,1
707,180,1
708,180,1
709,180,1
710,181,1
711,181,1
712,181,1
713,181,1
714,181,1
715,181,1
716,181,1
717,181,1
718,181,1
719,181,1
720,181,1
721,181,1
722,181,1
723,181,1
724,181,1
725,181,1
726,181,1
727,181,1
728,181,1
729,182,1
730,182,1
731,182,1
732,182,1
733,182,1
734,182,1
735,182,1
736,182,1
737,182,1
738,182,1
739,182,1
740,182,1
741,182,1
742,182,1
743,182,1
744,182,1
745,182,1
746,182,1
747,182,1
748,182,1
749,182,1
750,182,1
751,182,1
752,182,1
753,182,1
754,182,1
755,182,1
756,182,1
757,182,1
758,182,1
759,182,1
760,182,1
761,182,1
762,182,1
763,182,1
764,182,1
765,182,1
766,182,1
767,183,1
768,183,1
769,183,1
770,183,1
771,183,1
772,183,1
773,183,1
774,183,1
775,183,1
776,183,1
777,183,1
778,183,1
779,183,1
780,183,1
781,183,1
782,183,1
783,183,1
784,183,1
785,183,1
786,183,1
787,183,1
788,183,1
789,183,1
790,183,1
791,183,1
792,183,1
793,183,1
794,183,1
795,183,1
796,183,1
797,183,1
798,183,1
799,183,1
800,183,1
801,183,1
802,183,1
803,183,1
804,183,1
805,183,1
806,183,1
807,183,1
808,183,1
809,183,1
810,183,1
811,183,1
812,183,1
813,183,1
814,183,1
815,183,1
816,183,1
817,183,1
818,183,1
819,183,1
820,183,1
821,183,1
822,183,1
823,183,1
824,183,1
825,183,1
826,183,1
827,183,1
828,183,1
829,183,1
830,183,1
831,183,1
832,183,1
833,183,1
834,183,1
835,183,1
836,183,1
837,183,1
838,183,1
839,183,1
840,183,1
841,183,1
842,183,1
843,183,1
844,184,1
845,184,1
846,184,1
847,184,1
848,184,1
849,184,1
850,184,1
851,184,1
852,184,1
853,184,1
854,184,1
855,184,1
856,184,1
857,184,1
858,184,1
859,184,1
860,184,1
861,184,1
862,184,1
863,184,1
864,184,1
865,184,1
866,184,1
867,184,1
868,184,1
869,184,1
870,184,1
871,184,1
872,184,1
873,184,1
874,184,1
875,184,1
876,184,1
877,184,1
878,184,1
879,184,1
880,184,1
881,184,1
882,184,1
883,184,1
884,184,1
885,184,1
886,184,1
887,184,1
888,184,1
889,184,1
890,184,1
891,184,1
892,184,1
893,184,1
894,184,1
895,184,1
896,184,1
897,184,1
898,184,1
899,185,1
900,185,1
901,185,1
902,185,1
903,185,1
904,185,1
905,185,1
906,185,1
907,185,1
908,185,1
909,185,1
910,185,1
911,185,1
912,186,1
913,186,1
914,186,1
915,186,1
916,186,1
917,186,1
918,186,1
919,186,1
920,186,1
921,187,1
922,187,1
923,187,1
924,187,1
925,187,1
926,187,1
927,187,1
928,188,1
929,188,1
930,188,1
931,188,1
932,188,1
933,188,1
934,188,1
935,189,1
936,189,1
937,189,1
938,189,1
938,189,0
