133,188,1
134,188,1
135,187,1
136,187,1
137,187,1
138,187,1
138,186,1
139,186,1
140,186,1
141,186,1
142,186,1
143,185,1
144,185,1
145,185,1
146,185,1
147,184,1
148,184,1
149,184,1
150,184,1
151,183,1
152,183,1
153,183,1
154,183,1
155,182,1
156,182,1
157,182,1
158,182,1
159,182,1
160,182,1
161,181,1
162,181,1
163,181,1
164,181,1
165,181,1
166,181,1
167,181,1
168,181,1
169,181,1
170,181,1
171,181,1
172,181,1
173,181,1
174,181,1
175,181,1
176,181,1
177,181,1
178,181,1
179,181,1
180,181,1
181,181,1
182,181,1
183,181,1
184,181,1
185,182,1
186,182,1
187,182,1
188,182,1
189,183,1
190,183,1
191,183,1
192,184,1
193,184,1
194,185,1
195,185,1
196,186,1
197,187,1
198,187,1
198,188,1
199,188,1
200,189,1
201,190,1
202,191,1
203,192,1
203,193,1
204,193,1
204,194,1
205,195,1
205,196,1
206,197,1
206,198,1
206,199,1
207,199,1
207,200,1
207,201,1
207,202,1
207,203,1
208,203,1
208,204,1
208,205,1
208,206,1
208,207,1
208,208,1
207,208,1
207,209,1
207,210,1
207,211,1
206,212,1
206,213,1
206,214,1
205,215,1
205,216,1
204,217,1
204,218,1
203,219,1
203,220,1
202,220,1
202,221,1
201,222,1
200,223,1
199,224,1
198,225,1
197,226,1
196,227,1
195,228,1
194,229,1
193,230,1
192,230,1
191,231,1
190,232,1
189,233,1
188,233,1
187,234,1
186,235,1
185,235,1
184,236,1
183,236,1
182,237,1
181,238,1
180,239,1
180,240,1
181,240,1
182,240,1
183,240,1
184,240,1
185,240,1
186,240,1
186,239,1
187,239,1
188,239,1
189,239,1
190,239,1
191,239,1
192,239,1
193,238,1
194,238,1
195,238,1
196,238,1
197,238,1
198,238,1
199,238,1
200,238,1
201,238,1
202,238,1
203,238,1
204,238,1
205,238,1
206,238,1
207,238,1
208,239,1
209,239,1
210,239,1
211,239,1
212,239,1
213,239,1
214,240,1
215,240,1
216,240,1
217,240,1
218,240,1
219,240,1
219,241,1
220,241,1
221,241,1
222,241,1
223,242,1
224,242,1
225,243,1
226,243,1
227,243,1
228,243,1
229,244,1
230,244,1
230,245,1
231,245,1
232,246,1
233,246,1
234,247,1
235,248,1
236,248,1
237,249,1
238,250,1
239,250,1
239,251,1
240,252,1
241,252,1
241,253,1
242,254,1
243,255,1
243,256,1
244,256,1
244,257,1
244,258,1
245,259,1
245,260,1
245,261,1
246,262,1
246,263,1
246,264,1
246,265,1
246,266,1
246,267,1
245,268,1
245,269,1
245,270,1
244,271,1
244,272,1
243,273,1
243,274,1
242,275,1
242,276,1
241,276,1
240,277,1
239,278,1
239,279,1
238,279,1
237,280,1
236,281,1
235,281,1
235,282,1
234,282,1
233,283,1
232,283,1
232,284,1
231,284,1
230,284,1
229,285,1
228,285,1
227,286,1
226,286,1
225,286,1
224,287,1
223,287,1
222,287,1
221,288,1
220,288,1
219,288,1
218,288,1
217,288,1
216,288,1
215,288,1
214,288,1
213,288,1
212,288,1
211,287,1
228,264,0
238,241,1
239,241,1
240,241,1
241,240,1
242,240,1
243,240,1
244,240,1
245,239,1
246,239,1
247,239,1
248,238,1
249,238,1
250,238,1
251,238,1
252,237,1
253,237,1
254,237,1
255,237,1
256,237,1
257,236,1
258,236,1
259,236,1
260,236,1
261,235,1
262,235,1
263,235,1
264,235,1
265,235,1
266,234,1
267,234,1
268,234,1
269,234,1
270,233,1
271,233,1
272,233,1
273,232,1
274,232,1
275,232,1
276,231,1
277,231,1
278,231,1
279,230,1
280,230,1
281,230,1
282,229,1
283,228,1
284,228,1
285,228,1
286,227,1
287,226,1
288,226,1
289,225,1
290,224,1
291,224,1
291,223,1
292,223,1
293,222,1
294,221,1
294,220,1
295,220,1
295,219,1
296,219,1
296,218,1
297,217,1
297,216,1
298,216,1
298,215,1
298,214,1
299,213,1
300,212,1
300,211,1
300,210,1
300,209,1
301,209,1
301,208,1
301,207,1
301,206,1
302,205,1
302,204,1
302,203,1
303,202,1
303,201,1
303,200,1
304,199,1
305,200,1
305,201,1
305,202,1
305,203,1
306,204,1
306,205,1
306,206,1
306,207,1
306,208,1
306,209,1
306,210,1
306,211,1
307,212,1
307,213,1
307,214,1
307,215,1
307,216,1
307,217,1
307,218,1
307,219,1
307,220,1
308,221,1
308,222,1
308,223,1
308,224,1
308,225,1
308,226,1
308,227,1
308,228,1
308,229,1
308,230,1
308,231,1
308,232,1
309,233,1
309,234,1
309,235,1
309,236,1
309,237,1
309,238,1
309,239,1
309,240,1
309,241,1
309,242,1
310,243,1
310,244,1
310,245,1
310,246,1
310,247,1
310,248,1
310,249,1
310,250,1
310,251,1
311,252,1
311,253,1
311,254,1
311,255,1
311,256,1
311,257,1
311,258,1
311,259,1
311,260,1
311,261,1
311,262,1
312,263,1
312,264,1
312,265,1
312,266,1
312,267,1
312,268,1
313,269,1
313,270,1
313,271,1
431,202,1
431,203,1
432,204,1
432,205,1
433,205,1
433,206,1
434,206,1
434,207,1
435,207,1
435,208,1
436,208,1
436,209,1
437,209,1
438,210,1
439,210,1
440,210,1
440,211,1
441,211,1
442,211,1
443,211,1
444,211,1
445,212,1
446,212,1
447,211,1
448,211,1
449,211,1
450,211,1
451,211,1
451,210,1
452,210,1
453,210,1
454,210,1
455,209,1
456,209,1
457,208,1
458,207,1
459,207,1
460,206,1
461,206,1
462,205,1
463,205,1
464,204,1
465,204,1
466,204,1
467,204,1
468,204,1
469,205,1
470,205,1
470,206,1
471,207,1
471,208,1
471,209,1
472,210,1
472,211,1
472,212,1
472,213,1
472,214,1
472,215,1
472,216,1
472,217,1
472,218,1
472,219,1
472,220,1
472,221,1
472,222,1
472,223,1
472,224,1
472,225,1
472,226,1
472,227,1
472,228,1
472,229,1
472,230,1
472,231,1
472,232,1
472,233,1
472,234,1
472,235,1
472,236,1
472,237,1
472,238,1
472,239,1
473,240,1
473,241,1
473,242,1
473,243,1
473,244,1
473,245,1
473,246,1
473,247,1
473,248,1
473,249,1
472,250,1
472,251,1
472,252,1
472,253,1
472,254,1
471,255,1
471,256,1
471,257,1
470,258,1
470,259,1
470,260,1
469,261,1
469,262,1
468,262,1
468,263,1
467,263,1
467,264,1
466,265,1
465,265,1
464,266,1
463,266,1
462,267,1
461,267,1
460,267,1
459,267,1
458,267,1
457,267,1
457,266,1
456,266,1
455,266,1
455,265,1
454,265,1
453,264,1
452,263,1
451,263,1
451,262,1
450,261,1
450,260,1
450,259,1
449,258,1
449,257,1
449,256,1
449,255,1
449,254,1
449,253,1
450,252,1
450,251,1
450,250,1
451,250,1
451,249,1
452,249,1
452,248,1
453,248,1
453,247,1
454,247,1
455,247,1
455,246,1
456,246,1
457,245,1
458,245,1
459,244,1
460,244,1
461,243,1
462,243,1
463,243,1
464,242,1
465,242,1
466,242,1
467,242,1
468,242,1
468,241,1
469,241,1
470,241,1
471,241,1
472,241,1
473,240,1
474,240,1
475,240,1
476,240,1
477,240,1
478,239,1
479,239,1
480,239,1
481,238,1
482,238,1
483,238,1
484,238,1
484,237,1
485,237,1
486,237,1
487,237,1
488,236,1
489,236,1
490,236,1
491,235,1
492,235,1
493,235,1
494,235,1
495,234,1
496,234,1
497,234,1
498,233,1
499,233,1
500,233,1
501,232,1
502,232,1
503,232,1
504,232,1
505,231,1
506,231,1
507,230,1
508,230,1
509,230,1
510,230,1
511,229,1
512,229,1
513,228,1
514,228,1
515,228,1
516,227,1
517,227,1
518,226,1
519,226,1
520,225,1
521,225,1
522,225,1
522,224,1
523,224,1
524,223,1
525,223,1
526,222,1
527,222,1
528,221,1
529,221,1
530,220,1
531,219,1
532,219,1
532,218,1
533,218,1
534,217,1
535,216,1
536,216,1
536,215,1
537,215,1
537,214,1
538,213,1
539,212,1
540,212,1
540,211,1
541,210,1
541,209,1
542,208,1
542,207,1
543,207,1
543,206,1
544,205,1
544,204,1
545,203,1
545,202,1
546,201,1
546,200,1
546,199,1
546,198,1
547,198,1
547,197,1
547,196,1
547,195,1
546,195,1
545,195,1
545,196,1
545,197,1
544,197,1
544,198,1
544,199,1
544,200,1
543,201,1
543,202,1
543,203,1
543,204,1
543,205,1
543,206,1
543,207,1
543,208,1
543,209,1
543,210,1
542,211,1
542,212,1
542,213,1
542,214,1
542,215,1
542,216,1
542,217,1
542,218,1
541,219,1
541,220,1
541,221,1
541,222,1
541,223,1
541,224,1
541,225,1
540,226,1
540,227,1
540,228,1
540,229,1
540,230,1
540,231,1
540,232,1
540,233,1
540,234,1
539,235,1
539,236,1
539,237,1
539,238,1
539,239,1
539,240,1
539,241,1
538,241,1
538,242,1
538,243,1
538,244,1
538,245,1
538,246,1
462,209,0
386,180,1
386,179,1
386,178,1
386,177,1
386,176,1
386,175,1
386,174,1
386,173,1
386,172,1
387,171,1
387,170,1
387,169,1
387,168,1
387,167,1
388,166,1
388,165,1
389,164,1
389,163,1
389,162,1
389,161,1
390,160,1
390,159,1
390,158,1
391,157,1
391,156,1
391,155,1
392,154,1
392,153,1
392,152,1
393,151,1
393,150,1
393,149,1
394,149,1
394,148,1
394,147,1
395,146,1
395,145,1
396,144,1
396,143,1
396,142,1
397,142,1
397,141,1
397,140,1
398,139,1
398,138,1
399,138,1
399,137,1
399,136,1
400,135,1
400,134,1
401,134,1
401,133,1
402,132,1
402,131,1
403,131,1
403,130,1
404,129,1
404,128,1
405,128,1
405,127,1
405,126,1
406,126,1
406,125,1
407,124,1
407,123,1
408,123,1
409,122,1
409,121,1
410,121,1
410,120,1
411,119,1
411,118,1
412,118,1
413,117,1
413,116,1
414,115,1
415,115,1
415,114,1
416,113,1
417,113,1
417,112,1
418,111,1
419,110,1
420,109,1
421,108,1
422,108,1
422,107,1
423,107,1
424,106,1
424,105,1
425,105,1
426,104,1
427,104,1
427,103,1
428,103,1
429,102,1
430,102,1
430,101,1
431,101,1
432,100,1
433,100,1
433,99,1
434,99,1
435,98,1
436,98,1
437,97,1
438,97,1
439,96,1
440,96,1
441,95,1
442,95,1
443,94,1
444,94,1
445,94,1
446,93,1
447,93,1
448,92,1
449,92,1
450,92,1
451,92,1
451,91,1
452,91,1
453,91,1
454,90,1
455,90,1
456,90,1
457,90,1
458,90,1
459,89,1
460,89,1
461,89,1
462,89,1
463,89,1
464,89,1
465,89,1
466,89,1
467,89,1
468,89,1
469,89,1
470,89,1
471,89,1
472,89,1
473,89,1
474,89,1
475,89,1
476,89,1
477,89,1
478,89,1
479,89,1
480,89,1
481,89,1
482,90,1
483,90,1
484,90,1
485,90,1
486,90,1
487,90,1
488,91,1
489,91,1
490,91,1
491,92,1
492,92,1
493,92,1
494,93,1
495,93,1
496,93,1
497,94,1
498,94,1
499,95,1
500,95,1
501,95,1
502,96,1
503,97,1
504,97,1
505,97,1
506,98,1
507,99,1
508,99,1
509,100,1
510,100,1
510,101,1
511,101,1
512,102,1
513,102,1
514,103,1
515,104,1
516,104,1
517,105,1
517,106,1
518,106,1
519,107,1
520,108,1
520,109,1
521,109,1
522,110,1
523,111,1
523,112,1
524,112,1
525,113,1
525,114,1
526,115,1
526,116,1
527,116,1
528,117,1
528,118,1
529,119,1
529,120,1
530,121,1
530,122,1
531,122,1
531,123,1
531,124,1
532,125,1
532,126,1
533,127,1
533,128,1
534,129,1
534,130,1
534,131,1
535,132,1
536,133,1
536,134,1
536,135,1
536,136,1
537,137,1
537,138,1
537,139,1
538,140,1
538,141,1
538,142,1
538,143,1
539,144,1
539,145,1
539,146,1
539,147,1
539,148,1
540,149,1
540,150,1
540,151,1
541,152,1
541,153,1
541,154,1
542,155,1
542,156,1
542,157,1
542,158,1
542,159,1
543,160,1
543,161,1
543,162,1
543,163,1
543,164,1
543,165,1
544,165,1
544,166,1
544,167,1
544,168,1
544,169,1
544,170,1
545,171,1
545,172,1
545,173,1
545,174,1
545,175,1
546,176,1
546,177,1
546,178,1
546,179,1
546,180,1
546,181,1
547,181,1
547,182,1
547,183,1
547,184,1
547,185,1
547,186,1
548,187,1
548,188,1
548,189,1
548,190,1
548,191,1
548,192,1
548,193,1
548,194,1
548,195,1
548,196,1
548,197,1
549,197,1
549,198,1
549,199,1
549,200,1
549,201,1
549,202,1
549,203,1
549,204,1
748,233,1
747,234,1
747,235,1
747,236,1
747,237,1
746,238,1
746,239,1
746,240,1
746,241,1
745,241,1
745,242,1
745,243,1
745,244,1
744,245,1
744,246,1
743,247,1
743,248,1
742,248,1
741,248,1
740,248,1
740,247,1
739,247,1
739,246,1
738,246,1
738,245,1
738,244,1
737,243,1
737,242,1
737,241,1
736,241,1
736,240,1
736,239,1
736,238,1
735,237,1
735,236,1
734,235,1
734,234,1
734,233,1
733,233,1
733,232,1
733,231,1
732,230,1
732,229,1
731,229,1
731,228,1
731,227,1
730,226,1
730,225,1
729,224,1
728,223,1
728,222,1
727,221,1
727,220,1
726,219,1
725,218,1
724,217,1
724,216,1
723,216,1
723,215,1
722,214,1
721,213,1
720,212,1
719,211,1
718,210,1
717,209,1
716,208,1
715,208,1
715,207,1
714,207,1
713,206,1
712,206,1
712,205,1
711,204,1
710,204,1
709,204,1
708,203,1
707,202,1
706,202,1
705,201,1
704,201,1
703,200,1
702,200,1
701,199,1
700,199,1
699,199,1
698,198,1
697,198,1
696,198,1
695,198,1
695,197,1
694,197,1
693,197,1
692,197,1
691,197,1
690,197,1
689,197,1
688,197,1
687,196,1
686,196,1
685,196,1
684,196,1
683,196,1
682,196,1
681,196,1
680,196,1
679,196,1
678,196,1
678,197,1
677,197,1
676,197,1
675,197,1
674,197,1
673,197,1
672,197,1
671,198,1
670,198,1
669,198,1
668,198,1
667,199,1
666,199,1
665,199,1
664,200,1
663,200,1
662,201,1
661,201,1
660,202,1
659,202,1
658,202,1
657,203,1
656,204,1
655,204,1
654,205,1
653,205,1
652,206,1
651,207,1
650,207,1
649,208,1
648,209,1
647,209,1
646,210,1
645,211,1
644,212,1
643,213,1
642,213,1
641,214,1
641,215,1
640,215,1
639,216,1
639,217,1
638,217,1
638,218,1
637,218,1
636,219,1
636,220,1
635,220,1
635,221,1
634,222,1
633,223,1
632,224,1
632,225,1
631,226,1
630,227,1
630,228,1
629,229,1
629,230,1
628,230,1
628,231,1
628,232,1
627,233,1
627,234,1
627,235,1
626,235,1
626,236,1
626,237,1
626,238,1
626,239,1
625,240,1
625,241,1
625,242,1
626,243,1
626,244,1
626,245,1
626,246,1
627,246,1
627,247,1
627,248,1
628,248,1
628,249,1
629,250,1
630,250,1
630,251,1
631,251,1
632,252,1
633,252,1
634,252,1
634,253,1
635,253,1
636,253,1
637,253,1
638,253,1
639,253,1
640,253,1
641,253,1
641,252,1
642,252,1
643,252,1
644,251,1
645,251,1
645,250,1
646,250,1
647,249,1
648,248,1
648,247,1
649,247,1
649,246,1
649,245,1
649,244,1
650,243,1
650,242,1
649,241,1
649,240,1
649,239,1
649,238,1
648,237,1
648,236,1
648,235,1
647,235,1
647,234,1
646,233,1
646,232,1
645,232,1
645,231,1
644,230,1
644,229,1
643,229,1
642,228,1
642,227,1
641,227,1
640,226,1
639,225,1
638,225,1
637,224,1
636,224,1
635,223,1
634,222,1
633,222,1
632,221,1
631,221,1
630,220,1
630,219,1
757,225,0
882,224,1
882,225,1
882,226,1
882,227,1
881,228,1
881,229,1
881,230,1
881,231,1
881,232,1
881,233,1
880,234,1
880,235,1
880,236,1
880,237,1
880,238,1
880,239,1
879,240,1
879,241,1
879,242,1
879,243,1
879,244,1
879,245,1
879,246,1
878,246,1
878,247,1
878,248,1
878,249,1
878,250,1
878,251,1
878,252,1
878,253,1
878,254,1
878,255,1
878,256,1
878,257,1
878,258,1
878,259,1
878,260,1
878,261,1
878,262,1
877,262,1
877,263,1
877,264,1
877,265,1
877,266,1
877,267,1
877,268,1
877,269,1
877,270,1
877,271,1
877,272,1
877,273,1
877,274,1
877,275,1
877,276,1
877,277,1
877,278,1
877,279,1
877,280,1
877,281,1
878,281,1
878,280,1
878,279,1
878,278,1
878,277,1
878,276,1
879,275,1
879,274,1
879,273,1
879,272,1
879,271,1
879,270,1
879,269,1
879,268,1
879,267,1
879,266,1
879,265,1
879,264,1
879,263,1
879,262,1
878,261,1
878,260,1
878,259,1
878,258,1
878,257,1
878,256,1
878,255,1
878,254,1
878,253,1
877,252,1
877,251,1
877,250,1
877,249,1
876,248,1
876,247,1
875,246,1
875,245,1
874,244,1
874,243,1
874,242,1
873,241,1
872,240,1
872,239,1
871,238,1
871,237,1
870,237,1
870,236,1
869,235,1
868,234,1
867,233,1
867,232,1
866,232,1
866,231,1
865,231,1
864,230,1
864,229,1
863,229,1
862,228,1
861,227,1
860,226,1
859,226,1
858,226,1
858,225,1
857,225,1
856,224,1
855,223,1
854,223,1
853,223,1
852,222,1
851,222,1
850,221,1
849,221,1
848,221,1
847,220,1
846,220,1
845,220,1
844,220,1
843,219,1
842,219,1
841,219,1
840,219,1
839,219,1
838,219,1
837,219,1
836,219,1
835,219,1
834,219,1
833,220,1
832,220,1
831,220,1
830,220,1
829,221,1
828,221,1
827,221,1
826,222,1
825,222,1
824,223,1
823,223,1
822,223,1
822,224,1
821,224,1
820,225,1
819,225,1
819,226,1
818,226,1
817,227,1
816,227,1
816,228,1
815,228,1
814,229,1
814,230,1
813,230,1
812,231,1
812,232,1
811,232,1
811,233,1
810,234,1
809,235,1
808,236,1
808,237,1
808,238,1
807,238,1
807,239,1
806,240,1
806,241,1
805,242,1
805,243,1
805,244,1
805,245,1
804,246,1
804,247,1
804,248,1
839,278,1
840,279,1
841,279,1
842,279,1
843,279,1
844,279,1
845,279,1
846,279,1
846,280,1
847,280,1
848,280,1
849,280,1
850,280,1
851,280,1
852,280,1
853,280,1
854,280,1
855,280,1
856,280,1
857,280,1
858,280,1
859,280,1
860,280,1
861,280,1
862,280,1
863,279,1
864,279,1
580,228,0
296,177,1
297,177,1
298,177,1
299,177,1
300,177,1
301,177,1
302,177,1
303,177,1
304,177,1
305,177,1
306,177,1
307,177,1
308,177,1
309,177,1
310,177,1
311,177,1
311,178,1
312,178,1
313,178,1
314,178,1
315,178,1
316,178,1
317,178,1
318,178,1
319,178,1
320,178,1
321,178,1
322,178,1
323,178,1
324,179,1
325,179,1
326,179,1
327,179,1
328,179,1
329,179,1
330,179,1
331,179,1
332,179,1
333,179,1
334,179,1
335,180,1
336,180,1
337,180,1
338,180,1
339,180,1
340,180,1
341,180,1
342,180,1
343,180,1
344,180,1
345,180,1
346,180,1
347,180,1
348,180,1
349,181,1
350,181,1
351,181,1
352,181,1
353,181,1
354,181,1
355,181,1
356,181,1
357,181,1
358,181,1
359,181,1
360,181,1
361,181,1
362,181,1
363,181,1
364,181,1
365,181,1
366,181,1
367,181,1
368,181,1
369,181,1
370,181,1
371,181,1
372,181,1
373,181,1
374,181,1
375,181,1
376,181,1
377,181,1
378,181,1
379,182,1
380,182,1
381,182,1
382,182,1
383,182,1
384,182,1
385,182,1
386,182,1
387,182,1
388,182,1
389,182,1
390,182,1
391,182,1
392,182,1
393,182,1
394,182,1
395,182,1
396,183,1
397,183,1
398,183,1
399,183,1
400,183,1
401,183,1
402,183,1
403,183,1
404,183,1
405,183,1
406,183,1
407,183,1
408,183,1
409,183,1
410,183,1
411,183,1
412,183,1
413,183,1
414,183,1
415,183,1
416,183,1
417,183,1
418,183,1
419,183,1
420,183,1
421,183,1
422,183,1
423,183,1
424,183,1
425,183,1
426,183,1
427,183,1
428,183,1
429,183,1
430,183,1
431,183,1
432,183,1
433,183,1
434,183,1
435,183,1
436,183,1
437,183,1
438,183,1
439,183,1
440,183,1
441,183,1
442,183,1
443,183,1
444,183,1
445,183,1
446,183,1
447,183,1
448,183,1
449,183,1
450,183,1
451,183,1
452,183,1
453,183,1
454,183,1
455,183,1
456,183,1
457,183,1
458,183,1
459,183,1
460,183,1
461,183,1
462,183,1
463,183,1
464,183,1
465,183,1
466,183,1
467,183,1
468,183,1
469,183,1
470,183,1
471,183,1
472,183,1
473,183,1
474,183,1
475,183,1
476,183,1
477,183,1
478,183,1
479,183,1
480,183,1
481,183,1
482,183,1
483,183,1
484,183,1
485,183,1
486,183,1
487,183,1
488,183,1
489,183,1
490,183,1
491,183,1
492,183,1
493,183,1
494,183,1
495,183,1
495,182,1
496,182,1
497,182,1
498,182,1
499,182,1
500,182,1
501,182,1
502,182,1
503,182,1
504,182,1
505,182,1
506,182,1
507,182,1
508,182,1
509,182,1
510,182,1
511,182,1
512,182,1
513,182,1
514,182,1
515,182,1
516,182,1
517,182,1
518,182,1
519,182,1
520,182,1
521,182,1
522,182,1
523,182,1
524,182,1
525,182,1
526,182,1
527,182,1
528,182,1
529,182,1
530,182,1
531,182,1
532,182,1
533,182,1
534,182,1
535,182,1
536,182,1
537,182,1
538,182,1
539,182,1
540,182,1
541,182,1
542,182,1
543,182,1
544,182,1
545,182,1
546,182,1
547,182,1
548,182,1
549,182,1
550,182,1
551,182,1
552,182,1
553,182,1
554,182,1
555,182,1
556,182,1
557,182,1
558,182,1
559,182,1
560,182,1
561,182,1
562,182,1
563,182,1
564,182,1
565,182,1
566,182,1
567,182,1
568,182,1
569,182,1
570,182,1
571,182,1
572,182,1
573,182,1
574,182,1
575,182,1
576,182,1
577,182,1
578,182,1
579,182,1
580,182,1
581,182,1
582,182,1
583,182,1
584,182,1
585,182,1
586,182,1
587,182,1
588,182,1
589,182,1
590,182,1
591,182,1
592,182,1
593,182,1
594,182,1
595,182,1
596,182,1
597,182,1
598,182,1
599,182,1
600,182,1
601,182,1
602,182,1
603,182,1
604,182,1
605,182,1
606,182,1
607,182,1
608,182,1
608,181,1
609,181,1
610,181,1
611,181,1
612,181,1
613,181,1
614,181,1
615,181,1
616,181,1
617,181,1
618,181,1
619,181,1
620,181,1
621,181,1
622,181,1
623,181,1
624,181,1
625,181,1
626,181,1
627,181,1
628,181,1
629,181,1
630,181,1
631,181,1
632,181,1
633,181,1
634,181,1
635,181,1
636,181,1
637,181,1
638,181,1
639,181,1
640,181,1
641,181,1
642,181,1
643,181,1
644,181,1
645,181,1
646,181,1
647,181,1
648,181,1
649,181,1
650,181,1
651,181,1
652,181,1
653,181,1
654,181,1
655,181,1
656,181,1
657,181,1
658,181,1
659,181,1
660,181,1
661,181,1
662,181,1
663,181,1
664,181,1
665,181,1
666,181,1
667,181,1
668,181,1
669,181,1
670,181,1
671,181,1
672,181,1
673,181,1
674,181,1
675,181,1
676,181,1
677,181,1
678,181,1
679,181,1
680,181,1
681,181,1
682,181,1
683,181,1
684,181,1
685,181,1
686,181,1
687,181,1
688,181,1
689,181,1
690,181,1
691,181,1
692,181,1
693,181,1
694,181,1
695,181,1
696,181,1
697,181,1
698,181,1
699,181,1
700,181,1
701,181,1
702,181,1
703,181,1
704,181,1
705,181,1
706,181,1
707,181,1
708,181,1
709,181,1
710,181,1
711,181,1
712,181,1
713,181,1
714,181,1
715,181,1
716,181,1
717,181,1
718,181,1
719,181,1
720,181,1
721,181,1
722,181,1
723,181,1
724,181,1
725,181,1
726,181,1
727,181,1
728,181,1
729,181,1
730,181,1
731,181,1
732,181,1
733,181,1
734,181,1
735,181,1
736,181,1
737,181,1
738,181,1
739,181,1
740,181,1
741,181,1
742,181,1
743,181,1
744,181,1
745,181,1
746,181,1
747,181,1
748,181,1
749,181,1
750,181,1
751,181,1
752,181,1
753,181,1
754,181,1
755,181,1
756,181,1
757,181,1
758,181,1
759,181,1
760,181,1
761,181,1
762,181,1
763,181,1
764,181,1
765,182,1
766,182,1
767,182,1
768,182,1
769,182,1
770,182,1
771,182,1
772,182,1
773,182,1
774,183,1
775,183,1
776,183,1
777,183,1
778,183,1
779,183,1
780,183,1
781,183,1
782,184,1
783,184,1
784,184,1
785,184,1
786,184,1
787,184,1
788,184,1
789,184,1
790,184,1
791,185,1
792,185,1
793,185,1
794,185,1
795,185,1
796,185,1
797,185,1
798,185,1
799,186,1
800,186,1
801,186,1
802,186,1
803,186,1
804,186,1
805,185,1
805,185,0
