156,465,1
157,465,1
158,464,1
159,464,1
201,455,1
202,455,1
203,455,1
204,455,1
205,455,1
206,455,1
207,455,1
208,455,1
209,455,1
210,455,1
211,455,1
212,455,1
213,455,1
214,455,1
215,455,1
216,456,1
217,456,1
218,456,1
219,456,1
220,456,1
221,457,1
222,457,1
223,457,1
224,457,1
225,458,1
226,458,1
227,458,1
228,459,1
229,459,1
230,459,1
231,460,1
232,460,1
233,460,1
234,461,1
235,461,1
236,462,1
237,462,1
238,463,1
239,463,1
240,464,1
241,464,1
241,465,1
242,465,1
243,466,1
244,466,1
245,466,1
245,467,1
246,467,1
247,468,1
248,469,1
249,469,1
250,470,1
251,471,1
252,471,1
252,472,1
253,472,1
254,473,1
255,474,1
256,474,1
256,475,1
257,475,1
258,476,1
259,477,1
260,478,1
261,479,1
262,479,1
262,480,1
263,480,1
264,481,1
264,482,1
265,482,1
266,483,1
267,484,1
267,485,1
268,485,1
269,486,1
270,487,1
270,488,1
271,488,1
272,489,1
300,518,1
301,518,1
301,519,1
302,520,1
303,520,1
303,521,1
304,522,1
305,523,1
306,524,1
307,525,1
308,525,1
308,526,1
309,527,1
310,528,1
311,529,1
312,530,1
313,531,1
314,532,1
314,533,1
315,533,1
316,534,1
317,535,1
317,536,1
318,537,1
319,537,1
319,538,1
320,539,1
321,540,1
321,541,1
322,541,1
323,542,1
323,543,1
324,543,1
324,544,1
325,545,1
325,546,1
326,546,1
326,547,1
327,548,1
327,549,1
328,549,1
328,550,1
329,551,1
329,552,1
330,552,1
330,553,1
331,554,1
331,555,1
331,556,1
332,556,1
332,557,1
333,558,1
333,559,1
333,560,1
334,561,1
334,562,1
335,563,1
335,564,1
335,565,1
335,566,1
336,567,1
336,568,1
336,569,1
336,570,1
337,571,1
337,572,1
337,573,1
337,574,1
337,575,1
337,576,1
337,577,1
337,578,1
338,578,1
338,579,1
338,580,1
337,581,1
337,582,1
337,583,1
337,584,1
337,585,1
337,586,1
337,587,1
337,588,1
337,589,1
337,590,1
336,590,1
336,591,1
336,592,1
336,593,1
336,594,1
335,595,1
335,596,1
334,597,1
334,598,1
334,599,1
333,600,1
333,601,1
332,602,1
332,603,1
332,604,1
331,605,1
330,606,1
330,607,1
329,608,1
329,609,1
328,609,1
328,610,1
327,611,1
327,612,1
326,613,1
325,614,1
325,615,1
324,616,1
323,616,1
323,617,1
322,618,1
322,619,1
321,619,1
320,620,1
320,621,1
319,621,1
318,622,1
318,623,1
317,624,1
316,624,1
316,625,1
315,626,1
314,626,1
314,627,1
313,628,1
312,628,1
312,629,1
311,630,1
310,630,1
310,631,1
309,632,1
308,632,1
308,633,1
307,633,1
306,634,1
305,635,1
304,636,1
303,637,1
302,637,1
302,638,1
301,639,1
300,639,1
299,640,1
298,641,1
297,642,1
296,642,1
296,643,1
295,643,1
294,644,1
293,645,1
292,646,1
291,647,1
290,647,1
290,648,1
289,648,1
288,649,1
287,650,1
286,650,1
285,651,1
284,652,1
283,652,1
282,653,1
282,654,1
281,654,1
280,655,1
279,655,1
278,656,1
277,657,1
276,657,1
275,658,1
274,658,1
274,659,1
273,659,1
272,660,1
271,660,1
270,661,1
269,662,1
268,662,1
267,663,1
266,664,1
265,664,1
265,665,1
264,666,1
311,596,0
327,544,1
328,544,1
329,544,1
330,543,1
331,543,1
332,542,1
333,542,1
334,542,1
335,541,1
336,541,1
337,540,1
338,540,1
339,540,1
340,539,1
341,539,1
342,538,1
343,538,1
344,537,1
345,537,1
346,537,1
347,536,1
348,536,1
349,535,1
350,535,1
351,534,1
352,534,1
353,533,1
354,533,1
355,532,1
356,532,1
357,532,1
358,531,1
359,531,1
360,530,1
361,529,1
362,529,1
363,529,1
364,528,1
365,528,1
366,527,1
367,527,1
368,526,1
369,526,1
370,525,1
371,525,1
372,524,1
373,524,1
374,523,1
375,523,1
376,522,1
377,522,1
378,521,1
379,521,1
380,520,1
381,520,1
382,519,1
383,519,1
383,518,1
384,518,1
385,517,1
386,517,1
387,516,1
388,516,1
389,515,1
390,515,1
391,514,1
392,514,1
393,513,1
394,513,1
395,512,1
396,512,1
397,511,1
398,510,1
399,510,1
400,509,1
401,509,1
402,508,1
402,507,1
403,507,1
404,506,1
405,506,1
406,505,1
407,505,1
407,504,1
408,504,1
409,503,1
410,503,1
411,502,1
412,501,1
413,501,1
414,500,1
415,499,1
416,498,1
417,498,1
418,497,1
419,496,1
420,496,1
421,495,1
422,494,1
423,493,1
424,493,1
425,492,1
425,491,1
426,491,1
427,490,1
428,490,1
428,489,1
429,488,1
430,488,1
431,487,1
432,486,1
433,486,1
434,485,1
434,484,1
435,484,1
436,483,1
437,483,1
437,482,1
438,482,1
439,481,1
439,480,1
440,480,1
441,479,1
442,479,1
442,478,1
443,478,1
444,477,1
445,477,1
446,476,1
447,475,1
448,475,1
449,474,1
450,474,1
451,473,1
452,473,1
453,473,1
453,472,1
454,472,1
455,472,1
456,472,1
457,471,1
458,471,1
459,471,1
460,471,1
461,472,1
462,472,1
463,472,1
464,473,1
465,473,1
465,474,1
466,474,1
466,475,1
467,475,1
467,476,1
468,477,1
468,478,1
469,478,1
469,479,1
469,480,1
470,480,1
470,481,1
470,482,1
471,483,1
471,484,1
471,485,1
472,486,1
472,487,1
472,488,1
472,489,1
473,490,1
473,491,1
473,492,1
473,493,1
473,494,1
473,495,1
474,496,1
474,497,1
474,498,1
474,499,1
474,500,1
474,501,1
474,502,1
474,503,1
474,504,1
474,505,1
475,506,1
475,507,1
475,508,1
475,509,1
475,510,1
475,511,1
475,512,1
475,513,1
475,514,1
475,515,1
475,516,1
476,517,1
476,518,1
476,519,1
476,520,1
476,521,1
476,522,1
476,523,1
476,524,1
476,525,1
477,526,1
477,527,1
477,528,1
477,529,1
477,530,1
477,531,1
477,532,1
478,533,1
478,534,1
478,535,1
478,536,1
478,537,1
478,538,1
479,539,1
479,540,1
479,541,1
479,542,1
479,543,1
479,544,1
480,545,1
480,546,1
480,547,1
480,548,1
480,549,1
481,550,1
481,551,1
481,552,1
481,553,1
482,554,1
482,555,1
482,556,1
482,557,1
482,558,1
483,559,1
483,560,1
483,561,1
483,562,1
484,563,1
484,564,1
484,565,1
484,566,1
485,567,1
485,568,1
485,569,1
486,570,1
486,571,1
486,572,1
487,573,1
487,574,1
487,575,1
487,576,1
488,577,1
488,578,1
488,579,1
488,580,1
489,581,1
489,582,1
489,583,1
489,584,1
490,585,1
490,586,1
490,587,1
491,588,1
491,589,1
491,590,1
492,591,1
492,592,1
492,593,1
493,594,1
493,595,1
494,596,1
494,597,1
495,598,1
495,599,1
496,600,1
496,601,1
496,602,1
497,603,1
498,604,1
499,605,1
500,606,1
501,606,1
502,606,1
622,495,0
770,395,1
769,395,1
768,395,1
767,395,1
766,395,1
765,395,1
764,395,1
763,395,1
762,396,1
761,396,1
760,396,1
759,396,1
758,396,1
757,396,1
756,397,1
755,397,1
754,397,1
753,398,1
752,398,1
751,398,1
750,398,1
749,399,1
748,400,1
747,400,1
746,400,1
745,401,1
744,401,1
743,402,1
742,402,1
741,403,1
741,404,1
740,404,1
739,405,1
738,405,1
738,406,1
737,407,1
736,407,1
735,408,1
735,409,1
734,409,1
733,410,1
732,410,1
731,411,1
730,412,1
729,412,1
728,413,1
728,414,1
727,414,1
726,415,1
725,416,1
724,417,1
723,417,1
722,418,1
722,419,1
721,419,1
720,420,1
720,421,1
719,422,1
718,422,1
718,423,1
717,424,1
716,425,1
715,426,1
715,427,1
714,428,1
713,429,1
712,430,1
712,431,1
711,432,1
711,433,1
710,434,1
709,435,1
709,436,1
708,437,1
708,438,1
707,439,1
707,440,1
706,440,1
706,441,1
706,442,1
705,443,1
705,444,1
705,445,1
704,446,1
704,447,1
704,448,1
703,449,1
703,450,1
703,451,1
703,452,1
703,453,1
703,454,1
703,455,1
703,456,1
703,457,1
703,458,1
703,459,1
703,460,1
703,461,1
703,462,1
703,463,1
704,464,1
704,465,1
704,466,1
704,467,1
705,467,1
705,468,1
705,469,1
706,469,1
706,470,1
706,471,1
707,471,1
707,472,1
708,473,1
709,474,1
710,475,1
711,476,1
712,477,1
713,478,1
714,478,1
715,479,1
716,479,1
717,480,1
718,480,1
719,480,1
720,481,1
721,481,1
722,481,1
723,481,1
724,481,1
725,481,1
726,481,1
727,481,1
728,481,1
729,481,1
730,481,1
731,481,1
732,481,1
733,481,1
734,481,1
735,481,1
736,481,1
737,480,1
738,480,1
739,480,1
740,480,1
741,479,1
742,479,1
743,479,1
744,478,1
745,478,1
746,478,1
747,477,1
748,477,1
749,476,1
750,476,1
751,476,1
752,475,1
753,475,1
754,475,1
755,474,1
756,473,1
757,473,1
758,472,1
759,472,1
760,472,1
761,471,1
762,470,1
763,470,1
764,469,1
765,469,1
766,469,1
767,468,1
768,467,1
769,467,1
770,467,1
771,466,1
772,466,1
773,465,1
774,465,1
775,465,1
776,464,1
777,464,1
778,463,1
779,463,1
780,463,1
781,463,1
782,462,1
783,462,1
784,462,1
785,462,1
786,462,1
787,462,1
788,461,1
789,461,1
789,462,1
790,462,1
791,462,1
792,462,1
793,462,1
794,462,1
794,463,1
795,463,1
796,463,1
797,464,1
798,465,1
799,465,1
799,466,1
800,466,1
800,467,1
801,467,1
801,468,1
802,468,1
802,469,1
802,470,1
803,470,1
803,471,1
804,472,1
804,473,1
805,474,1
805,475,1
805,476,1
806,476,1
806,477,1
806,478,1
807,479,1
807,480,1
807,481,1
808,482,1
808,483,1
808,484,1
808,485,1
809,486,1
809,487,1
809,488,1
809,489,1
809,490,1
809,491,1
809,492,1
809,493,1
809,494,1
809,495,1
809,496,1
809,497,1
809,498,1
809,499,1
809,500,1
809,501,1
809,502,1
810,503,1
810,504,1
810,505,1
810,506,1
810,507,1
810,508,1
811,509,1
811,510,1
811,511,1
812,512,1
812,513,1
813,513,1
813,514,1
843,573,0
890,635,1
890,636,1
890,637,1
889,638,1
888,639,1
888,640,1
887,640,1
887,641,1
886,642,1
885,643,1
884,643,1
884,644,1
883,644,1
882,645,1
881,646,1
880,646,1
880,647,1
879,647,1
878,648,1
877,648,1
876,649,1
875,649,1
874,650,1
873,651,1
872,651,1
871,652,1
870,652,1
869,653,1
868,653,1
868,654,1
867,654,1
866,654,1
865,655,1
864,655,1
863,656,1
862,656,1
861,656,1
860,657,1
859,657,1
858,658,1
857,658,1
856,659,1
855,659,1
854,660,1
853,660,1
852,661,1
851,661,1
850,662,1
849,662,1
848,663,1
847,663,1
846,663,1
845,664,1
844,664,1
843,665,1
842,665,1
841,665,1
840,666,1
839,666,1
838,667,1
837,667,1
836,667,1
835,668,1
834,668,1
833,669,1
832,669,1
831,669,1
830,670,1
829,670,1
828,670,1
827,671,1
826,671,1
825,671,1
824,672,1
823,672,1
822,672,1
821,673,1
820,673,1
819,673,1
818,674,1
817,674,1
816,674,1
815,674,1
814,675,1
813,675,1
812,675,1
811,676,1
810,676,1
809,676,1
808,677,1
807,677,1
806,677,1
805,677,1
804,678,1
803,678,1
802,678,1
801,678,1
800,679,1
799,679,1
798,679,1
797,680,1
796,680,1
795,680,1
794,681,1
793,681,1
792,681,1
791,681,1
790,682,1
789,682,1
788,682,1
787,682,1
786,683,1
785,683,1
784,683,1
783,683,1
782,684,1
781,684,1
780,684,1
779,684,1
778,685,1
777,685,1
776,685,1
775,685,1
774,686,1
773,686,1
772,686,1
771,686,1
770,686,1
769,687,1
768,687,1
767,687,1
766,687,1
765,687,1
764,687,1
763,688,1
762,688,1
761,688,1
760,688,1
759,689,1
758,689,1
757,689,1
756,689,1
755,689,1
754,689,1
753,689,1
752,690,1
751,690,1
750,690,1
749,690,1
749,690,0
840,663,0
968,424,1
969,424,1
969,425,1
970,426,1
971,427,1
971,428,1
972,428,1
973,429,1
974,430,1
975,431,1
976,432,1
977,432,1
977,433,1
978,433,1
979,434,1
980,434,1
981,435,1
982,436,1
983,437,1
984,437,1
985,438,1
986,438,1
987,439,1
988,439,1
989,440,1
990,440,1
991,440,1
992,441,1
993,441,1
993,442,1
994,442,1
995,443,1
996,443,1
997,444,1
998,444,1
998,445,1
999,445,1
1000,446,1
1001,446,1
1002,446,1
1003,447,1
1004,447,1
1005,447,1
1006,448,1
1007,448,1
1008,449,1
1009,449,1
1010,449,1
1011,449,1
1012,449,1
1013,449,1
1014,449,1
1015,449,1
1016,449,1
1017,449,1
1018,449,1
1019,449,1
1069,460,0
1138,454,1
1138,455,1
1138,456,1
1138,457,1
1138,458,1
1138,459,1
1138,460,1
1138,461,1
1138,462,1
1138,463,1
1138,464,1
1138,465,1
1138,466,1
1137,467,1
1137,468,1
1137,469,1
1138,470,1
1138,471,1
1138,472,1
1138,473,1
1138,474,1
1138,475,1
1138,476,1
1138,477,1
1138,478,1
1138,479,1
1138,480,1
1138,481,1
1138,482,1
1138,483,1
1138,484,1
1138,485,1
1139,486,1
1139,487,1
1139,488,1
1139,489,1
1139,490,1
1140,491,1
1140,492,1
1140,493,1
1140,494,1
1140,495,1
1140,496,1
1140,497,1
1140,498,1
1140,499,1
1140,500,1
1140,501,1
1140,502,1
1141,503,1
1141,504,1
1141,505,1
1141,506,1
1141,507,1
1141,508,1
1141,509,1
1142,510,1
1142,511,1
1142,512,1
1142,513,1
1142,514,1
1143,515,1
1143,516,1
1143,517,1
1143,518,1
1144,519,1
1145,520,1
1145,521,1
1146,522,1
1146,523,1
1147,524,1
1148,525,1
1223,475,0
1308,425,1
1307,426,1
1307,427,1
1306,428,1
1306,429,1
1305,429,1
1305,430,1
1304,431,1
1304,432,1
1304,433,1
1304,434,1
1304,435,1
1303,436,1
1304,437,1
1304,438,1
1304,439,1
1304,440,1
1304,441,1
1305,441,1
1305,442,1
1305,443,1
1306,444,1
1307,445,1
1307,446,1
1308,447,1
1309,448,1
1310,449,1
1311,450,1
1312,451,1
1313,452,1
1314,453,1
1315,453,1
1315,454,1
1316,454,1
1317,455,1
1318,456,1
1318,457,1
1319,457,1
1319,458,1
1320,459,1
1321,460,1
1321,461,1
1322,461,1
1323,462,1
1324,463,1
1324,464,1
1325,464,1
1326,465,1
1327,466,1
1328,466,1
1329,467,1
1329,468,1
1330,468,1
1331,469,1
1332,470,1
1333,470,1
1334,471,1
1335,472,1
1336,472,1
1337,473,1
1338,474,1
1339,474,1
1340,475,1
1341,475,1
1341,476,1
1342,476,1
1343,477,1
1344,477,1
1344,478,1
1345,478,1
1346,479,1
1347,479,1
1348,480,1
1349,481,1
1350,481,1
1351,482,1
1352,482,1
1353,483,1
1354,484,1
1355,484,1
1356,485,1
1357,485,1
1357,486,1
1358,486,1
1359,487,1
1360,487,1
1361,487,1
1361,488,1
1362,488,1
1363,489,1
1364,489,1
1365,490,1
1366,491,1
1367,491,1
1368,492,1
1369,492,1
1369,493,1
1370,493,1
1371,494,1
1372,494,1
1373,495,1
1374,495,1
1374,496,1
1375,496,1
1376,497,1
1377,497,1
1378,498,1
1379,498,1
1379,499,1
1380,499,1
1381,500,1
1382,500,1
1383,501,1
1384,501,1
1385,502,1
1386,503,1
1387,503,1
1388,504,1
1389,504,1
1390,505,1
1391,505,1
1391,506,1
1392,506,1
1393,507,1
1394,508,1
1395,508,1
1396,509,1
1397,509,1
1398,510,1
1399,511,1
1400,511,1
1401,512,1
1402,512,1
1403,513,1
1404,514,1
1405,514,1
1405,515,1
1406,515,1
1407,516,1
1408,516,1
1409,517,1
1410,517,1
1411,518,1
1412,519,1
1413,520,1
1414,520,1
1415,521,1
1416,521,1
1417,522,1
1417,523,1
1418,523,1
1419,524,1
1420,524,1
1421,525,1
1422,526,1
1423,527,1
1424,527,1
1425,528,1
1426,529,1
1427,529,1
1428,530,1
1429,531,1
1430,532,1
1431,532,1
1432,533,1
1433,533,1
1433,534,1
1434,535,1
1435,535,1
1436,536,1
1437,537,1
1438,537,1
1438,538,1
1439,538,1
1440,539,1
1441,540,1
1442,540,1
1443,541,1
1443,542,1
1444,542,1
1445,543,1
1446,544,1
1447,544,1
1447,545,1
1448,545,1
1449,546,1
1450,547,1
1451,547,1
1452,548,1
1452,549,1
1453,549,1
1454,550,1
1455,551,1
1456,551,1
1456,552,1
1457,553,1
1458,553,1
1459,554,1
1460,554,1
1460,555,1
1461,556,1
1462,556,1
1463,557,1
1464,558,1
1465,559,1
1466,559,1
1467,560,1
1467,561,1
1468,561,1
1469,562,1
1470,563,1
1471,563,1
1471,564,1
1472,564,1
1473,565,1
1474,566,1
1475,566,1
1475,567,1
1476,567,1
1477,568,1
1478,569,1
1479,569,1
1479,570,1
1480,571,1
1481,571,1
1482,572,1
1483,572,1
1484,573,1
1484,574,1
1485,574,1
1486,575,1
1487,575,1
1488,576,1
1488,577,1
1489,577,1
1490,578,1
1491,578,1
1492,579,1
1493,579,1
1494,580,1
1494,581,1
1495,581,1
1496,582,1
1497,582,1
1498,583,1
1499,583,1
1499,584,1
1500,585,1
1501,585,1
1502,586,1
1503,586,1
1504,587,1
1505,587,1
1506,588,1
1507,589,1
1508,589,1
1509,590,1
1510,590,1
1511,591,1
1512,591,1
1513,592,1
1514,593,1
1515,593,1
1516,594,1
1517,594,1
1518,595,1
1519,595,1
1520,596,1
1521,597,1
1522,597,1
1523,598,1
1524,598,1
1525,599,1
1526,599,1
1527,600,1
1528,600,1
1529,601,1
1530,601,1
1531,602,1
1532,602,1
1533,603,1
1534,603,1
1535,603,1
1536,604,1
1537,604,1
1538,605,1
1539,605,1
1540,606,1
1541,606,1
1542,606,1
1543,607,1
1544,607,1
1545,607,1
1546,608,1
1547,608,1
1548,608,1
1549,609,1
1550,609,1
1551,609,1
1552,610,1
1553,610,1
1554,610,1
1555,611,1
1556,611,1
1557,611,1
1558,612,1
1559,612,1
1560,612,1
1561,612,1
1562,613,1
1563,613,1
1564,613,1
1565,613,1
1566,613,1
1567,614,1
1568,614,1
1569,614,1
1570,614,1
1571,615,1
1572,615,1
1573,615,1
1574,615,1
1575,615,1
1576,615,1
1577,615,1
1578,616,1
1579,616,1
1580,616,1
1581,616,1
1582,616,1
1583,616,1
1584,616,1
1585,617,1
1586,617,1
1587,617,1
1588,617,1
1589,617,1
1590,617,1
1591,618,1
1592,618,1
1593,618,1
1594,618,1
1595,618,1
1596,618,1
1597,618,1
1598,618,1
1599,618,1
1600,618,1
1601,618,1
1602,618,1
1603,618,1
1604,618,1
1605,618,1
1606,618,1
1607,618,1
1608,618,1
1609,618,1
1610,618,1
1611,618,1
1612,618,1
1613,618,1
1614,617,1
1615,617,1
1616,617,1
1617,617,1
1618,617,1
1619,617,1
1620,617,1
1621,617,1
1441,445,0
1300,270,1
1299,270,1
1298,270,1
1297,270,1
1296,270,1
1295,270,1
1294,270,1
1293,270,1
1292,270,1
1291,270,1
1290,270,1
1289,271,1
1288,271,1
1287,271,1
1286,271,1
1285,271,1
1284,271,1
1283,271,1
1282,271,1
1281,271,1
1280,271,1
1279,271,1
1278,271,1
1277,271,1
1276,271,1
1275,272,1
1274,272,1
1273,272,1
1272,272,1
1271,272,1
1270,272,1
1269,272,1
1268,272,1
1267,272,1
1266,272,1
1265,272,1
1264,272,1
1263,272,1
1262,273,1
1261,273,1
1260,273,1
1259,273,1
1258,273,1
1257,273,1
1256,273,1
1255,273,1
1254,273,1
1253,273,1
1252,273,1
1251,273,1
1250,273,1
1249,273,1
1248,273,1
1247,273,1
1246,274,1
1245,274,1
1244,274,1
1243,274,1
1242,274,1
1241,274,1
1240,274,1
1239,274,1
1238,274,1
1237,274,1
1236,274,1
1235,274,1
1234,274,1
1233,274,1
1232,274,1
1231,275,1
1230,275,1
1229,275,1
1228,275,1
1227,275,1
1226,275,1
1225,275,1
1224,275,1
1223,275,1
1222,275,1
1221,275,1
1220,275,1
1219,275,1
1218,275,1
1217,275,1
1216,275,1
1215,275,1
1214,275,1
1213,275,1
1212,275,1
1211,275,1
1210,276,1
1209,276,1
1208,276,1
1207,276,1
1206,276,1
1205,276,1
1204,276,1
1203,276,1
1202,276,1
1201,276,1
1200,276,1
1199,276,1
1198,276,1
1197,276,1
1196,276,1
1195,276,1
1194,276,1
1193,276,1
1192,276,1
1191,276,1
1190,276,1
1189,276,1
1188,277,1
1187,277,1
1186,277,1
1185,277,1
1184,277,1
1183,277,1
1182,277,1
1181,277,1
1180,277,1
1179,277,1
1178,277,1
1177,277,1
1176,277,1
1175,277,1
1174,277,1
1173,277,1
1172,277,1
1171,277,1
1170,277,1
1169,277,1
1168,277,1
1167,277,1
1166,277,1
1165,277,1
1164,278,1
1163,278,1
1162,278,1
1161,278,1
1160,278,1
1159,278,1
1158,278,1
1157,278,1
1156,278,1
1155,278,1
1154,278,1
1153,278,1
1152,278,1
1151,278,1
1150,278,1
1149,278,1
1148,278,1
1147,278,1
1146,278,1
1145,278,1
1144,278,1
1143,278,1
1142,278,1
1141,278,1
1140,279,1
1139,279,1
1138,279,1
1137,279,1
1136,279,1
1135,279,1
1134,279,1
1133,279,1
1132,279,1
1131,279,1
1130,279,1
1129,279,1
1128,279,1
1127,279,1
1126,279,1
1125,279,1
1124,279,1
1123,279,1
1122,279,1
1121,279,1
1120,279,1
1119,279,1
1118,279,1
1117,279,1
1116,280,1
1115,280,1
1114,280,1
1113,280,1
1112,280,1
1111,280,1
1110,280,1
1109,280,1
1108,280,1
1107,280,1
1106,280,1
1105,280,1
1104,280,1
1103,280,1
1102,280,1
1101,280,1
1100,280,1
1099,281,1
1098,281,1
1097,281,1
1096,281,1
1095,281,1
1094,281,1
1093,281,1
1092,281,1
1091,281,1
1090,281,1
1089,281,1
1088,281,1
1087,281,1
1086,281,1
1085,281,1
1084,281,1
1083,281,1
1082,281,1
1081,281,1
1080,281,1
1079,282,1
1078,282,1
1077,282,1
1076,282,1
1075,282,1
1074,282,1
1073,282,1
1072,282,1
1071,282,1
1070,282,1
1069,282,1
1068,282,1
1067,282,1
1066,282,1
1065,282,1
1064,282,1
1063,282,1
1062,282,1
1061,283,1
1060,283,1
1059,283,1
1058,283,1
1057,283,1
1056,283,1
1055,283,1
1054,283,1
1053,283,1
1052,283,1
1051,283,1
1050,283,1
1049,283,1
1048,283,1
1047,283,1
1046,283,1
1045,283,1
1044,283,1
1043,283,1
1042,284,1
1041,284,1
1040,284,1
1039,284,1
1038,284,1
1037,284,1
1036,284,1
1035,284,1
1034,284,1
1033,284,1
1032,284,1
1031,284,1
1030,284,1
1029,284,1
1028,284,1
1027,284,1
1026,284,1
1025,284,1
1024,284,1
1023,285,1
1022,285,1
1021,285,1
1020,285,1
1019,285,1
1018,285,1
1017,285,1
1016,285,1
1015,285,1
1014,285,1
1013,285,1
1012,285,1
1011,285,1
1010,285,1
1009,285,1
1008,285,1
1007,285,1
1006,285,1
1005,285,1
1004,286,1
1003,286,1
1002,286,1
1001,286,1
1000,286,1
999,286,1
998,286,1
997,286,1
996,286,1
995,286,1
994,286,1
993,286,1
992,286,1
991,286,1
990,286,1
989,286,1
988,287,1
987,287,1
986,287,1
985,287,1
984,287,1
983,287,1
982,287,1
981,287,1
980,287,1
979,287,1
978,287,1
977,287,1
976,287,1
975,287,1
974,288,1
973,288,1
972,288,1
971,288,1
970,288,1
969,288,1
968,288,1
967,288,1
966,288,1
965,288,1
964,288,1
963,288,1
962,288,1
961,288,1
960,288,1
959,288,1
958,288,1
957,289,1
956,289,1
955,289,1
954,289,1
953,289,1
952,289,1
951,289,1
950,289,1
949,289,1
948,289,1
947,289,1
946,289,1
945,289,1
944,289,1
943,290,1
942,290,1
941,290,1
940,290,1
939,290,1
938,290,1
937,290,1
936,290,1
935,290,1
934,290,1
933,290,1
932,291,1
931,291,1
930,291,1
929,291,1
928,291,1
927,291,1
926,291,1
925,291,1
924,291,1
923,291,1
922,291,1
921,292,1
920,292,1
919,292,1
918,292,1
917,292,1
916,292,1
915,292,1
914,292,1
913,292,1
912,292,1
911,292,1
910,292,1
909,293,1
908,293,1
907,293,1
906,293,1
905,293,1
904,293,1
903,293,1
902,293,1
901,293,1
900,293,1
899,294,1
898,294,1
897,294,1
896,294,1
895,294,1
894,294,1
893,294,1
892,294,1
891,294,1
890,294,1
889,295,1
888,295,1
887,295,1
886,295,1
885,295,1
884,295,1
883,295,1
882,295,1
881,295,1
880,295,1
879,296,1
878,296,1
877,296,1
876,296,1
875,296,1
874,296,1
873,296,1
872,296,1
871,296,1
870,296,1
869,297,1
868,297,1
867,297,1
866,297,1
865,297,1
864,297,1
863,297,1
862,297,1
861,297,1
860,297,1
859,298,1
858,298,1
857,298,1
856,298,1
855,298,1
854,298,1
853,298,1
852,298,1
851,298,1
850,299,1
849,299,1
848,299,1
847,299,1
846,299,1
845,299,1
844,299,1
843,299,1
842,299,1
841,300,1
840,300,1
839,300,1
838,300,1
837,300,1
836,300,1
835,300,1
834,300,1
833,300,1
832,301,1
831,301,1
830,301,1
829,301,1
828,301,1
827,301,1
826,301,1
825,301,1
824,301,1
823,302,1
822,302,1
821,302,1
820,302,1
819,302,1
818,302,1
817,302,1
816,302,1
815,302,1
814,303,1
813,303,1
812,303,1
811,303,1
810,303,1
809,303,1
808,303,1
807,303,1
806,304,1
805,304,1
804,304,1
803,304,1
802,304,1
801,304,1
800,304,1
799,304,1
798,304,1
797,305,1
796,305,1
795,305,1
794,305,1
793,305,1
792,305,1
791,305,1
790,305,1
789,306,1
788,306,1
787,306,1
786,306,1
785,306,1
784,306,1
783,306,1
782,306,1
781,306,1
780,307,1
779,307,1
778,307,1
777,307,1
776,307,1
775,307,1
774,307,1
773,307,1
772,307,1
771,308,1
770,308,1
769,308,1
768,308,1
767,308,1
766,308,1
765,308,1
764,308,1
763,309,1
762,309,1
761,309,1
760,309,1
759,309,1
758,309,1
757,309,1
756,309,1
755,309,1
754,310,1
753,310,1
752,310,1
751,310,1
750,310,1
749,310,1
748,310,1
747,310,1
746,310,1
745,310,1
744,311,1
743,311,1
742,311,1
741,311,1
740,311,1
739,311,1
738,311,1
737,312,1
736,312,1
735,312,1
734,312,1
733,312,1
732,312,1
731,312,1
730,312,1
729,312,1
728,313,1
727,313,1
726,313,1
725,313,1
724,313,1
723,313,1
722,313,1
721,313,1
720,313,1
719,314,1
718,314,1
717,314,1
716,314,1
715,314,1
714,314,1
713,314,1
712,314,1
711,314,1
710,315,1
709,315,1
708,315,1
707,315,1
706,315,1
705,315,1
704,315,1
703,315,1
702,316,1
701,316,1
700,316,1
699,316,1
698,316,1
697,316,1
696,316,1
695,317,1
694,317,1
693,317,1
692,317,1
691,317,1
690,317,1
689,317,1
688,317,1
687,318,1
686,318,1
685,318,1
684,318,1
683,318,1
682,318,1
681,318,1
680,318,1
679,319,1
678,319,1
677,319,1
676,319,1
675,319,1
674,319,1
673,319,1
672,319,1
671,320,1
670,320,1
669,320,1
668,320,1
667,320,1
666,320,1
665,320,1
664,320,1
663,321,1
662,321,1
661,321,1
660,321,1
659,321,1
658,321,1
657,321,1
656,322,1
655,322,1
654,322,1
653,322,1
652,322,1
651,322,1
650,322,1
649,323,1
648,323,1
647,323,1
646,323,1
645,323,1
644,323,1
643,323,1
642,324,1
641,324,1
640,324,1
639,324,1
638,324,1
637,324,1
636,324,1
635,325,1
634,325,1
633,325,1
632,325,1
631,325,1
630,325,1
629,325,1
628,326,1
627,326,1
626,326,1
625,326,1
624,326,1
623,326,1
622,326,1
621,326,1
620,327,1
619,327,1
618,327,1
617,327,1
616,327,1
615,327,1
614,327,1
613,328,1
612,328,1
611,328,1
610,328,1
609,328,1
608,328,1
607,328,1
606,329,1
605,329,1
604,329,1
603,329,1
602,329,1
601,329,1
600,329,1
599,330,1
598,330,1
597,330,1
596,330,1
595,330,1
594,330,1
593,331,1
592,331,1
591,331,1
590,331,1
589,331,1
588,331,1
587,331,1
586,332,1
585,332,1
584,332,1
583,332,1
582,332,1
581,332,1
580,332,1
579,333,1
578,333,1
577,333,1
576,333,1
575,333,1
574,333,1
573,333,1
572,334,1
571,334,1
570,334,1
569,334,1
568,334,1
567,334,1
566,335,1
565,335,1
564,335,1
563,335,1
562,335,1
561,335,1
560,335,1
559,335,1
558,336,1
557,336,1
556,336,1
555,336,1
554,336,1
553,336,1
552,336,1
551,337,1
550,337,1
549,337,1
548,337,1
547,337,1
546,337,1
545,338,1
544,338,1
543,338,1
542,338,1
541,338,1
540,338,1
539,338,1
538,339,1
537,339,1
536,339,1
535,339,1
534,339,1
533,339,1
532,339,1
531,340,1
530,340,1
529,340,1
528,340,1
527,340,1
526,340,1
525,341,1
524,341,1
523,341,1
522,341,1
521,341,1
520,341,1
519,341,1
518,342,1
517,342,1
516,342,1
515,342,1
514,342,1
513,342,1
512,342,1
512,343,1
511,343,1
510,343,1
509,343,1
508,343,1
507,343,1
506,343,1
505,344,1
504,344,1
503,344,1
502,344,1
501,344,1
500,344,1
499,344,1
498,344,1
498,345,1
497,345,1
496,345,1
495,345,1
494,345,1
493,345,1
492,346,1
491,346,1
490,346,1
489,346,1
488,346,1
487,346,1
486,347,1
485,347,1
484,347,1
483,347,1
482,347,1
482,348,1
481,348,1
480,348,1
481,348,1
482,348,1
483,348,1
483,348,0
