151,295,1
152,295,1
153,294,1
154,294,1
155,294,1
156,293,1
157,293,1
158,293,1
159,293,1
160,292,1
161,292,1
162,292,1
163,292,1
164,292,1
165,292,1
166,291,1
167,292,1
168,291,1
169,291,1
170,291,1
171,291,1
172,292,1
173,292,1
174,292,1
175,292,1
176,292,1
177,292,1
178,293,1
179,293,1
180,293,1
181,294,1
182,294,1
183,294,1
183,295,1
184,295,1
185,296,1
186,296,1
186,297,1
187,297,1
188,298,1
189,298,1
190,299,1
191,300,1
192,300,1
192,301,1
193,302,1
194,302,1
195,303,1
195,304,1
196,304,1
197,305,1
197,306,1
198,306,1
199,307,1
199,308,1
200,308,1
201,309,1
201,310,1
202,311,1
203,311,1
203,312,1
204,313,1
205,314,1
206,315,1
207,316,1
207,317,1
208,317,1
209,318,1
209,319,1
210,319,1
210,320,1
211,321,1
211,322,1
212,322,1
213,323,1
213,324,1
214,324,1
214,325,1
215,326,1
216,326,1
216,327,1
217,328,1
218,329,1
219,330,1
220,331,1
221,332,1
222,333,1
223,334,1
224,335,1
225,336,1
226,336,1
226,337,1
227,338,1
244,381,1
243,382,1
243,383,1
242,384,1
241,384,1
241,385,1
240,386,1
239,386,1
239,387,1
238,388,1
237,388,1
236,389,1
236,390,1
235,390,1
234,391,1
233,391,1
232,392,1
231,393,1
230,394,1
229,394,1
228,395,1
227,395,1
227,396,1
226,396,1
225,397,1
224,397,1
223,398,1
222,398,1
221,399,1
220,399,1
219,400,1
218,400,1
217,401,1
216,401,1
215,402,1
214,402,1
213,402,1
212,403,1
211,403,1
210,404,1
209,404,1
208,404,1
207,405,1
206,405,1
205,406,1
204,406,1
203,406,1
202,406,1
201,407,1
200,407,1
199,407,1
198,407,1
197,407,1
196,407,1
228,369,0
244,336,1
245,336,1
246,335,1
247,335,1
248,334,1
249,334,1
250,334,1
250,333,1
251,333,1
252,333,1
253,332,1
254,332,1
255,332,1
256,331,1
257,331,1
258,330,1
259,330,1
260,329,1
261,329,1
262,329,1
298,304,1
298,305,1
298,306,1
298,307,1
298,308,1
298,309,1
298,310,1
299,311,1
299,312,1
299,313,1
299,314,1
299,315,1
299,316,1
300,317,1
300,318,1
300,319,1
300,320,1
301,321,1
301,322,1
301,323,1
301,324,1
302,324,1
302,325,1
302,326,1
302,327,1
303,328,1
303,329,1
303,330,1
304,331,1
304,332,1
304,333,1
305,334,1
305,335,1
305,336,1
306,337,1
306,338,1
306,339,1
307,339,1
307,340,1
308,341,1
308,342,1
308,343,1
309,344,1
309,345,1
310,345,1
310,346,1
311,347,1
311,348,1
312,349,1
312,350,1
313,350,1
313,351,1
314,352,1
314,353,1
315,353,1
316,354,1
316,355,1
317,356,1
318,357,1
319,358,1
319,359,1
320,360,1
321,360,1
322,361,1
323,361,1
323,362,1
324,362,1
325,362,1
326,363,1
327,363,1
328,362,1
329,362,1
330,361,1
381,310,0
445,253,1
444,254,1
443,255,1
442,256,1
441,257,1
440,258,1
439,259,1
439,260,1
438,260,1
437,261,1
437,262,1
436,263,1
435,263,1
435,264,1
434,265,1
434,266,1
433,267,1
432,268,1
432,269,1
431,270,1
431,271,1
430,271,1
430,272,1
429,273,1
429,274,1
428,275,1
428,276,1
427,277,1
427,278,1
427,279,1
426,280,1
426,281,1
426,282,1
426,283,1
425,284,1
425,285,1
425,286,1
425,287,1
425,288,1
425,289,1
425,290,1
425,291,1
425,292,1
425,293,1
426,294,1
426,295,1
427,296,1
427,297,1
428,298,1
428,299,1
429,299,1
429,300,1
430,300,1
430,301,1
431,301,1
431,302,1
432,302,1
433,303,1
434,303,1
435,304,1
436,304,1
437,304,1
438,304,1
439,304,1
440,304,1
441,304,1
442,304,1
443,304,1
444,304,1
445,304,1
446,303,1
447,303,1
448,303,1
449,302,1
450,302,1
451,302,1
451,301,1
452,301,1
453,300,1
454,300,1
455,300,1
455,299,1
456,299,1
457,298,1
458,297,1
459,296,1
460,296,1
461,295,1
461,294,1
462,294,1
463,293,1
464,292,1
465,291,1
466,290,1
467,289,1
468,288,1
468,287,1
469,287,1
470,286,1
470,285,1
471,284,1
472,284,1
472,283,1
473,282,1
473,281,1
474,281,1
475,280,1
475,279,1
476,278,1
477,277,1
477,276,1
478,275,1
478,274,1
479,274,1
480,273,1
480,272,1
481,272,1
481,271,1
482,271,1
482,270,1
483,270,1
483,269,1
484,269,1
484,268,1
485,268,1
486,268,1
487,268,1
488,268,1
488,269,1
489,270,1
489,271,1
489,272,1
490,273,1
490,274,1
490,275,1
490,276,1
490,277,1
490,278,1
490,279,1
490,280,1
490,281,1
490,282,1
490,283,1
490,284,1
491,285,1
491,286,1
491,287,1
491,288,1
491,289,1
491,290,1
491,291,1
491,292,1
491,293,1
491,294,1
492,294,1
492,295,1
492,296,1
492,297,1
492,298,1
492,299,1
492,300,1
492,301,1
493,302,1
493,303,1
493,304,1
493,305,1
493,306,1
494,307,1
494,308,1
494,309,1
494,310,1
494,311,1
495,312,1
495,313,1
495,314,1
495,315,1
496,316,1
496,317,1
496,318,1
497,319,1
497,320,1
497,321,1
498,322,1
498,323,1
499,324,1
499,325,1
499,326,1
500,327,1
500,328,1
501,328,1
501,329,1
502,330,1
502,331,1
503,332,1
503,333,1
504,334,1
504,335,1
505,335,1
505,336,1
506,337,1
506,338,1
507,339,1
508,340,1
509,341,1
510,342,1
511,342,1
512,343,1
513,342,1
494,316,0
474,294,1
475,294,1
476,294,1
477,294,1
478,294,1
479,295,1
480,295,1
481,295,1
482,296,1
483,296,1
484,296,1
485,296,1
486,297,1
487,297,1
488,298,1
489,298,1
490,298,1
491,299,1
492,299,1
493,299,1
493,300,1
494,300,1
495,300,1
496,301,1
497,301,1
498,301,1
499,302,1
500,302,1
501,303,1
502,303,1
503,303,1
503,304,1
504,304,1
505,305,1
506,305,1
507,306,1
508,306,1
509,307,1
510,307,1
511,308,1
508,354,0
518,397,1
518,398,1
517,399,1
517,400,1
516,400,1
515,401,1
514,402,1
514,403,1
513,404,1
512,404,1
511,405,1
510,406,1
510,407,1
509,407,1
508,408,1
507,409,1
506,409,1
505,410,1
504,411,1
503,412,1
502,412,1
501,413,1
500,413,1
499,414,1
499,415,1
498,415,1
497,416,1
496,416,1
495,417,1
494,417,1
493,418,1
492,418,1
492,419,1
491,419,1
490,420,1
489,420,1
488,421,1
487,421,1
486,422,1
485,422,1
484,423,1
483,423,1
482,424,1
481,424,1
480,425,1
479,425,1
478,426,1
477,426,1
476,426,1
475,427,1
474,427,1
473,427,1
472,428,1
471,428,1
470,428,1
469,429,1
468,429,1
467,430,1
466,430,1
465,430,1
464,431,1
463,431,1
462,431,1
461,431,1
460,431,1
459,432,1
458,432,1
457,432,1
456,432,1
455,432,1
454,432,1
453,433,1
452,433,1
451,433,1
450,433,1
449,433,1
448,432,1
447,432,1
446,432,1
446,431,1
445,431,1
445,431,0
476,380,0
581,265,1
581,266,1
581,267,1
581,268,1
582,268,1
582,269,1
583,270,1
583,271,1
584,271,1
585,272,1
586,273,1
587,274,1
588,274,1
589,275,1
590,275,1
591,276,1
592,276,1
593,276,1
594,277,1
595,277,1
596,277,1
596,278,1
597,278,1
598,278,1
599,278,1
600,278,1
601,279,1
602,279,1
603,279,1
604,279,1
605,279,1
606,279,1
607,279,1
608,278,1
609,278,1
610,278,1
611,278,1
612,277,1
613,277,1
614,276,1
615,276,1
616,275,1
617,275,1
618,274,1
619,274,1
619,273,1
620,273,1
621,272,1
622,271,1
623,271,1
623,270,1
624,270,1
624,269,1
625,269,1
625,268,1
626,267,1
627,267,1
627,266,1
628,266,1
628,265,1
629,265,1
629,264,1
630,263,1
631,262,1
632,261,1
633,260,1
633,259,1
634,259,1
634,258,1
635,258,1
635,257,1
636,256,1
637,255,1
638,254,1
639,253,1
640,252,1
641,251,1
642,250,1
643,249,1
644,249,1
644,248,1
645,248,1
645,247,1
646,247,1
647,246,1
648,246,1
649,245,1
650,245,1
650,244,1
651,244,1
652,244,1
653,243,1
654,243,1
655,242,1
656,242,1
657,242,1
658,242,1
658,241,1
659,241,1
660,241,1
661,241,1
662,241,1
663,241,1
664,241,1
665,241,1
666,241,1
667,241,1
668,241,1
669,241,1
670,242,1
671,242,1
672,243,1
673,243,1
673,244,1
674,244,1
675,244,1
675,245,1
676,245,1
676,246,1
677,247,1
678,248,1
678,249,1
679,249,1
679,250,1
680,251,1
680,252,1
681,253,1
681,254,1
681,255,1
681,256,1
682,257,1
682,258,1
682,259,1
682,260,1
682,261,1
682,262,1
682,263,1
682,264,1
682,265,1
682,266,1
682,267,1
682,268,1
683,269,1
683,270,1
683,271,1
683,272,1
683,273,1
683,274,1
683,275,1
683,276,1
683,277,1
683,278,1
683,279,1
683,280,1
683,281,1
683,282,1
683,283,1
683,284,1
684,285,1
684,286,1
684,287,1
684,288,1
684,289,1
684,290,1
684,291,1
685,292,1
685,293,1
685,294,1
685,295,1
686,296,1
686,297,1
686,298,1
687,299,1
687,300,1
687,301,1
687,302,1
688,303,1
688,304,1
689,305,1
689,306,1
689,307,1
690,308,1
690,309,1
691,309,1
691,310,1
691,311,1
692,311,1
692,312,1
693,313,1
693,314,1
694,315,1
695,316,1
695,317,1
696,318,1
696,319,1
697,319,1
698,320,1
699,320,1
700,319,1
700,318,1
700,317,1
700,316,1
739,283,0
790,243,1
789,243,1
788,244,1
787,244,1
786,244,1
785,245,1
784,245,1
783,245,1
782,246,1
781,246,1
781,247,1
780,247,1
779,248,1
778,248,1
777,248,1
776,249,1
775,249,1
774,250,1
773,250,1
772,250,1
771,251,1
770,252,1
769,252,1
768,253,1
767,253,1
766,254,1
765,254,1
764,255,1
763,256,1
762,256,1
762,257,1
761,257,1
760,258,1
759,259,1
759,260,1
758,260,1
758,261,1
757,261,1
757,262,1
757,263,1
757,264,1
757,265,1
757,266,1
758,266,1
758,267,1
759,267,1
759,268,1
760,269,1
761,269,1
762,270,1
763,271,1
764,271,1
765,272,1
766,272,1
767,272,1
767,273,1
768,273,1
769,273,1
770,274,1
771,274,1
772,275,1
773,275,1
774,275,1
775,275,1
776,276,1
777,276,1
778,276,1
779,277,1
780,277,1
781,277,1
781,278,1
782,278,1
783,278,1
784,278,1
785,279,1
786,279,1
787,279,1
788,280,1
789,280,1
790,280,1
791,281,1
792,281,1
793,281,1
793,282,1
794,282,1
795,282,1
796,283,1
797,283,1
798,283,1
799,284,1
800,284,1
801,284,1
802,285,1
803,286,1
804,286,1
805,286,1
806,287,1
807,287,1
808,287,1
809,288,1
810,289,1
811,289,1
812,290,1
813,290,1
814,290,1
815,291,1
816,291,1
816,292,1
817,292,1
818,293,1
819,293,1
820,294,1
821,294,1
822,295,1
823,296,1
824,297,1
825,297,1
826,298,1
827,298,1
828,299,1
829,299,1
830,300,1
831,301,1
832,301,1
833,302,1
834,303,1
835,303,1
836,304,1
837,305,1
838,306,1
839,306,1
840,307,1
841,308,1
842,308,1
843,309,1
844,310,1
845,311,1
846,311,1
847,312,1
848,312,1
848,313,1
849,314,1
850,314,1
851,315,1
852,316,1
853,316,1
854,317,1
855,318,1
856,319,1
857,319,1
858,320,1
859,321,1
860,322,1
861,322,1
862,323,1
863,324,1
864,324,1
865,325,1
866,326,1
867,326,1
868,327,1
869,328,1
870,328,1
870,329,1
871,329,1
872,330,1
873,330,1
874,331,1
875,331,1
876,332,1
877,332,1
877,333,1
878,334,1
879,334,1
880,335,1
881,335,1
882,335,1
883,336,1
884,337,1
885,337,1
886,338,1
887,338,1
888,339,1
889,339,1
890,339,1
890,340,1
891,340,1
892,340,1
893,341,1
894,341,1
895,342,1
896,342,1
897,342,1
898,343,1
899,343,1
900,343,1
901,344,1
902,344,1
903,344,1
904,345,1
905,345,1
906,345,1
907,345,1
908,346,1
909,346,1
910,346,1
911,346,1
912,346,1
913,346,1
914,347,1
915,347,1
916,347,1
917,347,1
918,347,1
919,347,1
920,347,1
921,347,1
922,347,1
923,347,1
924,347,1
925,347,1
926,348,1
927,348,1
928,348,1
929,347,1
930,347,1
931,347,1
932,347,1
933,347,1
934,347,1
935,347,1
936,347,1
937,347,1
938,347,1
939,347,1
940,347,1
941,346,1
942,346,1
943,346,1
944,346,1
945,346,1
946,346,1
947,346,1
948,345,1
949,345,1
950,345,1
951,345,1
952,345,1
953,345,1
954,344,1
955,344,1
956,344,1
957,344,1
958,343,1
959,343,1
960,343,1
961,342,1
962,342,1
963,342,1
964,342,1
965,341,1
966,341,1
967,340,1
968,340,1
969,339,1
970,339,1
971,339,1
972,339,1
972,338,1
973,338,1
974,337,1
975,337,1
976,336,1
977,336,1
977,335,1
978,335,1
979,334,1
980,334,1
980,333,1
981,332,1
981,331,1
981,330,1
908,235,0
847,133,1
846,133,1
845,133,1
844,134,1
843,134,1
842,134,1
841,134,1
840,134,1
839,135,1
838,135,1
837,135,1
836,135,1
835,135,1
834,136,1
833,136,1
832,136,1
831,136,1
830,136,1
829,137,1
828,137,1
827,137,1
826,137,1
825,137,1
824,137,1
823,138,1
822,138,1
821,138,1
820,138,1
819,138,1
818,139,1
817,139,1
816,139,1
815,139,1
814,139,1
813,139,1
812,139,1
811,140,1
810,140,1
809,140,1
808,140,1
807,140,1
806,140,1
806,141,1
805,141,1
804,141,1
803,141,1
802,141,1
801,141,1
800,141,1
799,142,1
798,142,1
797,142,1
796,142,1
795,142,1
794,142,1
793,142,1
792,143,1
791,143,1
790,143,1
789,143,1
788,143,1
787,143,1
786,143,1
785,143,1
784,143,1
783,144,1
782,144,1
781,144,1
780,144,1
779,144,1
778,144,1
777,144,1
776,144,1
775,145,1
774,145,1
773,145,1
772,145,1
771,145,1
770,145,1
769,145,1
768,145,1
767,146,1
766,146,1
765,146,1
764,146,1
763,146,1
762,146,1
761,146,1
760,146,1
759,146,1
758,147,1
757,147,1
756,147,1
755,147,1
754,147,1
753,147,1
752,148,1
751,148,1
750,148,1
749,148,1
748,148,1
747,148,1
746,148,1
745,148,1
744,149,1
743,149,1
742,149,1
741,149,1
740,149,1
739,149,1
738,150,1
737,150,1
736,150,1
735,150,1
734,150,1
733,150,1
732,151,1
731,151,1
730,151,1
729,151,1
728,151,1
727,151,1
726,151,1
725,151,1
725,152,1
724,152,1
723,152,1
722,152,1
721,152,1
720,152,1
719,152,1
718,153,1
717,153,1
716,153,1
715,153,1
714,153,1
713,153,1
712,154,1
711,154,1
710,154,1
709,154,1
708,154,1
707,154,1
706,154,1
705,155,1
704,155,1
703,155,1
702,155,1
701,155,1
700,155,1
699,155,1
698,155,1
697,155,1
696,156,1
695,156,1
694,156,1
693,156,1
692,156,1
691,156,1
690,156,1
689,157,1
688,157,1
687,157,1
686,157,1
685,157,1
684,157,1
683,157,1
682,157,1
681,157,1
681,158,1
680,158,1
679,158,1
678,158,1
677,158,1
676,158,1
675,158,1
674,158,1
673,159,1
672,159,1
671,159,1
670,159,1
669,159,1
668,160,1
667,160,1
666,160,1
665,160,1
664,160,1
663,160,1
662,160,1
661,161,1
660,161,1
659,161,1
658,161,1
657,161,1
656,161,1
656,162,1
655,162,1
654,162,1
653,162,1
652,162,1
651,162,1
650,162,1
649,163,1
648,163,1
647,163,1
646,163,1
645,163,1
644,163,1
644,164,1
643,164,1
642,164,1
641,164,1
640,164,1
639,164,1
638,164,1
637,165,1
636,165,1
635,165,1
634,165,1
633,165,1
632,165,1
631,166,1
630,166,1
629,166,1
628,166,1
627,166,1
626,167,1
625,167,1
624,167,1
623,167,1
622,167,1
621,167,1
620,167,1
619,167,1
619,168,1
618,168,1
617,168,1
616,168,1
615,168,1
614,168,1
613,168,1
612,169,1
611,169,1
610,169,1
609,169,1
608,169,1
607,169,1
606,169,1
605,170,1
604,170,1
603,170,1
602,170,1
601,170,1
600,170,1
599,170,1
598,171,1
597,171,1
596,171,1
595,171,1
594,171,1
593,171,1
592,172,1
591,172,1
590,172,1
589,172,1
588,172,1
587,172,1
586,173,1
585,173,1
584,173,1
583,173,1
582,173,1
581,173,1
581,174,1
580,174,1
579,174,1
578,174,1
577,174,1
576,175,1
575,175,1
574,175,1
573,175,1
572,175,1
571,175,1
570,176,1
569,176,1
568,176,1
567,176,1
566,176,1
565,177,1
564,177,1
563,177,1
562,177,1
561,177,1
560,178,1
559,178,1
558,178,1
557,178,1
556,178,1
555,179,1
554,179,1
553,179,1
552,179,1
551,179,1
550,179,1
549,180,1
548,180,1
547,180,1
546,180,1
545,180,1
544,180,1
543,181,1
542,181,1
541,181,1
540,181,1
539,181,1
538,181,1
537,182,1
536,182,1
535,182,1
534,182,1
533,182,1
532,182,1
531,183,1
530,183,1
529,183,1
528,183,1
527,183,1
526,184,1
525,184,1
524,184,1
523,184,1
522,184,1
521,184,1
520,185,1
519,185,1
518,185,1
517,185,1
516,186,1
515,186,1
514,186,1
513,186,1
512,186,1
511,187,1
510,187,1
509,187,1
508,187,1
507,187,1
506,188,1
505,188,1
504,188,1
503,188,1
502,189,1
501,189,1
500,189,1
499,189,1
498,189,1
497,190,1
496,190,1
495,190,1
494,190,1
493,191,1
492,191,1
491,191,1
490,191,1
489,191,1
488,191,1
487,192,1
486,192,1
485,192,1
484,192,1
483,192,1
482,193,1
481,193,1
480,193,1
479,193,1
478,193,1
477,194,1
476,194,1
475,194,1
474,194,1
473,194,1
472,194,1
471,195,1
470,195,1
469,195,1
468,195,1
467,196,1
466,196,1
465,196,1
464,196,1
463,196,1
462,196,1
461,197,1
460,197,1
459,197,1
458,197,1
457,197,1
456,197,1
456,198,1
455,198,1
454,198,1
453,198,1
452,199,1
451,199,1
450,199,1
449,199,1
448,199,1
447,200,1
446,200,1
445,200,1
444,200,1
443,201,1
442,201,1
441,201,1
440,201,1
439,201,1
438,202,1
437,202,1
436,202,1
435,202,1
434,202,1
433,203,1
432,203,1
431,203,1
430,203,1
429,204,1
428,204,1
427,204,1
426,204,1
425,204,1
424,205,1
423,205,1
422,205,1
421,205,1
420,205,1
419,206,1
418,206,1
417,206,1
416,206,1
415,206,1
415,207,1
414,207,1
413,207,1
412,207,1
411,207,1
410,207,1
409,208,1
408,208,1
407,208,1
406,208,1
405,209,1
404,209,1
403,209,1
402,209,1
401,209,1
400,210,1
399,210,1
398,210,1
397,210,1
396,210,1
395,211,1
394,211,1
393,211,1
392,212,1
391,212,1
390,212,1
389,212,1
388,212,1
387,213,1
386,213,1
385,213,1
384,213,1
383,214,1
382,214,1
381,214,1
380,214,1
379,215,1
378,215,1
377,215,1
376,215,1
375,216,1
374,216,1
373,216,1
372,216,1
371,216,1
370,217,1
369,217,1
368,217,1
367,217,1
366,218,1
365,218,1
364,218,1
363,218,1
362,218,1
361,219,1
360,219,1
359,219,1
358,219,1
357,219,1
356,220,1
355,220,1
354,220,1
353,220,1
352,221,1
351,221,1
350,221,1
349,221,1
348,221,1
347,222,1
346,222,1
345,222,1
344,222,1
344,223,1
343,223,1
342,223,1
341,223,1
340,223,1
339,224,1
338,224,1
337,224,1
336,224,1
335,225,1
334,225,1
333,225,1
332,225,1
331,226,1
330,226,1
329,226,1
328,226,1
327,227,1
326,227,1
325,227,1
324,227,1
323,228,1
322,228,1
321,228,1
320,228,1
319,228,1
319,229,1
318,229,1
317,229,1
316,229,1
315,230,1
314,230,1
313,230,1
312,230,1
311,230,1
310,231,1
309,231,1
308,231,1
307,231,1
306,232,1
305,232,1
304,232,1
303,232,1
302,232,1
301,233,1
300,233,1
299,233,1
298,233,1
298,234,1
297,234,1
296,234,1
295,234,1
294,234,1
293,235,1
292,235,1
291,235,1
290,235,1
290,236,1
289,236,1
288,236,1
287,236,1
286,236,1
285,237,1
284,237,1
283,237,1
282,237,1
281,238,1
280,238,1
279,238,1
278,239,1
277,239,1
276,239,1
275,239,1
274,240,1
273,240,1
272,240,1
271,240,1
270,240,1
269,241,1
268,241,1
267,241,1
266,242,1
265,242,1
264,242,1
263,242,1
262,242,1
261,243,1
260,243,1
259,243,1
258,243,1
257,243,1
256,244,1
255,244,1
254,244,1
253,245,1
252,245,1
251,245,1
250,245,1
249,245,1
248,246,1
247,246,1
246,246,1
245,246,1
244,246,1
244,247,1
243,247,1
242,247,1
241,247,1
240,247,1
239,248,1
238,248,1
237,248,1
236,248,1
235,248,1
234,249,1
233,249,1
232,249,1
231,249,1
231,250,1
230,250,1
229,250,1
228,250,1
227,250,1
226,250,1
226,250,0
