175,406,1
176,406,1
177,405,1
178,405,1
179,405,1
180,404,1
181,404,1
182,404,1
182,403,1
183,403,1
184,403,1
185,402,1
186,402,1
187,402,1
188,401,1
189,401,1
190,401,1
191,401,1
192,400,1
193,400,1
194,400,1
195,400,1
196,400,1
197,399,1
198,399,1
199,399,1
200,399,1
201,399,1
202,399,1
203,399,1
204,399,1
205,398,1
206,398,1
207,398,1
208,398,1
209,398,1
210,398,1
211,398,1
212,398,1
213,398,1
214,398,1
215,398,1
216,398,1
217,398,1
218,398,1
219,398,1
220,398,1
221,398,1
222,398,1
223,398,1
224,398,1
225,399,1
226,399,1
227,399,1
228,399,1
229,400,1
230,400,1
231,400,1
232,400,1
232,401,1
233,401,1
234,401,1
235,402,1
236,402,1
237,402,1
237,403,1
238,403,1
239,403,1
240,404,1
241,404,1
241,405,1
242,405,1
243,406,1
244,406,1
244,407,1
245,407,1
246,408,1
247,409,1
248,409,1
249,410,1
250,411,1
251,411,1
251,412,1
252,413,1
253,414,1
254,414,1
254,415,1
255,416,1
256,417,1
257,418,1
258,419,1
258,420,1
259,420,1
259,421,1
260,422,1
261,422,1
261,423,1
262,424,1
263,425,1
263,426,1
264,427,1
265,428,1
265,429,1
266,429,1
266,430,1
267,431,1
267,432,1
268,432,1
268,433,1
269,434,1
269,435,1
270,435,1
270,436,1
271,437,1
271,438,1
272,439,1
272,440,1
273,441,1
273,442,1
274,442,1
274,443,1
274,444,1
275,445,1
275,446,1
276,447,1
276,448,1
276,449,1
277,450,1
277,451,1
277,452,1
278,453,1
278,454,1
278,455,1
278,456,1
278,457,1
279,457,1
255,501,1
254,502,1
253,503,1
252,503,1
251,504,1
250,505,1
249,506,1
248,506,1
247,507,1
246,508,1
245,508,1
244,509,1
243,509,1
242,510,1
242,511,1
241,511,1
240,512,1
239,512,1
238,513,1
237,513,1
236,514,1
235,515,1
234,515,1
234,516,1
233,516,1
232,517,1
231,517,1
230,518,1
264,479,0
276,452,1
277,452,1
278,451,1
279,451,1
280,451,1
281,450,1
282,449,1
283,449,1
284,449,1
285,448,1
286,448,1
287,448,1
288,447,1
289,447,1
290,446,1
291,446,1
292,445,1
293,445,1
294,444,1
295,444,1
296,443,1
297,443,1
298,442,1
299,442,1
300,441,1
301,440,1
302,440,1
303,439,1
304,439,1
305,439,1
306,438,1
307,438,1
307,437,1
308,437,1
309,436,1
310,436,1
311,435,1
312,435,1
312,434,1
313,433,1
314,433,1
315,432,1
316,432,1
316,431,1
317,431,1
318,430,1
319,430,1
319,429,1
320,428,1
321,428,1
322,427,1
323,426,1
324,425,1
325,425,1
325,424,1
326,424,1
327,423,1
327,422,1
328,422,1
329,421,1
330,421,1
330,420,1
331,419,1
332,419,1
332,418,1
333,418,1
334,417,1
335,416,1
336,416,1
336,415,1
337,415,1
338,415,1
338,414,1
339,414,1
340,414,1
340,413,1
341,413,1
342,413,1
343,413,1
344,413,1
345,413,1
346,413,1
347,413,1
348,413,1
348,414,1
349,414,1
350,414,1
350,415,1
351,416,1
352,416,1
352,417,1
353,417,1
353,418,1
353,419,1
354,419,1
354,420,1
355,421,1
355,422,1
356,423,1
356,424,1
357,424,1
357,425,1
357,426,1
358,427,1
358,428,1
358,429,1
359,429,1
359,430,1
359,431,1
360,432,1
360,433,1
360,434,1
361,435,1
361,436,1
362,436,1
362,437,1
362,438,1
363,439,1
363,440,1
364,441,1
364,442,1
365,443,1
365,444,1
366,445,1
366,446,1
367,447,1
367,448,1
368,449,1
368,450,1
369,451,1
370,452,1
370,453,1
371,454,1
371,455,1
372,456,1
372,457,1
373,458,1
373,459,1
374,460,1
374,461,1
375,461,1
375,462,1
376,463,1
377,464,1
377,465,1
378,466,1
379,467,1
380,468,1
380,469,1
381,470,1
382,471,1
383,472,1
383,473,1
384,473,1
385,474,1
445,409,0
525,348,1
524,348,1
523,349,1
522,349,1
521,350,1
520,350,1
519,351,1
518,352,1
517,352,1
516,353,1
515,353,1
514,354,1
513,354,1
512,355,1
511,355,1
510,356,1
509,356,1
508,357,1
507,358,1
506,359,1
505,359,1
505,360,1
504,361,1
503,361,1
503,362,1
502,363,1
501,363,1
501,364,1
500,364,1
499,365,1
499,366,1
498,366,1
497,367,1
497,368,1
496,368,1
495,369,1
495,370,1
494,371,1
493,372,1
493,373,1
492,374,1
492,375,1
491,376,1
491,377,1
491,378,1
490,379,1
490,380,1
490,381,1
490,382,1
490,383,1
490,384,1
491,385,1
491,386,1
492,387,1
492,388,1
493,388,1
493,389,1
494,390,1
495,390,1
495,391,1
496,391,1
497,391,1
498,392,1
499,392,1
500,392,1
501,392,1
502,392,1
503,392,1
504,392,1
505,392,1
506,392,1
507,392,1
508,391,1
509,391,1
510,391,1
511,390,1
512,390,1
513,390,1
514,389,1
515,389,1
516,388,1
517,388,1
518,387,1
519,387,1
520,386,1
521,385,1
522,385,1
523,384,1
524,384,1
524,383,1
525,382,1
526,382,1
527,381,1
528,380,1
529,380,1
530,379,1
530,378,1
531,378,1
532,377,1
533,376,1
534,375,1
535,375,1
535,374,1
536,374,1
537,373,1
538,372,1
539,372,1
540,371,1
541,371,1
542,370,1
543,370,1
544,370,1
545,370,1
546,370,1
547,370,1
548,371,1
549,371,1
549,372,1
550,373,1
551,374,1
551,375,1
551,376,1
552,376,1
552,377,1
552,378,1
553,379,1
553,380,1
553,381,1
553,382,1
554,383,1
554,384,1
554,385,1
554,386,1
554,387,1
554,388,1
555,389,1
555,390,1
555,391,1
555,392,1
555,393,1
555,394,1
556,395,1
556,396,1
556,397,1
556,398,1
557,399,1
557,400,1
557,401,1
557,402,1
558,403,1
558,404,1
558,405,1
558,406,1
559,407,1
559,408,1
559,409,1
559,410,1
559,411,1
560,412,1
560,413,1
560,414,1
560,415,1
561,416,1
561,417,1
561,418,1
562,419,1
562,420,1
563,421,1
563,422,1
564,423,1
564,424,1
565,425,1
565,426,1
565,427,1
566,428,1
566,429,1
567,430,1
567,431,1
550,409,0
530,388,1
531,389,1
532,389,1
533,390,1
533,391,1
534,392,1
535,393,1
536,394,1
537,395,1
564,432,0
596,469,1
596,470,1
596,471,1
596,472,1
596,473,1
595,474,1
595,475,1
594,475,1
594,476,1
593,477,1
592,478,1
591,478,1
591,479,1
590,480,1
589,480,1
588,481,1
587,482,1
586,482,1
586,483,1
585,483,1
584,484,1
583,484,1
582,485,1
581,485,1
580,486,1
579,486,1
578,487,1
577,488,1
576,488,1
575,489,1
574,489,1
574,490,1
573,490,1
572,491,1
571,491,1
570,492,1
569,492,1
568,493,1
567,493,1
566,494,1
565,495,1
564,495,1
563,495,1
562,496,1
561,496,1
560,497,1
559,497,1
558,497,1
557,498,1
556,498,1
555,499,1
554,499,1
553,500,1
552,500,1
551,501,1
550,501,1
549,501,1
548,502,1
547,502,1
546,502,1
545,503,1
544,503,1
543,503,1
543,504,1
542,504,1
541,504,1
540,505,1
539,505,1
538,506,1
537,506,1
536,506,1
535,507,1
534,507,1
533,507,1
532,507,1
531,508,1
530,508,1
529,508,1
528,509,1
527,509,1
526,510,1
525,510,1
524,510,1
523,511,1
522,511,1
521,511,1
520,511,1
519,512,1
518,512,1
517,512,1
516,512,1
515,513,1
514,513,1
513,513,1
512,513,1
511,513,1
510,513,1
509,514,1
508,513,1
508,513,0
566,486,0
606,358,1
606,359,1
607,360,1
607,361,1
608,361,1
608,362,1
609,363,1
609,364,1
610,364,1
611,365,1
611,366,1
612,366,1
613,367,1
614,367,1
615,368,1
616,369,1
617,369,1
618,369,1
619,370,1
620,370,1
621,370,1
622,370,1
623,370,1
624,370,1
625,370,1
626,370,1
627,371,1
628,371,1
629,371,1
630,371,1
631,371,1
632,371,1
633,371,1
634,372,1
635,371,1
636,371,1
637,371,1
638,371,1
639,371,1
640,371,1
641,371,1
642,371,1
643,370,1
644,370,1
645,370,1
646,369,1
647,369,1
648,369,1
649,368,1
650,368,1
651,367,1
652,366,1
653,366,1
654,366,1
655,365,1
655,364,1
656,364,1
657,363,1
658,363,1
659,362,1
660,361,1
661,361,1
661,360,1
662,359,1
663,359,1
664,358,1
665,357,1
666,356,1
667,355,1
668,355,1
668,354,1
669,353,1
670,353,1
670,352,1
671,351,1
672,350,1
672,349,1
673,349,1
674,348,1
674,347,1
675,347,1
675,346,1
676,345,1
677,344,1
677,343,1
678,343,1
679,342,1
679,341,1
680,341,1
680,340,1
681,339,1
682,338,1
683,338,1
683,337,1
684,336,1
685,335,1
686,334,1
687,334,1
687,333,1
688,333,1
689,333,1
689,332,1
690,332,1
691,331,1
692,331,1
693,330,1
694,330,1
695,330,1
695,329,1
696,329,1
697,329,1
698,329,1
699,328,1
700,328,1
701,328,1
702,328,1
703,328,1
704,328,1
705,328,1
706,328,1
707,328,1
708,328,1
709,328,1
709,329,1
710,329,1
711,329,1
712,329,1
713,330,1
714,330,1
715,330,1
715,331,1
716,331,1
717,332,1
718,332,1
718,333,1
719,333,1
720,334,1
721,335,1
722,335,1
722,336,1
723,337,1
724,337,1
724,338,1
725,338,1
725,339,1
726,340,1
727,340,1
727,341,1
728,342,1
728,343,1
729,343,1
729,344,1
730,345,1
730,346,1
731,346,1
731,347,1
732,348,1
732,349,1
733,350,1
733,351,1
733,352,1
734,352,1
734,353,1
735,354,1
735,355,1
736,356,1
736,357,1
736,358,1
737,359,1
738,360,1
738,361,1
738,362,1
739,363,1
739,364,1
739,365,1
740,366,1
740,367,1
740,368,1
741,369,1
741,370,1
741,371,1
742,371,1
742,372,1
742,373,1
743,374,1
743,375,1
743,376,1
744,377,1
744,378,1
744,379,1
745,380,1
745,381,1
745,382,1
746,383,1
746,384,1
747,385,1
747,386,1
747,387,1
748,388,1
748,389,1
748,390,1
749,391,1
749,392,1
750,393,1
751,394,1
751,395,1
752,396,1
752,397,1
752,398,1
753,399,1
753,400,1
754,400,1
754,401,1
754,402,1
755,403,1
755,404,1
756,405,1
756,406,1
757,407,1
757,408,1
758,409,1
759,410,1
759,411,1
760,412,1
761,413,1
762,414,1
763,415,1
764,416,1
765,416,1
766,416,1
767,416,1
811,358,0
876,301,1
875,301,1
874,301,1
873,302,1
872,303,1
871,303,1
870,304,1
869,304,1
868,305,1
867,305,1
866,306,1
865,306,1
864,307,1
863,307,1
862,308,1
861,308,1
860,309,1
860,310,1
859,310,1
859,311,1
859,312,1
859,313,1
858,314,1
858,315,1
857,316,1
857,317,1
857,318,1
857,319,1
857,320,1
857,321,1
857,322,1
858,322,1
858,323,1
858,324,1
859,324,1
859,325,1
860,326,1
861,327,1
862,328,1
863,329,1
864,330,1
865,330,1
866,331,1
867,332,1
868,332,1
868,333,1
869,333,1
870,334,1
871,334,1
871,335,1
872,335,1
873,336,1
874,336,1
875,336,1
875,337,1
876,337,1
877,338,1
878,338,1
879,339,1
880,339,1
880,340,1
881,340,1
882,340,1
883,341,1
884,341,1
885,342,1
886,342,1
887,343,1
888,343,1
889,344,1
890,344,1
891,345,1
892,345,1
893,346,1
894,346,1
895,347,1
896,347,1
897,348,1
898,348,1
899,348,1
900,349,1
901,350,1
902,350,1
903,351,1
904,351,1
905,352,1
906,352,1
907,353,1
908,353,1
909,354,1
910,354,1
910,355,1
911,355,1
912,356,1
913,356,1
914,357,1
915,357,1
916,358,1
917,358,1
918,359,1
918,360,1
919,360,1
920,361,1
921,361,1
922,362,1
923,362,1
924,363,1
925,363,1
925,364,1
926,365,1
927,365,1
928,366,1
929,366,1
930,367,1
931,367,1
931,368,1
932,369,1
933,369,1
934,370,1
935,370,1
936,371,1
936,372,1
937,372,1
938,373,1
939,373,1
940,374,1
941,375,1
942,376,1
943,376,1
944,377,1
944,378,1
945,378,1
946,379,1
947,379,1
948,380,1
949,381,1
950,382,1
951,382,1
952,383,1
953,384,1
954,385,1
955,385,1
956,386,1
957,387,1
958,388,1
959,388,1
960,389,1
961,390,1
962,391,1
963,392,1
964,392,1
965,393,1
966,393,1
966,394,1
967,395,1
968,395,1
969,396,1
970,396,1
971,397,1
971,398,1
972,398,1
973,399,1
974,399,1
975,400,1
976,401,1
977,402,1
978,402,1
979,403,1
980,404,1
981,404,1
982,405,1
983,406,1
984,406,1
985,407,1
986,408,1
987,408,1
988,409,1
989,409,1
990,410,1
991,411,1
992,411,1
993,412,1
994,412,1
995,413,1
996,413,1
997,414,1
998,414,1
999,415,1
1000,415,1
1001,416,1
1002,416,1
1002,417,1
1003,417,1
1004,418,1
1005,418,1
1006,419,1
1007,419,1
1008,419,1
1009,420,1
1010,420,1
1011,421,1
1012,421,1
1013,421,1
1014,422,1
1015,422,1
1016,423,1
1017,423,1
1018,423,1
1019,424,1
1020,424,1
1021,424,1
1022,425,1
1023,425,1
1024,426,1
1025,426,1
1026,426,1
1027,426,1
1028,427,1
1029,427,1
1030,427,1
1031,427,1
1032,428,1
1033,428,1
1034,428,1
1035,428,1
1036,428,1
1037,428,1
1038,429,1
1039,429,1
1040,429,1
1041,429,1
1042,429,1
1043,429,1
1044,429,1
1045,430,1
1046,430,1
1047,430,1
1048,430,1
1049,430,1
1050,430,1
1051,430,1
1052,430,1
1053,430,1
1054,430,1
1055,430,1
1056,430,1
1057,430,1
1058,430,1
1059,430,1
1060,430,1
1061,430,1
1062,430,1
1063,430,1
1064,430,1
1065,430,1
1066,430,1
1067,430,1
1068,430,1
1069,430,1
1070,430,1
1071,430,1
1072,430,1
1073,430,1
1074,429,1
1075,429,1
1076,429,1
1077,429,1
1078,429,1
1079,429,1
1080,429,1
1081,429,1
1082,428,1
1083,428,1
1084,428,1
1085,428,1
1086,428,1
1087,428,1
1088,427,1
1089,427,1
1090,427,1
1091,427,1
1091,426,1
1092,426,1
1093,426,1
1094,426,1
1095,425,1
1096,425,1
1097,425,1
1098,424,1
1099,424,1
1100,424,1
1101,423,1
1102,423,1
1103,423,1
1104,423,1
1105,422,1
1106,422,1
1107,421,1
1108,421,1
1109,420,1
1110,420,1
1111,420,1
1112,419,1
1113,419,1
1114,418,1
1115,418,1
1115,417,1
1116,417,1
1117,416,1
1118,415,1
1119,415,1
1119,414,1
1120,413,1
1120,412,1
1121,412,1
1122,411,1
997,311,0
895,200,1
894,200,1
893,200,1
892,201,1
891,201,1
890,201,1
889,201,1
888,201,1
887,202,1
886,202,1
885,202,1
884,203,1
883,203,1
882,203,1
881,203,1
880,204,1
879,204,1
878,204,1
877,204,1
876,205,1
875,205,1
874,205,1
873,205,1
872,206,1
871,206,1
870,206,1
869,206,1
868,206,1
867,207,1
866,207,1
865,207,1
864,207,1
863,208,1
862,208,1
861,208,1
860,208,1
859,209,1
858,209,1
857,209,1
856,210,1
855,210,1
854,210,1
853,210,1
852,210,1
851,211,1
850,211,1
849,211,1
848,211,1
847,212,1
846,212,1
845,212,1
844,212,1
843,213,1
842,213,1
841,213,1
840,213,1
839,213,1
838,214,1
837,214,1
836,214,1
835,214,1
834,215,1
833,215,1
832,215,1
831,216,1
830,216,1
829,216,1
828,216,1
827,217,1
826,217,1
825,217,1
824,217,1
823,218,1
822,218,1
821,218,1
820,218,1
819,218,1
818,219,1
817,219,1
816,219,1
815,219,1
814,220,1
813,220,1
812,220,1
811,220,1
810,221,1
809,221,1
808,221,1
807,221,1
806,222,1
805,222,1
804,222,1
803,222,1
802,223,1
801,223,1
800,223,1
799,223,1
798,223,1
797,224,1
796,224,1
795,224,1
794,224,1
793,225,1
792,225,1
791,225,1
790,226,1
789,226,1
788,226,1
787,226,1
786,227,1
785,227,1
784,227,1
783,227,1
782,227,1
781,228,1
780,228,1
779,228,1
778,228,1
777,229,1
776,229,1
775,229,1
774,229,1
774,230,1
773,230,1
772,230,1
771,230,1
770,230,1
769,231,1
768,231,1
767,231,1
766,231,1
765,232,1
764,232,1
763,232,1
762,232,1
761,232,1
760,233,1
759,233,1
758,233,1
757,233,1
756,234,1
755,234,1
754,234,1
753,234,1
752,235,1
751,235,1
750,235,1
749,235,1
748,235,1
747,236,1
746,236,1
745,236,1
744,236,1
743,237,1
742,237,1
741,237,1
740,237,1
739,237,1
738,238,1
737,238,1
736,238,1
735,238,1
734,239,1
733,239,1
732,239,1
731,239,1
730,240,1
729,240,1
728,240,1
727,240,1
726,240,1
725,241,1
724,241,1
723,241,1
722,241,1
721,242,1
720,242,1
719,242,1
718,242,1
717,243,1
716,243,1
715,243,1
714,243,1
713,243,1
712,244,1
711,244,1
710,244,1
709,244,1
708,245,1
707,245,1
706,245,1
705,245,1
704,245,1
703,246,1
702,246,1
701,246,1
700,246,1
699,247,1
698,247,1
697,247,1
696,248,1
695,248,1
694,248,1
693,248,1
692,248,1
691,249,1
690,249,1
689,249,1
688,249,1
687,250,1
686,250,1
685,250,1
684,250,1
683,251,1
682,251,1
681,251,1
680,251,1
679,251,1
678,252,1
677,252,1
676,252,1
675,252,1
674,253,1
673,253,1
672,253,1
671,253,1
670,253,1
669,254,1
668,254,1
667,254,1
666,254,1
665,255,1
664,255,1
663,255,1
662,255,1
661,256,1
660,256,1
659,256,1
658,256,1
657,257,1
656,257,1
655,257,1
654,257,1
653,258,1
652,258,1
651,258,1
650,258,1
649,258,1
648,259,1
647,259,1
646,259,1
645,259,1
644,260,1
643,260,1
642,260,1
641,260,1
640,260,1
639,261,1
638,261,1
637,261,1
636,261,1
635,262,1
634,262,1
633,262,1
632,263,1
631,263,1
630,263,1
629,263,1
628,264,1
627,264,1
626,264,1
625,264,1
624,264,1
623,265,1
622,265,1
621,265,1
620,265,1
619,266,1
618,266,1
617,266,1
616,267,1
615,267,1
614,267,1
613,267,1
612,267,1
611,268,1
610,268,1
609,268,1
608,268,1
607,269,1
606,269,1
605,269,1
604,269,1
603,270,1
602,270,1
601,270,1
600,271,1
599,271,1
598,271,1
597,271,1
596,272,1
595,272,1
594,272,1
593,272,1
592,272,1
591,273,1
590,273,1
589,273,1
588,273,1
587,274,1
586,274,1
585,274,1
584,275,1
583,275,1
582,275,1
581,275,1
580,276,1
579,276,1
578,276,1
577,276,1
576,277,1
575,277,1
574,277,1
573,277,1
572,278,1
571,278,1
570,278,1
569,278,1
568,279,1
567,279,1
566,279,1
565,279,1
564,280,1
563,280,1
562,280,1
561,281,1
560,281,1
559,281,1
558,281,1
557,282,1
556,282,1
555,282,1
554,282,1
553,283,1
552,283,1
551,283,1
550,283,1
549,284,1
548,284,1
547,284,1
546,285,1
545,285,1
544,285,1
543,285,1
542,286,1
541,286,1
540,286,1
539,286,1
538,287,1
537,287,1
536,287,1
535,288,1
534,288,1
533,288,1
532,288,1
531,289,1
530,289,1
529,289,1
528,289,1
527,290,1
526,290,1
525,290,1
524,291,1
523,291,1
522,291,1
521,291,1
520,292,1
519,292,1
518,292,1
517,293,1
516,293,1
515,293,1
514,293,1
513,294,1
512,294,1
511,294,1
510,294,1
509,295,1
508,295,1
507,295,1
506,295,1
505,296,1
504,296,1
503,296,1
502,296,1
501,297,1
500,297,1
499,297,1
498,298,1
497,298,1
496,298,1
495,298,1
494,299,1
493,299,1
492,299,1
491,299,1
490,300,1
489,300,1
488,300,1
487,300,1
486,301,1
485,301,1
484,301,1
483,301,1
482,302,1
481,302,1
480,302,1
479,302,1
478,303,1
477,303,1
476,304,1
475,304,1
474,304,1
473,304,1
472,304,1
471,305,1
470,305,1
469,305,1
468,305,1
467,306,1
466,306,1
465,306,1
464,306,1
463,307,1
462,307,1
461,307,1
460,307,1
459,308,1
458,308,1
457,308,1
456,308,1
455,309,1
454,309,1
453,309,1
452,310,1
451,310,1
450,310,1
449,310,1
448,311,1
447,311,1
446,311,1
445,311,1
444,312,1
443,312,1
442,312,1
441,312,1
440,313,1
439,313,1
438,313,1
437,313,1
436,313,1
435,314,1
434,314,1
433,314,1
432,314,1
431,315,1
430,315,1
429,315,1
428,316,1
427,316,1
426,316,1
425,316,1
424,316,1
423,317,1
422,317,1
421,317,1
420,317,1
419,318,1
418,318,1
417,318,1
416,318,1
415,318,1
414,319,1
413,319,1
412,319,1
411,319,1
410,319,1
409,320,1
408,320,1
407,320,1
406,320,1
405,320,1
404,321,1
403,321,1
402,321,1
401,321,1
400,322,1
399,322,1
398,322,1
397,322,1
396,322,1
395,323,1
394,323,1
393,323,1
392,323,1
391,323,1
390,324,1
389,324,1
388,324,1
387,324,1
386,324,1
385,325,1
384,325,1
383,325,1
382,325,1
381,325,1
380,326,1
379,326,1
378,326,1
377,326,1
376,326,1
375,327,1
374,327,1
373,327,1
372,327,1
371,327,1
370,328,1
369,328,1
368,328,1
367,328,1
366,328,1
365,329,1
364,329,1
363,329,1
362,329,1
361,329,1
360,330,1
359,330,1
358,330,1
357,330,1
356,330,1
355,331,1
354,331,1
353,331,1
352,331,1
351,331,1
350,332,1
349,332,1
348,332,1
347,332,1
346,333,1
345,333,1
344,333,1
343,333,1
342,333,1
341,334,1
340,334,1
339,334,1
338,334,1
337,334,1
336,335,1
335,335,1
334,335,1
333,335,1
332,335,1
331,336,1
330,336,1
329,336,1
328,336,1
327,337,1
326,337,1
325,337,1
324,337,1
323,337,1
323,338,1
322,338,1
322,339,1
322,339,0
