77,283,1
78,283,1
79,283,1
80,283,1
81,283,1
82,283,1
83,283,1
84,283,1
85,283,1
86,283,1
87,283,1
88,283,1
89,283,1
140,281,1
141,281,1
142,281,1
143,281,1
144,281,1
145,281,1
146,281,1
147,281,1
148,281,1
149,281,1
150,281,1
151,281,1
152,281,1
153,281,1
154,281,1
155,281,1
156,281,1
157,281,1
158,281,1
159,281,1
160,281,1
161,281,1
162,281,1
163,281,1
164,280,1
165,280,1
166,280,1
167,280,1
168,280,1
169,280,1
170,280,1
171,280,1
172,280,1
173,280,1
174,280,1
175,280,1
222,279,1
223,279,1
224,279,1
225,279,1
269,279,1
270,279,1
271,279,1
272,279,1
273,279,1
274,279,1
275,280,1
276,280,1
277,280,1
278,280,1
279,280,1
280,280,1
281,280,1
282,280,1
283,280,1
284,280,1
285,280,1
286,280,1
287,280,1
288,280,1
289,280,1
290,280,1
291,280,1
292,280,1
293,280,1
294,280,1
295,280,1
296,280,1
297,280,1
298,280,1
299,280,1
300,280,1
301,280,1
302,280,1
303,280,1
304,280,1
305,280,1
306,280,1
307,280,1
308,280,1
309,280,1
310,280,1
311,280,1
312,280,1
313,280,1
314,280,1
315,280,1
316,280,1
317,280,1
318,280,1
319,280,1
320,280,1
321,280,1
322,280,1
323,280,1
324,280,1
325,280,1
326,280,1
327,280,1
328,280,1
329,280,1
330,280,1
331,280,1
332,280,1
333,280,1
334,280,1
335,280,1
336,280,1
337,280,1
338,280,1
339,280,1
340,280,1
341,280,1
342,280,1
343,280,1
344,280,1
345,280,1
346,280,1
347,280,1
348,280,1
349,280,1
350,280,1
351,280,1
352,280,1
353,280,1
354,280,1
355,280,1
356,280,1
357,280,1
358,280,1
359,280,1
360,280,1
361,280,1
362,280,1
363,280,1
364,280,1
365,280,1
366,280,1
367,280,1
368,280,1
369,280,1
370,280,1
371,280,1
372,280,1
373,280,1
374,280,1
375,280,1
376,280,1
377,280,1
378,280,1
379,280,1
380,280,1
381,280,1
382,280,1
383,280,1
384,280,1
385,280,1
386,280,1
387,280,1
388,280,1
389,280,1
390,280,1
391,280,1
392,280,1
393,280,1
394,280,1
395,280,1
396,280,1
397,280,1
398,280,1
399,280,1
400,280,1
401,280,1
402,280,1
403,280,1
404,280,1
405,280,1
406,280,1
407,280,1
408,280,1
409,280,1
410,280,1
411,280,1
412,280,1
413,280,1
414,280,1
415,280,1
416,280,1
417,280,1
418,280,1
419,280,1
420,280,1
421,280,1
422,280,1
423,280,1
424,280,1
425,280,1
426,280,1
427,280,1
428,280,1
429,280,1
430,280,1
431,280,1
432,280,1
433,280,1
434,280,1
435,280,1
436,280,1
437,280,1
438,280,1
439,280,1
440,280,1
441,280,1
442,280,1
443,280,1
444,280,1
445,280,1
446,280,1
447,280,1
448,280,1
449,280,1
450,280,1
451,280,1
452,280,1
453,280,1
454,280,1
455,280,1
456,280,1
457,280,1
458,280,1
459,280,1
460,280,1
461,280,1
462,280,1
463,280,1
464,280,1
465,280,1
466,280,1
467,280,1
468,280,1
469,280,1
470,280,1
471,280,1
472,280,1
473,280,1
474,280,1
475,280,1
476,280,1
477,280,1
478,279,1
479,279,1
480,279,1
481,279,1
482,279,1
483,279,1
484,279,1
485,279,1
486,279,1
487,279,1
488,279,1
489,279,1
490,279,1
491,279,1
492,279,1
493,279,1
494,279,1
495,279,1
496,279,1
497,279,1
498,279,1
499,279,1
500,279,1
501,279,1
502,279,1
503,279,1
504,279,1
505,279,1
506,279,1
507,279,1
508,279,1
509,279,1
510,279,1
511,279,1
512,279,1
513,279,1
514,279,1
515,279,1
516,279,1
517,279,1
518,279,1
519,279,1
520,279,1
521,279,1
522,279,1
523,279,1
524,279,1
525,279,1
526,279,1
527,279,1
528,279,1
529,279,1
530,279,1
531,279,1
532,279,1
533,279,1
534,279,1
535,279,1
536,279,1
537,279,1
538,279,1
539,279,1
540,279,1
541,279,1
542,279,1
543,279,1
544,279,1
545,279,1
546,279,1
547,279,1
548,279,1
549,279,1
550,279,1
551,279,1
552,279,1
553,279,1
554,279,1
555,279,1
556,279,1
557,279,1
558,279,1
559,279,1
560,279,1
561,279,1
562,279,1
563,279,1
564,279,1
565,279,1
566,279,1
567,279,1
568,279,1
569,279,1
570,279,1
571,279,1
572,279,1
573,279,1
574,279,1
575,279,1
576,279,1
577,279,1
578,279,1
579,279,1
580,279,1
581,279,1
582,279,1
583,279,1
584,279,1
585,279,1
586,279,1
587,279,1
588,279,1
589,279,1
590,279,1
591,279,1
592,279,1
593,279,1
594,279,1
595,279,1
596,279,1
597,279,1
598,279,1
599,279,1
600,279,1
601,279,1
602,279,1
603,279,1
604,279,1
605,279,1
606,279,1
607,279,1
608,279,1
609,279,1
610,279,1
611,279,1
612,279,1
613,279,1
614,279,1
615,279,1
616,279,1
617,279,1
618,279,1
619,279,1
620,279,1
621,279,1
622,279,1
623,279,1
624,279,1
625,279,1
626,279,1
627,279,1
628,279,1
629,279,1
630,279,1
631,279,1
632,279,1
633,279,1
634,279,1
635,279,1
636,279,1
637,279,1
638,280,1
639,280,1
640,280,1
641,280,1
642,280,1
643,280,1
644,280,1
645,280,1
646,280,1
647,280,1
648,280,1
649,280,1
650,280,1
651,280,1
652,280,1
653,280,1
654,280,1
655,280,1
656,280,1
657,280,1
658,281,1
659,281,1
660,281,1
661,281,1
662,281,1
663,281,1
664,281,1
665,281,1
666,281,1
372,289,0
76,298,1
77,298,1
78,298,1
79,298,1
80,298,1
81,298,1
82,298,1
83,297,1
84,297,1
85,297,1
86,297,1
87,297,1
88,298,1
89,298,1
90,298,1
91,298,1
92,298,1
93,298,1
94,298,1
95,298,1
96,298,1
97,298,1
98,298,1
99,298,1
100,299,1
101,299,1
102,299,1
103,299,1
104,299,1
105,300,1
106,300,1
107,300,1
108,300,1
109,301,1
110,301,1
111,301,1
112,302,1
113,302,1
114,302,1
115,303,1
116,303,1
117,304,1
118,304,1
118,305,1
119,305,1
120,306,1
121,306,1
122,307,1
122,308,1
123,308,1
124,309,1
125,310,1
126,311,1
126,312,1
127,313,1
127,314,1
128,315,1
129,316,1
129,317,1
129,318,1
129,319,1
129,320,1
129,321,1
129,322,1
129,323,1
129,324,1
129,325,1
129,326,1
129,327,1
128,328,1
128,329,1
128,330,1
127,331,1
127,332,1
126,332,1
126,333,1
125,334,1
124,335,1
124,336,1
123,336,1
122,337,1
122,338,1
121,339,1
120,339,1
119,340,1
118,341,1
117,341,1
116,342,1
115,343,1
114,343,1
113,344,1
112,344,1
111,345,1
110,345,1
109,345,1
108,346,1
107,346,1
106,346,1
105,347,1
104,347,1
103,347,1
102,347,1
101,347,1
100,348,1
99,348,1
98,348,1
97,348,1
96,348,1
95,347,1
94,347,1
94,346,1
93,346,1
93,345,1
93,344,1
94,344,1
94,343,1
95,342,1
96,342,1
96,341,1
97,341,1
98,341,1
98,340,1
99,340,1
100,340,1
101,339,1
102,339,1
103,339,1
104,338,1
105,338,1
106,338,1
107,338,1
108,337,1
109,337,1
110,337,1
111,337,1
112,337,1
113,337,1
114,337,1
115,336,1
116,336,1
117,336,1
118,336,1
119,336,1
120,336,1
121,336,1
122,337,1
123,337,1
124,337,1
125,337,1
126,337,1
127,337,1
128,337,1
129,337,1
130,338,1
131,338,1
132,338,1
133,338,1
134,338,1
135,339,1
136,339,1
137,339,1
138,339,1
139,340,1
140,340,1
141,340,1
142,340,1
143,341,1
144,341,1
145,341,1
146,342,1
147,342,1
148,342,1
149,343,1
150,343,1
151,344,1
152,344,1
153,345,1
154,345,1
155,345,1
156,346,1
157,347,1
158,347,1
159,348,1
160,349,1
161,349,1
162,350,1
163,351,1
164,352,1
165,353,1
166,354,1
167,355,1
168,356,1
168,357,1
168,358,1
169,359,1
169,360,1
169,361,1
170,362,1
170,363,1
170,364,1
170,365,1
170,366,1
169,367,1
169,368,1
169,369,1
169,370,1
168,371,1
168,372,1
167,373,1
167,374,1
166,374,1
166,375,1
165,376,1
164,377,1
163,378,1
162,378,1
162,379,1
161,379,1
160,380,1
159,381,1
158,381,1
157,382,1
156,382,1
155,383,1
154,383,1
153,384,1
152,384,1
151,384,1
150,385,1
149,385,1
148,385,1
147,386,1
146,386,1
145,386,1
144,386,1
144,387,1
143,387,1
142,387,1
141,387,1
140,388,1
139,388,1
138,388,1
137,388,1
136,388,1
135,388,1
134,389,1
133,389,1
132,389,1
131,389,1
130,389,1
129,389,1
128,389,1
127,389,1
126,389,1
125,390,1
124,390,1
123,390,1
122,390,1
121,390,1
120,390,1
119,390,1
118,390,1
117,390,1
116,390,1
115,390,1
114,390,1
113,390,1
112,390,1
111,390,1
110,390,1
109,390,1
108,390,1
107,390,1
106,390,1
105,390,1
104,390,1
103,390,1
102,390,1
101,390,1
100,390,1
99,390,1
98,390,1
97,390,1
96,390,1
95,390,1
94,390,1
93,390,1
92,390,1
91,389,1
90,389,1
89,389,1
88,389,1
87,389,1
86,389,1
85,389,1
84,389,1
83,389,1
82,388,1
81,388,1
80,388,1
79,388,1
78,388,1
77,387,1
76,387,1
75,387,1
74,387,1
73,386,1
72,386,1
71,386,1
70,386,1
69,385,1
68,385,1
67,385,1
66,385,1
65,384,1
64,384,1
63,384,1
62,383,1
61,383,1
60,383,1
59,383,1
58,382,1
57,382,1
56,381,1
55,381,1
54,381,1
53,380,1
52,380,1
51,379,1
50,379,1
49,379,1
48,378,1
47,378,1
46,377,1
45,376,1
44,376,1
43,375,1
42,375,1
41,374,1
40,373,1
39,373,1
38,372,1
37,371,1
36,370,1
35,369,1
35,368,1
35,367,1
107,351,0
171,332,1
172,332,1
173,332,1
174,332,1
175,331,1
176,331,1
177,331,1
178,331,1
179,331,1
180,330,1
181,330,1
182,330,1
183,329,1
184,329,1
185,329,1
186,329,1
187,328,1
188,328,1
189,328,1
190,327,1
191,327,1
192,327,1
193,326,1
194,326,1
195,325,1
196,325,1
197,325,1
198,324,1
199,324,1
200,323,1
201,323,1
202,322,1
203,322,1
204,322,1
205,321,1
206,321,1
207,320,1
208,320,1
209,319,1
210,318,1
211,318,1
212,317,1
213,317,1
213,316,1
214,316,1
215,315,1
216,314,1
217,314,1
218,313,1
219,313,1
220,312,1
220,311,1
221,311,1
222,310,1
223,309,1
224,308,1
225,307,1
226,306,1
227,305,1
228,304,1
229,303,1
230,302,1
231,301,1
232,300,1
233,299,1
234,298,1
234,297,1
235,297,1
236,296,1
236,295,1
237,295,1
238,294,1
238,293,1
239,293,1
239,292,1
240,292,1
240,291,1
241,291,1
242,290,1
243,290,1
243,289,1
244,289,1
245,289,1
246,290,1
247,290,1
247,291,1
248,291,1
248,292,1
249,292,1
249,293,1
249,294,1
250,294,1
250,295,1
250,296,1
251,297,1
251,298,1
251,299,1
251,300,1
251,301,1
252,302,1
252,303,1
252,304,1
252,305,1
252,306,1
252,307,1
252,308,1
253,309,1
253,310,1
253,311,1
253,312,1
253,313,1
253,314,1
253,315,1
254,316,1
254,317,1
254,318,1
254,319,1
254,320,1
254,321,1
254,322,1
255,323,1
255,324,1
255,325,1
255,326,1
255,327,1
255,328,1
256,329,1
256,330,1
256,331,1
256,332,1
256,333,1
256,334,1
256,335,1
257,336,1
257,337,1
257,338,1
257,339,1
257,340,1
257,341,1
257,342,1
258,343,1
258,344,1
258,345,1
258,346,1
258,347,1
258,348,1
258,349,1
259,350,1
259,351,1
259,352,1
259,353,1
259,354,1
259,355,1
259,356,1
260,357,1
260,358,1
260,359,1
260,360,1
260,361,1
260,362,1
261,363,1
261,364,1
261,365,1
261,366,1
261,367,1
262,368,1
262,369,1
262,370,1
262,371,1
262,372,1
263,373,1
263,374,1
263,375,1
264,376,1
264,377,1
264,378,1
265,379,1
265,380,1
265,381,1
265,382,1
266,383,1
266,384,1
267,384,1
267,383,1
268,382,1
359,347,0
452,305,1
452,306,1
452,307,1
453,308,1
453,309,1
453,310,1
453,311,1
453,312,1
454,313,1
454,314,1
454,315,1
454,316,1
455,317,1
455,318,1
455,319,1
455,320,1
456,321,1
456,322,1
456,323,1
456,324,1
457,325,1
457,326,1
457,327,1
457,328,1
458,329,1
458,330,1
458,331,1
458,332,1
459,333,1
459,334,1
459,335,1
460,336,1
460,337,1
460,338,1
461,339,1
461,340,1
461,341,1
461,342,1
462,343,1
462,344,1
463,345,1
463,346,1
463,347,1
464,348,1
464,349,1
464,350,1
464,351,1
465,352,1
465,353,1
465,354,1
466,355,1
466,356,1
466,357,1
466,358,1
467,359,1
467,360,1
467,361,1
467,362,1
468,363,1
468,364,1
468,365,1
468,366,1
469,367,1
469,368,1
469,369,1
469,370,1
469,371,1
469,372,1
470,373,1
470,374,1
470,375,1
469,375,1
469,374,1
468,373,1
449,335,0
433,296,1
432,296,1
431,295,1
430,295,1
429,295,1
428,295,1
427,295,1
426,295,1
425,295,1
424,295,1
423,295,1
422,295,1
421,295,1
420,296,1
419,296,1
418,296,1
417,296,1
416,296,1
415,296,1
414,296,1
413,297,1
412,297,1
411,297,1
410,297,1
409,297,1
408,298,1
407,298,1
406,298,1
405,299,1
404,299,1
403,300,1
402,300,1
401,300,1
400,301,1
399,301,1
398,302,1
397,302,1
396,302,1
395,303,1
394,303,1
393,304,1
392,304,1
391,305,1
390,305,1
389,306,1
388,307,1
387,307,1
386,308,1
385,308,1
384,309,1
383,310,1
382,311,1
381,312,1
380,312,1
379,313,1
378,314,1
377,315,1
376,316,1
375,317,1
374,318,1
374,319,1
373,319,1
372,320,1
372,321,1
371,322,1
370,323,1
370,324,1
369,324,1
368,325,1
368,326,1
367,327,1
366,328,1
366,329,1
365,330,1
364,331,1
364,332,1
364,333,1
363,334,1
363,335,1
363,336,1
362,337,1
362,338,1
362,339,1
362,340,1
361,341,1
361,342,1
361,343,1
361,344,1
361,345,1
361,346,1
362,347,1
362,348,1
362,349,1
362,350,1
363,351,1
363,352,1
363,353,1
364,353,1
364,354,1
365,355,1
365,356,1
366,357,1
367,358,1
368,359,1
369,360,1
370,361,1
371,361,1
371,362,1
372,362,1
373,363,1
374,363,1
375,363,1
376,364,1
377,364,1
378,364,1
379,365,1
380,365,1
381,365,1
382,364,1
383,364,1
384,364,1
385,364,1
385,363,1
386,363,1
387,363,1
388,362,1
389,362,1
389,361,1
390,360,1
391,359,1
391,358,1
392,357,1
392,356,1
392,355,1
393,354,1
393,353,1
393,352,1
392,351,1
392,350,1
392,349,1
392,348,1
391,347,1
391,346,1
390,345,1
390,344,1
389,343,1
388,342,1
387,341,1
387,340,1
386,340,1
385,339,1
385,338,1
384,338,1
383,337,1
382,337,1
381,336,1
381,335,1
380,335,1
379,334,1
378,334,1
377,333,1
376,333,1
376,332,1
375,332,1
374,332,1
373,331,1
372,331,1
371,331,1
370,330,1
369,330,1
368,329,1
367,329,1
366,329,1
365,328,1
364,328,1
363,328,1
362,328,1
361,328,1
360,328,1
360,329,1
398,269,0
429,215,1
429,214,1
430,213,1
430,212,1
431,211,1
432,210,1
433,209,1
434,208,1
435,207,1
436,207,1
437,206,1
438,205,1
438,204,1
439,204,1
440,203,1
441,202,1
442,202,1
443,201,1
444,200,1
445,200,1
446,199,1
447,198,1
448,198,1
449,197,1
450,197,1
451,196,1
452,196,1
453,195,1
454,195,1
455,194,1
456,194,1
457,193,1
458,193,1
459,192,1
460,192,1
461,191,1
462,191,1
463,190,1
464,190,1
465,189,1
466,189,1
467,189,1
468,188,1
469,188,1
469,187,1
470,187,1
471,187,1
472,186,1
473,186,1
474,186,1
475,185,1
476,185,1
477,185,1
478,184,1
479,184,1
480,184,1
481,183,1
482,183,1
483,183,1
484,183,1
485,182,1
486,182,1
487,182,1
488,182,1
489,181,1
490,181,1
491,181,1
492,181,1
493,181,1
494,180,1
495,180,1
496,180,1
497,180,1
498,180,1
499,180,1
500,179,1
501,179,1
502,179,1
503,179,1
504,179,1
505,179,1
506,179,1
507,179,1
508,179,1
509,178,1
510,178,1
511,178,1
512,178,1
513,178,1
514,178,1
515,178,1
516,178,1
517,178,1
518,178,1
519,178,1
520,178,1
521,178,1
522,179,1
523,179,1
524,179,1
525,179,1
526,179,1
527,179,1
528,179,1
529,180,1
530,180,1
531,180,1
532,180,1
533,180,1
534,181,1
535,181,1
536,181,1
536,182,1
537,182,1
538,182,1
539,183,1
540,183,1
541,183,1
542,184,1
543,184,1
543,185,1
544,185,1
545,186,1
546,186,1
547,187,1
548,188,1
549,189,1
550,189,1
551,190,1
551,191,1
552,192,1
553,192,1
553,193,1
554,194,1
555,195,1
556,195,1
556,196,1
557,197,1
558,198,1
558,199,1
559,199,1
559,200,1
560,201,1
560,202,1
561,203,1
562,203,1
562,204,1
562,205,1
563,206,1
563,207,1
564,208,1
564,209,1
565,210,1
565,211,1
565,212,1
566,212,1
566,213,1
566,214,1
567,215,1
567,216,1
567,217,1
568,218,1
568,219,1
568,220,1
568,221,1
569,222,1
569,223,1
569,224,1
569,225,1
569,226,1
570,227,1
570,228,1
570,229,1
570,230,1
570,231,1
570,232,1
571,233,1
571,234,1
571,235,1
571,236,1
571,237,1
571,238,1
571,239,1
571,240,1
572,241,1
572,242,1
572,243,1
572,244,1
572,245,1
572,246,1
572,247,1
572,248,1
572,249,1
573,250,1
573,251,1
573,252,1
573,253,1
573,254,1
573,255,1
573,256,1
573,257,1
573,258,1
573,259,1
573,260,1
573,261,1
574,262,1
574,263,1
574,264,1
574,265,1
574,266,1
574,267,1
574,268,1
574,269,1
574,270,1
574,271,1
574,272,1
574,273,1
574,274,1
574,275,1
575,276,1
575,277,1
575,278,1
575,279,1
575,280,1
575,281,1
575,282,1
575,283,1
575,284,1
575,285,1
575,286,1
575,287,1
575,288,1
576,289,1
576,290,1
576,291,1
576,292,1
576,293,1
576,294,1
576,295,1
576,296,1
576,297,1
576,298,1
576,299,1
577,300,1
577,301,1
577,302,1
577,303,1
577,304,1
577,305,1
577,306,1
577,307,1
577,308,1
577,309,1
578,310,1
578,311,1
578,312,1
578,313,1
578,314,1
578,315,1
578,316,1
578,317,1
578,318,1
579,319,1
579,320,1
579,321,1
579,322,1
579,323,1
579,324,1
579,325,1
579,326,1
580,327,1
580,328,1
580,329,1
580,330,1
580,331,1
580,332,1
580,333,1
580,334,1
581,335,1
581,336,1
581,337,1
581,338,1
581,339,1
581,340,1
581,341,1
581,342,1
581,343,1
582,344,1
582,345,1
582,346,1
582,347,1
582,348,1
582,349,1
582,350,1
582,351,1
582,352,1
582,353,1
582,354,1
583,355,1
583,356,1
583,357,1
583,358,1
583,359,1
583,360,1
583,361,1
583,362,1
583,363,1
583,364,1
583,365,1
583,366,1
583,367,1
583,368,1
583,369,1
583,370,1
583,371,1
583,372,1
583,373,1
583,374,1
583,375,1
583,376,1
583,377,1
583,378,1
583,379,1
583,380,1
583,381,1
582,382,1
582,383,1
581,384,1
581,385,1
580,386,1
580,387,1
579,387,1
579,386,1
578,385,1
578,384,1
578,383,1
578,382,1
613,319,0
650,256,1
649,255,1
649,254,1
648,254,1
648,253,1
647,252,1
647,251,1
646,250,1
646,249,1
646,248,1
646,247,1
646,246,1
646,245,1
646,244,1
646,243,1
645,242,1
645,241,1
646,240,1
646,239,1
646,238,1
646,237,1
646,236,1
646,235,1
647,234,1
648,233,1
648,232,1
649,231,1
649,230,1
650,229,1
651,228,1
652,227,1
652,226,1
653,226,1
654,225,1
655,225,1
655,224,1
656,224,1
657,223,1
658,223,1
659,222,1
660,222,1
660,221,1
661,221,1
662,221,1
663,221,1
664,220,1
665,220,1
666,220,1
667,220,1
668,220,1
669,220,1
670,220,1
671,219,1
672,219,1
673,220,1
674,220,1
675,220,1
676,220,1
677,220,1
678,220,1
679,220,1
680,220,1
681,220,1
682,220,1
683,221,1
684,221,1
685,221,1
686,222,1
687,222,1
688,222,1
689,223,1
690,223,1
691,223,1
692,224,1
693,224,1
694,225,1
695,225,1
696,225,1
697,226,1
698,226,1
698,227,1
699,227,1
700,228,1
701,229,1
702,229,1
703,230,1
704,230,1
705,231,1
705,232,1
706,232,1
707,233,1
708,234,1
709,235,1
710,236,1
711,236,1
711,237,1
712,238,1
713,239,1
714,240,1
715,241,1
715,242,1
716,242,1
717,243,1
717,244,1
718,245,1
718,246,1
719,246,1
719,247,1
720,248,1
720,249,1
721,250,1
721,251,1
721,252,1
722,253,1
723,254,1
723,255,1
723,256,1
724,257,1
724,258,1
724,259,1
724,260,1
725,261,1
725,262,1
725,263,1
725,264,1
725,265,1
725,266,1
725,267,1
725,268,1
725,269,1
725,270,1
725,271,1
725,272,1
725,273,1
725,274,1
725,275,1
725,276,1
725,277,1
725,278,1
725,279,1
724,280,1
724,281,1
724,282,1
724,283,1
723,284,1
723,285,1
723,286,1
723,287,1
722,288,1
722,289,1
721,289,1
721,290,1
721,291,1
720,292,1
720,293,1
719,294,1
719,295,1
718,296,1
718,297,1
717,297,1
717,298,1
716,299,1
716,300,1
715,301,1
714,302,1
713,303,1
712,304,1
712,305,1
711,306,1
710,306,1
710,307,1
709,308,1
708,309,1
708,310,1
707,311,1
706,311,1
705,312,1
705,313,1
704,314,1
703,314,1
702,315,1
701,316,1
701,317,1
700,317,1
699,318,1
698,319,1
697,320,1
696,321,1
695,321,1
694,322,1
693,323,1
692,323,1
691,324,1
690,324,1
689,325,1
688,325,1
688,326,1
687,326,1
686,327,1
685,327,1
684,328,1
683,328,1
682,328,1
681,329,1
680,329,1
679,329,1
678,329,1
677,329,1
676,330,1
675,330,1
674,330,1
673,330,1
672,330,1
671,330,1
670,330,1
669,330,1
668,330,1
667,329,1
666,329,1
665,329,1
664,328,1
663,328,1
662,328,1
661,327,1
660,326,1
659,326,1
658,325,1
657,324,1
656,324,1
656,323,1
655,323,1
655,322,1
654,322,1
654,321,1
653,321,1
653,322,1
654,323,1
654,324,1
655,325,1
655,326,1
656,327,1
656,328,1
657,329,1
657,330,1
658,330,1
658,331,1
659,332,1
659,333,1
660,334,1
660,335,1
661,336,1
661,337,1
662,338,1
662,339,1
663,339,1
663,340,1
664,341,1
665,342,1
665,343,1
666,344,1
667,345,1
667,346,1
668,347,1
669,348,1
670,349,1
671,350,1
672,351,1
673,352,1
674,353,1
674,354,1
675,355,1
676,356,1
677,356,1
678,357,1
679,358,1
679,359,1
680,359,1
681,360,1
682,361,1
683,362,1
684,362,1
685,363,1
686,364,1
687,364,1
688,365,1
689,366,1
690,366,1
691,367,1
692,367,1
693,368,1
694,368,1
695,369,1
696,369,1
697,369,1
698,370,1
699,370,1
700,371,1
701,371,1
702,371,1
703,372,1
704,372,1
705,372,1
706,372,1
707,372,1
708,373,1
709,373,1
710,373,1
711,373,1
712,373,1
713,373,1
714,373,1
715,373,1
716,373,1
717,374,1
718,374,1
719,374,1
720,373,1
721,373,1
722,373,1
723,373,1
724,373,1
725,372,1
726,372,1
758,337,0
796,294,1
796,295,1
796,296,1
796,297,1
796,298,1
797,299,1
797,300,1
797,301,1
797,302,1
797,303,1
797,304,1
797,305,1
797,306,1
797,307,1
797,308,1
798,309,1
798,310,1
798,311,1
798,312,1
798,313,1
798,314,1
798,315,1
798,316,1
798,317,1
798,318,1
799,319,1
799,320,1
799,321,1
799,322,1
799,323,1
799,324,1
799,325,1
799,326,1
799,327,1
800,328,1
800,329,1
800,330,1
800,331,1
800,332,1
800,333,1
800,334,1
800,335,1
800,336,1
801,337,1
801,338,1
801,339,1
801,340,1
801,341,1
801,342,1
801,343,1
801,344,1
801,345,1
802,346,1
802,347,1
802,348,1
802,349,1
802,350,1
802,351,1
802,352,1
802,353,1
802,354,1
803,355,1
803,356,1
803,357,1
803,358,1
803,359,1
803,360,1
803,361,1
803,362,1
803,363,1
803,364,1
804,365,1
804,366,1
804,367,1
804,368,1
804,369,1
804,370,1
804,371,1
804,372,1
805,373,1
805,374,1
805,375,1
805,376,1
805,377,1
805,378,1
805,379,1
805,380,1
806,381,1
806,382,1
806,383,1
806,384,1
806,385,1
806,386,1
807,387,1
807,388,1
807,389,1
807,390,1
807,391,1
808,392,1
808,391,1
808,390,1
808,389,1
808,388,1
808,388,0
