74,161,1
75,161,1
76,161,1
77,161,1
78,161,1
79,161,1
80,161,1
81,160,1
82,160,1
83,160,1
84,160,1
85,160,1
86,160,1
87,160,1
88,160,1
89,160,1
90,160,1
91,160,1
92,160,1
93,159,1
94,159,1
95,159,1
96,159,1
97,159,1
98,159,1
99,159,1
100,159,1
101,159,1
102,159,1
103,159,1
104,159,1
105,159,1
106,159,1
107,158,1
108,158,1
109,158,1
110,158,1
111,158,1
112,158,1
113,158,1
114,158,1
115,158,1
116,158,1
117,158,1
118,158,1
119,158,1
120,158,1
167,155,1
168,155,1
169,155,1
170,155,1
171,155,1
172,155,1
173,155,1
174,155,1
175,155,1
176,155,1
176,154,1
177,154,1
178,154,1
179,154,1
180,154,1
181,154,1
182,154,1
183,154,1
184,154,1
185,154,1
186,154,1
187,154,1
188,154,1
189,154,1
190,153,1
191,153,1
192,153,1
193,153,1
194,153,1
195,153,1
196,153,1
197,153,1
198,153,1
199,153,1
200,153,1
201,153,1
202,153,1
203,153,1
204,153,1
205,153,1
206,153,1
207,153,1
208,153,1
209,153,1
210,153,1
211,153,1
212,153,1
213,153,1
214,153,1
215,153,1
216,153,1
217,153,1
218,153,1
219,153,1
220,153,1
221,153,1
222,153,1
223,153,1
224,152,1
225,152,1
226,152,1
227,152,1
228,152,1
229,152,1
230,152,1
231,152,1
232,152,1
233,152,1
234,152,1
235,152,1
236,152,1
237,152,1
238,152,1
239,152,1
240,152,1
241,152,1
242,152,1
243,152,1
244,151,1
245,151,1
246,151,1
247,151,1
248,151,1
249,151,1
250,151,1
251,151,1
252,151,1
253,151,1
254,151,1
255,151,1
256,151,1
257,151,1
258,151,1
259,151,1
260,151,1
261,151,1
262,151,1
263,151,1
264,151,1
265,151,1
266,151,1
267,151,1
268,151,1
269,150,1
270,150,1
271,150,1
272,150,1
273,150,1
274,150,1
275,150,1
276,150,1
277,150,1
278,150,1
279,150,1
280,150,1
281,150,1
282,150,1
283,150,1
284,150,1
285,150,1
286,150,1
287,150,1
288,150,1
289,150,1
290,150,1
291,150,1
292,150,1
293,150,1
294,150,1
295,150,1
296,150,1
297,150,1
298,150,1
299,150,1
300,150,1
300,151,1
196,166,0
90,181,1
91,181,1
92,181,1
93,181,1
94,181,1
95,181,1
96,181,1
97,181,1
98,181,1
99,182,1
100,182,1
101,182,1
102,182,1
103,182,1
104,182,1
104,183,1
105,183,1
106,183,1
107,183,1
108,184,1
109,184,1
110,185,1
111,185,1
112,185,1
112,186,1
113,186,1
114,186,1
115,187,1
116,188,1
117,188,1
118,189,1
119,190,1
120,190,1
120,191,1
121,191,1
121,192,1
122,192,1
122,193,1
123,194,1
124,195,1
124,196,1
125,196,1
125,197,1
125,198,1
125,199,1
126,199,1
126,200,1
126,201,1
126,202,1
126,203,1
126,204,1
126,205,1
126,206,1
125,207,1
125,208,1
125,209,1
124,210,1
124,211,1
123,212,1
123,213,1
122,213,1
122,214,1
121,215,1
120,216,1
119,217,1
118,218,1
118,219,1
117,219,1
116,220,1
115,221,1
114,222,1
113,222,1
112,223,1
111,224,1
110,224,1
109,225,1
108,225,1
107,226,1
106,226,1
105,227,1
104,227,1
103,228,1
102,228,1
101,228,1
100,229,1
99,229,1
98,230,1
97,230,1
96,230,1
95,230,1
94,230,1
93,230,1
92,230,1
91,230,1
91,229,1
92,229,1
93,229,1
93,228,1
94,228,1
95,228,1
96,227,1
97,227,1
98,227,1
99,227,1
100,227,1
101,226,1
102,226,1
103,226,1
104,226,1
105,226,1
106,226,1
107,226,1
108,226,1
109,226,1
110,226,1
111,226,1
112,226,1
113,227,1
114,227,1
115,227,1
116,227,1
117,227,1
118,227,1
118,228,1
119,228,1
120,228,1
121,228,1
122,228,1
122,229,1
123,229,1
124,229,1
125,230,1
126,230,1
127,230,1
127,231,1
128,231,1
129,231,1
130,232,1
131,233,1
132,233,1
133,234,1
134,235,1
135,235,1
135,236,1
136,236,1
136,237,1
137,238,1
138,239,1
139,240,1
139,241,1
140,241,1
140,242,1
140,243,1
141,243,1
141,244,1
141,245,1
142,246,1
142,247,1
142,248,1
142,249,1
142,250,1
142,251,1
142,252,1
142,253,1
142,254,1
142,255,1
141,256,1
141,257,1
141,258,1
140,258,1
140,259,1
139,260,1
139,261,1
138,261,1
138,262,1
137,263,1
136,264,1
135,265,1
134,266,1
133,266,1
133,267,1
132,267,1
131,268,1
130,268,1
130,269,1
129,269,1
128,270,1
127,270,1
126,271,1
125,271,1
124,272,1
123,272,1
122,272,1
121,272,1
121,273,1
120,273,1
119,273,1
118,273,1
118,274,1
117,274,1
116,274,1
115,274,1
114,275,1
113,275,1
112,275,1
111,275,1
110,275,1
109,276,1
108,276,1
107,276,1
106,277,1
105,277,1
104,277,1
103,277,1
102,277,1
101,277,1
100,277,1
100,278,1
99,278,1
98,278,1
97,278,1
96,278,1
95,278,1
94,278,1
93,278,1
92,278,1
91,278,1
90,278,1
89,278,1
88,278,1
87,278,1
86,278,1
85,278,1
84,278,1
83,278,1
82,278,1
81,278,1
80,278,1
79,278,1
78,278,1
77,278,1
76,278,1
75,278,1
74,278,1
73,278,1
72,278,1
71,278,1
70,278,1
69,278,1
68,278,1
67,278,1
66,278,1
65,278,1
64,278,1
63,278,1
62,277,1
61,277,1
60,277,1
59,277,1
58,277,1
57,277,1
56,276,1
55,276,1
54,276,1
53,275,1
52,275,1
51,275,1
50,275,1
49,274,1
48,274,1
47,274,1
47,273,1
46,273,1
45,273,1
44,272,1
43,272,1
42,272,1
42,271,1
41,271,1
40,271,1
39,270,1
38,270,1
37,269,1
36,269,1
35,268,1
34,268,1
33,267,1
32,267,1
31,266,1
30,265,1
29,265,1
29,264,1
28,264,1
27,263,1
26,262,1
25,261,1
24,260,1
24,259,1
23,258,1
23,257,1
23,256,1
22,255,1
23,254,1
23,253,1
24,252,1
24,251,1
96,234,0
166,214,1
167,214,1
168,214,1
169,213,1
170,213,1
171,213,1
172,213,1
173,212,1
174,212,1
175,212,1
176,212,1
177,211,1
178,211,1
179,211,1
180,211,1
180,210,1
181,210,1
182,210,1
183,209,1
184,209,1
184,208,1
185,208,1
186,208,1
187,207,1
188,207,1
188,206,1
189,206,1
190,205,1
191,205,1
191,204,1
192,204,1
193,203,1
194,202,1
195,202,1
195,201,1
196,201,1
197,200,1
198,199,1
199,198,1
200,197,1
201,196,1
202,195,1
202,194,1
203,194,1
203,193,1
204,193,1
204,192,1
205,191,1
205,190,1
206,190,1
206,189,1
207,188,1
208,187,1
208,186,1
208,185,1
209,185,1
209,184,1
210,183,1
210,182,1
211,181,1
211,180,1
212,179,1
212,178,1
213,177,1
214,177,1
215,178,1
215,179,1
215,180,1
215,181,1
215,182,1
215,183,1
215,184,1
215,185,1
215,186,1
215,187,1
215,188,1
215,189,1
215,190,1
215,191,1
215,192,1
215,193,1
215,194,1
215,195,1
215,196,1
215,197,1
215,198,1
215,199,1
215,200,1
216,201,1
216,202,1
216,203,1
216,204,1
216,205,1
216,206,1
216,207,1
216,208,1
216,209,1
216,210,1
216,211,1
216,212,1
217,213,1
217,214,1
217,215,1
217,216,1
217,217,1
217,218,1
217,219,1
217,220,1
218,220,1
218,221,1
218,222,1
218,223,1
218,224,1
219,225,1
219,226,1
219,227,1
219,228,1
219,229,1
219,230,1
220,231,1
220,232,1
220,233,1
220,234,1
220,235,1
220,236,1
221,237,1
221,238,1
221,239,1
221,240,1
221,241,1
222,242,1
222,243,1
222,244,1
222,245,1
223,246,1
223,247,1
223,248,1
224,249,1
223,249,1
260,198,0
292,149,1
293,149,1
294,149,1
295,149,1
296,149,1
297,148,1
298,148,1
299,148,1
300,148,1
301,148,1
302,148,1
303,148,1
304,148,1
305,147,1
306,147,1
307,147,1
308,147,1
309,147,1
310,147,1
311,147,1
312,147,1
313,146,1
314,146,1
315,146,1
316,146,1
317,146,1
318,146,1
319,145,1
320,145,1
321,145,1
322,145,1
323,145,1
324,145,1
325,145,1
326,145,1
327,144,1
328,144,1
329,144,1
330,144,1
331,144,1
332,144,1
333,144,1
334,144,1
335,144,1
336,144,1
336,143,1
337,143,1
338,143,1
339,143,1
340,143,1
341,143,1
342,143,1
343,143,1
344,142,1
345,142,1
346,142,1
347,142,1
348,142,1
349,142,1
350,142,1
351,142,1
352,142,1
353,142,1
354,142,1
355,142,1
356,142,1
357,142,1
358,142,1
359,142,1
360,142,1
361,143,1
362,143,1
363,143,1
364,143,1
364,144,1
365,144,1
366,144,1
366,145,1
367,145,1
368,145,1
368,146,1
369,146,1
369,147,1
370,147,1
371,148,1
371,149,1
372,149,1
372,150,1
373,151,1
373,152,1
374,152,1
374,153,1
374,154,1
375,155,1
375,156,1
375,157,1
376,157,1
376,158,1
376,159,1
376,160,1
376,161,1
376,162,1
376,163,1
377,163,1
377,164,1
377,165,1
377,166,1
377,167,1
377,168,1
377,169,1
377,170,1
377,171,1
377,172,1
377,173,1
377,174,1
377,175,1
377,176,1
377,177,1
377,178,1
377,179,1
377,180,1
377,181,1
377,182,1
377,183,1
377,184,1
377,185,1
377,186,1
377,187,1
377,188,1
377,189,1
377,190,1
377,191,1
377,192,1
377,193,1
378,194,1
378,195,1
378,196,1
378,197,1
378,198,1
378,199,1
378,200,1
378,201,1
378,202,1
378,203,1
378,204,1
378,205,1
378,206,1
378,207,1
378,208,1
379,209,1
379,210,1
379,211,1
379,212,1
379,213,1
379,214,1
379,215,1
379,216,1
379,217,1
379,218,1
380,219,1
380,220,1
380,221,1
380,222,1
380,223,1
380,224,1
380,225,1
380,226,1
380,227,1
380,228,1
380,229,1
380,230,1
380,231,1
380,232,1
380,233,1
381,233,1
381,234,1
381,235,1
381,236,1
381,237,1
381,238,1
381,239,1
381,240,1
381,241,1
382,242,1
382,243,1
382,244,1
382,245,1
382,246,1
382,247,1
382,248,1
383,249,1
383,250,1
383,251,1
383,252,1
383,253,1
383,254,1
383,255,1
383,256,1
383,257,1
383,258,1
383,259,1
383,260,1
382,260,1
368,225,0
358,194,1
357,194,1
356,194,1
355,193,1
354,193,1
353,193,1
352,193,1
351,193,1
350,193,1
349,193,1
348,193,1
347,193,1
346,193,1
345,193,1
344,193,1
343,193,1
342,194,1
341,194,1
340,194,1
339,194,1
338,195,1
337,195,1
336,195,1
335,196,1
334,196,1
333,196,1
332,197,1
331,198,1
330,198,1
329,198,1
328,199,1
327,200,1
326,200,1
325,201,1
324,202,1
323,202,1
323,203,1
322,203,1
321,204,1
320,205,1
319,206,1
319,207,1
318,207,1
318,208,1
317,208,1
317,209,1
316,210,1
316,211,1
315,212,1
315,213,1
314,214,1
314,215,1
314,216,1
314,217,1
313,218,1
313,219,1
313,220,1
313,221,1
313,222,1
313,223,1
313,224,1
314,225,1
314,226,1
314,227,1
315,227,1
315,228,1
315,229,1
316,229,1
317,229,1
318,229,1
318,228,1
319,228,1
319,227,1
319,226,1
319,225,1
319,224,1
319,223,1
319,222,1
318,221,1
318,220,1
318,219,1
317,218,1
317,217,1
316,217,1
316,216,1
315,215,1
315,214,1
314,213,1
313,212,1
312,211,1
312,210,1
311,210,1
311,209,1
310,208,1
310,207,1
327,161,0
340,114,1
340,113,1
341,112,1
341,111,1
341,110,1
342,109,1
342,108,1
343,107,1
343,106,1
344,106,1
344,105,1
345,104,1
345,103,1
346,103,1
346,102,1
347,101,1
348,100,1
348,99,1
349,99,1
349,98,1
350,97,1
351,96,1
352,95,1
353,94,1
354,93,1
355,92,1
356,91,1
357,90,1
358,89,1
359,88,1
360,87,1
361,86,1
362,86,1
362,85,1
363,85,1
364,84,1
364,83,1
365,83,1
366,82,1
367,82,1
367,81,1
368,81,1
369,80,1
370,79,1
371,79,1
371,78,1
372,78,1
373,77,1
374,77,1
375,77,1
376,76,1
377,75,1
378,75,1
379,74,1
380,74,1
381,73,1
382,73,1
383,72,1
384,72,1
385,71,1
386,71,1
387,71,1
388,70,1
389,70,1
390,70,1
391,69,1
392,69,1
393,69,1
394,68,1
395,68,1
396,68,1
397,68,1
398,67,1
399,67,1
400,67,1
401,67,1
402,67,1
402,66,1
403,66,1
404,66,1
405,66,1
406,66,1
407,65,1
408,65,1
409,65,1
410,65,1
411,65,1
412,65,1
413,65,1
414,64,1
415,64,1
416,64,1
417,64,1
418,64,1
419,64,1
420,64,1
421,64,1
422,64,1
423,64,1
424,65,1
425,65,1
426,65,1
427,65,1
428,65,1
429,65,1
430,66,1
431,66,1
432,66,1
433,66,1
433,67,1
434,67,1
435,67,1
436,67,1
437,67,1
438,68,1
439,68,1
440,69,1
441,69,1
442,69,1
442,70,1
443,70,1
444,70,1
445,71,1
446,72,1
447,72,1
448,73,1
449,73,1
450,74,1
451,74,1
451,75,1
452,75,1
453,76,1
453,77,1
454,77,1
455,78,1
456,79,1
457,79,1
457,80,1
458,81,1
458,82,1
459,82,1
460,83,1
460,84,1
461,84,1
461,85,1
462,86,1
462,87,1
463,87,1
463,88,1
464,89,1
465,90,1
465,91,1
466,92,1
466,93,1
467,94,1
467,95,1
468,96,1
468,97,1
469,98,1
469,99,1
469,100,1
470,100,1
470,101,1
470,102,1
470,103,1
471,104,1
471,105,1
471,106,1
472,107,1
472,108,1
472,109,1
472,110,1
473,111,1
473,112,1
473,113,1
473,114,1
473,115,1
473,116,1
474,117,1
474,118,1
474,119,1
474,120,1
474,121,1
474,122,1
474,123,1
474,124,1
475,125,1
475,126,1
475,127,1
475,128,1
475,129,1
475,130,1
475,131,1
475,132,1
475,133,1
476,134,1
476,135,1
476,136,1
476,137,1
476,138,1
476,139,1
476,140,1
476,141,1
476,142,1
476,143,1
476,144,1
476,145,1
476,146,1
476,147,1
476,148,1
476,149,1
476,150,1
476,151,1
476,152,1
476,153,1
476,154,1
476,155,1
476,156,1
476,157,1
476,158,1
476,159,1
476,160,1
476,161,1
476,162,1
476,163,1
476,164,1
476,165,1
476,166,1
476,167,1
476,168,1
476,169,1
476,170,1
476,171,1
476,172,1
476,173,1
476,174,1
476,175,1
476,176,1
476,177,1
476,178,1
476,179,1
475,180,1
475,181,1
475,182,1
475,183,1
475,184,1
475,185,1
475,186,1
475,187,1
475,188,1
475,189,1
475,190,1
475,191,1
475,192,1
475,193,1
475,194,1
475,195,1
475,196,1
475,197,1
475,198,1
474,199,1
474,200,1
474,201,1
474,202,1
474,203,1
474,204,1
474,205,1
474,206,1
474,207,1
474,208,1
474,209,1
474,210,1
474,211,1
473,211,1
473,212,1
473,213,1
473,214,1
473,215,1
473,216,1
473,217,1
473,218,1
473,219,1
473,220,1
473,221,1
473,222,1
473,223,1
473,224,1
473,225,1
473,226,1
473,227,1
473,228,1
473,229,1
473,230,1
473,231,1
473,232,1
473,233,1
473,234,1
473,235,1
472,236,1
472,237,1
472,238,1
472,239,1
472,240,1
472,241,1
472,242,1
472,243,1
472,244,1
472,245,1
472,246,1
472,247,1
471,247,1
471,248,1
471,249,1
471,250,1
471,251,1
471,252,1
471,253,1
471,254,1
471,255,1
471,256,1
471,257,1
471,258,1
471,259,1
470,260,1
470,261,1
470,262,1
470,263,1
470,264,1
470,265,1
470,266,1
470,267,1
470,268,1
469,269,1
469,270,1
469,271,1
469,272,1
469,273,1
469,274,1
469,275,1
469,276,1
469,277,1
469,278,1
469,279,1
468,280,1
468,281,1
468,282,1
468,283,1
468,284,1
467,285,1
467,286,1
466,286,1
465,286,1
464,285,1
483,206,0
495,127,1
496,127,1
497,127,1
498,127,1
499,127,1
500,127,1
501,127,1
502,127,1
503,127,1
504,127,1
505,127,1
506,127,1
507,127,1
508,127,1
509,127,1
510,127,1
511,127,1
512,127,1
513,127,1
514,127,1
515,127,1
516,127,1
517,127,1
518,127,1
519,127,1
520,127,1
521,127,1
522,127,1
523,127,1
524,127,1
525,127,1
526,127,1
527,127,1
528,127,1
529,127,1
530,127,1
531,127,1
532,127,1
533,127,1
534,127,1
535,127,1
536,127,1
536,126,1
537,126,1
538,126,1
539,126,1
540,126,1
541,126,1
542,126,1
543,126,1
544,126,1
545,126,1
546,126,1
547,126,1
548,126,1
549,126,1
550,126,1
551,126,1
552,126,1
553,126,1
554,126,1
555,126,1
556,126,1
557,126,1
558,126,1
559,126,1
560,126,1
561,125,1
562,125,1
563,125,1
564,125,1
565,125,1
566,125,1
567,125,1
568,125,1
569,125,1
570,125,1
571,125,1
572,125,1
573,125,1
574,125,1
575,125,1
576,125,1
577,125,1
578,125,1
579,125,1
580,125,1
581,125,1
582,125,1
583,125,1
584,125,1
585,125,1
586,125,1
587,125,1
588,125,1
589,125,1
590,125,1
591,125,1
592,125,1
593,125,1
594,125,1
595,125,1
596,125,1
597,125,1
598,125,1
599,125,1
600,125,1
601,125,1
602,125,1
603,125,1
604,125,1
605,125,1
606,125,1
607,125,1
608,125,1
609,125,1
610,125,1
611,125,1
612,125,1
613,125,1
614,125,1
615,125,1
616,125,1
617,125,1
618,125,1
619,125,1
620,125,1
620,124,1
621,124,1
622,124,1
623,124,1
624,124,1
625,124,1
626,124,1
627,124,1
628,124,1
629,124,1
630,124,1
631,124,1
632,124,1
633,124,1
634,124,1
635,124,1
636,124,1
637,124,1
638,124,1
639,124,1
640,124,1
641,124,1
642,124,1
643,124,1
644,124,1
645,124,1
646,124,1
647,124,1
648,124,1
649,124,1
650,124,1
651,124,1
652,124,1
653,124,1
654,124,1
655,124,1
656,124,1
657,124,1
658,124,1
659,124,1
660,124,1
661,124,1
662,124,1
663,124,1
664,124,1
665,124,1
666,124,1
667,124,1
668,124,1
669,124,1
670,124,1
671,124,1
672,124,1
673,124,1
674,124,1
675,124,1
676,124,1
677,124,1
678,124,1
679,124,1
680,124,1
681,124,1
682,124,1
683,124,1
684,124,1
685,124,1
686,124,1
687,124,1
688,124,1
689,124,1
690,124,1
691,124,1
692,124,1
693,124,1
694,124,1
695,124,1
696,124,1
697,124,1
698,124,1
699,124,1
700,124,1
701,124,1
702,124,1
703,124,1
704,124,1
705,124,1
706,124,1
707,124,1
708,124,1
709,124,1
710,124,1
711,124,1
712,124,1
713,125,1
714,125,1
715,125,1
716,125,1
717,125,1
718,125,1
719,125,1
720,125,1
721,125,1
722,125,1
723,125,1
724,125,1
725,125,1
726,125,1
727,125,1
728,125,1
729,125,1
730,125,1
731,125,1
732,125,1
733,125,1
734,125,1
735,125,1
736,125,1
737,125,1
738,125,1
739,125,1
740,125,1
741,125,1
742,125,1
743,125,1
744,125,1
745,125,1
746,125,1
747,125,1
748,125,1
749,125,1
749,124,1
748,124,1
747,123,1
746,123,1
745,123,1
744,123,1
670,141,0
595,162,1
594,161,1
593,160,1
592,160,1
592,159,1
591,158,1
591,157,1
591,156,1
591,155,1
591,154,1
590,153,1
590,152,1
591,151,1
591,150,1
591,149,1
591,148,1
592,148,1
592,147,1
593,146,1
594,145,1
594,144,1
595,144,1
595,143,1
596,143,1
596,142,1
597,142,1
597,141,1
598,141,1
599,140,1
600,140,1
601,139,1
602,138,1
603,138,1
604,137,1
605,137,1
606,137,1
607,136,1
608,136,1
609,136,1
610,135,1
611,135,1
612,135,1
613,135,1
614,135,1
615,135,1
616,135,1
617,134,1
618,134,1
619,134,1
620,134,1
621,134,1
622,135,1
623,135,1
624,135,1
625,135,1
626,135,1
627,135,1
628,135,1
629,135,1
629,136,1
630,136,1
631,136,1
632,136,1
633,137,1
634,137,1
635,137,1
636,137,1
636,138,1
637,138,1
638,138,1
639,139,1
640,139,1
641,140,1
642,140,1
643,141,1
644,141,1
644,142,1
645,142,1
646,143,1
647,144,1
648,145,1
649,146,1
650,147,1
651,148,1
651,149,1
652,150,1
653,151,1
653,152,1
654,153,1
655,154,1
655,155,1
655,156,1
656,157,1
656,158,1
657,159,1
657,160,1
657,161,1
657,162,1
657,163,1
657,164,1
657,165,1
657,166,1
657,167,1
657,168,1
657,169,1
657,170,1
657,171,1
656,171,1
656,172,1
656,173,1
656,174,1
655,175,1
655,176,1
654,177,1
654,178,1
654,179,1
653,180,1
652,181,1
652,182,1
651,183,1
650,184,1
650,185,1
649,186,1
648,187,1
647,188,1
647,189,1
646,189,1
645,190,1
645,191,1
644,191,1
643,192,1
643,193,1
642,193,1
641,194,1
640,195,1
639,196,1
638,197,1
637,197,1
637,198,1
636,198,1
635,199,1
634,199,1
633,200,1
632,201,1
631,201,1
630,202,1
629,202,1
629,203,1
628,203,1
627,204,1
626,204,1
625,205,1
624,205,1
623,206,1
622,206,1
621,207,1
620,207,1
619,208,1
618,208,1
617,208,1
616,209,1
615,209,1
614,209,1
613,210,1
612,210,1
611,210,1
610,210,1
609,211,1
608,211,1
607,211,1
606,211,1
605,211,1
604,211,1
603,212,1
602,212,1
601,212,1
600,212,1
599,212,1
598,212,1
597,212,1
596,212,1
595,212,1
594,212,1
593,212,1
592,212,1
591,212,1
590,212,1
589,211,1
588,211,1
587,212,1
586,212,1
585,212,1
585,213,1
585,214,1
586,215,1
586,216,1
587,216,1
588,217,1
589,218,1
590,218,1
590,219,1
591,219,1
592,220,1
593,220,1
594,221,1
594,222,1
595,222,1
596,223,1
597,223,1
598,224,1
598,225,1
599,225,1
600,226,1
601,227,1
602,227,1
602,228,1
603,229,1
604,229,1
605,230,1
606,231,1
607,231,1
607,232,1
608,233,1
609,233,1
610,234,1
611,235,1
612,236,1
613,236,1
614,237,1
615,237,1
616,238,1
616,239,1
617,239,1
618,240,1
619,240,1
620,241,1
621,242,1
622,242,1
623,243,1
624,243,1
625,244,1
626,244,1
627,245,1
628,245,1
629,246,1
630,246,1
631,247,1
632,247,1
633,247,1
633,248,1
634,248,1
635,249,1
636,249,1
637,249,1
638,249,1
638,250,1
639,250,1
640,250,1
641,251,1
642,251,1
643,251,1
644,252,1
645,252,1
646,252,1
647,252,1
647,253,1
648,253,1
649,253,1
650,253,1
651,253,1
652,253,1
653,253,1
654,254,1
655,254,1
656,254,1
657,254,1
658,254,1
659,254,1
660,254,1
660,253,1
661,253,1
662,253,1
688,217,0
718,176,1
718,177,1
718,178,1
718,179,1
718,180,1
719,180,1
719,181,1
719,182,1
719,183,1
719,184,1
719,185,1
719,186,1
719,187,1
719,188,1
719,189,1
720,189,1
720,190,1
720,191,1
720,192,1
720,193,1
720,194,1
720,195,1
720,196,1
720,197,1
720,198,1
720,199,1
721,200,1
721,201,1
721,202,1
721,203,1
721,204,1
721,205,1
721,206,1
721,207,1
721,208,1
721,209,1
721,210,1
721,211,1
722,212,1
722,213,1
722,214,1
722,215,1
722,216,1
722,217,1
722,218,1
722,219,1
722,220,1
722,221,1
722,222,1
722,223,1
722,224,1
722,225,1
722,226,1
722,227,1
722,228,1
722,229,1
722,230,1
722,231,1
722,232,1
722,233,1
722,234,1
722,235,1
722,236,1
722,237,1
722,238,1
722,239,1
722,240,1
722,241,1
722,242,1
722,243,1
722,244,1
722,245,1
722,246,1
722,247,1
722,248,1
722,249,1
722,250,1
722,251,1
722,252,1
722,253,1
722,254,1
722,255,1
722,256,1
722,257,1
722,258,1
722,259,1
722,260,1
722,261,1
722,262,1
722,263,1
722,264,1
722,265,1
722,266,1
722,267,1
722,268,1
721,269,1
721,270,1
721,271,1
721,272,1
721,273,1
721,274,1
721,275,1
721,276,1
721,277,1
720,278,1
720,279,1
720,280,1
720,281,1
720,282,1
720,283,1
720,284,1
720,285,1
719,285,1
719,286,1
719,287,1
719,288,1
719,289,1
718,290,1
718,289,1
718,288,1
718,287,1
718,287,0
