478,313,0
70,347,1
117,364,1
117,365,1
118,366,1
119,367,1
120,368,1
120,369,1
121,369,1
121,370,1
121,371,1
122,372,1
122,373,1
123,374,1
123,375,1
123,376,1
123,377,1
123,378,1
123,379,1
123,380,1
123,381,1
123,382,1
123,383,1
123,384,1
123,385,1
122,386,1
122,387,1
122,388,1
121,389,1
121,390,1
121,391,1
120,391,1
120,392,1
119,393,1
119,394,1
118,395,1
117,396,1
116,397,1
116,398,1
115,399,1
114,399,1
114,400,1
113,401,1
112,401,1
111,402,1
111,403,1
110,403,1
70,413,1
71,413,1
71,412,1
72,412,1
73,411,1
74,411,1
75,410,1
76,410,1
77,410,1
78,409,1
79,409,1
80,409,1
81,409,1
82,408,1
83,408,1
84,408,1
85,408,1
86,408,1
87,407,1
88,407,1
89,407,1
90,407,1
91,407,1
92,407,1
93,407,1
94,407,1
95,407,1
96,407,1
97,407,1
98,407,1
99,407,1
100,407,1
101,407,1
102,407,1
103,407,1
104,407,1
105,407,1
106,407,1
107,407,1
108,407,1
109,407,1
110,407,1
111,407,1
111,408,1
112,408,1
113,408,1
114,408,1
115,408,1
116,408,1
117,409,1
118,409,1
119,409,1
120,409,1
121,409,1
122,410,1
123,410,1
124,410,1
125,410,1
126,411,1
127,411,1
128,411,1
129,412,1
130,412,1
131,412,1
131,413,1
132,413,1
133,413,1
134,414,1
135,414,1
136,414,1
137,415,1
138,415,1
139,416,1
140,416,1
141,416,1
142,417,1
143,417,1
144,418,1
145,419,1
146,419,1
147,420,1
148,421,1
149,421,1
150,422,1
151,422,1
151,423,1
152,423,1
153,424,1
154,425,1
155,425,1
156,426,1
156,427,1
157,427,1
158,428,1
159,429,1
160,430,1
161,431,1
161,432,1
162,432,1
163,433,1
163,434,1
164,435,1
165,435,1
165,436,1
166,437,1
166,438,1
167,439,1
167,440,1
168,440,1
168,441,1
169,442,1
169,443,1
170,444,1
170,445,1
170,446,1
171,447,1
171,448,1
172,449,1
172,450,1
172,451,1
172,452,1
172,453,1
172,454,1
172,455,1
173,456,1
173,457,1
173,458,1
173,459,1
173,460,1
172,461,1
172,462,1
172,463,1
172,464,1
172,465,1
172,466,1
171,467,1
171,468,1
171,469,1
171,470,1
170,470,1
170,471,1
169,472,1
169,473,1
168,474,1
168,475,1
168,476,1
167,477,1
166,477,1
166,478,1
165,479,1
165,480,1
164,481,1
163,481,1
163,482,1
162,483,1
161,484,1
160,485,1
159,486,1
158,486,1
157,487,1
157,488,1
156,488,1
155,489,1
154,490,1
153,490,1
153,491,1
152,491,1
151,492,1
150,492,1
149,493,1
148,493,1
147,494,1
146,494,1
145,495,1
144,495,1
143,496,1
142,496,1
142,497,1
141,497,1
140,497,1
139,498,1
138,498,1
137,499,1
136,499,1
135,499,1
134,500,1
133,500,1
132,500,1
131,501,1
130,501,1
129,501,1
128,502,1
127,502,1
126,502,1
125,502,1
124,503,1
123,503,1
122,503,1
121,503,1
120,504,1
119,504,1
118,504,1
117,504,1
116,505,1
115,505,1
114,505,1
113,505,1
112,506,1
111,506,1
110,506,1
109,506,1
108,506,1
107,506,1
106,507,1
105,507,1
104,507,1
103,507,1
102,507,1
101,507,1
100,508,1
99,508,1
98,508,1
97,508,1
96,508,1
95,508,1
94,508,1
93,508,1
92,508,1
91,508,1
90,508,1
89,508,1
88,509,1
87,509,1
86,509,1
85,509,1
84,509,1
83,509,1
82,509,1
81,509,1
80,509,1
79,509,1
78,509,1
77,509,1
76,509,1
75,508,1
74,508,1
73,508,1
72,508,1
71,508,1
70,508,1
69,508,1
68,508,1
67,508,1
66,508,1
65,508,1
64,507,1
63,507,1
62,507,1
61,507,1
60,507,1
59,507,1
58,507,1
57,506,1
56,506,1
55,506,1
54,506,1
53,506,1
52,505,1
51,505,1
50,505,1
49,505,1
48,505,1
47,504,1
46,504,1
45,504,1
44,504,1
44,503,1
43,503,1
42,503,1
41,502,1
40,502,1
39,502,1
38,502,1
37,501,1
36,501,1
35,501,1
34,500,1
33,500,1
32,500,1
31,499,1
30,499,1
29,498,1
28,498,1
27,497,1
26,497,1
25,497,1
24,496,1
23,496,1
23,495,1
22,495,1
21,494,1
20,494,1
19,493,1
18,493,1
17,492,1
16,491,1
15,490,1
14,489,1
13,489,1
12,488,1
12,487,1
11,487,1
10,486,1
9,486,1
9,485,1
8,484,1
7,484,1
7,483,1
6,482,1
5,481,1
4,480,1
4,479,1
4,478,1
4,477,1
4,476,1
4,475,1
4,474,1
5,473,1
106,435,0
197,390,1
198,390,1
199,390,1
200,390,1
201,389,1
202,389,1
203,389,1
204,389,1
205,389,1
206,389,1
207,388,1
208,388,1
209,388,1
210,388,1
211,388,1
212,387,1
213,387,1
214,387,1
215,386,1
216,386,1
217,386,1
218,385,1
219,385,1
220,385,1
221,384,1
222,384,1
223,384,1
224,383,1
225,383,1
226,383,1
226,382,1
227,382,1
228,381,1
229,381,1
230,381,1
231,380,1
232,380,1
233,379,1
234,379,1
235,378,1
236,378,1
237,377,1
238,377,1
239,376,1
240,376,1
241,375,1
242,374,1
243,373,1
244,373,1
245,372,1
246,371,1
247,371,1
248,370,1
249,369,1
250,368,1
251,367,1
252,367,1
253,366,1
253,365,1
254,364,1
255,364,1
256,363,1
257,362,1
258,361,1
259,360,1
260,359,1
261,358,1
261,357,1
262,357,1
263,356,1
264,355,1
265,355,1
265,354,1
266,354,1
266,353,1
267,353,1
268,353,1
268,354,1
268,355,1
269,355,1
269,356,1
268,356,1
268,357,1
268,358,1
268,359,1
268,360,1
268,361,1
268,362,1
268,363,1
268,364,1
268,365,1
267,366,1
267,367,1
267,368,1
267,369,1
267,370,1
267,371,1
267,372,1
267,373,1
267,374,1
267,375,1
267,376,1
267,377,1
267,378,1
267,379,1
267,380,1
266,381,1
266,382,1
266,383,1
266,384,1
266,385,1
266,386,1
266,387,1
266,388,1
266,389,1
266,390,1
266,391,1
266,392,1
267,393,1
267,394,1
267,395,1
267,396,1
267,397,1
267,398,1
267,399,1
267,400,1
267,401,1
267,402,1
267,403,1
267,404,1
267,405,1
267,406,1
267,407,1
267,408,1
267,409,1
268,410,1
268,411,1
268,412,1
268,413,1
268,414,1
268,415,1
268,416,1
268,417,1
268,418,1
268,419,1
268,420,1
268,421,1
269,422,1
269,423,1
269,424,1
269,425,1
269,426,1
269,427,1
269,428,1
269,429,1
269,430,1
270,431,1
270,432,1
270,433,1
270,434,1
270,435,1
270,436,1
270,437,1
270,438,1
271,439,1
271,440,1
271,441,1
271,442,1
271,443,1
271,444,1
272,445,1
272,446,1
272,447,1
272,448,1
272,449,1
272,450,1
273,451,1
273,452,1
273,453,1
273,454,1
273,455,1
273,456,1
274,457,1
274,458,1
274,459,1
274,460,1
274,461,1
275,462,1
275,463,1
275,464,1
275,465,1
276,466,1
276,467,1
276,468,1
276,469,1
277,470,1
277,471,1
277,472,1
277,473,1
278,473,1
278,474,1
278,475,1
279,476,1
279,477,1
279,478,1
279,479,1
280,480,1
280,481,1
280,482,1
281,483,1
281,484,1
281,485,1
282,486,1
282,487,1
283,488,1
283,489,1
284,490,1
284,491,1
285,492,1
285,493,1
286,494,1
286,495,1
287,496,1
287,497,1
288,498,1
289,499,1
290,499,1
290,498,1
291,497,1
291,496,1
291,495,1
292,495,1
394,430,0
498,353,1
498,354,1
498,355,1
498,356,1
499,357,1
499,358,1
499,359,1
499,360,1
499,361,1
499,362,1
500,363,1
500,364,1
500,365,1
500,366,1
500,367,1
500,368,1
500,369,1
501,370,1
501,371,1
501,372,1
501,373,1
501,374,1
501,375,1
501,376,1
502,377,1
502,378,1
502,379,1
502,380,1
502,381,1
502,382,1
502,383,1
503,384,1
503,385,1
503,386,1
503,387,1
503,388,1
503,389,1
503,390,1
504,391,1
504,392,1
504,393,1
504,394,1
504,395,1
504,396,1
504,397,1
505,398,1
505,399,1
505,400,1
505,401,1
505,402,1
505,403,1
506,404,1
506,405,1
506,406,1
506,407,1
506,408,1
506,409,1
507,410,1
507,411,1
507,412,1
507,413,1
507,414,1
508,415,1
508,416,1
508,417,1
508,418,1
508,419,1
508,420,1
509,421,1
509,422,1
509,423,1
509,424,1
509,425,1
509,426,1
510,427,1
510,428,1
510,429,1
510,430,1
510,431,1
511,432,1
511,433,1
511,434,1
511,435,1
511,436,1
512,436,1
512,437,1
512,438,1
512,439,1
512,440,1
512,441,1
513,442,1
513,443,1
513,444,1
513,445,1
514,445,1
514,444,1
514,443,1
514,442,1
514,441,1
514,440,1
505,398,0
505,357,1
504,356,1
503,356,1
503,355,1
502,354,1
501,354,1
500,353,1
499,352,1
498,352,1
497,351,1
496,351,1
495,350,1
494,350,1
493,349,1
492,349,1
491,349,1
490,349,1
489,349,1
488,349,1
487,348,1
486,348,1
485,348,1
484,348,1
483,347,1
482,347,1
481,347,1
480,347,1
479,347,1
478,347,1
477,346,1
476,346,1
475,346,1
474,346,1
473,346,1
472,346,1
471,346,1
470,346,1
469,346,1
468,346,1
467,346,1
466,346,1
465,346,1
464,346,1
463,346,1
462,346,1
461,346,1
460,347,1
459,347,1
458,347,1
457,347,1
456,347,1
455,347,1
454,347,1
453,348,1
452,348,1
451,348,1
450,348,1
449,348,1
448,349,1
447,349,1
446,349,1
445,349,1
444,350,1
443,350,1
442,350,1
441,351,1
440,351,1
439,351,1
438,352,1
437,352,1
436,353,1
435,353,1
434,353,1
433,354,1
432,354,1
431,355,1
430,355,1
429,356,1
428,356,1
427,357,1
426,357,1
426,358,1
425,358,1
424,359,1
423,359,1
422,360,1
421,360,1
420,361,1
419,361,1
418,362,1
417,363,1
416,364,1
415,364,1
414,365,1
413,366,1
412,367,1
411,368,1
410,368,1
410,369,1
409,370,1
408,370,1
407,371,1
407,372,1
406,373,1
405,374,1
404,375,1
404,376,1
403,376,1
403,377,1
402,378,1
402,379,1
401,380,1
401,381,1
400,382,1
400,383,1
399,384,1
399,385,1
399,386,1
399,387,1
398,388,1
398,389,1
398,390,1
398,391,1
398,392,1
398,393,1
398,394,1
398,395,1
399,395,1
399,396,1
399,397,1
399,398,1
400,398,1
400,399,1
400,400,1
401,400,1
401,401,1
402,402,1
403,403,1
404,404,1
405,404,1
405,405,1
406,405,1
407,405,1
408,405,1
409,406,1
410,405,1
411,405,1
412,405,1
413,405,1
413,404,1
414,404,1
414,403,1
415,403,1
415,402,1
415,401,1
416,401,1
416,400,1
416,399,1
416,398,1
416,397,1
416,396,1
415,396,1
415,395,1
415,394,1
414,393,1
414,392,1
413,391,1
412,390,1
411,389,1
410,389,1
410,388,1
409,387,1
408,387,1
408,386,1
407,386,1
406,385,1
405,384,1
404,384,1
403,384,1
403,383,1
402,383,1
401,382,1
400,382,1
399,382,1
398,381,1
397,381,1
396,380,1
395,380,1
394,380,1
393,380,1
392,379,1
391,379,1
390,379,1
389,379,1
388,379,1
387,378,1
386,378,1
385,378,1
384,378,1
383,378,1
382,377,1
381,377,1
380,377,1
379,377,1
378,377,1
377,377,1
376,377,1
375,376,1
374,376,1
373,376,1
372,376,1
371,376,1
370,376,1
369,376,1
368,376,1
367,377,1
366,377,1
365,377,1
364,377,1
363,377,1
363,378,1
414,299,0
451,231,1
451,230,1
452,229,1
452,228,1
453,227,1
453,226,1
454,225,1
455,224,1
456,223,1
457,222,1
458,221,1
459,220,1
460,220,1
461,219,1
462,219,1
463,218,1
464,218,1
465,217,1
466,217,1
467,216,1
468,216,1
468,215,1
469,215,1
470,214,1
471,214,1
472,213,1
473,213,1
474,212,1
475,212,1
476,211,1
477,211,1
478,211,1
479,210,1
480,210,1
481,210,1
482,209,1
483,209,1
484,209,1
485,208,1
486,208,1
487,208,1
487,207,1
488,207,1
489,207,1
490,207,1
491,206,1
492,206,1
493,206,1
494,206,1
495,206,1
496,205,1
497,205,1
498,205,1
499,205,1
500,205,1
501,205,1
502,204,1
503,204,1
504,204,1
505,204,1
506,204,1
507,204,1
508,204,1
509,204,1
510,204,1
511,204,1
512,204,1
513,204,1
514,204,1
515,204,1
516,204,1
517,204,1
518,204,1
519,204,1
520,204,1
521,204,1
522,204,1
523,204,1
524,204,1
525,204,1
526,204,1
527,204,1
528,205,1
529,205,1
530,205,1
531,205,1
532,205,1
533,205,1
534,206,1
535,206,1
536,206,1
537,206,1
538,207,1
539,207,1
540,207,1
541,207,1
542,208,1
543,208,1
544,209,1
545,209,1
546,209,1
547,210,1
548,210,1
549,210,1
550,211,1
551,211,1
552,212,1
553,212,1
554,212,1
555,213,1
556,214,1
557,214,1
558,215,1
559,215,1
560,216,1
561,216,1
562,217,1
562,218,1
563,218,1
564,219,1
565,219,1
566,220,1
567,220,1
567,221,1
568,221,1
569,222,1
570,223,1
571,223,1
571,224,1
572,225,1
573,225,1
574,226,1
574,227,1
575,227,1
576,228,1
577,229,1
577,230,1
578,230,1
579,231,1
579,232,1
580,233,1
581,233,1
581,234,1
582,235,1
583,236,1
583,237,1
584,237,1
585,238,1
585,239,1
586,240,1
586,241,1
587,242,1
588,242,1
588,243,1
589,244,1
589,245,1
590,246,1
590,247,1
591,248,1
592,249,1
592,250,1
593,251,1
593,252,1
594,253,1
594,254,1
595,255,1
595,256,1
596,257,1
596,258,1
597,259,1
597,260,1
597,261,1
598,262,1
598,263,1
599,264,1
599,265,1
599,266,1
600,267,1
600,268,1
600,269,1
601,270,1
601,271,1
601,272,1
602,273,1
602,274,1
602,275,1
603,276,1
603,277,1
603,278,1
603,279,1
604,280,1
604,281,1
604,282,1
604,283,1
605,284,1
605,285,1
605,286,1
605,287,1
606,288,1
606,289,1
606,290,1
606,291,1
606,292,1
607,293,1
607,294,1
607,295,1
607,296,1
607,297,1
608,298,1
608,299,1
608,300,1
608,301,1
608,302,1
608,303,1
609,304,1
609,305,1
609,306,1
609,307,1
609,308,1
609,309,1
609,310,1
609,311,1
610,312,1
610,313,1
610,314,1
610,315,1
610,316,1
610,317,1
610,318,1
610,319,1
610,320,1
611,321,1
611,322,1
611,323,1
611,324,1
611,325,1
611,326,1
611,327,1
611,328,1
611,329,1
611,330,1
611,331,1
611,332,1
611,333,1
611,334,1
612,335,1
612,336,1
612,337,1
612,338,1
612,339,1
612,340,1
612,341,1
612,342,1
612,343,1
612,344,1
612,345,1
612,346,1
612,347,1
612,348,1
612,349,1
612,350,1
612,351,1
612,352,1
613,353,1
613,354,1
613,355,1
613,356,1
613,357,1
613,358,1
613,359,1
613,360,1
613,361,1
613,362,1
613,363,1
613,364,1
613,365,1
613,366,1
613,367,1
613,368,1
613,369,1
613,370,1
613,371,1
613,372,1
614,373,1
614,374,1
614,375,1
614,376,1
614,377,1
614,378,1
614,379,1
614,380,1
614,381,1
614,382,1
614,383,1
614,384,1
614,385,1
614,386,1
614,387,1
614,388,1
614,389,1
614,390,1
614,391,1
614,392,1
614,393,1
614,394,1
614,395,1
614,396,1
614,397,1
614,398,1
614,399,1
614,400,1
614,401,1
614,402,1
614,403,1
614,404,1
614,405,1
614,406,1
614,407,1
614,408,1
614,409,1
614,410,1
614,411,1
614,412,1
614,413,1
614,414,1
614,415,1
614,416,1
614,417,1
614,418,1
614,419,1
614,420,1
614,421,1
614,422,1
614,423,1
614,424,1
614,425,1
614,426,1
614,427,1
614,428,1
614,429,1
614,430,1
614,431,1
614,432,1
614,433,1
614,434,1
614,435,1
614,436,1
614,437,1
614,438,1
614,439,1
614,440,1
614,441,1
614,442,1
613,443,1
613,444,1
613,445,1
613,446,1
613,447,1
613,448,1
613,449,1
613,450,1
613,451,1
612,452,1
612,453,1
612,454,1
612,455,1
611,455,1
611,456,1
610,456,1
609,456,1
609,455,1
608,455,1
608,454,1
608,453,1
608,452,1
608,451,1
608,450,1
607,449,1
607,448,1
607,447,1
607,446,1
606,445,1
606,444,1
606,443,1
635,352,0
653,253,1
654,253,1
655,253,1
656,253,1
657,253,1
658,253,1
659,253,1
660,253,1
661,253,1
662,252,1
663,252,1
664,252,1
665,252,1
666,252,1
667,252,1
668,252,1
669,252,1
670,252,1
671,252,1
672,252,1
673,252,1
674,252,1
675,252,1
676,252,1
677,252,1
678,252,1
679,252,1
680,252,1
681,252,1
682,251,1
683,251,1
684,251,1
685,251,1
686,251,1
687,251,1
688,251,1
689,251,1
690,251,1
691,251,1
692,251,1
693,251,1
694,251,1
695,250,1
696,250,1
697,250,1
698,250,1
699,250,1
700,250,1
701,250,1
702,250,1
703,250,1
704,250,1
705,250,1
706,250,1
707,250,1
708,249,1
709,249,1
710,249,1
711,249,1
712,249,1
713,249,1
714,249,1
715,249,1
716,249,1
717,249,1
718,249,1
719,249,1
720,249,1
721,249,1
722,249,1
723,249,1
724,248,1
725,248,1
726,248,1
727,248,1
728,248,1
729,248,1
730,248,1
731,248,1
732,248,1
733,248,1
734,248,1
735,248,1
736,248,1
737,248,1
738,248,1
739,248,1
740,248,1
741,248,1
742,248,1
743,248,1
744,248,1
745,248,1
746,248,1
747,248,1
748,248,1
749,248,1
750,248,1
751,248,1
752,248,1
753,247,1
754,247,1
755,247,1
756,247,1
757,247,1
758,247,1
759,247,1
760,247,1
761,247,1
762,247,1
763,247,1
764,247,1
765,247,1
766,247,1
767,247,1
768,247,1
769,247,1
770,247,1
771,247,1
772,247,1
773,247,1
774,247,1
775,247,1
776,247,1
777,247,1
778,247,1
779,247,1
780,247,1
781,247,1
782,247,1
783,247,1
784,247,1
785,247,1
786,247,1
787,246,1
788,246,1
789,246,1
790,246,1
791,246,1
792,246,1
793,246,1
794,246,1
795,246,1
796,246,1
797,246,1
798,246,1
799,246,1
800,246,1
801,246,1
802,246,1
803,246,1
804,246,1
805,246,1
806,246,1
807,246,1
808,246,1
809,246,1
810,246,1
811,246,1
812,246,1
813,246,1
814,246,1
815,246,1
816,246,1
817,246,1
818,246,1
819,246,1
820,246,1
821,246,1
822,246,1
823,246,1
824,246,1
825,246,1
826,246,1
827,246,1
828,246,1
829,246,1
830,246,1
831,246,1
832,246,1
833,246,1
834,246,1
835,246,1
836,246,1
837,246,1
838,246,1
839,246,1
840,246,1
841,246,1
842,246,1
843,246,1
844,246,1
845,246,1
846,246,1
847,246,1
848,246,1
849,246,1
850,246,1
851,246,1
852,246,1
853,246,1
854,246,1
855,246,1
856,246,1
857,246,1
858,246,1
859,246,1
860,246,1
861,246,1
862,246,1
863,246,1
864,246,1
865,246,1
866,246,1
867,246,1
868,246,1
869,246,1
870,246,1
871,246,1
872,246,1
873,246,1
874,246,1
875,246,1
876,246,1
877,246,1
878,246,1
879,246,1
880,246,1
881,246,1
882,246,1
883,246,1
884,246,1
885,246,1
886,246,1
887,246,1
888,246,1
889,246,1
890,246,1
891,246,1
892,246,1
893,246,1
894,246,1
895,246,1
896,246,1
897,246,1
898,246,1
899,246,1
900,246,1
901,246,1
902,246,1
903,246,1
904,246,1
905,246,1
906,246,1
907,246,1
908,246,1
909,246,1
910,246,1
911,246,1
912,246,1
913,246,1
914,246,1
915,246,1
916,246,1
917,246,1
918,246,1
919,246,1
920,246,1
921,246,1
922,247,1
923,247,1
924,247,1
925,247,1
926,247,1
927,247,1
928,247,1
929,247,1
928,247,1
927,247,1
926,247,1
925,247,1
924,247,1
923,247,1
827,271,0
735,300,1
734,300,1
733,299,1
732,299,1
731,299,1
730,298,1
729,298,1
728,297,1
727,297,1
726,296,1
725,296,1
725,295,1
724,294,1
723,293,1
723,292,1
723,291,1
723,290,1
723,289,1
723,288,1
723,287,1
722,287,1
722,286,1
722,285,1
722,284,1
722,283,1
723,283,1
723,282,1
723,281,1
724,280,1
724,279,1
725,279,1
725,278,1
726,277,1
727,276,1
728,275,1
729,275,1
729,274,1
730,274,1
731,273,1
732,273,1
733,272,1
734,272,1
735,271,1
736,271,1
737,271,1
738,270,1
739,270,1
740,270,1
741,270,1
742,269,1
743,269,1
744,269,1
745,269,1
746,269,1
747,269,1
748,269,1
749,269,1
750,269,1
751,269,1
752,269,1
753,269,1
754,269,1
755,269,1
756,269,1
757,269,1
758,270,1
759,270,1
760,270,1
761,270,1
762,270,1
763,271,1
764,271,1
765,271,1
766,271,1
767,272,1
768,272,1
769,272,1
770,273,1
771,273,1
772,273,1
773,274,1
774,274,1
774,275,1
775,275,1
776,276,1
777,276,1
778,276,1
779,277,1
780,277,1
781,278,1
781,279,1
782,279,1
783,280,1
784,280,1
785,281,1
786,282,1
787,283,1
788,283,1
788,284,1
789,285,1
790,286,1
791,287,1
792,288,1
792,289,1
793,289,1
794,290,1
794,291,1
795,292,1
795,293,1
796,294,1
797,295,1
797,296,1
798,297,1
798,298,1
798,299,1
799,300,1
799,301,1
799,302,1
800,302,1
800,303,1
800,304,1
801,305,1
801,306,1
801,307,1
801,308,1
801,309,1
801,310,1
802,311,1
802,312,1
802,313,1
802,314,1
802,315,1
802,316,1
802,317,1
802,318,1
802,319,1
802,320,1
802,321,1
802,322,1
801,323,1
801,324,1
801,325,1
801,326,1
801,327,1
801,328,1
800,329,1
800,330,1
799,331,1
799,332,1
799,333,1
798,334,1
798,335,1
798,336,1
797,337,1
797,338,1
796,339,1
796,340,1
795,341,1
795,342,1
794,343,1
793,344,1
793,345,1
792,345,1
792,346,1
791,347,1
790,348,1
790,349,1
789,349,1
788,350,1
788,351,1
787,352,1
786,352,1
786,353,1
785,354,1
784,354,1
783,355,1
783,356,1
782,357,1
781,357,1
780,358,1
779,358,1
778,359,1
778,360,1
777,360,1
776,361,1
775,361,1
774,362,1
773,362,1
772,363,1
771,363,1
770,364,1
769,364,1
769,365,1
768,365,1
767,365,1
766,366,1
765,366,1
764,366,1
763,366,1
762,367,1
761,367,1
760,367,1
759,367,1
758,367,1
757,367,1
756,367,1
755,368,1
754,368,1
753,368,1
752,368,1
751,368,1
750,367,1
749,367,1
748,367,1
747,367,1
746,367,1
745,367,1
744,366,1
743,366,1
742,366,1
741,366,1
740,366,1
739,366,1
738,366,1
738,365,1
737,365,1
736,365,1
735,365,1
734,365,1
734,366,1
733,366,1
732,366,1
732,367,1
732,368,1
732,369,1
732,370,1
732,371,1
732,372,1
733,372,1
733,373,1
733,374,1
734,374,1
734,375,1
734,376,1
735,377,1
735,378,1
736,379,1
737,380,1
737,381,1
738,382,1
739,383,1
739,384,1
740,384,1
741,385,1
741,386,1
742,387,1
742,388,1
743,389,1
744,390,1
744,391,1
745,391,1
746,392,1
747,393,1
747,394,1
748,395,1
749,396,1
749,397,1
750,397,1
751,398,1
752,399,1
752,400,1
753,400,1
754,401,1
755,402,1
755,403,1
756,403,1
757,404,1
758,405,1
759,405,1
760,406,1
760,407,1
761,407,1
762,408,1
763,409,1
764,409,1
765,410,1
766,410,1
766,411,1
767,411,1
768,412,1
769,412,1
770,413,1
771,413,1
772,414,1
773,414,1
774,415,1
775,416,1
776,416,1
777,416,1
778,417,1
779,417,1
780,417,1
781,418,1
782,418,1
783,418,1
784,419,1
785,419,1
786,419,1
787,420,1
788,420,1
789,420,1
790,420,1
790,421,1
791,421,1
792,421,1
793,421,1
794,421,1
795,421,1
796,421,1
797,421,1
798,421,1
799,421,1
800,421,1
801,421,1
802,421,1
803,421,1
804,421,1
805,421,1
806,421,1
807,421,1
808,421,1
809,421,1
810,421,1
811,420,1
812,420,1
813,420,1
814,420,1
815,419,1
816,419,1
816,418,1
817,418,1
818,417,1
819,417,1
820,416,1
821,415,1
822,414,1
823,414,1
824,413,1
848,364,0
880,299,1
880,300,1
880,301,1
880,302,1
880,303,1
880,304,1
881,305,1
881,306,1
881,307,1
881,308,1
881,309,1
881,310,1
881,311,1
881,312,1
881,313,1
881,314,1
881,315,1
881,316,1
882,317,1
882,318,1
882,319,1
882,320,1
882,321,1
882,322,1
882,323,1
882,324,1
882,325,1
882,326,1
882,327,1
882,328,1
882,329,1
883,330,1
883,331,1
883,332,1
883,333,1
883,334,1
883,335,1
883,336,1
883,337,1
883,338,1
883,339,1
883,340,1
883,341,1
883,342,1
883,343,1
883,344,1
883,345,1
884,346,1
884,347,1
884,348,1
884,349,1
884,350,1
884,351,1
884,352,1
884,353,1
884,354,1
884,355,1
884,356,1
884,357,1
884,358,1
884,359,1
884,360,1
884,361,1
884,362,1
884,363,1
885,364,1
885,365,1
885,366,1
885,367,1
885,368,1
885,369,1
885,370,1
885,371,1
885,372,1
885,373,1
885,374,1
885,375,1
885,376,1
885,377,1
885,378,1
885,379,1
885,380,1
885,381,1
885,382,1
885,383,1
885,384,1
885,385,1
885,386,1
885,387,1
885,388,1
886,389,1
886,390,1
886,391,1
886,392,1
886,393,1
886,394,1
886,395,1
886,396,1
886,397,1
886,398,1
886,399,1
886,400,1
886,401,1
886,402,1
886,403,1
886,404,1
886,405,1
886,406,1
886,407,1
886,408,1
886,409,1
886,410,1
886,411,1
886,412,1
886,413,1
886,414,1
886,415,1
886,416,1
886,417,1
886,418,1
886,419,1
886,420,1
886,421,1
886,422,1
886,423,1
886,424,1
886,425,1
886,426,1
886,427,1
886,428,1
886,429,1
886,430,1
886,431,1
886,432,1
886,433,1
886,434,1
886,435,1
886,436,1
886,435,1
886,434,1
886,433,1
886,432,1
886,431,1
886,430,1
886,430,0
