156,183,1
157,183,1
158,183,1
159,183,1
160,183,1
161,183,1
162,183,1
163,183,1
164,183,1
165,182,1
166,182,1
167,182,1
168,182,1
169,182,1
170,182,1
171,182,1
172,182,1
173,182,1
174,182,1
175,182,1
176,182,1
177,182,1
178,182,1
179,182,1
180,182,1
181,182,1
182,182,1
183,182,1
184,182,1
185,182,1
186,182,1
187,182,1
188,182,1
189,182,1
190,182,1
191,182,1
192,182,1
193,182,1
194,181,1
195,181,1
196,181,1
197,181,1
198,181,1
199,181,1
200,181,1
201,181,1
202,181,1
203,181,1
204,181,1
205,181,1
206,181,1
207,181,1
208,181,1
209,181,1
210,181,1
255,179,1
256,179,1
257,179,1
258,179,1
259,179,1
260,179,1
261,179,1
262,179,1
263,179,1
264,179,1
265,179,1
266,179,1
267,179,1
268,179,1
269,179,1
270,179,1
271,179,1
272,179,1
273,179,1
274,179,1
275,179,1
276,179,1
277,179,1
278,179,1
279,179,1
280,179,1
281,179,1
282,179,1
327,178,1
328,178,1
329,177,1
330,177,1
331,177,1
332,177,1
333,177,1
334,177,1
335,177,1
336,177,1
336,176,1
335,176,1
334,176,1
333,176,1
332,176,1
331,176,1
330,176,1
264,185,0
191,193,1
192,193,1
193,194,1
194,194,1
195,195,1
196,196,1
197,197,1
198,198,1
199,199,1
199,200,1
200,200,1
200,201,1
200,202,1
200,203,1
200,204,1
200,205,1
200,206,1
200,207,1
200,208,1
200,209,1
200,210,1
199,210,1
199,211,1
199,212,1
199,213,1
198,213,1
198,214,1
198,215,1
197,215,1
197,216,1
197,217,1
196,217,1
196,218,1
195,219,1
195,220,1
194,220,1
194,221,1
193,221,1
193,222,1
192,222,1
192,223,1
191,224,1
190,224,1
190,225,1
189,225,1
188,226,1
187,226,1
187,227,1
186,227,1
186,228,1
185,228,1
184,228,1
184,229,1
183,229,1
182,229,1
181,230,1
180,230,1
180,231,1
179,231,1
178,231,1
177,231,1
176,232,1
175,232,1
174,232,1
173,232,1
172,232,1
171,232,1
172,232,1
172,231,1
173,231,1
174,230,1
175,230,1
176,230,1
177,229,1
178,229,1
179,229,1
180,229,1
181,229,1
182,229,1
182,228,1
183,228,1
184,228,1
185,228,1
186,228,1
187,228,1
188,228,1
189,228,1
190,228,1
191,228,1
192,228,1
193,228,1
194,228,1
195,228,1
196,228,1
197,228,1
198,228,1
199,228,1
199,229,1
200,229,1
201,229,1
202,229,1
203,229,1
204,229,1
204,230,1
205,230,1
206,230,1
207,230,1
208,231,1
209,231,1
210,232,1
211,232,1
212,232,1
212,233,1
213,233,1
214,234,1
215,234,1
216,235,1
217,236,1
218,237,1
219,238,1
220,238,1
220,239,1
221,239,1
221,240,1
222,240,1
222,241,1
223,242,1
224,243,1
224,244,1
225,245,1
225,246,1
226,247,1
226,248,1
226,249,1
226,250,1
227,251,1
227,252,1
227,253,1
227,254,1
227,255,1
227,256,1
227,257,1
226,257,1
226,258,1
226,259,1
226,260,1
226,261,1
225,262,1
225,263,1
224,264,1
224,265,1
223,265,1
223,266,1
223,267,1
222,267,1
222,268,1
221,268,1
221,269,1
220,269,1
220,270,1
219,270,1
218,271,1
217,272,1
216,273,1
215,273,1
215,274,1
214,274,1
213,274,1
213,275,1
212,275,1
211,276,1
210,276,1
210,277,1
209,277,1
208,277,1
207,278,1
206,278,1
205,278,1
205,279,1
204,279,1
203,279,1
203,280,1
202,280,1
201,280,1
200,281,1
199,281,1
198,281,1
197,281,1
196,282,1
195,282,1
194,282,1
193,282,1
193,283,1
192,283,1
191,283,1
190,283,1
189,283,1
188,283,1
188,284,1
187,284,1
186,284,1
185,284,1
184,284,1
183,284,1
182,285,1
181,285,1
180,285,1
179,285,1
178,285,1
177,285,1
176,285,1
175,285,1
174,285,1
173,285,1
172,285,1
171,285,1
170,285,1
169,285,1
168,285,1
167,285,1
166,285,1
165,285,1
164,285,1
163,285,1
162,285,1
161,285,1
160,285,1
159,285,1
158,284,1
157,284,1
156,284,1
155,284,1
154,284,1
153,283,1
152,283,1
151,283,1
150,283,1
149,283,1
148,282,1
147,282,1
146,282,1
145,281,1
144,281,1
143,281,1
142,280,1
141,280,1
140,280,1
140,279,1
139,279,1
138,279,1
138,278,1
137,278,1
136,277,1
135,277,1
134,276,1
133,276,1
132,275,1
131,274,1
130,274,1
129,273,1
128,272,1
127,271,1
126,270,1
126,269,1
125,268,1
125,267,1
125,266,1
126,266,1
126,265,1
126,264,1
126,263,1
127,263,1
127,262,1
128,261,1
129,260,1
191,238,0
252,213,1
253,213,1
254,213,1
254,212,1
255,212,1
256,212,1
257,212,1
257,211,1
258,211,1
259,211,1
260,210,1
261,210,1
262,209,1
263,208,1
264,208,1
265,207,1
265,206,1
266,206,1
266,205,1
267,205,1
267,204,1
268,203,1
269,202,1
269,201,1
270,201,1
270,200,1
271,199,1
271,198,1
272,197,1
272,196,1
273,196,1
273,195,1
274,194,1
274,193,1
275,193,1
276,193,1
277,193,1
277,194,1
277,195,1
277,196,1
277,197,1
277,198,1
277,199,1
277,200,1
277,201,1
277,202,1
277,203,1
277,204,1
277,205,1
277,206,1
277,207,1
277,208,1
277,209,1
277,210,1
277,211,1
277,212,1
277,213,1
277,214,1
277,215,1
278,216,1
278,217,1
278,218,1
278,219,1
278,220,1
278,221,1
278,222,1
278,223,1
278,224,1
278,225,1
278,226,1
279,227,1
279,228,1
279,229,1
279,230,1
279,231,1
279,232,1
279,233,1
279,234,1
279,235,1
279,236,1
279,237,1
279,238,1
279,239,1
279,240,1
279,241,1
279,242,1
279,243,1
279,244,1
279,245,1
279,246,1
280,246,1
280,247,1
280,248,1
280,249,1
280,250,1
280,251,1
280,252,1
281,253,1
281,254,1
281,255,1
281,256,1
281,257,1
281,258,1
281,259,1
281,260,1
282,260,1
282,261,1
282,262,1
282,263,1
282,264,1
282,265,1
282,266,1
282,267,1
282,268,1
282,269,1
282,270,1
282,271,1
283,271,1
283,272,1
283,273,1
283,274,1
283,275,1
283,276,1
284,277,1
284,278,1
284,279,1
284,280,1
285,281,1
285,282,1
285,283,1
285,284,1
285,285,1
285,286,1
286,286,1
286,285,1
286,284,1
286,283,1
286,282,1
286,281,1
286,280,1
321,224,0
354,165,1
355,165,1
356,165,1
357,165,1
358,165,1
359,165,1
360,165,1
361,165,1
362,165,1
363,165,1
364,165,1
365,165,1
365,164,1
366,164,1
367,164,1
368,164,1
369,164,1
370,164,1
371,164,1
372,164,1
373,163,1
374,163,1
375,163,1
376,163,1
377,163,1
378,163,1
379,163,1
380,163,1
381,163,1
382,163,1
383,163,1
384,163,1
385,163,1
386,163,1
387,162,1
388,162,1
389,162,1
390,162,1
391,162,1
392,162,1
393,162,1
394,161,1
395,161,1
396,161,1
397,161,1
398,161,1
399,161,1
400,161,1
401,161,1
401,160,1
402,160,1
403,160,1
404,160,1
405,160,1
406,160,1
407,160,1
408,160,1
409,160,1
410,160,1
411,160,1
412,160,1
413,160,1
413,159,1
414,159,1
415,159,1
416,159,1
417,159,1
418,159,1
419,159,1
420,159,1
421,159,1
422,160,1
423,160,1
424,160,1
425,161,1
426,161,1
426,162,1
427,162,1
428,163,1
428,164,1
429,164,1
429,165,1
430,166,1
430,167,1
430,168,1
431,168,1
431,169,1
431,170,1
431,171,1
431,172,1
432,172,1
432,173,1
432,174,1
432,175,1
432,176,1
432,177,1
432,178,1
432,179,1
432,180,1
432,181,1
432,182,1
432,183,1
432,184,1
432,185,1
432,186,1
432,187,1
432,188,1
432,189,1
432,190,1
432,191,1
432,192,1
432,193,1
432,194,1
432,195,1
432,196,1
432,197,1
432,198,1
432,199,1
432,200,1
432,201,1
432,202,1
432,203,1
432,204,1
432,205,1
432,206,1
432,207,1
432,208,1
432,209,1
433,210,1
433,211,1
433,212,1
433,213,1
433,214,1
433,215,1
433,216,1
433,217,1
433,218,1
433,219,1
433,220,1
434,221,1
434,222,1
434,223,1
434,224,1
434,225,1
434,226,1
434,227,1
434,228,1
434,229,1
434,230,1
434,231,1
435,232,1
435,233,1
435,234,1
435,235,1
435,236,1
435,237,1
435,238,1
435,239,1
435,240,1
435,241,1
435,242,1
435,243,1
435,244,1
435,245,1
435,246,1
435,247,1
435,248,1
435,249,1
435,250,1
435,251,1
435,252,1
435,253,1
435,254,1
435,255,1
435,256,1
435,257,1
436,257,1
436,258,1
436,259,1
436,260,1
436,261,1
436,262,1
436,263,1
436,264,1
436,265,1
436,266,1
436,267,1
436,268,1
436,269,1
436,270,1
436,271,1
435,271,1
435,270,1
417,235,0
402,201,1
401,201,1
400,201,1
399,201,1
398,201,1
397,201,1
396,201,1
395,202,1
394,202,1
393,202,1
392,202,1
391,202,1
390,203,1
389,203,1
388,203,1
387,204,1
386,204,1
385,204,1
385,205,1
384,205,1
383,205,1
382,206,1
381,206,1
380,206,1
379,207,1
378,207,1
377,208,1
376,208,1
375,209,1
374,209,1
373,210,1
372,210,1
371,210,1
371,211,1
370,211,1
369,211,1
369,212,1
368,212,1
367,213,1
366,213,1
365,214,1
364,215,1
363,216,1
362,216,1
362,217,1
361,217,1
361,218,1
360,218,1
359,219,1
358,220,1
357,221,1
357,222,1
356,222,1
356,223,1
355,224,1
354,225,1
354,226,1
353,226,1
353,227,1
353,228,1
352,228,1
352,229,1
352,230,1
352,231,1
351,232,1
351,233,1
351,234,1
351,235,1
351,236,1
352,237,1
352,238,1
352,239,1
352,240,1
353,241,1
353,242,1
354,242,1
355,243,1
355,244,1
356,244,1
357,245,1
358,245,1
358,246,1
359,246,1
360,246,1
360,247,1
361,247,1
362,247,1
363,247,1
364,247,1
365,247,1
366,247,1
367,247,1
367,246,1
368,246,1
369,245,1
369,244,1
370,244,1
370,243,1
370,242,1
370,241,1
370,240,1
370,239,1
369,239,1
369,238,1
368,237,1
368,236,1
367,235,1
366,234,1
365,233,1
364,232,1
363,231,1
362,231,1
362,230,1
361,230,1
361,229,1
360,229,1
359,228,1
358,227,1
357,227,1
356,226,1
355,226,1
354,226,1
354,225,1
353,225,1
352,225,1
351,224,1
350,224,1
349,223,1
348,223,1
347,223,1
346,222,1
345,222,1
344,222,1
343,221,1
342,221,1
341,221,1
340,221,1
340,220,1
378,166,0
412,113,1
413,113,1
414,112,1
415,111,1
416,110,1
417,110,1
418,109,1
419,109,1
419,108,1
420,108,1
421,108,1
421,107,1
422,107,1
423,107,1
424,106,1
425,106,1
426,105,1
427,105,1
428,105,1
429,104,1
430,104,1
431,104,1
431,103,1
432,103,1
433,103,1
434,103,1
434,102,1
435,102,1
436,102,1
437,102,1
438,101,1
439,101,1
440,101,1
441,100,1
442,100,1
443,100,1
444,100,1
445,100,1
446,100,1
447,99,1
448,99,1
449,99,1
450,99,1
451,99,1
452,99,1
453,99,1
454,99,1
455,99,1
456,99,1
457,99,1
458,99,1
459,99,1
460,99,1
461,99,1
462,99,1
463,99,1
464,99,1
465,99,1
466,99,1
467,99,1
468,99,1
469,100,1
470,100,1
471,100,1
472,100,1
473,100,1
474,100,1
474,101,1
475,101,1
476,101,1
477,102,1
478,102,1
479,102,1
479,103,1
480,103,1
481,103,1
481,104,1
482,104,1
483,104,1
483,105,1
484,105,1
485,106,1
486,107,1
487,107,1
487,108,1
488,108,1
488,109,1
489,109,1
489,110,1
490,110,1
490,111,1
491,111,1
491,112,1
492,113,1
493,114,1
493,115,1
494,116,1
495,117,1
495,118,1
496,119,1
496,120,1
497,121,1
497,122,1
498,123,1
498,124,1
498,125,1
499,126,1
499,127,1
499,128,1
500,129,1
500,130,1
500,131,1
500,132,1
500,133,1
500,134,1
501,135,1
501,136,1
501,137,1
501,138,1
501,139,1
501,140,1
501,141,1
501,142,1
501,143,1
501,144,1
501,145,1
501,146,1
502,147,1
502,148,1
502,149,1
502,150,1
502,151,1
502,152,1
502,153,1
502,154,1
502,155,1
502,156,1
502,157,1
502,158,1
502,159,1
502,160,1
502,161,1
502,162,1
502,163,1
502,164,1
502,165,1
502,166,1
502,167,1
502,168,1
502,169,1
501,170,1
501,171,1
501,172,1
501,173,1
501,174,1
501,175,1
501,176,1
501,177,1
501,178,1
501,179,1
501,180,1
501,181,1
501,182,1
501,183,1
501,184,1
501,185,1
501,186,1
501,187,1
501,188,1
501,189,1
501,190,1
501,191,1
501,192,1
501,193,1
501,194,1
501,195,1
501,196,1
501,197,1
501,198,1
501,199,1
501,200,1
501,201,1
501,202,1
501,203,1
501,204,1
501,205,1
501,206,1
501,207,1
500,207,1
500,208,1
500,209,1
500,210,1
500,211,1
500,212,1
500,213,1
500,214,1
500,215,1
500,216,1
500,217,1
500,218,1
500,219,1
500,220,1
500,221,1
500,222,1
500,223,1
500,224,1
500,225,1
500,226,1
499,226,1
499,227,1
499,228,1
499,229,1
499,230,1
499,231,1
499,232,1
499,233,1
499,234,1
499,235,1
499,236,1
499,237,1
499,238,1
499,239,1
499,240,1
499,241,1
499,242,1
499,243,1
499,244,1
499,245,1
499,246,1
499,247,1
499,248,1
499,249,1
499,250,1
499,251,1
499,252,1
499,253,1
499,254,1
499,255,1
499,256,1
499,257,1
499,258,1
499,259,1
499,260,1
499,261,1
499,262,1
499,263,1
499,264,1
499,265,1
499,266,1
499,267,1
499,268,1
499,269,1
499,270,1
499,271,1
499,272,1
499,273,1
499,274,1
499,275,1
499,276,1
499,277,1
499,278,1
499,279,1
499,280,1
499,281,1
499,282,1
499,283,1
499,284,1
499,285,1
499,286,1
499,287,1
499,288,1
499,289,1
499,290,1
499,291,1
499,292,1
499,293,1
499,294,1
499,295,1
499,296,1
499,297,1
499,298,1
499,299,1
499,300,1
499,301,1
499,302,1
499,303,1
499,304,1
500,305,1
500,306,1
500,307,1
500,308,1
500,309,1
500,310,1
500,311,1
500,312,1
500,313,1
500,314,1
500,315,1
501,316,1
501,317,1
501,318,1
501,319,1
501,320,1
501,321,1
501,322,1
501,323,1
501,324,1
501,325,1
501,326,1
501,327,1
501,326,1
500,326,1
500,325,1
511,236,0
519,145,1
520,145,1
521,145,1
522,145,1
523,145,1
524,145,1
525,145,1
526,144,1
527,144,1
528,144,1
529,144,1
530,144,1
531,144,1
532,144,1
533,144,1
534,144,1
535,144,1
536,144,1
537,144,1
538,143,1
539,143,1
540,143,1
541,143,1
542,143,1
543,143,1
544,143,1
545,143,1
546,143,1
547,143,1
548,143,1
549,143,1
550,143,1
551,143,1
552,143,1
553,143,1
554,143,1
555,143,1
556,143,1
557,143,1
557,142,1
558,142,1
559,142,1
560,142,1
561,142,1
562,142,1
563,142,1
564,142,1
565,142,1
566,142,1
567,142,1
568,141,1
569,141,1
570,141,1
571,141,1
572,141,1
573,141,1
574,141,1
575,141,1
576,141,1
577,141,1
578,140,1
579,140,1
580,140,1
581,140,1
582,140,1
583,140,1
584,140,1
585,140,1
586,140,1
587,140,1
588,140,1
589,140,1
590,140,1
591,140,1
592,140,1
593,140,1
594,140,1
595,140,1
596,140,1
597,140,1
598,140,1
599,139,1
600,139,1
601,139,1
602,139,1
603,139,1
604,139,1
605,139,1
606,139,1
607,139,1
608,139,1
609,138,1
610,138,1
611,138,1
612,138,1
613,138,1
614,138,1
615,138,1
616,138,1
617,138,1
618,138,1
619,138,1
620,138,1
621,138,1
622,138,1
623,138,1
624,138,1
625,138,1
626,138,1
627,138,1
628,138,1
629,137,1
630,137,1
631,137,1
632,137,1
633,137,1
634,137,1
635,137,1
636,137,1
637,137,1
638,137,1
639,136,1
640,136,1
641,136,1
642,136,1
643,136,1
644,136,1
645,136,1
646,136,1
647,136,1
648,136,1
649,136,1
649,135,1
650,135,1
651,135,1
652,135,1
653,135,1
654,135,1
655,135,1
656,135,1
657,135,1
658,135,1
659,135,1
660,135,1
661,135,1
662,135,1
663,135,1
664,135,1
665,135,1
666,135,1
667,135,1
668,135,1
669,134,1
670,134,1
671,134,1
672,134,1
673,134,1
674,134,1
675,134,1
676,134,1
677,134,1
678,134,1
679,133,1
680,133,1
681,133,1
682,133,1
683,133,1
684,133,1
685,133,1
686,133,1
687,133,1
688,133,1
688,132,1
689,132,1
690,132,1
691,132,1
692,132,1
693,132,1
694,132,1
695,132,1
696,132,1
697,132,1
698,132,1
699,132,1
700,132,1
701,132,1
702,132,1
702,131,1
703,131,1
704,131,1
705,131,1
705,130,1
704,130,1
705,130,1
704,130,1
703,130,1
702,130,1
701,130,1
639,152,0
577,176,1
576,176,1
576,175,1
575,175,1
574,175,1
573,174,1
572,174,1
571,174,1
571,173,1
570,173,1
569,173,1
568,173,1
568,172,1
567,172,1
566,171,1
565,171,1
564,170,1
563,169,1
562,168,1
561,168,1
561,167,1
560,167,1
560,166,1
560,165,1
559,165,1
559,164,1
558,163,1
558,162,1
558,161,1
558,160,1
557,159,1
557,158,1
558,157,1
558,156,1
558,155,1
559,155,1
559,154,1
560,153,1
560,152,1
561,152,1
561,151,1
562,151,1
563,150,1
564,150,1
565,149,1
566,149,1
567,149,1
568,148,1
569,148,1
570,148,1
571,147,1
572,147,1
573,147,1
574,147,1
575,146,1
576,146,1
577,146,1
578,146,1
579,146,1
580,146,1
581,146,1
582,146,1
583,146,1
584,146,1
585,146,1
586,146,1
587,147,1
588,147,1
589,147,1
590,147,1
591,148,1
592,148,1
593,148,1
594,148,1
595,149,1
596,149,1
597,149,1
598,150,1
599,150,1
600,150,1
601,151,1
602,151,1
603,152,1
604,152,1
605,153,1
606,154,1
607,154,1
607,155,1
608,155,1
608,156,1
609,156,1
610,156,1
610,157,1
611,157,1
611,158,1
612,159,1
613,160,1
614,161,1
615,162,1
615,163,1
616,164,1
617,165,1
617,166,1
618,167,1
618,168,1
618,169,1
619,170,1
619,171,1
620,172,1
620,173,1
620,174,1
620,175,1
620,176,1
620,177,1
621,178,1
621,179,1
621,180,1
620,181,1
620,182,1
620,183,1
620,184,1
620,185,1
619,185,1
619,186,1
619,187,1
619,188,1
618,189,1
618,190,1
617,190,1
617,191,1
617,192,1
616,193,1
616,194,1
615,195,1
614,196,1
614,197,1
613,198,1
612,199,1
611,200,1
611,201,1
610,201,1
610,202,1
609,202,1
608,203,1
607,204,1
606,205,1
605,206,1
604,207,1
603,207,1
602,208,1
601,209,1
600,209,1
599,210,1
598,210,1
598,211,1
597,211,1
596,211,1
595,212,1
594,212,1
593,212,1
592,213,1
591,213,1
590,213,1
589,213,1
588,214,1
587,214,1
586,214,1
585,214,1
584,214,1
583,214,1
582,214,1
581,214,1
580,214,1
579,214,1
579,213,1
578,213,1
577,213,1
576,213,1
575,213,1
574,213,1
574,212,1
573,212,1
572,212,1
571,212,1
570,212,1
569,212,1
568,212,1
568,213,1
568,214,1
569,215,1
570,216,1
571,217,1
572,218,1
573,219,1
574,220,1
575,221,1
576,222,1
577,223,1
578,223,1
578,224,1
579,224,1
580,225,1
581,226,1
582,227,1
583,228,1
584,228,1
584,229,1
585,229,1
586,230,1
587,230,1
587,231,1
588,231,1
589,232,1
590,232,1
591,233,1
592,234,1
593,234,1
594,235,1
595,235,1
595,236,1
596,236,1
597,236,1
597,237,1
598,237,1
599,237,1
599,238,1
600,238,1
601,238,1
602,239,1
603,239,1
604,240,1
605,240,1
606,241,1
607,241,1
608,241,1
609,242,1
610,242,1
611,242,1
612,242,1
613,243,1
614,243,1
615,243,1
615,244,1
616,244,1
617,244,1
618,244,1
618,245,1
619,245,1
620,245,1
621,245,1
622,245,1
623,246,1
624,246,1
625,246,1
626,246,1
627,246,1
628,246,1
629,246,1
630,246,1
631,246,1
632,246,1
633,246,1
634,246,1
635,246,1
636,246,1
637,246,1
638,246,1
664,215,0
694,180,1
694,181,1
694,182,1
694,183,1
694,184,1
695,185,1
695,186,1
695,187,1
695,188,1
695,189,1
695,190,1
695,191,1
695,192,1
696,193,1
696,194,1
696,195,1
696,196,1
696,197,1
696,198,1
696,199,1
696,200,1
696,201,1
696,202,1
696,203,1
696,204,1
696,205,1
696,206,1
697,207,1
697,208,1
697,209,1
697,210,1
697,211,1
697,212,1
697,213,1
697,214,1
697,215,1
698,215,1
698,216,1
698,217,1
698,218,1
698,219,1
698,220,1
698,221,1
698,222,1
698,223,1
698,224,1
699,225,1
699,226,1
699,227,1
699,228,1
699,229,1
699,230,1
699,231,1
699,232,1
699,233,1
699,234,1
699,235,1
699,236,1
699,237,1
699,238,1
699,239,1
699,240,1
699,241,1
699,242,1
699,243,1
699,244,1
699,245,1
699,246,1
699,247,1
699,248,1
699,249,1
699,250,1
699,251,1
699,252,1
699,253,1
699,254,1
699,255,1
699,256,1
699,257,1
699,258,1
699,259,1
700,260,1
700,261,1
700,262,1
700,263,1
700,264,1
700,265,1
699,265,1
699,266,1
699,265,1
699,264,1
699,263,1
699,263,0
