66,169,1
113,169,1
114,169,1
115,169,1
116,169,1
117,169,1
118,169,1
119,169,1
120,169,1
121,169,1
122,169,1
123,169,1
124,169,1
125,169,1
126,169,1
127,169,1
128,169,1
129,169,1
130,169,1
131,169,1
132,169,1
178,168,1
179,168,1
180,168,1
181,168,1
182,168,1
183,168,1
184,168,1
185,168,1
186,168,1
187,168,1
188,168,1
189,168,1
190,168,1
191,168,1
192,168,1
193,168,1
194,168,1
195,168,1
196,168,1
197,168,1
198,168,1
199,167,1
200,167,1
201,167,1
202,167,1
203,167,1
204,167,1
205,167,1
206,167,1
207,167,1
208,167,1
209,167,1
210,167,1
211,167,1
212,167,1
213,167,1
214,167,1
215,167,1
216,167,1
217,167,1
218,167,1
219,167,1
220,167,1
221,167,1
222,167,1
223,167,1
224,167,1
225,167,1
226,167,1
227,167,1
228,167,1
229,167,1
230,167,1
231,167,1
232,167,1
233,167,1
234,167,1
235,167,1
236,167,1
237,167,1
238,167,1
238,168,1
239,168,1
240,168,1
241,168,1
240,169,1
239,169,1
238,169,1
167,179,0
89,189,1
90,189,1
91,189,1
92,189,1
93,189,1
94,189,1
95,189,1
95,190,1
96,190,1
97,190,1
98,190,1
99,190,1
100,190,1
101,191,1
102,191,1
103,191,1
104,191,1
105,191,1
106,192,1
107,192,1
108,192,1
109,193,1
110,193,1
111,193,1
112,194,1
113,194,1
114,194,1
114,195,1
115,195,1
116,195,1
116,196,1
117,196,1
118,197,1
119,197,1
119,198,1
120,198,1
120,199,1
121,199,1
121,200,1
122,200,1
122,201,1
122,202,1
123,202,1
123,203,1
124,204,1
124,205,1
124,206,1
124,207,1
124,208,1
124,209,1
124,210,1
124,211,1
124,212,1
123,213,1
123,214,1
122,214,1
122,215,1
122,216,1
121,216,1
121,217,1
120,217,1
120,218,1
119,218,1
119,219,1
118,219,1
118,220,1
117,220,1
116,221,1
115,221,1
114,222,1
113,223,1
112,223,1
111,223,1
111,224,1
110,224,1
109,224,1
108,225,1
107,225,1
106,225,1
105,225,1
104,225,1
103,225,1
104,225,1
104,224,1
105,224,1
106,223,1
107,223,1
108,223,1
108,222,1
109,222,1
110,222,1
111,222,1
112,221,1
113,221,1
114,221,1
115,221,1
116,221,1
117,220,1
118,220,1
119,220,1
120,220,1
121,220,1
122,220,1
123,220,1
124,220,1
124,219,1
125,219,1
126,219,1
127,219,1
128,219,1
129,219,1
130,219,1
131,219,1
132,219,1
133,219,1
134,219,1
134,220,1
135,220,1
136,220,1
137,220,1
138,220,1
139,220,1
140,220,1
141,221,1
142,221,1
143,221,1
144,221,1
145,221,1
146,221,1
147,222,1
148,222,1
149,222,1
150,222,1
150,223,1
151,223,1
152,223,1
153,224,1
154,224,1
155,225,1
156,225,1
157,226,1
158,226,1
158,227,1
159,227,1
160,227,1
160,228,1
161,228,1
162,229,1
163,230,1
164,231,1
165,232,1
166,233,1
166,234,1
167,235,1
167,236,1
168,237,1
168,238,1
168,239,1
168,240,1
169,240,1
169,241,1
169,242,1
169,243,1
169,244,1
169,245,1
169,246,1
168,247,1
168,248,1
168,249,1
167,250,1
167,251,1
166,252,1
166,253,1
165,253,1
165,254,1
164,255,1
163,256,1
162,257,1
161,258,1
160,259,1
159,260,1
158,260,1
157,261,1
156,261,1
156,262,1
155,262,1
154,263,1
153,263,1
153,264,1
152,264,1
151,264,1
150,265,1
149,265,1
148,266,1
147,266,1
146,267,1
145,267,1
144,267,1
143,267,1
142,268,1
141,268,1
140,268,1
139,269,1
138,269,1
137,269,1
136,269,1
135,270,1
134,270,1
133,270,1
132,270,1
131,270,1
131,271,1
130,271,1
129,271,1
128,271,1
127,271,1
126,272,1
125,272,1
124,272,1
123,272,1
122,272,1
121,272,1
121,273,1
120,273,1
119,273,1
118,273,1
117,273,1
116,273,1
115,273,1
114,273,1
113,273,1
112,273,1
111,273,1
110,273,1
109,273,1
108,273,1
107,273,1
106,273,1
105,273,1
104,273,1
103,273,1
102,273,1
101,273,1
100,273,1
99,273,1
98,273,1
97,273,1
96,273,1
95,273,1
94,273,1
93,273,1
92,272,1
91,272,1
90,272,1
89,272,1
88,272,1
87,272,1
86,271,1
85,271,1
84,271,1
83,271,1
82,271,1
82,270,1
81,270,1
80,270,1
80,269,1
79,269,1
78,269,1
78,268,1
77,268,1
77,267,1
76,267,1
75,266,1
74,265,1
74,264,1
73,263,1
73,262,1
127,243,0
177,220,1
178,220,1
179,220,1
180,221,1
181,221,1
182,221,1
183,221,1
184,221,1
185,221,1
186,221,1
187,221,1
188,221,1
189,221,1
190,221,1
191,221,1
192,221,1
193,221,1
194,221,1
195,221,1
196,221,1
197,220,1
198,220,1
199,220,1
200,220,1
201,220,1
202,219,1
203,219,1
204,219,1
205,219,1
206,218,1
207,218,1
208,217,1
209,217,1
210,217,1
211,216,1
212,216,1
213,215,1
214,215,1
215,214,1
216,213,1
217,213,1
217,212,1
218,212,1
219,211,1
220,210,1
221,210,1
221,209,1
222,209,1
222,208,1
223,207,1
224,207,1
224,206,1
225,205,1
226,204,1
226,203,1
227,203,1
227,202,1
228,201,1
229,200,1
229,199,1
230,199,1
230,198,1
231,197,1
231,196,1
232,195,1
232,194,1
233,194,1
233,193,1
233,192,1
234,192,1
234,191,1
234,190,1
235,189,1
235,188,1
236,187,1
236,186,1
236,185,1
237,184,1
237,183,1
237,182,1
238,182,1
238,181,1
238,180,1
239,179,1
239,178,1
239,177,1
240,177,1
240,176,1
241,175,1
242,174,1
243,174,1
243,175,1
244,175,1
244,176,1
245,176,1
245,177,1
246,178,1
246,179,1
246,180,1
246,181,1
246,182,1
247,183,1
247,184,1
247,185,1
247,186,1
247,187,1
247,188,1
247,189,1
247,190,1
247,191,1
247,192,1
247,193,1
247,194,1
247,195,1
247,196,1
247,197,1
247,198,1
247,199,1
247,200,1
247,201,1
247,202,1
248,202,1
248,203,1
248,204,1
248,205,1
248,206,1
248,207,1
248,208,1
248,209,1
248,210,1
248,211,1
248,212,1
249,213,1
249,214,1
249,215,1
249,216,1
249,217,1
249,218,1
249,219,1
249,220,1
249,221,1
250,222,1
250,223,1
250,224,1
250,225,1
250,226,1
250,227,1
250,228,1
250,229,1
250,230,1
250,231,1
250,232,1
250,233,1
251,234,1
251,235,1
251,236,1
251,237,1
251,238,1
251,239,1
251,240,1
252,240,1
252,241,1
252,242,1
252,243,1
252,244,1
252,245,1
252,246,1
253,247,1
253,248,1
253,249,1
253,250,1
253,251,1
253,252,1
253,253,1
253,254,1
253,255,1
253,256,1
253,257,1
254,258,1
254,259,1
254,260,1
254,261,1
253,262,1
253,263,1
253,264,1
253,265,1
252,265,1
252,264,1
251,263,1
262,202,0
266,139,1
267,139,1
268,139,1
269,139,1
270,139,1
271,139,1
272,139,1
273,139,1
274,139,1
275,139,1
276,139,1
277,139,1
278,139,1
279,139,1
280,139,1
281,139,1
282,139,1
283,139,1
284,139,1
285,139,1
286,139,1
287,139,1
288,139,1
289,139,1
290,139,1
291,139,1
292,139,1
293,139,1
294,139,1
295,139,1
296,139,1
297,139,1
298,139,1
299,139,1
300,139,1
301,139,1
302,139,1
303,139,1
304,139,1
305,139,1
306,139,1
307,139,1
308,139,1
309,139,1
310,139,1
311,139,1
312,139,1
313,139,1
314,139,1
315,139,1
316,139,1
317,139,1
318,139,1
319,139,1
320,139,1
321,139,1
322,139,1
323,139,1
324,139,1
325,139,1
326,139,1
327,139,1
328,139,1
329,139,1
330,139,1
331,139,1
332,139,1
333,139,1
334,139,1
335,139,1
336,139,1
337,139,1
338,139,1
339,139,1
340,139,1
341,139,1
342,139,1
343,139,1
344,139,1
345,140,1
346,140,1
347,140,1
348,140,1
349,140,1
350,140,1
351,140,1
352,140,1
353,140,1
354,140,1
355,140,1
356,140,1
357,140,1
358,140,1
359,140,1
360,140,1
361,140,1
362,140,1
363,140,1
364,140,1
365,140,1
366,140,1
367,140,1
368,140,1
369,140,1
370,140,1
371,140,1
372,140,1
373,140,1
374,140,1
375,140,1
376,140,1
377,140,1
378,140,1
379,140,1
380,140,1
381,140,1
382,140,1
383,140,1
384,140,1
385,140,1
386,140,1
387,140,1
388,140,1
389,140,1
390,140,1
391,140,1
392,140,1
393,140,1
394,140,1
395,140,1
396,140,1
397,140,1
398,140,1
399,140,1
400,140,1
401,140,1
402,140,1
403,140,1
404,140,1
405,140,1
406,140,1
407,140,1
408,140,1
409,140,1
410,140,1
411,140,1
412,140,1
413,140,1
414,140,1
415,140,1
416,140,1
417,140,1
418,140,1
419,140,1
420,140,1
421,140,1
422,140,1
423,140,1
424,140,1
425,140,1
426,140,1
427,140,1
428,140,1
429,140,1
430,140,1
431,140,1
432,140,1
433,140,1
434,140,1
435,140,1
436,140,1
437,140,1
438,139,1
439,139,1
440,139,1
441,139,1
442,139,1
443,139,1
444,139,1
445,139,1
446,139,1
447,139,1
448,139,1
449,139,1
450,139,1
451,139,1
452,139,1
453,139,1
454,139,1
455,139,1
456,139,1
457,139,1
458,139,1
459,139,1
460,139,1
461,139,1
462,139,1
463,139,1
463,138,1
464,138,1
465,138,1
466,138,1
467,138,1
468,138,1
469,138,1
470,138,1
471,138,1
472,138,1
473,138,1
474,138,1
475,138,1
476,138,1
477,138,1
478,138,1
479,138,1
480,138,1
481,138,1
482,138,1
483,138,1
484,138,1
485,138,1
486,138,1
487,138,1
488,138,1
489,138,1
490,138,1
491,138,1
492,139,1
493,139,1
494,139,1
495,139,1
496,139,1
497,139,1
498,140,1
499,140,1
500,140,1
500,141,1
501,141,1
502,141,1
502,142,1
503,142,1
504,142,1
505,143,1
506,143,1
506,144,1
507,144,1
508,145,1
509,146,1
510,146,1
510,147,1
511,147,1
511,148,1
512,148,1
512,149,1
513,149,1
513,150,1
513,151,1
514,151,1
514,152,1
515,152,1
515,153,1
515,154,1
516,154,1
516,155,1
516,156,1
517,157,1
517,158,1
517,159,1
518,160,1
518,161,1
518,162,1
519,163,1
519,164,1
519,165,1
519,166,1
520,166,1
520,167,1
520,168,1
520,169,1
520,170,1
520,171,1
521,172,1
521,173,1
521,174,1
521,175,1
521,176,1
521,177,1
521,178,1
521,179,1
521,180,1
521,181,1
521,182,1
521,183,1
521,184,1
521,185,1
521,186,1
521,187,1
521,188,1
521,189,1
521,190,1
522,191,1
522,192,1
522,193,1
522,194,1
522,195,1
522,196,1
522,197,1
522,198,1
522,199,1
522,200,1
522,201,1
522,202,1
522,203,1
522,204,1
522,205,1
522,206,1
522,207,1
522,208,1
522,209,1
522,210,1
522,211,1
522,212,1
522,213,1
522,214,1
522,215,1
522,216,1
522,217,1
522,218,1
522,219,1
522,220,1
522,221,1
522,222,1
522,223,1
522,224,1
522,225,1
522,226,1
522,227,1
522,228,1
522,229,1
522,230,1
522,231,1
522,232,1
522,233,1
522,234,1
521,235,1
521,236,1
521,237,1
521,238,1
521,239,1
521,240,1
521,241,1
521,242,1
521,243,1
521,244,1
521,245,1
521,246,1
521,247,1
521,248,1
521,249,1
521,250,1
521,251,1
521,252,1
521,253,1
521,254,1
521,255,1
521,256,1
521,257,1
521,258,1
521,259,1
521,260,1
521,261,1
521,262,1
521,263,1
521,264,1
521,265,1
521,266,1
521,267,1
521,268,1
521,269,1
521,270,1
521,271,1
521,272,1
521,273,1
521,274,1
521,275,1
521,276,1
521,277,1
521,278,1
521,279,1
521,280,1
521,281,1
521,282,1
521,283,1
521,284,1
521,285,1
521,286,1
521,287,1
521,288,1
521,289,1
521,290,1
521,291,1
521,292,1
521,293,1
520,294,1
520,295,1
508,242,0
498,194,1
497,194,1
496,193,1
495,193,1
494,193,1
493,193,1
492,193,1
491,193,1
490,192,1
489,192,1
488,192,1
487,192,1
486,192,1
485,192,1
484,192,1
483,192,1
482,192,1
481,192,1
480,192,1
479,192,1
478,192,1
477,192,1
476,192,1
475,192,1
474,192,1
473,192,1
472,192,1
471,192,1
470,192,1
469,192,1
468,192,1
467,192,1
466,193,1
465,193,1
464,193,1
463,193,1
462,193,1
461,193,1
460,194,1
459,194,1
458,194,1
457,194,1
456,194,1
455,195,1
454,195,1
453,195,1
452,195,1
451,196,1
450,196,1
449,196,1
448,196,1
447,196,1
447,197,1
446,197,1
445,197,1
444,197,1
444,198,1
443,198,1
442,198,1
441,198,1
440,199,1
439,199,1
438,200,1
437,200,1
436,200,1
435,201,1
434,201,1
433,202,1
432,202,1
431,202,1
431,203,1
430,203,1
429,203,1
428,204,1
427,204,1
426,205,1
425,205,1
424,205,1
424,206,1
423,206,1
422,207,1
421,207,1
421,208,1
420,208,1
419,208,1
418,209,1
417,210,1
416,210,1
415,211,1
414,212,1
413,212,1
413,213,1
412,213,1
411,214,1
410,215,1
409,215,1
409,216,1
408,216,1
407,217,1
407,218,1
406,218,1
406,219,1
405,219,1
405,220,1
404,221,1
403,221,1
403,222,1
402,222,1
402,223,1
401,224,1
401,225,1
400,225,1
400,226,1
400,227,1
399,227,1
399,228,1
398,229,1
398,230,1
398,231,1
397,231,1
397,232,1
397,233,1
397,234,1
397,235,1
396,236,1
396,237,1
396,238,1
396,239,1
396,240,1
397,241,1
397,242,1
397,243,1
397,244,1
398,245,1
398,246,1
398,247,1
399,248,1
400,249,1
401,250,1
401,251,1
402,251,1
402,252,1
403,252,1
403,253,1
404,253,1
404,254,1
405,254,1
406,255,1
407,256,1
408,256,1
409,257,1
410,257,1
411,258,1
412,258,1
413,258,1
413,259,1
414,259,1
415,259,1
416,259,1
417,259,1
418,260,1
419,260,1
420,260,1
421,260,1
422,260,1
423,260,1
424,259,1
425,259,1
426,259,1
427,259,1
427,258,1
428,258,1
429,258,1
430,257,1
431,257,1
432,256,1
433,255,1
434,254,1
435,254,1
435,253,1
436,253,1
436,252,1
437,251,1
437,250,1
438,249,1
438,248,1
438,247,1
438,246,1
438,245,1
438,244,1
438,243,1
437,242,1
437,241,1
437,240,1
436,239,1
436,238,1
435,237,1
435,236,1
434,235,1
434,234,1
433,234,1
433,233,1
432,233,1
431,232,1
431,231,1
430,231,1
429,230,1
428,229,1
427,229,1
427,228,1
426,228,1
425,228,1
424,227,1
423,226,1
422,226,1
421,226,1
420,225,1
419,225,1
418,225,1
418,224,1
417,224,1
416,224,1
415,224,1
456,167,0
491,111,1
492,111,1
492,110,1
493,109,1
494,108,1
495,107,1
496,106,1
497,106,1
497,105,1
498,104,1
499,104,1
499,103,1
500,103,1
501,102,1
502,102,1
502,101,1
503,101,1
504,100,1
505,100,1
505,99,1
506,99,1
507,98,1
508,98,1
509,97,1
510,97,1
511,96,1
512,96,1
513,95,1
514,95,1
515,94,1
516,94,1
517,94,1
518,93,1
519,93,1
520,92,1
521,92,1
522,91,1
523,91,1
524,91,1
525,90,1
526,90,1
527,90,1
528,90,1
529,89,1
530,89,1
531,89,1
532,89,1
533,89,1
534,88,1
535,88,1
536,88,1
537,88,1
538,88,1
539,88,1
540,88,1
540,87,1
541,87,1
542,87,1
543,87,1
544,87,1
545,87,1
546,87,1
547,87,1
548,87,1
549,87,1
550,87,1
550,88,1
551,88,1
552,88,1
553,88,1
554,88,1
555,88,1
556,88,1
557,89,1
558,89,1
559,89,1
560,89,1
561,90,1
562,90,1
563,90,1
564,91,1
565,91,1
566,91,1
566,92,1
567,92,1
568,92,1
569,93,1
570,93,1
571,94,1
572,95,1
573,95,1
574,95,1
574,96,1
575,96,1
576,97,1
577,98,1
578,98,1
578,99,1
579,100,1
580,100,1
580,101,1
581,101,1
582,102,1
582,103,1
583,103,1
583,104,1
584,104,1
585,105,1
585,106,1
586,106,1
586,107,1
587,108,1
588,109,1
588,110,1
589,110,1
589,111,1
590,112,1
590,113,1
591,113,1
591,114,1
592,115,1
592,116,1
593,117,1
593,118,1
594,118,1
594,119,1
594,120,1
595,121,1
595,122,1
596,123,1
596,124,1
597,125,1
597,126,1
597,127,1
598,128,1
598,129,1
598,130,1
599,131,1
599,132,1
600,133,1
600,134,1
600,135,1
600,136,1
601,137,1
601,138,1
601,139,1
602,140,1
602,141,1
602,142,1
602,143,1
603,144,1
603,145,1
603,146,1
603,147,1
604,148,1
604,149,1
604,150,1
604,151,1
604,152,1
604,153,1
605,153,1
605,154,1
605,155,1
605,156,1
605,157,1
605,158,1
605,159,1
605,160,1
605,161,1
606,162,1
606,163,1
606,164,1
606,165,1
606,166,1
606,167,1
606,168,1
607,169,1
607,170,1
607,171,1
607,172,1
607,173,1
607,174,1
607,175,1
607,176,1
607,177,1
608,178,1
608,179,1
608,180,1
608,181,1
608,182,1
608,183,1
608,184,1
608,185,1
608,186,1
608,187,1
608,188,1
608,189,1
608,190,1
608,191,1
608,192,1
608,193,1
608,194,1
608,195,1
608,196,1
608,197,1
608,198,1
608,199,1
608,200,1
608,201,1
608,202,1
608,203,1
608,204,1
608,205,1
608,206,1
608,207,1
608,208,1
608,209,1
608,210,1
608,211,1
608,212,1
608,213,1
608,214,1
608,215,1
608,216,1
608,217,1
608,218,1
608,219,1
608,220,1
608,221,1
608,222,1
608,223,1
608,224,1
608,225,1
608,226,1
608,227,1
608,228,1
608,229,1
608,230,1
608,231,1
608,232,1
608,233,1
608,234,1
608,235,1
608,236,1
608,237,1
608,238,1
608,239,1
608,240,1
608,241,1
608,242,1
608,243,1
608,244,1
608,245,1
608,246,1
608,247,1
608,248,1
608,249,1
608,250,1
608,251,1
608,252,1
608,253,1
608,254,1
608,255,1
608,256,1
608,257,1
608,258,1
608,259,1
608,260,1
608,261,1
608,262,1
608,263,1
608,264,1
608,265,1
608,266,1
608,267,1
608,268,1
608,269,1
607,270,1
607,271,1
607,272,1
607,273,1
606,274,1
605,274,1
605,273,1
613,214,0
616,155,1
617,155,1
618,155,1
619,155,1
620,155,1
621,155,1
621,156,1
622,156,1
623,156,1
624,156,1
625,156,1
626,156,1
627,156,1
628,156,1
629,156,1
630,156,1
631,156,1
632,156,1
633,156,1
634,156,1
635,156,1
636,156,1
637,156,1
638,156,1
639,156,1
640,156,1
641,156,1
642,156,1
643,157,1
644,157,1
645,157,1
646,157,1
647,157,1
648,157,1
649,157,1
650,157,1
651,157,1
652,157,1
653,157,1
654,158,1
655,158,1
656,158,1
657,158,1
658,158,1
659,158,1
660,158,1
661,158,1
662,158,1
663,158,1
664,158,1
665,158,1
666,158,1
667,158,1
668,159,1
669,159,1
670,159,1
671,159,1
672,159,1
673,159,1
674,159,1
675,159,1
676,159,1
677,159,1
678,159,1
679,159,1
680,159,1
681,159,1
682,159,1
682,160,1
683,160,1
684,160,1
685,160,1
686,160,1
687,160,1
688,160,1
689,160,1
690,160,1
691,160,1
692,160,1
693,160,1
694,160,1
695,160,1
696,160,1
697,160,1
698,160,1
699,160,1
700,160,1
701,160,1
702,160,1
703,160,1
704,160,1
705,160,1
706,160,1
707,160,1
708,160,1
709,160,1
710,160,1
711,160,1
712,160,1
713,160,1
714,160,1
715,160,1
716,160,1
717,160,1
718,160,1
719,160,1
720,161,1
721,161,1
722,161,1
723,161,1
724,161,1
725,161,1
726,161,1
727,161,1
728,161,1
729,161,1
730,161,1
731,161,1
732,161,1
733,161,1
734,161,1
735,161,1
736,161,1
737,161,1
738,161,1
739,161,1
740,161,1
741,161,1
742,161,1
743,161,1
744,162,1
745,162,1
746,162,1
747,162,1
748,162,1
749,162,1
750,162,1
751,162,1
752,162,1
753,162,1
754,162,1
755,162,1
756,162,1
757,162,1
758,162,1
759,162,1
760,162,1
761,162,1
762,162,1
763,162,1
764,162,1
765,162,1
766,162,1
766,163,1
767,163,1
768,163,1
769,163,1
770,163,1
771,163,1
772,163,1
773,163,1
774,163,1
775,163,1
776,163,1
777,163,1
778,163,1
779,163,1
780,163,1
781,163,1
782,163,1
783,163,1
784,163,1
785,163,1
786,163,1
787,163,1
788,163,1
789,163,1
790,163,1
791,163,1
792,163,1
793,163,1
794,163,1
795,163,1
796,163,1
797,163,1
798,164,1
799,164,1
800,164,1
801,164,1
802,164,1
803,164,1
804,164,1
805,164,1
805,165,1
806,165,1
807,165,1
808,165,1
809,165,1
810,165,1
811,165,1
812,166,1
813,166,1
814,166,1
814,167,1
815,167,1
815,168,1
814,168,1
813,169,1
812,169,1
768,184,0
724,202,1
723,202,1
722,202,1
721,202,1
720,201,1
719,201,1
718,201,1
717,201,1
716,201,1
715,201,1
714,200,1
713,200,1
712,200,1
711,200,1
710,200,1
709,200,1
708,199,1
707,199,1
706,199,1
705,199,1
704,198,1
703,198,1
702,198,1
701,197,1
700,197,1
699,197,1
698,196,1
697,196,1
696,196,1
696,195,1
695,195,1
694,195,1
694,194,1
693,194,1
693,193,1
692,193,1
691,193,1
691,192,1
690,192,1
690,191,1
689,191,1
689,190,1
688,189,1
688,188,1
687,187,1
687,186,1
687,185,1
687,184,1
687,183,1
688,182,1
688,181,1
689,180,1
690,179,1
691,178,1
692,178,1
692,177,1
693,177,1
694,176,1
695,176,1
696,176,1
696,175,1
697,175,1
698,175,1
699,174,1
700,174,1
701,174,1
702,174,1
703,174,1
704,174,1
705,174,1
706,174,1
707,174,1
708,174,1
709,174,1
710,174,1
711,174,1
712,174,1
713,174,1
714,174,1
715,174,1
715,175,1
716,175,1
717,175,1
718,175,1
719,175,1
720,175,1
720,176,1
721,176,1
722,176,1
723,177,1
724,177,1
725,177,1
726,178,1
727,178,1
728,178,1
728,179,1
729,179,1
730,179,1
730,180,1
731,180,1
732,180,1
733,181,1
734,182,1
735,182,1
735,183,1
736,183,1
737,184,1
738,185,1
739,185,1
739,186,1
740,187,1
741,188,1
742,189,1
743,190,1
744,191,1
744,192,1
745,193,1
745,194,1
746,195,1
746,196,1
747,197,1
747,198,1
747,199,1
747,200,1
747,201,1
748,202,1
748,203,1
748,204,1
748,205,1
748,206,1
748,207,1
748,208,1
748,209,1
747,210,1
747,211,1
747,212,1
747,213,1
747,214,1
746,215,1
746,216,1
746,217,1
745,217,1
745,218,1
745,219,1
744,219,1
744,220,1
743,221,1
743,222,1
742,223,1
741,224,1
741,225,1
740,225,1
740,226,1
739,226,1
739,227,1
738,227,1
738,228,1
737,229,1
736,230,1
735,231,1
734,232,1
733,232,1
733,233,1
732,233,1
731,234,1
730,235,1
729,235,1
729,236,1
728,236,1
727,237,1
726,238,1
725,238,1
724,239,1
723,239,1
722,240,1
721,240,1
720,241,1
719,241,1
718,242,1
717,242,1
716,242,1
715,243,1
714,243,1
713,244,1
712,244,1
711,244,1
710,244,1
709,245,1
708,245,1
707,245,1
706,245,1
705,245,1
704,245,1
703,246,1
702,246,1
701,246,1
700,246,1
699,246,1
698,245,1
697,245,1
696,245,1
695,245,1
694,245,1
693,244,1
692,244,1
691,244,1
690,244,1
690,243,1
689,243,1
688,243,1
687,242,1
686,242,1
685,241,1
684,241,1
684,240,1
685,240,1
686,241,1
687,241,1
688,242,1
689,242,1
690,243,1
691,243,1
691,244,1
692,244,1
693,245,1
694,246,1
695,246,1
696,247,1
697,248,1
698,248,1
698,249,1
699,249,1
700,250,1
701,251,1
702,251,1
703,252,1
704,252,1
704,253,1
705,253,1
706,254,1
707,255,1
708,255,1
709,256,1
710,257,1
711,257,1
711,258,1
712,258,1
713,258,1
714,259,1
715,259,1
715,260,1
716,260,1
717,261,1
718,261,1
719,262,1
720,262,1
721,263,1
722,263,1
723,264,1
724,264,1
725,265,1
726,265,1
727,265,1
727,266,1
728,266,1
729,266,1
730,267,1
731,267,1
732,268,1
733,268,1
734,268,1
735,269,1
736,269,1
737,269,1
738,270,1
739,270,1
740,270,1
741,270,1
742,271,1
743,271,1
744,271,1
745,271,1
746,272,1
747,272,1
748,272,1
749,272,1
750,272,1
750,273,1
751,273,1
752,273,1
753,273,1
754,273,1
755,273,1
756,273,1
757,273,1
758,273,1
759,273,1
760,273,1
761,273,1
762,273,1
763,273,1
764,273,1
765,273,1
766,273,1
767,272,1
768,272,1
769,272,1
770,272,1
771,272,1
772,271,1
773,271,1
774,271,1
775,271,1
776,270,1
777,270,1
778,270,1
779,270,1
779,269,1
780,269,1
781,269,1
782,269,1
782,268,1
783,268,1
784,268,1
785,268,1
785,267,1
786,267,1
787,267,1
788,266,1
789,266,1
789,265,1
790,265,1
791,264,1
792,264,1
792,263,1
793,263,1
794,262,1
795,261,1
796,260,1
797,260,1
798,259,1
798,258,1
799,257,1
800,256,1
818,236,0
840,208,1
840,209,1
840,210,1
840,211,1
840,212,1
840,213,1
840,214,1
840,215,1
839,216,1
839,217,1
839,218,1
839,219,1
839,220,1
839,221,1
839,222,1
839,223,1
839,224,1
838,225,1
838,226,1
838,227,1
838,228,1
838,229,1
838,230,1
838,231,1
838,232,1
838,233,1
838,234,1
837,235,1
837,236,1
837,237,1
837,238,1
837,239,1
837,240,1
837,241,1
837,242,1
837,243,1
837,244,1
837,245,1
837,246,1
837,247,1
837,248,1
837,249,1
837,250,1
837,251,1
837,252,1
837,253,1
837,254,1
837,255,1
837,256,1
837,257,1
837,258,1
837,259,1
837,260,1
837,261,1
836,262,1
836,263,1
836,264,1
836,265,1
836,266,1
836,267,1
836,268,1
836,269,1
836,270,1
836,271,1
836,272,1
836,273,1
836,274,1
836,275,1
836,276,1
836,277,1
836,278,1
836,279,1
836,280,1
836,281,1
836,282,1
836,283,1
835,284,1
835,285,1
835,286,1
835,287,1
835,288,1
835,289,1
835,290,1
835,291,1
835,292,1
835,293,1
835,294,1
835,295,1
835,296,1
835,297,1
835,298,1
835,299,1
835,300,1
835,301,1
835,302,1
835,303,1
835,304,1
835,305,1
835,306,1
835,307,1
834,307,1
834,306,1
834,306,0
