176,211,1
226,211,1
227,211,1
228,211,1
229,211,1
230,211,1
231,211,1
232,211,1
233,211,1
234,211,1
235,211,1
236,211,1
237,211,1
238,211,1
239,211,1
240,211,1
241,211,1
241,210,1
242,210,1
243,210,1
244,210,1
245,210,1
246,210,1
247,210,1
248,210,1
249,210,1
250,210,1
251,210,1
252,210,1
253,210,1
254,210,1
255,210,1
256,210,1
257,210,1
258,210,1
259,210,1
260,210,1
261,210,1
262,210,1
263,210,1
264,210,1
265,210,1
266,210,1
267,210,1
268,210,1
269,210,1
270,210,1
271,210,1
272,210,1
273,210,1
274,210,1
275,210,1
276,210,1
277,210,1
278,210,1
279,210,1
280,210,1
281,210,1
282,210,1
283,210,1
284,210,1
285,210,1
286,210,1
287,210,1
288,210,1
289,210,1
290,210,1
291,210,1
292,210,1
293,210,1
294,210,1
295,210,1
296,210,1
297,210,1
298,210,1
299,210,1
300,210,1
301,210,1
302,209,1
303,209,1
304,209,1
305,209,1
306,209,1
307,209,1
308,209,1
309,209,1
310,209,1
311,209,1
312,209,1
313,209,1
314,209,1
315,209,1
316,209,1
317,209,1
318,209,1
319,209,1
320,209,1
321,209,1
322,209,1
323,209,1
324,209,1
325,209,1
326,209,1
327,209,1
328,209,1
329,209,1
330,209,1
331,209,1
332,209,1
333,209,1
334,209,1
335,209,1
336,209,1
337,209,1
338,209,1
339,209,1
340,209,1
341,209,1
342,209,1
343,209,1
344,209,1
345,209,1
346,209,1
347,209,1
348,209,1
349,209,1
350,209,1
351,209,1
352,209,1
353,209,1
354,209,1
355,209,1
356,209,1
357,209,1
358,209,1
359,209,1
358,209,1
357,209,1
251,213,0
141,216,1
142,216,1
143,216,1
144,216,1
145,216,1
146,216,1
147,216,1
148,216,1
149,216,1
150,216,1
151,216,1
152,217,1
153,217,1
154,217,1
155,217,1
156,217,1
156,218,1
157,218,1
158,218,1
159,218,1
160,218,1
161,219,1
162,219,1
163,219,1
164,220,1
165,220,1
166,220,1
167,220,1
168,221,1
169,221,1
170,222,1
171,222,1
172,223,1
173,223,1
174,224,1
175,224,1
175,225,1
176,225,1
177,225,1
177,226,1
178,226,1
178,227,1
179,227,1
179,228,1
180,228,1
180,229,1
181,230,1
182,231,1
182,232,1
183,233,1
183,234,1
183,235,1
184,235,1
184,236,1
184,237,1
184,238,1
184,239,1
184,240,1
184,241,1
183,242,1
183,243,1
183,244,1
182,245,1
181,246,1
180,247,1
180,248,1
179,248,1
179,249,1
178,249,1
178,250,1
177,250,1
176,251,1
175,252,1
174,253,1
173,253,1
172,254,1
171,254,1
170,255,1
169,255,1
168,256,1
167,256,1
166,256,1
165,257,1
164,257,1
163,257,1
162,258,1
161,258,1
160,258,1
159,258,1
159,259,1
158,259,1
157,259,1
156,259,1
155,259,1
154,259,1
153,259,1
152,259,1
151,259,1
150,259,1
149,259,1
148,259,1
147,259,1
146,258,1
145,258,1
144,257,1
144,256,1
143,256,1
143,255,1
143,254,1
144,254,1
144,253,1
145,252,1
146,252,1
146,251,1
147,251,1
148,250,1
149,250,1
150,250,1
151,250,1
151,249,1
152,249,1
153,249,1
154,249,1
155,249,1
156,249,1
156,248,1
157,248,1
158,248,1
159,248,1
160,248,1
161,248,1
162,248,1
163,248,1
164,248,1
165,248,1
166,248,1
167,248,1
168,248,1
169,248,1
170,248,1
171,248,1
172,248,1
173,249,1
174,249,1
175,249,1
176,249,1
177,249,1
178,249,1
179,249,1
180,250,1
181,250,1
182,250,1
183,250,1
184,250,1
184,251,1
185,251,1
186,251,1
186,252,1
187,252,1
188,252,1
189,252,1
189,253,1
190,253,1
191,253,1
191,254,1
192,254,1
193,254,1
194,255,1
195,256,1
196,256,1
197,257,1
198,257,1
198,258,1
199,258,1
200,259,1
201,260,1
202,261,1
203,262,1
203,263,1
204,263,1
204,264,1
205,264,1
205,265,1
206,266,1
207,267,1
207,268,1
208,269,1
208,270,1
208,271,1
209,271,1
209,272,1
209,273,1
209,274,1
210,274,1
210,275,1
210,276,1
210,277,1
210,278,1
210,279,1
210,280,1
210,281,1
210,282,1
210,283,1
209,284,1
209,285,1
209,286,1
208,287,1
208,288,1
207,289,1
207,290,1
206,291,1
205,292,1
205,293,1
204,293,1
204,294,1
203,294,1
203,295,1
202,295,1
202,296,1
201,296,1
200,297,1
200,298,1
199,298,1
199,299,1
198,299,1
197,299,1
197,300,1
196,300,1
195,301,1
194,302,1
193,302,1
192,303,1
191,303,1
190,304,1
189,304,1
188,305,1
187,305,1
186,305,1
185,306,1
184,306,1
183,306,1
182,307,1
181,307,1
180,307,1
179,308,1
178,308,1
177,308,1
176,308,1
176,309,1
175,309,1
174,309,1
173,309,1
172,309,1
171,309,1
170,310,1
169,310,1
168,310,1
167,310,1
166,310,1
165,311,1
164,311,1
163,311,1
162,311,1
161,311,1
160,311,1
159,311,1
158,311,1
157,311,1
156,311,1
155,311,1
154,311,1
153,311,1
152,311,1
151,311,1
150,311,1
149,311,1
148,311,1
147,311,1
146,311,1
145,311,1
144,311,1
143,311,1
142,310,1
141,310,1
140,310,1
139,310,1
138,309,1
137,309,1
136,309,1
135,309,1
134,309,1
133,309,1
132,308,1
131,308,1
130,308,1
129,308,1
129,307,1
128,307,1
127,307,1
126,307,1
126,306,1
125,306,1
124,306,1
123,305,1
122,305,1
121,305,1
121,304,1
120,304,1
119,304,1
119,303,1
118,303,1
117,302,1
116,302,1
116,301,1
115,301,1
114,301,1
114,300,1
113,300,1
112,299,1
111,299,1
111,298,1
110,298,1
109,297,1
108,296,1
107,295,1
106,294,1
106,293,1
105,293,1
105,292,1
105,291,1
104,291,1
104,290,1
104,289,1
104,288,1
169,267,0
232,245,1
233,245,1
234,244,1
235,244,1
236,243,1
237,243,1
238,242,1
239,242,1
240,241,1
241,241,1
241,240,1
242,240,1
243,239,1
244,239,1
245,238,1
246,237,1
247,237,1
247,236,1
248,236,1
248,235,1
249,234,1
250,233,1
251,233,1
251,232,1
252,232,1
252,231,1
253,231,1
253,230,1
254,229,1
255,228,1
256,227,1
256,226,1
257,226,1
257,225,1
257,224,1
258,224,1
258,223,1
259,222,1
259,221,1
260,220,1
260,219,1
260,218,1
261,217,1
261,216,1
261,215,1
261,214,1
261,213,1
261,214,1
261,215,1
261,216,1
260,217,1
260,218,1
260,219,1
260,220,1
260,221,1
259,221,1
259,222,1
259,223,1
259,224,1
259,225,1
259,226,1
259,227,1
259,228,1
259,229,1
259,230,1
259,231,1
259,232,1
259,233,1
259,234,1
259,235,1
259,236,1
259,237,1
259,238,1
259,239,1
259,240,1
259,241,1
259,242,1
259,243,1
259,244,1
259,245,1
259,246,1
260,246,1
260,247,1
260,248,1
260,249,1
260,250,1
260,251,1
260,252,1
261,253,1
261,254,1
261,255,1
261,256,1
261,257,1
261,258,1
261,259,1
261,260,1
261,261,1
262,262,1
262,263,1
262,264,1
262,265,1
262,266,1
263,266,1
263,267,1
263,268,1
263,269,1
263,270,1
264,271,1
264,272,1
264,273,1
264,274,1
264,275,1
265,276,1
265,277,1
265,278,1
265,279,1
265,280,1
266,281,1
266,282,1
266,283,1
266,284,1
267,284,1
267,285,1
267,286,1
267,287,1
268,288,1
268,289,1
268,290,1
269,290,1
269,291,1
269,292,1
269,293,1
270,293,1
270,294,1
270,295,1
270,296,1
271,296,1
271,297,1
272,297,1
272,296,1
272,295,1
272,294,1
299,243,0
323,189,1
324,189,1
325,189,1
326,189,1
327,188,1
328,188,1
329,188,1
330,188,1
331,188,1
332,188,1
333,188,1
334,188,1
335,188,1
336,187,1
337,187,1
338,187,1
339,187,1
340,187,1
341,187,1
342,187,1
343,187,1
344,187,1
344,186,1
345,186,1
346,186,1
347,186,1
348,186,1
349,186,1
350,186,1
351,186,1
352,186,1
353,186,1
354,186,1
355,186,1
356,186,1
357,186,1
358,186,1
359,186,1
360,186,1
361,186,1
361,185,1
362,185,1
363,185,1
364,185,1
365,185,1
366,185,1
367,185,1
368,185,1
369,185,1
369,184,1
370,184,1
371,184,1
372,184,1
373,184,1
374,184,1
375,184,1
376,184,1
377,184,1
378,184,1
379,184,1
380,184,1
381,184,1
382,184,1
383,184,1
384,184,1
385,185,1
386,185,1
387,185,1
388,185,1
388,186,1
389,186,1
389,187,1
390,187,1
390,188,1
391,188,1
391,189,1
392,190,1
392,191,1
393,191,1
393,192,1
393,193,1
393,194,1
394,195,1
394,196,1
394,197,1
394,198,1
394,199,1
394,200,1
394,201,1
394,202,1
394,203,1
394,204,1
394,205,1
394,206,1
394,207,1
394,208,1
393,209,1
393,210,1
393,211,1
393,212,1
393,213,1
393,214,1
393,215,1
393,216,1
393,217,1
393,218,1
393,219,1
393,220,1
393,221,1
393,222,1
393,223,1
393,224,1
393,225,1
392,226,1
392,227,1
392,228,1
392,229,1
392,230,1
392,231,1
392,232,1
392,233,1
392,234,1
392,235,1
392,236,1
392,237,1
392,238,1
392,239,1
392,240,1
392,241,1
392,242,1
392,243,1
392,244,1
392,245,1
392,246,1
392,247,1
392,248,1
392,249,1
392,250,1
392,251,1
393,252,1
393,253,1
393,254,1
393,255,1
393,256,1
393,257,1
393,258,1
393,259,1
393,260,1
393,261,1
393,262,1
393,263,1
393,264,1
393,265,1
393,266,1
393,267,1
393,268,1
393,269,1
393,270,1
393,271,1
393,272,1
393,273,1
393,274,1
394,275,1
394,276,1
394,277,1
394,278,1
394,279,1
394,280,1
394,281,1
394,282,1
394,283,1
394,284,1
394,285,1
394,286,1
394,287,1
394,288,1
394,289,1
394,290,1
394,291,1
394,292,1
394,293,1
394,294,1
393,294,1
384,261,0
376,229,1
375,229,1
374,229,1
374,228,1
373,228,1
372,228,1
371,228,1
370,228,1
369,228,1
368,228,1
367,228,1
366,228,1
365,228,1
364,228,1
363,228,1
362,229,1
361,229,1
360,229,1
359,229,1
359,230,1
358,230,1
357,230,1
356,230,1
355,231,1
354,231,1
353,231,1
352,232,1
351,232,1
350,233,1
349,233,1
349,234,1
348,234,1
347,234,1
347,235,1
346,235,1
345,236,1
344,237,1
343,237,1
343,238,1
342,238,1
341,239,1
340,240,1
339,241,1
338,242,1
337,243,1
337,244,1
336,244,1
336,245,1
335,246,1
334,247,1
334,248,1
333,248,1
333,249,1
332,250,1
332,251,1
331,252,1
331,253,1
330,254,1
330,255,1
330,256,1
329,256,1
329,257,1
329,258,1
329,259,1
329,260,1
329,261,1
329,262,1
329,263,1
329,264,1
329,265,1
329,266,1
329,267,1
329,268,1
329,269,1
330,269,1
330,270,1
330,271,1
331,272,1
332,273,1
333,274,1
334,275,1
335,275,1
336,276,1
337,276,1
338,276,1
339,276,1
340,276,1
340,275,1
341,275,1
342,275,1
342,274,1
343,274,1
343,273,1
343,272,1
344,272,1
344,271,1
344,270,1
344,269,1
344,268,1
344,267,1
344,266,1
343,265,1
343,264,1
343,263,1
342,263,1
342,262,1
341,262,1
341,261,1
340,261,1
340,260,1
339,260,1
338,260,1
337,259,1
336,259,1
335,259,1
334,259,1
333,259,1
332,259,1
331,259,1
360,204,0
384,150,1
384,149,1
385,149,1
386,149,1
386,148,1
387,148,1
388,148,1
388,147,1
389,147,1
390,146,1
391,146,1
392,145,1
393,145,1
394,145,1
394,144,1
395,144,1
396,144,1
396,143,1
397,143,1
398,143,1
399,142,1
400,142,1
401,142,1
402,141,1
403,141,1
404,141,1
404,140,1
405,140,1
406,140,1
407,140,1
408,139,1
409,139,1
410,139,1
411,139,1
411,138,1
412,138,1
413,138,1
414,138,1
415,137,1
416,137,1
417,137,1
418,137,1
419,136,1
420,136,1
421,136,1
422,136,1
423,136,1
424,136,1
425,136,1
426,136,1
427,136,1
428,136,1
429,136,1
430,136,1
431,136,1
432,136,1
433,136,1
434,136,1
435,136,1
436,136,1
436,137,1
437,137,1
438,137,1
439,137,1
439,138,1
440,138,1
441,138,1
442,139,1
443,139,1
444,139,1
444,140,1
445,140,1
446,140,1
446,141,1
447,141,1
448,142,1
449,143,1
450,144,1
451,144,1
451,145,1
452,146,1
453,147,1
454,148,1
454,149,1
455,149,1
455,150,1
456,151,1
456,152,1
457,153,1
457,154,1
458,155,1
458,156,1
458,157,1
459,157,1
459,158,1
459,159,1
460,160,1
460,161,1
460,162,1
460,163,1
460,164,1
461,164,1
461,165,1
461,166,1
461,167,1
461,168,1
461,169,1
462,169,1
462,170,1
462,171,1
462,172,1
462,173,1
462,174,1
463,175,1
463,176,1
463,177,1
463,178,1
463,179,1
463,180,1
463,181,1
463,182,1
463,183,1
464,184,1
464,185,1
464,186,1
464,187,1
464,188,1
464,189,1
464,190,1
464,191,1
464,192,1
464,193,1
464,194,1
464,195,1
464,196,1
464,197,1
464,198,1
464,199,1
464,200,1
464,201,1
464,202,1
464,203,1
464,204,1
464,205,1
464,206,1
464,207,1
464,208,1
464,209,1
464,210,1
464,211,1
464,212,1
464,213,1
464,214,1
463,214,1
463,215,1
463,216,1
463,217,1
463,218,1
463,219,1
463,220,1
463,221,1
463,222,1
463,223,1
463,224,1
462,225,1
462,226,1
462,227,1
462,228,1
462,229,1
462,230,1
462,231,1
462,232,1
462,233,1
461,234,1
461,235,1
461,236,1
461,237,1
461,238,1
461,239,1
461,240,1
461,241,1
461,242,1
461,243,1
461,244,1
461,245,1
461,246,1
461,247,1
461,248,1
461,249,1
460,250,1
460,251,1
460,252,1
460,253,1
460,254,1
460,255,1
460,256,1
460,257,1
460,258,1
460,259,1
460,260,1
460,261,1
459,262,1
459,263,1
459,264,1
459,265,1
459,266,1
459,267,1
459,268,1
459,269,1
459,270,1
459,271,1
459,272,1
459,273,1
459,274,1
459,275,1
459,276,1
459,277,1
459,278,1
459,279,1
459,280,1
459,281,1
459,282,1
459,283,1
459,284,1
459,285,1
459,286,1
459,287,1
459,288,1
459,289,1
459,290,1
459,291,1
459,292,1
459,293,1
459,294,1
459,295,1
459,296,1
459,297,1
459,298,1
459,299,1
459,300,1
458,300,1
457,300,1
457,299,1
456,298,1
456,297,1
456,296,1
481,234,0
504,170,1
505,170,1
506,170,1
506,169,1
507,169,1
508,169,1
509,169,1
510,169,1
511,169,1
512,169,1
513,169,1
514,169,1
515,169,1
516,169,1
516,168,1
517,168,1
518,168,1
519,168,1
520,168,1
521,168,1
522,167,1
523,167,1
524,167,1
525,167,1
526,167,1
527,167,1
528,166,1
529,166,1
530,166,1
531,166,1
532,166,1
533,166,1
534,166,1
535,166,1
536,166,1
537,166,1
538,166,1
539,166,1
540,165,1
541,165,1
542,165,1
543,165,1
544,165,1
545,165,1
546,165,1
546,164,1
547,164,1
548,164,1
549,164,1
550,164,1
551,164,1
552,164,1
553,164,1
554,164,1
555,164,1
556,164,1
557,164,1
558,164,1
559,164,1
560,164,1
561,164,1
562,163,1
563,163,1
564,163,1
565,163,1
566,163,1
567,163,1
568,163,1
569,163,1
570,163,1
571,162,1
572,162,1
573,162,1
574,162,1
575,162,1
576,162,1
577,162,1
578,162,1
579,162,1
579,161,1
580,161,1
581,161,1
582,161,1
583,161,1
584,161,1
585,161,1
586,161,1
587,161,1
588,161,1
589,161,1
590,161,1
591,161,1
592,161,1
593,161,1
594,161,1
595,161,1
596,161,1
597,161,1
598,160,1
599,160,1
600,160,1
601,160,1
602,160,1
603,160,1
604,160,1
605,160,1
606,160,1
607,160,1
608,160,1
609,160,1
609,159,1
610,159,1
611,159,1
612,159,1
613,159,1
614,159,1
615,159,1
616,159,1
617,159,1
618,159,1
619,159,1
620,159,1
621,159,1
622,159,1
623,159,1
624,159,1
625,159,1
626,159,1
627,159,1
628,159,1
629,159,1
630,159,1
631,159,1
632,159,1
633,159,1
634,159,1
635,159,1
636,159,1
637,159,1
638,159,1
639,159,1
640,159,1
640,158,1
641,158,1
640,158,1
639,158,1
638,158,1
637,158,1
636,158,1
588,174,0
539,192,1
539,191,1
538,191,1
537,191,1
537,190,1
536,190,1
536,189,1
535,189,1
535,188,1
534,188,1
534,187,1
534,186,1
534,185,1
534,184,1
534,183,1
534,182,1
534,181,1
535,180,1
535,179,1
536,179,1
536,178,1
537,177,1
538,176,1
538,175,1
539,174,1
540,174,1
540,173,1
541,173,1
542,172,1
543,171,1
544,171,1
544,170,1
545,170,1
546,170,1
546,169,1
547,169,1
548,169,1
549,169,1
550,168,1
551,168,1
552,168,1
553,168,1
554,168,1
554,167,1
555,167,1
556,167,1
557,167,1
558,167,1
559,167,1
560,167,1
561,167,1
562,167,1
563,167,1
564,167,1
565,167,1
566,168,1
567,168,1
568,168,1
569,168,1
569,169,1
570,169,1
571,169,1
572,170,1
573,170,1
574,170,1
574,171,1
575,171,1
576,171,1
576,172,1
577,172,1
578,173,1
579,174,1
580,175,1
581,175,1
581,176,1
582,176,1
582,177,1
583,178,1
583,179,1
584,179,1
584,180,1
585,181,1
585,182,1
586,183,1
586,184,1
586,185,1
587,186,1
587,187,1
587,188,1
587,189,1
588,190,1
588,191,1
588,192,1
588,193,1
588,194,1
588,195,1
588,196,1
588,197,1
588,198,1
587,199,1
587,200,1
587,201,1
587,202,1
586,203,1
586,204,1
586,205,1
586,206,1
585,206,1
585,207,1
585,208,1
585,209,1
584,210,1
584,211,1
583,212,1
583,213,1
582,214,1
582,215,1
581,216,1
580,217,1
580,218,1
579,219,1
578,220,1
578,221,1
577,221,1
577,222,1
576,223,1
576,224,1
575,224,1
574,225,1
573,226,1
573,227,1
572,227,1
572,228,1
571,228,1
570,229,1
569,230,1
569,231,1
568,231,1
567,232,1
566,232,1
566,233,1
565,233,1
564,234,1
563,235,1
562,235,1
562,236,1
561,236,1
560,237,1
559,237,1
558,238,1
557,238,1
557,239,1
556,239,1
555,239,1
555,240,1
554,240,1
553,240,1
552,240,1
551,241,1
550,241,1
549,241,1
548,241,1
547,242,1
546,242,1
545,242,1
544,242,1
543,242,1
542,242,1
541,242,1
540,242,1
539,242,1
538,242,1
537,241,1
536,241,1
535,241,1
534,240,1
533,240,1
532,239,1
531,239,1
531,238,1
530,238,1
529,237,1
528,237,1
528,236,1
528,235,1
528,236,1
529,236,1
529,237,1
530,237,1
531,238,1
532,239,1
532,240,1
533,240,1
533,241,1
534,242,1
535,243,1
536,244,1
537,245,1
537,246,1
538,246,1
538,247,1
539,247,1
539,248,1
540,249,1
541,250,1
542,251,1
543,252,1
544,253,1
545,253,1
545,254,1
546,255,1
547,255,1
547,256,1
548,256,1
549,257,1
550,258,1
551,258,1
551,259,1
552,259,1
553,259,1
554,260,1
555,261,1
556,261,1
557,262,1
558,262,1
559,262,1
559,263,1
560,263,1
561,263,1
562,264,1
563,264,1
564,264,1
564,265,1
565,265,1
566,265,1
567,265,1
568,265,1
569,266,1
570,266,1
571,266,1
572,266,1
573,266,1
574,266,1
575,266,1
576,266,1
576,265,1
577,265,1
578,265,1
579,265,1
579,264,1
580,264,1
581,264,1
606,227,0
633,187,1
633,188,1
633,189,1
633,190,1
633,191,1
633,192,1
633,193,1
633,194,1
634,195,1
634,196,1
634,197,1
634,198,1
634,199,1
634,200,1
634,201,1
634,202,1
634,203,1
634,204,1
634,205,1
634,206,1
634,207,1
634,208,1
634,209,1
634,210,1
634,211,1
634,212,1
634,213,1
634,214,1
634,215,1
634,216,1
634,217,1
634,218,1
634,219,1
634,220,1
634,221,1
634,222,1
634,223,1
634,224,1
634,225,1
634,226,1
634,227,1
634,228,1
634,229,1
634,230,1
634,231,1
634,232,1
634,233,1
634,234,1
634,235,1
634,236,1
634,237,1
634,238,1
634,239,1
634,240,1
634,241,1
634,242,1
634,243,1
634,244,1
634,245,1
634,246,1
634,247,1
634,248,1
634,249,1
634,250,1
634,251,1
634,252,1
634,253,1
634,254,1
634,255,1
634,256,1
634,257,1
634,258,1
634,259,1
634,260,1
634,261,1
634,262,1
634,263,1
634,264,1
634,265,1
634,266,1
634,267,1
634,268,1
634,269,1
634,270,1
634,271,1
635,271,1
635,272,1
635,273,1
635,274,1
635,275,1
635,276,1
635,277,1
635,278,1
635,279,1
635,280,1
635,281,1
635,282,1
635,283,1
635,284,1
635,285,1
635,286,1
635,287,1
635,288,1
635,289,1
635,290,1
635,291,1
634,291,1
634,290,1
634,289,1
634,288,1
634,288,0
