459,711,1
507,697,1
508,697,1
509,697,1
510,697,1
511,697,1
512,697,1
513,697,1
514,697,1
515,697,1
516,697,1
517,698,1
518,698,1
519,698,1
520,698,1
521,698,1
522,698,1
523,699,1
524,699,1
525,699,1
526,699,1
526,700,1
527,700,1
528,700,1
529,701,1
530,701,1
531,702,1
532,702,1
533,703,1
534,704,1
535,704,1
536,705,1
537,706,1
538,706,1
538,707,1
539,707,1
539,708,1
540,709,1
541,710,1
542,711,1
543,712,1
543,713,1
544,714,1
544,715,1
545,715,1
545,716,1
545,717,1
546,717,1
546,718,1
546,719,1
547,719,1
547,720,1
547,721,1
547,722,1
548,722,1
548,723,1
548,724,1
548,725,1
549,726,1
549,727,1
549,728,1
549,729,1
549,730,1
549,731,1
549,732,1
549,733,1
549,734,1
549,735,1
549,736,1
549,737,1
549,738,1
549,739,1
549,740,1
549,741,1
549,742,1
549,743,1
549,744,1
549,745,1
548,746,1
548,747,1
548,748,1
548,749,1
548,750,1
547,751,1
547,752,1
547,753,1
547,754,1
547,755,1
546,755,1
546,756,1
546,757,1
546,758,1
546,759,1
545,760,1
545,761,1
545,762,1
545,763,1
545,764,1
544,765,1
544,766,1
544,767,1
544,768,1
544,769,1
544,770,1
544,771,1
544,772,1
544,773,1
544,774,1
544,775,1
544,776,1
544,777,1
544,778,1
545,779,1
545,780,1
545,781,1
546,781,1
546,782,1
546,783,1
547,783,1
547,784,1
548,784,1
548,785,1
549,785,1
549,786,1
550,786,1
551,787,1
552,788,1
553,789,1
554,789,1
555,790,1
556,790,1
557,791,1
558,791,1
559,792,1
560,792,1
561,792,1
562,793,1
563,793,1
564,793,1
565,794,1
566,794,1
567,795,1
568,795,1
569,795,1
570,795,1
570,796,1
571,796,1
572,796,1
573,796,1
574,797,1
575,797,1
576,797,1
576,798,1
577,798,1
578,798,1
579,798,1
580,799,1
581,799,1
582,800,1
583,800,1
584,801,1
585,801,1
586,802,1
587,802,1
587,803,1
588,803,1
589,803,1
589,804,1
590,804,1
591,805,1
592,806,1
593,807,1
593,808,1
594,808,1
595,809,1
596,810,1
596,811,1
597,812,1
598,813,1
598,814,1
599,814,1
599,815,1
599,816,1
600,816,1
600,817,1
600,818,1
601,818,1
601,819,1
601,820,1
601,821,1
602,821,1
602,822,1
602,823,1
602,824,1
602,825,1
603,826,1
603,827,1
603,828,1
603,829,1
603,830,1
603,831,1
603,832,1
603,833,1
603,834,1
603,835,1
603,836,1
603,837,1
603,838,1
603,839,1
602,840,1
602,841,1
602,842,1
602,843,1
601,844,1
601,845,1
601,846,1
600,847,1
600,848,1
600,849,1
599,850,1
599,851,1
598,852,1
598,853,1
597,854,1
597,855,1
596,855,1
596,856,1
596,857,1
595,858,1
595,859,1
594,859,1
594,860,1
593,861,1
593,862,1
592,862,1
592,863,1
591,864,1
591,865,1
590,865,1
589,866,1
589,867,1
588,868,1
587,869,1
586,870,1
585,871,1
585,872,1
584,873,1
583,873,1
583,874,1
582,875,1
581,875,1
581,876,1
580,877,1
579,877,1
579,878,1
578,879,1
577,879,1
577,880,1
576,881,1
575,881,1
574,882,1
574,883,1
573,883,1
572,884,1
571,885,1
570,886,1
569,887,1
568,887,1
568,888,1
567,888,1
566,889,1
565,890,1
564,890,1
563,891,1
562,892,1
561,893,1
560,893,1
559,894,1
558,895,1
557,895,1
556,896,1
555,896,1
554,897,1
553,897,1
553,898,1
552,899,1
551,899,1
550,900,1
549,900,1
549,901,1
548,901,1
547,902,1
546,903,1
545,903,1
544,904,1
543,904,1
542,905,1
541,905,1
541,906,1
540,906,1
539,907,1
538,908,1
537,908,1
536,909,1
535,909,1
534,910,1
533,910,1
532,911,1
531,911,1
530,911,1
529,912,1
528,912,1
527,913,1
526,913,1
525,913,1
524,913,1
523,914,1
522,914,1
521,914,1
520,915,1
519,915,1
518,915,1
517,915,1
516,914,1
590,822,0
628,746,1
629,746,1
630,745,1
631,745,1
632,744,1
633,744,1
633,743,1
634,743,1
635,742,1
636,742,1
637,741,1
638,740,1
639,739,1
640,739,1
641,738,1
642,738,1
643,737,1
643,736,1
644,736,1
645,735,1
645,734,1
646,734,1
647,733,1
648,732,1
649,731,1
650,730,1
650,729,1
651,729,1
651,728,1
652,727,1
653,726,1
654,725,1
654,724,1
655,723,1
656,722,1
657,721,1
657,720,1
658,720,1
659,719,1
659,718,1
660,718,1
661,717,1
661,716,1
662,716,1
662,715,1
663,714,1
664,714,1
664,713,1
665,712,1
666,712,1
666,711,1
667,711,1
668,710,1
668,709,1
669,709,1
670,708,1
671,707,1
672,707,1
672,706,1
673,706,1
673,705,1
674,705,1
675,704,1
676,703,1
677,703,1
678,702,1
679,702,1
679,701,1
680,701,1
681,701,1
682,700,1
683,700,1
684,700,1
684,699,1
685,699,1
686,699,1
687,699,1
688,699,1
689,699,1
690,699,1
691,699,1
691,700,1
692,700,1
693,700,1
694,701,1
695,701,1
696,702,1
697,702,1
697,703,1
698,703,1
698,704,1
699,704,1
699,705,1
700,705,1
700,706,1
701,706,1
701,707,1
702,707,1
702,708,1
703,708,1
703,709,1
704,710,1
705,711,1
705,712,1
706,713,1
706,714,1
707,714,1
707,715,1
708,716,1
708,717,1
709,717,1
709,718,1
709,719,1
710,720,1
710,721,1
711,721,1
711,722,1
711,723,1
712,724,1
712,725,1
713,726,1
713,727,1
713,728,1
714,729,1
714,730,1
715,731,1
715,732,1
716,733,1
716,734,1
716,735,1
717,736,1
717,737,1
718,738,1
718,739,1
719,740,1
719,741,1
719,742,1
720,743,1
720,744,1
720,745,1
721,745,1
721,746,1
722,747,1
722,748,1
722,749,1
723,750,1
723,751,1
723,752,1
724,753,1
725,754,1
725,755,1
725,756,1
726,757,1
726,758,1
726,759,1
727,760,1
727,761,1
728,761,1
728,762,1
728,763,1
729,764,1
729,765,1
730,766,1
730,767,1
730,768,1
731,768,1
731,769,1
731,770,1
732,771,1
732,772,1
733,773,1
733,774,1
734,775,1
734,776,1
735,777,1
735,778,1
735,779,1
736,780,1
736,781,1
737,782,1
737,783,1
738,784,1
738,785,1
738,786,1
739,787,1
739,788,1
740,788,1
740,789,1
740,790,1
741,791,1
741,792,1
742,793,1
742,794,1
743,794,1
743,795,1
743,796,1
744,797,1
744,798,1
745,799,1
746,800,1
746,801,1
746,802,1
747,802,1
747,803,1
748,803,1
748,804,1
749,805,1
749,806,1
750,806,1
750,807,0
626,570,0
798,607,1
798,608,1
799,609,1
799,610,1
799,611,1
799,612,1
800,613,1
800,614,1
800,615,1
800,616,1
801,617,1
801,618,1
801,619,1
801,620,1
802,621,1
802,622,1
802,623,1
802,624,1
803,625,1
803,626,1
803,627,1
803,628,1
804,629,1
804,630,1
804,631,1
805,632,1
805,633,1
805,634,1
805,635,1
806,636,1
806,637,1
806,638,1
806,639,1
807,640,1
807,641,1
807,642,1
808,643,1
808,644,1
808,645,1
809,646,1
809,647,1
809,648,1
809,649,1
810,650,1
810,651,1
810,652,1
811,653,1
811,654,1
811,655,1
811,656,1
812,656,1
812,657,1
812,658,1
813,659,1
813,660,1
813,661,1
813,662,1
814,663,1
814,664,1
814,665,1
815,666,1
815,667,1
815,668,1
815,669,1
816,670,1
816,671,1
817,672,1
817,673,1
817,674,1
818,675,1
818,676,1
819,677,1
819,678,1
819,679,1
820,680,1
820,681,1
821,682,1
821,683,1
821,684,1
822,685,1
822,686,1
822,687,1
823,688,1
823,689,1
823,690,1
824,691,1
824,692,1
825,693,1
825,694,1
825,695,1
826,695,1
826,696,1
826,697,1
827,698,1
827,699,1
828,700,1
828,701,1
828,702,1
829,703,1
829,704,1
830,705,1
830,706,1
831,706,1
831,707,1
832,708,1
832,709,1
833,710,1
833,711,1
834,711,1
835,712,1
836,712,1
836,713,1
837,714,1
838,715,1
839,715,1
840,715,1
841,715,1
848,643,0
863,570,1
863,571,1
863,572,1
863,573,1
863,574,1
862,575,1
862,576,1
862,577,1
862,578,1
862,579,1
862,580,1
862,581,1
863,582,1
863,583,1
864,583,1
865,584,1
865,585,1
866,585,1
867,585,1
867,586,1
868,586,1
869,586,1
870,586,1
871,586,1
872,586,1
873,586,1
874,586,1
875,586,1
876,586,1
877,586,1
878,586,1
879,586,1
880,586,1
881,586,1
882,586,1
883,587,1
884,587,1
885,587,1
886,587,1
887,587,1
888,588,1
889,588,1
890,588,1
891,589,1
892,589,1
893,589,1
894,590,1
895,590,1
896,590,1
897,590,1
898,590,1
899,590,1
900,591,1
901,591,1
902,591,1
903,591,1
904,591,1
905,591,1
906,591,1
907,591,1
908,591,1
909,591,1
910,591,1
911,591,1
912,592,1
913,592,1
914,592,1
915,592,1
916,592,1
917,592,1
918,592,1
919,592,1
920,592,1
921,592,1
922,592,1
923,592,1
924,592,1
925,592,1
926,592,1
927,592,1
928,592,1
929,592,1
930,592,1
931,592,1
932,592,1
933,592,1
933,591,1
934,591,1
935,591,1
936,591,1
937,591,1
938,591,1
939,591,1
940,591,1
941,590,1
942,590,1
943,590,1
944,590,1
945,590,1
945,589,1
946,589,1
947,589,1
948,589,1
949,588,1
950,588,1
951,588,1
952,587,1
953,587,1
954,587,1
954,586,1
955,586,1
956,586,1
956,585,1
957,585,1
958,585,1
958,584,1
959,584,1
960,584,1
960,583,1
961,583,1
962,583,1
963,582,1
964,582,1
965,581,1
966,580,1
967,580,1
968,579,1
969,579,1
970,579,1
970,578,1
971,578,1
972,578,1
972,577,1
973,577,1
974,577,1
975,576,1
976,576,1
977,576,1
978,575,1
979,575,1
980,575,1
981,575,1
981,574,1
982,574,1
983,574,1
984,574,1
985,574,1
986,574,1
987,574,1
988,574,1
989,574,1
990,574,1
991,574,1
992,574,1
993,575,1
994,575,1
995,575,1
996,575,1
997,576,1
998,576,1
999,576,1
999,577,1
1000,577,1
1001,578,1
1002,578,1
1002,579,1
1003,579,1
1004,580,1
1005,581,1
1006,581,1
1006,582,1
1007,582,1
1007,583,1
1008,583,1
1008,584,1
1009,585,1
1010,586,1
1011,587,1
1011,588,1
1012,588,1
1012,589,1
1012,590,1
1013,591,1
1014,592,1
1014,593,1
1014,594,1
1015,594,1
1015,595,1
1015,596,1
1015,597,1
1016,598,1
1016,599,1
1016,600,1
1017,601,1
1017,602,1
1017,603,1
1017,604,1
1018,605,1
1018,606,1
1018,607,1
1018,608,1
1018,609,1
1018,610,1
1018,611,1
1018,612,1
1018,613,1
1018,614,1
1018,615,1
1018,616,1
1018,617,1
1018,618,1
1018,619,1
1018,620,1
1018,621,1
1018,622,1
1018,623,1
1018,624,1
1017,625,1
1017,626,1
1017,627,1
1017,628,1
1016,629,1
1016,630,1
1016,631,1
1015,632,1
1015,633,1
1015,634,1
1015,635,1
1015,636,1
1015,637,1
1014,638,1
1014,639,1
1014,640,1
1014,641,1
1013,642,1
1013,643,1
1013,644,1
1013,645,1
1012,646,1
1012,647,1
1011,648,1
1011,649,1
1010,650,1
1010,651,1
1009,652,1
1009,653,1
1008,654,1
1007,654,1
1007,655,1
1006,656,1
1006,657,1
1005,658,1
1004,659,1
1003,660,1
1002,661,1
1001,662,1
1000,662,1
999,663,1
998,664,1
997,664,1
996,665,1
995,666,1
994,666,1
994,667,1
869,548,0
726,463,1
726,462,1
726,461,1
726,460,1
726,459,1
727,458,1
727,457,1
727,456,1
727,455,1
727,454,1
727,453,1
728,452,1
728,451,1
728,450,1
728,449,1
728,448,1
729,447,1
729,446,1
729,445,1
730,444,1
730,443,1
730,442,1
731,442,1
731,441,1
731,440,1
732,439,1
732,438,1
733,437,1
733,436,1
733,435,1
734,434,1
735,433,1
735,432,1
736,431,1
737,430,1
737,429,1
738,428,1
739,427,1
739,426,1
740,425,1
740,424,1
741,424,1
741,423,1
742,422,1
742,421,1
743,420,1
743,419,1
744,418,1
745,417,1
745,416,1
746,415,1
747,414,1
747,413,1
748,413,1
749,412,1
749,411,1
750,411,1
750,410,1
751,409,1
752,409,1
752,408,1
753,407,1
754,406,1
755,406,1
755,405,1
756,404,1
757,404,1
757,403,1
758,403,1
759,402,1
760,401,1
761,401,1
761,400,1
762,400,1
763,399,1
764,398,1
765,398,1
766,397,1
767,396,1
768,396,1
769,396,1
769,395,1
770,395,1
771,394,1
772,394,1
773,393,1
774,393,1
775,393,1
776,392,1
777,392,1
778,392,1
779,391,1
780,391,1
781,391,1
782,390,1
783,390,1
784,390,1
785,390,1
786,389,1
787,389,1
788,389,1
789,389,1
790,389,1
791,389,1
792,389,1
792,388,1
793,388,1
794,388,1
795,388,1
796,388,1
797,388,1
798,388,1
799,388,1
800,388,1
801,388,1
802,388,1
803,388,1
804,388,1
805,388,1
806,389,1
807,389,1
808,389,1
809,389,1
810,389,1
811,389,1
812,389,1
813,390,1
814,390,1
815,390,1
816,390,1
817,391,1
818,391,1
819,391,1
820,391,1
821,392,1
822,392,1
823,392,1
824,393,1
825,393,1
826,393,1
826,394,1
827,394,1
828,394,1
829,395,1
830,395,1
831,395,1
832,396,1
833,396,1
834,397,1
835,397,1
836,398,1
837,398,1
838,399,1
839,399,1
839,400,1
840,400,1
841,401,1
842,401,1
843,402,1
844,402,1
844,403,1
845,403,1
846,404,1
847,404,1
848,405,1
849,405,1
849,406,1
850,407,1
851,407,1
852,408,1
853,409,1
854,409,1
855,410,1
856,411,1
857,412,1
858,412,1
859,413,1
859,414,1
860,414,1
861,415,1
862,416,1
863,417,1
864,418,1
865,418,1
865,419,1
866,420,1
867,420,1
868,421,1
868,422,1
869,422,1
870,423,1
871,424,1
872,425,1
873,426,1
874,427,1
875,428,1
876,428,1
876,429,1
877,430,1
878,431,1
879,432,1
880,433,1
880,434,1
881,434,1
882,435,1
882,436,1
883,436,1
884,437,1
885,438,1
885,439,1
886,439,1
886,440,1
887,441,1
888,442,1
889,443,1
890,444,1
890,445,1
891,445,1
892,446,1
892,447,1
893,448,1
894,449,1
895,450,1
895,451,1
896,451,1
896,452,1
897,453,1
898,454,1
899,455,1
899,456,1
900,457,1
900,458,1
901,458,1
901,459,1
902,460,1
903,461,1
904,462,1
904,463,1
905,464,1
906,464,1
906,465,1
907,466,1
907,467,1
908,468,1
909,469,1
910,470,1
910,471,1
911,471,1
911,472,1
912,473,1
912,474,1
913,474,1
913,475,1
914,476,1
914,477,1
915,478,1
915,479,1
916,480,1
916,481,1
917,482,1
917,483,1
917,484,1
918,484,1
918,485,1
918,486,1
919,487,1
919,488,1
920,488,1
920,489,1
920,490,1
921,490,1
921,491,1
922,491,1
860,505,0
789,541,1
790,541,1
791,540,1
792,540,1
793,540,1
794,539,1
795,539,1
796,539,1
797,538,1
798,538,1
799,537,1
800,537,1
801,536,1
802,536,1
803,536,1
804,535,1
805,535,1
806,534,1
807,534,1
808,534,1
808,533,1
809,533,1
810,533,1
811,532,1
812,532,1
813,531,1
814,531,1
815,530,1
816,530,1
817,530,1
818,529,1
819,529,1
820,529,1
821,528,1
822,528,1
823,527,1
824,527,1
825,526,1
826,526,1
827,525,1
828,525,1
829,525,1
830,524,1
831,524,1
832,524,1
833,523,1
834,523,1
835,523,1
835,522,1
836,522,1
837,521,1
838,521,1
839,521,1
840,520,1
841,520,1
842,519,1
843,519,1
844,519,1
845,518,1
846,518,1
847,517,1
848,517,1
849,516,1
850,516,1
851,516,1
852,515,1
853,515,1
854,514,1
855,514,1
856,514,1
856,513,1
857,513,1
858,512,1
859,512,1
860,512,1
861,511,1
862,511,1
863,511,1
864,510,1
865,510,1
866,509,1
867,509,1
868,509,1
869,508,1
870,507,1
871,507,1
872,507,1
873,506,1
874,506,1
875,505,1
876,505,1
877,505,1
878,504,1
879,504,1
880,503,1
881,503,1
882,502,1
883,502,1
884,501,1
885,501,1
886,501,1
887,500,1
888,500,1
889,500,1
890,499,1
891,499,1
891,498,1
892,498,1
893,498,1
894,497,1
895,497,1
896,497,1
897,496,1
898,496,1
898,495,1
899,495,1
900,495,1
901,494,1
902,494,1
903,493,1
904,493,1
905,492,1
906,492,1
907,492,1
908,491,1
909,491,1
910,490,1
911,490,1
912,489,1
913,489,1
914,489,1
915,488,1
916,488,1
917,487,1
918,487,1
919,487,1
919,486,1
920,486,1
921,486,1
922,485,1
923,485,1
924,484,1
925,484,1
926,484,1
927,483,1
928,483,1
929,482,1
930,482,1
931,481,1
932,481,1
933,481,1
934,480,1
935,480,1
936,479,1
937,479,1
938,478,1
939,478,1
940,478,1
941,477,1
942,477,1
943,476,1
944,476,1
945,475,1
946,475,1
947,475,1
948,474,1
949,474,1
950,474,1
950,473,1
951,473,1
952,472,1
953,472,1
954,472,1
955,471,1
956,471,1
957,471,1
958,470,1
959,469,1
960,469,1
961,469,1
962,468,1
963,468,1
964,468,1
965,467,1
966,467,1
967,466,1
968,466,1
969,465,1
970,465,1
971,464,1
972,464,1
973,464,1
974,463,1
975,463,1
976,463,1
977,462,1
978,462,1
979,461,1
980,461,1
981,461,1
982,460,1
983,460,1
984,459,1
985,459,1
986,458,1
987,458,1
988,458,1
989,457,1
990,457,1
991,456,1
992,456,1
993,456,1
994,455,1
995,454,1
996,454,1
997,454,1
998,453,1
999,453,1
1000,453,1
1001,452,1
1002,452,1
1003,451,1
1004,451,1
1005,451,1
1006,450,1
1007,450,1
1008,449,1
1009,449,1
1010,448,1
1011,448,1
1012,448,1
1013,447,1
1014,447,1
1015,446,1
1016,446,1
1017,446,1
1018,445,1
1019,445,1
1020,445,1
1021,444,1
1022,444,1
1023,443,1
1024,443,1
1025,443,1
1026,442,1
1027,442,1
1027,441,1
1028,441,1
1029,441,1
1030,440,1
1031,440,1
1032,440,1
1033,439,1
1034,439,1
1035,438,1
1036,438,1
1037,438,1
1038,437,1
1039,437,1
1040,436,1
1041,436,1
1042,436,1
1043,435,1
1044,435,1
1045,434,1
1046,434,1
1047,434,1
1048,433,1
1049,433,1
1050,432,1
1051,432,1
1052,432,1
1053,431,1
1054,431,1
1055,430,1
1056,430,1
1057,430,1
1058,429,1
1059,429,1
1060,428,1
1061,428,1
1062,428,1
1063,427,1
1064,427,1
1065,427,1
1066,426,1
1067,426,1
1068,425,1
1069,425,1
1070,424,1
1071,424,1
1072,424,1
1073,423,1
1074,423,1
1075,423,1
1076,422,1
1077,422,1
1078,422,1
1079,421,1
1080,421,1
1081,420,1
1082,420,1
1083,420,1
1084,419,1
1085,419,1
1086,419,1
1087,418,1
1088,418,1
1089,417,1
1090,417,1
1091,416,1
1092,416,1
1093,416,1
1094,415,1
1095,415,1
1096,415,1
1097,414,1
1098,414,1
1099,413,1
1100,413,1
1101,413,1
1102,412,1
1103,412,1
1104,412,1
1105,411,1
1106,411,1
1107,411,1
1108,410,1
1109,410,1
1110,410,1
1111,409,1
1112,409,1
1113,409,1
1114,408,1
1115,408,1
1116,407,1
1117,407,1
1118,407,1
1119,406,1
1120,406,1
1121,406,1
1122,405,1
1123,405,1
1124,405,1
1125,404,1
1126,404,1
1127,404,1
1128,403,1
1129,403,1
1130,402,1
1131,402,1
1132,402,1
1133,401,1
1134,401,1
1135,401,1
1136,400,1
1137,400,1
1138,400,1
1139,400,1
1140,399,1
1141,399,1
1142,399,1
1143,398,1
1144,398,1
1145,398,1
1146,397,1
1147,397,1
1148,396,1
1149,396,1
1150,396,1
1151,395,1
1152,395,1
1153,395,1
1154,394,1
1155,394,1
1156,394,1
1157,394,1
1158,393,1
1159,393,1
1160,393,1
1161,392,1
1162,392,1
1163,392,1
1163,391,1
1164,391,1
1165,391,1
1166,390,1
1167,390,1
1168,390,1
1169,390,1
1170,389,1
1171,389,1
1172,389,1
1173,388,1
1174,388,1
1175,388,1
1176,387,1
1177,387,1
1178,387,1
1179,387,1
1180,386,1
1181,386,1
1182,386,1
1183,385,1
1184,385,1
1185,385,1
1186,385,1
1187,384,1
1188,384,1
1189,384,1
1190,384,1
1190,383,1
1191,383,1
1192,383,1
1193,382,1
1194,382,1
1195,382,1
1196,382,1
1197,381,1
1198,381,1
1199,381,1
1200,381,1
1201,380,1
1202,380,1
1203,380,1
1204,379,1
1205,379,1
1206,379,1
1207,379,1
1208,378,1
1209,378,1
1210,378,1
1211,378,1
1212,377,1
1213,377,1
1214,377,1
1215,377,1
1216,376,1
1217,376,1
1218,376,1
1219,376,1
1220,375,1
1221,375,1
1222,375,1
1223,375,1
1224,374,1
1225,374,1
1226,374,1
1227,374,1
1228,373,1
1229,373,1
1230,373,1
1231,373,1
1232,372,1
1233,372,1
1234,372,1
1235,372,1
1236,372,1
1237,371,1
1238,371,1
1239,371,1
1240,371,1
1241,371,1
1242,371,1
1243,371,1
1244,370,1
1245,370,1
1246,370,1
1247,370,1
1248,370,1
1249,370,1
1250,370,1
1251,370,1
1252,369,1
1253,369,1
1254,369,1
1255,369,1
1256,369,1
1257,369,1
1258,369,1
1259,369,1
1260,369,1
1261,369,1
1262,369,1
1263,369,1
1264,369,1
1265,369,1
1266,369,1
1267,369,1
1268,369,1
1269,369,1
1270,369,1
1271,369,1
1272,369,1
1273,369,1
1274,369,1
1275,370,1
1276,370,1
1277,370,1
1278,370,1
1279,370,1
1280,370,1
1281,371,1
1282,371,1
1283,371,1
1284,371,1
1285,371,1
1285,372,1
1286,372,1
1287,372,1
1288,372,1
1289,373,1
1290,373,1
1291,373,1
1292,374,1
1293,374,1
1294,374,1
1294,375,1
1295,375,1
1296,375,1
1297,376,1
1298,377,1
1299,377,1
1300,377,1
1300,378,1
1301,378,1
1302,379,1
1303,379,1
1303,380,1
1304,380,1
1305,381,1
1306,382,1
1307,383,1
1308,384,1
1309,384,1
1309,385,1
1310,385,1
1311,386,1
1311,387,1
1312,387,1
1312,388,1
1313,388,1
1314,389,1
1314,390,1
1315,390,1
1315,391,1
1316,392,1
1317,393,1
1317,394,1
1318,394,1
1318,395,1
1319,396,1
1320,397,1
1321,398,1
1321,399,1
1322,400,1
1322,401,1
1323,402,1
1323,403,1
1324,403,1
1324,404,1
1325,405,1
1325,406,1
1326,407,1
1326,408,1
1327,409,1
1327,410,1
1328,411,1
1328,412,1
1328,413,1
1329,413,1
1329,414,1
1330,415,1
1330,416,1
1330,417,1
1331,418,1
1331,419,1
1331,420,1
1332,421,1
1332,422,1
1333,423,1
1333,424,1
1334,425,1
1334,426,1
1334,427,1
1335,428,1
1335,429,1
1335,430,1
1336,431,1
1336,432,1
1337,433,1
1337,434,1
1337,435,1
1338,436,1
1338,437,1
1338,438,1
1339,439,1
1339,440,1
1339,441,1
1340,442,1
1340,443,1
1341,444,1
1341,445,1
1341,446,1
1341,447,1
1342,448,1
1342,449,1
1342,450,1
1343,451,1
1343,452,1
1344,453,1
1344,454,1
1344,455,1
1344,456,1
1345,457,1
1345,458,1
1345,459,1
1345,460,1
1346,460,1
1346,461,1
1346,462,1
1346,463,1
1346,464,1
1346,465,1
1347,466,1
1347,467,1
1347,468,1
1347,469,1
1347,470,1
1347,471,1
1347,472,1
1347,473,1
1347,474,1
1347,475,1
1347,476,1
1347,477,1
1347,478,1
1347,479,1
1347,480,1
1347,481,1
1346,481,1
1346,482,1
1346,483,1
1346,484,1
1345,484,1
1345,485,1
1345,486,1
1344,487,1
1344,488,1
1343,488,1
1343,489,1
1342,489,1
1342,490,1
1341,490,1
1341,491,1
1340,491,1
1340,492,1
1339,492,1
1338,493,1
1337,493,1
1337,494,1
1336,494,1
1335,495,1
1334,495,1
1333,495,1
1332,496,1
1331,496,1
1330,496,1
1329,497,1
1328,497,1
1327,497,1
1326,497,1
1326,498,1
1325,498,1
1324,498,1
1323,498,1
1322,498,1
1321,498,1
1320,499,1
1319,499,1
1318,499,1
1317,499,1
1316,499,1
1315,499,1
1314,499,1
1313,500,1
1312,500,1
1311,500,1
1310,500,1
1309,500,1
1308,500,1
1307,500,1
1306,500,1
1305,500,1
1304,500,1
1303,500,1
1302,500,1
1301,500,1
1300,501,1
1299,501,1
1298,501,1
1297,501,1
1296,501,1
1295,501,1
1294,501,1
1293,501,1
1292,502,1
1291,502,1
1290,502,1
1289,502,1
1288,502,1
1287,502,1
1286,503,1
1285,503,1
1284,503,1
1283,503,1
1282,504,1
1281,504,1
1280,504,1
1279,504,1
1278,505,1
1277,505,1
1276,505,1
1275,505,1
1274,506,1
1273,506,1
1272,506,1
1271,506,1
1270,507,1
1269,507,1
1268,508,1
1267,508,1
1266,509,1
1265,509,1
1264,509,1
1263,510,1
1262,510,1
1261,511,1
1260,511,1
1259,512,1
1258,512,1
1257,513,1
1256,513,1
1255,514,1
1254,514,1
1253,515,1
1252,515,1
1252,516,1
1251,516,1
1250,517,1
1249,517,1
1248,518,1
1247,518,1
1246,519,1
1245,520,1
1244,520,1
1243,521,1
1242,522,1
1241,523,1
1240,523,1
1239,524,1
1238,524,1
1238,525,1
1237,526,1
1236,526,1
1235,527,1
1235,528,1
1234,528,1
1233,529,1
1232,530,1
1231,531,1
1230,531,1
1230,532,1
1229,533,1
1228,533,1
1227,534,1
1227,535,1
1226,536,1
1225,536,1
1225,537,1
1224,538,1
1223,538,1
1223,539,1
1222,540,1
1221,541,1
1220,542,1
1219,543,1
1218,544,1
1218,545,1
1217,546,1
1217,547,1
1216,547,1
1215,548,1
1215,549,1
1214,550,1
1213,551,1
1213,552,1
1212,553,1
1211,553,1
1211,554,1
1210,555,1
1210,556,1
1209,557,1
1208,558,1
1208,559,1
1207,560,1
1207,561,1
1206,561,1
1206,562,1
1206,563,1
1205,564,1
1205,565,1
1204,566,1
1203,567,1
1203,568,1
1203,569,1
1202,570,1
1202,571,1
1201,572,1
1201,573,1
1200,574,1
1200,575,1
1200,576,1
1200,577,1
1199,577,1
1199,578,1
1199,579,1
1198,580,1
1198,581,1
1198,582,1
1198,583,1
1197,584,1
1197,585,1
1197,586,1
1196,587,1
1196,588,1
1196,589,1
1196,590,1
1196,591,1
1195,592,1
1195,593,1
1195,594,1
1195,595,1
1195,596,1
1194,597,1
1194,598,1
1194,599,1
1194,600,1
1194,601,1
1194,602,1
1194,603,1
1194,604,1
1194,605,1
1193,606,1
1193,607,1
1193,608,1
1193,609,1
1193,610,1
1193,611,1
1193,612,1
1193,613,1
1193,614,1
1193,615,1
1193,616,1
1193,617,1
1193,618,1
1193,619,1
1193,620,1
1193,621,1
1194,622,1
1194,623,1
1194,624,1
1194,625,1
1194,626,1
1194,627,1
1194,628,1
1195,629,1
1195,630,1
1195,631,1
1195,632,1
1196,633,1
1196,634,1
1196,635,1
1197,636,1
1197,637,1
1198,638,1
1198,639,1
1199,640,1
1199,641,1
1199,642,1
1199,643,1
1199,644,1
1200,645,1
1200,646,1
1200,647,1
1200,648,1
1201,649,1
1201,650,1
1202,651,1
1202,652,1
1202,653,1
1203,654,1
1203,655,1
1204,656,1
1204,657,1
1205,658,1
1206,659,1
1207,660,1
1208,661,1
1209,661,1
1209,662,1
1210,662,1
1211,662,1
1212,663,1
1213,663,1
1214,662,1
1215,662,1
1216,662,1
1217,662,1
1218,662,1
1219,662,1
1219,661,1
1220,661,1
1221,660,1
1222,659,0
