431,423,1
479,420,1
480,420,1
481,420,1
481,421,1
482,421,1
483,422,1
484,422,1
484,423,1
485,423,1
485,424,1
486,424,1
487,425,1
487,426,1
488,426,1
488,427,1
489,427,1
490,428,1
490,429,1
491,429,1
491,430,1
491,431,1
492,432,1
493,433,1
493,434,1
494,435,1
494,436,1
494,437,1
495,438,1
495,439,1
495,440,1
495,441,1
496,442,1
496,443,1
496,444,1
496,445,1
496,446,1
496,447,1
496,448,1
496,449,1
496,450,1
496,451,1
496,452,1
496,453,1
496,454,1
495,455,1
495,456,1
495,457,1
495,458,1
495,459,1
494,460,1
494,461,1
494,462,1
493,463,1
493,464,1
493,465,1
492,466,1
492,467,1
491,468,1
491,469,1
491,470,1
490,471,1
490,472,1
489,473,1
489,474,1
488,474,1
488,475,1
487,476,1
487,477,1
486,478,1
486,479,1
485,479,1
485,480,1
484,481,1
484,482,1
483,483,1
482,484,1
482,485,1
481,486,1
481,487,1
480,487,1
480,488,1
479,489,1
479,490,1
478,490,1
478,491,1
477,492,1
477,493,1
476,494,1
476,495,1
475,496,1
475,497,1
475,498,1
475,499,1
475,500,1
475,501,1
476,501,1
476,502,1
477,502,1
478,502,1
479,502,1
480,502,1
481,502,1
482,502,1
483,502,1
484,502,1
485,502,1
486,502,1
487,502,1
488,502,1
489,501,1
490,501,1
491,501,1
492,500,1
493,500,1
494,500,1
495,500,1
496,500,1
497,499,1
498,499,1
499,499,1
500,499,1
501,499,1
502,498,1
503,498,1
504,498,1
505,498,1
506,498,1
507,498,1
508,498,1
509,498,1
510,498,1
511,498,1
512,498,1
513,498,1
514,498,1
515,498,1
516,498,1
517,498,1
518,498,1
519,498,1
520,498,1
521,498,1
522,498,1
523,499,1
524,499,1
525,499,1
526,499,1
527,500,1
528,500,1
529,500,1
530,501,1
531,501,1
532,501,1
532,502,1
533,502,1
534,503,1
535,503,1
535,504,1
536,504,1
537,505,1
538,506,1
539,507,1
540,508,1
541,509,1
542,510,1
542,511,1
543,512,1
544,513,1
544,514,1
545,515,1
545,516,1
545,517,1
546,518,1
546,519,1
546,520,1
547,521,1
547,522,1
547,523,1
547,524,1
547,525,1
547,526,1
547,527,1
547,528,1
547,529,1
547,530,1
547,531,1
547,532,1
547,533,1
547,534,1
547,535,1
547,536,1
546,537,1
546,538,1
546,539,1
546,540,1
545,541,1
545,542,1
544,543,1
544,544,1
544,545,1
543,546,1
543,547,1
542,548,1
542,549,1
541,550,1
541,551,1
540,552,1
540,553,1
539,554,1
539,555,1
538,555,1
538,556,1
537,557,1
536,558,1
536,559,1
535,559,1
535,560,1
534,561,1
533,562,1
533,563,1
532,563,1
532,564,1
531,565,1
530,565,1
529,566,1
529,567,1
528,568,1
527,568,1
527,569,1
526,570,1
525,570,1
525,571,1
524,572,1
523,572,1
522,573,1
522,574,1
521,574,1
520,575,1
519,576,1
518,577,1
517,577,1
516,578,1
515,579,1
514,580,1
513,580,1
512,581,1
511,582,1
510,582,1
509,583,1
508,583,1
507,584,1
507,585,1
506,585,1
505,586,1
504,586,1
503,586,1
502,587,1
501,587,1
500,588,1
499,589,1
498,589,1
497,589,1
496,590,1
495,590,1
494,590,1
493,591,1
492,591,1
491,591,1
490,591,1
489,591,1
488,591,1
487,592,1
486,592,1
485,593,1
484,593,1
483,593,1
482,593,1
481,594,1
480,594,1
479,594,1
478,593,1
477,593,1
476,593,1
476,592,1
475,591,1
475,590,1
475,589,1
476,588,1
476,587,1
476,586,1
476,585,1
521,538,0
552,489,1
553,489,1
554,488,1
555,487,1
556,487,1
557,486,1
558,486,1
559,485,1
560,485,1
561,484,1
562,484,1
563,483,1
564,482,1
565,482,1
566,481,1
567,481,1
568,480,1
569,480,1
570,479,1
571,479,1
571,478,1
572,477,1
573,477,1
574,476,1
575,476,1
576,475,1
577,474,1
578,473,1
579,472,1
580,472,1
581,471,1
582,471,1
583,470,1
583,469,1
584,469,1
585,468,1
586,467,1
587,466,1
588,465,1
589,464,1
590,464,1
591,463,1
592,462,1
593,461,1
594,460,1
595,459,1
596,458,1
597,457,1
598,457,1
598,456,1
599,455,1
600,454,1
601,454,1
601,453,1
602,452,1
603,452,1
603,451,1
604,450,1
605,450,1
606,449,1
606,448,1
607,448,1
608,447,1
609,446,1
610,445,1
611,445,1
611,444,1
612,444,1
613,444,1
613,443,1
614,443,1
615,443,1
615,442,1
616,442,1
617,442,1
618,442,1
618,441,1
619,441,1
620,441,1
621,441,1
621,442,1
622,442,1
623,442,1
624,443,1
625,443,1
625,444,1
626,444,1
626,445,1
627,445,1
627,446,1
628,446,1
628,447,1
629,448,1
629,449,1
630,450,1
630,451,1
631,452,1
631,453,1
631,454,1
631,455,1
632,455,1
632,456,1
632,457,1
632,458,1
633,459,1
633,460,1
633,461,1
633,462,1
633,463,1
634,463,1
634,464,1
634,465,1
634,466,1
634,467,1
635,468,1
635,469,1
635,470,1
635,471,1
635,472,1
635,473,1
636,474,1
636,475,1
636,476,1
636,477,1
637,478,1
637,479,1
637,480,1
637,481,1
637,482,1
638,483,1
638,484,1
638,485,1
638,486,1
639,486,1
639,487,1
639,488,1
639,489,1
639,490,1
640,491,1
640,492,1
640,493,1
640,494,1
641,495,1
641,496,1
641,497,1
641,498,1
641,499,1
642,500,1
642,501,1
642,502,1
642,503,1
643,503,1
643,504,1
643,505,1
643,506,1
644,507,1
644,508,1
644,509,1
644,510,1
645,511,1
645,512,1
645,513,1
645,514,1
646,515,1
646,516,1
646,517,1
646,518,1
647,519,1
647,520,1
647,521,1
647,522,1
648,523,1
648,524,1
648,525,1
648,526,1
649,527,1
649,528,1
649,529,1
650,530,1
650,531,1
650,532,1
650,533,1
651,534,1
651,535,1
652,536,1
652,537,1
652,538,1
652,539,1
653,540,1
653,540,0
608,342,0
769,394,1
769,395,1
769,396,1
769,397,1
769,398,1
769,399,1
770,400,1
770,401,1
770,402,1
770,403,1
770,404,1
770,405,1
771,406,1
771,407,1
771,408,1
771,409,1
771,410,1
771,411,1
771,412,1
772,413,1
772,414,1
772,415,1
772,416,1
772,417,1
772,418,1
773,419,1
773,420,1
773,421,1
773,422,1
773,423,1
773,424,1
774,425,1
774,426,1
774,427,1
774,428,1
774,429,1
774,430,1
774,431,1
775,432,1
775,433,1
775,434,1
775,435,1
775,436,1
776,437,1
776,438,1
776,439,1
777,440,1
777,441,1
777,442,1
777,443,1
777,444,1
777,445,1
778,446,1
778,447,1
778,448,1
778,449,1
778,450,1
779,451,1
779,452,1
779,453,1
779,454,1
780,455,1
780,456,1
780,457,1
781,458,1
781,459,1
781,460,1
782,460,1
782,461,1
783,462,1
784,463,1
785,463,1
802,411,0
826,358,1
826,359,1
826,360,1
826,361,1
825,362,1
825,363,1
825,364,1
825,365,1
825,366,1
825,367,1
825,368,1
825,369,1
826,370,1
826,371,1
827,371,1
827,372,1
828,372,1
829,372,1
830,372,1
831,372,1
832,372,1
832,371,1
833,371,1
834,372,1
835,372,1
836,372,1
837,372,1
838,372,1
839,372,1
840,372,1
841,372,1
842,372,1
843,372,1
844,372,1
845,372,1
846,372,1
847,372,1
848,372,1
849,372,1
850,372,1
851,372,1
852,371,1
853,371,1
854,371,1
855,371,1
856,371,1
857,371,1
858,371,1
859,371,1
859,372,1
860,372,1
861,372,1
862,372,1
863,372,1
864,373,1
865,373,1
866,373,1
867,373,1
868,374,1
869,374,1
870,374,1
871,374,1
872,374,1
873,374,1
874,374,1
875,374,1
876,374,1
877,374,1
878,374,1
879,374,1
879,373,1
880,373,1
881,373,1
882,373,1
882,372,1
883,372,1
884,371,1
885,371,1
886,370,1
887,369,1
888,368,1
889,368,1
889,367,1
890,367,1
891,366,1
892,365,1
893,365,1
893,364,1
894,363,1
895,363,1
895,362,1
896,362,1
897,361,1
898,361,1
898,360,1
899,359,1
900,359,1
901,358,1
902,358,1
903,357,1
904,357,1
905,356,1
906,356,1
907,356,1
908,355,1
909,355,1
910,355,1
911,355,1
912,355,1
913,355,1
914,355,1
915,355,1
916,355,1
917,355,1
918,355,1
919,356,1
920,356,1
921,356,1
921,357,1
922,357,1
923,357,1
923,358,1
924,358,1
925,358,1
925,359,1
926,359,1
927,360,1
928,361,1
929,361,1
929,362,1
930,363,1
931,364,1
931,365,1
932,365,1
932,366,1
933,367,1
933,368,1
934,369,1
934,370,1
935,371,1
935,372,1
936,373,1
936,374,1
936,375,1
936,376,1
937,377,1
937,378,1
937,379,1
937,380,1
938,381,1
938,382,1
938,383,1
938,384,1
938,385,1
938,386,1
938,387,1
938,388,1
938,389,1
938,390,1
938,391,1
938,392,1
938,393,1
938,394,1
938,395,1
938,396,1
938,397,1
937,398,1
937,399,1
937,400,1
937,401,1
936,402,1
936,403,1
936,404,1
935,404,1
935,405,1
935,406,1
935,407,1
934,408,1
934,409,1
934,410,1
934,411,1
933,412,1
933,413,1
933,414,1
932,415,1
932,416,1
931,417,1
931,418,1
930,418,1
929,419,1
928,420,1
928,421,1
927,422,1
926,422,1
925,423,1
924,424,1
923,424,1
922,424,1
921,424,1
920,425,1
826,327,0
716,247,1
716,246,1
717,245,1
717,244,1
718,243,1
718,242,1
719,241,1
719,240,1
720,239,1
721,239,1
721,238,1
722,237,1
722,236,1
723,235,1
723,234,1
724,233,1
725,233,1
726,232,1
726,231,1
727,230,1
728,229,1
729,229,1
729,228,1
730,227,1
731,227,1
732,226,1
732,225,1
733,225,1
734,224,1
735,223,1
736,222,1
737,221,1
738,221,1
738,220,1
739,219,1
740,219,1
741,218,1
742,217,1
743,216,1
744,216,1
745,215,1
746,215,1
747,214,1
748,213,1
749,213,1
750,212,1
751,212,1
752,212,1
753,211,1
754,211,1
754,210,1
755,210,1
756,210,1
757,210,1
758,209,1
759,209,1
760,209,1
761,208,1
762,208,1
763,208,1
764,208,1
765,207,1
766,207,1
767,207,1
768,207,1
769,207,1
770,207,1
771,207,1
772,207,1
773,207,1
774,207,1
775,207,1
776,207,1
777,207,1
778,207,1
779,207,1
780,207,1
781,207,1
782,207,1
783,207,1
784,207,1
785,207,1
786,208,1
787,208,1
788,208,1
789,208,1
790,209,1
791,209,1
792,209,1
793,209,1
794,210,1
795,210,1
796,210,1
797,211,1
798,211,1
799,212,1
800,212,1
801,213,1
802,213,1
803,213,1
804,214,1
805,215,1
806,215,1
807,216,1
808,216,1
809,217,1
810,218,1
811,218,1
812,219,1
813,219,1
813,220,1
814,221,1
815,221,1
816,222,1
817,223,1
818,223,1
819,224,1
819,225,1
820,225,1
821,226,1
822,227,1
823,228,1
824,229,1
825,229,1
825,230,1
826,231,1
827,231,1
828,232,1
828,233,1
829,233,1
830,234,1
831,235,1
832,236,1
833,237,1
833,238,1
834,238,1
835,239,1
836,240,1
836,241,1
837,241,1
838,242,1
838,243,1
839,243,1
840,244,1
840,245,1
841,246,1
842,246,1
842,247,1
843,248,1
844,249,1
844,250,1
845,250,1
846,251,1
846,252,1
847,253,1
848,253,1
848,254,1
849,255,1
850,256,1
850,257,1
851,257,1
851,258,1
852,259,1
853,260,1
853,261,1
854,261,1
854,262,1
855,263,1
856,264,1
856,265,1
857,266,1
858,267,1
858,268,1
859,269,1
860,270,1
861,271,1
805,285,0
744,313,1
745,313,1
746,312,1
747,312,1
748,312,1
749,311,1
750,311,1
751,311,1
752,310,1
753,310,1
754,310,1
755,309,1
756,309,1
757,309,1
758,309,1
759,308,1
760,308,1
761,308,1
762,307,1
763,307,1
764,307,1
765,307,1
766,306,1
767,306,1
768,306,1
769,306,1
770,305,1
771,305,1
772,305,1
773,304,1
774,304,1
775,304,1
776,304,1
777,303,1
778,303,1
779,303,1
780,303,1
781,302,1
782,302,1
783,302,1
784,302,1
785,301,1
786,301,1
787,301,1
788,301,1
789,300,1
790,300,1
791,300,1
792,300,1
793,299,1
794,299,1
795,299,1
796,299,1
797,298,1
798,298,1
799,298,1
800,297,1
801,297,1
802,297,1
803,297,1
804,296,1
805,296,1
806,296,1
807,296,1
808,295,1
809,295,1
810,295,1
811,295,1
812,294,1
813,294,1
814,294,1
815,294,1
816,293,1
817,293,1
818,293,1
819,293,1
820,293,1
821,292,1
822,292,1
823,292,1
824,291,1
825,291,1
826,291,1
827,291,1
828,290,1
829,290,1
830,290,1
831,290,1
832,289,1
833,289,1
834,289,1
835,289,1
836,288,1
837,288,1
838,288,1
839,288,1
840,288,1
841,287,1
842,287,1
843,287,1
844,287,1
844,286,1
845,286,1
846,286,1
847,286,1
848,285,1
849,285,1
850,285,1
851,285,1
852,284,1
853,284,1
854,284,1
855,284,1
856,283,1
857,283,1
858,283,1
859,283,1
860,283,1
861,282,1
862,282,1
863,282,1
864,282,1
865,281,1
866,281,1
867,281,1
868,281,1
869,280,1
870,280,1
871,280,1
872,280,1
873,279,1
874,279,1
875,279,1
876,279,1
877,279,1
878,278,1
879,278,1
880,278,1
881,278,1
882,277,1
883,277,1
884,277,1
885,277,1
886,276,1
887,276,1
888,276,1
889,276,1
890,275,1
891,275,1
892,275,1
893,275,1
894,275,1
895,274,1
896,274,1
897,274,1
898,274,1
899,273,1
900,273,1
901,273,1
902,273,1
903,272,1
904,272,1
905,272,1
906,272,1
907,271,1
908,271,1
909,271,1
910,271,1
911,270,1
912,270,1
913,270,1
914,270,1
915,270,1
916,269,1
917,269,1
918,269,1
919,269,1
920,269,1
921,268,1
922,268,1
923,268,1
924,267,1
925,267,1
926,267,1
927,267,1
928,267,1
929,266,1
930,266,1
931,266,1
932,266,1
933,265,1
934,265,1
935,265,1
936,265,1
937,265,1
937,264,1
938,264,1
939,264,1
940,264,1
941,264,1
942,263,1
943,263,1
944,263,1
945,263,1
946,263,1
947,262,1
948,262,1
949,262,1
950,262,1
950,261,1
951,261,1
952,261,1
953,261,1
954,261,1
955,260,1
956,260,1
957,260,1
958,260,1
959,259,1
960,259,1
961,259,1
962,259,1
963,258,1
964,258,1
965,258,1
966,258,1
967,258,1
968,257,1
969,257,1
970,257,1
971,257,1
972,256,1
973,256,1
974,256,1
975,256,1
976,255,1
977,255,1
978,255,1
979,255,1
980,255,1
981,254,1
982,254,1
983,254,1
984,254,1
984,253,1
985,253,1
986,253,1
987,253,1
988,253,1
989,252,1
990,252,1
991,252,1
992,252,1
993,252,1
994,251,1
995,251,1
996,251,1
997,251,1
998,251,1
999,250,1
1000,250,1
1001,250,1
1002,250,1
1003,249,1
1004,249,1
1005,249,1
1006,249,1
1007,249,1
1008,248,1
1009,248,1
1010,248,1
1011,248,1
1012,248,1
1013,248,1
1014,247,1
1015,247,1
1016,247,1
1017,247,1
1018,247,1
1019,246,1
1020,246,1
1021,246,1
1022,246,1
1023,245,1
1024,245,1
1025,245,1
1026,245,1
1027,245,1
1028,244,1
1029,244,1
1030,244,1
1031,244,1
1032,244,1
1033,244,1
1034,243,1
1035,243,1
1036,243,1
1037,243,1
1038,243,1
1039,243,1
1040,243,1
1041,243,1
1042,243,1
1043,242,1
1044,242,1
1045,242,1
1046,242,1
1047,242,1
1048,242,1
1049,242,1
1050,242,1
1051,242,1
1052,242,1
1053,242,1
1054,242,1
1055,242,1
1056,242,1
1057,242,1
1058,242,1
1059,243,1
1060,243,1
1061,243,1
1062,243,1
1063,243,1
1064,243,1
1065,244,1
1066,244,1
1067,244,1
1068,244,1
1069,245,1
1070,245,1
1071,245,1
1072,246,1
1073,246,1
1074,246,1
1074,247,1
1075,247,1
1076,248,1
1077,248,1
1078,248,1
1079,249,1
1080,250,1
1081,250,1
1082,251,1
1083,252,1
1084,252,1
1084,253,1
1085,253,1
1086,254,1
1087,255,1
1088,256,1
1089,256,1
1089,257,1
1090,258,1
1091,259,1
1092,260,1
1093,261,1
1093,262,1
1094,263,1
1095,263,1
1095,264,1
1096,265,1
1096,266,1
1097,267,1
1098,268,1
1098,269,1
1099,270,1
1099,271,1
1100,272,1
1101,273,1
1101,274,1
1102,275,1
1102,276,1
1102,277,1
1103,278,1
1103,279,1
1104,280,1
1104,281,1
1105,281,1
1105,282,1
1105,283,1
1106,284,1
1106,285,1
1107,286,1
1107,287,1
1107,288,1
1108,289,1
1108,290,1
1108,291,1
1109,292,1
1109,293,1
1109,294,1
1110,295,1
1110,296,1
1110,297,1
1111,298,1
1111,299,1
1111,300,1
1112,301,1
1112,302,1
1112,303,1
1113,304,1
1113,305,1
1114,306,1
1114,307,1
1114,308,1
1115,309,1
1115,310,1
1115,311,1
1116,312,1
1116,313,1
1116,314,1
1116,315,1
1117,316,1
1117,317,1
1117,318,1
1117,319,1
1118,320,1
1118,321,1
1118,322,1
1118,323,1
1119,324,1
1119,325,1
1119,326,1
1119,327,1
1119,328,1
1120,328,1
1120,329,1
1120,330,1
1120,331,1
1120,332,1
1120,333,1
1120,334,1
1120,335,1
1120,336,1
1119,337,1
1119,338,1
1119,339,1
1119,340,1
1118,341,1
1118,342,1
1118,343,1
1117,343,1
1117,344,1
1116,344,1
1116,345,1
1116,346,1
1115,346,1
1115,347,1
1114,347,1
1113,348,1
1112,348,1
1112,349,1
1111,349,1
1110,350,1
1109,350,1
1108,350,1
1108,351,1
1107,351,1
1106,351,1
1105,351,1
1104,352,1
1103,352,1
1102,352,1
1101,352,1
1100,352,1
1099,352,1
1098,353,1
1097,353,1
1096,353,1
1095,353,1
1094,353,1
1093,353,1
1092,353,1
1091,353,1
1090,353,1
1089,353,1
1088,353,1
1087,354,1
1086,354,1
1085,354,1
1084,354,1
1083,354,1
1082,354,1
1081,354,1
1080,354,1
1080,355,1
1079,355,1
1078,355,1
1077,355,1
1076,355,1
1075,356,1
1074,356,1
1073,356,1
1072,356,1
1071,357,1
1070,357,1
1069,357,1
1068,357,1
1068,358,1
1067,358,1
1066,358,1
1065,359,1
1064,359,1
1063,359,1
1062,360,1
1061,360,1
1060,361,1
1059,362,1
1058,362,1
1057,363,1
1056,363,1
1055,364,1
1054,365,1
1053,365,1
1052,366,1
1051,366,1
1051,367,1
1050,368,1
1049,368,1
1048,369,1
1047,370,1
1046,371,1
1045,372,1
1044,373,1
1043,374,1
1042,374,1
1042,375,1
1041,376,1
1040,376,1
1040,377,1
1039,378,1
1039,379,1
1038,379,1
1037,380,1
1037,381,1
1036,382,1
1035,383,1
1035,384,1
1034,385,1
1034,386,1
1033,386,1
1033,387,1
1032,388,1
1032,389,1
1031,390,1
1031,391,1
1030,392,1
1030,393,1
1029,394,1
1029,395,1
1029,396,1
1028,397,1
1028,398,1
1028,399,1
1028,400,1
1027,400,1
1027,401,1
1027,402,1
1027,403,1
1027,404,1
1026,405,1
1026,406,1
1026,407,1
1026,408,1
1026,409,1
1026,410,1
1026,411,1
1026,412,1
1026,413,1
1026,414,1
1026,415,1
1026,416,1
1026,417,1
1026,418,1
1026,419,1
1026,420,1
1026,421,1
1027,422,1
1027,423,1
1027,424,1
1027,425,1
1028,426,1
1028,427,1
1028,428,1
1029,429,1
1029,430,1
1029,431,1
1030,432,1
1030,433,1
1031,434,1
1031,435,1
1032,436,1
1033,437,1
1033,438,1
1034,438,1
1034,439,1
1035,439,1
1036,440,1
1036,441,1
1036,442,1
1037,442,1
1037,443,1
1038,444,1
1039,445,1
1040,446,1
1041,447,1
1042,447,1
1043,448,1
1044,448,1
1044,449,1
1045,449,1
1046,449,1
1047,449,1
1048,449,1
1049,449,1
1050,449,1
1051,449,1
1052,449,1
1053,448,1
1054,448,1
1055,447,1
1055,447,0
