457,550,1
506,543,1
507,543,1
508,544,1
509,544,1
510,544,1
510,545,1
511,545,1
512,546,1
513,546,1
513,547,1
514,547,1
515,548,1
516,549,1
517,549,1
517,550,1
518,550,1
518,551,1
519,552,1
520,553,1
521,554,1
522,555,1
522,556,1
523,557,1
523,558,1
524,559,1
524,560,1
525,561,1
525,562,1
526,563,1
526,564,1
526,565,1
526,566,1
527,566,1
527,567,1
527,568,1
527,569,1
527,570,1
527,571,1
528,571,1
528,572,1
528,573,1
528,574,1
528,575,1
528,576,1
528,577,1
528,578,1
528,579,1
528,580,1
528,581,1
528,582,1
528,583,1
528,584,1
528,585,1
527,585,1
527,586,1
527,587,1
527,588,1
527,589,1
527,590,1
527,591,1
527,592,1
527,593,1
527,594,1
527,595,1
527,596,1
527,597,1
527,598,1
528,599,1
528,600,1
528,601,1
528,602,1
528,603,1
529,603,1
529,604,1
529,605,1
529,606,1
530,606,1
530,607,1
531,608,1
531,609,1
532,609,1
532,610,1
533,610,1
533,611,1
534,611,1
534,612,1
535,612,1
535,613,1
536,613,1
537,613,1
538,614,1
539,614,1
540,615,1
541,615,1
542,615,1
543,616,1
544,616,1
545,616,1
546,617,1
547,617,1
548,617,1
549,618,1
550,618,1
551,618,1
552,618,1
553,618,1
554,619,1
555,619,1
556,619,1
557,619,1
558,620,1
559,620,1
560,620,1
561,620,1
562,621,1
563,621,1
564,621,1
565,622,1
566,622,1
567,623,1
568,623,1
569,623,1
569,624,1
570,624,1
571,625,1
572,626,1
573,626,1
574,627,1
575,627,1
575,628,1
576,629,1
577,630,1
578,631,1
579,632,1
579,633,1
580,633,1
580,634,1
580,635,1
581,635,1
581,636,1
581,637,1
582,638,1
582,639,1
583,640,1
583,641,1
583,642,1
583,643,1
583,644,1
584,645,1
584,646,1
584,647,1
584,648,1
584,649,1
584,650,1
584,651,1
584,652,1
584,653,1
584,654,1
583,655,1
583,656,1
583,657,1
583,658,1
583,659,1
582,660,1
582,661,1
582,662,1
582,663,1
581,663,1
581,664,1
581,665,1
580,666,1
580,667,1
580,668,1
579,669,1
579,670,1
579,671,1
578,671,1
578,672,1
577,673,1
577,674,1
576,675,1
576,676,1
575,677,1
575,678,1
574,678,1
574,679,1
573,680,1
573,681,1
572,682,1
572,683,1
571,683,1
570,684,1
570,685,1
569,686,1
569,687,1
568,688,1
567,688,1
567,689,1
566,690,1
565,691,1
564,692,1
563,693,1
562,693,1
562,694,1
561,695,1
560,695,1
560,696,1
559,697,1
558,697,1
557,698,1
556,699,1
555,699,1
555,700,1
554,700,1
553,701,1
552,702,1
551,703,1
550,704,1
549,704,1
549,705,1
548,706,1
547,706,1
546,707,1
545,707,1
545,708,1
544,709,1
543,709,1
542,709,1
541,710,1
540,710,1
540,711,1
539,711,1
538,711,1
537,711,1
536,711,1
535,711,1
535,710,1
534,710,1
534,709,1
533,708,1
533,707,1
533,706,1
533,705,1
533,704,1
588,636,0
622,572,1
623,571,1
624,571,1
625,570,1
626,570,1
626,569,1
627,569,1
628,568,1
629,567,1
630,567,1
630,566,1
631,565,1
632,565,1
633,564,1
633,563,1
634,562,1
635,562,1
636,561,1
636,560,1
637,559,1
637,558,1
638,558,1
639,557,1
639,556,1
640,555,1
641,554,1
641,553,1
642,553,1
643,552,1
643,551,1
644,551,1
645,550,1
645,549,1
646,549,1
647,548,1
648,547,1
649,546,1
650,546,1
650,545,1
651,545,1
652,544,1
652,543,1
653,543,1
654,542,1
655,542,1
655,541,1
656,541,1
657,541,1
657,540,1
658,540,1
659,539,1
660,539,1
661,538,1
662,538,1
663,537,1
664,537,1
665,537,1
666,537,1
666,536,1
667,536,1
668,536,1
669,536,1
670,536,1
671,536,1
672,537,1
673,537,1
674,537,1
675,537,1
675,538,1
676,538,1
677,539,1
678,539,1
679,540,1
680,541,1
681,541,1
681,542,1
682,542,1
682,543,1
683,544,1
684,545,1
685,546,1
685,547,1
686,547,1
686,548,1
687,549,1
688,550,1
688,551,1
688,552,1
689,552,1
689,553,1
690,554,1
690,555,1
690,556,1
691,556,1
691,557,1
691,558,1
692,559,1
692,560,1
693,561,1
693,562,1
693,563,1
694,563,1
694,564,1
694,565,1
695,566,1
695,567,1
695,568,1
696,569,1
696,570,1
696,571,1
697,572,1
697,573,1
697,574,1
698,574,1
698,575,1
698,576,1
699,577,1
699,578,1
699,579,1
700,580,1
700,581,1
700,582,1
700,583,1
701,584,1
701,585,1
701,586,1
702,587,1
702,588,1
702,589,1
702,590,1
703,591,1
703,592,1
703,593,1
704,594,1
704,595,1
704,596,1
705,597,1
705,598,1
705,599,1
706,600,1
706,601,1
706,602,1
707,603,1
707,604,1
708,605,1
708,606,1
708,607,1
708,608,1
708,609,1
709,610,1
709,611,1
709,612,1
709,613,1
710,614,1
710,615,1
710,616,1
710,617,1
710,618,1
709,618,1
708,618,1
707,617,0
646,435,0
850,461,1
850,462,1
850,463,1
850,464,1
851,465,1
851,466,1
851,467,1
851,468,1
852,469,1
852,470,1
852,471,1
852,472,1
853,473,1
853,474,1
853,475,1
853,476,1
854,477,1
854,478,1
854,479,1
854,480,1
855,480,1
855,481,1
855,482,1
855,483,1
856,484,1
856,485,1
856,486,1
856,487,1
857,488,1
857,489,1
857,490,1
857,491,1
858,492,1
858,493,1
858,494,1
858,495,1
859,496,1
859,497,1
859,498,1
859,499,1
860,500,1
860,501,1
860,502,1
860,503,1
861,504,1
861,505,1
861,506,1
861,507,1
862,508,1
862,509,1
862,510,1
862,511,1
863,512,1
863,513,1
863,514,1
863,515,1
864,516,1
864,517,1
864,518,1
864,519,1
865,520,1
865,521,1
865,522,1
865,523,1
866,524,1
866,525,1
866,526,1
867,527,1
867,528,1
867,529,1
867,530,1
868,531,1
868,532,1
868,533,1
868,534,1
869,535,1
869,536,1
869,537,1
870,538,1
870,539,1
870,540,1
870,541,1
871,542,1
871,543,1
871,544,1
872,545,1
872,546,1
873,547,1
873,548,1
873,549,1
874,550,1
875,551,1
884,490,0
900,430,1
900,431,1
899,432,1
899,433,1
899,434,1
898,435,1
898,436,1
898,437,1
898,438,1
898,439,1
898,440,1
898,441,1
898,442,1
898,443,1
898,444,1
898,445,1
898,446,1
899,447,1
899,448,1
900,448,1
900,449,1
901,449,1
902,450,1
903,450,1
904,450,1
905,451,1
906,451,1
907,451,1
908,451,1
908,452,1
909,452,1
910,453,1
911,453,1
912,454,1
913,454,1
914,454,1
915,455,1
916,455,1
917,455,1
918,455,1
919,455,1
920,456,1
921,456,1
922,456,1
923,456,1
924,456,1
925,456,1
926,456,1
927,456,1
928,456,1
929,456,1
930,456,1
931,456,1
932,456,1
933,456,1
934,456,1
935,456,1
936,456,1
937,456,1
938,456,1
939,456,1
940,456,1
941,456,1
942,456,1
943,456,1
944,456,1
945,457,1
946,457,1
947,457,1
948,457,1
949,457,1
950,457,1
951,457,1
952,457,1
953,457,1
954,457,1
955,458,1
956,458,1
957,458,1
958,458,1
959,458,1
960,458,1
961,458,1
962,458,1
963,458,1
964,458,1
964,459,1
965,459,1
966,459,1
967,459,1
968,459,1
969,459,1
970,459,1
971,459,1
972,459,1
973,459,1
974,459,1
975,459,1
976,459,1
977,459,1
978,459,1
979,459,1
980,459,1
981,459,1
982,459,1
983,459,1
984,459,1
985,459,1
986,460,1
987,460,1
988,460,1
989,460,1
990,460,1
991,460,1
992,460,1
993,460,1
994,460,1
995,460,1
996,460,1
997,460,1
998,460,1
999,460,1
1000,461,1
1001,461,1
1002,461,1
1003,461,1
1004,461,1
1005,462,1
1006,462,1
1007,462,1
1007,463,1
1008,463,1
1009,463,1
1009,464,1
1010,464,1
1011,465,1
1012,465,1
1012,466,1
1013,466,1
1013,467,1
1014,467,1
1015,468,1
1016,469,1
1016,470,1
1017,470,1
1017,471,1
1018,472,1
1019,473,1
1019,474,1
1019,475,1
1020,476,1
1020,477,1
1020,478,1
1021,479,1
1021,480,1
1021,481,1
1021,482,1
1021,483,1
1021,484,1
1021,485,1
1021,486,1
1021,487,1
1021,488,1
1021,489,1
1021,490,1
1021,491,1
1020,492,1
1020,493,1
1020,494,1
1020,495,1
1019,496,1
1019,497,1
1019,498,1
1018,499,1
1018,500,1
1018,501,1
1017,502,1
1017,503,1
1016,504,1
1016,505,1
1015,506,1
1015,507,1
1014,508,1
1014,509,1
1013,510,1
1013,511,1
1013,512,1
1012,513,1
1012,514,1
1011,515,1
1011,516,1
1010,517,1
1010,518,1
1009,518,1
1008,519,1
1008,520,1
1007,521,1
1006,522,1
1005,523,1
1004,523,1
1003,524,1
1003,525,1
1002,525,1
1001,526,1
1000,527,1
999,527,1
998,528,1
997,528,1
996,529,1
995,529,1
994,529,1
993,530,1
992,530,1
991,530,1
890,409,0
767,311,1
767,310,1
768,309,1
768,308,1
768,307,1
769,306,1
769,305,1
769,304,1
770,304,1
770,303,1
770,302,1
771,301,1
771,300,1
772,299,1
773,298,1
773,297,1
774,296,1
775,295,1
776,294,1
777,293,1
778,293,1
778,292,1
779,291,1
780,291,1
781,291,1
782,290,1
783,290,1
783,289,1
784,289,1
785,289,1
786,288,1
787,288,1
788,288,1
788,287,1
789,287,1
790,286,1
791,286,1
792,285,1
793,285,1
794,284,1
795,284,1
796,284,1
796,283,1
797,283,1
798,283,1
799,282,1
800,282,1
801,282,1
802,282,1
803,281,1
804,281,1
805,281,1
806,281,1
807,281,1
808,281,1
809,280,1
810,280,1
811,280,1
812,280,1
813,280,1
814,280,1
815,281,1
816,281,1
817,281,1
818,281,1
819,281,1
820,281,1
821,281,1
822,282,1
823,282,1
824,282,1
825,282,1
826,282,1
827,283,1
828,283,1
829,283,1
830,283,1
831,284,1
832,284,1
833,284,1
834,284,1
835,285,1
836,285,1
837,285,1
838,286,1
839,286,1
840,286,1
840,287,1
841,287,1
842,288,1
843,288,1
844,289,1
845,289,1
846,289,1
847,290,1
848,290,1
849,291,1
850,291,1
851,292,1
852,293,1
853,293,1
854,294,1
855,294,1
856,295,1
857,295,1
858,296,1
859,297,1
860,297,1
861,298,1
862,299,1
863,299,1
863,300,1
864,301,1
865,301,1
866,302,1
867,303,1
868,303,1
869,304,1
870,305,1
871,306,1
872,306,1
873,307,1
874,308,1
874,309,1
875,309,1
876,310,1
877,311,1
878,312,1
879,312,1
880,313,1
881,314,1
881,315,1
882,316,1
883,316,1
884,317,1
885,318,1
886,319,1
887,319,1
888,320,1
888,321,1
889,322,1
890,323,1
891,324,1
892,324,1
893,325,1
894,326,1
894,327,1
895,328,1
896,329,1
897,330,1
898,331,1
899,332,1
900,333,1
901,334,1
901,335,1
902,335,1
902,336,1
903,337,1
904,338,1
904,339,1
905,339,1
906,340,1
906,341,1
906,342,1
907,343,1
850,368,0
787,413,1
788,413,1
789,412,1
790,412,1
791,412,1
792,411,1
793,411,1
794,411,1
795,410,1
796,410,1
797,409,1
798,409,1
799,409,1
800,408,1
801,408,1
802,408,1
803,407,1
804,407,1
805,407,1
806,406,1
807,406,1
808,406,1
809,405,1
810,405,1
811,405,1
812,404,1
813,404,1
814,404,1
815,403,1
816,403,1
817,403,1
818,402,1
819,402,1
820,402,1
821,401,1
822,401,1
823,401,1
824,400,1
825,400,1
826,400,1
827,400,1
828,399,1
829,399,1
830,399,1
831,398,1
832,398,1
833,398,1
834,397,1
835,397,1
836,397,1
837,396,1
838,396,1
839,396,1
840,395,1
841,395,1
842,395,1
843,394,1
844,394,1
845,394,1
846,393,1
847,393,1
848,393,1
849,393,1
850,392,1
851,392,1
852,392,1
853,391,1
854,391,1
855,391,1
856,390,1
857,390,1
858,389,1
859,389,1
860,389,1
861,389,1
862,388,1
863,388,1
864,388,1
865,387,1
866,387,1
867,387,1
868,387,1
869,386,1
870,386,1
871,386,1
872,385,1
873,385,1
874,385,1
875,384,1
876,384,1
877,384,1
878,383,1
879,383,1
880,383,1
881,382,1
882,382,1
883,382,1
884,381,1
885,381,1
886,381,1
887,381,1
888,380,1
889,380,1
890,380,1
891,379,1
892,379,1
893,379,1
894,378,1
895,378,1
896,378,1
897,378,1
898,377,1
899,377,1
900,376,1
901,376,1
902,376,1
903,375,1
904,375,1
905,375,1
906,375,1
907,374,1
908,374,1
909,374,1
910,373,1
911,373,1
912,373,1
913,373,1
914,372,1
915,372,1
916,372,1
917,371,1
918,371,1
919,371,1
920,370,1
921,370,1
922,370,1
923,369,1
924,369,1
925,369,1
926,369,1
927,368,1
928,368,1
929,368,1
930,367,1
931,367,1
932,367,1
933,366,1
934,366,1
935,366,1
936,365,1
937,365,1
938,365,1
939,364,1
940,364,1
941,364,1
942,364,1
943,363,1
944,363,1
945,363,1
946,362,1
947,362,1
948,362,1
949,361,1
950,361,1
951,361,1
952,361,1
953,360,1
954,360,1
955,360,1
956,359,1
957,359,1
958,359,1
959,358,1
960,358,1
961,358,1
962,357,1
963,357,1
964,357,1
965,356,1
966,356,1
967,356,1
968,355,1
969,355,1
970,355,1
971,354,1
972,354,1
973,354,1
974,353,1
975,353,1
976,353,1
977,352,1
978,352,1
979,352,1
980,352,1
981,351,1
982,351,1
983,351,1
984,350,1
985,350,1
986,350,1
987,350,1
988,349,1
989,349,1
990,349,1
991,348,1
992,348,1
993,348,1
994,348,1
994,347,1
995,347,1
996,347,1
997,346,1
998,346,1
999,346,1
1000,346,1
1001,345,1
1002,345,1
1003,345,1
1004,344,1
1005,344,1
1006,344,1
1007,343,1
1008,343,1
1009,343,1
1010,343,1
1011,342,1
1012,342,1
1013,342,1
1014,341,1
1015,341,1
1016,341,1
1017,340,1
1018,340,1
1019,340,1
1020,340,1
1021,339,1
1022,339,1
1023,339,1
1024,338,1
1025,338,1
1026,338,1
1027,337,1
1028,337,1
1029,337,1
1030,337,1
1031,336,1
1032,336,1
1033,336,1
1034,335,1
1035,335,1
1036,335,1
1037,335,1
1038,334,1
1039,334,1
1040,334,1
1041,334,1
1042,333,1
1043,333,1
1044,333,1
1045,332,1
1046,332,1
1047,332,1
1048,332,1
1049,331,1
1050,331,1
1051,331,1
1052,330,1
1053,330,1
1054,330,1
1055,330,1
1056,329,1
1057,329,1
1058,329,1
1059,328,1
1060,328,1
1061,328,1
1062,328,1
1063,327,1
1064,327,1
1065,327,1
1066,327,1
1067,326,1
1068,326,1
1069,326,1
1070,326,1
1071,325,1
1072,325,1
1073,325,1
1074,325,1
1075,324,1
1076,324,1
1077,324,1
1078,324,1
1079,323,1
1080,323,1
1081,323,1
1082,323,1
1083,322,1
1084,322,1
1085,322,1
1086,321,1
1087,321,1
1088,321,1
1089,321,1
1090,320,1
1091,320,1
1092,320,1
1093,320,1
1094,319,1
1095,319,1
1096,319,1
1097,319,1
1098,318,1
1099,318,1
1100,318,1
1101,317,1
1102,317,1
1103,317,1
1104,317,1
1105,316,1
1106,316,1
1107,316,1
1108,315,1
1109,315,1
1110,315,1
1111,315,1
1112,314,1
1113,314,1
1114,314,1
1115,314,1
1116,314,1
1117,313,1
1118,313,1
1119,313,1
1120,313,1
1121,312,1
1122,312,1
1123,312,1
1124,312,1
1125,311,1
1126,311,1
1127,311,1
1128,311,1
1129,310,1
1130,310,1
1131,310,1
1132,310,1
1133,309,1
1134,309,1
1135,309,1
1136,309,1
1137,309,1
1138,308,1
1139,308,1
1140,308,1
1141,308,1
1142,307,1
1143,307,1
1144,307,1
1145,307,1
1146,306,1
1147,306,1
1148,306,1
1149,306,1
1150,306,1
1151,305,1
1152,305,1
1153,305,1
1154,305,1
1155,304,1
1156,304,1
1157,304,1
1158,304,1
1159,304,1
1160,303,1
1161,303,1
1162,303,1
1163,303,1
1164,302,1
1165,302,1
1166,302,1
1167,302,1
1168,302,1
1169,301,1
1170,301,1
1171,301,1
1172,300,1
1173,300,1
1174,300,1
1175,300,1
1176,300,1
1177,299,1
1178,299,1
1179,299,1
1180,299,1
1181,299,1
1182,298,1
1183,298,1
1184,298,1
1185,298,1
1186,298,1
1187,297,1
1188,297,1
1189,297,1
1190,297,1
1191,297,1
1192,296,1
1193,296,1
1194,296,1
1195,296,1
1196,296,1
1197,295,1
1198,295,1
1199,295,1
1200,295,1
1201,295,1
1202,294,1
1203,294,1
1204,294,1
1205,294,1
1206,294,1
1207,294,1
1208,293,1
1209,293,1
1210,293,1
1211,293,1
1212,293,1
1213,292,1
1214,292,1
1215,292,1
1216,292,1
1217,292,1
1218,292,1
1219,291,1
1220,291,1
1221,291,1
1222,291,1
1223,291,1
1224,291,1
1225,291,1
1226,291,1
1227,291,1
1228,290,1
1229,290,1
1230,290,1
1231,290,1
1232,290,1
1233,290,1
1234,290,1
1235,290,1
1236,290,1
1237,290,1
1238,290,1
1239,290,1
1240,290,1
1241,290,1
1242,290,1
1243,290,1
1244,290,1
1245,290,1
1246,290,1
1247,290,1
1248,290,1
1249,290,1
1250,290,1
1251,290,1
1252,291,1
1253,291,1
1254,291,1
1255,291,1
1256,291,1
1257,292,1
1258,292,1
1259,292,1
1260,292,1
1261,293,1
1262,293,1
1263,293,1
1264,293,1
1264,294,1
1265,294,1
1266,294,1
1267,295,1
1268,295,1
1269,295,1
1270,296,1
1271,296,1
1272,297,1
1273,297,1
1274,298,1
1275,299,1
1276,299,1
1277,300,1
1278,301,1
1279,302,1
1280,302,1
1280,303,1
1281,303,1
1282,304,1
1283,305,1
1284,306,1
1285,307,1
1286,308,1
1287,309,1
1287,310,1
1288,310,1
1288,311,1
1289,312,1
1290,313,1
1291,314,1
1291,315,1
1292,316,1
1293,317,1
1293,318,1
1294,319,1
1294,320,1
1295,321,1
1295,322,1
1296,323,1
1296,324,1
1297,325,1
1297,326,1
1298,327,1
1298,328,1
1298,329,1
1299,330,1
1299,331,1
1299,332,1
1300,332,1
1300,333,1
1300,334,1
1301,335,1
1301,336,1
1301,337,1
1302,338,1
1302,339,1
1302,340,1
1302,341,1
1303,342,1
1303,343,1
1303,344,1
1303,345,1
1304,346,1
1304,347,1
1304,348,1
1304,349,1
1305,350,1
1305,351,1
1305,352,1
1305,353,1
1305,354,1
1305,355,1
1306,356,1
1306,357,1
1306,358,1
1306,359,1
1306,360,1
1306,361,1
1306,362,1
1306,363,1
1306,364,1
1306,365,1
1306,366,1
1306,367,1
1306,368,1
1306,369,1
1306,370,1
1306,371,1
1306,372,1
1306,373,1
1306,374,1
1306,375,1
1305,376,1
1305,377,1
1305,378,1
1305,379,1
1304,380,1
1304,381,1
1304,382,1
1303,383,1
1303,384,1
1302,385,1
1301,386,1
1301,387,1
1300,388,1
1299,389,1
1299,390,1
1298,390,1
1298,391,1
1297,391,1
1297,392,1
1296,392,1
1295,393,1
1294,394,1
1293,394,1
1292,395,1
1291,396,1
1290,396,1
1289,396,1
1289,397,1
1288,397,1
1287,397,1
1286,398,1
1285,398,1
1284,398,1
1283,399,1
1282,399,1
1281,399,1
1280,400,1
1279,400,1
1278,400,1
1277,400,1
1276,400,1
1275,401,1
1274,401,1
1273,401,1
1272,401,1
1271,401,1
1270,401,1
1270,402,1
1269,402,1
1268,402,1
1267,402,1
1266,402,1
1265,402,1
1264,403,1
1263,403,1
1262,403,1
1261,403,1
1260,403,1
1259,403,1
1258,404,1
1257,404,1
1256,404,1
1255,404,1
1254,405,1
1253,405,1
1252,405,1
1251,405,1
1250,405,1
1249,406,1
1248,406,1
1247,406,1
1246,407,1
1245,407,1
1244,407,1
1243,407,1
1242,408,1
1241,408,1
1240,408,1
1240,409,1
1239,409,1
1238,409,1
1237,410,1
1236,410,1
1235,410,1
1234,411,1
1233,412,1
1232,412,1
1231,412,1
1230,413,1
1229,414,1
1228,414,1
1227,415,1
1226,415,1
1226,416,1
1225,416,1
1224,417,1
1223,417,1
1223,418,1
1222,418,1
1221,419,1
1220,419,1
1220,420,1
1219,421,1
1218,421,1
1218,422,1
1217,422,1
1216,423,1
1216,424,1
1215,424,1
1214,425,1
1213,426,1
1212,427,1
1211,428,1
1211,429,1
1210,430,1
1209,430,1
1209,431,1
1208,432,1
1207,433,1
1206,434,1
1206,435,1
1205,436,1
1204,437,1
1204,438,1
1203,439,1
1203,440,1
1202,440,1
1202,441,1
1201,442,1
1201,443,1
1201,444,1
1200,444,1
1200,445,1
1199,446,1
1199,447,1
1198,448,1
1198,449,1
1198,450,1
1197,451,1
1197,452,1
1196,453,1
1196,454,1
1196,455,1
1195,456,1
1195,457,1
1195,458,1
1194,459,1
1194,460,1
1194,461,1
1194,462,1
1194,463,1
1193,463,1
1193,464,1
1193,465,1
1193,466,1
1193,467,1
1193,468,1
1192,469,1
1192,470,1
1192,471,1
1192,472,1
1192,473,1
1192,474,1
1192,475,1
1192,476,1
1192,477,1
1192,478,1
1192,479,1
1192,480,1
1192,481,1
1192,482,1
1192,483,1
1192,484,1
1192,485,1
1192,486,1
1193,487,1
1193,488,1
1193,489,1
1193,490,1
1193,491,1
1193,492,1
1193,493,1
1193,494,1
1194,495,1
1194,496,1
1194,497,1
1194,498,1
1194,499,1
1194,500,1
1195,500,1
1195,501,1
1195,502,1
1195,503,1
1196,504,1
1196,505,1
1197,506,1
1197,507,1
1197,508,1
1198,508,1
1198,509,1
1199,510,1
1199,511,1
1200,511,1
1201,512,1
1201,513,1
1202,513,1
1203,513,1
1204,514,1
1205,514,1
1206,513,1
1206,512,1
1207,511,1
1207,511,0
