619,564,1
618,564,1
617,565,1
616,565,1
615,566,1
614,566,1
613,567,1
612,567,1
611,568,1
610,569,1
609,570,1
608,571,1
607,572,1
606,573,1
605,574,1
604,575,1
603,576,1
602,577,1
602,578,1
601,578,1
600,579,1
600,580,1
599,580,1
599,581,1
598,582,1
598,583,1
597,583,1
597,584,1
596,585,1
595,585,1
595,586,1
594,587,1
594,588,1
593,588,1
593,589,1
592,590,1
591,591,1
590,592,1
590,593,1
589,594,1
589,595,1
588,596,1
587,597,1
587,598,1
586,599,1
585,600,1
585,601,1
584,602,1
584,603,1
583,603,1
583,604,1
583,605,1
582,606,1
582,607,1
581,608,1
581,609,1
580,610,1
580,611,1
580,612,1
579,613,1
579,614,1
578,615,1
578,616,1
578,617,1
577,618,1
577,619,1
577,620,1
576,621,1
576,622,1
576,623,1
576,624,1
575,625,1
575,626,1
575,627,1
575,628,1
575,629,1
575,630,1
575,631,1
574,632,1
574,633,1
574,634,1
574,635,1
574,636,1
574,637,1
574,638,1
574,639,1
574,640,1
574,641,1
574,642,1
574,643,1
574,644,1
575,645,1
575,646,1
575,647,1
575,648,1
575,649,1
575,650,1
576,650,1
576,651,1
576,652,1
576,653,1
576,654,1
577,655,1
577,656,1
577,657,1
578,657,1
578,658,1
578,659,1
579,660,1
579,661,1
579,662,1
580,662,1
580,663,1
581,664,1
581,665,1
582,665,1
582,666,1
583,667,1
583,668,1
584,668,1
584,669,1
585,670,1
586,671,1
586,672,1
587,672,1
588,673,1
588,674,1
589,674,1
589,675,1
590,675,1
591,676,1
591,677,1
592,677,1
593,678,1
594,678,1
594,679,1
595,679,1
596,680,1
597,681,1
598,681,1
599,681,1
599,682,1
600,682,1
601,683,1
602,683,1
603,683,1
603,684,1
604,684,1
605,684,1
606,685,1
607,685,1
608,685,1
609,686,1
610,686,1
611,686,1
612,686,1
613,686,1
614,687,1
615,687,1
616,687,1
617,687,1
618,687,1
619,687,1
620,687,1
621,687,1
622,688,1
623,688,1
624,688,1
625,688,1
626,688,1
627,688,1
628,688,1
629,687,1
630,687,1
631,687,1
632,687,1
633,687,1
634,687,1
635,687,1
636,686,1
637,686,1
638,686,1
639,686,1
640,685,1
641,685,1
642,685,1
643,684,1
644,684,1
645,683,1
646,683,1
647,682,1
648,682,1
649,682,1
649,681,1
650,681,1
651,681,1
651,680,1
652,680,1
653,680,1
653,681,1
653,682,1
653,683,1
653,684,1
653,685,1
652,685,1
652,686,1
652,687,1
652,688,1
652,689,1
652,690,1
651,691,1
651,692,1
651,693,1
651,694,1
650,695,1
650,696,1
650,697,1
650,698,1
650,699,1
650,700,1
650,701,1
650,702,1
650,703,1
650,704,1
650,705,1
650,706,1
650,707,1
650,708,1
650,709,1
650,710,1
650,711,1
650,712,1
650,713,1
650,714,1
650,715,1
651,716,1
651,717,1
651,718,1
651,719,1
651,720,1
651,721,1
652,722,1
652,723,1
652,724,1
652,725,1
652,726,1
652,727,1
653,728,1
653,729,1
653,730,1
653,731,1
653,732,1
654,733,1
654,734,1
654,735,1
654,736,1
655,737,1
655,738,1
655,739,1
656,740,1
656,741,1
656,742,1
657,743,1
657,744,1
657,745,1
657,746,1
658,747,1
658,748,1
658,749,1
659,749,1
659,750,1
659,751,1
660,752,1
660,753,1
660,754,1
661,755,1
661,756,1
661,757,1
662,757,1
662,758,1
662,759,1
663,760,1
663,761,1
663,762,1
664,763,1
664,764,1
664,765,1
665,765,1
665,766,1
665,767,1
666,768,1
666,769,1
666,770,1
667,770,1
667,771,1
668,772,1
668,773,1
668,774,1
669,775,1
670,776,1
670,777,1
671,778,1
671,779,1
672,779,1
673,780,1
674,781,1
675,781,1
676,781,1
664,616,0
667,476,1
667,475,1
666,474,1
666,473,1
665,472,1
665,471,1
665,470,1
664,469,1
664,468,1
663,467,1
663,466,1
662,465,1
661,464,1
661,463,1
660,462,1
660,461,1
659,460,1
659,459,1
658,459,1
658,458,1
658,457,1
657,456,1
657,455,1
656,455,1
656,454,1
655,453,1
655,452,1
654,451,1
653,451,1
653,450,1
652,449,1
652,448,1
651,448,1
651,447,1
650,446,1
650,445,1
649,444,1
648,443,1
648,442,1
647,441,1
646,440,1
645,439,1
645,438,1
644,437,1
643,436,1
643,435,1
642,434,1
641,434,1
641,433,1
640,432,1
639,431,1
639,430,1
638,429,1
637,429,1
637,428,1
636,427,1
635,426,1
634,425,1
633,424,1
633,423,1
632,423,1
632,422,1
631,421,1
630,420,1
629,419,1
628,418,1
627,417,1
627,416,1
626,416,1
625,415,1
625,414,1
624,414,1
623,413,1
622,412,1
621,411,1
620,410,1
619,409,1
618,408,1
617,408,1
617,407,1
616,406,1
615,406,1
615,405,1
614,405,1
613,404,1
613,403,1
612,403,1
611,402,1
610,401,1
609,400,1
608,400,1
608,399,1
607,399,1
606,398,1
605,397,1
604,397,1
603,396,1
602,395,1
601,395,1
600,394,1
599,393,1
598,393,1
598,392,1
597,392,1
596,392,1
595,391,1
594,391,1
594,390,1
593,390,1
592,390,1
591,389,1
590,389,1
589,388,1
588,388,1
587,388,1
586,387,1
585,387,1
584,387,1
583,387,1
582,386,1
581,386,1
580,386,1
579,386,1
578,386,1
577,386,1
576,386,1
575,386,1
574,387,1
573,387,1
572,387,1
572,388,1
571,388,1
570,389,1
570,390,1
569,391,1
569,392,1
570,392,1
570,393,1
570,394,1
570,395,1
569,396,1
570,396,1
570,397,1
570,398,1
570,399,1
571,399,1
571,400,1
572,400,1
572,401,1
573,401,1
574,402,1
575,403,1
576,403,1
577,404,1
578,404,1
579,404,1
579,405,1
580,405,1
581,405,1
582,406,1
583,406,1
584,406,1
585,406,1
586,407,1
587,407,1
588,407,1
784,504,0
993,590,1
993,591,1
993,592,1
993,593,1
993,594,1
993,595,1
993,596,1
993,597,1
993,598,1
993,599,1
993,600,1
994,601,1
994,602,1
994,603,1
994,604,1
994,605,1
994,606,1
994,607,1
994,608,1
994,609,1
994,610,1
994,611,1
994,612,1
994,613,1
995,614,1
995,615,1
995,616,1
995,617,1
995,618,1
995,619,1
995,620,1
995,621,1
995,622,1
995,623,1
996,624,1
996,625,1
996,626,1
996,627,1
996,628,1
996,629,1
996,630,1
996,631,1
996,632,1
997,633,1
997,634,1
997,635,1
997,636,1
997,637,1
997,638,1
997,639,1
997,640,1
997,641,1
998,642,1
998,643,1
998,644,1
998,645,1
998,646,1
998,647,1
998,648,1
998,649,1
999,650,1
999,651,1
999,652,1
999,653,1
999,654,1
999,655,1
1000,656,1
1000,657,1
1000,658,1
1000,659,1
1001,660,1
1001,661,1
1001,662,1
1001,663,1
1002,663,1
1002,664,1
1002,665,1
1003,666,1
1003,667,1
1004,667,1
1005,667,1
1006,667,1
1006,666,1
1006,665,1
1006,664,1
1007,663,1
1007,662,1
1007,661,1
1007,660,1
1007,659,1
1007,658,1
1007,657,1
1007,656,1
1007,655,1
1008,654,1
1008,653,1
1008,652,1
1008,651,1
1008,650,1
1007,649,1
1007,648,1
1007,647,1
1007,646,1
1007,645,1
1007,644,1
1007,643,1
1007,642,1
1007,641,1
1007,640,1
1007,639,1
1007,638,1
1007,637,1
1007,636,1
1007,635,1
1007,634,1
1007,633,1
1006,632,1
1006,631,1
1006,630,1
1006,629,1
1006,628,1
1006,627,1
1006,626,1
1005,625,1
1005,624,1
1005,623,1
1005,622,1
1005,621,1
1004,620,1
1004,619,1
1004,618,1
1004,617,1
1004,616,1
1004,615,1
1003,614,1
1003,613,1
1003,612,1
1003,611,1
1003,610,1
1003,609,1
1002,608,1
1002,607,1
1002,606,1
1001,605,1
1001,604,1
1001,603,1
1000,602,1
1000,601,1
1000,600,1
1000,599,1
999,598,1
999,597,1
998,596,1
998,595,1
998,594,1
997,593,1
997,592,1
997,591,1
996,590,1
995,589,1
995,588,1
995,587,1
994,586,1
994,585,1
993,585,1
993,584,1
992,583,1
992,582,1
992,581,1
991,581,1
991,580,1
990,579,1
990,578,1
989,578,1
989,577,1
988,576,1
988,575,1
987,575,1
987,574,1
986,573,1
985,572,1
984,571,1
984,570,1
983,570,1
983,569,1
982,569,1
981,568,1
981,567,1
980,567,1
979,566,1
979,565,1
978,565,1
977,564,1
976,563,1
975,563,1
974,562,1
974,561,1
973,561,1
972,560,1
971,560,1
970,559,1
969,559,1
968,558,1
967,557,1
966,557,1
965,557,1
964,556,1
963,556,1
962,555,1
961,555,1
960,555,1
959,555,1
958,554,1
957,554,1
956,554,1
955,553,1
954,553,1
953,553,1
952,553,1
951,553,1
950,553,1
949,552,1
948,552,1
947,552,1
946,552,1
945,552,1
944,552,1
943,552,1
942,552,1
941,552,1
940,552,1
939,552,1
938,552,1
937,552,1
936,552,1
935,552,1
934,552,1
933,553,1
932,553,1
931,553,1
930,553,1
929,553,1
928,553,1
927,554,1
926,554,1
925,554,1
924,555,1
923,555,1
922,555,1
921,555,1
920,556,1
919,556,1
918,556,1
917,557,1
916,557,1
915,557,1
915,558,1
914,558,1
913,558,1
912,559,1
911,559,1
910,560,1
909,560,1
908,561,1
907,561,1
906,562,1
905,562,1
904,562,1
904,563,1
903,563,1
902,564,1
901,564,1
901,565,1
900,565,1
899,566,1
898,566,1
898,567,1
897,568,1
896,568,1
895,569,1
894,570,1
893,571,1
892,571,1
892,572,1
891,572,1
890,573,1
890,574,1
889,574,1
888,575,1
888,576,1
887,576,1
886,577,1
886,578,1
885,579,1
884,580,1
884,581,1
883,581,1
882,582,1
882,583,1
881,584,1
881,585,1
880,586,1
880,587,1
879,588,1
879,589,1
878,590,1
878,591,1
878,592,1
877,592,1
877,593,1
877,594,1
877,595,1
877,596,1
877,597,1
877,598,1
876,598,1
876,599,1
876,600,1
876,601,1
876,602,1
876,603,1
876,604,1
877,605,1
877,606,1
877,607,1
877,608,1
877,609,1
878,610,1
878,611,1
878,612,1
879,613,1
879,614,1
879,615,1
880,615,1
880,616,1
881,617,1
882,618,1
882,619,1
883,619,1
883,620,1
884,621,1
885,622,1
886,622,1
886,623,1
887,623,1
888,624,1
889,625,1
890,625,1
891,626,1
892,627,1
893,627,1
894,628,1
895,628,1
896,628,1
896,629,1
897,629,1
898,629,1
899,629,1
900,630,1
901,630,1
902,630,1
903,630,1
904,631,1
905,631,1
906,631,1
907,631,1
908,631,1
909,631,1
910,631,1
911,631,1
912,631,1
913,631,1
914,631,1
915,631,1
916,631,1
917,631,1
918,631,1
919,631,1
920,631,1
921,631,1
922,631,1
923,630,1
924,630,1
925,630,1
926,630,1
927,630,1
928,630,1
929,629,1
930,629,1
931,629,1
932,629,1
933,629,1
934,629,1
935,628,1
936,628,1
937,628,1
938,628,1
939,628,1
940,627,1
941,627,1
942,626,1
943,626,1
944,626,1
945,625,1
946,625,1
947,625,1
947,624,1
948,624,1
949,623,1
950,623,1
951,622,1
952,622,1
952,621,1
953,621,1
954,621,1
955,621,1
956,620,1
957,619,0
919,560,0
1124,614,1
1124,615,1
1124,616,1
1124,617,1
1124,618,1
1124,619,1
1124,620,1
1124,621,1
1124,622,1
1124,623,1
1124,624,1
1124,625,1
1124,626,1
1124,627,1
1124,628,1
1123,629,1
1123,630,1
1123,631,1
1123,632,1
1123,633,1
1123,634,1
1123,635,1
1123,636,1
1122,637,1
1122,638,1
1122,639,1
1122,640,1
1122,641,1
1122,642,1
1122,643,1
1121,644,1
1121,645,1
1121,646,1
1121,647,1
1121,648,1
1121,649,1
1121,650,1
1121,651,1
1121,652,1
1121,653,1
1121,654,1
1121,655,1
1117,539,0
1119,452,1
1119,451,1
1118,450,1
1118,449,1
1118,448,1
1117,447,1
1117,446,1
1116,446,1
1116,445,1
1115,444,1
1115,443,1
1115,442,1
1114,441,1
1113,440,1
1113,439,1
1112,438,1
1112,437,1
1111,436,1
1111,435,1
1110,434,1
1110,433,1
1109,432,1
1108,432,1
1108,431,1
1107,430,1
1107,429,1
1106,429,1
1106,428,1
1105,427,1
1104,426,1
1104,425,1
1103,425,1
1103,424,1
1102,423,1
1102,422,1
1101,422,1
1100,421,1
1100,420,1
1099,419,1
1099,418,1
1098,418,1
1097,417,1
1097,416,1
1096,415,1
1095,414,1
1095,413,1
1094,412,1
1093,412,1
1093,411,1
1092,410,1
1091,410,1
1091,409,1
1090,408,1
1089,407,1
1088,406,1
1087,405,1
1086,404,1
1085,403,1
1084,402,1
1083,401,1
1083,400,1
1082,400,1
1081,399,1
1080,398,1
1079,397,1
1078,397,1
1077,396,1
1076,395,1
1075,394,1
1074,393,1
1073,393,1
1073,392,1
1072,392,1
1071,391,1
1070,391,1
1069,390,1
1069,389,1
1068,389,1
1067,388,1
1066,388,1
1065,387,1
1064,387,1
1064,386,1
1063,386,1
1062,385,1
1061,385,1
1060,384,1
1059,384,1
1058,383,1
1057,383,1
1056,382,1
1055,382,1
1054,382,1
1053,381,1
1052,381,1
1051,380,1
1050,380,1
1049,380,1
1048,380,1
1047,379,1
1046,379,1
1045,379,1
1044,379,1
1043,378,1
1042,378,1
1041,378,1
1040,378,1
1039,378,1
1038,378,1
1037,378,1
1036,378,1
1035,378,1
1035,379,1
1034,379,1
1033,379,1
1032,379,1
1032,380,1
1031,380,1
1031,381,1
1030,381,1
1030,382,1
1030,383,1
1030,384,1
1029,384,1
1029,385,1
1028,385,1
1028,386,1
1028,387,1
1028,388,1
1029,388,1
1029,389,1
1030,390,1
1030,391,1
1031,391,1
1032,392,1
1033,392,1
1034,392,1
1035,393,1
1036,393,1
1037,394,1
1038,394,1
1039,395,1
1040,395,1
1041,396,1
1042,396,1
1043,396,1
1043,397,1
1043,398,1
1203,497,0
1374,588,1
1374,589,1
1374,590,1
1374,591,1
1374,592,1
1374,593,1
1374,594,1
1352,587,1
1351,587,1
1351,586,1
1350,586,1
1349,586,1
1348,585,1
1347,585,1
1346,584,1
1345,584,1
1344,584,1
1343,583,1
1342,583,1
1341,582,1
1340,582,1
1339,582,1
1338,582,1
1337,581,1
1336,581,1
1335,581,1
1335,580,1
1334,580,1
1333,580,1
1332,580,1
1331,579,1
1330,579,1
1329,579,1
1328,579,1
1327,579,1
1326,578,1
1325,578,1
1324,578,1
1323,578,1
1322,578,1
1321,577,1
1320,577,1
1319,577,1
1318,577,1
1317,577,1
1316,577,1
1315,576,1
1314,576,1
1313,576,1
1312,576,1
1311,576,1
1310,575,1
1309,575,1
1308,575,1
1307,575,1
1306,574,1
1305,574,1
1304,574,1
1303,574,1
1302,573,1
1301,573,1
1300,573,1
1299,572,1
1298,572,1
1297,572,1
1296,572,1
1296,571,1
1295,571,1
1294,571,1
1293,570,1
1292,570,1
1291,569,1
1290,569,1
1289,568,1
1288,568,1
1287,567,1
1286,567,1
1285,567,1
1284,566,1
1283,566,1
1282,565,1
1281,565,1
1280,564,1
1279,564,1
1278,563,1
1277,563,1
1276,562,1
1275,562,1
1274,561,1
1273,561,1
1272,560,1
1271,560,1
1270,559,1
1269,559,1
1268,559,1
1268,558,1
1222,558,1
1221,558,1
1220,558,1
1219,559,1
1218,559,1
1218,560,1
1217,560,1
1216,560,1
1215,561,1
1214,562,1
1213,562,1
1213,563,1
1212,563,1
1211,564,1
1210,564,1
1210,565,1
1209,565,1
1208,566,1
1207,567,1
1206,568,1
1205,569,1
1205,570,1
1204,570,1
1203,571,1
1203,572,1
1202,572,1
1202,573,1
1201,574,1
1200,575,1
1200,576,1
1199,576,1
1199,577,1
1198,578,1
1198,579,1
1197,579,1
1197,580,1
1196,581,1
1196,582,1
1195,583,1
1195,584,1
1195,585,1
1194,586,1
1194,587,1
1194,588,1
1193,589,1
1193,590,1
1193,591,1
1192,592,1
1192,593,1
1192,594,1
1192,595,1
1192,596,1
1192,597,1
1192,598,1
1192,599,1
1192,600,1
1192,601,1
1192,602,1
1192,603,1
1192,604,1
1192,605,1
1192,606,1
1192,607,1
1192,608,1
1192,609,1
1193,610,1
1193,611,1
1193,612,1
1193,613,1
1194,614,1
1194,615,1
1194,616,1
1195,617,1
1195,618,1
1195,619,1
1196,619,1
1196,620,1
1197,621,1
1197,622,1
1198,623,1
1198,624,1
1199,624,1
1199,625,1
1200,626,1
1200,627,1
1201,628,1
1202,629,1
1202,630,1
1203,631,1
1204,631,1
1204,632,1
1205,633,1
1206,633,1
1206,634,1
1207,635,1
1208,635,1
1208,636,1
1209,637,1
1210,637,1
1211,638,1
1212,639,1
1213,639,1
1214,640,1
1215,640,1
1215,641,1
1216,641,1
1217,642,1
1218,643,1
1219,643,1
1219,644,1
1220,644,1
1221,645,1
1222,646,1
1223,646,1
1223,647,1
1224,647,1
1225,647,1
1226,648,1
1227,648,1
1228,648,1
1229,649,1
1230,649,1
1231,649,1
1232,650,1
1233,650,1
1234,650,1
1235,650,1
1236,650,1
1237,650,1
1238,650,1
1239,650,1
1240,650,1
1241,650,1
1242,650,1
1243,650,1
1244,650,1
1245,650,1
1347,625,0
1460,610,1
1460,611,1
1460,612,1
1461,612,1
1461,611,1
1461,610,1
1462,610,1
1462,609,1
1462,608,1
1462,607,1
1462,606,1
1463,605,1
1463,604,1
1463,603,1
1463,602,1
1463,601,1
1464,600,1
1464,599,1
1464,598,1
1464,597,1
1464,596,1
1465,595,1
1465,594,1
1465,593,1
1465,592,1
1465,591,1
1465,590,1
1465,589,1
1465,588,1
1465,587,1
1465,586,1
1466,585,1
1466,584,1
1466,583,1
1466,582,1
1466,581,1
1466,580,1
1466,579,1
1466,578,1
1467,577,1
1467,576,1
1467,575,1
1467,574,1
1467,573,1
1467,572,1
1467,571,1
1467,570,1
1467,569,1
1467,568,1
1467,567,1
1468,566,1
1468,565,1
1468,564,1
1468,563,1
1468,562,1
1468,561,1
1468,560,1
1468,559,1
1468,558,1
1468,557,1
1468,556,1
1468,555,1
1468,554,1
1468,553,1
1468,552,1
1468,551,1
1468,550,1
1468,549,1
1468,548,1
1468,547,1
1468,546,1
1468,545,1
1468,544,1
1468,543,1
1468,542,1
1468,541,1
1468,540,1
1468,539,1
1468,538,1
1468,537,1
1468,536,1
1468,535,1
1468,534,1
1468,533,1
1468,532,1
1468,531,1
1468,530,1
1468,529,1
1468,528,1
1468,527,1
1468,526,1
1468,525,1
1468,524,1
1468,523,1
1468,522,1
1468,521,1
1468,520,1
1468,519,1
1468,518,1
1467,517,1
1467,516,1
1467,515,1
1467,514,1
1467,513,1
1467,512,1
1467,511,1
1467,510,1
1467,509,1
1467,508,1
1467,507,1
1467,506,1
1466,505,1
1466,504,1
1466,503,1
1466,502,1
1466,501,1
1466,500,1
1466,499,1
1466,498,1
1466,497,1
1465,496,1
1465,495,1
1465,494,1
1465,493,1
1465,492,1
1465,491,1
1465,490,1
1465,489,1
1465,488,1
1464,487,1
1464,486,1
1464,485,1
1464,484,1
1464,483,1
1464,482,1
1464,481,1
1463,480,1
1463,479,1
1463,478,1
1463,477,1
1463,476,1
1463,475,1
1462,474,1
1462,473,1
1462,472,1
1462,471,1
1462,470,1
1461,469,1
1461,468,1
1461,467,1
1461,466,1
1461,465,1
1460,464,1
1460,463,1
1460,462,1
1460,461,1
1459,460,1
1459,459,1
1459,458,1
1459,457,1
1458,456,1
1458,455,1
1442,418,1
1441,417,1
1440,416,1
1440,415,1
1439,415,1
1439,414,1
1438,413,1
1437,412,1
1436,411,1
1435,410,1
1435,409,1
1434,409,1
1433,408,1
1432,407,1
1431,406,1
1430,405,1
1429,405,1
1429,404,1
1428,404,1
1427,403,1
1426,403,1
1425,402,1
1424,402,1
1423,401,1
1422,401,1
1421,400,1
1420,400,1
1419,399,1
1418,399,1
1417,399,1
1416,398,1
1415,398,1
1414,398,1
1413,398,1
1412,398,1
1411,398,1
1411,397,1
1410,397,1
1409,397,1
1408,397,1
1407,397,1
1406,397,1
1405,397,1
1404,398,1
1403,398,1
1402,398,1
1401,398,1
1400,398,1
1399,399,1
1398,399,1
1397,399,1
1396,400,1
1395,400,1
1394,400,1
1393,401,1
1392,401,1
1391,402,1
1390,402,1
1390,403,1
1389,403,1
1388,404,1
1387,405,1
1386,405,1
1386,406,1
1385,407,1
1384,407,1
1384,408,1
1383,408,1
1383,409,1
1382,410,1
1381,410,1
1381,411,1
1380,412,1
1380,413,1
1379,413,1
1379,414,1
1378,415,1
1378,416,1
1377,416,1
1377,417,1
1377,418,1
1376,419,1
1376,420,1
1375,421,1
1375,422,1
1374,423,1
1374,424,1
1374,425,1
1373,426,1
1373,427,1
1373,428,1
1372,429,1
1372,430,1
1372,431,1
1372,432,1
1372,433,1
1372,434,1
1372,435,1
1371,436,1
1371,437,1
1371,438,1
1371,439,1
1371,440,1
1371,441,1
1371,442,1
1371,443,1
1371,444,1
1372,445,1
1372,446,1
1372,447,1
1372,448,1
1372,449,1
1372,450,1
1373,451,1
1373,452,1
1373,453,1
1374,454,1
1374,455,1
1374,456,1
1374,457,1
1374,458,1
1375,459,1
1375,460,1
1375,461,1
1375,462,1
1375,463,1
1376,464,1
1698,521,1
1699,521,1
1700,521,1
1701,521,1
1702,521,1
1703,522,1
1704,523,1
1704,524,1
1704,525,1
1705,526,1
1705,527,1
1705,528,1
1705,529,1
1706,529,1
1706,530,1
1706,531,1
1706,532,1
1707,532,1
1707,533,1
1707,534,1
1708,535,1
1708,536,1
1709,537,1
1709,538,1
1709,539,1
1709,540,1
1709,541,1
1709,542,1
1709,543,1
1710,544,1
1710,545,1
1710,546,1
1710,547,1
1710,548,1
1710,549,1
1709,550,1
1709,551,1
1709,552,1
1709,553,1
1709,554,1
1709,555,1
1709,556,1
1709,557,1
1709,558,1
1709,559,1
1709,560,1
1709,561,1
1709,562,1
1709,563,1
1709,564,1
1709,565,1
1709,566,1
1709,567,1
1709,568,1
1709,569,1
1709,570,1
1709,571,1
1709,572,1
1709,573,1
1709,574,1
1709,575,1
1709,576,1
1709,577,1
1709,578,1
1709,579,1
1709,580,1
1709,581,1
1709,582,1
1709,583,1
1709,584,1
1708,585,1
1708,586,1
1708,587,1
1708,588,1
1708,589,1
1708,590,1
1708,591,1
1708,592,1
1708,593,1
1708,594,1
1708,595,1
1708,596,1
1708,597,1
1708,598,1
1708,599,1
1708,600,1
1708,601,1
1708,602,1
1709,603,1
1709,604,1
1709,605,1
1709,606,1
1710,607,1
1710,608,1
1710,609,1
1711,609,1
1711,610,1
1712,610,1
1757,591,0
1807,571,1
1807,572,1
1807,573,1
1807,574,1
1807,575,1
1807,576,1
1807,577,1
1807,578,1
1807,579,1
1807,580,1
1807,581,1
1807,582,1
1807,583,1
1807,584,1
1807,585,1
1807,586,1
1807,587,1
1807,588,1
1807,589,1
1807,590,1
1807,591,1
1807,592,1
1807,593,1
1807,594,1
1807,595,1
1807,596,1
1807,597,1
1806,598,1
1806,599,1
1806,600,1
1806,601,1
1806,602,1
1806,603,1
1806,604,1
1806,605,1
1806,606,1
1806,607,1
1806,608,1
1806,609,1
1806,610,1
1806,611,1
1806,612,1
1806,613,1
1805,614,1
1805,615,1
1805,616,1
1805,617,1
1805,618,1
1805,619,1
1805,620,1
1805,621,1
1805,622,1
1805,623,1
1805,624,1
1804,625,1
1804,626,1
1804,627,1
1804,628,1
1804,629,1
1804,630,1
1804,631,1
1803,632,1
1803,633,1
1803,634,1
1802,634,1
1802,635,1
1802,636,1
1802,637,1
1802,638,1
1202,537,0
583,450,1
584,450,1
585,450,1
586,450,1
587,450,1
588,450,1
589,450,1
590,450,1
591,450,1
592,450,1
593,450,1
594,450,1
595,450,1
596,450,1
597,450,1
598,450,1
599,450,1
600,450,1
601,450,1
602,450,1
603,450,1
604,450,1
605,450,1
606,450,1
607,450,1
608,450,1
609,450,1
610,450,1
611,450,1
612,450,1
613,450,1
614,450,1
615,450,1
616,450,1
617,450,1
618,450,1
619,450,1
620,450,1
621,450,1
622,450,1
623,450,1
624,450,1
625,450,1
626,450,1
627,450,1
628,449,1
629,449,1
630,449,1
631,449,1
632,449,1
633,449,1
634,449,1
635,449,1
636,449,1
637,449,1
638,449,1
639,449,1
640,449,1
641,449,1
642,449,1
643,449,1
644,449,1
645,449,1
646,449,1
647,449,1
648,449,1
649,449,1
650,449,1
651,449,1
652,449,1
653,449,1
654,449,1
655,449,1
656,449,1
657,449,1
658,449,1
659,449,1
660,449,1
661,448,1
662,448,1
663,448,1
664,448,1
665,448,1
666,448,1
667,448,1
668,448,1
669,448,1
670,448,1
671,448,1
672,448,1
673,448,1
674,448,1
675,448,1
676,448,1
677,448,1
678,448,1
679,448,1
680,448,1
681,448,1
682,448,1
683,448,1
684,448,1
685,448,1
686,448,1
687,448,1
688,448,1
689,448,1
690,448,1
691,448,1
692,448,1
693,448,1
694,448,1
695,448,1
696,448,1
697,448,1
698,448,1
699,448,1
700,448,1
701,448,1
702,448,1
703,448,1
704,448,1
705,448,1
706,448,1
707,448,1
708,448,1
709,448,1
710,448,1
711,448,1
712,448,1
713,448,1
714,448,1
715,448,1
716,448,1
717,448,1
718,448,1
719,448,1
720,447,1
721,447,1
722,447,1
723,447,1
724,447,1
725,447,1
726,447,1
727,447,1
728,447,1
729,447,1
730,447,1
731,447,1
732,447,1
733,447,1
734,447,1
735,447,1
736,447,1
737,447,1
738,447,1
739,447,1
740,447,1
741,447,1
742,446,1
743,446,1
744,446,1
745,446,1
746,446,1
747,446,1
748,446,1
749,446,1
750,446,1
751,446,1
752,446,1
753,446,1
754,446,1
755,446,1
756,446,1
757,446,1
758,446,1
759,446,1
760,446,1
761,446,1
762,446,1
763,445,1
764,445,1
765,445,1
766,445,1
767,445,1
768,445,1
769,445,1
770,445,1
771,445,1
772,445,1
773,445,1
774,445,1
775,445,1
776,445,1
777,445,1
778,444,1
779,444,1
780,444,1
781,444,1
782,444,1
783,444,1
784,444,1
785,444,1
786,444,1
787,444,1
788,444,1
789,444,1
790,444,1
791,444,1
792,444,1
793,444,1
794,444,1
795,444,1
796,444,1
797,444,1
798,444,1
799,444,1
800,444,1
801,444,1
802,444,1
803,444,1
804,444,1
805,444,1
806,444,1
807,444,1
808,444,1
809,444,1
810,444,1
811,443,1
812,443,1
813,443,1
814,443,1
815,443,1
816,443,1
817,443,1
818,443,1
819,443,1
820,443,1
821,443,1
822,443,1
823,443,1
824,443,1
825,442,1
826,442,1
827,442,1
828,442,1
829,442,1
830,442,1
831,442,1
832,442,1
833,442,1
834,442,1
835,442,1
836,442,1
837,442,1
838,442,1
839,442,1
840,442,1
841,442,1
842,442,1
843,442,1
844,441,1
845,441,1
846,441,1
847,441,1
848,441,1
849,441,1
850,441,1
851,441,1
852,441,1
853,441,1
854,441,1
855,441,1
856,441,1
857,441,1
858,441,1
859,441,1
860,441,1
861,441,1
862,441,1
863,441,1
864,440,1
865,440,1
866,440,1
867,440,1
868,440,1
869,440,1
870,440,1
871,440,1
872,440,1
873,440,1
874,440,1
875,440,1
876,440,1
877,440,1
878,439,1
879,439,1
880,439,1
881,439,1
882,439,1
883,439,1
884,439,1
885,439,1
886,439,1
887,439,1
888,439,1
889,439,1
890,439,1
891,439,1
892,439,1
893,439,1
894,439,1
895,439,1
896,439,1
897,439,1
898,439,1
899,439,1
900,439,1
901,439,1
902,439,1
903,439,1
904,439,1
905,439,1
906,439,1
907,439,1
908,439,1
909,439,1
910,439,1
911,438,1
912,438,1
913,438,1
914,438,1
915,438,1
916,438,1
917,438,1
918,438,1
919,438,1
920,438,1
921,438,1
922,438,1
923,438,1
924,438,1
925,438,1
926,438,1
927,438,1
928,438,1
929,438,1
930,438,1
931,438,1
932,438,1
933,437,1
934,437,1
935,437,1
936,437,1
937,437,1
938,437,1
939,437,1
940,437,1
941,437,1
942,437,1
943,437,1
944,437,1
945,437,1
946,437,1
947,437,1
948,437,1
949,437,1
950,437,1
951,437,1
952,437,1
953,437,1
954,437,1
955,437,1
956,437,1
957,437,1
958,437,1
959,437,1
960,437,1
961,437,1
962,437,1
963,437,1
964,437,1
965,437,1
966,436,1
967,436,1
968,436,1
969,436,1
970,436,1
971,436,1
972,436,1
973,436,1
974,436,1
975,436,1
976,436,1
977,436,1
978,436,1
979,436,1
980,436,1
981,436,1
982,436,1
983,436,1
984,436,1
985,436,1
986,436,1
987,436,1
988,436,1
989,436,1
990,436,1
991,436,1
992,436,1
993,436,1
994,435,1
995,435,1
996,435,1
997,435,1
998,435,1
999,435,1
1000,435,1
1001,435,1
1002,435,1
1003,435,1
1004,435,1
1005,435,1
1006,435,1
1007,435,1
1008,435,1
1009,435,1
1010,435,1
1011,435,1
1012,435,1
1013,435,1
1014,435,1
1015,435,1
1016,434,1
1017,434,1
1018,434,1
1019,434,1
1020,434,1
1021,434,1
1022,434,1
1023,434,1
1024,434,1
1025,434,1
1026,434,1
1027,434,1
1028,434,1
1029,434,1
1030,434,1
1031,434,1
1032,434,1
1033,434,1
1034,434,1
1035,434,1
1036,434,1
1037,433,1
1038,433,1
1039,433,1
1040,433,1
1041,433,1
1042,433,1
1043,433,1
1044,433,1
1045,433,1
1046,433,1
1047,433,1
1048,433,1
1049,433,1
1050,433,1
1051,433,1
1052,432,1
1053,432,1
1054,432,1
1055,432,1
1056,432,1
1057,432,1
1058,432,1
1059,432,1
1060,432,1
1061,432,1
1062,432,1
1063,432,1
1064,432,1
1065,432,1
1066,432,1
1067,432,1
1068,432,1
1069,432,1
1070,432,1
1071,432,1
1072,432,1
1073,432,1
1074,432,1
1075,432,1
1076,432,1
1077,432,1
1078,432,1
1079,432,1
1080,432,1
1081,432,1
1082,432,1
1083,432,1
1084,432,1
1085,431,1
1086,431,1
1087,431,1
1088,431,1
1089,431,1
1090,431,1
1091,431,1
1092,431,1
1093,431,1
1094,431,1
1095,431,1
1096,431,1
1097,431,1
1098,431,1
1099,431,1
1100,431,1
1101,431,1
1102,431,1
1103,431,1
1104,431,1
1105,431,1
1106,431,1
1107,430,1
1108,430,1
1109,430,1
1110,430,1
1111,430,1
1112,430,1
1113,430,1
1114,430,1
1115,430,1
1116,430,1
1117,430,1
1118,430,1
1119,430,1
1120,430,1
1121,430,1
1122,430,1
1123,430,1
1124,430,1
1125,430,1
1126,430,1
1127,430,1
1128,430,1
1129,430,1
1130,430,1
1131,430,1
1132,430,1
1133,430,1
1134,430,1
1135,430,1
1136,430,1
1137,430,1
1138,429,1
1139,429,1
1140,429,1
1141,429,1
1142,429,1
1143,429,1
1144,429,1
1145,429,1
1146,429,1
1147,429,1
1148,429,1
1149,429,1
1150,429,1
1151,429,1
1152,429,1
1153,429,1
1154,429,1
1155,429,1
1156,429,1
1157,429,1
1158,429,1
1159,429,1
1160,428,1
1161,428,1
1162,428,1
1163,428,1
1164,428,1
1165,428,1
1166,428,1
1167,428,1
1168,428,1
1169,428,1
1170,428,1
1171,428,1
1172,428,1
1173,428,1
1174,428,1
1175,428,1
1176,428,1
1177,428,1
1178,428,1
1179,428,1
1180,427,1
1181,427,1
1182,427,1
1183,427,1
1184,427,1
1185,427,1
1186,427,1
1187,427,1
1188,427,1
1189,427,1
1190,427,1
1191,427,1
1192,427,1
1193,427,1
1194,427,1
1195,427,1
1196,427,1
1197,427,1
1198,427,1
1199,427,1
1200,427,1
1201,426,1
1202,426,1
1203,426,1
1204,426,1
1205,426,1
1206,426,1
1207,426,1
1208,426,1
1209,426,1
1210,426,1
1211,426,1
1212,426,1
1213,426,1
1214,426,1
1215,426,1
1216,426,1
1217,426,1
1218,426,1
1219,426,1
1220,426,1
1221,426,1
1222,426,1
1223,425,1
1224,425,1
1225,425,1
1226,425,1
1227,425,1
1228,425,1
1229,425,1
1230,425,1
1231,425,1
1232,425,1
1233,425,1
1234,425,1
1235,425,1
1236,425,1
1237,425,1
1238,425,1
1239,425,1
1240,425,1
1241,425,1
1242,425,1
1243,425,1
1244,425,1
1245,425,1
1246,425,1
1247,425,1
1248,425,1
1249,425,1
1250,425,1
1251,425,1
1252,425,1
1253,425,1
1254,425,1
1255,424,1
1256,424,1
1257,424,1
1258,424,1
1259,424,1
1260,424,1
1261,424,1
1262,424,1
1263,424,1
1264,424,1
1265,424,1
1266,424,1
1267,424,1
1268,424,1
1269,423,1
1270,423,1
1271,423,1
1272,423,1
1273,423,1
1274,423,1
1275,423,1
1276,423,1
1277,423,1
1278,423,1
1279,423,1
1280,423,1
1281,423,1
1282,423,1
1283,423,1
1284,423,1
1285,423,1
1286,423,1
1287,422,1
1288,422,1
1289,422,1
1290,422,1
1291,422,1
1292,422,1
1293,422,1
1294,422,1
1295,422,1
1296,422,1
1297,422,1
1298,422,1
1299,422,1
1300,422,1
1301,422,1
1302,422,1
1303,422,1
1304,422,1
1305,421,1
1306,421,1
1307,421,1
1308,421,1
1309,421,1
1310,421,1
1311,421,1
1312,421,1
1313,421,1
1314,421,1
1315,421,1
1316,421,1
1317,421,1
1318,420,1
1319,420,1
1320,420,1
1321,420,1
1322,420,1
1323,420,1
1324,420,1
1325,420,1
1326,420,1
1327,420,1
1328,420,1
1329,420,1
1330,420,1
1331,420,1
1332,420,1
1333,420,1
1334,420,1
1335,420,1
1336,420,1
1337,420,1
1338,420,1
1339,420,1
1340,420,1
1341,420,1
1342,420,1
1343,420,1
1344,420,1
1345,420,1
1346,419,1
1347,419,1
1348,419,1
1349,419,1
1350,419,1
1351,419,1
1352,419,1
1353,419,1
1354,419,1
1355,419,1
1356,419,1
1357,419,1
1358,419,1
1359,419,1
1360,419,1
1361,419,1
1362,418,1
1363,418,1
1364,418,1
1365,418,1
1366,418,1
1367,418,1
1368,418,1
1369,418,1
1370,418,1
1371,418,1
1372,418,1
1373,418,1
1374,418,1
1375,418,1
1376,418,1
1377,418,1
1378,418,1
1379,418,1
1380,418,1
1381,418,1
1382,418,1
1383,418,1
1384,418,1
1385,418,1
1386,418,1
1387,418,1
1388,418,1
1389,418,1
1390,417,1
1391,417,1
1392,417,1
1393,417,1
1394,417,1
1395,417,1
1396,417,1
1397,417,1
1398,417,1
1399,417,1
1400,417,1
1401,417,1
1402,417,1
1403,416,1
1404,416,1
1405,416,1
1406,416,1
1407,416,1
1408,416,1
1409,416,1
1410,416,1
1411,416,1
1412,416,1
1413,416,1
1414,416,1
1415,416,1
1416,416,1
1417,416,1
1418,416,1
1419,416,1
1420,415,1
1421,415,1
1422,415,1
1423,415,1
1424,415,1
1425,415,1
1426,415,1
1427,415,1
1428,415,1
1429,415,1
1430,415,1
1431,415,1
1432,415,1
1433,415,1
1434,415,1
1435,415,1
1436,415,1
1437,414,1
1438,414,1
1439,414,1
1440,414,1
1441,414,1
1442,414,1
1443,414,1
1444,414,1
1445,414,1
1446,414,1
1447,414,1
1448,414,1
1449,414,1
1450,413,1
1451,413,1
1452,413,1
1453,413,1
1454,413,1
1455,413,1
1456,413,1
1457,413,1
1458,413,1
1459,413,1
1460,413,1
1461,413,1
1462,413,1
1463,413,1
1464,413,1
1465,413,1
1466,413,1
1467,413,1
1468,413,1
1469,413,1
1470,413,1
1471,413,1
1472,413,1
1473,413,1
1474,413,1
1475,413,1
1476,413,1
1477,413,1
1478,412,1
1479,412,1
1480,412,1
1481,412,1
1482,412,1
1483,412,1
1484,412,1
1485,412,1
1486,412,1
1487,412,1
1488,412,1
1489,412,1
1490,412,1
1491,412,1
1492,412,1
1493,412,1
1494,411,1
1495,411,1
1496,411,1
1497,411,1
1498,411,1
1499,411,1
1500,411,1
1501,411,1
1502,411,1
1503,411,1
1504,411,1
1505,411,1
1506,411,1
1507,411,1
1508,411,1
1509,411,1
1510,411,1
1511,411,1
1512,411,1
1513,411,1
1514,411,1
1515,411,1
1516,411,1
1517,411,1
1518,411,1
1519,411,1
1520,411,1
1521,411,1
1522,411,1
1523,411,1
1524,410,1
1525,410,1
1526,410,1
1527,410,1
1528,410,1
1529,410,1
1530,410,1
1531,410,1
1532,410,1
1533,410,1
1534,410,1
1535,410,1
1536,410,1
1537,410,1
1538,409,1
1539,409,1
1540,409,1
1541,409,1
1542,409,1
1543,409,1
1544,409,1
1545,409,1
1546,409,1
1547,409,1
1548,409,1
1549,409,1
1550,409,1
1551,409,1
1552,409,1
1553,409,1
1554,409,1
1555,409,1
1556,408,1
1557,408,1
1558,408,1
1559,408,1
1560,408,1
1561,408,1
1562,408,1
1563,408,1
1564,408,1
1565,408,1
1566,408,1
1567,408,1
1568,408,1
1569,408,1
1570,408,1
1571,408,1
1572,408,1
1573,408,1
1574,408,1
1575,408,1
1576,408,1
1577,407,1
1578,407,1
1579,407,1
1580,407,1
1581,407,1
1582,407,1
1583,407,1
1584,407,1
1585,407,1
1586,407,1
1587,407,1
1588,407,1
1589,407,1
1590,407,1
1591,407,1
1592,407,1
1593,407,1
1594,407,1
1595,407,1
1596,407,1
1597,406,1
1598,406,1
1599,406,1
1600,406,1
1601,406,1
1602,406,1
1603,406,1
1604,406,1
1605,406,1
1606,406,1
1607,406,1
1608,406,1
1609,406,1
1610,406,1
1611,406,1
1612,406,1
1613,406,1
1614,406,1
1615,406,1
1616,406,1
1617,406,1
1618,406,1
1619,406,1
1620,406,1
1621,406,1
1622,406,1
1623,406,1
1624,406,1
1625,406,1
1626,406,1
1627,406,1
1628,406,1
1629,406,1
1630,405,1
1631,405,1
1632,405,1
1633,405,1
1634,405,1
1635,405,1
1636,405,1
1637,405,1
1638,405,1
1639,405,1
1640,405,1
1641,405,1
1642,405,1
1643,405,1
1644,405,1
1645,405,1
1646,405,1
1647,405,1
1648,405,1
1649,405,1
1650,405,1
1651,405,1
1652,405,1
1653,405,1
1654,405,1
1655,405,1
1656,405,1
1657,405,1
1658,405,1
1659,405,1
1660,405,1
1661,405,1
1662,405,1
1663,405,1
1664,405,1
1665,405,1
1666,405,1
1667,405,1
1668,405,1
1669,405,1
1670,405,1
1671,405,1
1672,405,1
1673,405,1
1674,405,1
1675,405,1
1676,405,1
1677,405,1
1678,405,1
1679,405,1
1680,405,1
1681,405,1
1682,405,1
1683,405,1
1684,405,1
1685,405,1
1686,405,1
1687,405,1
1688,405,1
1689,405,1
1690,405,1
1691,405,1
1692,405,1
1693,405,1
1694,405,1
1695,405,1
1696,405,1
1697,405,1
1698,405,1
1699,405,1
1700,405,1
1701,405,1
1702,405,1
1703,405,1
1704,405,1
1705,405,1
1706,405,1
1707,405,1
1708,405,1
1709,405,1
1710,405,1
1711,405,1
1712,405,1
1713,405,1
1714,405,1
1715,405,1
1716,405,1
1717,405,1
1718,405,1
1719,405,1
1720,405,1
1721,405,1
1722,405,1
1723,405,1
1724,405,1
1725,405,1
1726,405,1
1727,405,1
1728,405,1
1729,405,1
1730,405,1
1731,405,1
1732,405,1
1733,405,1
1734,405,1
1735,405,1
1736,405,1
1737,405,1
1738,405,1
1739,405,1
1740,405,1
1741,405,1
1742,405,1
1743,404,1
1744,404,1
1745,404,1
1746,404,1
1747,404,1
1748,404,1
1749,404,1
1750,404,1
1751,404,1
1752,404,1
1753,404,1
1754,404,1
1755,404,1
1756,404,1
1757,404,1
1758,404,1
1759,404,1
1760,404,1
1761,404,1
1762,404,1
1763,403,1
1764,403,1
1765,403,1
1766,403,1
1767,403,1
1768,403,1
1769,403,1
1770,403,1
1771,403,1
1772,403,1
1773,403,1
1774,403,1
1775,403,1
1776,403,1
1777,403,1
1778,403,1
1779,403,1
1780,403,1
1781,403,1
1782,403,1
1783,403,1
1784,402,1
1785,402,1
1786,402,1
1787,402,1
1788,402,1
1789,402,1
1790,402,1
1791,402,1
1792,402,1
1793,402,1
1794,402,1
1795,402,1
1796,402,1
1797,402,1
1798,402,1
1799,402,1
1800,402,1
1801,402,1
1802,402,1
1803,402,1
1804,402,1
1805,402,1
1806,402,1
1807,402,1
1808,402,1
1809,402,1
1810,402,1
1811,402,1
1812,402,1
1813,402,1
1814,402,1
1815,402,1
1816,402,1
1817,402,1
1818,402,1
1819,402,1
1820,402,1
1821,402,1
1822,402,1
1823,402,1
1824,402,1
1825,402,1
1826,402,1
1827,402,1
1828,402,1
1829,402,1
1830,402,1
1831,402,1
1832,402,1
1833,402,1
1834,402,1
1835,402,1
1836,402,1
1837,402,1
1838,402,1
1839,402,1
1840,402,1
1841,402,1
1842,402,1
1843,402,1
1844,402,1
1845,402,1
1846,402,1
1847,402,1
1848,402,1
1849,402,1
1850,402,1
1851,402,1
1852,402,1
1853,402,1
1854,402,1
1855,402,1
1856,402,1
1857,402,1
1858,402,1
1859,402,1
1860,402,1
1861,402,1
1862,402,1
1863,402,1
1864,402,1
1865,402,1
1866,402,1
1867,402,1
1868,402,1
1869,402,1
1870,402,1
1871,402,1
1872,402,1
1873,402,1
1874,402,1
1875,402,1
1876,402,1
1877,402,1
1878,402,1
1879,402,1
1880,402,1
1881,402,1
1882,402,1
1883,402,1
1884,402,1
1885,402,1
1886,402,1
1887,402,1
1888,402,1
1889,402,1
1890,402,1
1891,402,1
1892,402,1
1893,402,1
1894,402,1
1895,402,1
1896,402,1
1897,402,1
1898,402,1
1899,402,1
1900,402,1
1901,402,1
1902,402,1
1903,402,1
1904,402,1
1905,402,1
1906,402,1
1907,402,1
1908,402,1
1909,402,1
1910,402,1
1911,402,1
1912,402,1
1913,402,1
1914,402,1
1915,402,1
1916,402,1
1917,402,1
1918,402,1
1919,402,1
1920,402,1
1921,402,1
1922,402,1
1923,402,1
1924,402,1
1925,402,1
1926,402,1
1927,402,1
1928,402,1
1929,402,1
1930,402,1
1931,402,1
1932,402,1
1933,402,1
1934,402,1
1935,402,1
1936,402,1
1937,402,1
1938,402,1
1939,402,1
1940,402,1
1941,402,1
1942,402,1
1943,402,1
1944,402,1
1945,402,1
1946,402,1
1947,402,1
1948,402,1
1949,402,1
1950,402,1
1951,402,1
1952,402,1
1953,402,1
1954,402,1
1955,402,1
1956,402,1
1957,402,1
1958,402,1
1959,402,1
1960,402,1
1961,402,1
1962,402,1
1963,402,1
1964,402,1
1965,402,1
1966,402,1
1967,402,1
1968,402,1
1969,402,1
1970,402,1
1971,402,1
1972,402,1
1973,402,1
1974,402,1
1975,402,1
1976,402,1
1977,402,1
1978,402,1
1979,402,1
1980,402,1
1981,402,1
1982,402,1
1983,402,1
1984,402,1
1985,402,1
1986,402,1
1987,402,1
1988,402,1
1989,402,1
1990,402,1
1991,402,1
1992,402,1
1993,402,1
1994,402,1
1995,402,1
1996,402,1
1997,402,1
1998,402,1
1999,402,1
2000,402,1
2001,402,1
2002,402,1
2003,402,1
2004,402,1
2005,402,1
2006,402,1
2007,402,1
2008,402,1
2009,402,1
2010,402,1
2010,402,0
