445,495,1
444,495,1
443,496,1
442,496,1
441,497,1
440,497,1
439,497,1
438,497,1
437,498,1
436,498,1
435,498,1
434,499,1
433,499,1
433,500,1
432,500,1
431,501,1
430,501,1
429,501,1
428,502,1
427,503,1
426,503,1
425,504,1
424,504,1
423,505,1
422,505,1
422,506,1
421,506,1
420,507,1
419,507,1
418,508,1
417,508,1
417,509,1
416,509,1
415,510,1
414,510,1
413,511,1
412,512,1
411,512,1
411,513,1
410,514,1
409,514,1
408,515,1
407,516,1
406,516,1
406,517,1
405,517,1
404,518,1
403,519,1
402,520,1
401,521,1
400,522,1
399,522,1
399,523,1
398,524,1
397,525,1
396,525,1
395,526,1
395,527,1
394,528,1
393,529,1
392,530,1
391,531,1
390,532,1
390,533,1
389,533,1
389,534,1
388,535,1
387,536,1
387,537,1
386,538,1
385,538,1
385,539,1
384,540,1
384,541,1
383,542,1
383,543,1
382,543,1
382,544,1
381,545,1
381,546,1
380,547,1
380,548,1
379,549,1
379,550,1
379,551,1
378,551,1
378,552,1
378,553,1
377,554,1
377,555,1
377,556,1
377,557,1
376,558,1
376,559,1
376,560,1
376,561,1
376,562,1
376,563,1
375,564,1
375,565,1
375,566,1
375,567,1
375,568,1
375,569,1
375,570,1
375,571,1
375,572,1
376,573,1
376,574,1
376,575,1
376,576,1
376,577,1
414,612,1
415,612,1
416,612,1
417,612,1
418,613,1
419,613,1
420,613,1
421,614,1
422,614,1
423,614,1
424,614,1
425,614,1
426,614,1
427,615,1
428,615,1
429,615,1
430,615,1
431,615,1
432,615,1
433,615,1
434,615,1
435,615,1
436,615,1
437,615,1
438,616,1
439,616,1
440,616,1
441,616,1
442,616,1
443,616,1
444,616,1
445,616,1
446,616,1
447,616,1
487,600,1
488,600,1
488,599,1
488,598,1
488,597,1
489,597,1
489,596,1
488,596,1
488,595,1
488,594,1
487,594,1
486,594,1
486,595,1
485,595,1
484,595,1
484,596,1
483,596,1
482,597,1
481,598,1
480,599,1
479,600,1
478,601,1
478,602,1
477,602,1
477,603,1
477,604,1
476,605,1
476,606,1
475,606,1
475,607,1
475,608,1
474,609,1
474,610,1
474,611,1
474,612,1
473,612,1
473,613,1
473,614,1
473,615,1
472,616,1
472,617,1
472,618,1
472,619,1
472,620,1
472,621,1
471,622,1
471,623,1
471,624,1
471,625,1
471,626,1
471,627,1
471,628,1
471,629,1
471,630,1
471,631,1
471,632,1
471,633,1
471,634,1
471,635,1
471,636,1
471,637,1
471,638,1
471,639,1
471,640,1
471,641,1
471,642,1
472,643,1
472,644,1
472,645,1
472,646,1
472,647,1
472,648,1
472,649,1
473,650,1
473,651,1
473,652,1
473,653,1
473,654,1
473,655,1
473,656,1
474,657,1
474,658,1
474,659,1
474,660,1
474,661,1
475,662,1
475,663,1
475,664,1
475,665,1
475,666,1
476,667,1
476,668,1
476,669,1
476,670,1
477,671,1
477,672,1
477,673,1
478,674,1
478,675,1
478,676,1
479,677,1
479,678,1
479,679,1
479,680,1
480,681,1
480,682,1
480,683,1
480,684,1
481,685,1
481,686,1
482,687,1
482,688,1
482,689,1
483,690,1
483,691,1
483,692,1
484,692,1
484,693,1
484,694,1
485,695,1
485,696,1
486,697,1
486,698,1
487,698,1
487,699,1
487,698,1
487,697,1
491,566,0
498,453,1
498,452,1
498,451,1
498,450,1
498,449,1
498,448,1
498,447,1
498,446,1
498,445,1
498,444,1
498,443,1
498,442,1
498,441,1
498,440,1
498,439,1
498,438,1
498,437,1
498,436,1
498,435,1
498,434,1
498,433,1
498,432,1
498,431,1
498,430,1
498,429,1
498,428,1
497,427,1
497,426,1
497,425,1
497,424,1
497,423,1
497,422,1
497,421,1
497,420,1
497,419,1
497,418,1
497,417,1
496,416,1
496,415,1
496,414,1
496,413,1
496,412,1
496,411,1
496,410,1
496,409,1
496,408,1
495,408,1
495,407,1
495,406,1
495,405,1
495,404,1
495,403,1
494,402,1
494,401,1
494,400,1
494,399,1
493,398,1
493,397,1
493,396,1
493,395,1
493,394,1
492,393,1
492,392,1
492,391,1
492,390,1
491,389,1
491,388,1
491,387,1
490,386,1
490,385,1
490,384,1
489,383,1
489,382,1
489,381,1
488,380,1
488,379,1
488,378,1
488,377,1
487,376,1
486,375,1
486,374,1
486,373,1
485,372,1
485,371,1
485,370,1
484,369,1
484,368,1
483,367,1
483,366,1
482,365,1
482,364,1
481,363,1
481,362,1
480,361,1
480,360,1
479,359,1
479,358,1
478,357,1
478,356,1
477,356,1
477,355,1
476,354,1
476,353,1
475,352,1
474,351,1
473,350,1
473,349,1
472,348,1
472,347,1
471,347,1
470,346,1
470,345,1
469,344,1
468,344,1
468,343,1
467,342,1
467,341,1
466,341,1
465,340,1
465,339,1
464,339,1
463,338,1
463,337,1
462,337,1
461,336,1
460,335,1
459,334,1
458,333,1
457,333,1
457,332,1
456,332,1
455,331,1
454,331,1
454,330,1
453,330,1
452,329,1
451,329,1
450,328,1
449,328,1
449,327,1
448,327,1
447,327,1
446,326,1
445,326,1
444,326,1
444,325,1
443,325,1
442,325,1
441,324,1
440,324,1
439,324,1
438,324,1
437,323,1
436,323,1
435,323,1
434,323,1
433,323,1
432,323,1
431,323,1
430,323,1
429,323,1
428,323,1
427,324,1
426,324,1
425,324,1
425,325,1
424,325,1
423,326,1
422,326,1
422,327,1
421,327,1
420,328,1
420,329,1
419,329,1
419,330,1
419,331,1
418,332,1
418,333,1
418,334,1
418,335,1
418,336,1
419,337,1
419,338,1
419,339,1
420,339,1
420,340,1
421,341,1
421,342,1
422,342,1
422,343,1
423,343,1
423,344,1
424,344,1
425,345,1
426,346,1
427,346,1
428,347,1
429,347,1
429,348,1
430,348,1
431,348,1
432,348,1
432,349,1
433,349,1
434,349,1
435,350,1
436,350,1
437,350,1
438,350,1
439,351,1
440,351,1
441,351,1
442,351,1
443,351,1
444,352,1
445,352,1
446,352,1
447,352,1
448,352,1
449,352,1
450,352,1
451,352,1
452,352,1
453,352,1
453,353,1
454,353,1
455,353,1
456,353,1
457,353,1
458,353,1
459,353,1
460,353,1
461,353,1
462,353,1
463,353,1
464,353,1
465,353,1
466,353,1
467,353,1
468,353,1
469,353,1
470,353,1
471,353,1
472,353,1
473,353,1
474,353,1
475,352,1
476,352,1
477,352,1
478,352,1
479,352,1
480,352,1
600,460,0
733,555,1
733,556,1
733,557,1
733,558,1
733,559,1
733,560,1
733,561,1
733,562,1
733,563,1
733,564,1
733,565,1
733,566,1
733,567,1
733,568,1
733,569,1
733,570,1
733,571,1
733,572,1
733,573,1
733,574,1
733,575,1
733,576,1
733,577,1
733,578,1
734,578,1
734,579,1
734,580,1
734,581,1
734,582,1
734,583,1
734,582,1
734,581,1
734,580,1
734,579,1
733,579,1
733,578,1
733,577,1
733,576,1
733,575,1
733,574,1
733,573,1
733,572,1
733,571,1
732,570,1
732,569,1
732,568,1
732,567,1
732,566,1
732,565,1
731,564,1
731,563,1
731,562,1
731,561,1
730,560,1
730,559,1
730,558,1
729,557,1
729,556,1
729,555,1
728,554,1
728,553,1
728,552,1
728,551,1
727,550,1
727,549,1
727,548,1
726,547,1
726,546,1
726,545,1
725,544,1
725,543,1
724,542,1
724,541,1
723,540,1
723,539,1
722,538,1
722,537,1
721,536,1
721,535,1
720,534,1
719,533,1
719,532,1
718,531,1
717,530,1
717,529,1
716,528,1
715,527,1
714,526,1
714,525,1
713,524,1
712,524,1
712,523,1
711,522,1
710,521,1
709,521,1
709,520,1
708,519,1
707,518,1
706,518,1
706,517,1
705,516,1
704,516,1
703,515,1
702,514,1
701,513,1
700,513,1
699,512,1
698,511,1
697,511,1
696,510,1
695,510,1
694,509,1
693,509,1
693,508,1
692,508,1
691,507,1
690,507,1
689,506,1
688,506,1
687,506,1
686,505,1
685,505,1
684,505,1
683,504,1
682,504,1
681,504,1
680,503,1
679,503,1
678,503,1
677,503,1
676,503,1
675,503,1
674,502,1
673,502,1
672,502,1
671,502,1
670,502,1
669,502,1
668,502,1
667,502,1
666,502,1
665,502,1
664,502,1
663,502,1
662,503,1
661,503,1
660,503,1
659,503,1
658,503,1
657,503,1
656,504,1
655,504,1
654,504,1
653,504,1
652,505,1
651,505,1
650,505,1
649,506,1
648,506,1
647,506,1
646,507,1
645,507,1
644,508,1
643,508,1
642,508,1
641,509,1
640,510,1
639,510,1
638,511,1
637,511,1
636,512,1
635,513,1
634,513,1
634,514,1
633,514,1
632,515,1
631,515,1
630,516,1
630,517,1
629,517,1
628,518,1
627,519,1
626,520,1
625,521,1
624,521,1
624,522,1
623,523,1
622,523,1
622,524,1
621,525,1
620,526,1
619,527,1
618,528,1
618,529,1
617,529,1
617,530,1
616,531,1
616,532,1
615,533,1
615,534,1
614,534,1
614,535,1
614,536,1
613,537,1
613,538,1
612,539,1
612,540,1
612,541,1
611,542,1
611,543,1
611,544,1
611,545,1
611,546,1
610,547,1
610,548,1
610,549,1
610,550,1
610,551,1
610,552,1
610,553,1
610,554,1
611,555,1
611,556,1
611,557,1
611,558,1
612,559,1
612,560,1
613,561,1
613,562,1
613,563,1
614,564,1
615,565,1
615,566,1
616,567,1
617,568,1
617,569,1
618,569,1
619,570,1
619,571,1
620,571,1
620,572,1
621,572,1
622,573,1
623,573,1
623,574,1
624,574,1
625,575,1
626,575,1
626,576,1
627,576,1
628,576,1
629,577,1
630,577,1
631,577,1
632,578,1
633,578,1
634,578,1
635,578,1
636,578,1
637,579,1
638,579,1
639,579,1
640,579,1
641,579,1
642,579,1
643,579,1
644,579,1
645,579,1
646,579,1
647,578,1
648,578,1
649,578,1
650,578,1
651,578,1
652,577,1
653,577,1
654,577,1
655,576,1
656,576,1
657,576,1
658,575,1
659,575,1
660,574,1
661,574,1
662,573,1
663,573,1
663,572,1
664,572,1
665,571,1
666,571,1
666,570,1
667,570,1
668,569,1
669,568,1
670,568,1
670,567,1
671,567,1
672,566,1
672,565,1
673,565,1
673,564,1
674,564,1
674,563,1
675,562,1
676,561,1
676,560,1
677,560,1
677,559,1
677,558,1
678,557,1
678,556,1
679,555,1
680,554,1
680,553,1
681,552,1
681,551,1
682,550,1
682,549,1
682,548,1
682,547,1
682,546,1
682,545,1
682,544,1
682,543,1
682,542,1
681,541,1
681,540,1
680,539,1
679,538,1
678,537,1
678,536,1
677,535,1
669,557,0
647,563,1
647,564,1
648,564,1
649,565,1
649,566,1
650,566,1
651,567,1
652,567,1
653,568,1
654,569,1
655,569,1
656,570,1
657,570,1
658,571,1
659,571,1
659,572,1
660,572,1
661,573,1
662,573,1
663,573,1
664,574,1
665,574,1
666,575,1
667,575,1
667,576,1
668,576,1
668,577,1
728,561,0
798,538,1
798,539,1
798,540,1
798,541,1
798,542,1
798,543,1
798,544,1
798,545,1
798,546,1
798,547,1
798,548,1
798,549,1
798,550,1
798,551,1
798,552,1
798,553,1
798,554,1
798,555,1
798,556,1
798,557,1
798,558,1
798,559,1
798,560,1
798,561,1
798,562,1
798,563,1
798,564,1
798,565,1
798,566,1
798,567,1
798,568,1
798,569,1
798,570,1
798,571,1
798,572,1
799,573,1
799,574,1
799,575,1
799,576,1
799,577,1
799,578,1
799,579,1
799,580,1
800,581,1
801,581,1
801,580,1
802,579,1
802,578,1
793,504,0
788,445,1
788,444,1
788,443,1
788,442,1
788,441,1
788,440,1
788,439,1
788,438,1
788,437,1
788,436,1
788,435,1
788,434,1
788,433,1
788,432,1
788,431,1
788,430,1
788,429,1
788,428,1
787,427,1
787,426,1
787,425,1
787,424,1
787,423,1
787,422,1
786,422,1
786,421,1
786,420,1
786,419,1
786,418,1
785,417,1
785,416,1
785,415,1
785,414,1
785,413,1
784,412,1
784,411,1
784,410,1
784,409,1
783,409,1
783,408,1
783,407,1
783,406,1
782,405,1
782,404,1
782,403,1
782,402,1
781,401,1
781,400,1
780,400,1
780,399,1
780,398,1
779,397,1
779,396,1
779,395,1
778,394,1
778,393,1
777,392,1
776,391,1
776,390,1
776,389,1
775,388,1
775,387,1
774,387,1
774,386,1
773,385,1
773,384,1
772,383,1
771,382,1
771,381,1
770,380,1
770,379,1
769,379,1
768,378,1
768,377,1
767,377,1
767,376,1
766,375,1
765,374,1
764,373,1
763,372,1
762,371,1
762,370,1
761,370,1
760,369,1
759,368,1
758,367,1
757,366,1
756,365,1
755,365,1
754,364,1
753,364,1
753,363,1
752,363,1
751,363,1
750,362,1
749,361,1
748,361,1
747,361,1
746,361,1
746,360,1
745,360,1
744,360,1
743,360,1
743,359,1
742,359,1
741,359,1
740,359,1
739,359,1
738,359,1
737,359,1
736,359,1
735,359,1
734,360,1
733,360,1
733,361,1
732,361,1
732,362,1
732,363,1
732,364,1
731,364,1
731,365,1
731,366,1
730,366,1
730,367,1
731,368,1
731,369,1
732,370,1
733,371,1
734,372,1
735,372,1
735,373,1
736,373,1
737,374,1
738,374,1
739,375,1
740,376,1
741,376,1
742,377,1
743,378,1
744,379,1
860,457,0
987,530,1
987,531,1
987,532,1
987,533,1
987,534,1
987,535,1
987,536,1
987,537,1
987,538,1
987,539,1
987,540,1
987,541,1
986,542,1
986,543,1
986,544,1
986,545,1
985,545,1
984,545,1
983,545,1
982,545,1
981,545,1
981,546,1
980,546,1
979,546,1
978,546,1
977,545,1
976,545,1
975,545,1
974,545,1
974,544,1
973,544,1
972,544,1
971,543,1
970,543,1
969,542,1
968,542,1
967,541,1
966,541,1
965,540,1
964,540,1
963,540,1
963,539,1
962,539,1
961,539,1
960,539,1
959,538,1
958,538,1
957,538,1
956,537,1
955,537,1
954,537,1
953,537,1
952,537,1
951,537,1
950,536,1
949,536,1
948,536,1
947,536,1
946,536,1
945,536,1
944,535,1
943,535,1
942,535,1
941,535,1
940,535,1
939,535,1
938,535,1
937,535,1
936,534,1
935,534,1
934,534,1
933,534,1
932,534,1
931,534,1
930,534,1
929,534,1
928,534,1
927,534,1
926,534,1
925,534,1
924,534,1
923,534,1
922,534,1
921,534,1
920,534,1
919,534,1
918,534,1
917,534,1
916,534,1
915,534,1
914,534,1
913,534,1
912,534,1
911,534,1
910,534,1
909,535,1
908,535,1
907,535,1
906,535,1
905,535,1
904,535,1
903,535,1
902,536,1
901,536,1
900,536,1
899,537,1
898,537,1
897,537,1
896,538,1
895,538,1
894,539,1
893,539,1
892,539,1
891,540,1
890,541,1
889,541,1
888,541,1
888,542,1
887,542,1
886,543,1
886,544,1
885,544,1
884,545,1
883,546,1
882,547,1
881,548,1
881,549,1
880,549,1
880,550,1
879,551,1
878,552,1
878,553,1
877,554,1
877,555,1
876,555,1
876,556,1
876,557,1
875,558,1
875,559,1
874,560,1
874,561,1
874,562,1
874,563,1
874,564,1
873,565,1
873,566,1
873,567,1
873,568,1
873,569,1
873,570,1
873,571,1
873,572,1
874,572,1
874,573,1
874,574,1
874,575,1
874,576,1
875,577,1
875,578,1
876,579,1
876,580,1
876,581,1
877,581,1
877,582,1
877,583,1
878,583,1
878,584,1
879,584,1
879,585,1
880,586,1
881,586,1
881,587,1
882,587,1
882,588,1
883,588,1
884,589,1
885,590,1
886,590,1
886,591,1
887,591,1
888,591,1
889,592,1
890,592,1
891,593,1
892,593,1
893,593,1
893,594,1
894,594,1
895,595,1
896,595,1
897,596,1
898,596,1
899,597,1
900,597,1
901,597,1
902,597,1
903,598,1
904,598,1
905,598,1
906,598,1
907,598,1
908,598,1
909,598,1
910,598,1
911,598,1
912,598,1
913,598,1
914,598,1
915,598,1
916,598,1
917,598,1
918,598,1
978,574,0
1045,548,1
1045,549,1
1045,550,1
1045,551,1
1046,552,1
1047,553,1
1048,553,1
1048,552,1
1049,552,1
1050,551,1
1051,550,1
1051,549,1
1052,548,1
1052,547,1
1053,547,1
1053,546,1
1053,545,1
1054,544,1
1054,543,1
1054,542,1
1055,541,1
1055,540,1
1056,539,1
1056,538,1
1057,537,1
1057,536,1
1057,535,1
1058,535,1
1058,534,1
1058,533,1
1058,532,1
1059,531,1
1059,530,1
1059,529,1
1059,528,1
1060,527,1
1060,526,1
1060,525,1
1060,524,1
1061,523,1
1061,522,1
1061,521,1
1061,520,1
1062,519,1
1062,518,1
1062,517,1
1062,516,1
1062,515,1
1062,514,1
1062,513,1
1063,512,1
1063,511,1
1063,510,1
1063,509,1
1063,508,1
1063,507,1
1063,506,1
1063,505,1
1064,504,1
1064,503,1
1064,502,1
1064,501,1
1064,500,1
1064,499,1
1064,498,1
1064,497,1
1064,496,1
1064,495,1
1064,494,1
1064,493,1
1064,492,1
1065,491,1
1065,490,1
1065,489,1
1065,488,1
1065,487,1
1065,486,1
1065,485,1
1065,484,1
1065,483,1
1065,482,1
1065,481,1
1065,480,1
1065,479,1
1065,478,1
1065,477,1
1065,476,1
1064,475,1
1064,474,1
1064,473,1
1064,472,1
1064,471,1
1064,470,1
1064,469,1
1064,468,1
1064,467,1
1064,466,1
1064,465,1
1064,464,1
1063,463,1
1063,462,1
1063,461,1
1063,460,1
1063,459,1
1063,458,1
1063,457,1
1062,456,1
1062,455,1
1062,454,1
1062,453,1
1062,452,1
1061,451,1
1061,450,1
1061,449,1
1061,448,1
1061,447,1
1060,446,1
1060,445,1
1060,444,1
1060,443,1
1059,442,1
1059,441,1
1059,440,1
1058,439,1
1058,438,1
1057,437,1
1057,436,1
1057,435,1
1056,434,1
1056,433,1
1056,432,1
1055,431,1
1055,430,1
1055,429,1
1054,429,1
1054,428,1
1053,427,1
1053,426,1
1052,425,1
1052,424,1
1051,423,1
1050,422,1
1050,421,1
1049,420,1
1049,419,1
1048,419,1
1048,418,1
1047,417,1
1047,416,1
1046,416,1
1046,415,1
1045,414,1
1044,413,1
1043,412,1
1042,411,1
1041,410,1
1040,409,1
1039,408,1
1038,408,1
1038,407,1
1037,406,1
1036,406,1
1035,405,1
1034,404,1
1033,404,1
1032,403,1
1031,402,1
1030,402,1
1029,401,1
1028,401,1
1028,400,1
1027,400,1
1026,400,1
1025,399,1
1024,399,1
1023,399,1
1022,398,1
1021,398,1
1020,398,1
1019,397,1
1018,397,1
1017,397,1
1016,397,1
1015,397,1
1014,397,1
1013,397,1
1012,397,1
1011,397,1
1010,397,1
1009,397,1
1008,397,1
1007,397,1
1006,397,1
1005,397,1
1004,397,1
1003,397,1
1002,397,1
1001,398,1
1000,398,1
999,398,1
998,399,1
997,399,1
996,400,1
995,400,1
994,400,1
993,401,1
992,401,1
991,402,1
990,403,1
989,403,1
988,404,1
988,405,1
987,405,1
986,406,1
985,407,1
984,408,1
984,409,1
983,409,1
982,410,1
982,411,1
981,412,1
980,413,1
980,414,1
979,415,1
979,416,1
978,417,1
978,418,1
978,419,1
977,420,1
977,421,1
977,422,1
976,423,1
976,424,1
976,425,1
976,426,1
976,427,1
975,428,1
975,429,1
975,430,1
975,431,1
975,432,1
975,433,1
975,434,1
975,435,1
975,436,1
976,437,1
976,438,1
976,439,1
976,440,1
977,441,1
977,442,1
977,443,1
977,444,1
978,445,1
978,446,1
979,447,1
979,448,1
979,449,1
980,450,1
980,451,1
981,452,1
982,453,1
982,454,1
983,455,1
983,456,1
984,456,1
984,457,1
985,458,1
985,459,1
986,460,1
986,461,1
987,461,1
987,462,1
988,463,1
988,464,1
989,464,1
990,465,1
990,466,1
991,467,1
992,467,1
993,468,1
993,469,1
994,469,1
995,470,1
996,471,1
997,472,1
998,473,1
999,474,1
1000,474,1
1001,475,1
1002,476,1
1003,477,1
1107,470,0
1210,478,1
1211,478,1
1212,477,1
1213,476,1
1214,476,1
1215,475,1
1216,474,1
1217,474,1
1218,473,1
1219,472,1
1220,472,1
1221,472,1
1221,473,1
1222,473,1
1222,474,1
1223,475,1
1223,476,1
1223,477,1
1223,478,1
1224,479,1
1224,480,1
1224,481,1
1225,481,1
1225,482,1
1225,483,1
1226,484,1
1226,485,1
1226,486,1
1226,487,1
1226,488,1
1226,489,1
1226,490,1
1226,491,1
1226,492,1
1226,493,1
1226,494,1
1226,495,1
1226,496,1
1226,497,1
1226,498,1
1226,499,1
1226,500,1
1226,501,1
1226,502,1
1226,503,1
1226,504,1
1226,505,1
1226,506,1
1226,507,1
1226,508,1
1226,509,1
1226,510,1
1226,511,1
1226,512,1
1226,513,1
1226,514,1
1226,515,1
1226,516,1
1226,517,1
1226,518,1
1226,519,1
1226,520,1
1226,521,1
1226,522,1
1225,523,1
1225,524,1
1225,525,1
1225,526,1
1225,527,1
1225,528,1
1225,529,1
1225,530,1
1225,531,1
1225,532,1
1225,533,1
1225,534,1
1226,535,1
1226,536,1
1226,537,1
1226,538,1
1226,539,1
1226,540,1
1227,541,1
1227,542,1
1228,542,1
1267,539,0
1312,535,1
1312,536,1
1312,537,1
1311,538,1
1311,539,1
1311,540,1
1311,541,1
1310,542,1
1310,543,1
1310,544,1
1310,545,1
1310,546,1
1309,547,1
1309,548,1
1309,549,1
1309,550,1
1308,551,1
1308,552,1
1308,553,1
1308,554,1
1308,555,1
1307,556,1
1307,557,1
1307,558,1
1307,559,1
1307,560,1
1306,561,1
1306,562,1
1306,563,1
1305,564,1
1305,565,1
1305,566,1
1305,567,1
789,489,0
257,422,1
258,422,1
259,422,1
260,422,1
261,422,1
262,422,1
263,422,1
264,422,1
265,422,1
266,422,1
267,422,1
268,422,1
269,422,1
270,422,1
271,421,1
272,421,1
273,421,1
274,421,1
275,421,1
276,421,1
277,421,1
278,421,1
279,421,1
280,421,1
281,421,1
282,421,1
283,421,1
284,421,1
285,421,1
286,421,1
287,421,1
288,421,1
289,421,1
290,421,1
291,420,1
292,420,1
293,420,1
294,420,1
295,420,1
296,420,1
297,420,1
298,420,1
299,420,1
300,420,1
301,420,1
302,420,1
303,420,1
304,420,1
305,420,1
306,420,1
307,420,1
308,420,1
309,420,1
310,420,1
311,420,1
312,420,1
313,420,1
314,420,1
315,419,1
316,419,1
317,419,1
318,419,1
319,419,1
320,419,1
321,419,1
322,419,1
323,419,1
324,419,1
325,419,1
326,419,1
327,419,1
328,419,1
329,419,1
330,419,1
331,419,1
332,419,1
333,419,1
334,419,1
335,419,1
336,419,1
337,419,1
338,419,1
339,419,1
340,419,1
341,418,1
342,418,1
343,418,1
344,418,1
345,418,1
346,418,1
347,418,1
348,418,1
349,418,1
350,418,1
351,418,1
352,418,1
353,418,1
354,418,1
355,418,1
356,418,1
357,418,1
358,418,1
359,418,1
360,418,1
361,418,1
362,418,1
363,418,1
364,418,1
365,418,1
366,418,1
367,418,1
368,418,1
369,418,1
370,418,1
371,418,1
372,418,1
373,418,1
374,418,1
375,418,1
376,418,1
377,418,1
378,418,1
379,418,1
380,418,1
381,418,1
382,418,1
383,418,1
384,418,1
385,418,1
386,418,1
387,418,1
388,418,1
389,418,1
390,418,1
391,418,1
392,417,1
393,417,1
394,417,1
395,417,1
396,417,1
397,417,1
398,417,1
399,417,1
400,417,1
401,417,1
402,417,1
403,417,1
404,417,1
405,417,1
406,417,1
407,417,1
408,417,1
409,417,1
410,417,1
411,417,1
412,417,1
413,417,1
414,417,1
415,417,1
416,417,1
417,417,1
418,417,1
419,417,1
420,417,1
421,417,1
422,417,1
423,417,1
424,417,1
425,417,1
426,417,1
427,417,1
428,417,1
429,417,1
430,417,1
431,417,1
432,417,1
433,417,1
434,417,1
435,417,1
436,417,1
437,417,1
438,417,1
439,417,1
440,417,1
441,417,1
442,417,1
443,417,1
444,417,1
445,417,1
446,417,1
447,417,1
448,417,1
449,417,1
450,417,1
451,417,1
452,417,1
453,417,1
454,417,1
455,417,1
456,417,1
457,417,1
458,417,1
459,417,1
460,417,1
461,417,1
462,417,1
463,417,1
464,417,1
465,417,1
466,417,1
467,417,1
468,417,1
469,417,1
470,417,1
471,417,1
472,417,1
473,417,1
474,417,1
475,417,1
476,417,1
477,417,1
478,417,1
479,417,1
480,417,1
481,417,1
482,417,1
483,417,1
484,417,1
485,417,1
486,417,1
487,417,1
488,417,1
489,417,1
490,417,1
491,417,1
492,417,1
493,417,1
494,417,1
495,417,1
496,417,1
497,417,1
498,417,1
499,417,1
500,417,1
501,417,1
502,417,1
503,417,1
504,417,1
505,417,1
506,417,1
507,417,1
508,417,1
509,417,1
510,417,1
511,417,1
512,417,1
513,417,1
514,417,1
515,417,1
516,417,1
517,417,1
518,417,1
519,417,1
520,417,1
521,417,1
522,417,1
523,417,1
524,417,1
525,417,1
526,417,1
527,417,1
528,417,1
529,417,1
530,417,1
531,417,1
532,417,1
533,417,1
534,417,1
535,417,1
536,417,1
537,417,1
538,416,1
539,416,1
540,416,1
541,416,1
542,416,1
543,416,1
544,416,1
545,416,1
546,416,1
547,416,1
548,416,1
549,416,1
550,416,1
551,416,1
552,416,1
553,416,1
554,416,1
555,416,1
556,416,1
557,416,1
558,416,1
559,416,1
560,416,1
561,416,1
562,416,1
563,416,1
564,416,1
565,415,1
566,415,1
567,415,1
568,415,1
569,415,1
570,415,1
571,415,1
572,415,1
573,415,1
574,415,1
575,415,1
576,415,1
577,415,1
578,415,1
579,415,1
580,415,1
581,415,1
582,415,1
583,415,1
584,415,1
585,415,1
586,415,1
587,415,1
588,415,1
589,415,1
590,415,1
591,415,1
592,415,1
593,415,1
594,415,1
595,415,1
596,415,1
597,415,1
598,415,1
599,415,1
600,415,1
601,415,1
602,415,1
603,415,1
604,415,1
605,415,1
606,415,1
607,415,1
608,415,1
609,415,1
610,415,1
611,415,1
612,415,1
613,415,1
614,415,1
615,415,1
616,415,1
617,415,1
618,415,1
619,415,1
620,415,1
621,415,1
622,415,1
623,415,1
624,415,1
625,415,1
626,415,1
627,415,1
628,415,1
629,415,1
630,415,1
631,415,1
632,415,1
633,415,1
634,415,1
635,415,1
636,415,1
637,415,1
638,415,1
639,415,1
640,415,1
641,415,1
642,415,1
643,415,1
644,415,1
645,415,1
646,415,1
647,415,1
648,415,1
649,415,1
650,415,1
651,415,1
652,415,1
653,415,1
654,415,1
655,415,1
656,415,1
657,415,1
658,415,1
659,415,1
660,415,1
661,415,1
662,415,1
663,415,1
664,415,1
665,415,1
666,415,1
667,415,1
668,415,1
669,415,1
670,415,1
671,415,1
672,415,1
673,415,1
674,415,1
675,415,1
676,415,1
677,415,1
678,415,1
679,415,1
680,415,1
681,415,1
682,415,1
683,415,1
684,415,1
685,415,1
686,415,1
687,415,1
688,415,1
689,415,1
690,415,1
691,415,1
692,415,1
693,415,1
694,415,1
695,415,1
696,415,1
697,415,1
698,415,1
699,415,1
700,415,1
701,415,1
702,415,1
703,415,1
704,415,1
705,415,1
706,415,1
707,415,1
708,415,1
709,415,1
710,415,1
711,415,1
712,415,1
713,415,1
714,415,1
715,415,1
716,415,1
717,415,1
718,415,1
719,415,1
720,415,1
721,415,1
722,415,1
723,415,1
724,415,1
725,415,1
726,414,1
727,414,1
728,414,1
729,414,1
730,414,1
731,414,1
732,414,1
733,414,1
734,414,1
735,414,1
736,414,1
737,414,1
738,414,1
739,414,1
740,414,1
741,414,1
742,414,1
743,414,1
744,414,1
745,414,1
746,414,1
747,414,1
748,414,1
749,414,1
750,414,1
751,414,1
752,414,1
753,413,1
754,413,1
755,413,1
756,413,1
757,413,1
758,413,1
759,413,1
760,413,1
761,413,1
762,413,1
763,413,1
764,413,1
765,413,1
766,413,1
767,413,1
768,413,1
769,413,1
770,413,1
771,413,1
772,413,1
773,413,1
774,413,1
775,413,1
776,413,1
777,413,1
778,413,1
779,413,1
780,413,1
781,413,1
782,413,1
783,413,1
784,413,1
785,413,1
786,413,1
787,413,1
788,413,1
789,413,1
790,413,1
791,413,1
792,413,1
793,413,1
794,413,1
795,413,1
796,413,1
797,413,1
798,413,1
799,413,1
800,413,1
801,413,1
802,413,1
803,413,1
804,413,1
805,413,1
806,413,1
807,413,1
808,413,1
809,413,1
810,413,1
811,413,1
812,413,1
813,413,1
814,413,1
815,413,1
816,413,1
817,413,1
818,413,1
819,413,1
820,413,1
821,413,1
822,413,1
823,413,1
824,413,1
825,413,1
826,413,1
827,413,1
828,413,1
829,413,1
830,413,1
831,413,1
832,413,1
833,413,1
834,413,1
835,413,1
836,413,1
837,413,1
838,412,1
839,412,1
840,412,1
841,412,1
842,412,1
843,412,1
844,412,1
845,412,1
846,412,1
847,412,1
848,412,1
849,412,1
850,412,1
851,412,1
852,412,1
853,412,1
854,412,1
855,412,1
856,412,1
857,412,1
858,412,1
859,412,1
860,412,1
861,412,1
862,412,1
863,412,1
864,412,1
865,412,1
866,412,1
867,412,1
868,412,1
869,412,1
870,412,1
871,412,1
872,412,1
873,412,1
874,412,1
875,412,1
876,412,1
877,412,1
878,412,1
879,412,1
880,412,1
881,412,1
882,412,1
883,412,1
884,412,1
885,412,1
886,412,1
887,412,1
888,412,1
889,412,1
890,412,1
891,412,1
892,412,1
893,412,1
894,412,1
895,412,1
896,412,1
897,412,1
898,412,1
899,412,1
900,412,1
901,412,1
902,412,1
903,412,1
904,412,1
905,412,1
906,412,1
907,412,1
908,412,1
909,412,1
910,412,1
911,412,1
912,412,1
913,412,1
914,412,1
915,412,1
916,412,1
917,412,1
918,412,1
919,412,1
920,412,1
921,412,1
922,412,1
923,412,1
924,412,1
925,412,1
926,412,1
927,412,1
928,412,1
929,412,1
930,412,1
931,412,1
932,412,1
933,412,1
934,412,1
935,412,1
936,412,1
937,412,1
938,412,1
939,412,1
940,412,1
941,412,1
942,412,1
943,412,1
944,412,1
945,412,1
946,412,1
947,412,1
948,412,1
949,412,1
950,412,1
951,412,1
952,412,1
953,412,1
954,412,1
955,412,1
956,412,1
957,412,1
958,412,1
959,412,1
960,412,1
961,412,1
962,412,1
963,412,1
964,412,1
965,412,1
966,412,1
967,412,1
968,412,1
969,412,1
970,412,1
971,412,1
972,412,1
973,412,1
974,412,1
975,412,1
976,412,1
977,412,1
978,412,1
979,412,1
980,412,1
981,412,1
982,412,1
983,412,1
984,412,1
985,412,1
986,412,1
987,412,1
988,412,1
989,412,1
990,412,1
991,412,1
992,412,1
993,412,1
994,412,1
995,412,1
996,412,1
997,412,1
998,412,1
999,412,1
1000,412,1
1001,412,1
1002,412,1
1003,412,1
1004,412,1
1005,412,1
1006,412,1
1007,412,1
1008,412,1
1009,412,1
1010,412,1
1011,412,1
1012,412,1
1013,412,1
1014,412,1
1015,412,1
1016,412,1
1017,412,1
1018,412,1
1019,412,1
1020,412,1
1021,412,1
1022,412,1
1023,412,1
1024,412,1
1025,412,1
1026,412,1
1027,412,1
1028,411,1
1029,411,1
1030,411,1
1031,411,1
1032,411,1
1033,411,1
1034,411,1
1035,411,1
1036,411,1
1037,411,1
1038,411,1
1039,411,1
1040,411,1
1041,411,1
1042,411,1
1043,411,1
1044,411,1
1045,411,1
1046,411,1
1047,411,1
1048,411,1
1049,411,1
1050,411,1
1051,411,1
1052,411,1
1053,411,1
1054,411,1
1055,410,1
1056,410,1
1057,410,1
1058,410,1
1059,410,1
1060,410,1
1061,410,1
1062,410,1
1063,410,1
1064,410,1
1065,410,1
1066,410,1
1067,410,1
1068,410,1
1069,410,1
1070,410,1
1071,410,1
1072,410,1
1073,410,1
1074,410,1
1075,410,1
1076,410,1
1077,410,1
1078,410,1
1079,410,1
1080,410,1
1081,410,1
1082,410,1
1083,410,1
1084,410,1
1085,410,1
1086,410,1
1087,410,1
1088,410,1
1089,410,1
1090,410,1
1091,410,1
1092,410,1
1093,410,1
1094,410,1
1095,410,1
1096,410,1
1097,410,1
1098,410,1
1099,410,1
1100,410,1
1101,410,1
1102,410,1
1103,410,1
1104,410,1
1105,410,1
1106,410,1
1107,410,1
1108,410,1
1109,410,1
1110,410,1
1111,410,1
1112,410,1
1113,410,1
1114,410,1
1115,410,1
1116,410,1
1117,410,1
1118,410,1
1119,410,1
1120,410,1
1121,410,1
1122,410,1
1123,410,1
1124,410,1
1125,410,1
1126,410,1
1127,410,1
1128,410,1
1129,410,1
1130,410,1
1131,410,1
1132,410,1
1133,410,1
1134,410,1
1135,410,1
1136,410,1
1137,410,1
1138,410,1
1139,410,1
1140,410,1
1141,410,1
1142,410,1
1143,410,1
1144,410,1
1145,410,1
1146,410,1
1147,410,1
1148,410,1
1149,410,1
1150,410,1
1151,410,1
1152,410,1
1153,410,1
1154,410,1
1155,410,1
1156,410,1
1157,410,1
1158,410,1
1159,410,1
1160,410,1
1161,410,1
1162,410,1
1163,410,1
1164,410,1
1165,410,1
1166,410,1
1167,410,1
1168,410,1
1169,410,1
1170,410,1
1171,410,1
1172,410,1
1173,410,1
1174,410,1
1175,410,1
1176,410,1
1177,410,1
1178,410,1
1179,410,1
1180,410,1
1181,410,1
1182,410,1
1183,410,1
1184,410,1
1185,410,1
1186,410,1
1187,410,1
1188,410,1
1189,410,1
1190,410,1
1191,410,1
1192,410,1
1193,410,1
1194,410,1
1195,410,1
1196,410,1
1197,410,1
1198,410,1
1199,410,1
1200,410,1
1201,410,1
1202,410,1
1203,410,1
1204,410,1
1205,410,1
1206,410,1
1207,410,1
1208,410,1
1209,410,1
1210,410,1
1211,410,1
1212,410,1
1213,410,1
1214,410,1
1215,410,1
1216,410,1
1217,410,1
1218,410,1
1219,410,1
1220,410,1
1221,410,1
1222,410,1
1223,410,1
1224,410,1
1225,410,1
1226,410,1
1227,410,1
1228,410,1
1229,410,1
1230,410,1
1231,410,1
1232,410,1
1233,410,1
1234,410,1
1235,410,1
1236,410,1
1237,410,1
1238,410,1
1239,410,1
1240,410,1
1241,410,1
1242,410,1
1243,410,1
1244,410,1
1245,410,1
1246,410,1
1247,410,1
1248,410,1
1249,410,1
1250,410,1
1251,410,1
1252,410,1
1253,410,1
1254,410,1
1255,410,1
1256,410,1
1257,410,1
1258,410,1
1259,410,1
1260,410,1
1261,410,1
1262,410,1
1263,410,1
1264,410,1
1265,410,1
1266,410,1
1267,410,1
1268,410,1
1269,410,1
1270,410,1
1271,410,1
1272,410,1
1273,410,1
1274,410,1
1275,410,1
1276,410,1
1277,410,1
1278,410,1
1279,410,1
1280,410,1
1281,410,1
1282,410,1
1283,410,1
1284,410,1
1285,410,1
1286,410,1
1287,410,1
1288,410,1
1289,410,1
1290,410,1
1291,410,1
1292,410,1
1293,410,1
1294,410,1
1295,410,1
1296,410,1
1297,410,1
1298,410,1
1299,410,1
1300,410,1
1301,410,1
1302,410,1
1303,410,1
1304,410,1
1305,410,1
1306,410,1
1307,410,1
1308,410,1
1309,410,1
1310,410,1
1311,410,1
1312,410,1
1313,410,1
1314,410,1
1315,410,1
1316,410,1
1317,410,1
1318,411,1
1319,411,1
1320,411,1
1321,411,1
1322,411,1
1323,411,1
1324,411,1
1325,411,1
1326,411,1
1327,411,1
1328,411,1
1329,411,1
1330,411,1
1331,411,1
1332,411,1
1333,411,1
1334,411,1
1335,411,1
1336,411,1
1337,411,1
1338,411,1
1339,411,1
1340,411,1
1341,411,1
1342,411,1
1343,411,1
1344,411,1
1345,412,1
1346,412,1
1347,412,1
1348,412,1
1349,412,1
1350,412,1
1351,412,1
1352,412,1
1353,412,1
1354,412,1
1355,412,1
1356,412,1
1357,412,1
1358,412,1
1359,412,1
1360,412,1
1361,412,1
1362,412,1
1363,412,1
1364,412,1
1365,412,1
1366,412,1
1367,412,1
1368,412,1
1369,412,1
1370,412,1
1371,412,1
1372,412,1
1373,412,1
1374,412,1
1375,412,1
1376,412,1
1377,412,1
1378,412,1
1379,412,1
1380,412,1
1381,412,1
1382,412,1
1383,412,1
1384,412,1
1385,412,1
1386,412,1
1387,412,1
1388,413,1
1389,413,1
1390,413,1
1391,413,1
1392,413,1
1393,413,1
1394,413,1
1395,413,1
1396,413,1
1397,413,1
1398,413,1
1399,413,1
1400,413,1
1401,413,1
1402,413,1
1403,413,1
1404,413,1
1405,413,1
1406,413,1
1407,413,1
1408,413,1
1409,413,1
1410,413,1
1411,413,1
1412,413,1
1413,413,1
1414,413,1
1415,413,1
1416,413,1
1417,413,1
1418,413,1
1419,413,1
1420,413,1
1421,414,1
1422,414,1
1423,414,1
1424,414,1
1425,414,1
1426,414,1
1427,414,1
1428,414,1
1429,414,1
1430,414,1
1431,414,1
1432,414,1
1433,414,1
1434,414,1
1435,414,1
1436,414,1
1437,414,1
1438,414,1
1439,414,1
1440,414,1
1441,414,1
1442,414,1
1443,414,1
1444,414,1
1445,414,1
1446,414,1
1447,414,1
1448,415,1
1449,415,1
1450,415,1
1451,415,1
1452,415,1
1453,415,1
1454,415,1
1455,415,1
1456,415,1
1457,415,1
1458,415,1
1459,415,1
1460,415,1
1461,415,1
1462,415,1
1463,415,1
1464,415,1
1465,415,1
1466,416,1
1467,416,1
1468,416,1
1469,416,1
1470,416,1
1471,416,1
1472,416,1
1473,416,1
1474,416,1
1475,416,1
1476,416,1
1477,416,1
1478,416,1
1479,416,1
1480,416,1
1481,416,1
1482,416,1
1483,416,1
1484,416,1
1485,416,1
1486,416,1
1487,416,1
1488,416,1
1489,416,1
1490,416,1
1491,416,1
1492,417,1
1493,417,1
1494,417,1
1495,417,1
1496,417,1
1497,417,1
1498,417,1
1499,417,1
1500,417,1
1501,417,1
1502,417,1
1503,417,1
1504,417,1
1505,417,1
1506,417,1
1507,417,1
1508,417,1
1509,417,1
1510,417,1
1511,417,1
1512,417,1
1513,417,1
1514,417,1
1515,417,1
1516,417,1
1517,417,1
1518,418,1
1519,418,1
1520,418,1
1521,418,1
1522,418,1
1523,418,1
1524,418,1
1525,418,1
1526,418,1
1527,418,1
1528,418,1
1529,418,1
1530,418,1
1531,418,1
1532,418,1
1533,418,1
1534,418,1
1535,418,1
1536,418,1
1537,418,1
1538,418,1
1539,418,1
1540,419,1
1541,419,1
1542,419,1
1543,419,1
1544,419,1
1545,419,1
1546,419,1
1547,419,1
1548,419,1
1549,419,1
1550,419,1
1551,419,1
1552,419,1
1553,419,1
1554,419,1
1555,419,1
1556,419,1
1557,419,1
1558,419,1
1559,419,1
1560,419,1
1561,420,1
1562,420,1
1563,420,1
1564,420,1
1565,420,1
1566,420,1
1567,420,1
1568,420,1
1569,420,1
1570,420,1
1571,420,1
1572,420,1
1573,420,1
1574,421,1
1575,421,1
1576,421,1
1577,421,1
1578,421,1
1579,421,1
1580,421,1
1581,421,1
1582,421,1
1583,421,1
1584,421,1
1585,421,1
1586,421,1
1587,421,1
1588,421,1
1589,421,1
1590,421,1
1591,421,1
1592,421,1
1593,421,1
1594,421,1
1595,421,1
1596,422,1
1597,422,1
1598,422,1
1599,422,1
1600,422,1
1601,422,1
1602,422,1
1603,422,1
1604,422,1
1605,422,1
1606,422,1
1607,422,1
1608,422,1
1609,422,1
1610,422,1
1611,422,1
1612,422,1
1613,422,1
1614,422,1
1615,422,1
1616,422,1
1617,422,1
1618,422,1
1619,422,1
1620,422,1
1621,422,1
1622,422,1
1623,422,1
1624,422,1
1625,422,1
1626,422,1
1627,422,1
1628,422,1
1629,422,1
1630,422,1
1631,422,1
1632,422,1
1633,422,1
1634,422,1
1635,422,1
1636,422,1
1637,422,1
1638,422,1
1639,422,1
1640,421,1
1641,421,1
1642,421,1
1643,420,1
1643,419,1
1642,418,1
1640,417,0
