478,471,1
477,471,1
476,472,1
475,472,1
474,473,1
432,502,1
431,503,1
431,504,1
430,504,1
429,505,1
428,506,1
427,507,1
426,508,1
426,509,1
425,509,1
424,510,1
424,511,1
423,512,1
422,512,1
422,513,1
421,514,1
420,515,1
420,516,1
419,516,1
418,517,1
418,518,1
417,519,1
417,520,1
416,520,1
416,521,1
415,522,1
415,523,1
414,524,1
414,525,1
413,526,1
413,527,1
412,527,1
412,528,1
411,529,1
411,530,1
411,531,1
410,532,1
410,533,1
410,534,1
409,535,1
409,536,1
409,537,1
408,538,1
408,539,1
408,540,1
431,578,1
432,579,1
433,579,1
434,579,1
435,579,1
436,580,1
437,580,1
438,580,1
439,580,1
440,581,1
441,581,1
442,581,1
443,581,1
444,582,1
445,582,1
446,582,1
447,582,1
448,582,1
449,582,1
450,582,1
451,582,1
452,582,1
453,582,1
454,582,1
455,582,1
456,583,1
457,583,1
458,583,1
459,583,1
460,582,1
461,582,1
462,582,1
463,582,1
464,582,1
465,582,1
466,582,1
467,582,1
468,582,1
469,582,1
470,582,1
471,581,1
472,581,1
473,581,1
474,581,1
475,581,1
476,580,1
477,580,1
478,580,1
479,580,1
480,579,1
481,579,1
482,579,1
483,578,1
484,578,1
485,578,1
486,577,1
487,576,1
488,576,1
489,576,1
490,575,1
491,574,1
492,574,1
493,573,1
494,572,1
495,572,1
496,571,1
497,570,1
498,569,1
499,569,1
499,568,1
500,568,1
501,568,1
501,569,1
500,569,1
500,570,1
500,571,1
499,572,1
499,573,1
499,574,1
498,575,1
498,576,1
497,577,1
497,578,1
497,579,1
496,580,1
496,581,1
496,582,1
496,583,1
495,584,1
495,585,1
495,586,1
495,587,1
495,588,1
494,589,1
494,590,1
494,591,1
494,592,1
494,593,1
494,594,1
494,595,1
494,596,1
494,597,1
493,598,1
493,599,1
493,600,1
493,601,1
493,602,1
493,603,1
493,604,1
493,605,1
493,606,1
493,607,1
493,608,1
493,609,1
493,610,1
493,611,1
493,612,1
493,613,1
493,614,1
493,615,1
493,616,1
494,617,1
494,618,1
494,619,1
494,620,1
494,621,1
494,622,1
494,623,1
494,624,1
494,625,1
494,626,1
494,627,1
494,628,1
495,628,1
495,629,1
495,630,1
495,631,1
495,632,1
495,633,1
495,634,1
495,635,1
495,636,1
496,637,1
496,638,1
496,639,1
496,640,1
496,641,1
496,642,1
497,643,1
497,644,1
497,645,1
497,646,1
498,647,1
498,648,1
498,649,1
499,650,1
499,651,1
499,652,1
500,653,1
500,654,1
500,655,1
501,656,1
501,657,1
501,658,1
501,659,1
502,660,1
502,661,1
502,662,1
503,663,1
503,664,1
503,665,1
504,665,1
504,666,1
505,667,1
505,668,1
506,669,1
507,670,1
507,671,1
508,671,1
509,672,1
510,673,1
511,673,1
512,673,1
509,526,0
516,398,1
516,397,1
516,396,1
516,395,1
516,394,1
516,393,1
515,392,1
515,391,1
515,390,1
515,389,1
515,388,1
515,387,1
514,386,1
514,385,1
514,384,1
514,383,1
514,382,1
513,381,1
513,380,1
513,379,1
513,378,1
512,377,1
512,376,1
512,375,1
511,374,1
511,373,1
511,372,1
510,371,1
510,370,1
510,369,1
509,368,1
509,367,1
508,366,1
508,365,1
508,364,1
507,363,1
507,362,1
507,361,1
506,360,1
506,359,1
505,358,1
505,357,1
505,356,1
504,355,1
504,354,1
503,353,1
503,352,1
502,351,1
502,350,1
501,350,1
501,349,1
500,348,1
500,347,1
499,346,1
499,345,1
498,344,1
498,343,1
497,342,1
496,341,1
495,340,1
495,339,1
494,338,1
494,337,1
493,336,1
492,336,1
492,335,1
491,334,1
491,333,1
490,332,1
489,332,1
489,331,1
488,330,1
487,329,1
486,328,1
485,327,1
485,326,1
484,326,1
483,325,1
483,324,1
482,324,1
481,323,1
480,322,1
479,321,1
478,320,1
477,320,1
477,319,1
476,318,1
475,318,1
474,317,1
473,316,1
472,316,1
471,315,1
470,314,1
469,314,1
468,314,1
467,313,1
466,313,1
466,312,1
465,312,1
464,312,1
463,311,1
462,311,1
461,311,1
460,311,1
459,310,1
458,310,1
457,310,1
456,310,1
455,310,1
454,310,1
453,310,1
452,310,1
452,311,1
451,311,1
450,311,1
449,312,1
448,312,1
448,313,1
447,313,1
447,314,1
446,315,1
446,316,1
446,317,1
446,318,1
446,319,1
446,320,1
446,321,1
446,322,1
447,323,1
447,324,1
448,325,1
449,326,1
449,327,1
450,327,1
450,328,1
451,329,1
451,330,1
452,330,1
453,331,1
454,332,1
455,333,1
456,333,1
457,334,1
457,335,1
458,335,1
459,336,1
460,336,1
461,337,1
462,337,1
463,338,1
464,339,1
465,339,1
466,340,1
467,341,1
468,341,1
469,342,1
470,342,1
471,342,1
472,343,1
473,343,1
474,344,1
475,344,1
476,344,1
477,344,1
478,345,1
479,345,1
480,345,1
481,345,1
482,346,1
483,346,1
484,346,1
485,347,1
486,347,1
614,427,0
752,499,1
752,500,1
752,501,1
752,502,1
752,503,1
752,504,1
752,505,1
752,506,1
752,507,1
752,508,1
752,509,1
752,510,1
752,511,1
752,512,1
752,513,1
752,514,1
752,515,1
752,516,1
752,517,1
753,518,1
753,519,1
753,520,1
753,521,1
753,522,1
753,523,1
753,524,1
753,525,1
753,526,1
753,527,1
753,528,1
753,529,1
753,530,1
753,531,1
753,532,1
754,533,1
754,534,1
754,535,1
754,536,1
754,537,1
754,538,1
754,539,1
754,540,1
754,541,1
754,542,1
754,543,1
755,544,1
755,545,1
755,546,1
755,547,1
755,548,1
755,549,1
755,550,1
755,551,1
756,552,1
756,553,1
756,554,1
756,555,1
756,556,1
756,557,1
757,558,1
757,559,1
757,560,1
757,561,1
758,561,1
758,562,1
758,563,1
759,563,1
759,564,1
760,564,1
760,563,1
760,562,1
761,562,1
761,561,1
761,560,1
761,559,1
761,558,1
761,557,1
761,556,1
761,555,1
761,554,1
761,553,1
762,552,1
761,551,1
761,550,1
761,549,1
761,548,1
761,547,1
761,546,1
761,545,1
761,544,1
761,543,1
761,542,1
761,541,1
761,540,1
760,539,1
760,538,1
760,537,1
760,536,1
760,535,1
760,534,1
760,533,1
759,532,1
759,531,1
759,530,1
759,529,1
758,528,1
758,527,1
758,526,1
758,525,1
757,524,1
757,523,1
757,522,1
757,521,1
756,520,1
756,519,1
755,518,1
755,517,1
755,516,1
754,515,1
754,514,1
754,513,1
753,512,1
752,511,1
752,510,1
752,509,1
751,508,1
751,507,1
750,507,1
750,506,1
749,505,1
749,504,1
748,504,1
748,503,1
747,502,1
747,501,1
746,501,1
746,500,1
745,499,1
744,498,1
744,497,1
743,497,1
742,496,1
742,495,1
741,495,1
741,494,1
740,493,1
739,493,1
739,492,1
738,492,1
737,491,1
736,490,1
735,489,1
734,488,1
733,488,1
733,487,1
732,487,1
731,487,1
730,486,1
729,485,1
728,485,1
727,485,1
727,484,1
726,484,1
725,484,1
724,483,1
723,483,1
722,483,1
721,482,1
720,482,1
719,482,1
718,482,1
717,482,1
717,481,1
716,481,1
715,481,1
714,481,1
713,481,1
712,481,1
711,481,1
710,481,1
709,481,1
708,481,1
707,481,1
706,481,1
705,481,1
704,481,1
703,481,1
702,481,1
701,482,1
700,482,1
699,482,1
698,482,1
697,482,1
696,483,1
695,483,1
694,483,1
693,483,1
692,484,1
691,484,1
690,485,1
689,485,1
688,485,1
687,486,1
686,486,1
685,486,1
684,487,1
683,487,1
683,488,1
682,488,1
681,489,1
680,489,1
679,490,1
678,490,1
678,491,1
677,491,1
676,492,1
675,492,1
674,493,1
674,494,1
673,494,1
672,495,1
671,495,1
671,496,1
670,497,1
669,497,1
668,498,1
668,499,1
667,499,1
666,500,1
666,501,1
665,502,1
664,502,1
664,503,1
663,504,1
663,505,1
662,505,1
661,506,1
661,507,1
660,508,1
660,509,1
659,510,1
658,511,1
658,512,1
657,513,1
657,514,1
656,515,1
656,516,1
655,517,1
654,518,1
654,519,1
654,520,1
653,521,1
653,522,1
653,523,1
652,524,1
652,525,1
652,526,1
652,527,1
651,528,1
651,529,1
651,530,1
651,531,1
651,532,1
651,533,1
651,534,1
651,535,1
651,536,1
651,537,1
651,538,1
651,539,1
651,540,1
651,541,1
651,542,1
651,543,1
652,543,1
652,544,1
652,545,1
652,546,1
653,547,1
653,548,1
654,549,1
654,550,1
655,551,1
655,552,1
656,552,1
656,553,1
657,554,1
658,555,1
659,556,1
660,557,1
661,557,1
661,558,1
662,558,1
663,558,1
664,559,1
665,559,1
666,560,1
667,560,1
668,560,1
669,561,1
670,561,1
671,561,1
672,561,1
673,561,1
674,561,1
675,561,1
676,561,1
677,561,1
678,561,1
679,561,1
680,561,1
681,560,1
682,560,1
683,560,1
684,559,1
685,559,1
686,559,1
686,558,1
687,558,1
688,558,1
689,557,1
690,557,1
690,556,1
691,556,1
692,555,1
693,555,1
693,554,1
694,554,1
695,553,1
696,553,1
697,552,1
698,551,1
699,551,1
699,550,1
700,550,1
701,549,1
701,548,1
702,547,1
703,546,1
703,545,1
704,544,1
704,543,1
704,542,1
705,541,1
705,540,1
706,539,1
706,538,1
706,537,1
706,536,1
693,549,0
676,552,1
677,552,1
678,553,1
679,553,1
680,554,1
681,554,1
681,555,1
682,555,1
683,556,1
684,556,1
685,557,1
686,557,1
687,558,1
754,539,0
825,516,1
825,517,1
825,518,1
825,519,1
825,520,1
825,521,1
826,522,1
826,523,1
826,524,1
827,524,1
827,525,1
827,526,1
827,527,1
828,528,1
828,529,1
828,530,1
829,530,1
829,531,1
830,531,1
832,483,0
838,451,1
838,450,1
838,449,1
838,448,1
838,447,1
838,446,1
838,445,1
838,444,1
837,443,1
837,442,1
837,441,1
837,440,1
837,439,1
837,438,1
837,437,1
836,436,1
836,435,1
836,434,1
836,433,1
836,432,1
836,431,1
836,430,1
835,429,1
835,428,1
835,427,1
835,426,1
835,425,1
835,424,1
835,423,1
834,422,1
834,421,1
834,420,1
834,419,1
834,418,1
833,417,1
833,416,1
833,415,1
833,414,1
833,413,1
833,412,1
832,411,1
832,410,1
832,409,1
832,408,1
832,407,1
831,406,1
831,405,1
831,404,1
831,403,1
830,402,1
830,401,1
830,400,1
830,399,1
830,398,1
829,397,1
829,396,1
829,395,1
829,394,1
828,393,1
828,392,1
828,391,1
828,390,1
827,389,1
827,388,1
826,387,1
826,386,1
826,385,1
826,384,1
825,383,1
825,382,1
825,381,1
824,380,1
824,379,1
824,378,1
823,377,1
823,376,1
823,375,1
822,374,1
822,373,1
822,372,1
821,371,1
821,370,1
820,369,1
820,368,1
820,367,1
819,366,1
819,365,1
818,364,1
818,363,1
818,362,1
817,361,1
817,360,1
816,360,1
816,359,1
815,358,1
815,357,1
814,356,1
814,355,1
813,354,1
813,353,1
812,353,1
812,352,1
811,351,1
811,350,1
810,349,1
810,348,1
809,347,1
808,347,1
808,346,1
807,345,1
807,344,1
806,343,1
805,342,1
804,341,1
803,340,1
803,339,1
802,338,1
801,338,1
801,337,1
800,336,1
799,335,1
798,334,1
797,333,1
796,332,1
795,331,1
794,330,1
793,329,1
792,328,1
791,328,1
791,327,1
790,327,1
789,326,1
788,325,1
787,325,1
787,324,1
786,324,1
785,323,1
784,323,1
783,322,1
782,322,1
782,321,1
781,321,1
780,320,1
779,320,1
778,320,1
777,319,1
776,319,1
775,319,1
775,318,1
774,318,1
773,318,1
772,318,1
771,317,1
770,317,1
769,317,1
768,317,1
767,317,1
766,317,1
765,317,1
764,317,1
763,317,1
763,318,1
762,318,1
761,318,1
761,319,1
760,319,1
759,319,1
759,320,1
758,321,1
758,322,1
757,322,1
757,323,1
757,324,1
757,325,1
757,326,1
758,326,1
758,327,1
758,328,1
759,328,1
759,329,1
759,330,1
760,330,1
760,331,1
761,331,1
761,332,1
762,333,1
763,333,1
763,334,1
764,334,1
765,335,1
766,336,1
767,337,1
768,337,1
769,338,1
770,339,1
771,339,1
772,340,1
773,340,1
774,340,1
775,341,1
776,342,1
777,342,1
778,343,1
779,343,1
780,343,1
781,344,1
782,344,1
783,345,1
784,345,1
785,345,1
786,346,1
787,346,1
788,347,1
789,347,1
790,347,1
791,348,1
792,348,1
793,348,1
794,349,1
795,349,1
796,349,1
797,350,1
798,350,1
799,350,1
800,351,1
801,351,1
802,351,1
803,352,1
804,352,1
805,352,1
806,353,1
807,353,1
808,353,1
809,354,1
810,354,1
811,354,1
812,354,1
812,355,1
813,355,1
920,431,0
1036,499,1
1036,500,1
1036,501,1
1036,502,1
1036,503,1
1036,504,1
1037,505,1
1037,506,1
1037,507,1
1037,508,1
1037,509,1
1037,510,1
1037,511,1
1037,512,1
1037,513,1
1037,514,1
1037,515,1
1037,516,1
1036,516,1
1035,516,1
1035,517,1
1035,518,1
1034,518,1
1033,518,1
1032,518,1
1031,518,1
1030,518,1
1029,517,1
1028,517,1
1027,517,1
1027,516,1
1026,516,1
1026,515,1
1025,515,1
1025,514,1
1024,514,1
1023,513,1
1022,512,1
1021,512,1
1021,511,1
1020,511,1
1019,510,1
1018,510,1
1018,509,1
1017,509,1
1016,508,1
1015,508,1
1014,507,1
1013,506,1
1012,506,1
1011,505,1
1010,505,1
1010,504,1
1009,504,1
1008,504,1
1007,503,1
1006,503,1
1006,502,1
1005,502,1
1004,502,1
1003,501,1
1002,501,1
1001,500,1
1000,500,1
999,499,1
998,499,1
997,499,1
996,499,1
995,498,1
994,498,1
993,498,1
993,497,1
992,497,1
991,497,1
990,497,1
989,497,1
988,497,1
987,496,1
986,496,1
985,496,1
984,496,1
983,496,1
982,496,1
981,496,1
980,496,1
979,496,1
978,496,1
977,496,1
976,496,1
975,496,1
974,496,1
973,496,1
972,496,1
971,496,1
970,496,1
969,496,1
968,496,1
967,496,1
966,496,1
965,497,1
964,497,1
963,497,1
962,498,1
961,498,1
960,498,1
959,498,1
958,499,1
957,499,1
956,499,1
955,500,1
954,500,1
953,501,1
952,501,1
951,502,1
950,502,1
949,503,1
948,504,1
947,504,1
946,505,1
945,506,1
944,506,1
943,507,1
942,508,1
942,509,1
941,509,1
940,510,1
940,511,1
939,511,1
938,512,1
938,513,1
937,513,1
937,514,1
936,515,1
935,516,1
935,517,1
934,518,1
933,519,1
933,520,1
932,521,1
931,522,1
931,523,1
931,524,1
930,524,1
930,525,1
929,526,1
929,527,1
929,528,1
928,529,1
927,530,1
927,531,1
927,532,1
927,533,1
926,534,1
926,535,1
926,536,1
926,537,1
925,538,1
925,539,1
925,540,1
925,541,1
925,542,1
925,543,1
925,544,1
925,545,1
926,545,1
926,546,1
926,547,1
926,548,1
926,549,1
926,550,1
926,551,1
926,552,1
927,553,1
927,554,1
927,555,1
928,556,1
929,557,1
929,558,1
930,558,1
931,559,1
932,559,1
933,560,1
934,560,1
935,560,1
936,560,1
937,560,1
938,560,1
939,560,1
1019,544,0
1107,519,1
1107,520,1
1107,521,1
1107,522,1
1107,523,1
1107,524,1
1108,525,1
1108,526,1
1108,527,1
1108,528,1
1109,529,1
1109,530,1
1109,531,1
1110,531,1
1110,530,1
1111,530,1
1111,529,1
1112,529,1
1112,528,1
1112,527,1
1113,527,1
1113,526,1
1114,526,1
1114,525,1
1114,524,1
1115,523,1
1115,522,1
1115,521,1
1116,520,1
1116,519,1
1116,518,1
1116,517,1
1117,516,1
1117,515,1
1117,514,1
1117,513,1
1117,512,1
1117,511,1
1117,510,1
1117,509,1
1118,508,1
1118,507,1
1118,506,1
1118,505,1
1118,504,1
1118,503,1
1118,502,1
1118,501,1
1118,500,1
1118,499,1
1118,498,1
1118,497,1
1118,496,1
1118,495,1
1118,494,1
1118,493,1
1118,492,1
1118,491,1
1118,490,1
1118,489,1
1118,488,1
1118,487,1
1118,486,1
1118,485,1
1118,484,1
1118,483,1
1118,482,1
1118,481,1
1118,480,1
1118,479,1
1118,478,1
1118,477,1
1118,476,1
1118,475,1
1118,474,1
1118,473,1
1117,472,1
1117,471,1
1117,470,1
1117,469,1
1117,468,1
1117,467,1
1117,466,1
1117,465,1
1117,464,1
1117,463,1
1117,462,1
1117,461,1
1116,460,1
1116,459,1
1116,458,1
1116,457,1
1116,456,1
1116,455,1
1116,454,1
1116,453,1
1116,452,1
1115,451,1
1115,450,1
1115,449,1
1115,448,1
1115,447,1
1115,446,1
1115,445,1
1115,444,1
1115,443,1
1114,442,1
1114,441,1
1114,440,1
1114,439,1
1114,438,1
1114,437,1
1113,436,1
1113,435,1
1113,434,1
1113,433,1
1113,432,1
1113,431,1
1112,430,1
1112,429,1
1112,428,1
1112,427,1
1112,426,1
1111,425,1
1111,424,1
1111,423,1
1111,422,1
1111,421,1
1110,420,1
1110,419,1
1110,418,1
1110,417,1
1109,416,1
1109,415,1
1109,414,1
1109,413,1
1108,412,1
1108,411,1
1108,410,1
1108,409,1
1107,408,1
1107,407,1
1107,406,1
1107,405,1
1107,404,1
1106,403,1
1106,402,1
1106,401,1
1105,400,1
1105,399,1
1105,398,1
1104,397,1
1104,396,1
1104,395,1
1103,394,1
1103,393,1
1103,392,1
1103,391,1
1102,390,1
1102,389,1
1102,388,1
1101,387,1
1101,386,1
1100,385,1
1100,384,1
1100,383,1
1099,382,1
1099,381,1
1099,380,1
1098,379,1
1098,378,1
1097,377,1
1097,376,1
1096,375,1
1096,374,1
1095,373,1
1095,372,1
1094,371,1
1094,370,1
1094,369,1
1093,369,1
1093,368,1
1092,367,1
1092,366,1
1091,365,1
1091,364,1
1090,364,1
1090,363,1
1089,362,1
1089,361,1
1088,360,1
1088,359,1
1087,359,1
1087,358,1
1086,357,1
1085,356,1
1085,355,1
1084,355,1
1084,354,1
1083,353,1
1082,352,1
1081,351,1
1081,350,1
1080,349,1
1079,349,1
1079,348,1
1078,347,1
1077,347,1
1077,346,1
1076,345,1
1075,345,1
1075,344,1
1074,343,1
1073,343,1
1072,342,1
1071,341,1
1070,340,1
1069,340,1
1069,339,1
1068,339,1
1067,338,1
1066,338,1
1066,337,1
1065,337,1
1064,336,1
1063,336,1
1062,335,1
1061,334,1
1060,334,1
1059,333,1
1058,333,1
1057,332,1
1056,332,1
1055,331,1
1054,331,1
1053,331,1
1052,330,1
1051,330,1
1050,330,1
1049,329,1
1048,329,1
1047,329,1
1046,329,1
1045,328,1
1044,328,1
1043,328,1
1042,328,1
1041,328,1
1040,328,1
1040,327,1
1039,327,1
1038,327,1
1037,327,1
1036,327,1
1035,327,1
1034,327,1
1033,327,1
1032,327,1
1031,327,1
1030,327,1
1029,327,1
1028,327,1
1027,327,1
1026,327,1
1025,327,1
1024,327,1
1023,327,1
1022,328,1
1021,328,1
1020,328,1
1019,328,1
1018,329,1
1017,329,1
1016,329,1
1015,329,1
1014,330,1
1013,330,1
1012,330,1
1011,331,1
1010,331,1
1009,332,1
1008,332,1
1007,332,1
1006,333,1
1005,333,1
1004,334,1
1003,334,1
1002,335,1
1001,335,1
1000,336,1
999,337,1
998,337,1
997,338,1
997,339,1
996,339,1
995,340,1
994,341,1
993,342,1
992,343,1
991,343,1
991,344,1
990,345,1
989,346,1
988,347,1
988,348,1
987,348,1
987,349,1
986,350,1
986,351,1
985,351,1
985,352,1
984,353,1
984,354,1
984,355,1
983,355,1
983,356,1
982,357,1
982,358,1
982,359,1
982,360,1
981,360,1
981,361,1
981,362,1
981,363,1
980,364,1
980,365,1
980,366,1
980,367,1
979,368,1
979,369,1
979,370,1
979,371,1
979,372,1
979,373,1
979,374,1
979,375,1
979,376,1
979,377,1
979,378,1
979,379,1
979,380,1
979,381,1
979,382,1
979,383,1
979,384,1
980,385,1
980,386,1
980,387,1
980,388,1
980,389,1
980,390,1
981,391,1
981,392,1
982,393,1
982,394,1
982,395,1
983,396,1
983,397,1
983,398,1
984,398,1
984,399,1
985,400,1
985,401,1
986,402,1
986,403,1
987,404,1
987,405,1
987,406,1
988,407,1
988,408,1
989,408,1
989,409,1
990,410,1
991,411,1
991,412,1
992,412,1
993,413,1
993,414,1
994,414,1
995,415,1
996,415,1
996,416,1
997,417,1
998,417,1
999,418,1
1000,418,1
1001,419,1
1140,434,0
1279,461,1
1280,461,1
1281,461,1
1282,461,1
1283,460,1
1284,460,1
1285,459,1
1286,459,1
1287,458,1
1288,458,1
1289,457,1
1290,457,1
1291,457,1
1292,456,1
1293,456,1
1294,455,1
1295,455,1
1296,455,1
1297,455,1
1297,454,1
1298,454,1
1299,454,1
1300,454,1
1301,454,1
1302,454,1
1303,454,1
1304,454,1
1305,454,1
1306,454,1
1307,454,1
1308,454,1
1309,454,1
1310,455,1
1311,455,1
1312,455,1
1313,455,1
1314,456,1
1315,456,1
1316,457,1
1317,457,1
1317,458,1
1318,458,1
1318,459,1
1319,459,1
1319,460,1
1320,460,1
1320,461,1
1321,461,1
1321,462,1
1321,463,1
1322,463,1
1322,464,1
1323,465,1
1323,466,1
1323,467,1
1324,468,1
1324,469,1
1324,470,1
1325,471,1
1325,472,1
1325,473,1
1325,474,1
1326,475,1
1326,476,1
1326,477,1
1326,478,1
1326,479,1
1326,480,1
1326,481,1
1327,481,1
1327,482,1
1327,483,1
1327,484,1
1327,485,1
1327,486,1
1327,487,1
1327,488,1
1328,489,1
1328,490,1
1328,491,1
1328,492,1
1328,493,1
1329,494,1
1329,495,1
1329,496,1
1329,497,1
1330,498,1
1330,499,1
1330,500,1
1330,501,1
1330,502,1
1330,503,1
1331,504,1
1331,505,1
1331,506,1
1332,507,1
1333,508,1
1333,509,1
1334,510,1
1335,511,1
1336,511,1
1337,512,1
1338,512,1
1339,512,1
1340,512,1
1378,510,0
1426,501,1
1426,502,1
1426,503,1
1426,504,1
1426,505,1
1425,506,1
1425,507,1
1425,508,1
1425,509,1
1425,510,1
1424,511,1
1424,512,1
1424,513,1
1424,514,1
1424,515,1
1423,516,1
1423,517,1
1423,518,1
1423,519,1
1422,520,1
1422,521,1
1422,522,1
1422,523,1
1421,524,1
1421,525,1
1421,526,1
1421,527,1
1421,528,1
1420,529,1
1420,530,1
1420,531,1
1420,532,1
875,459,0
316,398,1
317,398,1
318,398,1
319,398,1
320,398,1
321,398,1
322,398,1
323,398,1
324,398,1
325,398,1
326,398,1
327,397,1
328,397,1
329,397,1
330,397,1
331,397,1
332,397,1
333,397,1
334,397,1
335,397,1
336,397,1
337,397,1
338,397,1
339,397,1
340,396,1
341,396,1
342,396,1
343,396,1
344,396,1
345,396,1
346,396,1
347,396,1
348,396,1
349,396,1
350,395,1
351,395,1
352,395,1
353,395,1
354,395,1
355,395,1
356,395,1
357,395,1
358,395,1
359,395,1
360,395,1
361,395,1
362,394,1
363,394,1
364,394,1
365,394,1
366,394,1
367,394,1
368,394,1
369,394,1
370,394,1
371,393,1
372,393,1
373,393,1
374,393,1
375,393,1
376,393,1
377,393,1
378,393,1
379,393,1
380,393,1
381,393,1
382,393,1
383,393,1
384,393,1
385,392,1
386,392,1
387,392,1
388,392,1
389,392,1
390,392,1
391,392,1
392,392,1
393,392,1
394,392,1
395,392,1
396,392,1
397,392,1
398,391,1
399,391,1
400,391,1
401,391,1
402,391,1
403,391,1
404,391,1
405,391,1
406,391,1
407,391,1
408,391,1
409,390,1
410,390,1
411,390,1
412,390,1
413,390,1
414,390,1
415,390,1
416,390,1
417,390,1
418,390,1
419,390,1
420,390,1
421,389,1
422,389,1
423,389,1
424,389,1
425,389,1
426,389,1
427,389,1
428,389,1
429,389,1
430,389,1
431,389,1
432,388,1
433,388,1
434,388,1
435,388,1
436,388,1
437,388,1
438,388,1
439,388,1
440,388,1
441,388,1
442,388,1
443,388,1
444,388,1
445,388,1
446,387,1
447,387,1
448,387,1
449,387,1
450,387,1
451,387,1
452,387,1
453,387,1
454,387,1
455,387,1
456,387,1
457,387,1
458,387,1
459,387,1
460,386,1
461,386,1
462,386,1
463,386,1
464,386,1
465,386,1
466,386,1
467,386,1
468,386,1
469,386,1
470,386,1
471,386,1
472,385,1
473,385,1
474,385,1
475,385,1
476,385,1
477,385,1
478,385,1
479,385,1
480,385,1
481,385,1
482,385,1
483,385,1
484,385,1
485,384,1
486,384,1
487,384,1
488,384,1
489,384,1
490,384,1
491,384,1
492,384,1
493,384,1
494,384,1
495,384,1
496,383,1
497,383,1
498,383,1
499,383,1
500,383,1
501,383,1
502,383,1
503,383,1
504,383,1
505,383,1
506,383,1
507,383,1
508,383,1
509,383,1
510,382,1
511,382,1
512,382,1
513,382,1
514,382,1
515,382,1
516,382,1
517,382,1
518,382,1
519,382,1
520,382,1
521,382,1
522,382,1
523,382,1
524,381,1
525,381,1
526,381,1
527,381,1
528,381,1
529,381,1
530,381,1
531,381,1
532,381,1
533,381,1
534,381,1
535,381,1
536,381,1
537,381,1
538,380,1
539,380,1
540,380,1
541,380,1
542,380,1
543,380,1
544,380,1
545,380,1
546,380,1
547,380,1
548,380,1
549,380,1
550,380,1
551,380,1
552,379,1
553,379,1
554,379,1
555,379,1
556,379,1
557,379,1
558,379,1
559,379,1
560,379,1
561,379,1
562,379,1
563,379,1
564,379,1
565,379,1
566,378,1
567,378,1
568,378,1
569,378,1
570,378,1
571,378,1
572,378,1
573,378,1
574,378,1
575,378,1
576,378,1
577,378,1
578,378,1
579,377,1
580,377,1
581,377,1
582,377,1
583,377,1
584,377,1
585,377,1
586,377,1
587,377,1
588,377,1
589,377,1
590,377,1
591,376,1
592,376,1
593,376,1
594,376,1
595,376,1
596,376,1
597,376,1
598,376,1
599,376,1
600,376,1
601,376,1
602,376,1
603,376,1
604,376,1
605,375,1
606,375,1
607,375,1
608,375,1
609,375,1
610,375,1
611,375,1
612,375,1
613,375,1
614,375,1
615,375,1
616,375,1
617,375,1
618,375,1
619,375,1
620,375,1
621,374,1
622,374,1
623,374,1
624,374,1
625,374,1
626,374,1
627,374,1
628,374,1
629,374,1
630,374,1
631,374,1
632,374,1
633,374,1
634,374,1
635,374,1
636,374,1
637,374,1
638,374,1
639,374,1
640,374,1
641,374,1
642,373,1
643,373,1
644,373,1
645,373,1
646,373,1
647,373,1
648,373,1
649,373,1
650,373,1
651,373,1
652,373,1
653,373,1
654,373,1
655,373,1
656,373,1
657,373,1
658,373,1
659,373,1
660,373,1
661,373,1
662,373,1
663,373,1
664,373,1
665,372,1
666,372,1
667,372,1
668,372,1
669,372,1
670,372,1
671,372,1
672,372,1
673,372,1
674,372,1
675,372,1
676,372,1
677,372,1
678,371,1
679,371,1
680,371,1
681,371,1
682,371,1
683,371,1
684,371,1
685,371,1
686,371,1
687,371,1
688,371,1
689,371,1
690,371,1
691,371,1
692,371,1
693,371,1
694,371,1
695,371,1
696,371,1
697,371,1
698,371,1
699,371,1
700,371,1
701,371,1
702,371,1
703,370,1
704,370,1
705,370,1
706,370,1
707,370,1
708,370,1
709,370,1
710,370,1
711,370,1
712,370,1
713,370,1
714,370,1
715,370,1
716,370,1
717,370,1
718,370,1
719,370,1
720,370,1
721,370,1
722,370,1
723,370,1
724,370,1
725,370,1
726,370,1
727,370,1
728,370,1
729,370,1
730,370,1
731,370,1
732,370,1
733,370,1
734,370,1
735,370,1
736,370,1
737,370,1
738,370,1
739,370,1
740,370,1
741,370,1
742,370,1
743,370,1
744,370,1
745,370,1
746,370,1
747,370,1
748,370,1
749,369,1
750,369,1
751,369,1
752,369,1
753,369,1
754,369,1
755,369,1
756,369,1
757,369,1
758,369,1
759,369,1
760,369,1
761,369,1
762,369,1
763,369,1
764,369,1
765,369,1
766,369,1
767,369,1
768,369,1
769,369,1
770,369,1
771,369,1
772,369,1
773,369,1
774,369,1
775,369,1
776,369,1
777,369,1
778,369,1
779,369,1
780,369,1
781,369,1
782,369,1
783,369,1
784,369,1
785,369,1
786,369,1
787,369,1
788,369,1
789,369,1
790,369,1
791,369,1
792,369,1
793,369,1
794,369,1
795,369,1
796,369,1
797,368,1
798,368,1
799,368,1
800,368,1
801,368,1
802,368,1
803,368,1
804,368,1
805,368,1
806,368,1
807,368,1
808,368,1
809,368,1
810,368,1
811,368,1
812,368,1
813,368,1
814,368,1
815,368,1
816,368,1
817,368,1
818,368,1
819,368,1
820,368,1
821,368,1
822,367,1
823,367,1
824,367,1
825,367,1
826,367,1
827,367,1
828,367,1
829,367,1
830,367,1
831,367,1
832,367,1
833,367,1
834,367,1
835,367,1
836,367,1
837,367,1
838,367,1
839,367,1
840,367,1
841,367,1
842,367,1
843,367,1
844,367,1
845,367,1
846,367,1
847,367,1
848,367,1
849,367,1
850,367,1
851,367,1
852,367,1
853,367,1
854,367,1
855,367,1
856,367,1
857,367,1
858,367,1
859,367,1
860,366,1
861,366,1
862,366,1
863,366,1
864,366,1
865,366,1
866,366,1
867,366,1
868,366,1
869,366,1
870,366,1
871,366,1
872,366,1
873,366,1
874,366,1
875,366,1
876,366,1
877,366,1
878,366,1
879,366,1
880,366,1
881,366,1
882,366,1
883,366,1
884,366,1
885,365,1
886,365,1
887,365,1
888,365,1
889,365,1
890,365,1
891,365,1
892,365,1
893,365,1
894,365,1
895,365,1
896,365,1
897,365,1
898,365,1
899,365,1
900,365,1
901,365,1
902,365,1
903,365,1
904,365,1
905,365,1
906,365,1
907,365,1
908,365,1
909,365,1
910,365,1
911,365,1
912,365,1
913,365,1
914,365,1
915,365,1
916,365,1
917,365,1
918,365,1
919,365,1
920,365,1
921,365,1
922,365,1
923,365,1
924,365,1
925,365,1
926,365,1
927,365,1
928,365,1
929,365,1
930,365,1
931,365,1
932,365,1
933,365,1
934,365,1
935,365,1
936,365,1
937,365,1
938,365,1
939,365,1
940,365,1
941,365,1
942,365,1
943,365,1
944,365,1
945,365,1
946,365,1
947,365,1
948,365,1
949,365,1
950,365,1
951,365,1
952,365,1
953,365,1
954,365,1
955,365,1
956,365,1
957,365,1
958,365,1
959,365,1
960,365,1
961,365,1
962,365,1
963,365,1
964,365,1
965,365,1
966,365,1
967,364,1
968,364,1
969,364,1
970,364,1
971,364,1
972,364,1
973,364,1
974,364,1
975,364,1
976,364,1
977,364,1
978,364,1
979,364,1
980,364,1
981,364,1
982,364,1
983,364,1
984,364,1
985,364,1
986,364,1
987,364,1
988,364,1
989,364,1
990,364,1
991,364,1
992,364,1
993,364,1
994,364,1
995,364,1
996,364,1
997,364,1
998,364,1
999,364,1
1000,364,1
1001,364,1
1002,364,1
1003,364,1
1004,364,1
1005,364,1
1006,364,1
1007,364,1
1008,364,1
1009,364,1
1010,364,1
1011,364,1
1012,364,1
1013,364,1
1014,364,1
1015,364,1
1016,364,1
1017,364,1
1018,364,1
1019,364,1
1020,364,1
1021,364,1
1022,364,1
1023,364,1
1024,364,1
1025,364,1
1026,364,1
1027,364,1
1028,364,1
1029,364,1
1030,364,1
1031,364,1
1032,364,1
1033,364,1
1034,364,1
1035,364,1
1036,364,1
1037,364,1
1038,364,1
1039,364,1
1040,364,1
1041,364,1
1042,364,1
1043,364,1
1044,364,1
1045,364,1
1046,364,1
1047,364,1
1048,364,1
1049,364,1
1050,364,1
1051,364,1
1052,364,1
1053,364,1
1054,364,1
1055,364,1
1056,364,1
1057,364,1
1058,364,1
1059,364,1
1060,364,1
1061,364,1
1062,364,1
1063,364,1
1064,364,1
1065,364,1
1066,364,1
1067,364,1
1068,364,1
1069,364,1
1070,364,1
1071,364,1
1072,364,1
1073,364,1
1074,364,1
1075,364,1
1076,364,1
1077,364,1
1078,364,1
1079,364,1
1080,364,1
1081,364,1
1082,364,1
1083,364,1
1084,364,1
1085,364,1
1086,364,1
1087,364,1
1088,364,1
1089,364,1
1090,364,1
1091,364,1
1092,364,1
1093,364,1
1094,364,1
1095,364,1
1096,364,1
1097,364,1
1098,364,1
1099,364,1
1100,364,1
1101,364,1
1102,364,1
1103,364,1
1104,364,1
1105,364,1
1106,364,1
1107,364,1
1108,364,1
1109,364,1
1110,364,1
1111,364,1
1112,364,1
1113,364,1
1114,364,1
1115,364,1
1116,364,1
1117,364,1
1118,364,1
1119,364,1
1120,364,1
1121,364,1
1122,364,1
1123,364,1
1124,364,1
1125,364,1
1126,364,1
1127,364,1
1128,364,1
1129,364,1
1130,364,1
1131,364,1
1132,364,1
1133,364,1
1134,364,1
1135,364,1
1136,364,1
1137,364,1
1138,364,1
1139,364,1
1140,364,1
1141,364,1
1142,364,1
1143,364,1
1144,364,1
1145,364,1
1146,364,1
1147,364,1
1148,364,1
1149,364,1
1150,364,1
1151,364,1
1152,364,1
1153,364,1
1154,364,1
1155,364,1
1156,364,1
1157,364,1
1158,364,1
1159,364,1
1160,364,1
1161,364,1
1162,364,1
1163,364,1
1164,364,1
1165,364,1
1166,364,1
1167,364,1
1168,364,1
1169,364,1
1170,364,1
1171,364,1
1172,364,1
1173,364,1
1174,364,1
1175,364,1
1176,364,1
1177,364,1
1178,364,1
1179,364,1
1180,364,1
1181,364,1
1182,364,1
1183,364,1
1184,364,1
1185,364,1
1186,364,1
1187,364,1
1188,364,1
1189,364,1
1190,364,1
1191,364,1
1192,364,1
1193,364,1
1194,364,1
1195,364,1
1196,364,1
1197,364,1
1198,364,1
1199,364,1
1200,364,1
1201,364,1
1202,364,1
1203,364,1
1204,364,1
1205,364,1
1206,364,1
1207,364,1
1208,364,1
1209,364,1
1210,364,1
1211,364,1
1212,364,1
1213,364,1
1214,364,1
1215,364,1
1216,364,1
1217,364,1
1218,364,1
1219,364,1
1220,364,1
1221,364,1
1222,364,1
1223,364,1
1224,364,1
1225,364,1
1226,364,1
1227,364,1
1228,364,1
1229,364,1
1230,364,1
1231,364,1
1232,364,1
1233,364,1
1234,364,1
1235,364,1
1236,364,1
1237,364,1
1238,364,1
1239,364,1
1240,364,1
1241,364,1
1242,364,1
1243,364,1
1244,364,1
1245,364,1
1246,364,1
1247,364,1
1248,364,1
1249,364,1
1250,364,1
1251,364,1
1252,364,1
1253,364,1
1254,364,1
1255,364,1
1256,364,1
1257,364,1
1258,364,1
1259,364,1
1260,364,1
1261,364,1
1262,364,1
1263,364,1
1264,364,1
1265,364,1
1266,364,1
1267,364,1
1268,364,1
1269,364,1
1270,364,1
1271,364,1
1272,364,1
1273,364,1
1274,364,1
1275,364,1
1276,364,1
1277,364,1
1278,364,1
1279,364,1
1280,364,1
1281,364,1
1282,364,1
1283,364,1
1284,364,1
1285,364,1
1286,364,1
1287,364,1
1288,364,1
1289,364,1
1290,364,1
1291,364,1
1292,364,1
1293,364,1
1294,364,1
1295,364,1
1296,364,1
1297,364,1
1298,364,1
1299,364,1
1300,364,1
1301,364,1
1302,364,1
1303,364,1
1304,364,1
1305,364,1
1306,364,1
1307,364,1
1308,364,1
1309,364,1
1310,364,1
1311,364,1
1312,364,1
1313,364,1
1314,364,1
1315,364,1
1316,364,1
1317,364,1
1318,364,1
1319,364,1
1320,364,1
1321,364,1
1322,364,1
1323,364,1
1324,364,1
1325,364,1
1326,364,1
1327,364,1
1328,364,1
1329,364,1
1330,364,1
1331,364,1
1332,364,1
1333,364,1
1334,364,1
1335,364,1
1336,364,1
1337,364,1
1338,364,1
1339,364,1
1340,364,1
1341,364,1
1342,364,1
1343,364,1
1344,364,1
1345,364,1
1346,364,1
1347,364,1
1348,364,1
1349,364,1
1350,364,1
1351,364,1
1352,364,1
1353,364,1
1354,364,1
1355,364,1
1356,364,1
1357,364,1
1358,364,1
1359,364,1
1360,364,1
1361,364,1
1362,364,1
1363,364,1
1364,364,1
1365,364,1
1366,364,1
1367,364,1
1368,364,1
1369,364,1
1370,364,1
1371,364,1
1372,364,1
1373,364,1
1374,364,1
1375,364,1
1376,364,1
1377,364,1
1378,364,1
1379,364,1
1380,364,1
1381,364,1
1382,365,1
1383,365,1
1384,365,1
1385,365,1
1386,365,1
1387,365,1
1388,365,1
1389,365,1
1390,365,1
1391,365,1
1392,365,1
1393,365,1
1394,365,1
1395,365,1
1396,365,1
1397,365,1
1398,365,1
1399,365,1
1400,365,1
1401,365,1
1402,365,1
1403,365,1
1404,365,1
1405,365,1
1406,365,1
1407,365,1
1408,365,1
1409,365,1
1410,365,1
1411,365,1
1412,365,1
1413,365,1
1414,365,1
1415,365,1
1416,365,1
1417,365,1
1418,365,1
1419,365,1
1420,365,1
1421,365,1
1422,365,1
1423,365,1
1424,365,1
1425,365,1
1426,365,1
1427,365,1
1428,365,1
1429,365,1
1430,365,1
1431,365,1
1432,365,1
1433,365,1
1434,365,1
1435,365,1
1436,365,1
1437,365,1
1438,365,1
1439,365,1
1440,365,1
1441,365,1
1442,365,1
1443,365,1
1444,365,1
1445,365,1
1446,365,1
1447,365,1
1448,365,1
1449,366,1
1450,366,1
1451,366,1
1452,366,1
1453,366,1
1454,366,1
1455,366,1
1456,366,1
1457,366,1
1458,366,1
1459,366,1
1460,366,1
1461,366,1
1462,366,1
1463,366,1
1464,366,1
1465,366,1
1466,366,1
1467,366,1
1468,366,1
1469,366,1
1470,366,1
1471,366,1
1472,366,1
1473,367,1
1474,367,1
1475,367,1
1476,367,1
1477,367,1
1478,367,1
1479,367,1
1480,367,1
1481,367,1
1482,367,1
1483,367,1
1484,367,1
1485,367,1
1486,367,1
1487,367,1
1488,367,1
1489,367,1
1490,367,1
1491,367,1
1492,367,1
1493,367,1
1494,367,1
1495,367,1
1496,367,1
1497,367,1
1498,367,1
1499,367,1
1500,367,1
1501,367,1
1502,367,1
1503,367,1
1504,367,1
1505,367,1
1506,367,1
1507,367,1
1508,367,1
1509,367,1
1510,367,1
1511,367,1
1512,367,1
1513,367,1
1514,367,1
1515,367,1
1516,368,1
1517,368,1
1518,368,1
1519,368,1
1520,368,1
1521,368,1
1522,368,1
1523,368,1
1524,368,1
1525,368,1
1526,368,1
1527,368,1
1528,368,1
1529,368,1
1530,368,1
1531,368,1
1532,368,1
1533,368,1
1534,368,1
1535,368,1
1536,368,1
1537,368,1
1538,368,1
1539,368,1
1540,368,1
1541,369,1
1542,369,1
1543,369,1
1544,369,1
1545,369,1
1546,369,1
1547,369,1
1548,369,1
1549,369,1
1550,369,1
1551,369,1
1552,369,1
1553,369,1
1554,369,1
1555,369,1
1556,369,1
1557,369,1
1558,369,1
1559,369,1
1560,369,1
1561,369,1
1562,369,1
1563,369,1
1564,369,1
1565,369,1
1566,369,1
1567,369,1
1568,369,1
1569,369,1
1570,369,1
1571,369,1
1572,369,1
1573,369,1
1574,369,1
1575,369,1
1576,369,1
1577,369,1
1578,369,1
1579,369,1
1580,369,1
1581,369,1
1582,370,1
1583,370,1
1584,370,1
1585,370,1
1586,370,1
1587,370,1
1588,370,1
1589,370,1
1590,370,1
1591,370,1
1592,370,1
1593,370,1
1594,370,1
1595,370,1
1596,370,1
1597,370,1
1598,370,1
1599,370,1
1600,370,1
1601,370,1
1602,370,1
1603,370,1
1604,370,1
1605,370,1
1606,370,1
1607,370,1
1608,370,1
1609,370,1
1610,370,1
1611,370,1
1612,370,1
1613,370,1
1614,370,1
1615,370,1
1616,370,1
1617,370,1
1618,370,1
1619,370,1
1620,370,1
1621,370,1
1622,370,1
1623,370,1
1624,370,1
1625,370,1
1626,370,1
1627,370,1
1628,370,1
1629,370,1
1630,370,1
1631,370,1
1632,370,1
1633,370,1
1634,370,1
1635,370,1
1636,370,1
1637,370,1
1638,370,1
1639,370,1
1640,370,1
1641,370,1
1642,370,1
1643,370,1
1644,370,1
1645,370,1
1646,370,1
1647,370,1
1648,370,1
1649,370,1
1650,370,1
1651,370,1
1652,370,1
1653,370,1
1654,370,1
1655,370,1
1656,370,1
1657,370,1
1658,370,1
1659,370,1
1660,370,1
1661,370,1
1662,370,1
1663,370,1
1664,370,1
1665,370,1
1666,370,1
1667,370,1
1668,369,1
1668,369,0
