270,207,0
317,298,1
316,298,1
269,291,1
225,311,1
225,312,1
224,312,1
223,313,1
222,314,1
221,314,1
221,315,1
220,316,1
219,317,1
218,317,1
218,318,1
217,319,1
216,319,1
215,320,1
215,321,1
214,321,1
213,322,1
212,323,1
212,324,1
211,324,1
210,325,1
210,326,1
209,327,1
208,328,1
207,329,1
206,330,1
206,331,1
205,332,1
204,332,1
204,333,1
203,334,1
203,335,1
202,336,1
201,337,1
201,338,1
200,339,1
199,340,1
199,341,1
198,342,1
198,343,1
197,344,1
197,345,1
196,345,1
196,346,1
195,347,1
195,348,1
195,349,1
194,350,1
194,351,1
193,352,1
193,353,1
193,354,1
192,355,1
192,356,1
192,357,1
192,358,1
191,359,1
191,360,1
191,361,1
191,362,1
190,363,1
190,364,1
190,365,1
190,366,1
190,367,1
190,368,1
190,369,1
190,370,1
190,371,1
190,372,1
190,373,1
190,374,1
191,375,1
191,376,1
191,377,1
191,378,1
192,379,1
192,380,1
193,381,1
193,382,1
193,383,1
194,384,1
194,385,1
195,385,1
195,386,1
196,387,1
196,388,1
197,388,1
197,389,1
198,390,1
199,390,1
199,391,1
200,392,1
201,392,1
202,393,1
203,394,1
204,394,1
205,395,1
206,395,1
206,396,1
207,396,1
208,397,1
209,397,1
210,397,1
211,398,1
212,398,1
213,398,1
214,399,1
215,399,1
216,399,1
217,400,1
218,400,1
219,400,1
220,400,1
221,400,1
222,400,1
223,401,1
224,401,1
225,401,1
226,401,1
227,401,1
228,401,1
229,401,1
230,401,1
231,401,1
232,401,1
233,401,1
234,401,1
235,401,1
236,401,1
237,401,1
238,401,1
239,401,1
240,401,1
241,401,1
242,401,1
243,401,1
244,401,1
245,400,1
246,400,1
247,400,1
248,400,1
249,400,1
250,400,1
251,399,1
252,399,1
253,398,1
254,398,1
255,398,1
256,397,1
257,397,1
258,397,1
259,396,1
260,396,1
261,395,1
262,395,1
263,394,1
264,394,1
265,393,1
266,393,1
266,392,1
267,392,1
268,391,1
269,391,1
269,390,1
270,389,1
271,389,1
272,388,1
272,387,1
273,387,1
274,386,1
274,385,1
275,385,1
276,384,1
276,383,1
277,382,1
278,381,1
279,380,1
279,379,1
280,378,1
280,377,1
281,376,1
281,375,1
281,374,1
281,373,1
282,373,1
282,372,1
282,371,1
282,370,1
282,369,1
281,368,1
281,367,1
280,367,1
280,366,1
279,366,1
278,366,1
278,367,1
277,367,1
276,367,1
276,368,1
275,368,1
275,369,1
274,370,1
274,371,1
273,371,1
273,372,1
273,373,1
272,373,1
272,374,1
271,375,1
271,376,1
271,377,1
270,378,1
270,379,1
270,380,1
270,381,1
269,382,1
269,383,1
269,384,1
269,385,1
269,386,1
269,387,1
269,388,1
269,389,1
269,390,1
269,391,1
269,392,1
269,393,1
269,394,1
269,395,1
269,396,1
269,397,1
269,398,1
269,399,1
269,400,1
269,401,1
269,402,1
269,403,1
269,404,1
269,405,1
269,406,1
270,407,1
270,408,1
270,409,1
270,410,1
270,411,1
270,412,1
271,413,1
271,414,1
271,415,1
271,416,1
271,417,1
271,418,1
272,419,1
272,420,1
272,421,1
272,422,1
272,423,1
273,424,1
273,425,1
273,426,1
273,427,1
274,428,1
274,429,1
274,430,1
274,431,1
275,432,1
275,433,1
275,434,1
275,435,1
276,436,1
276,437,1
276,438,1
276,439,1
277,440,1
277,441,1
277,442,1
278,443,1
278,444,1
278,445,1
279,446,1
279,447,1
279,448,1
279,449,1
280,450,1
280,451,1
280,452,1
281,452,1
281,453,1
281,454,1
282,455,1
282,456,1
282,457,1
283,458,1
283,459,1
283,460,1
284,461,1
284,462,1
284,463,1
285,464,1
291,346,0
301,244,1
301,243,1
301,242,1
301,241,1
301,240,1
301,239,1
301,238,1
300,237,1
300,236,1
300,235,1
300,234,1
300,233,1
299,232,1
299,231,1
299,230,1
299,229,1
298,228,1
298,227,1
298,226,1
298,225,1
297,224,1
297,223,1
297,222,1
296,221,1
296,220,1
296,219,1
296,218,1
295,217,1
295,216,1
294,215,1
294,214,1
294,213,1
293,212,1
293,211,1
292,210,1
292,209,1
292,208,1
291,207,1
291,206,1
290,205,1
290,204,1
289,203,1
289,202,1
288,201,1
288,200,1
287,199,1
287,198,1
287,197,1
286,196,1
285,195,1
284,194,1
284,193,1
283,192,1
283,191,1
282,190,1
282,189,1
281,188,1
281,187,1
280,186,1
279,185,1
278,184,1
277,183,1
277,182,1
276,181,1
276,180,1
275,180,1
274,179,1
274,178,1
273,177,1
272,176,1
271,175,1
270,174,1
269,173,1
269,172,1
268,172,1
267,171,1
266,170,1
266,169,1
265,169,1
264,168,1
263,167,1
262,166,1
261,165,1
260,165,1
259,164,1
258,163,1
257,162,1
256,161,1
255,161,1
254,160,1
253,160,1
253,159,1
252,159,1
251,158,1
250,158,1
249,157,1
248,157,1
247,156,1
246,156,1
245,155,1
244,155,1
244,154,1
243,154,1
242,154,1
241,153,1
240,153,1
239,152,1
238,152,1
237,152,1
236,152,1
235,151,1
234,151,1
233,151,1
232,151,1
231,151,1
230,151,1
229,150,1
228,150,1
227,150,1
226,150,1
225,150,1
224,150,1
223,150,1
222,150,1
222,151,1
221,151,1
220,151,1
219,151,1
218,151,1
217,151,1
216,152,1
215,152,1
214,153,1
213,153,1
213,154,1
212,154,1
211,154,1
211,155,1
210,155,1
210,156,1
209,156,1
209,157,1
208,158,1
208,159,1
208,160,1
207,160,1
207,161,1
207,162,1
207,163,1
207,164,1
207,165,1
208,165,1
208,166,1
208,167,1
209,168,1
209,169,1
210,169,1
210,170,1
211,171,1
212,172,1
213,173,1
214,173,1
215,174,1
216,175,1
217,175,1
218,176,1
219,176,1
219,177,1
220,177,1
221,178,1
222,178,1
223,178,1
224,179,1
225,179,1
226,179,1
227,179,1
227,180,1
228,180,1
229,180,1
230,180,1
231,181,1
232,181,1
233,181,1
234,181,1
235,182,1
236,182,1
237,182,1
238,182,1
239,182,1
240,182,1
241,183,1
242,183,1
243,183,1
244,183,1
245,183,1
246,183,1
247,184,1
248,184,1
249,184,1
250,184,1
251,184,1
252,184,1
253,184,1
254,184,1
255,184,1
256,185,1
257,185,1
258,185,1
259,185,1
260,185,1
348,257,0
445,321,1
445,322,1
445,323,1
445,324,1
445,325,1
445,326,1
445,327,1
445,328,1
445,329,1
445,330,1
445,331,1
445,332,1
445,333,1
445,334,1
445,335,1
445,336,1
445,337,1
445,338,1
446,339,1
446,340,1
446,341,1
446,342,1
446,343,1
446,344,1
446,345,1
446,346,1
446,347,1
446,348,1
446,349,1
446,350,1
446,351,1
446,352,1
446,353,1
446,354,1
446,355,1
446,356,1
446,357,1
446,358,1
446,359,1
446,360,1
446,361,1
446,362,1
446,363,1
446,364,1
446,365,1
446,366,1
446,367,1
446,368,1
446,369,1
446,370,1
447,371,1
447,372,1
447,373,1
447,374,1
447,375,1
447,376,1
447,377,1
447,378,1
447,379,1
447,380,1
447,381,1
447,382,1
448,382,1
448,383,1
448,384,1
448,383,1
448,382,1
448,381,1
449,380,1
449,379,1
449,378,1
449,377,1
449,376,1
449,375,1
449,374,1
448,373,1
448,372,1
448,371,1
448,370,1
448,369,1
448,368,1
448,367,1
448,366,1
448,365,1
448,364,1
448,363,1
447,362,1
447,361,1
447,360,1
447,359,1
447,358,1
447,357,1
446,356,1
446,355,1
446,354,1
446,353,1
446,352,1
445,351,1
445,350,1
445,349,1
445,348,1
444,347,1
444,346,1
444,345,1
443,344,1
443,343,1
443,342,1
442,342,1
442,341,1
442,340,1
441,339,1
441,338,1
441,337,1
440,336,1
440,335,1
439,334,1
439,333,1
439,332,1
438,331,1
437,330,1
437,329,1
436,328,1
436,327,1
435,326,1
435,325,1
434,324,1
433,323,1
432,322,1
432,321,1
431,320,1
430,319,1
429,318,1
429,317,1
428,316,1
428,315,1
427,315,1
426,314,1
426,313,1
425,312,1
424,312,1
423,311,1
423,310,1
422,309,1
421,309,1
420,308,1
420,307,1
419,307,1
418,306,1
417,305,1
416,305,1
416,304,1
415,303,1
414,303,1
413,302,1
412,302,1
411,301,1
411,300,1
410,300,1
409,299,1
408,299,1
407,298,1
406,298,1
405,298,1
404,297,1
403,297,1
402,296,1
401,296,1
400,295,1
399,295,1
398,295,1
397,294,1
396,294,1
395,294,1
394,294,1
393,294,1
392,293,1
391,293,1
390,293,1
389,293,1
388,293,1
387,293,1
386,293,1
385,293,1
384,293,1
383,293,1
382,293,1
381,293,1
380,293,1
379,293,1
378,293,1
377,294,1
376,294,1
375,294,1
374,294,1
373,295,1
372,295,1
371,295,1
370,296,1
369,296,1
368,296,1
367,297,1
366,297,1
365,298,1
364,299,1
363,299,1
362,299,1
361,300,1
360,301,1
359,302,1
358,302,1
357,303,1
356,304,1
355,305,1
354,305,1
354,306,1
353,307,1
352,308,1
351,308,1
351,309,1
350,310,1
349,310,1
349,311,1
348,312,1
347,313,1
347,314,1
346,314,1
346,315,1
345,316,1
345,317,1
344,318,1
344,319,1
343,320,1
343,321,1
342,322,1
342,323,1
341,324,1
341,325,1
341,326,1
340,327,1
340,328,1
340,329,1
340,330,1
340,331,1
340,332,1
339,333,1
339,334,1
339,335,1
339,336,1
339,337,1
340,338,1
340,339,1
340,340,1
340,341,1
340,342,1
341,343,1
341,344,1
341,345,1
342,346,1
342,347,1
343,348,1
343,349,1
344,350,1
344,351,1
345,352,1
346,353,1
346,354,1
347,355,1
348,355,1
349,356,1
349,357,1
350,357,1
351,358,1
352,359,1
353,360,1
354,360,1
355,361,1
356,361,1
357,362,1
358,362,1
359,363,1
360,363,1
361,363,1
362,364,1
363,364,1
364,364,1
365,364,1
366,364,1
367,365,1
368,365,1
369,365,1
370,365,1
371,365,1
372,365,1
373,365,1
374,365,1
375,365,1
376,365,1
377,365,1
378,365,1
379,365,1
380,365,1
381,365,1
382,365,1
383,364,1
384,364,1
385,364,1
386,364,1
386,363,1
387,363,1
388,363,1
389,362,1
390,362,1
391,361,1
392,361,1
393,361,1
394,361,1
394,360,1
395,360,1
396,359,1
397,359,1
398,358,1
399,357,1
400,356,1
400,355,1
401,354,1
401,353,1
402,352,1
402,351,1
388,353,0
378,340,1
378,341,1
378,342,1
378,343,1
378,344,1
378,345,1
379,346,1
379,347,1
379,348,1
380,349,1
380,350,1
380,351,1
381,352,1
382,352,1
382,353,1
383,354,1
384,355,1
384,356,1
385,357,1
385,358,1
386,359,1
387,360,1
388,361,1
389,362,1
389,363,1
390,363,1
391,364,1
392,364,1
393,365,1
394,365,1
395,365,1
396,365,1
439,348,0
490,325,1
490,326,1
490,327,1
490,328,1
490,329,1
489,330,1
489,331,1
489,332,1
489,333,1
489,334,1
489,335,1
489,336,1
489,337,1
489,338,1
489,339,1
489,340,1
489,341,1
489,342,1
489,343,1
489,344,1
489,345,1
489,346,1
489,347,1
489,348,1
489,349,1
489,350,1
489,351,1
489,352,1
489,353,1
489,354,1
489,355,1
489,356,1
489,357,1
489,358,1
489,359,1
489,360,1
489,361,1
489,362,1
490,363,1
490,364,1
490,365,1
490,366,1
491,366,1
486,303,0
484,255,1
484,254,1
484,253,1
484,252,1
484,251,1
484,250,1
484,249,1
484,248,1
484,247,1
484,246,1
484,245,1
484,244,1
483,243,1
483,242,1
483,241,1
483,240,1
483,239,1
483,238,1
483,237,1
482,236,1
482,235,1
482,234,1
482,233,1
482,232,1
482,231,1
481,230,1
481,229,1
481,228,1
481,227,1
481,226,1
480,225,1
480,224,1
480,223,1
480,222,1
479,221,1
479,220,1
479,219,1
479,218,1
478,217,1
478,216,1
478,215,1
477,214,1
477,213,1
477,212,1
476,212,1
476,211,1
476,210,1
475,209,1
475,208,1
475,207,1
474,206,1
474,205,1
474,204,1
473,203,1
473,202,1
472,201,1
472,200,1
472,199,1
471,199,1
471,198,1
470,197,1
470,196,1
469,195,1
469,194,1
468,193,1
468,192,1
467,191,1
467,190,1
466,189,1
466,188,1
465,188,1
464,187,1
464,186,1
463,185,1
462,184,1
462,183,1
461,182,1
460,181,1
459,180,1
458,179,1
458,178,1
457,177,1
456,177,1
455,176,1
455,175,1
454,174,1
453,173,1
452,173,1
452,172,1
451,171,1
450,170,1
449,170,1
448,169,1
447,169,1
447,168,1
446,167,1
445,167,1
444,166,1
443,166,1
442,165,1
441,164,1
440,164,1
439,163,1
438,163,1
437,162,1
436,162,1
435,161,1
434,161,1
433,161,1
432,161,1
431,160,1
430,160,1
429,160,1
428,160,1
427,160,1
426,160,1
425,160,1
424,160,1
423,161,1
422,161,1
421,161,1
421,162,1
420,162,1
419,163,1
418,163,1
418,164,1
417,165,1
417,166,1
417,167,1
417,168,1
417,169,1
417,170,1
418,170,1
418,171,1
418,172,1
419,172,1
419,173,1
419,174,1
420,175,1
420,176,1
421,176,1
421,177,1
422,178,1
423,178,1
424,179,1
425,179,1
426,180,1
427,180,1
428,181,1
429,181,1
430,182,1
431,182,1
542,250,0
661,313,1
661,314,1
661,315,1
661,316,1
661,317,1
661,318,1
661,319,1
661,320,1
661,321,1
661,322,1
661,323,1
661,324,1
661,325,1
661,326,1
661,327,1
661,328,1
661,329,1
661,330,1
661,331,1
660,332,1
660,333,1
660,334,1
660,335,1
660,336,1
660,337,1
659,338,1
659,339,1
658,339,1
658,338,1
657,338,1
657,337,1
657,336,1
656,336,1
656,335,1
656,334,1
655,333,1
655,332,1
654,331,1
654,330,1
654,329,1
653,329,1
653,328,1
652,327,1
652,326,1
651,325,1
651,324,1
650,323,1
649,322,1
648,321,1
647,320,1
647,319,1
646,319,1
645,318,1
644,318,1
644,317,1
643,317,1
642,316,1
641,316,1
640,315,1
639,315,1
638,315,1
637,315,1
637,314,1
636,314,1
635,314,1
634,314,1
633,314,1
632,314,1
631,314,1
630,314,1
629,314,1
628,314,1
627,314,1
626,315,1
625,315,1
624,315,1
623,315,1
622,316,1
621,316,1
620,316,1
619,317,1
618,318,1
617,318,1
616,318,1
615,319,1
614,319,1
613,319,1
612,320,1
611,320,1
610,321,1
609,321,1
608,321,1
607,321,1
606,321,1
605,321,1
604,321,1
603,321,1
602,321,1
601,321,1
600,320,1
599,320,1
599,319,1
598,319,1
598,318,1
597,318,1
596,317,1
595,316,1
595,315,1
594,315,1
593,314,1
593,313,1
592,312,1
591,311,1
591,310,1
590,310,1
589,309,1
589,308,1
588,308,1
587,307,1
586,306,1
585,305,1
584,305,1
583,304,1
583,303,1
582,303,1
581,302,1
580,302,1
579,302,1
578,301,1
577,301,1
576,300,1
575,300,1
574,300,1
573,300,1
572,299,1
571,299,1
570,299,1
569,299,1
568,299,1
567,299,1
566,299,1
565,300,1
564,300,1
563,300,1
562,300,1
561,300,1
560,300,1
559,301,1
558,301,1
557,301,1
556,302,1
555,302,1
554,303,1
553,303,1
552,304,1
551,304,1
550,304,1
549,305,1
548,305,1
547,306,1
547,307,1
546,307,1
545,308,1
544,308,1
543,309,1
543,310,1
542,310,1
541,311,1
540,312,1
539,313,1
538,314,1
537,314,1
537,315,1
536,316,1
535,317,1
535,318,1
534,318,1
534,319,1
533,320,1
532,321,1
532,322,1
531,322,1
531,323,1
530,324,1
529,325,1
529,326,1
528,327,1
527,328,1
527,329,1
526,330,1
526,331,1
526,332,1
525,333,1
525,334,1
524,335,1
524,336,1
524,337,1
523,338,1
523,339,1
523,340,1
522,341,1
522,342,1
522,343,1
522,344,1
521,345,1
521,346,1
521,347,1
521,348,1
521,349,1
521,350,1
521,351,1
521,352,1
521,353,1
521,354,1
521,355,1
521,356,1
521,357,1
522,357,1
522,358,1
522,359,1
522,360,1
522,361,1
522,362,1
523,363,1
523,364,1
523,365,1
524,366,1
524,367,1
524,368,1
525,369,1
525,370,1
526,371,1
526,372,1
527,373,1
527,374,1
528,375,1
529,376,1
530,377,1
531,378,1
531,379,1
532,380,1
533,380,1
533,381,1
534,382,1
535,382,1
535,383,1
536,383,1
537,384,1
538,384,1
538,385,1
539,386,1
540,386,1
541,387,1
541,388,1
542,388,1
543,389,1
544,389,1
545,390,1
546,390,1
547,390,1
548,391,1
549,391,1
550,391,1
551,391,1
552,392,1
553,392,1
628,358,0
712,319,1
712,320,1
712,321,1
712,322,1
712,323,1
712,324,1
711,325,1
711,326,1
711,327,1
711,328,1
712,328,1
712,327,1
712,326,1
712,325,1
712,324,1
713,323,1
713,322,1
713,321,1
713,320,1
713,319,1
713,318,1
713,317,1
714,316,1
714,315,1
714,314,1
714,313,1
714,312,1
714,311,1
714,310,1
714,309,1
715,308,1
715,307,1
715,306,1
715,305,1
715,304,1
715,303,1
715,302,1
715,301,1
715,300,1
715,299,1
715,298,1
715,297,1
716,296,1
716,295,1
716,294,1
716,293,1
716,292,1
716,291,1
716,290,1
716,289,1
716,288,1
716,287,1
716,286,1
716,285,1
716,284,1
716,283,1
716,282,1
716,281,1
716,280,1
716,279,1
716,278,1
716,277,1
716,276,1
716,275,1
716,274,1
716,273,1
716,272,1
716,271,1
716,270,1
716,269,1
716,268,1
716,267,1
716,266,1
716,265,1
716,264,1
716,263,1
716,262,1
716,261,1
716,260,1
715,259,1
715,258,1
715,257,1
715,256,1
715,255,1
715,254,1
715,253,1
715,252,1
715,251,1
714,250,1
714,249,1
714,248,1
714,247,1
714,246,1
713,245,1
713,244,1
713,243,1
713,242,1
712,241,1
712,240,1
712,239,1
712,238,1
711,237,1
711,236,1
711,235,1
710,234,1
710,233,1
710,232,1
709,231,1
709,230,1
708,229,1
708,228,1
708,227,1
707,226,1
707,225,1
706,224,1
705,223,1
705,222,1
704,221,1
704,220,1
703,219,1
703,218,1
702,217,1
702,216,1
701,216,1
701,215,1
700,214,1
699,213,1
699,212,1
698,211,1
697,211,1
697,210,1
696,209,1
695,208,1
694,207,1
693,206,1
692,205,1
691,204,1
690,204,1
690,203,1
689,202,1
688,202,1
687,201,1
686,200,1
685,200,1
684,199,1
683,199,1
683,198,1
682,198,1
681,197,1
680,197,1
679,196,1
678,196,1
678,195,1
677,195,1
676,195,1
675,194,1
674,194,1
673,194,1
672,194,1
671,193,1
670,193,1
669,193,1
668,193,1
667,192,1
666,192,1
665,192,1
664,192,1
663,192,1
662,192,1
661,192,1
660,192,1
659,192,1
658,192,1
657,192,1
656,192,1
655,193,1
654,193,1
653,193,1
652,193,1
651,194,1
650,194,1
649,194,1
648,195,1
647,195,1
646,196,1
645,196,1
644,197,1
643,197,1
643,198,1
642,198,1
641,199,1
640,200,1
639,200,1
639,201,1
638,202,1
637,202,1
637,203,1
636,204,1
636,205,1
635,205,1
635,206,1
634,207,1
634,208,1
633,209,1
633,210,1
632,211,1
632,212,1
632,213,1
632,214,1
631,215,1
631,216,1
631,217,1
631,218,1
631,219,1
631,220,1
631,221,1
631,222,1
631,223,1
631,224,1
631,225,1
631,226,1
631,227,1
631,228,1
632,229,1
632,230,1
632,231,1
632,232,1
633,233,1
633,234,1
633,235,1
634,236,1
635,237,1
635,238,1
636,239,1
636,240,1
637,241,1
637,242,1
638,243,1
639,244,1
640,245,1
640,246,1
641,247,1
641,248,1
642,249,1
643,249,1
644,250,1
644,251,1
645,252,1
646,253,1
647,253,1
648,254,1
649,255,1
650,255,1
651,256,1
652,256,1
652,257,1
710,277,0
774,309,1
774,308,1
773,307,1
773,306,1
773,305,1
774,304,1
774,303,1
775,303,1
776,302,1
777,302,1
777,301,1
778,301,1
779,300,1
780,300,1
781,299,1
782,299,1
783,298,1
784,298,1
785,297,1
786,297,1
787,296,1
788,296,1
789,295,1
790,295,1
791,294,1
792,294,1
793,294,1
794,293,1
795,293,1
796,293,1
797,292,1
798,292,1
799,292,1
800,291,1
801,291,1
802,291,1
803,291,1
804,290,1
805,290,1
806,290,1
807,290,1
808,289,1
809,289,1
810,289,1
811,288,1
812,288,1
813,288,1
814,288,1
815,287,1
816,287,1
817,287,1
818,287,1
819,286,1
820,286,1
821,286,1
822,286,1
823,285,1
824,285,1
825,285,1
826,285,1
827,284,1
828,284,1
829,284,1
830,284,1
831,283,1
832,283,1
833,283,1
834,283,1
835,282,1
836,282,1
837,282,1
838,282,1
839,281,1
840,281,1
841,281,1
842,281,1
843,280,1
844,280,1
845,280,1
846,280,1
846,279,1
847,279,1
848,279,1
849,278,1
850,278,1
851,278,1
852,277,1
853,277,1
854,277,1
855,276,1
856,276,1
857,276,1
858,275,1
859,275,1
860,274,1
861,274,1
862,274,1
863,273,1
864,273,1
865,273,1
866,272,1
867,272,1
868,271,1
869,271,1
870,271,1
871,270,1
872,270,1
873,270,1
874,270,1
875,270,1
876,269,1
877,269,1
878,269,1
879,269,1
879,270,1
880,270,1
881,270,1
882,270,1
882,271,1
883,271,1
884,272,1
884,273,1
885,273,1
885,274,1
886,275,1
886,276,1
886,277,1
886,278,1
886,279,1
887,280,1
887,281,1
887,282,1
887,283,1
886,284,1
886,285,1
886,286,1
886,287,1
886,288,1
886,289,1
886,290,1
886,291,1
885,292,1
885,293,1
885,294,1
885,295,1
885,296,1
885,297,1
885,298,1
884,299,1
884,300,1
884,301,1
884,302,1
884,303,1
884,304,1
884,305,1
884,306,1
884,307,1
884,308,1
884,309,1
884,310,1
884,311,1
884,312,1
884,313,1
884,314,1
884,315,1
884,316,1
884,317,1
884,318,1
884,319,1
884,320,1
884,321,1
884,322,1
884,323,1
885,324,1
886,325,1
886,326,1
887,326,1
888,327,1
919,305,0
954,282,1
954,283,1
954,284,1
954,285,1
954,286,1
954,287,1
954,288,1
954,289,1
954,290,1
954,291,1
954,292,1
954,293,1
954,294,1
954,295,1
954,296,1
954,297,1
954,298,1
954,299,1
954,300,1
954,301,1
954,302,1
954,303,1
954,304,1
954,305,1
954,306,1
954,307,1
954,308,1
954,309,1
954,310,1
954,311,1
954,312,1
954,313,1
954,314,1
954,315,1
954,316,1
954,317,1
954,318,1
954,319,1
954,320,1
954,321,1
954,322,1
954,323,1
954,324,1
954,325,1
954,326,1
954,327,1
954,328,1
954,329,1
954,330,1
954,331,1
954,332,1
954,333,1
953,334,1
953,335,1
953,336,1
953,337,1
953,338,1
953,339,1
953,340,1
953,341,1
953,342,1
953,343,1
953,344,1
953,345,1
953,346,1
953,347,1
952,348,1
952,349,1
952,350,1
952,351,1
550,282,0
139,221,1
140,221,1
141,221,1
142,221,1
143,221,1
144,221,1
145,221,1
146,221,1
147,221,1
148,221,1
149,221,1
150,221,1
151,221,1
152,221,1
153,221,1
154,221,1
155,221,1
156,221,1
157,221,1
158,221,1
159,221,1
160,221,1
161,221,1
162,221,1
163,220,1
164,220,1
165,220,1
166,220,1
167,220,1
168,220,1
169,220,1
170,220,1
171,220,1
172,220,1
173,220,1
174,220,1
175,220,1
176,220,1
177,220,1
178,220,1
179,220,1
180,220,1
181,220,1
182,220,1
183,220,1
184,220,1
185,220,1
186,220,1
187,220,1
188,220,1
189,220,1
190,220,1
191,220,1
192,220,1
193,220,1
194,220,1
195,220,1
196,220,1
197,220,1
198,220,1
199,220,1
200,220,1
201,220,1
202,220,1
203,220,1
204,220,1
205,220,1
206,219,1
207,219,1
208,219,1
209,219,1
210,219,1
211,219,1
212,219,1
213,219,1
214,219,1
215,219,1
216,219,1
217,219,1
218,219,1
219,219,1
220,219,1
221,219,1
222,219,1
223,219,1
224,219,1
225,219,1
226,219,1
227,219,1
228,219,1
229,219,1
230,219,1
231,219,1
232,219,1
233,219,1
234,219,1
235,219,1
236,219,1
237,219,1
238,219,1
239,219,1
240,219,1
241,219,1
242,219,1
243,219,1
244,219,1
245,219,1
246,219,1
247,219,1
248,219,1
249,219,1
250,219,1
251,219,1
252,219,1
253,219,1
254,219,1
255,219,1
256,219,1
257,219,1
258,219,1
259,219,1
260,219,1
261,219,1
262,219,1
263,219,1
264,219,1
265,219,1
266,219,1
267,219,1
268,219,1
269,219,1
270,219,1
271,219,1
272,219,1
273,219,1
274,219,1
275,219,1
276,219,1
277,219,1
278,219,1
279,219,1
280,219,1
281,219,1
282,219,1
283,219,1
284,219,1
285,219,1
286,219,1
287,219,1
288,219,1
289,219,1
290,219,1
291,219,1
292,219,1
293,219,1
294,219,1
295,219,1
296,219,1
297,219,1
298,219,1
299,219,1
300,219,1
301,219,1
302,219,1
303,219,1
304,219,1
305,219,1
306,219,1
307,219,1
308,219,1
309,219,1
310,219,1
311,219,1
312,219,1
313,219,1
314,219,1
315,219,1
316,219,1
317,219,1
318,219,1
319,219,1
320,219,1
321,219,1
322,219,1
323,219,1
324,219,1
325,219,1
326,219,1
327,219,1
328,219,1
329,219,1
330,219,1
331,219,1
332,219,1
333,219,1
334,219,1
335,219,1
336,219,1
337,219,1
338,219,1
339,219,1
340,219,1
341,219,1
342,219,1
343,219,1
344,219,1
345,219,1
346,219,1
347,219,1
348,219,1
349,219,1
350,219,1
351,219,1
352,219,1
353,219,1
354,219,1
355,219,1
356,219,1
357,219,1
358,219,1
359,219,1
360,219,1
361,219,1
362,219,1
363,219,1
364,219,1
365,219,1
366,219,1
367,219,1
368,219,1
369,219,1
370,219,1
371,219,1
372,219,1
373,219,1
374,219,1
375,219,1
376,219,1
377,219,1
378,219,1
379,219,1
380,219,1
381,219,1
382,219,1
383,219,1
384,219,1
385,219,1
386,219,1
387,219,1
388,219,1
389,219,1
390,219,1
391,219,1
392,219,1
393,219,1
394,219,1
395,219,1
396,219,1
397,219,1
398,219,1
399,219,1
400,219,1
401,219,1
402,219,1
403,219,1
404,219,1
405,219,1
406,219,1
407,219,1
408,219,1
409,219,1
410,219,1
411,219,1
412,219,1
413,219,1
414,219,1
415,219,1
416,219,1
417,220,1
418,220,1
419,220,1
420,220,1
421,220,1
422,220,1
423,220,1
424,220,1
425,220,1
426,220,1
427,220,1
428,220,1
429,220,1
430,220,1
431,220,1
432,220,1
433,220,1
434,220,1
435,220,1
436,220,1
437,220,1
438,220,1
439,220,1
440,220,1
441,220,1
442,220,1
443,220,1
444,220,1
445,220,1
446,220,1
447,220,1
448,220,1
449,220,1
450,220,1
451,220,1
452,220,1
453,220,1
454,220,1
455,220,1
456,220,1
457,220,1
458,220,1
459,220,1
460,220,1
461,220,1
462,220,1
463,220,1
464,220,1
465,220,1
466,220,1
467,220,1
468,220,1
469,220,1
470,220,1
471,220,1
472,220,1
473,220,1
474,220,1
475,220,1
476,220,1
477,220,1
478,220,1
479,220,1
480,220,1
481,220,1
482,220,1
483,220,1
484,220,1
485,220,1
486,220,1
487,220,1
488,220,1
489,220,1
490,220,1
491,220,1
492,220,1
493,220,1
494,220,1
495,220,1
496,220,1
497,220,1
498,220,1
499,220,1
500,220,1
501,220,1
502,220,1
503,220,1
504,220,1
505,220,1
506,220,1
507,220,1
508,220,1
509,220,1
510,220,1
511,220,1
512,220,1
513,220,1
514,220,1
515,220,1
516,220,1
517,220,1
518,220,1
519,220,1
520,220,1
521,220,1
522,220,1
523,220,1
524,220,1
525,220,1
526,220,1
527,220,1
528,220,1
529,220,1
530,220,1
531,221,1
532,221,1
533,221,1
534,221,1
535,221,1
536,221,1
537,221,1
538,221,1
539,221,1
540,221,1
541,221,1
542,221,1
543,221,1
544,221,1
545,221,1
546,221,1
547,221,1
548,221,1
549,221,1
550,221,1
551,221,1
552,221,1
553,221,1
554,221,1
555,221,1
556,221,1
557,221,1
558,221,1
559,221,1
560,221,1
561,221,1
562,221,1
563,221,1
564,221,1
565,221,1
566,221,1
567,221,1
568,221,1
569,221,1
570,221,1
571,221,1
572,221,1
573,221,1
574,221,1
575,221,1
576,221,1
577,221,1
578,221,1
579,221,1
580,221,1
581,221,1
582,221,1
583,221,1
584,221,1
585,221,1
586,221,1
587,221,1
588,221,1
589,221,1
590,221,1
591,221,1
592,221,1
593,222,1
594,222,1
595,222,1
596,222,1
597,222,1
598,222,1
599,222,1
600,222,1
601,222,1
602,222,1
603,222,1
604,222,1
605,222,1
606,222,1
607,222,1
608,222,1
609,222,1
610,222,1
611,222,1
612,222,1
613,222,1
614,222,1
615,222,1
616,222,1
617,222,1
618,222,1
619,222,1
620,222,1
621,222,1
622,222,1
623,222,1
624,222,1
625,222,1
626,222,1
627,222,1
628,222,1
629,222,1
630,222,1
631,222,1
632,222,1
633,222,1
634,222,1
635,222,1
636,222,1
637,222,1
638,222,1
639,222,1
640,222,1
641,222,1
642,222,1
643,222,1
644,222,1
645,222,1
646,222,1
647,222,1
648,222,1
649,222,1
650,222,1
651,222,1
652,222,1
653,222,1
654,222,1
655,222,1
656,222,1
657,222,1
658,222,1
659,222,1
660,222,1
661,222,1
662,222,1
663,222,1
664,222,1
665,222,1
666,222,1
667,222,1
668,222,1
669,222,1
670,222,1
671,222,1
672,222,1
673,222,1
674,222,1
675,222,1
676,222,1
677,222,1
678,222,1
679,222,1
680,222,1
681,222,1
682,222,1
683,222,1
684,222,1
685,222,1
686,222,1
687,222,1
688,222,1
689,222,1
690,222,1
691,222,1
692,222,1
693,222,1
694,222,1
695,222,1
696,222,1
697,222,1
698,222,1
699,222,1
700,222,1
701,222,1
702,222,1
703,222,1
704,222,1
705,222,1
706,222,1
707,222,1
708,222,1
709,222,1
710,222,1
711,222,1
712,222,1
713,222,1
714,222,1
715,222,1
716,222,1
717,222,1
718,222,1
719,222,1
720,222,1
721,222,1
722,222,1
723,222,1
724,222,1
725,222,1
726,222,1
727,222,1
728,222,1
729,222,1
730,222,1
731,222,1
732,222,1
733,222,1
734,222,1
735,222,1
736,222,1
737,222,1
738,222,1
739,222,1
740,222,1
741,222,1
742,222,1
743,222,1
744,222,1
745,222,1
746,222,1
747,222,1
748,222,1
749,222,1
750,222,1
751,222,1
752,222,1
753,222,1
754,222,1
755,222,1
756,222,1
757,222,1
758,222,1
759,222,1
760,222,1
761,222,1
762,222,1
763,222,1
764,222,1
765,222,1
766,222,1
767,222,1
768,222,1
769,222,1
770,222,1
771,222,1
772,222,1
773,222,1
774,222,1
775,222,1
776,222,1
777,222,1
778,222,1
779,222,1
780,222,1
781,222,1
782,222,1
783,222,1
784,222,1
785,222,1
786,222,1
787,222,1
788,222,1
789,222,1
790,222,1
791,222,1
792,222,1
793,222,1
794,222,1
795,222,1
796,222,1
797,222,1
798,222,1
799,222,1
800,222,1
801,222,1
802,222,1
803,222,1
804,222,1
805,222,1
806,222,1
807,222,1
808,222,1
809,222,1
810,222,1
811,222,1
812,222,1
813,222,1
814,222,1
815,222,1
816,222,1
817,222,1
818,222,1
819,222,1
820,222,1
821,222,1
822,222,1
823,222,1
824,222,1
825,222,1
826,222,1
827,222,1
828,222,1
829,222,1
830,222,1
831,222,1
832,222,1
833,222,1
834,222,1
835,222,1
836,222,1
837,222,1
838,222,1
839,222,1
840,222,1
841,222,1
842,222,1
843,222,1
844,222,1
845,222,1
846,222,1
847,222,1
848,222,1
849,222,1
850,222,1
851,222,1
852,222,1
853,222,1
854,222,1
855,222,1
856,222,1
857,222,1
858,222,1
859,222,1
860,222,1
861,222,1
862,222,1
863,222,1
864,222,1
865,222,1
866,222,1
867,222,1
868,222,1
869,222,1
870,222,1
871,222,1
872,222,1
873,222,1
874,222,1
875,222,1
876,222,1
877,222,1
878,222,1
879,222,1
880,222,1
881,222,1
882,222,1
883,222,1
884,222,1
885,222,1
886,222,1
887,222,1
888,222,1
889,222,1
890,222,1
891,222,1
892,222,1
893,222,1
894,222,1
895,222,1
896,222,1
897,222,1
898,222,1
899,222,1
900,222,1
901,222,1
902,222,1
903,222,1
904,222,1
905,222,1
906,222,1
907,222,1
908,222,1
909,222,1
910,222,1
911,222,1
912,222,1
913,222,1
914,222,1
915,222,1
916,222,1
917,222,1
918,222,1
919,222,1
920,222,1
921,222,1
922,222,1
923,222,1
924,222,1
925,222,1
926,222,1
927,222,1
928,222,1
929,222,1
930,222,1
931,222,1
932,222,1
933,222,1
934,222,1
935,222,1
936,222,1
937,222,1
938,222,1
939,222,1
940,222,1
941,222,1
942,222,1
943,222,1
944,222,1
945,222,1
946,222,1
947,222,1
948,222,1
949,222,1
950,222,1
951,222,1
952,222,1
953,222,1
954,222,1
955,222,1
956,222,1
957,222,1
958,222,1
959,222,1
960,222,1
961,222,1
962,222,1
963,222,1
964,222,1
965,222,1
966,222,1
967,222,1
968,222,1
969,222,1
970,222,1
971,222,1
972,222,1
973,222,1
974,222,1
975,222,1
976,222,1
977,222,1
978,222,1
979,222,1
980,222,1
981,222,1
982,222,1
983,222,1
984,222,1
985,222,1
986,222,1
987,222,1
988,222,1
989,222,1
990,222,1
991,222,1
992,222,1
993,222,1
994,222,1
995,222,1
996,222,1
997,222,1
998,222,1
999,222,1
1000,222,1
1001,222,1
1002,222,1
1003,222,1
1004,222,1
1005,222,1
1006,222,1
1007,222,1
1008,222,1
1009,222,1
1010,222,1
1011,222,1
1012,222,1
1013,222,1
1014,222,1
1015,222,1
1016,222,1
1017,222,1
1018,222,1
1019,222,1
1020,222,1
1021,222,1
1022,222,1
1023,222,1
1024,222,1
1025,222,1
1026,222,1
1027,222,1
1028,222,1
1029,222,1
1030,222,1
1031,222,1
1032,222,1
1033,222,1
1034,222,1
1035,222,1
1036,222,1
1037,222,1
1038,222,1
1039,222,1
1040,222,1
1041,222,1
1042,222,1
1043,222,1
1044,222,1
1045,222,1
1046,222,1
1047,222,1
1048,222,1
1049,222,1
1050,222,1
1051,222,1
1052,222,1
1053,222,1
1054,222,1
1055,222,1
1056,222,1
1057,222,1
1058,222,1
1059,222,1
1060,222,1
1061,222,1
1062,222,1
1063,222,1
1064,222,1
1065,222,1
1066,222,1
1067,222,1
1068,222,1
1069,222,1
1070,222,1
1071,222,1
1072,222,1
1073,222,1
1074,222,1
1075,222,1
1076,222,1
1077,222,1
1078,222,1
1079,222,1
1080,222,1
1081,222,1
1082,222,1
1083,222,1
1084,222,1
1085,222,1
1086,222,1
1087,222,1
1088,222,1
1089,222,1
1090,222,1
1091,222,1
1092,222,1
1093,222,1
1094,223,1
1095,223,1
1096,223,1
1097,223,1
1098,223,1
1099,223,1
1100,223,1
1101,223,1
1102,223,1
1103,223,1
1104,223,1
1105,223,1
1106,223,1
1107,223,1
1108,223,1
1109,223,1
1110,224,1
1111,224,1
1112,224,1
1113,224,1
1114,224,1
1115,224,1
1116,224,1
1117,224,1
1118,224,1
1119,224,1
1120,224,1
1121,224,1
1122,224,1
1123,224,1
1124,224,1
1125,224,1
1126,224,1
1127,224,1
1128,224,1
1129,224,1
1130,224,1
1131,224,1
1132,224,1
1133,224,1
1134,224,1
1135,224,1
1136,224,1
1137,224,1
1138,224,1
1139,224,1
1140,224,1
1141,224,1
1142,224,1
1143,224,1
1144,224,1
1145,224,1
1146,224,1
1147,224,1
1148,224,1
1149,224,1
1150,224,1
1151,224,1
1152,224,1
1153,224,1
1154,224,1
1155,224,1
1156,224,1
1157,224,1
1158,224,1
1159,224,1
1160,224,1
1161,224,1
1162,224,1
1163,224,1
1164,224,1
1165,224,1
1166,224,1
1167,224,1
1168,224,1
1169,224,1
1170,224,1
1171,223,1
1172,222,1
1172,222,0
