420,453,1
419,453,1
418,454,1
417,454,1
416,455,1
415,455,1
414,456,1
413,456,1
412,457,1
411,458,1
410,458,1
409,459,1
408,459,1
407,460,1
406,461,1
405,461,1
405,462,1
404,462,1
403,463,1
402,464,1
401,464,1
400,465,1
399,466,1
398,466,1
397,467,1
396,467,1
395,468,1
395,469,1
394,469,1
393,470,1
392,471,1
391,471,1
390,472,1
389,473,1
388,473,1
387,474,1
387,475,1
386,475,1
385,476,1
384,477,1
383,477,1
382,478,1
382,479,1
381,479,1
380,480,1
379,481,1
378,481,1
377,482,1
377,483,1
376,484,1
375,484,1
374,485,1
373,486,1
372,487,1
371,488,1
370,489,1
369,490,1
368,491,1
367,492,1
366,493,1
365,494,1
365,495,1
364,495,1
363,496,1
363,497,1
362,498,1
361,499,1
360,500,1
359,501,1
359,502,1
358,503,1
358,504,1
357,505,1
356,505,1
356,506,1
355,507,1
355,508,1
354,509,1
354,510,1
353,511,1
352,512,1
352,513,1
351,514,1
351,515,1
350,516,1
350,517,1
350,518,1
349,519,1
349,520,1
348,521,1
348,522,1
348,523,1
348,524,1
347,525,1
347,526,1
347,527,1
347,528,1
347,529,1
346,530,1
346,531,1
346,532,1
346,533,1
346,534,1
346,535,1
346,536,1
346,537,1
346,538,1
346,539,1
346,540,1
347,541,1
347,542,1
347,543,1
347,544,1
348,545,1
348,546,1
348,547,1
349,548,1
349,549,1
349,550,1
350,551,1
351,552,1
351,553,1
352,554,1
353,555,1
353,556,1
354,557,1
355,558,1
356,559,1
357,560,1
358,561,1
359,562,1
360,563,1
361,564,1
362,564,1
362,565,1
363,566,1
364,566,1
365,567,1
366,568,1
460,566,1
460,567,1
459,567,1
459,568,1
459,569,1
458,570,1
458,571,1
458,572,1
457,572,1
457,573,1
457,574,1
457,575,1
457,576,1
456,576,1
456,577,1
456,578,1
456,579,1
456,580,1
456,581,1
455,582,1
455,583,1
455,584,1
455,585,1
455,586,1
455,587,1
455,588,1
455,589,1
455,590,1
455,591,1
455,592,1
455,593,1
455,594,1
455,595,1
455,596,1
455,597,1
455,598,1
455,599,1
455,600,1
455,601,1
455,602,1
456,603,1
456,604,1
456,605,1
456,606,1
456,607,1
456,608,1
457,609,1
457,610,1
457,611,1
457,612,1
457,613,1
458,614,1
458,615,1
458,616,1
458,617,1
459,618,1
459,619,1
459,620,1
459,621,1
459,622,1
460,623,1
460,624,1
460,625,1
460,626,1
461,627,1
461,628,1
461,629,1
462,630,1
462,631,1
462,632,1
463,633,1
463,634,1
464,635,1
464,636,1
464,637,1
465,638,1
465,639,1
466,640,1
466,641,1
467,642,1
467,643,1
468,644,1
469,492,0
478,367,1
478,366,1
478,365,1
478,364,1
478,363,1
478,362,1
478,361,1
478,360,1
477,359,1
477,358,1
477,357,1
477,356,1
477,355,1
477,354,1
477,353,1
477,352,1
477,351,1
476,350,1
476,349,1
476,348,1
476,347,1
476,346,1
476,345,1
476,344,1
475,343,1
475,342,1
475,341,1
475,340,1
474,339,1
474,338,1
474,337,1
473,336,1
473,335,1
473,334,1
473,333,1
472,332,1
472,331,1
472,330,1
471,329,1
471,328,1
471,327,1
470,326,1
470,325,1
470,324,1
469,323,1
469,322,1
469,321,1
468,320,1
468,319,1
468,318,1
467,317,1
467,316,1
466,315,1
465,314,1
465,313,1
465,312,1
464,311,1
464,310,1
463,309,1
463,308,1
462,307,1
462,306,1
461,305,1
460,305,1
460,304,1
459,303,1
459,302,1
458,301,1
458,300,1
457,300,1
457,299,1
456,298,1
455,297,1
455,296,1
454,295,1
453,294,1
452,293,1
452,292,1
451,291,1
450,290,1
449,290,1
449,289,1
448,288,1
447,287,1
446,286,1
445,285,1
445,284,1
444,284,1
443,283,1
442,282,1
441,281,1
440,280,1
439,280,1
438,279,1
438,278,1
437,278,1
436,277,1
435,276,1
434,276,1
434,275,1
433,275,1
432,274,1
431,274,1
430,273,1
429,272,1
428,272,1
428,271,1
427,271,1
426,270,1
394,266,1
395,266,1
396,266,1
397,267,1
398,267,1
399,267,1
400,267,1
401,267,1
402,267,1
562,381,0
735,484,1
735,485,1
735,486,1
735,487,1
735,488,1
735,489,1
735,490,1
735,491,1
735,492,1
735,493,1
735,494,1
735,495,1
735,496,1
735,497,1
735,498,1
735,499,1
735,500,1
735,501,1
735,502,1
735,503,1
735,504,1
735,505,1
735,506,1
735,507,1
735,508,1
735,509,1
735,510,1
735,511,1
735,512,1
735,513,1
735,514,1
735,515,1
735,516,1
735,517,1
736,518,1
736,519,1
736,520,1
736,521,1
736,522,1
736,523,1
736,524,1
736,525,1
736,526,1
736,527,1
736,528,1
736,529,1
736,530,1
736,531,1
736,532,1
736,533,1
736,534,1
737,535,1
737,536,1
737,537,1
737,538,1
737,539,1
737,540,1
737,541,1
737,542,1
738,542,1
738,543,1
738,542,1
738,541,1
738,540,1
738,539,1
738,538,1
738,537,1
738,536,1
738,535,1
738,534,1
738,533,1
737,533,1
737,532,1
737,531,1
737,530,1
737,529,1
737,528,1
737,527,1
737,526,1
737,525,1
736,524,1
736,523,1
736,522,1
736,521,1
736,520,1
736,519,1
735,518,1
735,517,1
735,516,1
735,515,1
735,514,1
734,513,1
734,512,1
734,511,1
734,510,1
733,509,1
733,508,1
733,507,1
733,506,1
732,505,1
732,504,1
731,503,1
731,502,1
731,501,1
731,500,1
730,499,1
730,498,1
730,497,1
729,496,1
729,495,1
729,494,1
728,493,1
728,492,1
727,491,1
727,490,1
726,489,1
726,488,1
725,487,1
725,486,1
724,485,1
724,484,1
723,483,1
723,482,1
722,481,1
721,480,1
721,479,1
720,478,1
720,477,1
719,476,1
719,475,1
718,475,1
717,474,1
717,473,1
716,472,1
716,471,1
715,471,1
714,470,1
714,469,1
713,468,1
712,468,1
712,467,1
711,466,1
710,465,1
709,464,1
708,463,1
707,463,1
707,462,1
706,461,1
705,461,1
704,460,1
703,460,1
703,459,1
702,458,1
701,458,1
700,457,1
699,457,1
698,456,1
697,455,1
696,455,1
695,454,1
694,454,1
693,454,1
692,453,1
691,453,1
690,452,1
689,452,1
688,452,1
687,451,1
686,451,1
685,451,1
684,450,1
683,450,1
682,450,1
681,450,1
680,450,1
679,450,1
678,450,1
677,450,1
676,450,1
675,450,1
674,450,1
673,450,1
672,450,1
671,450,1
670,450,1
669,450,1
668,450,1
667,450,1
666,451,1
665,451,1
664,451,1
663,451,1
662,451,1
662,452,1
661,452,1
660,452,1
659,452,1
658,453,1
657,453,1
656,454,1
655,454,1
654,455,1
653,455,1
653,456,1
652,456,1
651,456,1
650,457,1
649,458,1
648,459,1
647,459,1
647,460,1
646,460,1
645,461,1
644,462,1
643,463,1
642,464,1
641,465,1
640,466,1
640,467,1
639,468,1
638,469,1
638,470,1
637,471,1
636,472,1
636,473,1
635,474,1
635,475,1
634,476,1
634,477,1
634,478,1
634,479,1
633,480,1
633,481,1
633,482,1
633,483,1
633,484,1
632,485,1
632,486,1
632,487,1
632,488,1
632,489,1
632,490,1
632,491,1
632,492,1
632,493,1
633,494,1
633,495,1
633,496,1
633,497,1
634,498,1
634,499,1
634,500,1
635,500,1
635,501,1
635,502,1
636,503,1
637,504,1
637,505,1
638,505,1
638,506,1
639,506,1
639,507,1
640,508,1
641,508,1
641,509,1
642,509,1
643,510,1
644,511,1
645,511,1
646,511,1
646,512,1
647,512,1
648,513,1
649,513,1
650,513,1
651,514,1
652,514,1
653,514,1
654,514,1
655,514,1
656,515,1
657,515,1
658,515,1
659,516,1
660,516,1
661,516,1
662,516,1
663,516,1
664,516,1
665,516,1
666,516,1
667,516,1
668,516,1
669,516,1
670,516,1
671,515,1
672,515,1
673,515,1
674,514,1
675,514,1
675,513,1
676,513,1
677,512,1
678,511,1
679,511,1
679,510,1
680,510,1
680,508,0
667,525,0
880,484,1
880,485,1
880,486,1
880,487,1
880,488,1
880,489,1
880,490,1
880,491,1
880,492,1
880,493,1
880,494,1
880,495,1
880,496,1
880,497,1
880,498,1
880,499,1
880,500,1
879,501,1
879,502,1
879,503,1
879,504,1
879,505,1
879,506,1
879,507,1
879,508,1
879,509,1
879,510,1
879,511,1
879,512,1
879,513,1
879,514,1
879,515,1
878,516,1
879,517,1
879,518,1
879,519,1
880,519,1
880,518,1
879,432,0
882,367,1
882,366,1
882,365,1
882,364,1
881,363,1
881,362,1
881,361,1
881,360,1
880,359,1
880,358,1
880,357,1
880,356,1
879,355,1
879,354,1
879,353,1
879,352,1
878,351,1
878,350,1
878,349,1
878,348,1
877,347,1
877,346,1
876,345,1
876,344,1
876,343,1
875,342,1
875,341,1
874,340,1
874,339,1
873,338,1
873,337,1
872,336,1
872,335,1
872,334,1
871,333,1
871,332,1
870,331,1
870,330,1
869,329,1
869,328,1
868,327,1
868,326,1
867,325,1
867,324,1
866,323,1
866,322,1
865,321,1
864,320,1
864,319,1
863,318,1
863,317,1
862,316,1
861,315,1
861,314,1
860,313,1
860,312,1
859,311,1
858,310,1
858,309,1
857,309,1
856,308,1
856,307,1
855,306,1
854,305,1
854,304,1
853,303,1
852,302,1
851,301,1
850,300,1
849,299,1
849,298,1
848,297,1
847,296,1
846,296,1
846,295,1
845,294,1
844,293,1
843,293,1
842,292,1
842,291,1
841,290,1
840,290,1
839,289,1
838,288,1
838,287,1
837,287,1
836,286,1
835,286,1
834,285,1
833,284,1
832,284,1
832,283,1
831,282,1
830,282,1
829,281,1
828,281,1
827,280,1
826,279,1
825,279,1
824,278,1
823,278,1
822,278,1
821,277,1
820,276,1
819,276,1
818,276,1
817,276,1
816,275,1
815,275,1
814,275,1
813,275,1
812,274,1
811,274,1
810,274,1
809,274,1
808,274,1
808,275,1
807,275,1
806,275,1
805,275,1
805,276,1
804,276,1
804,277,1
804,278,1
804,279,1
804,280,1
805,280,1
804,280,1
804,281,1
804,282,1
804,283,1
805,283,1
805,284,1
806,285,1
807,286,1
808,287,1
809,287,1
809,288,1
810,288,1
811,288,1
812,289,1
813,289,1
814,289,1
815,290,1
816,290,1
817,290,1
818,291,1
819,291,1
820,291,1
821,292,1
822,292,1
986,387,0
1163,473,1
1163,474,1
1163,475,1
1163,476,1
1163,477,1
1163,478,1
1163,479,1
1163,480,1
1163,481,1
1163,482,1
1163,483,1
1163,484,1
1163,485,1
1163,486,1
1163,485,1
1162,484,1
1162,483,1
1162,482,1
1161,482,1
1161,481,1
1160,481,1
1160,480,1
1160,479,1
1159,478,1
1159,477,1
1158,476,1
1158,475,1
1157,474,1
1157,473,1
1156,472,1
1156,471,1
1156,470,1
1155,470,1
1155,469,1
1155,468,1
1154,467,1
1153,466,1
1153,465,1
1152,465,1
1152,464,1
1151,463,1
1150,462,1
1150,461,1
1149,461,1
1149,460,1
1148,460,1
1148,459,1
1147,458,1
1146,458,1
1146,457,1
1145,457,1
1144,456,1
1143,455,1
1142,455,1
1141,454,1
1140,454,1
1140,453,1
1139,453,1
1138,452,1
1137,452,1
1136,451,1
1135,451,1
1134,451,1
1134,450,1
1133,450,1
1132,450,1
1131,450,1
1130,449,1
1129,449,1
1128,449,1
1127,449,1
1126,448,1
1125,448,1
1124,448,1
1123,448,1
1122,448,1
1121,448,1
1120,448,1
1119,448,1
1119,447,1
1118,447,1
1117,447,1
1116,447,1
1115,447,1
1114,447,1
1113,447,1
1112,447,1
1111,447,1
1110,447,1
1109,447,1
1108,447,1
1107,447,1
1106,447,1
1105,447,1
1104,447,1
1103,447,1
1102,447,1
1102,446,1
1101,446,1
1100,446,1
1099,446,1
1098,446,1
1097,446,1
1096,446,1
1095,446,1
1094,446,1
1093,446,1
1092,446,1
1092,445,1
1091,445,1
1090,445,1
1089,445,1
1088,445,1
1087,445,1
1086,445,1
1085,444,1
1084,444,1
1083,444,1
1082,444,1
1081,444,1
1080,443,1
1079,443,1
1078,443,1
1077,442,1
1076,442,1
1075,442,1
1074,442,1
1073,441,1
1072,441,1
1071,441,1
1070,441,1
1069,441,1
1069,440,1
1068,440,1
1067,440,1
1066,440,1
1065,440,1
1065,439,1
1064,439,1
1063,439,1
1062,439,1
1061,439,1
1060,438,1
1059,438,1
1058,438,1
1057,438,1
1056,438,1
1055,437,1
1054,437,1
1053,437,1
1052,437,1
1051,437,1
1050,437,1
1049,437,1
1048,437,1
1047,437,1
1046,437,1
1045,437,1
1044,437,1
1043,437,1
1042,437,1
1041,437,1
1040,438,1
1039,438,1
1038,438,1
1037,438,1
1036,438,1
1035,438,1
1034,439,1
1033,439,1
1032,439,1
1031,439,1
1030,440,1
1029,440,1
1028,440,1
1027,441,1
1026,441,1
1025,442,1
1024,442,1
1023,443,1
1022,443,1
1021,444,1
1020,444,1
1019,445,1
1018,445,1
1017,446,1
1016,446,1
1015,447,1
1014,447,1
1013,448,1
1013,449,1
1012,449,1
1011,450,1
1010,450,1
1009,451,1
1008,452,1
1007,453,1
1006,454,1
1005,455,1
1004,455,1
1004,456,1
1003,457,1
1002,458,1
1001,458,1
1001,459,1
1000,460,1
999,461,1
999,462,1
998,463,1
997,463,1
997,464,1
996,465,1
995,466,1
995,467,1
994,468,1
994,469,1
993,469,1
993,470,1
992,471,1
992,472,1
991,473,1
991,474,1
991,475,1
990,476,1
990,477,1
989,478,1
989,479,1
989,480,1
988,481,1
988,482,1
987,483,1
987,484,1
987,485,1
987,486,1
987,487,1
986,488,1
986,489,1
986,490,1
986,491,1
986,492,1
986,493,1
986,494,1
986,495,1
986,496,1
986,497,1
987,498,1
987,499,1
987,500,1
987,501,1
988,502,1
988,503,1
988,504,1
989,505,1
989,506,1
990,507,1
990,508,1
991,509,1
992,510,1
992,511,1
993,512,1
993,513,1
994,514,1
994,515,1
994,516,1
995,517,1
996,518,1
997,519,1
997,520,1
998,520,1
999,521,1
1000,522,1
1001,522,1
1002,523,1
1003,523,1
1004,523,1
1005,524,1
1006,524,1
1007,524,1
1008,524,1
1009,524,1
1010,525,1
1011,525,1
1012,525,1
1013,525,1
1014,525,1
1128,507,0
1255,486,1
1255,487,1
1255,488,1
1255,489,1
1255,490,1
1255,491,1
1255,492,1
1255,493,1
1256,493,1
1256,492,1
1257,492,1
1257,491,1
1257,490,1
1257,489,1
1257,488,1
1258,488,1
1258,487,1
1258,486,1
1258,485,1
1258,484,1
1258,483,1
1259,482,1
1259,481,1
1259,480,1
1259,479,1
1259,478,1
1260,477,1
1260,476,1
1260,475,1
1260,474,1
1260,473,1
1260,472,1
1261,471,1
1261,470,1
1261,469,1
1261,468,1
1261,467,1
1261,466,1
1261,465,1
1261,464,1
1261,463,1
1262,462,1
1262,461,1
1262,460,1
1262,459,1
1262,458,1
1262,457,1
1262,456,1
1262,455,1
1262,454,1
1262,453,1
1263,452,1
1263,451,1
1263,450,1
1263,449,1
1263,448,1
1263,447,1
1263,446,1
1263,445,1
1263,444,1
1263,443,1
1263,442,1
1263,441,1
1263,440,1
1264,439,1
1264,438,1
1264,437,1
1264,436,1
1264,435,1
1264,434,1
1264,433,1
1264,432,1
1264,431,1
1264,430,1
1264,429,1
1264,428,1
1264,427,1
1264,426,1
1264,425,1
1264,424,1
1264,423,1
1264,422,1
1264,421,1
1264,420,1
1264,419,1
1264,418,1
1265,417,1
1265,416,1
1265,415,1
1265,414,1
1265,413,1
1265,412,1
1265,411,1
1265,410,1
1265,409,1
1265,408,1
1265,407,1
1265,406,1
1265,405,1
1265,404,1
1265,403,1
1265,402,1
1265,401,1
1265,400,1
1265,399,1
1265,398,1
1265,397,1
1265,396,1
1265,395,1
1265,394,1
1265,393,1
1265,392,1
1265,391,1
1265,390,1
1265,389,1
1264,388,1
1264,387,1
1264,386,1
1264,385,1
1264,384,1
1264,383,1
1264,382,1
1264,381,1
1264,380,1
1264,379,1
1264,378,1
1264,377,1
1264,376,1
1264,375,1
1264,374,1
1264,373,1
1264,372,1
1264,371,1
1264,370,1
1264,369,1
1263,368,1
1263,367,1
1263,366,1
1263,365,1
1263,364,1
1263,363,1
1263,362,1
1263,361,1
1263,360,1
1263,359,1
1263,358,1
1263,357,1
1262,356,1
1262,355,1
1262,354,1
1262,353,1
1262,352,1
1262,351,1
1262,350,1
1262,349,1
1262,348,1
1261,347,1
1261,346,1
1261,345,1
1261,344,1
1261,343,1
1261,342,1
1261,341,1
1260,340,1
1260,339,1
1260,338,1
1260,337,1
1260,336,1
1260,335,1
1260,334,1
1259,333,1
1259,332,1
1259,331,1
1259,330,1
1259,329,1
1258,328,1
1258,327,1
1258,326,1
1258,325,1
1258,324,1
1257,323,1
1257,322,1
1257,321,1
1257,320,1
1256,319,1
1256,318,1
1256,317,1
1256,316,1
1255,315,1
1255,314,1
1255,313,1
1255,312,1
1254,311,1
1254,310,1
1254,309,1
1253,308,1
1253,307,1
1253,306,1
1252,305,1
1252,304,1
1252,303,1
1251,302,1
1250,301,1
1250,300,1
1250,299,1
1249,298,1
1249,297,1
1248,296,1
1248,295,1
1247,294,1
1247,293,1
1247,292,1
1246,291,1
1246,290,1
1245,289,1
1244,288,1
1244,287,1
1243,286,1
1243,285,1
1242,284,1
1242,283,1
1241,283,1
1240,282,1
1240,281,1
1239,280,1
1239,279,1
1238,279,1
1238,278,1
1237,277,1
1236,276,1
1236,275,1
1235,275,1
1235,274,1
1234,273,1
1233,273,1
1233,272,1
1232,271,1
1232,270,1
1231,270,1
1230,269,1
1230,268,1
1229,268,1
1228,267,1
1227,267,1
1227,266,1
1226,265,1
1225,265,1
1225,264,1
1224,264,1
1223,263,1
1223,262,1
1222,262,1
1221,261,1
1220,261,1
1220,260,1
1219,260,1
1218,260,1
1217,259,1
1216,259,1
1216,258,1
1215,258,1
1214,258,1
1213,257,1
1212,257,1
1211,256,1
1210,256,1
1209,256,1
1208,255,1
1207,255,1
1206,255,1
1205,254,1
1204,254,1
1203,254,1
1202,254,1
1202,253,1
1201,253,1
1200,253,1
1199,253,1
1198,253,1
1197,253,1
1196,253,1
1195,253,1
1194,253,1
1194,252,1
1193,252,1
1192,252,1
1191,252,1
1190,252,1
1189,253,1
1188,253,1
1187,253,1
1186,253,1
1185,253,1
1184,253,1
1183,253,1
1182,253,1
1181,253,1
1180,254,1
1179,254,1
1178,254,1
1177,254,1
1176,255,1
1175,255,1
1174,256,1
1173,256,1
1172,256,1
1171,257,1
1170,257,1
1169,257,1
1168,258,1
1167,258,1
1166,258,1
1165,259,1
1164,259,1
1163,260,1
1162,260,1
1161,261,1
1160,261,1
1160,262,1
1159,262,1
1158,263,1
1157,263,1
1156,264,1
1155,264,1
1154,265,1
1153,265,1
1153,266,1
1152,267,1
1151,267,1
1150,268,1
1149,269,1
1148,270,1
1147,271,1
1146,271,1
1145,272,1
1145,273,1
1144,274,1
1143,274,1
1142,275,1
1142,276,1
1141,277,1
1140,277,1
1140,278,1
1139,279,1
1138,280,1
1137,281,1
1136,282,1
1136,283,1
1135,284,1
1134,285,1
1134,286,1
1133,287,1
1132,288,1
1131,289,1
1131,290,1
1130,291,1
1130,292,1
1129,293,1
1129,294,1
1128,295,1
1128,296,1
1127,297,1
1127,298,1
1126,299,1
1126,300,1
1126,301,1
1125,302,1
1125,303,1
1125,304,1
1125,305,1
1124,306,1
1124,307,1
1124,308,1
1124,309,1
1124,310,1
1123,311,1
1123,312,1
1123,313,1
1123,314,1
1123,315,1
1123,316,1
1122,317,1
1122,318,1
1122,319,1
1122,320,1
1122,321,1
1122,322,1
1122,323,1
1122,324,1
1122,325,1
1122,326,1
1122,327,1
1122,328,1
1122,329,1
1122,330,1
1122,331,1
1123,332,1
1123,333,1
1124,334,1
1124,335,1
1124,336,1
1125,337,1
1125,338,1
1125,339,1
1126,340,1
1285,356,0
1435,388,1
1436,388,1
1437,388,1
1438,388,1
1439,387,1
1440,387,1
1441,387,1
1442,387,1
1443,386,1
1444,386,1
1445,386,1
1446,386,1
1447,385,1
1448,385,1
1449,385,1
1450,385,1
1451,385,1
1452,385,1
1452,386,1
1453,386,1
1454,386,1
1455,387,1
1456,388,1
1457,389,1
1458,389,1
1458,390,1
1459,390,1
1459,391,1
1460,391,1
1461,391,1
1461,392,1
1462,392,1
1462,393,1
1463,393,1
1463,394,1
1464,394,1
1464,395,1
1465,395,1
1465,396,1
1466,397,1
1467,398,1
1467,399,1
1468,399,1
1468,400,1
1468,401,1
1469,401,1
1469,402,1
1469,403,1
1470,404,1
1470,405,1
1470,406,1
1471,407,1
1471,408,1
1471,409,1
1471,410,1
1472,411,1
1472,412,1
1472,413,1
1472,414,1
1472,415,1
1472,416,1
1473,416,1
1473,417,1
1473,418,1
1473,419,1
1473,420,1
1473,421,1
1473,422,1
1474,423,1
1474,424,1
1474,425,1
1474,426,1
1474,427,1
1474,428,1
1474,429,1
1474,430,1
1474,431,1
1474,432,1
1475,433,1
1475,434,1
1475,435,1
1475,436,1
1475,437,1
1475,438,1
1475,439,1
1475,440,1
1475,441,1
1475,442,1
1475,443,1
1475,444,1
1475,445,1
1476,446,1
1476,447,1
1476,448,1
1476,449,1
1476,450,1
1476,451,1
1476,452,1
1476,453,1
1476,454,1
1476,455,1
1476,456,1
1476,457,1
1476,458,1
1476,459,1
1476,460,1
1476,461,1
1476,462,1
1477,463,1
1477,464,1
1477,465,1
1477,466,1
1478,467,1
1478,468,1
1479,468,1
1479,469,1
1480,469,1
1481,469,1
1482,469,1
1525,454,0
1573,433,1
1573,434,1
1573,435,1
1573,436,1
1573,437,1
1573,438,1
1573,439,1
1573,440,1
1573,441,1
1573,442,1
1573,443,1
1573,444,1
1573,445,1
1573,446,1
1573,447,1
1573,448,1
1573,449,1
1573,450,1
1573,451,1
1573,452,1
1573,453,1
1573,454,1
1573,455,1
1573,456,1
1573,457,1
1573,458,1
1573,459,1
1573,460,1
1573,461,1
1573,462,1
1573,463,1
1573,464,1
1573,465,1
1573,466,1
1573,467,1
1573,468,1
1573,469,1
1573,470,1
1573,471,1
1573,472,1
1573,473,1
1573,474,1
1573,475,1
1573,476,1
1573,477,1
1573,478,1
1573,479,1
1573,480,1
1573,481,1
1573,482,1
1573,483,1
1573,484,1
1573,485,1
1573,486,1
1573,487,1
1573,488,1
1573,489,1
1573,490,1
1573,491,1
1573,492,1
1573,493,1
1572,494,1
1572,495,1
1572,496,1
1572,497,1
1572,498,1
1572,499,1
1572,500,1
1572,501,1
1572,502,1
1572,503,1
1572,504,1
1572,505,1
1572,506,1
1572,507,1
1572,508,1
1572,509,1
1572,510,1
1572,511,1
1571,512,1
1571,513,1
1571,514,1
1571,515,1
1571,516,1
1571,517,1
1570,518,1
1570,519,1
1570,520,1
1570,521,1
1570,522,1
1569,523,1
1569,524,1
993,420,0
400,329,1
401,329,1
402,329,1
403,329,1
404,329,1
405,329,1
406,329,1
407,329,1
408,329,1
409,329,1
410,329,1
411,329,1
412,329,1
413,329,1
414,329,1
415,329,1
416,329,1
417,329,1
418,329,1
419,329,1
420,329,1
421,329,1
422,329,1
423,329,1
424,329,1
425,329,1
426,329,1
427,329,1
428,329,1
429,329,1
430,329,1
431,329,1
432,329,1
433,329,1
434,329,1
435,329,1
436,329,1
437,329,1
438,329,1
439,329,1
440,329,1
441,329,1
442,329,1
443,329,1
444,329,1
445,329,1
446,329,1
447,329,1
448,329,1
449,329,1
450,329,1
451,329,1
452,329,1
453,329,1
454,329,1
455,329,1
456,329,1
457,329,1
458,329,1
459,329,1
460,328,1
461,328,1
462,328,1
463,328,1
464,328,1
465,328,1
466,328,1
467,328,1
468,328,1
469,328,1
470,328,1
471,328,1
472,328,1
473,328,1
474,328,1
475,328,1
476,328,1
477,328,1
478,328,1
479,328,1
480,328,1
481,328,1
482,328,1
483,328,1
484,328,1
485,328,1
486,328,1
487,328,1
488,328,1
489,327,1
490,327,1
491,327,1
492,327,1
493,327,1
494,327,1
495,327,1
496,327,1
497,327,1
498,327,1
499,327,1
500,327,1
501,327,1
502,327,1
503,327,1
504,327,1
505,327,1
506,327,1
507,327,1
508,327,1
509,327,1
510,327,1
511,327,1
512,327,1
513,327,1
514,327,1
515,327,1
516,327,1
517,327,1
518,327,1
519,327,1
520,326,1
521,326,1
522,326,1
523,326,1
524,326,1
525,326,1
526,326,1
527,326,1
528,326,1
529,326,1
530,326,1
531,326,1
532,326,1
533,326,1
534,326,1
535,326,1
536,326,1
537,326,1
538,326,1
539,326,1
540,326,1
541,326,1
542,326,1
543,326,1
544,326,1
545,326,1
546,326,1
547,326,1
548,326,1
549,325,1
550,325,1
551,325,1
552,325,1
553,325,1
554,325,1
555,325,1
556,325,1
557,325,1
558,325,1
559,325,1
560,325,1
561,325,1
562,325,1
563,325,1
564,325,1
565,325,1
566,325,1
567,325,1
568,325,1
569,325,1
570,325,1
571,325,1
572,325,1
573,325,1
574,325,1
575,325,1
576,325,1
577,325,1
578,325,1
579,325,1
580,325,1
581,325,1
582,325,1
583,325,1
584,325,1
585,325,1
586,325,1
587,325,1
588,325,1
589,325,1
590,325,1
591,325,1
592,325,1
593,325,1
594,325,1
595,325,1
596,325,1
597,325,1
598,325,1
599,325,1
600,325,1
601,325,1
602,325,1
603,325,1
604,325,1
605,325,1
606,324,1
607,324,1
608,324,1
609,324,1
610,324,1
611,324,1
612,324,1
613,324,1
614,324,1
615,324,1
616,324,1
617,324,1
618,324,1
619,324,1
620,324,1
621,324,1
622,324,1
623,324,1
624,324,1
625,324,1
626,324,1
627,324,1
628,324,1
629,324,1
630,324,1
631,324,1
632,324,1
633,324,1
634,324,1
635,324,1
636,324,1
637,324,1
638,324,1
639,324,1
640,324,1
641,324,1
642,324,1
643,324,1
644,324,1
645,324,1
646,324,1
647,324,1
648,324,1
649,324,1
650,324,1
651,324,1
652,324,1
653,324,1
654,324,1
655,324,1
656,324,1
657,324,1
658,324,1
659,324,1
660,324,1
661,324,1
662,324,1
663,324,1
664,324,1
665,324,1
666,324,1
667,324,1
668,324,1
669,324,1
670,324,1
671,324,1
672,324,1
673,324,1
674,324,1
675,324,1
676,324,1
677,324,1
678,324,1
679,324,1
680,324,1
681,324,1
682,324,1
683,324,1
684,324,1
685,324,1
686,324,1
687,324,1
688,324,1
689,324,1
690,324,1
691,324,1
692,324,1
693,324,1
694,324,1
695,324,1
696,324,1
697,324,1
698,324,1
699,324,1
700,324,1
701,324,1
702,324,1
703,324,1
704,324,1
705,324,1
706,324,1
707,324,1
708,324,1
709,324,1
710,324,1
711,324,1
712,324,1
713,324,1
714,324,1
715,324,1
716,324,1
717,324,1
718,324,1
719,324,1
720,324,1
721,324,1
722,324,1
723,324,1
724,324,1
725,324,1
726,324,1
727,324,1
728,324,1
729,324,1
730,324,1
731,324,1
732,324,1
733,324,1
734,324,1
735,324,1
736,324,1
737,324,1
738,324,1
739,324,1
740,324,1
741,324,1
742,324,1
743,324,1
744,324,1
745,324,1
746,324,1
747,324,1
748,324,1
749,324,1
750,324,1
751,324,1
752,324,1
753,324,1
754,324,1
755,324,1
756,324,1
757,324,1
758,324,1
759,324,1
760,324,1
761,324,1
762,324,1
763,323,1
764,323,1
765,323,1
766,323,1
767,323,1
768,323,1
769,323,1
770,323,1
771,323,1
772,323,1
773,323,1
774,323,1
775,323,1
776,323,1
777,323,1
778,323,1
779,323,1
780,323,1
781,323,1
782,323,1
783,323,1
784,323,1
785,323,1
786,323,1
787,323,1
788,323,1
789,323,1
790,323,1
791,323,1
792,322,1
793,322,1
794,322,1
795,322,1
796,322,1
797,322,1
798,322,1
799,322,1
800,322,1
801,322,1
802,322,1
803,322,1
804,322,1
805,322,1
806,322,1
807,322,1
808,322,1
809,322,1
810,322,1
811,322,1
812,322,1
813,322,1
814,322,1
815,322,1
816,322,1
817,322,1
818,322,1
819,322,1
820,322,1
821,322,1
822,322,1
823,322,1
824,322,1
825,322,1
826,322,1
827,322,1
828,322,1
829,322,1
830,322,1
831,322,1
832,322,1
833,322,1
834,322,1
835,322,1
836,322,1
837,322,1
838,322,1
839,322,1
840,322,1
841,322,1
842,322,1
843,322,1
844,322,1
845,322,1
846,322,1
847,322,1
848,322,1
849,322,1
850,322,1
851,322,1
852,322,1
853,322,1
854,322,1
855,322,1
856,322,1
857,322,1
858,322,1
859,322,1
860,321,1
861,321,1
862,321,1
863,321,1
864,321,1
865,321,1
866,321,1
867,321,1
868,321,1
869,321,1
870,321,1
871,321,1
872,321,1
873,321,1
874,321,1
875,321,1
876,321,1
877,321,1
878,321,1
879,321,1
880,321,1
881,321,1
882,321,1
883,321,1
884,321,1
885,321,1
886,321,1
887,321,1
888,321,1
889,320,1
890,320,1
891,320,1
892,320,1
893,320,1
894,320,1
895,320,1
896,320,1
897,320,1
898,320,1
899,320,1
900,320,1
901,320,1
902,320,1
903,320,1
904,320,1
905,320,1
906,320,1
907,320,1
908,320,1
909,320,1
910,320,1
911,320,1
912,320,1
913,320,1
914,320,1
915,320,1
916,320,1
917,320,1
918,320,1
919,320,1
920,320,1
921,320,1
922,320,1
923,320,1
924,320,1
925,320,1
926,320,1
927,320,1
928,320,1
929,320,1
930,320,1
931,320,1
932,320,1
933,320,1
934,320,1
935,320,1
936,320,1
937,320,1
938,320,1
939,320,1
940,320,1
941,320,1
942,320,1
943,320,1
944,320,1
945,320,1
946,320,1
947,320,1
948,320,1
949,320,1
950,320,1
951,320,1
952,320,1
953,320,1
954,320,1
955,320,1
956,320,1
957,320,1
958,320,1
959,320,1
960,320,1
961,320,1
962,320,1
963,320,1
964,320,1
965,320,1
966,320,1
967,320,1
968,320,1
969,320,1
970,320,1
971,320,1
972,320,1
973,320,1
974,320,1
975,320,1
976,320,1
977,320,1
978,320,1
979,320,1
980,320,1
981,320,1
982,320,1
983,320,1
984,320,1
985,320,1
986,320,1
987,320,1
988,320,1
989,320,1
990,320,1
991,320,1
992,320,1
993,320,1
994,320,1
995,320,1
996,320,1
997,320,1
998,320,1
999,320,1
1000,320,1
1001,320,1
1002,320,1
1003,320,1
1004,320,1
1005,320,1
1006,320,1
1007,320,1
1008,320,1
1009,320,1
1010,320,1
1011,320,1
1012,320,1
1013,320,1
1014,320,1
1015,320,1
1016,320,1
1017,320,1
1018,320,1
1019,320,1
1020,320,1
1021,320,1
1022,320,1
1023,320,1
1024,320,1
1025,320,1
1026,320,1
1027,320,1
1028,320,1
1029,320,1
1030,320,1
1031,320,1
1032,320,1
1033,320,1
1034,320,1
1035,320,1
1036,320,1
1037,320,1
1038,320,1
1039,320,1
1040,320,1
1041,320,1
1042,320,1
1043,320,1
1044,320,1
1045,320,1
1046,320,1
1047,320,1
1048,320,1
1049,320,1
1050,320,1
1051,320,1
1052,320,1
1053,320,1
1054,320,1
1055,320,1
1056,320,1
1057,320,1
1058,320,1
1059,320,1
1060,320,1
1061,320,1
1062,320,1
1063,320,1
1064,320,1
1065,320,1
1066,320,1
1067,319,1
1068,319,1
1069,319,1
1070,319,1
1071,319,1
1072,319,1
1073,319,1
1074,319,1
1075,319,1
1076,319,1
1077,319,1
1078,319,1
1079,319,1
1080,319,1
1081,319,1
1082,319,1
1083,319,1
1084,319,1
1085,319,1
1086,319,1
1087,319,1
1088,319,1
1089,319,1
1090,319,1
1091,319,1
1092,319,1
1093,319,1
1094,319,1
1095,319,1
1096,318,1
1097,318,1
1098,318,1
1099,318,1
1100,318,1
1101,318,1
1102,318,1
1103,318,1
1104,318,1
1105,318,1
1106,318,1
1107,318,1
1108,318,1
1109,318,1
1110,318,1
1111,318,1
1112,318,1
1113,318,1
1114,318,1
1115,318,1
1116,318,1
1117,318,1
1118,318,1
1119,318,1
1120,318,1
1121,318,1
1122,318,1
1123,318,1
1124,318,1
1125,318,1
1126,318,1
1127,318,1
1128,318,1
1129,318,1
1130,318,1
1131,318,1
1132,318,1
1133,318,1
1134,318,1
1135,318,1
1136,318,1
1137,318,1
1138,318,1
1139,318,1
1140,318,1
1141,318,1
1142,318,1
1143,318,1
1144,318,1
1145,318,1
1146,318,1
1147,318,1
1148,318,1
1149,318,1
1150,318,1
1151,318,1
1152,318,1
1153,318,1
1154,318,1
1155,318,1
1156,318,1
1157,318,1
1158,318,1
1159,318,1
1160,318,1
1161,318,1
1162,318,1
1163,318,1
1164,318,1
1165,318,1
1166,318,1
1167,318,1
1168,318,1
1169,318,1
1170,318,1
1171,317,1
1172,317,1
1173,317,1
1174,317,1
1175,317,1
1176,317,1
1177,317,1
1178,317,1
1179,317,1
1180,317,1
1181,317,1
1182,317,1
1183,317,1
1184,317,1
1185,317,1
1186,317,1
1187,317,1
1188,317,1
1189,317,1
1190,317,1
1191,317,1
1192,317,1
1193,317,1
1194,317,1
1195,317,1
1196,317,1
1197,317,1
1198,317,1
1199,317,1
1200,316,1
1201,316,1
1202,316,1
1203,316,1
1204,316,1
1205,316,1
1206,316,1
1207,316,1
1208,316,1
1209,316,1
1210,316,1
1211,316,1
1212,316,1
1213,316,1
1214,316,1
1215,316,1
1216,316,1
1217,316,1
1218,316,1
1219,316,1
1220,316,1
1221,316,1
1222,316,1
1223,316,1
1224,316,1
1225,316,1
1226,316,1
1227,316,1
1228,316,1
1229,316,1
1230,316,1
1231,316,1
1232,316,1
1233,316,1
1234,316,1
1235,316,1
1236,316,1
1237,316,1
1238,316,1
1239,316,1
1240,316,1
1241,316,1
1242,316,1
1243,316,1
1244,316,1
1245,316,1
1246,316,1
1247,316,1
1248,316,1
1249,316,1
1250,316,1
1251,316,1
1252,316,1
1253,316,1
1254,316,1
1255,316,1
1256,316,1
1257,316,1
1258,316,1
1259,316,1
1260,316,1
1261,316,1
1262,316,1
1263,316,1
1264,316,1
1265,316,1
1266,316,1
1267,316,1
1268,316,1
1269,316,1
1270,316,1
1271,316,1
1272,316,1
1273,316,1
1274,316,1
1275,315,1
1276,315,1
1277,315,1
1278,315,1
1279,315,1
1280,315,1
1281,315,1
1282,315,1
1283,315,1
1284,315,1
1285,315,1
1286,315,1
1287,315,1
1288,315,1
1289,315,1
1290,315,1
1291,315,1
1292,315,1
1293,315,1
1294,315,1
1295,315,1
1296,315,1
1297,315,1
1298,315,1
1299,315,1
1300,315,1
1301,315,1
1302,315,1
1303,315,1
1304,314,1
1305,314,1
1306,314,1
1307,314,1
1308,314,1
1309,314,1
1310,314,1
1311,314,1
1312,314,1
1313,314,1
1314,314,1
1315,314,1
1316,314,1
1317,314,1
1318,314,1
1319,314,1
1320,314,1
1321,314,1
1322,314,1
1323,314,1
1324,314,1
1325,314,1
1326,314,1
1327,314,1
1328,314,1
1329,314,1
1330,314,1
1331,314,1
1332,314,1
1333,314,1
1334,314,1
1335,314,1
1336,314,1
1337,314,1
1338,314,1
1339,314,1
1340,314,1
1341,314,1
1342,314,1
1343,314,1
1344,314,1
1345,314,1
1346,314,1
1347,314,1
1348,314,1
1349,314,1
1350,314,1
1351,314,1
1352,314,1
1353,314,1
1354,314,1
1355,314,1
1356,314,1
1357,314,1
1358,314,1
1359,314,1
1360,314,1
1361,314,1
1362,314,1
1363,314,1
1364,314,1
1365,314,1
1366,314,1
1367,314,1
1368,314,1
1369,314,1
1370,314,1
1371,314,1
1372,314,1
1373,314,1
1374,314,1
1375,313,1
1376,313,1
1377,313,1
1378,313,1
1379,313,1
1380,313,1
1381,313,1
1382,313,1
1383,313,1
1384,313,1
1385,313,1
1386,313,1
1387,313,1
1388,313,1
1389,313,1
1390,313,1
1391,313,1
1392,313,1
1393,313,1
1394,313,1
1395,313,1
1396,313,1
1397,313,1
1398,313,1
1399,313,1
1400,313,1
1401,313,1
1402,313,1
1403,313,1
1404,312,1
1405,312,1
1406,312,1
1407,312,1
1408,312,1
1409,312,1
1410,312,1
1411,312,1
1412,312,1
1413,312,1
1414,312,1
1415,312,1
1416,312,1
1417,312,1
1418,312,1
1419,312,1
1420,312,1
1421,312,1
1422,312,1
1423,312,1
1424,312,1
1425,312,1
1426,312,1
1427,312,1
1428,312,1
1429,312,1
1430,312,1
1431,312,1
1432,312,1
1433,312,1
1434,312,1
1435,312,1
1436,312,1
1437,312,1
1438,312,1
1439,312,1
1440,312,1
1441,312,1
1442,312,1
1443,312,1
1444,312,1
1445,312,1
1446,312,1
1447,312,1
1448,312,1
1449,312,1
1450,312,1
1451,312,1
1452,312,1
1453,312,1
1454,312,1
1455,312,1
1456,312,1
1457,312,1
1458,312,1
1459,312,1
1460,312,1
1461,312,1
1462,312,1
1463,312,1
1464,312,1
1465,312,1
1466,312,1
1467,312,1
1468,312,1
1469,311,1
1470,311,1
1471,311,1
1472,311,1
1473,311,1
1474,311,1
1475,311,1
1476,311,1
1477,311,1
1478,311,1
1479,311,1
1480,311,1
1481,311,1
1482,311,1
1483,311,1
1484,311,1
1485,311,1
1486,311,1
1487,311,1
1488,311,1
1489,311,1
1490,311,1
1491,311,1
1492,311,1
1493,311,1
1494,311,1
1495,311,1
1496,311,1
1497,311,1
1498,310,1
1499,310,1
1500,310,1
1501,310,1
1502,310,1
1503,310,1
1504,310,1
1505,310,1
1506,310,1
1507,310,1
1508,310,1
1509,310,1
1510,310,1
1511,310,1
1512,310,1
1513,310,1
1514,310,1
1515,310,1
1516,310,1
1517,310,1
1518,310,1
1519,310,1
1520,310,1
1521,310,1
1522,310,1
1523,310,1
1524,310,1
1525,310,1
1526,310,1
1527,310,1
1528,310,1
1529,310,1
1530,310,1
1531,310,1
1532,310,1
1533,310,1
1534,310,1
1535,310,1
1536,310,1
1537,310,1
1538,310,1
1539,310,1
1540,310,1
1541,310,1
1542,310,1
1543,310,1
1544,310,1
1545,310,1
1546,310,1
1547,310,1
1548,310,1
1549,310,1
1550,310,1
1551,310,1
1552,310,1
1553,310,1
1554,310,1
1555,310,1
1556,310,1
1557,310,1
1558,310,1
1559,310,1
1560,310,1
1561,310,1
1562,310,1
1563,310,1
1564,310,1
1565,310,1
1566,310,1
1567,310,1
1568,310,1
1569,310,1
1570,310,1
1571,310,1
1572,310,1
1573,310,1
1574,310,1
1575,310,1
1576,310,1
1577,310,1
1578,310,1
1579,310,1
1580,310,1
1581,310,1
1582,310,1
1583,310,1
1584,310,1
1585,310,1
1586,310,1
1587,310,1
1588,310,1
1589,310,1
1590,310,1
1591,310,1
1592,310,1
1593,310,1
1594,310,1
1595,310,1
1596,310,1
1597,310,1
1598,310,1
1599,310,1
1600,310,1
1601,310,1
1602,310,1
1603,310,1
1604,310,1
1605,310,1
1606,310,1
1607,310,1
1608,310,1
1609,310,1
1610,310,1
1611,310,1
1612,310,1
1613,310,1
1614,310,1
1615,310,1
1616,310,1
1617,310,1
1618,310,1
1619,310,1
1620,310,1
1621,310,1
1622,310,1
1623,310,1
1624,310,1
1625,310,1
1626,310,1
1627,310,1
1628,310,1
1629,310,1
1630,310,1
1631,310,1
1632,310,1
1633,310,1
1634,310,1
1635,310,1
1636,310,1
1637,310,1
1638,310,1
1639,310,1
1640,310,1
1641,310,1
1642,309,1
1643,309,1
1644,309,1
1645,309,1
1646,309,1
1647,309,1
1648,309,1
1649,309,1
1650,309,1
1651,309,1
1652,309,1
1653,309,1
1654,309,1
1655,309,1
1656,309,1
1657,309,1
1658,309,1
1659,309,1
1660,309,1
1661,309,1
1662,309,1
1663,309,1
1664,309,1
1665,309,1
1666,309,1
1667,309,1
1668,309,1
1669,309,1
1670,309,1
1671,308,1
1672,308,1
1673,308,1
1674,308,1
1675,308,1
1676,308,1
1677,308,1
1678,308,1
1679,308,1
1680,308,1
1681,308,1
1682,308,1
1683,308,1
1684,308,1
1685,308,1
1686,308,1
1687,308,1
1688,308,1
1689,308,1
1690,308,1
1691,308,1
1692,308,1
1693,308,1
1694,308,1
1695,308,1
1696,308,1
1697,308,1
1698,308,1
1699,308,1
1700,308,1
1701,308,1
1702,308,1
1703,308,1
1704,308,1
1705,308,1
1706,308,1
1707,308,1
1708,308,1
1709,308,1
1710,308,1
1711,308,1
1712,308,1
1713,308,1
1714,308,1
1715,308,1
1716,308,1
1717,308,1
1718,308,1
1719,308,1
1720,308,1
1721,308,1
1722,308,1
1723,308,1
1724,308,1
1725,308,1
1726,308,1
1727,308,1
1728,308,1
1729,308,1
1730,308,1
1731,308,1
1732,308,1
1733,308,1
1734,308,1
1735,308,1
1736,308,1
1737,308,1
1738,308,1
1739,308,1
1740,308,1
1741,308,1
1742,308,1
1743,308,1
1744,308,1
1745,308,1
1746,308,1
1747,308,1
1748,308,1
1749,308,1
1750,308,1
1751,308,1
1752,308,1
1753,308,1
1754,308,1
1755,308,1
1756,308,1
1757,308,1
1758,308,1
1759,308,1
1760,308,1
1761,308,1
1762,308,1
1763,308,1
1764,308,1
1765,308,1
1766,308,1
1767,308,1
1768,308,1
1769,308,1
1770,308,1
1771,308,1
1772,308,1
1773,308,1
1774,308,1
1775,308,1
1776,308,1
1777,308,1
1778,308,1
1779,308,1
1780,308,1
1781,308,1
1782,308,1
1783,308,1
1784,308,1
1785,308,1
1786,308,1
1787,308,1
1788,308,1
1789,308,1
1790,308,1
1791,308,1
1792,308,1
1793,308,1
1794,308,1
1795,308,1
1796,308,1
1797,308,1
1798,308,1
1799,308,1
1800,308,1
1801,308,1
1802,308,1
1803,308,1
1804,308,1
1805,308,1
1806,308,1
1807,308,1
1808,308,1
1809,308,1
1810,308,1
1811,307,1
1812,307,1
1813,307,1
1814,307,1
1815,307,1
1816,307,1
1817,307,1
1818,307,1
1819,307,1
1820,307,1
1821,307,1
1822,307,1
1823,307,1
1824,307,1
1825,307,1
1826,307,1
1827,307,1
1828,307,1
1829,307,1
1830,307,1
1831,307,1
1832,307,1
1833,307,1
1834,307,1
1835,307,1
1836,307,1
1837,307,1
1838,307,1
1839,306,1
1840,306,1
1841,306,1
1842,306,1
1843,306,1
1844,306,1
1845,306,1
1846,306,1
1847,306,1
1848,306,1
1849,306,1
1850,306,1
1851,306,1
1852,306,1
1853,306,1
1854,306,1
1855,306,1
1856,306,1
1857,306,1
1858,306,1
1859,306,1
1860,306,1
1861,306,1
1862,306,1
1863,306,1
1864,306,1
1865,306,1
1866,306,1
1867,306,1
1868,306,1
1869,306,1
1870,306,1
1871,306,1
1872,306,1
1873,306,1
1874,306,1
1875,306,1
1876,306,1
1877,306,1
1878,306,1
1879,306,1
1880,306,1
1881,306,1
1882,306,1
1883,306,1
1884,306,1
1885,306,1
1886,306,1
1887,306,1
1888,306,1
1889,306,1
1890,306,1
1891,306,1
1892,306,1
1893,306,1
1894,306,1
1895,306,1
1896,306,1
1897,306,1
1898,306,1
1899,306,1
1900,306,1
1901,306,1
1902,306,1
1903,306,1
1904,306,1
1905,306,1
1906,306,1
1907,306,1
1908,306,1
1909,306,1
1910,306,1
1911,306,1
1912,306,1
1913,306,1
1914,305,1
1915,305,1
1916,305,1
1917,305,1
1918,305,1
1919,304,1
1920,304,1
1920,304,0
