435,505,1
435,506,1
434,506,1
391,488,1
390,488,1
389,488,1
388,488,1
387,488,1
386,488,1
385,488,1
384,488,1
383,488,1
382,488,1
381,488,1
380,488,1
379,488,1
378,488,1
377,488,1
376,488,1
375,488,1
374,488,1
373,488,1
372,489,1
371,489,1
370,489,1
369,489,1
368,489,1
367,489,1
366,489,1
365,490,1
364,490,1
363,490,1
362,490,1
361,490,1
360,490,1
359,491,1
358,491,1
357,491,1
356,491,1
355,492,1
354,492,1
353,492,1
352,493,1
351,493,1
350,493,1
349,494,1
348,494,1
347,494,1
346,495,1
345,495,1
344,495,1
343,496,1
342,496,1
341,496,1
340,497,1
339,497,1
338,498,1
337,498,1
336,498,1
335,499,1
334,499,1
333,500,1
332,501,1
331,501,1
330,501,1
329,502,1
328,502,1
327,503,1
326,503,1
325,504,1
324,504,1
323,505,1
322,505,1
321,506,1
320,507,1
319,508,1
318,508,1
317,509,1
316,509,1
315,510,1
314,510,1
313,511,1
312,512,1
311,513,1
310,513,1
309,514,1
308,515,1
307,515,1
306,516,1
305,517,1
304,517,1
303,518,1
303,519,1
302,519,1
301,520,1
300,521,1
299,521,1
298,522,1
297,523,1
296,523,1
296,524,1
295,525,1
294,526,1
293,526,1
292,527,1
291,528,1
290,529,1
289,530,1
288,531,1
287,531,1
287,532,1
286,533,1
285,534,1
284,535,1
283,535,1
283,536,1
282,537,1
281,538,1
280,539,1
279,540,1
278,541,1
277,542,1
277,543,1
276,544,1
275,545,1
274,545,1
274,546,1
273,547,1
272,548,1
272,549,1
271,550,1
270,551,1
270,552,1
269,553,1
268,554,1
267,555,1
267,556,1
266,557,1
266,558,1
265,559,1
265,560,1
264,561,1
264,562,1
263,563,1
263,564,1
262,565,1
262,566,1
261,566,1
261,567,1
261,568,1
260,569,1
260,570,1
260,571,1
259,572,1
259,573,1
259,574,1
258,575,1
258,576,1
258,577,1
258,578,1
257,579,1
257,580,1
257,581,1
257,582,1
257,583,1
257,584,1
257,585,1
257,586,1
257,587,1
256,588,1
256,589,1
257,590,1
257,591,1
257,592,1
257,593,1
257,594,1
257,595,1
257,596,1
257,597,1
258,598,1
258,599,1
258,600,1
258,601,1
259,602,1
259,603,1
260,604,1
260,605,1
261,606,1
261,607,1
262,608,1
263,609,1
263,610,1
264,611,1
264,612,1
265,612,1
265,613,1
266,614,1
266,615,1
267,615,1
268,616,1
268,617,1
269,617,1
270,618,1
270,619,1
271,619,1
272,620,1
272,621,1
273,621,1
274,622,1
275,622,1
276,623,1
276,624,1
277,624,1
278,625,1
279,625,1
280,626,1
281,626,1
281,627,1
282,627,1
283,627,1
284,628,1
285,628,1
286,629,1
287,629,1
288,629,1
289,630,1
290,630,1
291,631,1
292,631,1
293,631,1
294,632,1
295,632,1
296,632,1
297,632,1
298,633,1
299,633,1
300,633,1
301,633,1
302,633,1
303,634,1
304,634,1
305,634,1
306,634,1
307,634,1
308,634,1
309,634,1
310,634,1
311,634,1
312,634,1
313,634,1
314,634,1
315,634,1
316,634,1
317,634,1
318,634,1
319,634,1
320,634,1
321,634,1
322,634,1
323,634,1
324,634,1
325,634,1
326,634,1
327,633,1
328,633,1
329,633,1
330,633,1
331,633,1
332,633,1
333,632,1
334,632,1
335,632,1
336,632,1
337,631,1
338,631,1
339,631,1
340,631,1
341,630,1
342,630,1
343,630,1
343,629,1
344,629,1
345,629,1
346,628,1
347,628,1
348,628,1
349,627,1
350,627,1
351,627,1
351,626,1
352,626,1
353,625,1
354,625,1
355,625,1
356,624,1
357,624,1
357,623,1
358,623,1
359,622,1
360,622,1
361,621,1
362,620,1
363,620,1
364,619,1
365,618,1
366,617,1
367,616,1
368,616,1
368,615,1
369,614,1
370,613,1
371,613,1
371,612,1
372,612,1
372,611,1
373,611,1
373,610,1
374,610,1
374,609,1
375,609,1
375,608,1
376,608,1
376,607,1
377,607,1
377,606,1
378,606,1
378,607,1
378,608,1
378,609,1
377,610,1
377,611,1
377,612,1
377,613,1
377,614,1
376,614,1
376,615,1
376,616,1
376,617,1
376,618,1
376,619,1
375,620,1
375,621,1
375,622,1
375,623,1
375,624,1
375,625,1
375,626,1
375,627,1
375,628,1
375,629,1
375,630,1
375,631,1
375,632,1
375,633,1
375,634,1
375,635,1
375,636,1
375,637,1
375,638,1
375,639,1
376,640,1
376,641,1
376,642,1
376,643,1
376,644,1
376,645,1
376,646,1
376,647,1
377,648,1
377,649,1
377,650,1
377,651,1
377,652,1
378,653,1
378,654,1
378,655,1
378,656,1
378,657,1
379,658,1
379,659,1
379,660,1
379,661,1
380,662,1
380,663,1
380,664,1
380,665,1
381,666,1
381,667,1
381,668,1
382,669,1
382,670,1
382,671,1
383,672,1
383,673,1
383,674,1
384,675,1
384,676,1
384,677,1
385,678,1
385,679,1
386,679,1
386,680,1
386,681,1
387,682,1
387,683,1
387,684,1
388,685,1
388,686,1
388,687,1
389,688,1
389,689,1
390,690,1
390,691,1
390,692,1
391,693,1
391,694,1
392,695,1
392,696,1
393,697,1
394,698,1
394,699,1
395,700,1
396,701,1
396,702,1
397,702,1
397,703,1
398,704,1
399,705,1
400,706,1
401,707,1
402,707,1
403,707,1
404,707,1
413,542,0
435,402,1
435,401,1
435,400,1
435,399,1
435,398,1
435,397,1
435,396,1
435,395,1
434,394,1
434,393,1
434,392,1
434,391,1
434,390,1
434,389,1
433,388,1
433,387,1
433,386,1
433,385,1
433,384,1
432,383,1
432,382,1
432,381,1
432,380,1
432,379,1
431,378,1
431,377,1
431,376,1
430,375,1
430,374,1
430,373,1
429,372,1
429,371,1
429,370,1
428,369,1
428,368,1
428,367,1
428,366,1
427,365,1
427,364,1
427,363,1
426,362,1
426,361,1
425,360,1
425,359,1
425,358,1
424,357,1
424,356,1
424,355,1
423,354,1
423,353,1
422,352,1
422,351,1
422,350,1
421,349,1
421,348,1
420,347,1
420,346,1
419,345,1
419,344,1
418,343,1
418,342,1
417,341,1
417,340,1
416,340,1
416,339,1
415,338,1
415,337,1
414,336,1
414,335,1
413,335,1
413,334,1
412,333,1
412,332,1
411,331,1
410,330,1
409,329,1
409,328,1
408,327,1
407,326,1
406,325,1
406,324,1
405,324,1
405,323,1
404,322,1
403,321,1
402,320,1
401,319,1
401,318,1
400,318,1
399,317,1
399,316,1
398,316,1
397,315,1
397,314,1
396,314,1
395,313,1
394,313,1
393,312,1
393,311,1
392,311,1
391,310,1
390,310,1
390,309,1
389,308,1
388,308,1
387,307,1
386,307,1
385,306,1
384,305,1
383,305,1
382,304,1
381,304,1
380,303,1
379,303,1
378,302,1
377,302,1
376,301,1
375,301,1
374,301,1
373,300,1
372,300,1
371,299,1
370,299,1
369,299,1
368,298,1
367,298,1
366,298,1
365,297,1
364,297,1
363,297,1
362,297,1
361,296,1
360,296,1
359,296,1
358,296,1
357,296,1
356,296,1
355,296,1
354,296,1
353,296,1
352,295,1
351,295,1
350,295,1
349,296,1
348,296,1
347,296,1
346,296,1
345,296,1
344,296,1
343,296,1
342,296,1
341,297,1
340,297,1
339,297,1
338,297,1
338,298,1
337,298,1
336,298,1
336,299,1
335,299,1
334,299,1
334,300,1
333,300,1
333,301,1
332,301,1
331,302,1
331,303,1
330,303,1
330,304,1
329,305,1
329,306,1
328,307,1
328,308,1
328,309,1
328,310,1
328,311,1
329,312,1
329,313,1
330,314,1
330,315,1
331,316,1
331,317,1
332,317,1
332,318,1
333,318,1
333,319,1
334,319,1
334,320,1
335,320,1
336,321,1
337,322,1
338,322,1
338,323,1
339,323,1
340,324,1
341,325,1
342,325,1
342,326,1
343,326,1
344,326,1
345,327,1
346,327,1
347,328,1
348,328,1
349,328,1
350,329,1
351,329,1
352,329,1
353,330,1
354,330,1
355,330,1
356,331,1
357,331,1
358,331,1
359,332,1
360,332,1
361,332,1
362,333,1
363,333,1
364,333,1
364,334,1
365,334,1
534,424,0
717,505,1
717,506,1
717,507,1
717,508,1
717,509,1
717,510,1
717,511,1
717,512,1
717,513,1
716,514,1
716,515,1
716,516,1
716,517,1
716,518,1
716,519,1
716,520,1
716,521,1
716,522,1
716,523,1
716,524,1
715,525,1
715,526,1
715,527,1
715,528,1
715,529,1
715,530,1
715,531,1
715,532,1
715,533,1
715,534,1
715,535,1
715,536,1
715,537,1
714,538,1
714,539,1
714,540,1
714,541,1
714,542,1
714,543,1
714,544,1
714,545,1
714,546,1
714,547,1
714,548,1
714,549,1
714,550,1
714,551,1
714,552,1
714,553,1
714,554,1
713,555,1
713,556,1
713,557,1
713,558,1
713,559,1
713,560,1
713,561,1
713,562,1
713,563,1
713,564,1
713,565,1
713,566,1
713,567,1
712,567,1
712,568,1
712,569,1
712,570,1
712,571,1
712,572,1
712,573,1
711,574,1
711,575,1
711,576,1
710,577,1
709,577,1
709,576,1
708,576,1
708,575,1
707,575,1
707,574,1
707,573,1
706,573,1
706,572,1
706,571,1
705,570,1
705,569,1
705,568,1
704,567,1
704,566,1
704,565,1
703,564,1
703,563,1
703,562,1
702,561,1
702,560,1
702,559,1
702,558,1
701,557,1
701,556,1
701,555,1
700,554,1
700,553,1
699,552,1
699,551,1
698,550,1
698,549,1
698,548,1
697,547,1
697,546,1
697,545,1
696,544,1
696,543,1
695,542,1
695,541,1
694,540,1
694,539,1
693,538,1
693,537,1
692,536,1
692,535,1
691,535,1
691,534,1
690,533,1
690,532,1
689,531,1
689,530,1
688,530,1
688,529,1
687,528,1
687,527,1
686,526,1
685,525,1
684,524,1
684,523,1
683,523,1
683,522,1
682,521,1
681,520,1
680,519,1
680,518,1
679,517,1
678,517,1
678,516,1
677,515,1
676,515,1
676,514,1
675,513,1
674,513,1
674,512,1
673,511,1
672,511,1
672,510,1
671,510,1
670,509,1
669,508,1
668,507,1
667,507,1
667,506,1
666,506,1
665,505,1
664,505,1
664,504,1
663,504,1
662,503,1
661,503,1
660,502,1
659,502,1
658,501,1
657,501,1
656,500,1
655,500,1
654,499,1
653,499,1
652,499,1
651,498,1
650,498,1
649,498,1
648,497,1
647,497,1
646,497,1
645,497,1
644,496,1
643,496,1
642,496,1
641,496,1
640,496,1
639,495,1
638,495,1
637,495,1
636,495,1
635,495,1
634,495,1
633,495,1
632,495,1
631,495,1
630,495,1
629,495,1
628,495,1
627,495,1
626,495,1
625,495,1
624,495,1
623,495,1
622,495,1
621,496,1
620,496,1
619,496,1
618,496,1
617,496,1
616,497,1
615,497,1
614,497,1
613,497,1
612,498,1
611,498,1
610,498,1
610,499,1
609,499,1
608,499,1
607,500,1
606,500,1
605,500,1
605,501,1
604,501,1
603,502,1
602,502,1
601,503,1
600,504,1
599,504,1
598,505,1
597,506,1
596,506,1
595,507,1
594,508,1
593,509,1
592,510,1
591,511,1
590,512,1
590,513,1
589,513,1
589,514,1
588,515,1
588,516,1
587,516,1
587,517,1
586,518,1
586,519,1
585,520,1
585,521,1
584,522,1
584,523,1
584,524,1
583,524,1
583,525,1
583,526,1
583,527,1
582,528,1
582,529,1
582,530,1
582,531,1
581,532,1
581,533,1
581,534,1
581,535,1
581,536,1
581,537,1
581,538,1
581,539,1
581,540,1
581,541,1
581,542,1
581,543,1
581,544,1
581,545,1
581,546,1
581,547,1
582,548,1
582,549,1
582,550,1
582,551,1
582,552,1
583,552,1
583,553,1
583,554,1
584,555,1
584,556,1
585,557,1
585,558,1
586,559,1
587,560,1
587,561,1
588,562,1
589,563,1
589,564,1
590,564,1
590,565,1
591,565,1
592,566,1
593,567,1
594,567,1
594,568,1
595,568,1
596,569,1
597,570,1
598,570,1
599,570,1
600,571,1
600,572,1
601,572,1
601,573,1
602,573,1
603,574,1
604,574,1
604,575,1
605,575,1
606,575,1
607,576,1
608,576,1
609,576,1
610,577,1
611,577,1
612,577,1
613,577,1
614,577,1
615,577,1
616,577,1
617,576,1
618,576,1
619,576,1
620,575,1
621,575,1
622,574,1
623,573,1
624,572,1
625,571,1
626,570,1
627,569,0
639,559,0
771,530,1
771,531,1
771,532,1
771,533,1
771,534,1
771,535,1
771,536,1
771,537,1
771,538,1
771,539,1
772,540,1
772,541,1
772,542,1
772,543,1
773,543,1
773,544,1
773,545,1
774,546,1
774,547,1
774,548,1
774,549,1
775,550,1
775,551,1
776,551,1
776,552,1
777,553,1
778,553,1
779,553,1
780,553,1
781,553,1
778,460,0
783,390,1
783,389,1
783,388,1
783,387,1
783,386,1
783,385,1
783,384,1
783,383,1
783,382,1
783,381,1
783,380,1
783,379,1
783,378,1
783,377,1
783,376,1
783,375,1
782,374,1
782,373,1
782,372,1
782,371,1
782,370,1
782,369,1
782,368,1
782,367,1
781,366,1
781,365,1
781,364,1
781,363,1
781,362,1
780,361,1
780,360,1
780,359,1
780,358,1
780,357,1
779,356,1
779,355,1
779,354,1
779,353,1
779,352,1
778,351,1
778,350,1
778,349,1
778,348,1
778,347,1
777,346,1
777,345,1
777,344,1
776,343,1
776,342,1
776,341,1
776,340,1
775,339,1
775,338,1
775,337,1
774,336,1
774,335,1
774,334,1
774,333,1
773,332,1
773,331,1
773,330,1
772,329,1
772,328,1
772,327,1
771,326,1
771,325,1
770,324,1
770,323,1
770,322,1
769,321,1
769,320,1
768,319,1
768,318,1
767,317,1
767,316,1
767,315,1
766,314,1
766,313,1
765,312,1
765,311,1
764,310,1
764,309,1
763,308,1
763,307,1
762,306,1
762,305,1
761,304,1
761,303,1
760,302,1
760,301,1
759,300,1
758,299,1
758,298,1
757,297,1
756,296,1
755,295,1
755,294,1
754,293,1
754,292,1
753,291,1
752,291,1
752,290,1
751,289,1
750,288,1
749,287,1
749,286,1
748,285,1
747,285,1
747,284,1
746,283,1
745,283,1
744,282,1
744,281,1
743,281,1
742,280,1
742,279,1
741,279,1
740,278,1
739,277,1
738,276,1
737,275,1
736,275,1
736,274,1
735,274,1
734,273,1
733,272,1
732,272,1
732,271,1
731,271,1
730,270,1
729,270,1
728,269,1
727,269,1
727,268,1
726,268,1
725,267,1
724,267,1
723,267,1
722,266,1
721,266,1
720,265,1
719,265,1
718,264,1
717,264,1
716,264,1
715,264,1
714,263,1
713,263,1
712,263,1
711,262,1
710,262,1
709,262,1
708,262,1
707,262,1
706,262,1
705,262,1
704,261,1
703,261,1
702,262,1
701,262,1
700,262,1
699,262,1
698,262,1
697,262,1
697,263,1
696,263,1
695,263,1
694,264,1
693,264,1
692,265,1
691,266,1
690,267,1
690,268,1
689,268,1
689,269,1
689,270,1
689,271,1
689,272,1
689,273,1
689,274,1
689,275,1
689,276,1
689,277,1
690,277,1
690,278,1
690,279,1
691,279,1
691,280,1
691,281,1
692,281,1
692,282,1
693,283,1
694,284,1
694,285,1
695,285,1
695,286,1
696,287,1
697,287,1
697,288,1
698,289,1
699,289,1
700,290,1
700,291,1
701,291,1
702,292,1
703,292,1
703,293,1
704,294,1
705,294,1
706,295,1
707,295,1
708,296,1
709,297,1
710,298,1
711,298,1
712,299,1
713,300,1
714,300,1
715,301,1
716,301,1
717,302,1
718,302,1
719,303,1
720,303,1
721,304,1
722,304,1
723,304,1
724,305,1
725,305,1
726,306,1
727,306,1
728,306,1
729,307,1
730,307,1
731,307,1
732,308,1
733,308,1
734,308,1
735,309,1
736,309,1
737,310,1
875,401,0
1027,483,1
1027,484,1
1027,485,1
1027,486,1
1027,487,1
1027,488,1
1027,489,1
1027,490,1
1028,491,1
1028,492,1
1028,493,1
1028,494,1
1028,495,1
1028,496,1
1028,497,1
1028,498,1
1028,499,1
1028,500,1
1028,501,1
1028,502,1
1028,503,1
1028,504,1
1028,505,1
1027,505,1
1027,506,1
1026,506,1
1025,506,1
1024,507,1
1023,507,1
1023,508,1
1022,508,1
1021,508,1
1020,508,1
1019,508,1
1018,508,1
1017,508,1
1016,508,1
1015,508,1
1014,508,1
1013,508,1
1012,507,1
1011,507,1
1010,507,1
1009,506,1
1008,506,1
1007,506,1
1006,505,1
1005,505,1
1004,505,1
1003,504,1
1002,504,1
1001,504,1
1000,503,1
999,503,1
998,503,1
997,503,1
996,503,1
995,502,1
994,502,1
993,502,1
992,502,1
991,502,1
990,501,1
989,501,1
988,501,1
987,501,1
986,501,1
985,501,1
984,501,1
983,501,1
982,500,1
981,500,1
980,500,1
979,500,1
978,500,1
977,500,1
976,500,1
975,500,1
974,500,1
973,500,1
972,500,1
971,500,1
970,499,1
969,499,1
968,499,1
967,499,1
966,499,1
965,499,1
964,499,1
963,499,1
962,499,1
961,499,1
960,498,1
959,498,1
958,498,1
957,498,1
956,498,1
955,498,1
954,497,1
953,497,1
952,497,1
951,497,1
950,497,1
949,497,1
948,497,1
948,496,1
947,496,1
946,496,1
945,496,1
944,496,1
943,495,1
942,495,1
941,495,1
940,495,1
939,495,1
938,494,1
937,494,1
936,494,1
935,494,1
934,494,1
933,494,1
932,494,1
931,494,1
930,494,1
929,493,1
928,493,1
927,493,1
926,493,1
925,493,1
924,493,1
923,493,1
922,493,1
921,493,1
921,494,1
920,494,1
919,494,1
918,494,1
917,494,1
916,494,1
915,495,1
914,495,1
913,495,1
912,495,1
911,496,1
910,496,1
909,496,1
908,497,1
907,497,1
907,498,1
906,498,1
905,498,1
904,499,1
903,500,1
902,500,1
901,501,1
900,501,1
900,502,1
899,502,1
898,503,1
897,503,1
897,504,1
896,505,1
895,505,1
895,506,1
894,507,1
893,507,1
893,508,1
892,509,1
891,510,1
890,511,1
890,512,1
889,512,1
889,513,1
888,514,1
888,515,1
887,515,1
887,516,1
886,517,1
886,518,1
885,519,1
885,520,1
885,521,1
884,522,1
884,523,1
884,524,1
883,525,1
883,526,1
883,527,1
883,528,1
883,529,1
882,530,1
882,531,1
882,532,1
882,533,1
882,534,1
882,535,1
882,536,1
882,537,1
882,538,1
882,539,1
882,540,1
882,541,1
883,541,1
883,542,1
883,543,1
883,544,1
883,545,1
884,545,1
884,546,1
884,547,1
884,548,1
885,548,1
885,549,1
885,550,1
886,551,1
887,552,1
887,553,1
888,554,1
888,555,1
889,555,1
890,556,1
890,557,1
891,557,1
891,558,1
892,558,1
892,559,1
893,559,1
894,560,1
895,561,1
896,561,1
897,562,1
898,563,1
899,563,1
899,564,1
900,564,1
901,564,1
902,565,1
903,565,1
904,566,1
905,566,1
906,566,1
906,567,1
907,567,1
908,568,1
909,568,1
910,569,1
911,569,1
912,570,1
913,570,1
914,570,1
915,570,1
916,571,1
917,571,1
918,571,1
919,571,1
920,571,1
921,571,1
922,571,1
923,571,1
924,571,1
925,571,1
926,571,1
927,571,1
928,571,1
929,571,1
930,571,1
931,571,1
932,571,1
933,571,1
934,571,1
1019,544,0
1118,505,1
1118,506,1
1118,507,1
1118,508,1
1118,509,1
1118,510,1
1118,511,1
1118,512,1
1118,513,1
1118,514,1
1118,515,1
1118,516,1
1118,517,1
1119,517,1
1119,516,1
1120,515,1
1120,514,1
1121,513,1
1121,512,1
1122,511,1
1122,510,1
1123,509,1
1123,508,1
1124,508,1
1124,507,1
1124,506,1
1124,505,1
1125,505,1
1125,504,1
1125,503,1
1126,502,1
1126,501,1
1127,500,1
1127,499,1
1127,498,1
1127,497,1
1128,496,1
1128,495,1
1128,494,1
1128,493,1
1129,492,1
1129,491,1
1129,490,1
1129,489,1
1129,488,1
1130,487,1
1130,486,1
1130,485,1
1130,484,1
1131,483,1
1131,482,1
1131,481,1
1131,480,1
1131,479,1
1132,478,1
1132,477,1
1132,476,1
1132,475,1
1132,474,1
1132,473,1
1133,472,1
1133,471,1
1133,470,1
1133,469,1
1133,468,1
1133,467,1
1133,466,1
1134,465,1
1134,464,1
1134,463,1
1134,462,1
1134,461,1
1134,460,1
1134,459,1
1134,458,1
1134,457,1
1135,456,1
1135,455,1
1135,454,1
1135,453,1
1135,452,1
1135,451,1
1135,450,1
1135,449,1
1135,448,1
1135,447,1
1135,446,1
1135,445,1
1135,444,1
1135,443,1
1135,442,1
1136,441,1
1136,440,1
1136,439,1
1136,438,1
1136,437,1
1136,436,1
1136,435,1
1136,434,1
1136,433,1
1136,432,1
1136,431,1
1136,430,1
1136,429,1
1136,428,1
1136,427,1
1136,426,1
1136,425,1
1136,424,1
1136,423,1
1135,422,1
1135,421,1
1135,420,1
1135,419,1
1135,418,1
1135,417,1
1135,416,1
1135,415,1
1135,414,1
1135,413,1
1135,412,1
1135,411,1
1135,410,1
1134,409,1
1134,408,1
1134,407,1
1134,406,1
1134,405,1
1134,404,1
1134,403,1
1134,402,1
1134,401,1
1134,400,1
1133,399,1
1133,398,1
1133,397,1
1133,396,1
1133,395,1
1133,394,1
1132,393,1
1132,392,1
1132,391,1
1132,390,1
1132,389,1
1132,388,1
1131,387,1
1131,386,1
1131,385,1
1131,384,1
1131,383,1
1130,382,1
1130,381,1
1130,380,1
1130,379,1
1129,378,1
1129,377,1
1129,376,1
1129,375,1
1128,374,1
1128,373,1
1128,372,1
1127,371,1
1127,370,1
1127,369,1
1127,368,1
1126,367,1
1126,366,1
1126,365,1
1125,364,1
1125,363,1
1125,362,1
1124,361,1
1124,360,1
1124,359,1
1123,358,1
1123,357,1
1123,356,1
1122,355,1
1122,354,1
1121,354,1
1121,353,1
1120,352,1
1120,351,1
1119,350,1
1119,349,1
1119,348,1
1118,347,1
1118,346,1
1117,345,1
1116,344,1
1116,343,1
1115,342,1
1114,341,1
1114,340,1
1113,339,1
1113,338,1
1112,337,1
1111,336,1
1110,335,1
1109,334,1
1109,333,1
1108,332,1
1107,332,1
1107,331,1
1106,330,1
1105,329,1
1105,328,1
1104,328,1
1103,327,1
1102,326,1
1101,325,1
1100,324,1
1099,323,1
1098,322,1
1097,321,1
1096,321,1
1096,320,1
1095,320,1
1094,319,1
1093,318,1
1092,318,1
1091,317,1
1090,316,1
1089,316,1
1088,315,1
1087,315,1
1086,314,1
1085,314,1
1085,313,1
1084,313,1
1083,313,1
1082,312,1
1081,312,1
1080,312,1
1079,311,1
1078,311,1
1077,311,1
1077,310,1
1076,310,1
1075,310,1
1074,310,1
1073,310,1
1072,310,1
1071,310,1
1070,310,1
1069,309,1
1068,309,1
1067,309,1
1066,309,1
1065,309,1
1064,309,1
1063,309,1
1062,310,1
1061,310,1
1060,310,1
1059,310,1
1058,310,1
1057,311,1
1056,311,1
1055,311,1
1054,311,1
1053,312,1
1052,312,1
1051,313,1
1050,313,1
1049,314,1
1048,314,1
1047,315,1
1046,315,1
1045,316,1
1044,317,1
1043,318,1
1042,318,1
1042,319,1
1041,319,1
1040,320,1
1039,321,1
1038,322,1
1037,323,1
1036,324,1
1035,325,1
1035,326,1
1034,326,1
1034,327,1
1033,328,1
1032,329,1
1032,330,1
1031,330,1
1031,331,1
1031,332,1
1030,333,1
1030,334,1
1029,335,1
1029,336,1
1028,337,1
1028,338,1
1028,339,1
1028,340,1
1027,341,1
1027,342,1
1027,343,1
1027,344,1
1027,345,1
1027,346,1
1027,347,1
1027,348,1
1027,349,1
1027,350,1
1027,351,1
1027,352,1
1027,353,1
1027,354,1
1028,355,1
1027,356,1
1027,357,1
1027,358,1
1027,359,1
1027,360,1
1028,361,1
1028,362,1
1028,363,1
1028,364,1
1029,365,1
1029,366,1
1029,367,1
1030,368,1
1031,369,1
1031,370,1
1032,371,1
1033,372,1
1034,373,1
1034,374,1
1035,374,1
1036,375,1
1037,376,1
1038,377,1
1039,378,1
1040,378,1
1040,379,1
1041,379,1
1042,380,1
1207,393,0
1369,421,1
1370,421,1
1371,420,1
1372,420,1
1373,420,1
1374,420,1
1375,419,1
1376,419,1
1377,419,1
1378,419,1
1379,418,1
1380,418,1
1381,418,1
1382,418,1
1383,417,1
1384,417,1
1385,417,1
1386,417,1
1387,416,1
1388,416,1
1389,416,1
1390,417,1
1391,417,1
1392,418,1
1393,418,1
1393,419,1
1394,419,1
1394,420,1
1395,420,1
1396,421,1
1397,421,1
1397,422,1
1398,422,1
1398,423,1
1399,423,1
1399,424,1
1400,424,1
1400,425,1
1401,426,1
1401,427,1
1402,428,1
1402,429,1
1402,430,1
1403,430,1
1403,431,1
1403,432,1
1403,433,1
1403,434,1
1403,435,1
1403,436,1
1404,437,1
1404,438,1
1404,439,1
1404,440,1
1404,441,1
1404,442,1
1404,443,1
1404,444,1
1404,445,1
1404,446,1
1404,447,1
1403,448,1
1403,449,1
1403,450,1
1403,451,1
1403,452,1
1403,453,1
1403,454,1
1403,455,1
1403,456,1
1403,457,1
1403,458,1
1403,459,1
1403,460,1
1402,461,1
1402,462,1
1402,463,1
1402,464,1
1402,465,1
1402,466,1
1402,467,1
1402,468,1
1402,469,1
1402,470,1
1402,471,1
1401,472,1
1401,473,1
1401,474,1
1401,475,1
1401,476,1
1401,477,1
1401,478,1
1401,479,1
1401,480,1
1401,481,1
1401,482,1
1402,483,1
1402,484,1
1402,485,1
1402,486,1
1402,487,1
1402,488,1
1402,489,1
1402,490,1
1402,491,1
1402,492,1
1402,493,1
1402,494,1
1402,495,1
1403,496,1
1403,497,1
1403,498,1
1403,499,1
1403,500,1
1403,501,1
1404,502,1
1404,503,1
1404,504,1
1405,505,1
1405,506,1
1406,507,1
1406,508,1
1407,508,1
1407,509,1
1408,510,1
1409,510,1
1410,510,1
1411,511,1
1412,511,1
1413,511,1
1414,511,1
1451,500,0
1499,483,1
1499,484,1
1499,485,1
1499,486,1
1499,487,1
1499,488,1
1499,489,1
1499,490,1
1499,491,1
1498,492,1
1498,493,1
1498,494,1
1498,495,1
1498,496,1
1498,497,1
1498,498,1
1497,499,1
1497,500,1
1497,501,1
1497,502,1
1497,503,1
1497,504,1
1497,505,1
1496,506,1
1496,507,1
1496,508,1
1496,509,1
1496,510,1
1495,511,1
1495,512,1
1495,513,1
1495,514,1
1495,515,1
1495,516,1
1495,517,1
1494,518,1
1494,519,1
1494,520,1
1494,521,1
1494,522,1
1493,523,1
1493,524,1
1493,525,1
1493,526,1
1493,527,1
1493,528,1
1492,529,1
1492,530,1
1492,531,1
1492,532,1
1492,533,1
1491,534,1
1491,535,1
1491,536,1
1491,537,1
1491,538,1
1490,539,1
1490,540,1
1490,541,1
1490,542,1
1490,543,1
1489,544,1
1489,545,1
1489,546,1
1489,547,1
1489,548,1
1488,549,1
1488,550,1
1488,551,1
1488,552,1
1488,553,1
1487,554,1
1487,555,1
1487,556,1
1487,557,1
1487,558,1
1486,559,1
1486,560,1
1486,561,1
1486,562,1
1485,563,1
1485,564,1
1485,565,1
1485,566,1
1484,567,1
1484,568,1
1484,569,1
1483,570,1
1483,571,1
1483,572,1
1483,573,1
1482,573,1
900,449,0
299,340,1
300,340,1
301,340,1
302,340,1
303,340,1
304,340,1
305,340,1
306,340,1
307,340,1
308,340,1
309,340,1
310,340,1
311,340,1
312,340,1
313,340,1
314,340,1
315,340,1
316,340,1
317,339,1
318,339,1
319,339,1
320,339,1
321,339,1
322,339,1
323,339,1
324,339,1
325,339,1
326,339,1
327,339,1
328,339,1
329,339,1
330,339,1
331,339,1
332,339,1
333,339,1
334,339,1
335,339,1
336,339,1
337,339,1
338,339,1
339,339,1
340,339,1
341,338,1
342,338,1
343,338,1
344,338,1
345,338,1
346,338,1
347,338,1
348,338,1
349,338,1
350,338,1
351,338,1
352,338,1
353,338,1
354,338,1
355,338,1
356,338,1
357,338,1
358,338,1
359,338,1
360,338,1
361,338,1
362,338,1
363,338,1
364,338,1
365,338,1
366,338,1
367,337,1
368,337,1
369,337,1
370,337,1
371,337,1
372,337,1
373,337,1
374,337,1
375,337,1
376,337,1
377,337,1
378,337,1
379,337,1
380,337,1
381,337,1
382,337,1
383,337,1
384,337,1
385,337,1
386,337,1
387,337,1
388,337,1
389,337,1
390,337,1
391,337,1
392,337,1
393,337,1
394,337,1
395,337,1
396,337,1
397,337,1
398,336,1
399,336,1
400,336,1
401,336,1
402,336,1
403,336,1
404,336,1
405,336,1
406,336,1
407,336,1
408,336,1
409,336,1
410,336,1
411,336,1
412,336,1
413,336,1
414,336,1
415,336,1
416,336,1
417,336,1
418,336,1
419,336,1
420,336,1
421,336,1
422,336,1
423,336,1
424,336,1
425,336,1
426,336,1
427,336,1
428,336,1
429,336,1
430,336,1
431,336,1
432,336,1
433,336,1
434,336,1
435,336,1
436,336,1
437,336,1
438,335,1
439,335,1
440,335,1
441,335,1
442,335,1
443,335,1
444,335,1
445,335,1
446,335,1
447,335,1
448,335,1
449,335,1
450,335,1
451,335,1
452,335,1
453,335,1
454,335,1
455,335,1
456,335,1
457,335,1
458,335,1
459,335,1
460,335,1
461,335,1
462,335,1
463,335,1
464,335,1
465,335,1
466,335,1
467,335,1
468,335,1
469,334,1
470,334,1
471,334,1
472,334,1
473,334,1
474,334,1
475,334,1
476,334,1
477,334,1
478,334,1
479,334,1
480,334,1
481,334,1
482,334,1
483,334,1
484,334,1
485,334,1
486,334,1
487,334,1
488,334,1
489,334,1
490,334,1
491,334,1
492,334,1
493,334,1
494,334,1
495,334,1
496,334,1
497,334,1
498,334,1
499,334,1
500,334,1
501,333,1
502,333,1
503,333,1
504,333,1
505,333,1
506,333,1
507,333,1
508,333,1
509,333,1
510,333,1
511,333,1
512,333,1
513,333,1
514,333,1
515,333,1
516,333,1
517,333,1
518,333,1
519,333,1
520,333,1
521,333,1
522,333,1
523,333,1
524,333,1
525,333,1
526,333,1
527,333,1
528,333,1
529,333,1
530,333,1
531,333,1
532,332,1
533,332,1
534,332,1
535,332,1
536,332,1
537,332,1
538,332,1
539,332,1
540,332,1
541,332,1
542,332,1
543,332,1
544,332,1
545,332,1
546,332,1
547,332,1
548,332,1
549,332,1
550,332,1
551,332,1
552,332,1
553,332,1
554,332,1
555,332,1
556,332,1
557,331,1
558,331,1
559,331,1
560,331,1
561,331,1
562,331,1
563,331,1
564,331,1
565,331,1
566,331,1
567,331,1
568,331,1
569,331,1
570,331,1
571,331,1
572,331,1
573,331,1
574,331,1
575,331,1
576,331,1
577,331,1
578,331,1
579,331,1
580,331,1
581,331,1
582,331,1
583,331,1
584,331,1
585,331,1
586,331,1
587,331,1
588,330,1
589,330,1
590,330,1
591,330,1
592,330,1
593,330,1
594,330,1
595,330,1
596,330,1
597,330,1
598,330,1
599,330,1
600,330,1
601,330,1
602,330,1
603,330,1
604,330,1
605,330,1
606,330,1
607,330,1
608,330,1
609,330,1
610,330,1
611,329,1
612,329,1
613,329,1
614,329,1
615,329,1
616,329,1
617,329,1
618,329,1
619,329,1
620,329,1
621,329,1
622,329,1
623,329,1
624,329,1
625,329,1
626,329,1
627,329,1
628,329,1
629,329,1
630,329,1
631,329,1
632,329,1
633,329,1
634,329,1
635,329,1
636,329,1
637,329,1
638,329,1
639,329,1
640,329,1
641,329,1
642,328,1
643,328,1
644,328,1
645,328,1
646,328,1
647,328,1
648,328,1
649,328,1
650,328,1
651,328,1
652,328,1
653,328,1
654,328,1
655,328,1
656,328,1
657,328,1
658,328,1
659,328,1
660,328,1
661,328,1
662,328,1
663,328,1
664,328,1
665,328,1
666,328,1
667,328,1
668,328,1
669,328,1
670,328,1
671,328,1
672,328,1
673,327,1
674,327,1
675,327,1
676,327,1
677,327,1
678,327,1
679,327,1
680,327,1
681,327,1
682,327,1
683,327,1
684,327,1
685,327,1
686,327,1
687,327,1
688,327,1
689,327,1
690,327,1
691,327,1
692,327,1
693,327,1
694,327,1
695,327,1
696,327,1
697,327,1
698,327,1
699,327,1
700,327,1
701,327,1
702,327,1
703,327,1
704,326,1
705,326,1
706,326,1
707,326,1
708,326,1
709,326,1
710,326,1
711,326,1
712,326,1
713,326,1
714,326,1
715,326,1
716,326,1
717,326,1
718,326,1
719,326,1
720,326,1
721,326,1
722,326,1
723,326,1
724,326,1
725,326,1
726,326,1
727,326,1
728,325,1
729,325,1
730,325,1
731,325,1
732,325,1
733,325,1
734,325,1
735,325,1
736,325,1
737,325,1
738,325,1
739,325,1
740,325,1
741,325,1
742,325,1
743,325,1
744,325,1
745,325,1
746,325,1
747,325,1
748,325,1
749,325,1
750,325,1
751,325,1
752,325,1
753,325,1
754,325,1
755,325,1
756,325,1
757,325,1
758,325,1
759,324,1
760,324,1
761,324,1
762,324,1
763,324,1
764,324,1
765,324,1
766,324,1
767,324,1
768,324,1
769,324,1
770,324,1
771,324,1
772,324,1
773,324,1
774,324,1
775,324,1
776,324,1
777,324,1
778,324,1
779,324,1
780,323,1
781,323,1
782,323,1
783,323,1
784,323,1
785,323,1
786,323,1
787,323,1
788,323,1
789,323,1
790,323,1
791,323,1
792,323,1
793,323,1
794,323,1
795,323,1
796,323,1
797,323,1
798,323,1
799,323,1
800,323,1
801,323,1
802,323,1
803,323,1
804,323,1
805,323,1
806,323,1
807,323,1
808,323,1
809,323,1
810,323,1
811,322,1
812,322,1
813,322,1
814,322,1
815,322,1
816,322,1
817,322,1
818,322,1
819,322,1
820,322,1
821,322,1
822,322,1
823,322,1
824,322,1
825,322,1
826,322,1
827,322,1
828,322,1
829,322,1
830,322,1
831,322,1
832,322,1
833,322,1
834,322,1
835,321,1
836,321,1
837,321,1
838,321,1
839,321,1
840,321,1
841,321,1
842,321,1
843,321,1
844,321,1
845,321,1
846,321,1
847,321,1
848,321,1
849,321,1
850,321,1
851,321,1
852,321,1
853,321,1
854,321,1
855,321,1
856,321,1
857,321,1
858,321,1
859,321,1
860,321,1
861,321,1
862,321,1
863,321,1
864,321,1
865,320,1
866,320,1
867,320,1
868,320,1
869,320,1
870,320,1
871,320,1
872,320,1
873,320,1
874,320,1
875,320,1
876,320,1
877,320,1
878,320,1
879,320,1
880,320,1
881,320,1
882,320,1
883,320,1
884,320,1
885,320,1
886,320,1
887,320,1
888,320,1
889,320,1
890,320,1
891,320,1
892,320,1
893,320,1
894,320,1
895,320,1
896,320,1
897,319,1
898,319,1
899,319,1
900,319,1
901,319,1
902,319,1
903,319,1
904,319,1
905,319,1
906,319,1
907,319,1
908,319,1
909,319,1
910,319,1
911,319,1
912,319,1
913,319,1
914,319,1
915,319,1
916,319,1
917,319,1
918,319,1
919,319,1
920,319,1
921,319,1
922,319,1
923,319,1
924,319,1
925,319,1
926,319,1
927,319,1
928,318,1
929,318,1
930,318,1
931,318,1
932,318,1
933,318,1
934,318,1
935,318,1
936,318,1
937,318,1
938,318,1
939,318,1
940,318,1
941,318,1
942,318,1
943,318,1
944,318,1
945,318,1
946,318,1
947,318,1
948,318,1
949,318,1
950,318,1
951,318,1
952,318,1
953,318,1
954,318,1
955,318,1
956,318,1
957,318,1
958,318,1
959,318,1
960,318,1
961,318,1
962,318,1
963,318,1
964,318,1
965,318,1
966,318,1
967,318,1
968,318,1
969,318,1
970,318,1
971,318,1
972,318,1
973,318,1
974,318,1
975,318,1
976,318,1
977,318,1
978,318,1
979,318,1
980,318,1
981,318,1
982,318,1
983,318,1
984,318,1
985,318,1
986,318,1
987,318,1
988,318,1
989,318,1
990,318,1
991,318,1
992,318,1
993,318,1
994,317,1
995,317,1
996,317,1
997,317,1
998,317,1
999,317,1
1000,317,1
1001,317,1
1002,317,1
1003,317,1
1004,317,1
1005,317,1
1006,317,1
1007,317,1
1008,317,1
1009,317,1
1010,317,1
1011,317,1
1012,317,1
1013,317,1
1014,317,1
1015,317,1
1016,317,1
1017,317,1
1018,317,1
1019,317,1
1020,317,1
1021,317,1
1022,317,1
1023,317,1
1024,317,1
1025,317,1
1026,317,1
1027,317,1
1028,317,1
1029,317,1
1030,317,1
1031,317,1
1032,317,1
1033,317,1
1034,317,1
1035,317,1
1036,317,1
1037,317,1
1038,317,1
1039,317,1
1040,317,1
1041,317,1
1042,317,1
1043,317,1
1044,317,1
1045,317,1
1046,317,1
1047,317,1
1048,317,1
1049,317,1
1050,317,1
1051,317,1
1052,317,1
1053,317,1
1054,317,1
1055,317,1
1056,317,1
1057,317,1
1058,317,1
1059,317,1
1060,317,1
1061,317,1
1062,317,1
1063,317,1
1064,317,1
1065,317,1
1066,317,1
1067,317,1
1068,317,1
1069,317,1
1070,317,1
1071,317,1
1072,317,1
1073,317,1
1074,317,1
1075,317,1
1076,317,1
1077,317,1
1078,317,1
1079,317,1
1080,317,1
1081,317,1
1082,317,1
1083,317,1
1084,317,1
1085,317,1
1086,317,1
1087,317,1
1088,317,1
1089,317,1
1090,317,1
1091,317,1
1092,317,1
1093,317,1
1094,317,1
1095,317,1
1096,317,1
1097,317,1
1098,317,1
1099,317,1
1100,317,1
1101,317,1
1102,317,1
1103,316,1
1104,316,1
1105,316,1
1106,316,1
1107,316,1
1108,316,1
1109,316,1
1110,316,1
1111,316,1
1112,316,1
1113,316,1
1114,316,1
1115,316,1
1116,316,1
1117,316,1
1118,316,1
1119,316,1
1120,316,1
1121,316,1
1122,316,1
1123,316,1
1124,316,1
1125,316,1
1126,316,1
1127,316,1
1128,316,1
1129,316,1
1130,316,1
1131,316,1
1132,316,1
1133,315,1
1134,315,1
1135,315,1
1136,315,1
1137,315,1
1138,315,1
1139,315,1
1140,315,1
1141,315,1
1142,315,1
1143,315,1
1144,315,1
1145,315,1
1146,315,1
1147,315,1
1148,315,1
1149,315,1
1150,315,1
1151,315,1
1152,315,1
1153,315,1
1154,315,1
1155,315,1
1156,315,1
1157,315,1
1158,315,1
1159,315,1
1160,315,1
1161,315,1
1162,315,1
1163,315,1
1164,315,1
1165,315,1
1166,315,1
1167,315,1
1168,315,1
1169,315,1
1170,315,1
1171,315,1
1172,315,1
1173,315,1
1174,315,1
1175,315,1
1176,315,1
1177,315,1
1178,315,1
1179,315,1
1180,315,1
1181,315,1
1182,315,1
1183,315,1
1184,315,1
1185,315,1
1186,315,1
1187,315,1
1188,315,1
1189,315,1
1190,315,1
1191,315,1
1192,315,1
1193,315,1
1194,315,1
1195,315,1
1196,315,1
1197,315,1
1198,315,1
1199,315,1
1200,315,1
1201,315,1
1202,315,1
1203,315,1
1204,315,1
1205,315,1
1206,315,1
1207,315,1
1208,315,1
1209,315,1
1210,315,1
1211,315,1
1212,315,1
1213,315,1
1214,315,1
1215,315,1
1216,315,1
1217,315,1
1218,315,1
1219,315,1
1220,315,1
1221,315,1
1222,315,1
1223,315,1
1224,315,1
1225,315,1
1226,315,1
1227,315,1
1228,315,1
1229,315,1
1230,315,1
1231,315,1
1232,315,1
1233,315,1
1234,315,1
1235,315,1
1236,315,1
1237,315,1
1238,315,1
1239,315,1
1240,315,1
1241,315,1
1242,315,1
1243,315,1
1244,315,1
1245,315,1
1246,315,1
1247,315,1
1248,315,1
1249,315,1
1250,315,1
1251,315,1
1252,315,1
1253,315,1
1254,315,1
1255,315,1
1256,315,1
1257,315,1
1258,315,1
1259,315,1
1260,315,1
1261,315,1
1262,315,1
1263,315,1
1264,315,1
1265,315,1
1266,315,1
1267,315,1
1268,315,1
1269,315,1
1270,315,1
1271,314,1
1272,314,1
1273,314,1
1274,314,1
1275,314,1
1276,314,1
1277,314,1
1278,314,1
1279,314,1
1280,314,1
1281,314,1
1282,314,1
1283,314,1
1284,314,1
1285,314,1
1286,314,1
1287,314,1
1288,314,1
1289,314,1
1290,314,1
1291,314,1
1292,314,1
1293,314,1
1294,314,1
1295,314,1
1296,314,1
1297,314,1
1298,314,1
1299,314,1
1300,314,1
1301,314,1
1302,313,1
1303,313,1
1304,313,1
1305,313,1
1306,313,1
1307,313,1
1308,313,1
1309,313,1
1310,313,1
1311,313,1
1312,313,1
1313,313,1
1314,313,1
1315,313,1
1316,313,1
1317,313,1
1318,313,1
1319,313,1
1320,313,1
1321,313,1
1322,313,1
1323,313,1
1324,313,1
1325,313,1
1326,313,1
1327,313,1
1328,313,1
1329,313,1
1330,313,1
1331,313,1
1332,313,1
1333,313,1
1334,313,1
1335,313,1
1336,313,1
1337,313,1
1338,313,1
1339,313,1
1340,313,1
1341,313,1
1342,313,1
1343,313,1
1344,313,1
1345,313,1
1346,313,1
1347,313,1
1348,313,1
1349,313,1
1350,313,1
1351,313,1
1352,313,1
1353,313,1
1354,313,1
1355,313,1
1356,313,1
1357,313,1
1358,313,1
1359,313,1
1360,313,1
1361,313,1
1362,313,1
1363,313,1
1364,313,1
1365,313,1
1366,313,1
1367,313,1
1368,313,1
1369,313,1
1370,313,1
1371,313,1
1372,313,1
1373,313,1
1374,313,1
1375,313,1
1376,313,1
1377,313,1
1378,313,1
1379,313,1
1380,313,1
1381,313,1
1382,313,1
1383,313,1
1384,313,1
1385,313,1
1386,313,1
1387,313,1
1388,313,1
1389,313,1
1390,313,1
1391,313,1
1392,313,1
1393,313,1
1394,313,1
1395,313,1
1396,313,1
1397,313,1
1398,313,1
1399,313,1
1400,313,1
1401,313,1
1402,313,1
1403,313,1
1404,313,1
1405,313,1
1406,313,1
1407,313,1
1408,313,1
1409,313,1
1410,313,1
1411,313,1
1412,313,1
1413,313,1
1414,313,1
1415,313,1
1416,313,1
1417,313,1
1418,313,1
1419,313,1
1420,313,1
1421,313,1
1422,313,1
1423,313,1
1424,313,1
1425,313,1
1426,313,1
1427,313,1
1428,313,1
1429,313,1
1430,313,1
1431,313,1
1432,313,1
1433,313,1
1434,313,1
1435,313,1
1436,313,1
1437,313,1
1438,313,1
1439,313,1
1440,313,1
1441,313,1
1442,313,1
1443,313,1
1444,313,1
1445,313,1
1446,313,1
1447,313,1
1448,313,1
1449,313,1
1450,313,1
1451,313,1
1452,313,1
1453,313,1
1454,313,1
1455,313,1
1456,313,1
1457,313,1
1458,313,1
1459,313,1
1460,313,1
1461,313,1
1462,313,1
1463,313,1
1464,313,1
1465,313,1
1466,313,1
1467,313,1
1468,313,1
1469,313,1
1470,313,1
1471,313,1
1472,313,1
1473,313,1
1474,313,1
1475,313,1
1476,313,1
1477,313,1
1478,313,1
1479,313,1
1480,313,1
1481,313,1
1482,313,1
1483,313,1
1484,313,1
1485,313,1
1486,313,1
1487,313,1
1488,313,1
1489,313,1
1490,313,1
1491,313,1
1492,313,1
1493,313,1
1494,313,1
1495,313,1
1496,313,1
1497,313,1
1498,313,1
1499,313,1
1500,313,1
1501,313,1
1502,313,1
1503,313,1
1504,313,1
1505,313,1
1506,313,1
1507,313,1
1508,313,1
1509,313,1
1510,313,1
1511,313,1
1512,313,1
1513,313,1
1514,313,1
1515,313,1
1516,313,1
1517,313,1
1518,313,1
1519,313,1
1520,313,1
1521,313,1
1522,313,1
1523,313,1
1524,313,1
1525,313,1
1526,313,1
1527,313,1
1528,313,1
1529,313,1
1530,313,1
1531,313,1
1532,313,1
1533,313,1
1534,313,1
1535,313,1
1536,313,1
1537,313,1
1538,313,1
1539,313,1
1540,313,1
1541,313,1
1542,313,1
1543,313,1
1544,313,1
1545,313,1
1546,313,1
1547,313,1
1548,313,1
1549,313,1
1550,313,1
1551,313,1
1552,313,1
1553,313,1
1554,313,1
1555,313,1
1556,313,1
1557,313,1
1558,313,1
1559,313,1
1560,313,1
1561,313,1
1562,313,1
1563,313,1
1564,313,1
1565,313,1
1566,313,1
1567,313,1
1568,313,1
1569,313,1
1570,313,1
1571,313,1
1572,313,1
1573,313,1
1574,313,1
1575,313,1
1576,313,1
1577,313,1
1578,313,1
1579,313,1
1580,313,1
1581,313,1
1582,313,1
1583,313,1
1584,313,1
1585,313,1
1586,313,1
1587,313,1
1588,313,1
1589,313,1
1590,313,1
1591,313,1
1592,313,1
1593,313,1
1594,313,1
1595,313,1
1596,313,1
1597,313,1
1598,313,1
1599,313,1
1600,313,1
1601,313,1
1602,313,1
1603,313,1
1604,313,1
1605,313,1
1606,313,1
1607,313,1
1608,313,1
1609,313,1
1610,313,1
1611,313,1
1612,313,1
1613,313,1
1614,313,1
1615,313,1
1616,313,1
1617,313,1
1618,313,1
1619,313,1
1620,313,1
1621,313,1
1622,313,1
1623,313,1
1624,313,1
1625,313,1
1626,313,1
1627,313,1
1628,313,1
1629,313,1
1630,313,1
1631,313,1
1632,313,1
1633,313,1
1634,313,1
1635,313,1
1636,313,1
1637,313,1
1638,313,1
1639,313,1
1640,313,1
1641,313,1
1642,313,1
1643,313,1
1644,313,1
1645,313,1
1646,313,1
1647,313,1
1648,313,1
1649,313,1
1650,313,1
1651,313,1
1652,313,1
1653,313,1
1654,313,1
1655,313,1
1656,313,1
1657,313,1
1658,313,1
1659,313,1
1660,313,1
1661,313,1
1662,313,1
1663,313,1
1664,313,1
1665,313,1
1666,313,1
1667,313,1
1668,313,1
1669,313,1
1670,313,1
1671,313,1
1672,313,1
1673,313,1
1674,313,1
1675,313,1
1676,313,1
1677,313,1
1678,313,1
1679,313,1
1680,313,1
1681,313,1
1682,313,1
1683,313,1
1684,313,1
1685,313,1
1686,313,1
1687,313,1
1688,313,1
1689,313,1
1690,313,1
1691,313,1
1692,313,1
1693,313,1
1694,313,1
1695,313,1
1696,313,1
1697,313,1
1698,313,1
1699,313,1
1700,313,1
1701,313,1
1702,313,1
1703,313,1
1704,313,1
1705,313,1
1706,313,1
1707,313,1
1708,313,1
1709,313,1
1710,313,1
1711,313,1
1712,313,1
1713,313,1
1714,313,1
1715,313,1
1716,313,1
1717,313,1
1718,313,1
1719,313,1
1720,313,1
1721,313,1
1722,313,1
1723,313,1
1724,313,1
1725,313,1
1726,313,1
1727,313,1
1728,313,1
1729,313,1
1730,313,1
1731,313,1
1732,313,1
1733,313,1
1734,313,1
1735,313,1
1736,313,1
1737,313,1
1738,313,1
1739,313,1
1740,313,1
1741,313,1
1742,313,1
1743,313,1
1744,313,1
1745,313,1
1746,313,1
1747,313,1
1748,313,1
1749,313,1
1750,313,1
1751,313,1
1752,313,1
1753,313,1
1754,313,1
1755,313,1
1756,313,1
1757,313,1
1758,313,1
1759,313,1
1760,313,1
1761,313,1
1762,313,1
1763,313,1
1764,313,1
1765,313,1
1766,313,1
1767,313,1
1768,313,1
1769,314,1
1770,314,1
1771,314,1
1772,314,1
1773,314,1
1774,314,1
1775,314,1
1776,314,1
1777,314,1
1778,314,1
1779,314,1
1780,314,1
1781,314,1
1782,314,1
1783,314,1
1784,314,1
1785,314,1
1786,314,1
1787,314,1
1788,314,1
1789,314,1
1790,314,1
1791,314,1
1792,314,1
1793,314,1
1794,314,1
1795,314,1
1796,314,1
1797,314,1
1798,314,1
1799,315,1
1800,315,1
1801,315,1
1802,315,1
1803,315,1
1804,315,1
1805,315,1
1806,315,1
1807,315,1
1808,315,1
1809,315,1
1810,315,1
1811,315,1
1812,315,1
1813,315,1
1814,315,1
1815,315,1
1816,315,1
1817,315,1
1818,315,1
1819,315,1
1820,315,1
1821,315,1
1822,315,1
1823,315,1
1824,315,1
1825,315,1
1826,315,1
1827,315,1
1828,315,1
1829,315,1
1830,315,1
1831,315,1
1832,315,1
1833,315,1
1834,315,1
1835,315,1
1836,315,1
1837,315,1
1838,315,1
1839,315,1
1840,315,1
1841,315,1
1842,315,1
1843,315,1
1844,315,1
1845,315,1
1846,315,1
1847,315,1
1848,315,1
1849,315,1
1850,315,1
1851,315,1
1852,315,1
1853,315,1
1854,315,1
1855,315,1
1856,315,1
1857,315,1
1858,315,1
1859,315,1
1860,315,1
1861,315,1
1862,315,1
1863,315,1
1864,315,1
1865,315,1
1866,315,1
1867,315,1
1868,315,1
1869,315,1
1870,315,1
1871,315,1
1872,315,1
1873,315,1
1874,315,1
1875,315,1
1876,315,1
1877,315,1
1878,315,1
1879,315,1
1880,315,1
1881,315,1
1882,315,1
1883,315,1
1884,315,1
1885,315,1
1886,315,1
1887,315,1
1888,315,1
1889,315,1
1890,315,1
1891,315,1
1892,315,1
1893,315,1
1894,315,1
1895,315,1
1896,315,1
1897,315,1
1898,315,1
1899,315,1
1900,315,1
1901,315,1
1902,315,1
1903,315,1
1904,315,1
1905,315,1
1906,315,1
1907,315,1
1908,314,1
1909,314,1
1910,314,1
1911,314,1
1912,314,1
1913,314,1
1914,314,1
1915,314,1
1916,314,1
1917,314,1
1918,314,1
1919,313,1
1920,313,1
1921,313,1
1921,312,1
1922,312,1
1922,311,1
1924,311,0
