354,449,1
355,449,1
356,449,1
357,449,1
358,449,1
359,448,1
360,448,1
361,448,1
362,448,1
363,448,1
364,448,1
365,447,1
366,447,1
367,447,1
368,447,1
369,447,1
370,447,1
371,446,1
372,446,1
373,446,1
374,446,1
375,446,1
376,446,1
377,445,1
378,445,1
379,445,1
380,445,1
381,445,1
382,445,1
383,444,1
384,444,1
385,444,1
386,444,1
387,444,1
388,443,1
389,443,1
390,443,1
391,443,1
392,443,1
393,443,1
394,442,1
395,442,1
396,442,1
397,442,1
398,442,1
399,442,1
400,441,1
401,441,1
402,441,1
403,441,1
404,441,1
405,441,1
406,440,1
407,440,1
408,440,1
409,440,1
410,440,1
411,440,1
412,440,1
413,439,1
414,439,1
415,439,1
416,439,1
417,439,1
418,438,1
419,438,1
420,438,1
421,438,1
422,438,1
423,438,1
424,437,1
425,437,1
426,437,1
427,437,1
428,437,1
429,437,1
430,437,1
431,436,1
432,436,1
433,436,1
434,436,1
435,436,1
436,436,1
437,435,1
438,435,1
439,435,1
440,435,1
441,435,1
442,435,1
443,435,1
444,435,1
445,435,1
445,434,1
446,434,1
447,434,1
448,434,1
449,434,1
450,434,1
451,434,1
452,434,1
453,434,1
453,435,1
454,435,1
455,435,1
455,436,1
455,437,1
454,437,1
417,469,1
417,470,1
416,470,1
416,471,1
416,472,1
416,473,1
415,474,1
415,475,1
415,476,1
415,477,1
415,478,1
415,479,1
415,480,1
416,481,1
416,482,1
416,483,1
416,484,1
417,484,1
417,485,1
418,486,1
418,487,1
419,488,1
419,489,1
420,489,1
420,490,1
421,490,1
421,491,1
422,491,1
422,492,1
423,492,1
424,493,1
425,493,1
425,494,1
426,494,1
427,494,1
428,495,1
429,495,1
430,496,1
431,496,1
432,496,1
433,497,1
434,497,1
435,497,1
436,497,1
437,498,1
438,498,1
439,498,1
440,498,1
441,498,1
442,498,1
443,498,1
444,498,1
445,498,1
446,499,1
447,499,1
448,499,1
449,499,1
450,499,1
451,499,1
452,499,1
453,499,1
454,499,1
455,499,1
456,499,1
457,499,1
458,499,1
459,499,1
460,499,1
461,499,1
462,499,1
463,499,1
464,499,1
465,499,1
466,499,1
467,499,1
468,499,1
469,499,1
470,499,1
471,499,1
472,499,1
473,499,1
474,499,1
475,499,1
476,499,1
477,499,1
478,500,1
479,500,1
480,500,1
481,500,1
482,500,1
482,501,1
483,501,1
484,501,1
485,502,1
486,502,1
486,503,1
487,503,1
488,504,1
488,505,1
489,506,1
489,507,1
489,508,1
489,509,1
488,509,1
488,510,1
488,511,1
487,512,1
487,513,1
486,514,1
486,515,1
485,515,1
485,516,1
484,517,1
483,518,1
482,518,1
482,519,1
481,520,1
480,521,1
480,522,1
479,522,1
478,523,1
478,524,1
477,524,1
476,525,1
475,526,1
474,527,1
473,528,1
473,529,1
472,529,1
471,530,1
471,531,1
470,531,1
470,532,1
469,533,1
468,533,1
468,534,1
467,535,1
466,536,1
465,537,1
465,538,1
464,538,1
464,539,1
463,540,1
463,541,1
462,541,1
462,542,1
461,543,1
461,544,1
460,544,1
460,545,1
459,546,1
459,547,1
459,548,1
458,548,1
458,549,1
457,550,1
457,551,1
457,552,1
456,553,1
456,554,1
456,555,1
456,556,1
456,557,1
455,558,1
455,559,1
455,560,1
455,561,1
455,562,1
455,563,1
456,564,1
456,565,1
456,566,1
456,567,1
456,568,1
457,569,1
457,570,1
458,571,1
458,572,1
459,573,1
459,574,1
460,574,1
460,575,1
461,576,1
462,577,1
463,578,1
464,578,1
464,579,1
465,579,1
466,580,1
467,580,1
468,581,1
469,581,1
470,582,1
471,582,1
472,583,1
473,583,1
474,583,1
475,583,1
475,584,1
476,584,1
477,584,1
478,584,1
479,584,1
480,584,1
481,584,1
482,585,1
483,585,1
484,585,1
485,585,1
486,585,1
487,585,1
488,585,1
489,585,1
490,585,1
491,585,1
492,585,1
493,585,1
494,585,1
495,584,1
496,584,1
497,584,1
498,584,1
499,584,1
500,584,1
501,584,1
502,584,1
503,584,1
504,583,1
505,583,1
506,583,1
507,583,1
508,583,1
509,582,1
510,582,1
511,582,1
512,582,1
513,581,1
514,581,1
515,581,1
516,581,1
517,580,1
518,580,1
519,580,1
520,580,1
521,579,1
522,579,1
523,579,1
524,579,1
525,578,1
526,578,1
527,578,1
528,577,1
529,577,1
530,577,1
531,577,1
532,576,1
533,576,1
534,576,1
534,575,1
535,575,1
536,575,1
537,574,1
538,574,1
539,574,1
540,573,1
541,573,1
542,573,1
543,572,1
544,572,1
545,572,1
546,571,1
547,571,1
548,570,1
549,570,1
550,569,1
551,569,1
552,569,1
553,568,1
554,568,1
555,568,1
556,567,1
557,567,1
558,566,1
559,566,1
560,566,1
561,565,1
562,564,1
563,564,1
564,564,1
565,563,1
566,563,1
567,562,1
568,562,1
569,562,1
570,561,1
571,561,1
571,560,1
572,560,1
573,560,1
574,559,1
575,559,1
576,558,1
577,558,1
578,557,1
579,557,1
580,557,1
580,556,1
581,556,1
582,555,1
583,555,1
584,555,1
585,554,1
586,554,1
587,553,1
588,553,1
588,552,1
589,552,1
590,551,1
591,551,1
592,551,1
593,550,1
594,550,1
594,549,1
595,549,1
596,548,1
597,548,1
598,547,1
599,547,1
600,547,1
601,546,1
601,545,1
602,545,1
602,544,1
624,510,0
656,454,1
656,455,1
656,456,1
656,457,1
656,458,1
656,459,1
656,460,1
657,461,1
657,462,1
657,463,1
657,464,1
657,465,1
657,466,1
657,467,1
658,468,1
658,469,1
658,470,1
658,471,1
658,472,1
658,473,1
658,474,1
658,475,1
658,476,1
659,477,1
659,478,1
659,479,1
659,480,1
659,481,1
659,482,1
659,483,1
659,484,1
659,485,1
659,486,1
659,487,1
660,488,1
660,489,1
660,490,1
660,491,1
660,492,1
660,493,1
660,494,1
660,495,1
660,496,1
661,497,1
661,498,1
661,499,1
661,500,1
661,501,1
661,502,1
661,503,1
661,504,1
661,505,1
661,506,1
661,507,1
662,508,1
662,509,1
662,510,1
662,511,1
662,512,1
662,513,1
662,514,1
662,515,1
662,516,1
662,517,1
662,518,1
662,519,1
663,520,1
663,521,1
663,522,1
663,523,1
663,524,1
663,525,1
663,526,1
663,527,1
663,528,1
663,529,1
663,530,1
664,531,1
664,532,1
664,533,1
664,534,1
664,535,1
664,536,1
664,537,1
664,538,1
664,539,1
664,540,1
664,541,1
664,542,1
664,543,1
664,544,1
665,545,1
665,546,1
665,547,1
665,548,1
665,549,1
665,550,1
665,551,1
665,552,1
665,553,1
665,554,1
665,555,1
665,556,1
665,557,1
665,558,1
665,559,1
665,560,1
665,561,1
665,562,1
666,562,1
666,563,1
666,564,1
666,565,1
666,566,1
666,567,1
666,568,1
666,569,1
666,570,1
666,571,1
666,572,1
666,573,1
666,574,1
666,575,1
666,576,1
665,577,1
665,578,1
665,577,1
664,576,1
664,575,1
715,518,0
759,454,1
759,455,1
760,456,1
760,457,1
761,458,1
761,459,1
761,460,1
761,461,1
762,462,1
762,463,1
762,464,1
763,464,1
763,465,1
763,466,1
764,467,1
764,468,1
764,469,1
765,470,1
765,471,1
765,472,1
766,473,1
766,474,1
766,475,1
767,476,1
767,477,1
768,478,1
768,479,1
768,480,1
768,481,1
769,482,1
769,483,1
769,484,1
770,485,1
770,486,1
770,487,1
770,488,1
771,489,1
771,490,1
771,491,1
771,492,1
772,493,1
772,494,1
772,495,1
773,496,1
773,497,1
773,498,1
774,499,1
774,500,1
774,501,1
774,502,1
774,503,1
775,504,1
775,505,1
775,506,1
775,507,1
776,508,1
776,509,1
776,510,1
776,511,1
777,512,1
777,513,1
777,514,1
777,515,1
777,516,1
778,517,1
778,518,1
778,519,1
778,520,1
778,521,1
779,522,1
779,523,1
779,524,1
779,525,1
780,526,1
780,527,1
780,528,1
781,528,1
781,529,1
781,530,1
781,531,1
782,531,1
782,532,1
783,533,1
783,534,1
784,534,1
785,535,1
786,535,1
786,534,1
787,534,1
788,534,1
788,533,1
789,532,1
789,531,1
790,531,1
790,530,1
790,529,1
791,529,1
791,528,1
791,527,1
792,527,1
792,526,1
792,525,1
793,525,1
793,524,1
793,523,1
794,522,1
794,521,1
794,520,1
795,520,1
795,519,1
795,518,1
796,517,1
796,516,1
796,515,1
797,514,1
797,513,1
798,512,1
798,511,1
798,510,1
799,509,1
799,508,1
799,507,1
800,507,1
800,506,1
801,505,1
801,504,1
801,503,1
802,502,1
802,501,1
803,500,1
803,499,1
804,498,1
804,497,1
805,496,1
805,495,1
806,494,1
806,493,1
807,493,1
807,492,1
808,491,1
808,490,1
809,489,1
809,488,1
810,487,1
811,486,1
811,485,1
812,484,1
812,483,1
813,482,1
814,481,1
814,480,1
815,479,1
815,478,1
816,477,1
817,477,1
817,476,1
818,475,1
818,474,1
819,473,1
820,473,1
820,472,1
821,471,1
821,470,1
822,470,1
823,469,1
823,468,1
824,467,1
825,467,1
825,466,1
826,465,1
827,464,1
828,463,1
829,462,1
830,461,1
831,460,1
832,460,1
832,459,1
833,458,1
834,458,1
835,457,1
836,456,1
837,456,1
838,455,1
839,455,1
839,454,1
840,454,1
841,453,1
842,453,1
843,452,1
844,452,1
845,451,1
846,451,1
847,451,1
848,451,1
849,450,1
850,450,1
851,450,1
852,450,1
853,449,1
854,449,1
855,449,1
856,449,1
857,449,1
858,449,1
859,449,1
860,449,1
861,449,1
862,449,1
863,449,1
864,449,1
865,449,1
866,450,1
867,450,1
868,450,1
869,450,1
870,451,1
871,451,1
872,451,1
873,452,1
874,452,1
875,453,1
876,453,1
877,454,1
878,455,1
879,455,1
880,456,1
881,457,1
882,457,1
882,458,1
883,459,1
884,459,1
884,460,1
885,460,1
886,461,1
886,462,1
887,463,1
888,464,1
889,465,1
889,466,1
890,466,1
890,467,1
891,468,1
891,469,1
892,470,1
893,471,1
893,472,1
894,473,1
894,474,1
895,475,1
896,476,1
896,477,1
896,478,1
897,479,1
897,480,1
898,481,1
898,482,1
899,483,1
899,484,1
899,485,1
900,486,1
900,487,1
901,488,1
901,489,1
901,490,1
902,491,1
902,492,1
902,493,1
902,494,1
903,495,1
903,496,1
903,497,1
904,498,1
904,499,1
904,500,1
905,501,1
905,502,1
905,503,1
906,504,1
906,505,1
906,506,1
906,507,1
907,508,1
907,509,1
907,510,1
907,511,1
907,512,1
908,513,1
908,514,1
908,515,1
908,516,1
909,517,1
909,518,1
909,519,1
909,520,1
909,521,1
910,522,1
910,523,1
910,524,1
910,525,1
910,526,1
911,527,1
911,528,1
911,529,1
911,530,1
911,531,1
912,532,1
912,533,1
912,534,1
912,535,1
912,536,1
913,537,1
913,538,1
913,539,1
913,540,1
913,541,1
914,542,1
914,543,1
914,544,1
914,545,1
914,546,1
914,547,1
915,548,1
915,549,1
915,550,1
915,551,1
915,552,1
915,553,1
916,554,1
916,555,1
916,556,1
916,557,1
916,558,1
917,559,1
917,560,1
917,561,1
917,562,1
917,563,1
918,564,1
918,565,1
918,566,1
918,567,1
919,568,1
919,569,1
919,570,1
920,571,1
920,570,1
920,569,1
854,410,0
800,248,1
799,248,1
799,249,1
798,250,1
797,250,1
797,251,1
796,252,1
795,253,1
795,254,1
794,255,1
794,256,1
793,257,1
792,257,1
792,258,1
791,259,1
791,260,1
791,261,1
790,262,1
790,263,1
790,264,1
790,265,1
790,266,1
790,267,1
790,268,1
790,269,1
790,270,1
790,271,1
790,272,1
790,273,1
791,273,1
791,274,1
791,275,1
791,276,1
791,277,1
791,278,1
791,279,1
791,280,1
791,281,1
792,282,1
792,283,1
792,284,1
792,285,1
793,286,1
793,287,1
793,288,1
793,289,1
794,289,1
794,290,1
794,291,1
795,292,1
795,293,1
796,293,1
796,294,1
797,295,1
797,296,1
798,296,1
798,297,1
799,298,1
800,299,1
801,300,1
801,301,1
802,301,1
802,302,1
803,302,1
804,303,1
804,304,1
805,304,1
806,305,1
807,306,1
808,307,1
809,307,1
809,308,1
810,308,1
811,309,1
812,309,1
812,310,1
813,310,1
814,311,1
815,311,1
816,312,1
817,313,1
818,313,1
819,314,1
820,314,1
820,315,1
821,315,1
822,315,1
823,316,1
824,316,1
825,317,1
826,317,1
827,318,1
828,318,1
829,318,1
830,319,1
831,319,1
832,319,1
833,320,1
834,320,1
835,320,1
836,320,1
837,321,1
838,321,1
839,321,1
840,322,1
841,322,1
842,322,1
843,322,1
844,322,1
845,323,1
846,323,1
847,323,1
848,323,1
849,323,1
850,324,1
851,324,1
852,324,1
853,324,1
854,324,1
855,324,1
856,325,1
857,325,1
858,325,1
859,325,1
860,325,1
861,325,1
862,325,1
863,325,1
864,326,1
865,326,1
866,326,1
867,326,1
868,326,1
869,326,1
870,326,1
871,326,1
872,326,1
873,326,1
874,326,1
875,327,1
876,327,1
877,327,1
878,327,1
879,327,1
880,327,1
881,327,1
882,327,1
883,327,1
884,327,1
885,327,1
886,327,1
887,327,1
888,327,1
889,327,1
890,327,1
891,327,1
892,327,1
893,327,1
894,327,1
895,328,1
896,328,1
897,328,1
898,328,1
899,328,1
900,328,1
901,328,1
902,328,1
903,328,1
904,328,1
905,328,1
906,328,1
907,328,1
908,328,1
909,328,1
910,328,1
911,328,1
912,328,1
913,328,1
914,328,1
915,328,1
916,328,1
917,328,1
918,328,1
919,328,1
920,328,1
921,328,1
922,328,1
923,328,1
924,328,1
925,328,1
926,328,1
927,328,1
928,328,1
929,328,1
930,328,1
931,328,1
932,328,1
933,328,1
934,328,1
935,328,1
936,328,1
937,328,1
938,328,1
939,328,1
991,375,0
1056,408,1
1056,409,1
1056,410,1
1056,411,1
1056,412,1
1056,413,1
1056,414,1
1057,415,1
1057,416,1
1057,417,1
1057,418,1
1057,419,1
1057,420,1
1057,421,1
1057,422,1
1057,423,1
1057,424,1
1057,425,1
1058,426,1
1058,427,1
1058,428,1
1058,429,1
1058,430,1
1058,431,1
1058,432,1
1058,433,1
1058,434,1
1058,435,1
1058,436,1
1058,437,1
1058,438,1
1058,439,1
1058,440,1
1059,441,1
1059,442,1
1059,443,1
1059,444,1
1059,445,1
1059,446,1
1059,447,1
1059,448,1
1059,449,1
1059,450,1
1059,451,1
1059,452,1
1059,453,1
1059,454,1
1059,455,1
1059,456,1
1059,457,1
1059,458,1
1059,459,1
1059,460,1
1059,461,1
1059,462,1
1058,463,1
1058,464,1
1058,465,1
1058,466,1
1057,467,1
1057,468,1
1057,469,1
1056,469,1
1056,470,1
1056,471,1
1055,471,1
1055,472,1
1055,473,1
1054,473,1
1054,474,1
1053,475,1
1053,476,1
1052,476,1
1051,477,1
1050,478,1
1049,478,1
1048,479,1
1047,479,1
1046,479,1
1046,480,1
1045,480,1
1044,480,1
1043,480,1
1042,480,1
1041,480,1
1040,480,1
1039,480,1
1038,481,1
1037,481,1
1036,480,1
1035,480,1
1034,480,1
1033,480,1
1032,480,1
1031,480,1
1030,480,1
1029,480,1
1028,480,1
1027,480,1
1026,480,1
1025,479,1
1024,479,1
1023,479,1
1022,479,1
1021,479,1
1020,479,1
1019,479,1
1018,479,1
1017,479,1
1016,479,1
1015,479,1
1014,479,1
1013,479,1
1012,479,1
1011,479,1
1010,479,1
1009,479,1
1008,479,1
1007,479,1
1006,479,1
1005,479,1
1004,479,1
1003,479,1
1002,479,1
1002,480,1
1001,480,1
1000,480,1
999,480,1
998,480,1
997,481,1
996,481,1
997,481,1
998,481,1
999,481,1
999,480,1
1000,480,1
1001,480,1
1001,479,1
1002,479,1
1003,479,1
1003,478,1
1004,478,1
1005,477,1
1006,477,1
1006,476,1
1007,476,1
1008,475,1
1009,475,1
1009,474,1
1010,474,1
1011,473,1
1012,472,1
1013,471,1
1014,471,1
1015,470,1
1016,470,1
1016,469,1
1017,469,1
1018,468,1
1019,467,1
1020,466,1
1021,465,1
1022,465,1
1023,464,1
1023,463,1
1024,462,1
1025,461,1
1026,460,1
1027,459,1
1028,458,1
1028,457,1
1029,456,1
1030,455,1
1031,454,1
1032,453,1
1032,452,1
1033,451,1
1033,450,1
1034,450,1
1034,449,1
1035,449,1
1036,448,1
1033,344,0
1031,243,1
1031,242,1
1032,241,1
1032,240,1
1033,239,1
1033,238,1
1034,237,1
1034,236,1
1035,235,1
1036,234,1
1036,233,1
1037,232,1
1037,231,1
1038,230,1
1039,229,1
1039,228,1
1040,227,1
1041,226,1
1042,225,1
1042,224,1
1043,223,1
1044,222,1
1045,221,1
1046,220,1
1047,219,1
1048,218,1
1049,218,1
1050,217,1
1050,216,1
1051,216,1
1052,215,1
1053,214,1
1054,213,1
1055,212,1
1056,211,1
1057,210,1
1058,210,1
1059,209,1
1059,208,1
1060,208,1
1061,207,1
1062,207,1
1063,206,1
1064,205,1
1065,205,1
1066,204,1
1067,203,1
1068,203,1
1069,202,1
1070,202,1
1071,201,1
1072,201,1
1073,200,1
1074,200,1
1075,200,1
1076,199,1
1077,199,1
1078,198,1
1079,198,1
1080,198,1
1081,198,1
1082,197,1
1083,197,1
1084,197,1
1085,197,1
1086,197,1
1087,196,1
1088,196,1
1089,196,1
1090,196,1
1091,196,1
1092,196,1
1093,196,1
1094,196,1
1095,196,1
1096,197,1
1097,197,1
1098,197,1
1099,197,1
1100,197,1
1101,197,1
1102,198,1
1103,198,1
1104,198,1
1105,198,1
1106,199,1
1107,199,1
1108,199,1
1108,200,1
1109,200,1
1110,201,1
1111,201,1
1112,202,1
1113,202,1
1114,203,1
1115,204,1
1116,204,1
1116,205,1
1117,205,1
1118,206,1
1118,207,1
1119,207,1
1120,208,1
1121,209,1
1122,210,1
1123,211,1
1123,212,1
1124,212,1
1125,213,1
1125,214,1
1126,214,1
1126,215,1
1127,216,1
1128,217,1
1128,218,1
1129,219,1
1130,219,1
1130,220,1
1131,221,1
1131,222,1
1132,223,1
1133,224,1
1133,225,1
1133,226,1
1134,227,1
1134,228,1
1135,228,1
1135,229,1
1136,230,1
1136,231,1
1137,232,1
1137,233,1
1137,234,1
1138,235,1
1138,236,1
1139,237,1
1139,238,1
1140,239,1
1140,240,1
1141,241,1
1141,242,1
1141,243,1
1142,244,1
1142,245,1
1142,246,1
1142,247,1
1143,248,1
1143,249,1
1144,250,1
1144,251,1
1144,252,1
1145,253,1
1145,254,1
1145,255,1
1145,256,1
1146,257,1
1146,258,1
1146,259,1
1147,260,1
1147,261,1
1147,262,1
1147,263,1
1148,264,1
1148,265,1
1148,266,1
1148,267,1
1149,268,1
1149,269,1
1149,270,1
1149,271,1
1150,272,1
1150,273,1
1150,274,1
1150,275,1
1151,276,1
1151,277,1
1151,278,1
1151,279,1
1151,280,1
1152,281,1
1152,282,1
1152,283,1
1152,284,1
1152,285,1
1153,286,1
1153,287,1
1153,288,1
1153,289,1
1153,290,1
1154,291,1
1154,292,1
1154,293,1
1154,294,1
1154,295,1
1155,296,1
1155,297,1
1155,298,1
1155,299,1
1155,300,1
1155,301,1
1156,302,1
1156,303,1
1156,304,1
1156,305,1
1156,306,1
1157,307,1
1157,308,1
1157,309,1
1157,310,1
1157,311,1
1157,312,1
1158,313,1
1158,314,1
1158,315,1
1158,316,1
1158,317,1
1158,318,1
1159,319,1
1159,320,1
1159,321,1
1159,322,1
1159,323,1
1159,324,1
1159,325,1
1160,326,1
1160,327,1
1160,328,1
1160,329,1
1160,330,1
1160,331,1
1160,332,1
1160,333,1
1161,334,1
1161,335,1
1161,336,1
1161,337,1
1161,338,1
1161,339,1
1161,340,1
1161,341,1
1161,342,1
1162,343,1
1162,344,1
1162,345,1
1162,346,1
1162,347,1
1162,348,1
1162,349,1
1162,350,1
1163,351,1
1163,352,1
1163,353,1
1163,354,1
1163,355,1
1163,356,1
1163,357,1
1163,358,1
1163,359,1
1164,360,1
1164,361,1
1164,362,1
1164,363,1
1164,364,1
1164,365,1
1164,366,1
1164,367,1
1164,368,1
1164,369,1
1165,370,1
1165,371,1
1165,372,1
1165,373,1
1165,374,1
1165,375,1
1165,376,1
1165,377,1
1165,378,1
1165,379,1
1166,380,1
1166,381,1
1166,382,1
1166,383,1
1166,384,1
1166,385,1
1166,386,1
1166,387,1
1166,388,1
1166,389,1
1167,390,1
1167,391,1
1167,392,1
1167,393,1
1167,394,1
1167,395,1
1167,396,1
1167,397,1
1167,398,1
1167,399,1
1168,400,1
1168,401,1
1168,402,1
1168,403,1
1168,404,1
1168,405,1
1168,406,1
1168,407,1
1168,408,1
1169,409,1
1169,410,1
1169,411,1
1169,412,1
1169,413,1
1169,414,1
1169,415,1
1169,416,1
1170,417,1
1170,418,1
1170,419,1
1170,420,1
1170,421,1
1170,422,1
1170,423,1
1171,424,1
1171,425,1
1171,426,1
1171,427,1
1171,428,1
1171,429,1
1172,430,1
1172,431,1
1172,432,1
1172,433,1
1172,434,1
1172,435,1
1173,436,1
1173,437,1
1173,438,1
1173,439,1
1173,440,1
1174,441,1
1174,442,1
1174,443,1
1174,444,1
1174,445,1
1175,446,1
1175,447,1
1175,448,1
1175,449,1
1175,450,1
1176,451,1
1176,452,1
1176,453,1
1176,454,1
1177,455,1
1177,456,1
1177,457,1
1177,458,1
1178,458,1
1178,459,1
1178,460,1
1178,461,1
1179,462,1
1179,463,1
1179,464,1
1179,465,1
1180,466,1
1180,467,1
1181,468,1
1181,469,1
1181,470,1
1182,471,1
1182,472,1
1182,473,1
1183,473,1
1183,474,1
1184,475,1
1184,476,1
1184,477,1
1184,478,1
1185,478,1
1185,479,1
1185,480,1
1186,481,1
1186,482,1
1186,483,1
1187,484,1
1187,485,1
1188,486,1
1188,487,1
1189,488,1
1190,489,1
1190,490,1
1191,491,1
1192,492,1
1193,493,1
1193,494,1
1194,494,1
1195,495,1
1196,496,1
1197,496,1
1198,497,1
1199,497,1
1200,497,1
1230,451,0
1274,400,1
1274,401,1
1273,402,1
1273,403,1
1273,404,1
1272,405,1
1272,406,1
1272,407,1
1271,408,1
1271,409,1
1271,410,1
1271,411,1
1270,412,1
1270,413,1
1270,414,1
1270,415,1
1270,416,1
1269,417,1
1269,418,1
1269,419,1
1269,420,1
1269,421,1
1269,422,1
1269,423,1
1269,424,1
1269,425,1
1269,426,1
1269,427,1
1269,428,1
1270,428,1
1270,429,1
1270,430,1
1270,431,1
1270,432,1
1270,433,1
1270,434,1
1270,435,1
1270,436,1
1271,437,1
1271,438,1
1271,439,1
1271,440,1
1271,441,1
1271,442,1
1272,443,1
1272,444,1
1272,445,1
1273,446,1
1273,447,1
1273,448,1
1274,448,1
1274,449,1
1274,450,1
1275,451,1
1275,452,1
1276,453,1
1276,454,1
1276,455,1
1277,456,1
1278,457,1
1278,458,1
1279,459,1
1280,460,1
1280,461,1
1281,461,1
1281,462,1
1282,463,1
1283,464,1
1284,465,1
1285,466,1
1285,467,1
1286,467,1
1287,468,1
1287,469,1
1288,469,1
1289,470,1
1290,471,1
1291,472,1
1292,473,1
1293,473,1
1293,474,1
1294,474,1
1295,475,1
1296,475,1
1296,476,1
1297,477,1
1298,477,1
1298,478,1
1299,478,1
1300,479,1
1301,479,1
1302,479,1
1302,480,1
1303,480,1
1304,481,1
1305,481,1
1306,481,1
1306,482,1
1307,482,1
1308,483,1
1309,483,1
1310,483,1
1311,484,1
1312,484,1
1313,485,1
1314,485,1
1315,485,1
1316,486,1
1317,486,1
1318,486,1
1318,487,1
1319,487,1
1320,487,1
1321,487,1
1322,488,1
1323,488,1
1324,488,1
1325,488,1
1326,488,1
1327,489,1
1328,489,1
1329,489,1
1330,489,1
1331,489,1
1332,489,1
1333,490,1
1334,490,1
1335,490,1
1336,490,1
1337,490,1
1338,490,1
1339,490,1
1340,490,1
1341,490,1
1342,490,1
1343,490,1
1344,490,1
1345,490,1
1346,490,1
1347,490,1
1348,490,1
1349,490,1
1350,490,1
1351,490,1
1352,490,1
1353,490,1
1354,490,1
1355,490,1
1356,490,1
1357,490,1
1358,490,1
1359,489,1
1360,489,1
1361,489,1
1362,489,1
1363,489,1
1364,489,1
1365,489,1
1366,489,1
1367,488,1
1368,488,1
1369,488,1
1370,487,1
1371,487,1
1372,487,1
1373,486,1
1374,486,1
1375,485,1
1376,485,1
1377,484,1
1378,484,1
1378,483,1
1379,483,1
1380,482,1
1380,481,1
1381,481,1
1381,480,1
1382,479,1
1383,479,1
1383,478,1
1384,478,1
1384,477,1
1385,477,1
1385,476,1
1386,476,1
1386,475,1
1387,474,1
1387,473,1
1387,472,1
1386,472,1
1386,471,1
1386,470,1
1385,470,1
1384,469,1
1384,468,1
1383,468,1
1382,468,1
1381,467,1
1380,467,1
1379,466,1
1378,466,1
1377,465,1
1376,465,1
1375,464,1
1374,464,1
1284,398,0
1166,326,1
1167,326,1
1168,326,1
1169,326,1
1170,326,1
1171,326,1
1172,326,1
1173,326,1
1174,325,1
1175,325,1
1176,325,1
1177,325,1
1178,325,1
1179,325,1
1180,325,1
1181,325,1
1182,325,1
1183,325,1
1184,324,1
1185,324,1
1186,324,1
1187,324,1
1188,324,1
1189,324,1
1190,324,1
1191,324,1
1192,323,1
1193,323,1
1194,323,1
1195,323,1
1196,323,1
1197,323,1
1198,323,1
1199,323,1
1200,323,1
1201,323,1
1202,322,1
1203,322,1
1204,322,1
1205,322,1
1206,322,1
1207,322,1
1208,322,1
1209,322,1
1210,322,1
1211,321,1
1212,321,1
1213,321,1
1214,321,1
1215,321,1
1216,321,1
1217,321,1
1218,321,1
1219,321,1
1220,320,1
1221,320,1
1222,320,1
1223,320,1
1224,320,1
1225,320,1
1226,320,1
1227,320,1
1228,320,1
1229,319,1
1230,319,1
1231,319,1
1232,319,1
1233,319,1
1234,319,1
1235,319,1
1236,319,1
1237,318,1
1238,318,1
1239,318,1
1240,318,1
1241,318,1
1242,318,1
1243,318,1
1244,318,1
1245,318,1
1246,318,1
1247,317,1
1248,317,1
1249,317,1
1250,317,1
1251,317,1
1252,317,1
1253,317,1
1254,317,1
1255,317,1
1256,316,1
1257,316,1
1258,316,1
1259,316,1
1260,316,1
1261,316,1
1262,316,1
1263,316,1
1264,316,1
1265,316,1
1266,315,1
1267,315,1
1268,315,1
1269,315,1
1270,315,1
1271,315,1
1272,315,1
1273,315,1
1274,315,1
1275,314,1
1276,314,1
1277,314,1
1278,314,1
1279,314,1
1280,314,1
1281,314,1
1282,314,1
1283,313,1
1284,313,1
1285,313,1
1286,313,1
1287,313,1
1288,313,1
1289,313,1
1290,313,1
1291,313,1
1292,313,1
1293,312,1
1294,312,1
1295,312,1
1296,312,1
1297,312,1
1298,312,1
1299,312,1
1300,312,1
1301,312,1
1302,311,1
1303,311,1
1304,311,1
1305,311,1
1306,311,1
1307,311,1
1308,311,1
1309,311,1
1310,311,1
1311,310,1
1312,310,1
1313,310,1
1314,310,1
1315,310,1
1316,310,1
1317,310,1
1318,310,1
1319,310,1
1320,310,1
1321,310,1
1322,309,1
1323,309,1
1324,309,1
1325,309,1
1326,309,1
1327,309,1
1328,309,1
1329,309,1
1330,309,1
1331,308,1
1332,308,1
1333,308,1
1334,308,1
1335,308,1
1336,308,1
1337,308,1
1338,308,1
1339,308,1
1340,308,1
1341,307,1
1342,307,1
1343,307,1
1344,307,1
1345,307,1
1346,307,1
1347,307,1
1348,307,1
1349,307,1
1350,306,1
1351,306,1
1352,306,1
1353,306,1
1354,306,1
1355,306,1
1356,306,1
1357,306,1
1358,306,1
1359,305,1
1360,305,1
1361,305,1
1362,305,1
1363,305,1
1364,305,1
1365,305,1
1366,305,1
1367,305,1
1368,305,1
1369,304,1
1370,304,1
1371,304,1
1372,304,1
1373,304,1
1374,304,1
1375,304,1
1376,304,1
1377,304,1
1378,304,1
1379,303,1
1380,303,1
1381,303,1
1382,303,1
1383,303,1
1384,303,1
1385,303,1
1386,303,1
1387,303,1
1388,302,1
1389,302,1
1390,302,1
1391,302,1
1392,302,1
1393,302,1
1394,302,1
1395,302,1
1396,302,1
1397,301,1
1398,301,1
1399,301,1
1400,301,1
1401,301,1
1402,301,1
1403,301,1
1404,301,1
1405,300,1
1406,300,1
1407,300,1
1408,300,1
1409,300,1
1410,300,1
1411,300,1
1412,300,1
1413,300,1
1414,300,1
1415,299,1
1416,299,1
1417,299,1
1418,299,1
1419,299,1
1420,299,1
1421,299,1
1422,299,1
1423,298,1
1424,298,1
1425,298,1
1426,298,1
1427,298,1
1428,298,1
1429,298,1
1430,298,1
1431,297,1
1432,297,1
1433,297,1
1434,297,1
1435,297,1
1436,297,1
1437,297,1
1438,297,1
1439,296,1
1440,296,1
1441,296,1
1442,296,1
1443,296,1
1444,296,1
1445,296,1
1446,296,1
1447,295,1
1448,295,1
1449,295,1
1450,295,1
1451,295,1
1452,295,1
1453,295,1
1454,295,1
1455,295,1
1456,295,1
1457,294,1
1458,294,1
1459,294,1
1460,294,1
1461,294,1
1462,294,1
1463,294,1
1464,294,1
1465,293,1
1466,293,1
1467,293,1
1468,293,1
1469,293,1
1470,293,1
1471,293,1
1472,293,1
1473,292,1
1474,292,1
1475,292,1
1476,292,1
1477,292,1
1478,292,1
1479,292,1
1480,292,1
1481,292,1
1482,291,1
1483,291,1
1484,291,1
1485,291,1
1486,291,1
1487,291,1
1488,291,1
1489,291,1
1490,290,1
1491,290,1
1492,290,1
1493,290,1
1494,290,1
1495,290,1
1496,290,1
1497,290,1
1498,290,1
1499,290,1
1500,289,1
1501,289,1
1502,289,1
1503,289,1
1504,289,1
1505,289,1
1506,289,1
1507,289,1
1508,289,1
1509,289,1
1510,288,1
1511,288,1
1512,288,1
1513,288,1
1514,288,1
1515,288,1
1516,288,1
1517,288,1
1518,288,1
1519,288,1
1520,288,1
1521,287,1
1522,287,1
1523,287,1
1524,287,1
1525,287,1
1526,287,1
1527,287,1
1528,287,1
1529,287,1
1530,287,1
1531,287,1
1532,287,1
1533,287,1
1534,287,1
1535,287,1
1535,288,1
1200,511,0
875,721,1
875,722,1
875,723,1
875,724,1
876,725,1
876,726,1
877,727,1
877,728,1
877,729,1
877,730,1
878,731,1
878,732,1
878,733,1
878,734,1
879,735,1
879,736,1
879,737,1
879,738,1
879,739,1
878,739,1
877,739,1
876,739,1
875,740,1
874,740,1
873,740,1
872,740,1
871,740,1
871,739,1
870,739,1
869,739,1
869,738,1
868,738,1
867,738,1
867,737,1
866,737,1
865,736,1
864,736,1
864,735,1
863,735,1
862,734,1
861,733,1
860,733,1
859,732,1
858,731,1
857,731,1
856,730,1
855,729,1
854,729,1
853,729,1
853,728,1
852,728,1
851,727,1
850,727,1
849,726,1
848,726,1
847,725,1
846,725,1
845,724,1
844,724,1
844,723,1
843,723,1
842,723,1
841,722,1
840,722,1
839,722,1
839,721,1
838,721,1
837,721,1
836,720,1
835,720,1
834,720,1
833,719,1
832,719,1
831,718,1
830,718,1
829,718,1
828,718,1
827,717,1
826,717,1
825,717,1
824,717,1
823,717,1
823,716,1
822,716,1
821,716,1
820,716,1
819,716,1
818,716,1
817,716,1
816,715,1
815,715,1
814,715,1
813,715,1
812,715,1
811,715,1
810,715,1
809,715,1
808,715,1
807,715,1
806,715,1
805,715,1
804,715,1
803,715,1
802,715,1
801,716,1
800,716,1
799,716,1
798,716,1
797,716,1
796,716,1
795,717,1
794,717,1
793,717,1
792,717,1
791,718,1
790,718,1
789,718,1
788,718,1
788,719,1
787,719,1
786,719,1
785,720,1
784,720,1
783,721,1
782,722,1
781,722,1
781,723,1
780,723,1
780,724,1
779,724,1
779,725,1
778,725,1
778,726,1
777,727,1
777,728,1
777,729,1
777,730,1
777,731,1
778,731,1
778,732,1
779,732,1
779,733,1
780,733,1
781,733,1
781,734,1
782,734,1
783,734,1
784,734,1
785,735,1
786,735,1
787,735,1
788,735,1
789,735,1
790,735,1
791,735,1
792,735,1
793,735,1
794,735,1
795,735,1
796,735,1
797,735,1
798,735,1
799,735,1
800,735,1
801,735,1
802,735,1
803,734,1
804,734,1
805,734,1
806,734,1
807,733,1
808,733,1
809,733,1
810,733,1
811,732,1
812,732,1
813,732,1
814,732,1
815,732,1
816,731,1
817,731,1
818,731,1
819,730,1
820,730,1
821,730,1
822,729,1
823,729,1
824,729,1
825,728,1
826,728,1
827,728,1
828,728,1
829,727,1
830,727,1
831,726,1
832,726,1
833,726,1
834,725,1
835,725,1
836,725,1
837,725,1
838,724,1
839,724,1
840,724,1
841,723,1
842,723,1
843,722,1
844,722,1
845,722,1
846,721,1
847,721,1
848,721,1
849,720,1
850,720,1
851,720,1
852,719,1
853,719,1
854,719,1
855,719,1
856,718,1
857,718,1
858,717,1
859,717,1
860,717,1
861,716,1
862,716,1
863,716,1
864,715,1
865,715,1
866,715,1
867,715,1
868,714,1
869,714,1
870,714,1
871,713,1
872,713,1
873,713,1
874,713,1
875,712,1
876,712,1
877,712,1
878,711,1
879,711,1
880,711,1
881,710,1
882,710,1
883,710,1
884,710,1
885,709,1
886,709,1
887,709,1
888,709,1
889,708,1
890,708,1
891,708,1
892,708,1
893,708,1
894,707,1
895,707,1
896,707,1
897,707,1
898,706,1
899,706,1
900,706,1
901,706,1
902,706,1
903,706,1
904,706,1
905,706,1
906,705,1
907,705,1
908,705,1
909,705,1
910,705,1
911,705,1
912,705,1
913,705,1
914,705,1
915,705,1
916,705,1
917,705,1
918,705,1
919,705,1
920,705,1
921,705,1
922,705,1
923,705,1
924,705,1
925,705,1
926,705,1
927,705,1
928,706,1
929,706,1
930,706,1
931,706,1
932,706,1
933,706,1
934,707,1
935,707,1
936,707,1
937,708,1
938,708,1
939,708,1
940,709,1
941,709,1
942,709,1
943,710,1
944,710,1
945,711,1
946,711,1
947,711,1
948,712,1
949,713,1
950,713,1
951,714,1
952,714,1
952,715,1
953,715,1
954,716,1
955,717,1
956,718,1
957,718,1
957,719,1
958,719,1
959,720,1
959,721,1
960,721,1
960,722,1
961,722,1
962,723,1
962,724,1
963,724,1
963,725,1
964,726,1
964,727,1
965,727,1
966,728,1
966,729,1
967,730,1
968,731,1
968,732,1
969,733,1
969,734,1
970,734,1
970,735,1
970,736,1
971,737,1
971,738,1
972,739,1
972,740,1
973,741,1
973,742,1
973,743,1
974,744,1
974,745,1
974,746,1
975,746,1
975,747,1
975,748,1
975,749,1
975,750,1
976,751,1
976,752,1
976,753,1
976,754,1
976,755,1
976,756,1
977,757,1
977,758,1
977,759,1
977,760,1
977,761,1
977,762,1
977,763,1
977,764,1
977,765,1
977,766,1
977,767,1
977,768,1
977,769,1
977,770,1
977,771,1
977,772,1
977,773,1
976,774,1
976,775,1
976,776,1
976,777,1
976,778,1
976,779,1
976,780,1
976,781,1
976,782,1
976,783,1
976,784,1
976,785,1
975,786,1
975,787,1
975,788,1
974,789,1
974,790,1
974,791,1
973,792,1
973,793,1
973,794,1
972,794,1
972,795,1
971,796,1
971,797,1
970,798,1
970,799,1
969,799,1
968,800,1
968,801,1
967,802,1
966,803,1
929,800,0
870,805,1
871,805,1
872,805,1
873,805,1
874,806,1
875,806,1
876,806,1
877,807,1
878,807,1
879,807,1
880,808,1
881,808,1
882,808,1
883,809,1
884,809,1
885,810,1
886,811,1
887,811,1
888,812,1
888,813,1
889,813,1
889,814,1
889,815,1
890,816,1
890,817,1
890,818,1
890,819,1
890,820,1
891,821,1
891,822,1
891,823,1
892,823,1
892,824,1
892,825,1
893,826,1
893,827,1
893,828,1
893,829,1
893,830,1
893,831,1
893,832,1
893,833,1
893,834,1
893,835,1
893,836,1
892,836,1
892,837,1
892,838,1
892,839,1
891,839,1
891,840,1
891,841,1
891,842,1
890,842,1
890,843,1
889,844,1
888,845,1
888,846,1
888,847,1
887,847,1
886,848,1
886,849,1
885,849,1
885,850,1
884,851,1
883,852,1
882,853,1
881,854,1
880,855,1
879,856,1
878,857,1
877,857,1
877,858,1
876,859,1
875,859,1
875,860,1
874,860,1
873,861,1
872,862,1
871,862,1
870,863,1
869,864,1
868,864,1
867,865,1
866,865,1
866,866,1
865,866,1
864,866,1
863,867,1
862,867,1
862,868,1
861,868,1
860,869,1
859,869,1
858,869,1
857,870,1
856,870,1
856,871,1
855,871,1
854,872,1
853,872,1
852,872,1
851,873,1
850,873,1
849,874,1
848,874,1
847,875,1
846,875,1
845,875,1
844,876,1
843,876,1
842,876,1
841,877,1
840,877,1
840,878,1
839,878,1
838,878,1
837,879,1
836,879,1
835,879,1
834,879,1
833,880,1
832,880,1
831,880,1
831,881,1
830,881,1
829,881,1
828,882,1
827,882,1
826,882,1
825,883,1
824,883,1
823,883,1
822,883,1
821,884,1
820,884,1
819,885,1
818,885,1
817,885,1
816,885,1
815,886,1
814,886,1
813,886,1
812,886,1
811,887,1
810,887,1
809,887,1
808,888,1
807,888,1
806,888,1
805,888,1
804,889,1
803,889,1
802,889,1
801,890,1
800,890,1
799,890,1
798,890,1
797,891,1
796,891,1
795,891,1
794,891,1
793,892,1
792,892,1
791,892,1
790,892,1
789,893,1
788,893,1
787,893,1
786,893,1
785,893,1
784,894,1
783,894,1
782,894,1
781,894,1
780,895,1
779,895,1
778,895,1
777,895,1
776,895,1
775,896,1
774,896,1
773,896,1
772,896,1
771,896,1
770,897,1
769,897,1
768,897,1
767,897,1
766,897,1
765,898,1
764,898,1
763,898,1
762,898,1
761,898,1
760,899,1
759,899,1
758,899,1
757,899,1
756,899,1
755,899,1
754,899,1
753,900,1
752,900,1
751,900,1
750,900,1
749,900,1
748,900,1
747,901,1
746,901,1
745,901,1
744,901,1
743,901,1
742,901,1
741,901,1
740,901,1
739,902,1
738,902,1
737,902,1
736,902,1
735,902,1
734,902,1
733,902,1
732,902,1
731,902,1
730,902,1
729,902,1
728,903,1
727,903,1
726,903,1
725,903,1
724,903,1
723,903,1
722,903,1
721,903,1
720,903,1
719,903,1
718,903,1
717,903,1
716,903,1
715,903,1
714,903,1
713,903,1
712,903,1
711,903,1
710,903,1
709,903,1
708,903,1
707,903,1
706,903,1
705,903,1
704,903,1
703,903,1
702,903,1
701,903,1
700,903,1
699,903,1
698,903,1
697,903,1
696,903,1
695,903,1
694,903,1
693,903,1
692,903,1
691,903,1
690,903,1
689,902,1
688,902,1
687,902,1
686,902,1
685,902,1
684,902,1
683,902,1
682,902,1
681,901,1
680,901,1
679,901,1
678,901,1
677,900,1
676,900,1
675,900,1
674,899,1
673,899,1
672,899,1
671,899,1
670,899,1
669,899,1
668,898,1
667,898,1
666,898,1
665,898,1
664,898,1
664,897,1
663,897,1
662,897,1
661,896,1
660,896,1
659,896,1
658,895,1
657,895,1
656,894,1
655,893,1
654,893,1
653,892,1
653,891,1
652,891,1
651,890,1
651,889,1
651,888,1
651,887,1
651,886,1
651,885,1
651,884,1
876,792,0
1089,675,1
1089,676,1
1090,677,1
1090,678,1
1091,679,1
1091,680,1
1092,681,1
1092,682,1
1093,683,1
1093,684,1
1093,685,1
1094,686,1
1094,687,1
1094,688,1
1094,689,1
1095,690,1
1095,691,1
1095,692,1
1095,693,1
1095,694,1
1095,695,1
1095,696,1
1095,697,1
1095,698,1
1095,699,1
1095,700,1
1095,701,1
1095,702,1
1094,703,1
1094,704,1
1094,705,1
1094,706,1
1094,707,1
1094,708,1
1094,709,1
1094,710,1
1094,711,1
1094,712,1
1094,713,1
1094,714,1
1094,715,1
1094,716,1
1094,717,1
1094,718,1
1095,718,1
1095,719,1
1095,718,1
1096,717,1
1096,716,1
1097,715,1
1097,714,1
1098,713,1
1098,712,1
1099,712,1
1099,711,1
1099,710,1
1100,710,1
1100,709,1
1100,708,1
1101,707,1
1102,706,1
1102,705,1
1103,704,1
1103,703,1
1104,702,1
1104,701,1
1105,701,1
1105,700,1
1106,699,1
1106,698,1
1107,697,1
1108,696,1
1108,695,1
1109,695,1
1109,694,1
1110,693,1
1111,692,1
1111,691,1
1112,691,1
1112,690,1
1113,689,1
1114,688,1
1115,687,1
1116,686,1
1117,685,1
1118,684,1
1119,683,1
1120,682,1
1121,681,1
1122,681,1
1122,680,1
1123,679,1
1124,679,1
1125,678,1
1126,677,1
1127,677,1
1128,676,1
1129,676,1
1129,675,1
1130,675,1
1131,674,1
1132,674,1
1133,674,1
1133,673,1
1134,673,1
1135,673,1
1136,672,1
1137,672,1
1138,672,1
1139,672,1
1140,672,1
1141,671,1
1142,671,1
1143,671,1
1144,671,1
1145,671,1
1146,671,1
1147,671,1
1148,671,1
1149,671,1
1150,671,1
1150,672,1
1151,672,1
1152,672,1
1153,672,1
1154,673,1
1155,673,1
1156,673,1
1157,674,1
1158,674,1
1159,675,1
1160,675,1
1160,676,1
1161,676,1
1162,676,1
1162,677,1
1163,677,1
1164,678,1
1165,679,1
1166,680,1
1167,681,1
1168,682,1
1169,683,1
1170,684,1
1170,685,1
1171,685,1
1171,686,1
1172,687,1
1172,688,1
1173,688,1
1173,689,1
1173,690,1
1174,691,1
1174,692,1
1175,692,1
1175,693,1
1175,694,1
1176,695,1
1176,696,1
1176,697,1
1177,697,1
1177,698,1
1177,699,1
1178,700,1
1178,701,1
1178,702,1
1178,703,1
1179,703,1
1179,704,1
1179,705,1
1179,706,1
1180,707,1
1180,708,1
1180,709,1
1180,710,1
1181,711,1
1181,712,1
1181,713,1
1181,714,1
1181,715,1
1181,716,1
1182,717,1
1182,718,1
1182,719,1
1182,720,1
1182,721,1
1182,722,1
1182,723,1
1182,724,1
1182,725,1
1182,726,1
1182,727,1
1182,728,1
1182,729,1
1182,730,1
1182,731,1
1182,732,1
1182,733,1
1182,734,1
1182,735,1
1182,736,1
1182,737,1
1182,738,1
1182,739,1
1182,740,1
1182,741,1
1182,742,1
1182,743,1
1182,744,1
1182,745,1
1182,746,1
1182,747,1
1182,748,1
1182,749,1
1182,750,1
1181,750,1
1181,751,1
1181,752,1
1181,753,1
1181,754,1
1181,755,1
1180,755,1
1180,756,1
1180,757,1
1179,756,1
1179,755,1
1179,754,1
1179,753,1
1179,752,1
1179,751,1
1218,722,0
1256,675,1
1256,676,1
1256,677,1
1256,678,1
1256,679,1
1256,680,1
1256,681,1
1256,682,1
1256,683,1
1256,684,1
1256,685,1
1256,686,1
1256,687,1
1256,688,1
1256,689,1
1256,690,1
1256,691,1
1256,692,1
1256,693,1
1255,694,1
1255,695,1
1255,696,1
1255,697,1
1255,698,1
1255,699,1
1255,700,1
1255,701,1
1255,702,1
1255,703,1
1255,704,1
1255,705,1
1255,706,1
1254,707,1
1254,708,1
1254,709,1
1254,710,1
1254,711,1
1254,712,1
1254,713,1
1254,714,1
1254,715,1
1254,716,1
1254,717,1
1254,718,1
1254,719,1
1254,720,1
1254,721,1
1254,722,1
1254,723,1
1253,724,1
1253,725,1
1253,726,1
1253,727,1
1253,728,1
1253,729,1
1253,730,1
1253,731,1
1253,732,1
1253,733,1
1253,734,1
1253,735,1
1253,736,1
1253,737,1
1253,738,1
1253,739,1
1254,740,1
1255,740,1
1256,739,1
1257,738,1
1295,710,0
1341,674,1
1341,675,1
1340,676,1
1340,677,1
1339,678,1
1339,679,1
1339,680,1
1339,681,1
1338,682,1
1338,683,1
1338,684,1
1338,685,1
1338,686,1
1338,687,1
1338,688,1
1338,689,1
1338,690,1
1338,691,1
1338,692,1
1338,693,1
1339,693,1
1339,694,1
1339,695,1
1340,696,1
1341,697,1
1341,698,1
1342,698,1
1342,699,1
1343,700,1
1344,701,1
1344,702,1
1345,703,1
1345,704,1
1346,705,1
1347,706,1
1347,707,1
1348,708,1
1349,709,1
1349,710,1
1350,710,1
1350,711,1
1351,712,1
1352,713,1
1353,714,1
1354,715,1
1355,716,1
1356,717,1
1357,717,1
1357,718,1
1358,718,1
1359,719,1
1360,719,1
1360,720,1
1361,720,1
1362,721,1
1363,721,1
1363,722,1
1364,722,1
1365,723,1
1366,723,1
1367,724,1
1368,724,1
1369,725,1
1370,725,1
1371,726,1
1372,726,1
1372,727,1
1373,727,1
1374,727,1
1375,728,1
1376,728,1
1377,729,1
1378,729,1
1379,730,1
1380,730,1
1381,731,1
1382,731,1
1383,731,1
1384,732,1
1385,732,1
1386,732,1
1386,733,1
1387,733,1
1388,733,1
1389,734,1
1390,734,1
1391,734,1
1392,735,1
1393,735,1
1394,735,1
1395,735,1
1396,736,1
1397,736,1
1398,736,1
1399,737,1
1400,737,1
1401,737,1
1402,737,1
1403,738,1
1404,738,1
1405,738,1
1406,738,1
1407,738,1
1408,739,1
1409,739,1
1410,739,1
1411,739,1
1412,739,1
1413,740,1
1414,740,1
1415,740,1
1416,740,1
1417,740,1
1418,740,1
1419,741,1
1420,741,1
1421,741,1
1422,741,1
1423,741,1
1424,741,1
1425,742,1
1426,742,1
1427,742,1
1428,742,1
1429,742,1
1430,742,1
1431,742,1
1432,743,1
1433,743,1
1434,743,1
1435,743,1
1436,743,1
1437,743,1
1438,743,1
1439,743,1
1440,743,1
1441,744,1
1442,744,1
1443,744,1
1444,744,1
1445,744,1
1446,744,1
1447,744,1
1448,744,1
1449,745,1
1450,745,1
1451,745,1
1452,745,1
1453,745,1
1454,745,1
1455,745,1
1456,745,1
1457,745,1
1458,745,1
1459,746,1
1460,746,1
1461,746,1
1462,746,1
1463,746,1
1464,746,1
1465,746,1
1466,746,1
1467,746,1
1468,746,1
1469,746,1
1470,746,1
1471,746,1
1472,747,1
1473,747,1
1474,747,1
1475,747,1
1476,747,1
1477,747,1
1478,747,1
1479,747,1
1480,747,1
1481,747,1
1482,747,1
1483,747,1
1484,747,1
1485,747,1
1486,747,1
1487,747,1
1488,747,1
1489,747,1
1490,748,1
1491,748,1
1492,748,1
1493,748,1
1494,748,1
1495,748,1
1496,748,1
1497,748,1
1498,748,1
1499,748,1
1500,748,1
1501,748,1
1502,748,1
1503,748,1
1504,748,1
1505,748,1
1506,748,1
1507,748,1
1508,748,1
1509,748,1
1510,748,1
1511,748,1
1512,748,1
1513,748,1
1514,748,1
1515,748,1
1516,748,1
1517,748,1
1518,748,1
1519,748,1
1520,748,1
1521,748,1
1522,748,1
1523,748,1
1524,748,1
1525,748,1
1526,748,1
1527,748,1
1528,748,1
1529,748,1
1530,748,1
1531,748,1
1532,748,1
1533,748,1
1534,748,1
1535,747,1
1536,747,1
1537,747,1
1538,747,1
1539,747,1
1540,747,1
1541,747,1
1542,747,1
1543,747,1
1544,747,1
1545,747,1
1546,747,1
1547,747,1
1548,747,1
1549,746,1
1550,746,1
1551,746,1
1552,746,1
1553,746,1
1554,745,1
1555,745,1
1556,745,1
1557,745,1
1558,745,1
1559,745,1
1560,745,1
1561,744,1
1562,744,1
1563,744,1
1564,744,1
1565,744,1
1566,743,1
1567,743,1
1568,743,1
1569,743,1
1570,743,1
1570,742,1
1571,742,1
1572,742,1
1573,742,1
1573,741,1
1574,741,1
1575,740,1
1576,739,1
1576,738,1
1576,737,1
1575,736,1
1574,736,1
1573,735,1
1208,689,0
831,638,1
832,638,1
833,638,1
834,637,1
835,637,1
836,637,1
837,637,1
838,637,1
839,636,1
840,636,1
841,636,1
842,636,1
843,636,1
844,635,1
845,635,1
846,635,1
847,635,1
848,635,1
849,635,1
850,634,1
851,634,1
852,634,1
853,634,1
854,634,1
855,634,1
856,633,1
857,633,1
858,633,1
859,633,1
860,633,1
861,633,1
862,633,1
863,633,1
864,632,1
865,632,1
866,632,1
867,632,1
868,632,1
869,632,1
870,632,1
871,631,1
872,631,1
873,631,1
874,631,1
875,631,1
876,631,1
877,630,1
878,630,1
879,630,1
880,630,1
881,630,1
882,630,1
883,630,1
884,630,1
885,629,1
886,629,1
887,629,1
888,629,1
889,629,1
890,629,1
891,629,1
892,628,1
893,628,1
894,628,1
895,628,1
896,628,1
897,628,1
898,628,1
899,628,1
900,627,1
901,627,1
902,627,1
903,627,1
904,627,1
905,627,1
906,627,1
907,626,1
908,626,1
909,626,1
910,626,1
911,626,1
912,626,1
913,626,1
914,626,1
915,625,1
916,625,1
917,625,1
918,625,1
919,625,1
920,625,1
921,625,1
922,624,1
923,624,1
924,624,1
925,624,1
926,624,1
927,624,1
928,624,1
929,624,1
930,623,1
931,623,1
932,623,1
933,623,1
934,623,1
935,623,1
936,623,1
937,623,1
938,623,1
939,623,1
940,622,1
941,622,1
942,622,1
943,622,1
944,622,1
945,622,1
946,622,1
947,622,1
948,621,1
949,621,1
950,621,1
951,621,1
952,621,1
953,621,1
954,621,1
955,621,1
956,620,1
957,620,1
958,620,1
959,620,1
960,620,1
961,620,1
962,620,1
963,620,1
964,619,1
965,619,1
966,619,1
967,619,1
968,619,1
969,619,1
970,619,1
971,618,1
972,618,1
973,618,1
974,618,1
975,618,1
976,618,1
977,618,1
978,618,1
979,618,1
980,618,1
981,618,1
982,617,1
983,617,1
984,617,1
985,617,1
986,617,1
987,617,1
988,617,1
989,617,1
990,616,1
991,616,1
992,616,1
993,616,1
994,616,1
995,616,1
996,616,1
997,616,1
998,615,1
999,615,1
1000,615,1
1001,615,1
1002,615,1
1003,615,1
1004,615,1
1005,615,1
1006,614,1
1007,614,1
1008,614,1
1009,614,1
1010,614,1
1011,614,1
1012,614,1
1013,614,1
1014,614,1
1015,613,1
1016,613,1
1017,613,1
1018,613,1
1019,613,1
1020,613,1
1021,613,1
1022,613,1
1023,613,1
1024,613,1
1025,612,1
1026,612,1
1027,612,1
1028,612,1
1029,612,1
1030,612,1
1031,612,1
1032,612,1
1033,612,1
1034,611,1
1035,611,1
1036,611,1
1037,611,1
1038,611,1
1039,611,1
1040,611,1
1041,611,1
1042,611,1
1043,610,1
1044,610,1
1045,610,1
1046,610,1
1047,610,1
1048,610,1
1049,610,1
1050,610,1
1051,610,1
1052,610,1
1053,609,1
1054,609,1
1055,609,1
1056,609,1
1057,609,1
1058,609,1
1059,609,1
1060,609,1
1061,609,1
1062,608,1
1063,608,1
1064,608,1
1065,608,1
1066,608,1
1067,608,1
1068,608,1
1069,608,1
1070,608,1
1071,608,1
1072,607,1
1073,607,1
1074,607,1
1075,607,1
1076,607,1
1077,607,1
1078,607,1
1079,607,1
1080,607,1
1081,606,1
1082,606,1
1083,606,1
1084,606,1
1085,606,1
1086,606,1
1087,606,1
1088,606,1
1089,606,1
1090,606,1
1091,605,1
1092,605,1
1093,605,1
1094,605,1
1095,605,1
1096,605,1
1097,605,1
1098,605,1
1099,605,1
1100,605,1
1101,604,1
1102,604,1
1103,604,1
1104,604,1
1105,604,1
1106,604,1
1107,604,1
1108,604,1
1109,604,1
1110,603,1
1111,603,1
1112,603,1
1113,603,1
1114,603,1
1115,603,1
1116,603,1
1117,603,1
1118,603,1
1119,602,1
1120,602,1
1121,602,1
1122,602,1
1123,602,1
1124,602,1
1125,602,1
1126,602,1
1127,602,1
1128,601,1
1129,601,1
1130,601,1
1131,601,1
1132,601,1
1133,601,1
1134,601,1
1135,601,1
1136,601,1
1137,601,1
1138,600,1
1139,600,1
1140,600,1
1141,600,1
1142,600,1
1143,600,1
1144,600,1
1145,600,1
1146,600,1
1147,600,1
1148,599,1
1149,599,1
1150,599,1
1151,599,1
1152,599,1
1153,599,1
1154,599,1
1155,599,1
1156,599,1
1157,598,1
1158,598,1
1159,598,1
1160,598,1
1161,598,1
1162,598,1
1163,598,1
1164,598,1
1165,598,1
1166,597,1
1167,597,1
1168,597,1
1169,597,1
1170,597,1
1171,597,1
1172,597,1
1173,597,1
1174,597,1
1175,596,1
1176,596,1
1177,596,1
1178,596,1
1179,596,1
1180,596,1
1181,596,1
1182,596,1
1183,596,1
1184,595,1
1185,595,1
1186,595,1
1187,595,1
1188,595,1
1189,595,1
1190,595,1
1191,595,1
1192,595,1
1193,595,1
1194,594,1
1195,594,1
1196,594,1
1197,594,1
1198,594,1
1199,594,1
1200,594,1
1201,594,1
1202,594,1
1203,594,1
1204,594,1
1205,593,1
1206,593,1
1207,593,1
1208,593,1
1209,593,1
1210,593,1
1211,593,1
1212,593,1
1213,593,1
1214,592,1
1215,592,1
1216,592,1
1217,592,1
1218,592,1
1219,592,1
1220,592,1
1221,592,1
1222,592,1
1223,592,1
1224,592,1
1225,591,1
1226,591,1
1227,591,1
1228,591,1
1229,591,1
1230,591,1
1231,591,1
1232,591,1
1233,591,1
1234,591,1
1235,591,1
1236,591,1
1237,590,1
1238,590,1
1239,590,1
1240,590,1
1241,590,1
1242,590,1
1243,590,1
1244,590,1
1245,590,1
1246,590,1
1247,590,1
1248,589,1
1249,589,1
1250,589,1
1251,589,1
1252,589,1
1253,589,1
1254,589,1
1255,589,1
1256,589,1
1257,589,1
1258,588,1
1259,588,1
1260,588,1
1261,588,1
1262,588,1
1263,588,1
1264,588,1
1265,588,1
1266,588,1
1267,588,1
1268,587,1
1269,587,1
1270,587,1
1271,587,1
1272,587,1
1273,587,1
1274,587,1
1275,587,1
1276,587,1
1277,587,1
1278,587,1
1279,586,1
1280,586,1
1281,586,1
1282,586,1
1283,586,1
1284,586,1
1285,586,1
1286,586,1
1287,586,1
1288,585,1
1289,585,1
1290,585,1
1291,585,1
1292,585,1
1293,585,1
1294,585,1
1295,585,1
1296,585,1
1297,584,1
1298,584,1
1299,584,1
1300,584,1
1301,584,1
1302,584,1
1303,584,1
1304,584,1
1305,584,1
1306,583,1
1307,583,1
1308,583,1
1309,583,1
1310,583,1
1311,583,1
1312,583,1
1313,583,1
1314,583,1
1315,582,1
1316,582,1
1317,582,1
1318,582,1
1319,582,1
1320,582,1
1321,582,1
1322,582,1
1323,582,1
1324,582,1
1325,581,1
1326,581,1
1327,581,1
1328,581,1
1329,581,1
1330,581,1
1331,581,1
1332,581,1
1333,580,1
1334,580,1
1335,580,1
1336,580,1
1337,580,1
1338,580,1
1339,580,1
1340,580,1
1341,580,1
1342,579,1
1343,579,1
1344,579,1
1345,579,1
1346,579,1
1347,579,1
1348,579,1
1349,579,1
1350,578,1
1351,578,1
1352,578,1
1353,578,1
1354,578,1
1355,578,1
1356,578,1
1357,578,1
1358,577,1
1359,577,1
1360,577,1
1361,577,1
1362,577,1
1363,577,1
1364,577,1
1365,577,1
1366,577,1
1367,577,1
1368,576,1
1369,576,1
1370,576,1
1371,576,1
1372,576,1
1373,576,1
1374,576,1
1375,575,1
1376,575,1
1377,575,1
1378,575,1
1379,575,1
1380,575,1
1381,575,1
1382,575,1
1383,574,1
1384,574,1
1385,574,1
1386,574,1
1387,574,1
1388,574,1
1389,574,1
1390,574,1
1391,573,1
1392,573,1
1393,573,1
1394,573,1
1395,573,1
1396,573,1
1397,573,1
1398,573,1
1399,572,1
1400,572,1
1401,572,1
1402,572,1
1403,572,1
1404,572,1
1405,572,1
1406,572,1
1407,571,1
1408,571,1
1409,571,1
1410,571,1
1411,571,1
1412,571,1
1413,571,1
1414,571,1
1415,570,1
1416,570,1
1417,570,1
1418,570,1
1419,570,1
1420,570,1
1421,570,1
1422,570,1
1423,569,1
1424,569,1
1425,569,1
1426,569,1
1427,569,1
1428,569,1
1429,569,1
1430,569,1
1431,569,1
1432,568,1
1433,568,1
1434,568,1
1435,568,1
1436,568,1
1437,568,1
1438,568,1
1439,568,1
1440,567,1
1441,567,1
1442,567,1
1443,567,1
1444,567,1
1445,567,1
1446,567,1
1447,567,1
1448,567,1
1449,566,1
1450,566,1
1451,566,1
1452,566,1
1453,566,1
1454,566,1
1455,566,1
1456,565,1
1457,565,1
1458,565,1
1459,565,1
1460,565,1
1461,565,1
1462,565,1
1463,565,1
1464,564,1
1465,564,1
1466,564,1
1467,564,1
1468,564,1
1469,564,1
1470,564,1
1471,564,1
1472,564,1
1473,563,1
1474,563,1
1475,563,1
1476,563,1
1477,563,1
1478,563,1
1479,563,1
1480,563,1
1481,562,1
1482,562,1
1483,562,1
1484,562,1
1485,562,1
1486,562,1
1487,561,1
1488,561,1
1489,561,1
1490,561,1
1491,561,1
1492,561,1
1493,561,1
1494,561,1
1495,560,1
1496,560,1
1497,560,1
1498,560,1
1499,560,1
1500,560,1
1501,560,1
1502,559,1
1503,559,1
1504,559,1
1505,559,1
1506,559,1
1507,559,1
1508,559,1
1509,559,1
1510,559,1
1511,558,1
1512,558,1
1513,558,1
1514,558,1
1515,558,1
1516,558,1
1517,558,1
1518,558,1
1519,557,1
1520,557,1
1521,557,1
1522,557,1
1523,557,1
1524,557,1
1525,557,1
1526,556,1
1527,556,1
1528,556,1
1529,556,1
1530,556,1
1531,556,1
1532,556,1
1533,555,1
1534,555,1
1535,555,1
1536,555,1
1537,555,1
1538,555,1
1539,555,1
1540,555,1
1541,554,1
1542,554,1
1543,554,1
1544,554,1
1545,554,1
1546,554,1
1547,554,1
1548,554,1
1549,554,1
1550,553,1
1551,553,1
1552,553,1
1553,553,1
1554,553,1
1555,553,1
1556,553,1
1557,553,1
1558,552,1
1559,552,1
1560,552,1
1561,552,1
1562,552,1
1563,552,1
1564,552,1
1565,552,1
1566,551,1
1567,551,1
1568,551,1
1569,551,1
1570,551,1
1571,551,1
1572,551,1
1573,551,1
1574,551,1
1575,550,1
1576,550,1
1577,550,1
1578,550,1
1579,550,1
1580,550,1
1581,550,1
1582,550,1
1583,549,1
1584,549,1
1585,549,1
1586,549,1
1587,549,1
1588,549,1
1589,549,1
1590,549,1
1591,549,1
1592,548,1
1593,548,1
1594,548,1
1595,548,1
1596,548,1
1597,548,1
1598,548,1
1599,548,1
1600,547,1
1601,547,1
1602,547,1
1603,547,1
1604,547,1
1605,547,1
1606,547,1
1607,546,1
1608,546,1
1609,546,1
1610,546,1
1611,546,1
1612,546,1
1613,546,1
1614,546,1
1615,546,1
1616,545,1
1617,545,1
1618,545,1
1619,545,1
1620,545,1
1621,545,1
1622,545,1
1623,544,1
1624,544,1
1625,544,1
1626,544,1
1627,544,1
1628,544,1
1629,543,1
1630,543,1
1631,543,1
1632,543,1
1633,543,1
1634,542,1
1635,542,1
1636,542,1
1637,542,1
1638,542,1
1639,542,1
1640,541,1
1641,541,1
1642,541,1
1643,541,1
1644,541,1
1645,541,1
1646,540,1
1647,540,1
1648,540,1
1649,540,1
1650,539,1
1651,539,1
1651,538,1
1650,538,1
1649,538,1
1648,539,1
1647,539,1
1646,539,1
1645,539,1
1644,539,1
1644,539,0
