471,410,1
472,410,1
473,410,1
521,400,1
522,400,1
523,400,1
524,399,1
525,399,1
526,399,1
527,399,1
528,399,1
529,399,1
530,399,1
531,398,1
532,398,1
533,398,1
534,398,1
535,398,1
536,398,1
537,398,1
538,397,1
539,397,1
540,397,1
541,397,1
542,397,1
543,397,1
544,397,1
545,398,1
546,398,1
547,398,1
548,398,1
548,399,1
549,399,1
549,400,1
550,400,1
550,401,1
549,401,1
549,402,1
549,403,1
548,403,1
548,404,1
548,405,1
547,405,1
546,406,1
545,407,1
544,408,1
543,409,1
542,409,1
542,410,1
541,410,1
540,411,1
539,412,1
538,412,1
537,413,1
536,414,1
535,414,1
535,415,1
534,415,1
533,416,1
532,416,1
531,417,1
530,417,1
529,418,1
529,419,1
528,419,1
527,420,1
526,420,1
525,421,1
524,422,1
523,423,1
522,423,1
521,424,1
520,425,1
519,426,1
518,426,1
517,427,1
517,428,1
516,428,1
515,429,1
514,430,1
513,431,1
512,432,1
511,433,1
511,434,1
510,434,1
509,435,1
509,436,1
508,436,1
508,437,1
508,438,1
507,439,1
506,440,1
506,441,1
506,442,1
505,442,1
505,443,1
505,444,1
505,445,1
504,446,1
504,447,1
504,448,1
504,449,1
504,450,1
504,451,1
505,451,1
505,452,1
505,453,1
505,454,1
506,454,1
506,455,1
506,456,1
507,457,1
508,458,1
508,459,1
509,459,1
509,460,1
510,460,1
511,461,1
512,462,1
513,462,1
514,463,1
515,464,1
516,464,1
517,464,1
517,465,1
518,465,1
519,465,1
520,465,1
521,466,1
522,466,1
523,466,1
524,466,1
525,467,1
526,467,1
527,467,1
528,467,1
529,467,1
530,467,1
531,467,1
532,467,1
533,467,1
534,467,1
535,467,1
536,467,1
536,468,1
537,468,1
538,468,1
539,467,1
540,467,1
541,467,1
542,467,1
543,467,1
544,467,1
545,467,1
546,467,1
547,467,1
548,467,1
549,467,1
550,467,1
551,467,1
552,467,1
553,467,1
554,466,1
555,466,1
556,466,1
557,466,1
558,466,1
559,466,1
560,466,1
561,465,1
562,465,1
563,465,1
564,465,1
565,465,1
566,465,1
567,464,1
568,464,1
569,464,1
609,464,1
609,465,1
609,466,1
608,466,1
608,467,1
607,468,1
606,469,1
605,470,1
605,471,1
604,471,1
604,472,1
603,472,1
603,473,1
602,474,1
601,474,1
601,475,1
600,476,1
599,477,1
598,478,1
597,479,1
596,480,1
595,481,1
594,482,1
593,483,1
592,484,1
592,485,1
591,485,1
591,486,1
590,487,1
589,487,1
589,488,1
588,489,1
588,490,1
587,491,1
586,492,1
586,493,1
585,494,1
585,495,1
584,495,1
584,496,1
584,497,1
583,498,1
583,499,1
582,500,1
582,501,1
582,502,1
581,503,1
581,504,1
581,505,1
581,506,1
581,507,1
580,507,1
580,508,1
580,509,1
580,510,1
580,511,1
581,512,1
581,513,1
581,514,1
581,515,1
582,516,1
582,517,1
582,518,1
583,518,1
583,519,1
584,520,1
584,521,1
585,521,1
585,522,1
586,522,1
586,523,1
587,523,1
587,524,1
588,524,1
588,525,1
589,525,1
590,526,1
591,526,1
592,527,1
593,528,1
594,528,1
595,528,1
596,528,1
596,529,1
597,529,1
598,529,1
599,529,1
600,530,1
601,530,1
602,530,1
603,530,1
604,530,1
605,530,1
606,530,1
607,530,1
608,531,1
609,531,1
610,531,1
611,531,1
612,531,1
613,531,1
614,531,1
615,530,1
616,530,1
617,530,1
618,530,1
619,530,1
620,530,1
621,530,1
622,530,1
623,530,1
624,529,1
625,529,1
626,529,1
627,529,1
628,529,1
629,528,1
630,528,1
631,528,1
632,528,1
633,527,1
634,527,1
635,527,1
636,527,1
637,526,1
638,526,1
639,526,1
640,525,1
641,525,1
642,525,1
643,524,1
644,524,1
645,524,1
646,523,1
647,523,1
648,523,1
649,523,1
650,522,1
651,522,1
652,521,1
653,521,1
654,521,1
655,520,1
656,520,1
657,520,1
658,519,1
659,519,1
660,519,1
661,518,1
662,518,1
663,517,1
664,517,1
665,517,1
666,516,1
667,516,1
668,515,1
669,515,1
670,515,1
670,514,1
671,514,1
672,513,1
673,513,1
674,512,1
675,512,1
676,512,1
677,511,1
678,511,1
679,510,1
680,510,1
681,509,1
682,509,1
683,508,1
684,508,1
685,507,1
686,507,1
687,506,1
688,506,1
689,505,1
690,505,1
691,504,1
692,504,1
693,503,1
694,503,1
695,502,1
696,502,1
696,501,1
697,501,1
698,500,1
699,500,1
700,499,1
701,499,1
702,498,1
703,497,1
704,497,1
705,496,1
706,496,1
706,495,1
707,495,1
708,494,1
721,479,0
747,443,1
747,444,1
747,445,1
747,446,1
747,447,1
747,448,1
747,449,1
747,450,1
747,451,1
746,452,1
746,453,1
746,454,1
746,455,1
746,456,1
746,457,1
746,458,1
746,459,1
746,460,1
746,461,1
746,462,1
746,463,1
746,464,1
746,465,1
746,466,1
746,467,1
746,468,1
746,469,1
745,470,1
745,471,1
745,472,1
745,473,1
745,474,1
745,475,1
745,476,1
745,477,1
745,478,1
745,479,1
745,480,1
745,481,1
745,482,1
745,483,1
745,484,1
745,485,1
745,486,1
745,487,1
745,488,1
745,489,1
745,490,1
745,491,1
746,492,1
746,493,1
746,494,1
746,495,1
746,496,1
746,497,1
746,498,1
746,499,1
746,500,1
746,501,1
746,502,1
746,503,1
746,504,1
747,505,1
747,506,1
747,507,1
747,508,1
747,509,1
747,510,1
747,511,1
747,512,1
747,513,1
748,514,1
748,515,1
748,516,1
748,517,1
748,518,1
748,519,1
748,520,1
749,521,1
749,522,1
749,523,1
749,524,1
749,525,1
749,526,1
750,527,1
750,528,1
750,529,1
750,530,1
751,531,1
751,532,1
751,533,1
751,534,1
752,534,1
752,535,1
752,536,1
753,537,1
753,538,1
753,539,1
754,540,1
754,541,1
755,542,1
755,543,1
756,544,1
756,545,1
757,545,1
757,546,1
757,547,1
758,548,1
758,549,1
758,550,1
759,551,1
760,552,1
760,553,1
760,554,1
761,555,1
762,556,1
763,557,1
763,558,1
764,558,1
765,559,1
766,560,1
767,560,1
768,561,1
769,561,1
770,561,1
771,561,1
772,561,1
773,561,1
774,561,1
775,560,1
776,560,1
825,500,0
884,429,1
884,430,1
885,431,1
885,432,1
885,433,1
885,434,1
886,435,1
886,436,1
886,437,1
887,438,1
887,439,1
887,440,1
887,441,1
888,442,1
888,443,1
888,444,1
888,445,1
888,446,1
888,447,1
888,448,1
888,449,1
889,450,1
889,451,1
889,452,1
889,453,1
889,454,1
889,455,1
889,456,1
889,457,1
889,458,1
889,459,1
889,460,1
889,461,1
889,462,1
889,463,1
889,464,1
889,465,1
889,466,1
889,467,1
889,468,1
889,469,1
889,470,1
889,471,1
889,472,1
889,473,1
889,474,1
889,475,1
889,476,1
889,477,1
889,478,1
889,479,1
889,480,1
889,481,1
889,482,1
888,483,1
888,484,1
888,485,1
888,486,1
888,487,1
888,488,1
888,489,1
888,490,1
888,491,1
888,492,1
888,493,1
888,494,1
888,495,1
888,496,1
888,497,1
888,498,1
889,498,1
889,497,1
890,497,1
890,496,1
891,495,1
891,494,1
892,493,1
892,492,1
892,491,1
893,490,1
893,489,1
894,488,1
894,487,1
895,486,1
895,485,1
895,484,1
896,483,1
896,482,1
897,481,1
897,480,1
898,479,1
898,478,1
899,477,1
899,476,1
899,475,1
900,474,1
900,473,1
901,473,1
901,472,1
902,471,1
902,470,1
902,469,1
903,468,1
903,467,1
904,466,1
904,465,1
905,464,1
906,463,1
906,462,1
907,461,1
907,460,1
908,459,1
908,458,1
909,457,1
909,456,1
910,455,1
910,454,1
911,454,1
911,453,1
912,452,1
912,451,1
913,450,1
913,449,1
914,448,1
914,447,1
915,446,1
915,445,1
916,444,1
917,444,1
917,443,1
918,442,1
918,441,1
919,440,1
919,439,1
920,438,1
921,437,1
922,436,1
923,435,1
923,434,1
924,433,1
924,432,1
925,431,1
926,431,1
926,430,1
927,429,1
928,428,1
928,427,1
929,426,1
930,426,1
930,425,1
931,424,1
932,423,1
932,422,1
933,422,1
934,421,1
934,420,1
935,420,1
936,419,1
937,418,1
937,417,1
938,417,1
939,416,1
939,415,1
940,415,1
941,414,1
942,414,1
942,413,1
943,412,1
944,412,1
945,411,1
946,411,1
946,410,1
947,410,1
948,409,1
949,409,1
950,408,1
951,407,1
952,407,1
953,407,1
954,406,1
955,406,1
956,405,1
957,405,1
958,405,1
959,404,1
960,404,1
961,404,1
962,404,1
963,404,1
964,404,1
965,404,1
966,404,1
967,404,1
968,404,1
969,404,1
970,404,1
971,404,1
972,404,1
973,404,1
973,405,1
974,405,1
975,405,1
976,405,1
977,406,1
978,406,1
979,407,1
980,407,1
981,408,1
982,408,1
983,409,1
984,410,1
985,410,1
986,411,1
987,412,1
988,412,1
988,413,1
989,414,1
990,414,1
990,415,1
991,416,1
992,417,1
993,418,1
994,419,1
994,420,1
995,421,1
996,422,1
996,423,1
997,424,1
997,425,1
998,426,1
998,427,1
999,428,1
999,429,1
1000,430,1
1000,431,1
1000,432,1
1001,433,1
1001,434,1
1002,435,1
1002,436,1
1002,437,1
1002,438,1
1003,439,1
1003,440,1
1003,441,1
1004,442,1
1004,443,1
1004,444,1
1004,445,1
1004,446,1
1005,447,1
1005,448,1
1005,449,1
1006,450,1
1006,451,1
1006,452,1
1006,453,1
1006,454,1
1007,455,1
1007,456,1
1007,457,1
1007,458,1
1007,459,1
1007,460,1
1008,461,1
1008,462,1
1008,463,1
1008,464,1
1008,465,1
1008,466,1
1009,467,1
1009,468,1
1009,469,1
1009,470,1
1009,471,1
1009,472,1
1010,473,1
1010,474,1
1010,475,1
1010,476,1
1010,477,1
1010,478,1
1011,479,1
1011,480,1
1011,481,1
1011,482,1
1011,483,1
1011,484,1
1012,485,1
1012,486,1
1012,487,1
1012,488,1
1012,489,1
1012,490,1
1013,491,1
1013,492,1
1013,493,1
1013,494,1
1013,495,1
1013,496,1
1013,497,1
1014,498,1
1014,499,1
1014,500,1
1014,501,1
1014,502,1
1014,503,1
1015,504,1
1015,505,1
1015,506,1
1015,507,1
1015,508,1
1016,509,1
1016,510,1
1016,511,1
1016,512,1
1016,513,1
1017,514,1
1017,515,1
1017,516,1
1017,517,1
1017,518,1
1017,519,1
1017,520,1
1018,521,1
1018,522,1
1018,523,1
1019,522,1
1019,521,1
1019,520,1
1019,519,1
1019,518,1
1019,517,1
961,371,0
916,216,1
915,216,1
914,216,1
913,216,1
912,217,1
911,218,1
910,218,1
909,219,1
908,219,1
908,220,1
907,220,1
906,221,1
905,221,1
905,222,1
904,223,1
903,223,1
902,224,1
902,225,1
901,225,1
900,226,1
900,227,1
899,228,1
898,229,1
897,230,1
897,231,1
896,232,1
896,233,1
895,234,1
894,235,1
894,236,1
893,237,1
892,238,1
892,239,1
891,240,1
890,241,1
890,242,1
889,243,1
889,244,1
888,245,1
887,246,1
887,247,1
887,248,1
886,249,1
886,250,1
885,251,1
885,252,1
885,253,1
884,254,1
884,255,1
884,256,1
883,257,1
883,258,1
883,259,1
883,260,1
883,261,1
882,262,1
882,263,1
882,264,1
882,265,1
882,266,1
882,267,1
882,268,1
882,269,1
882,270,1
882,271,1
882,272,1
882,273,1
882,274,1
882,275,1
882,276,1
883,277,1
883,278,1
883,279,1
883,280,1
883,281,1
883,282,1
884,282,1
884,283,1
884,284,1
884,285,1
885,286,1
885,287,1
885,288,1
886,289,1
886,290,1
886,291,1
887,291,1
887,292,1
888,293,1
888,294,1
889,295,1
890,296,1
890,297,1
891,298,1
892,299,1
892,300,1
893,301,1
894,302,1
895,303,1
895,304,1
896,304,1
897,305,1
897,306,1
898,306,1
899,307,1
900,308,1
901,309,1
902,310,1
903,311,1
904,311,1
904,312,1
905,312,1
906,313,1
907,314,1
908,314,1
908,315,1
909,315,1
910,316,1
911,316,1
912,317,1
913,317,1
913,318,1
914,318,1
915,318,1
916,319,1
917,319,1
918,320,1
919,320,1
920,321,1
921,321,1
922,322,1
923,322,1
924,322,1
925,323,1
926,323,1
927,323,1
927,324,1
928,324,1
929,324,1
930,325,1
931,325,1
932,325,1
933,325,1
934,326,1
935,326,1
936,326,1
937,326,1
938,327,1
939,327,1
940,327,1
941,327,1
942,328,1
943,328,1
944,328,1
945,328,1
946,328,1
947,328,1
948,329,1
949,329,1
950,329,1
951,329,1
952,329,1
953,329,1
954,329,1
955,330,1
956,330,1
957,330,1
958,330,1
959,330,1
960,330,1
961,330,1
962,330,1
963,330,1
964,330,1
965,330,1
966,330,1
967,330,1
968,330,1
969,331,1
970,331,1
971,331,1
972,331,1
973,331,1
974,331,1
975,331,1
976,331,1
977,331,1
978,331,1
979,331,1
980,331,1
981,331,1
982,331,1
983,331,1
984,331,1
985,331,1
986,331,1
987,331,1
988,331,1
989,331,1
990,331,1
991,331,1
992,331,1
993,331,1
994,331,1
995,331,1
996,331,1
997,331,1
998,331,1
999,331,1
1000,331,1
1001,331,1
1002,330,1
1003,330,1
1004,330,1
1005,330,1
1006,330,1
1007,330,1
1008,330,1
1009,330,1
1010,330,1
1011,330,1
1012,330,1
1013,330,1
1014,330,1
1015,330,1
1016,330,1
1017,330,1
1018,330,1
1019,330,1
1020,329,1
1021,329,1
1022,329,1
1023,329,1
1024,329,1
1025,329,1
1026,329,1
1027,329,1
1028,328,1
1029,328,1
1030,328,1
1031,328,1
1091,364,0
1164,384,1
1164,385,1
1164,386,1
1164,387,1
1164,388,1
1164,389,1
1164,390,1
1164,391,1
1165,392,1
1165,393,1
1165,394,1
1165,395,1
1165,396,1
1165,397,1
1165,398,1
1165,399,1
1165,400,1
1165,401,1
1165,402,1
1165,403,1
1165,404,1
1165,405,1
1165,406,1
1165,407,1
1165,408,1
1166,409,1
1166,410,1
1166,411,1
1166,412,1
1166,413,1
1166,414,1
1166,415,1
1166,416,1
1166,417,1
1166,418,1
1166,419,1
1166,420,1
1166,421,1
1165,422,1
1165,423,1
1165,424,1
1165,425,1
1165,426,1
1165,427,1
1165,428,1
1165,429,1
1165,430,1
1165,431,1
1164,432,1
1164,433,1
1164,434,1
1164,435,1
1164,436,1
1163,437,1
1163,438,1
1163,439,1
1162,440,1
1162,441,1
1161,442,1
1161,443,1
1161,444,1
1160,444,1
1160,445,1
1159,446,1
1159,447,1
1158,447,1
1158,448,1
1157,448,1
1157,449,1
1156,450,1
1155,451,1
1154,451,1
1154,452,1
1153,452,1
1152,453,1
1151,453,1
1151,454,1
1150,454,1
1149,454,1
1148,454,1
1148,455,1
1147,455,1
1146,455,1
1145,456,1
1144,456,1
1143,456,1
1142,456,1
1141,456,1
1140,457,1
1139,457,1
1138,457,1
1137,457,1
1136,457,1
1135,457,1
1134,457,1
1133,457,1
1132,457,1
1131,457,1
1130,457,1
1129,457,1
1128,457,1
1127,457,1
1126,457,1
1125,457,1
1124,457,1
1123,457,1
1122,457,1
1121,457,1
1120,458,1
1119,458,1
1118,458,1
1117,458,1
1116,458,1
1115,458,1
1114,458,1
1113,458,1
1112,458,1
1111,458,1
1110,459,1
1109,459,1
1108,459,1
1107,459,1
1106,459,1
1105,460,1
1104,460,1
1103,460,1
1102,461,1
1101,461,1
1100,462,1
1099,462,1
1098,463,1
1097,463,1
1097,464,1
1096,464,1
1095,465,1
1094,466,1
1094,467,1
1093,467,1
1093,468,1
1093,469,1
1094,470,1
1095,470,1
1096,470,1
1097,470,1
1098,470,1
1099,470,1
1100,470,1
1101,470,1
1101,469,1
1102,469,1
1103,469,1
1104,468,1
1105,468,1
1106,468,1
1107,467,1
1108,466,1
1109,466,1
1110,466,1
1111,465,1
1112,464,1
1113,464,1
1114,463,1
1114,462,1
1115,462,1
1116,461,1
1117,461,1
1117,460,1
1118,460,1
1119,459,1
1120,458,1
1121,457,1
1122,456,1
1123,455,1
1124,454,1
1125,453,1
1126,452,1
1126,451,1
1127,451,1
1128,450,1
1128,449,1
1129,448,1
1130,448,1
1130,447,1
1131,446,1
1131,445,1
1132,445,1
1133,444,1
1133,443,1
1134,442,1
1134,441,1
1135,441,1
1135,440,1
1136,439,1
1137,438,1
1137,437,1
1138,437,1
1139,436,1
1139,435,1
1140,434,1
1141,433,1
1142,432,1
1142,431,1
1143,430,1
1143,429,1
1144,428,1
1145,427,1
1145,426,1
1146,425,1
1146,424,1
1147,423,1
1147,422,1
1148,421,1
1148,420,1
1148,419,1
1148,418,1
1149,417,1
1149,416,1
1150,415,1
1150,414,1
1143,305,0
1134,195,1
1134,194,1
1135,193,1
1135,192,1
1136,191,1
1136,190,1
1137,189,1
1137,188,1
1138,187,1
1138,186,1
1139,185,1
1139,184,1
1140,183,1
1141,182,1
1142,181,1
1143,180,1
1144,179,1
1145,179,1
1146,178,1
1147,178,1
1148,178,1
1149,178,1
1150,178,1
1151,178,1
1152,178,1
1153,178,1
1154,177,1
1155,177,1
1156,177,1
1157,177,1
1158,176,1
1159,176,1
1160,176,1
1161,176,1
1162,176,1
1163,177,1
1164,177,1
1165,177,1
1166,177,1
1167,177,1
1168,178,1
1169,178,1
1170,179,1
1171,179,1
1172,179,1
1172,180,1
1173,180,1
1174,180,1
1175,181,1
1176,182,1
1177,182,1
1178,183,1
1179,184,1
1180,184,1
1181,185,1
1181,186,1
1182,186,1
1183,187,1
1184,188,1
1185,189,1
1186,190,1
1187,191,1
1188,192,1
1189,193,1
1190,194,1
1191,195,1
1192,196,1
1193,197,1
1193,198,1
1194,198,1
1194,199,1
1195,200,1
1196,201,1
1197,202,1
1197,203,1
1198,204,1
1199,205,1
1200,206,1
1200,207,1
1201,208,1
1202,209,1
1202,210,1
1203,210,1
1203,211,1
1204,212,1
1204,213,1
1205,214,1
1206,215,1
1206,216,1
1207,217,1
1208,218,1
1208,219,1
1209,220,1
1209,221,1
1210,222,1
1210,223,1
1211,224,1
1211,225,1
1212,226,1
1212,227,1
1213,227,1
1213,228,1
1214,229,1
1214,230,1
1215,231,1
1215,232,1
1216,233,1
1216,234,1
1216,235,1
1217,236,1
1217,237,1
1218,237,1
1218,238,1
1219,239,1
1219,240,1
1220,241,1
1220,242,1
1220,243,1
1221,244,1
1221,245,1
1222,246,1
1222,247,1
1223,248,1
1223,249,1
1224,250,1
1224,251,1
1225,252,1
1225,253,1
1226,254,1
1226,255,1
1226,256,1
1227,257,1
1227,258,1
1228,259,1
1228,260,1
1228,261,1
1229,262,1
1229,263,1
1230,264,1
1230,265,1
1231,266,1
1231,267,1
1231,268,1
1232,269,1
1232,270,1
1232,271,1
1233,272,1
1233,273,1
1234,274,1
1234,275,1
1234,276,1
1235,277,1
1235,278,1
1235,279,1
1236,280,1
1236,281,1
1236,282,1
1237,283,1
1237,284,1
1237,285,1
1238,286,1
1238,287,1
1238,288,1
1239,289,1
1239,290,1
1239,291,1
1240,292,1
1240,293,1
1240,294,1
1241,295,1
1241,296,1
1241,297,1
1241,298,1
1242,299,1
1242,300,1
1242,301,1
1243,302,1
1243,303,1
1243,304,1
1243,305,1
1244,306,1
1244,307,1
1244,308,1
1244,309,1
1245,310,1
1245,311,1
1245,312,1
1245,313,1
1246,314,1
1246,315,1
1246,316,1
1246,317,1
1246,318,1
1247,319,1
1247,320,1
1247,321,1
1247,322,1
1247,323,1
1248,324,1
1248,325,1
1248,326,1
1248,327,1
1248,328,1
1249,329,1
1249,330,1
1249,331,1
1249,332,1
1249,333,1
1249,334,1
1250,335,1
1250,336,1
1250,337,1
1250,338,1
1250,339,1
1250,340,1
1251,341,1
1251,342,1
1251,343,1
1251,344,1
1251,345,1
1251,346,1
1251,347,1
1251,348,1
1252,349,1
1252,350,1
1252,351,1
1252,352,1
1252,353,1
1252,354,1
1252,355,1
1252,356,1
1253,357,1
1253,358,1
1253,359,1
1253,360,1
1253,361,1
1253,362,1
1253,363,1
1253,364,1
1253,365,1
1253,366,1
1253,367,1
1254,368,1
1254,369,1
1254,370,1
1254,371,1
1254,372,1
1254,373,1
1254,374,1
1254,375,1
1254,376,1
1254,377,1
1254,378,1
1254,379,1
1254,380,1
1254,381,1
1255,382,1
1255,383,1
1255,384,1
1255,385,1
1255,386,1
1255,387,1
1255,388,1
1255,389,1
1255,390,1
1255,391,1
1255,392,1
1255,393,1
1255,394,1
1255,395,1
1256,396,1
1256,397,1
1256,398,1
1256,399,1
1256,400,1
1256,401,1
1256,402,1
1256,403,1
1256,404,1
1256,405,1
1256,406,1
1256,407,1
1256,408,1
1256,409,1
1256,410,1
1256,411,1
1256,412,1
1256,413,1
1256,414,1
1256,415,1
1257,416,1
1257,417,1
1257,418,1
1257,419,1
1257,420,1
1257,421,1
1257,422,1
1257,423,1
1257,424,1
1257,425,1
1257,426,1
1257,427,1
1257,428,1
1257,429,1
1257,430,1
1258,431,1
1258,432,1
1258,433,1
1258,434,1
1258,435,1
1258,436,1
1258,437,1
1258,438,1
1258,439,1
1258,440,1
1258,441,1
1258,442,1
1258,443,1
1258,444,1
1258,445,1
1258,446,1
1258,447,1
1258,448,1
1259,449,1
1259,450,1
1259,451,1
1259,452,1
1259,453,1
1259,454,1
1259,455,1
1259,456,1
1259,457,1
1259,458,1
1260,459,1
1260,460,1
1260,461,1
1260,462,1
1260,463,1
1260,464,1
1260,465,1
1261,465,1
1261,466,1
1261,467,1
1261,468,1
1261,469,1
1262,470,1
1262,471,1
1262,472,1
1262,473,1
1263,474,1
1263,475,1
1263,476,1
1263,477,1
1263,478,1
1263,479,1
1264,480,1
1264,481,1
1264,482,1
1265,483,1
1265,484,1
1266,485,1
1266,486,1
1267,487,1
1268,487,1
1268,488,1
1269,488,1
1270,487,1
1271,487,1
1271,486,1
1271,485,1
1272,484,1
1320,452,0
1374,407,1
1374,408,1
1374,409,1
1374,410,1
1374,411,1
1374,412,1
1374,413,1
1373,414,1
1374,415,1
1374,416,1
1374,417,1
1374,418,1
1374,419,1
1374,420,1
1374,421,1
1375,422,1
1375,423,1
1375,424,1
1375,425,1
1376,426,1
1376,427,1
1376,428,1
1377,429,1
1378,430,1
1378,431,1
1379,432,1
1379,433,1
1380,433,1
1380,434,1
1380,435,1
1381,436,1
1381,437,1
1382,438,1
1382,439,1
1383,440,1
1383,441,1
1384,441,1
1384,442,1
1385,443,1
1385,444,1
1386,445,1
1387,446,1
1387,447,1
1388,448,1
1389,449,1
1390,450,1
1390,451,1
1391,452,1
1392,452,1
1392,453,1
1393,454,1
1394,454,1
1394,455,1
1395,456,1
1396,456,1
1396,457,1
1397,458,1
1398,458,1
1399,459,1
1399,460,1
1400,460,1
1401,461,1
1401,462,1
1402,462,1
1403,463,1
1404,463,1
1404,464,1
1405,465,1
1406,465,1
1407,466,1
1408,467,1
1409,468,1
1410,468,1
1411,469,1
1412,470,1
1413,470,1
1414,471,1
1415,471,1
1415,472,1
1416,472,1
1417,473,1
1418,473,1
1419,474,1
1420,474,1
1420,475,1
1421,475,1
1422,476,1
1423,476,1
1424,477,1
1425,477,1
1425,478,1
1426,478,1
1427,478,1
1428,479,1
1429,479,1
1430,480,1
1431,480,1
1432,480,1
1432,481,1
1433,481,1
1434,481,1
1435,482,1
1436,482,1
1437,482,1
1438,483,1
1439,483,1
1440,483,1
1441,484,1
1442,484,1
1443,485,1
1444,485,1
1445,485,1
1446,485,1
1447,486,1
1448,486,1
1449,486,1
1450,486,1
1451,487,1
1452,487,1
1453,487,1
1454,487,1
1455,487,1
1455,488,1
1456,488,1
1457,488,1
1458,488,1
1459,488,1
1460,488,1
1461,488,1
1462,489,1
1463,489,1
1464,489,1
1465,489,1
1466,489,1
1467,489,1
1468,489,1
1469,489,1
1470,489,1
1471,489,1
1472,489,1
1473,489,1
1474,489,1
1475,489,1
1476,489,1
1477,490,1
1478,490,1
1479,490,1
1480,490,1
1481,489,1
1482,489,1
1483,489,1
1484,489,1
1485,489,1
1486,489,1
1487,489,1
1488,489,1
1489,489,1
1490,489,1
1491,489,1
1492,489,1
1493,488,1
1494,488,1
1495,488,1
1496,488,1
1497,488,1
1498,487,1
1499,487,1
1500,487,1
1501,486,1
1502,486,1
1503,485,1
1504,485,1
1504,484,1
1505,484,1
1506,484,1
1507,483,1
1508,483,1
1509,483,1
1509,482,1
1510,482,1
1511,482,1
1512,481,1
1513,481,1
1514,480,1
1514,479,1
1515,479,1
1515,478,1
1515,477,1
1515,476,1
1515,475,1
1514,474,1
1514,473,1
1513,473,1
1512,472,1
1511,471,1
1510,471,1
1509,471,1
1508,470,1
1253,410,0
978,343,1
979,343,1
980,343,1
981,343,1
982,342,1
983,342,1
984,342,1
985,342,1
986,342,1
987,342,1
988,341,1
989,341,1
990,341,1
991,341,1
992,341,1
993,341,1
994,341,1
995,341,1
996,341,1
997,341,1
998,340,1
999,340,1
1000,340,1
1001,340,1
1002,340,1
1003,340,1
1004,340,1
1005,340,1
1006,339,1
1007,339,1
1008,339,1
1009,339,1
1010,339,1
1011,339,1
1012,339,1
1013,338,1
1014,338,1
1015,338,1
1016,338,1
1017,338,1
1018,338,1
1019,338,1
1020,338,1
1021,338,1
1022,337,1
1023,337,1
1024,337,1
1025,337,1
1026,337,1
1027,337,1
1028,337,1
1029,337,1
1030,336,1
1031,336,1
1032,336,1
1033,336,1
1034,336,1
1035,336,1
1036,336,1
1037,336,1
1038,335,1
1039,335,1
1040,335,1
1041,335,1
1042,335,1
1043,335,1
1044,335,1
1045,335,1
1046,334,1
1047,334,1
1048,334,1
1049,334,1
1050,334,1
1051,334,1
1052,334,1
1053,334,1
1054,333,1
1055,333,1
1056,333,1
1057,333,1
1058,333,1
1059,333,1
1060,333,1
1061,333,1
1062,333,1
1063,332,1
1064,332,1
1065,332,1
1066,332,1
1067,332,1
1068,332,1
1069,332,1
1070,332,1
1071,332,1
1072,331,1
1073,331,1
1074,331,1
1075,331,1
1076,331,1
1077,331,1
1078,331,1
1079,331,1
1080,331,1
1081,331,1
1082,330,1
1083,330,1
1084,330,1
1085,330,1
1086,330,1
1087,330,1
1088,330,1
1089,330,1
1090,329,1
1091,329,1
1092,329,1
1093,329,1
1094,329,1
1095,329,1
1096,329,1
1097,329,1
1098,329,1
1099,329,1
1100,328,1
1101,328,1
1102,328,1
1103,328,1
1104,328,1
1105,328,1
1106,328,1
1107,328,1
1108,328,1
1109,327,1
1110,327,1
1111,327,1
1112,327,1
1113,327,1
1114,327,1
1115,327,1
1116,327,1
1117,327,1
1118,327,1
1119,326,1
1120,326,1
1121,326,1
1122,326,1
1123,326,1
1124,326,1
1125,326,1
1126,326,1
1127,326,1
1128,325,1
1129,325,1
1130,325,1
1131,325,1
1132,325,1
1133,325,1
1134,325,1
1135,325,1
1136,325,1
1137,324,1
1138,324,1
1139,324,1
1140,324,1
1141,324,1
1142,324,1
1143,324,1
1144,324,1
1145,323,1
1146,323,1
1147,323,1
1148,323,1
1149,323,1
1150,323,1
1151,323,1
1152,323,1
1153,323,1
1154,323,1
1155,322,1
1156,322,1
1157,322,1
1158,322,1
1159,322,1
1160,322,1
1161,322,1
1162,322,1
1163,322,1
1164,321,1
1165,321,1
1166,321,1
1167,321,1
1168,321,1
1169,321,1
1170,321,1
1171,321,1
1172,321,1
1173,321,1
1174,320,1
1175,320,1
1176,320,1
1177,320,1
1178,320,1
1179,320,1
1180,320,1
1181,320,1
1182,320,1
1183,320,1
1184,319,1
1185,319,1
1186,319,1
1187,319,1
1188,319,1
1189,319,1
1190,319,1
1191,319,1
1192,319,1
1193,319,1
1194,319,1
1195,318,1
1196,318,1
1197,318,1
1198,318,1
1199,318,1
1200,318,1
1201,318,1
1202,318,1
1203,318,1
1204,317,1
1205,317,1
1206,317,1
1207,317,1
1208,317,1
1209,317,1
1210,317,1
1211,317,1
1212,317,1
1213,317,1
1214,316,1
1215,316,1
1216,316,1
1217,316,1
1218,316,1
1219,316,1
1220,316,1
1221,316,1
1222,316,1
1223,316,1
1224,315,1
1225,315,1
1226,315,1
1227,315,1
1228,315,1
1229,315,1
1230,315,1
1231,315,1
1232,315,1
1233,315,1
1234,314,1
1235,314,1
1236,314,1
1237,314,1
1238,314,1
1239,314,1
1240,314,1
1241,314,1
1242,314,1
1243,314,1
1244,313,1
1245,313,1
1246,313,1
1247,313,1
1248,313,1
1249,313,1
1250,313,1
1251,313,1
1252,312,1
1253,312,1
1254,312,1
1255,312,1
1256,312,1
1257,312,1
1258,312,1
1259,312,1
1260,312,1
1261,311,1
1262,311,1
1263,311,1
1264,311,1
1265,311,1
1266,311,1
1267,311,1
1268,311,1
1269,311,1
1270,311,1
1271,311,1
1272,310,1
1273,310,1
1274,310,1
1275,310,1
1276,310,1
1277,310,1
1278,310,1
1279,310,1
1280,310,1
1281,310,1
1282,309,1
1283,309,1
1284,309,1
1285,309,1
1286,309,1
1287,309,1
1288,309,1
1289,309,1
1290,309,1
1291,309,1
1292,308,1
1293,308,1
1294,308,1
1295,308,1
1296,308,1
1297,308,1
1298,308,1
1299,308,1
1300,308,1
1301,307,1
1302,307,1
1303,307,1
1304,307,1
1305,307,1
1306,307,1
1307,307,1
1308,307,1
1309,307,1
1310,306,1
1311,306,1
1312,306,1
1313,306,1
1314,306,1
1315,306,1
1316,306,1
1317,306,1
1318,306,1
1319,305,1
1320,305,1
1321,305,1
1322,305,1
1323,305,1
1324,305,1
1325,305,1
1326,305,1
1327,305,1
1328,304,1
1329,304,1
1330,304,1
1331,304,1
1332,304,1
1333,304,1
1334,304,1
1335,304,1
1336,304,1
1337,304,1
1338,304,1
1339,303,1
1340,303,1
1341,303,1
1342,303,1
1343,303,1
1344,303,1
1345,303,1
1346,303,1
1347,303,1
1348,302,1
1349,302,1
1350,302,1
1351,302,1
1352,302,1
1353,302,1
1354,302,1
1355,302,1
1356,302,1
1357,302,1
1358,301,1
1359,301,1
1360,301,1
1361,301,1
1362,301,1
1363,301,1
1364,301,1
1365,301,1
1366,301,1
1367,301,1
1368,301,1
1369,300,1
1370,300,1
1371,300,1
1372,300,1
1373,300,1
1374,300,1
1375,300,1
1376,300,1
1377,300,1
1378,300,1
1379,300,1
1380,299,1
1381,299,1
1382,299,1
1383,299,1
1384,299,1
1385,299,1
1386,299,1
1387,299,1
1388,299,1
1389,299,1
1390,299,1
1391,298,1
1392,298,1
1393,298,1
1394,298,1
1395,298,1
1396,298,1
1397,298,1
1398,298,1
1399,298,1
1400,298,1
1401,298,1
1402,297,1
1403,297,1
1404,297,1
1405,297,1
1406,297,1
1407,297,1
1408,297,1
1409,297,1
1410,297,1
1411,297,1
1412,296,1
1413,296,1
1414,296,1
1415,296,1
1416,296,1
1417,296,1
1418,296,1
1419,296,1
1420,296,1
1421,296,1
1422,296,1
1423,296,1
1424,295,1
1425,295,1
1426,295,1
1427,295,1
1428,295,1
1429,295,1
1430,295,1
1431,295,1
1432,295,1
1433,294,1
1434,294,1
1435,294,1
1436,294,1
1437,294,1
1438,294,1
1439,294,1
1440,294,1
1441,294,1
1442,294,1
1443,293,1
1444,293,1
1445,293,1
1446,293,1
1447,293,1
1448,293,1
1449,293,1
1450,293,1
1451,293,1
1452,293,1
1453,292,1
1454,292,1
1455,292,1
1456,292,1
1457,292,1
1458,292,1
1459,292,1
1460,292,1
1461,292,1
1462,292,1
1463,292,1
1464,292,1
1465,291,1
1466,291,1
1467,291,1
1468,291,1
1469,291,1
1470,291,1
1471,291,1
1472,291,1
1473,291,1
1474,291,1
1475,291,1
1476,290,1
1477,290,1
1478,290,1
1479,290,1
1480,290,1
1481,290,1
1482,290,1
1483,290,1
1484,290,1
1485,290,1
1486,289,1
1487,289,1
1488,289,1
1489,289,1
1490,289,1
1491,289,1
1492,289,1
1493,289,1
1494,289,1
1495,289,1
1496,289,1
1497,289,1
1498,288,1
1499,288,1
1500,288,1
1501,288,1
1502,288,1
1503,288,1
1504,288,1
1505,288,1
1506,288,1
1507,287,1
1508,287,1
1509,287,1
1510,287,1
1511,287,1
1512,287,1
1513,287,1
1514,287,1
1515,287,1
1516,287,1
1517,286,1
1518,286,1
1519,286,1
1520,286,1
1521,286,1
1522,286,1
1523,286,1
1524,286,1
1525,286,1
1526,285,1
1527,285,1
1528,285,1
1529,285,1
1530,285,1
1531,285,1
1532,285,1
1533,285,1
1534,285,1
1535,285,1
1536,285,1
1537,285,1
1538,284,1
1539,284,1
1540,284,1
1541,284,1
1542,284,1
1543,284,1
1544,284,1
1545,284,1
1546,284,1
1547,284,1
1548,283,1
1549,283,1
1550,283,1
1551,283,1
1552,283,1
1553,283,1
1554,283,1
1555,283,1
1556,283,1
1557,282,1
1558,282,1
1559,282,1
1560,282,1
1561,282,1
1562,282,1
1563,282,1
1564,282,1
1565,282,1
1566,282,1
1567,282,1
1568,281,1
1569,281,1
1570,281,1
1571,281,1
1572,281,1
1573,281,1
1574,281,1
1575,281,1
1576,281,1
1577,281,1
1578,280,1
1579,280,1
1580,280,1
1581,280,1
1582,280,1
1583,280,1
1584,280,1
1585,280,1
1586,280,1
1587,280,1
1588,280,1
1589,279,1
1590,279,1
1591,279,1
1592,279,1
1593,279,1
1594,279,1
1595,279,1
1596,279,1
1597,279,1
1598,278,1
1599,278,1
1600,278,1
1601,278,1
1602,278,1
1603,278,1
1604,278,1
1605,278,1
1606,278,1
1607,278,1
1608,278,1
1609,278,1
1610,278,1
1611,278,1
1612,278,1
1613,277,1
1614,277,1
1615,277,1
1616,277,1
1617,277,1
1618,277,1
1619,277,1
1620,277,1
1621,277,1
1622,277,1
1623,277,1
1624,277,1
1625,277,1
1626,276,1
1627,276,1
1628,276,1
1629,276,1
1630,277,1
1631,277,1
1632,277,1
1633,277,1
1634,278,1
1633,278,1
1633,279,1
1271,484,0
914,678,1
914,679,1
915,680,1
915,681,1
915,682,1
916,683,1
916,684,1
916,685,1
916,686,1
917,687,1
917,688,1
917,689,1
917,690,1
918,691,1
918,692,1
918,693,1
918,694,1
918,695,1
919,696,1
919,697,1
919,698,1
919,699,1
919,700,1
919,701,1
919,702,1
918,702,1
918,703,1
918,704,1
918,705,1
917,705,1
917,706,1
916,706,1
916,707,1
915,707,1
914,707,1
914,708,1
913,708,1
912,708,1
911,708,1
910,707,1
909,707,1
908,707,1
907,707,1
906,707,1
906,706,1
905,706,1
904,706,1
903,706,1
903,705,1
902,705,1
901,705,1
900,704,1
899,704,1
898,704,1
897,703,1
896,703,1
895,703,1
894,703,1
893,702,1
892,702,1
891,702,1
890,701,1
889,701,1
888,701,1
887,701,1
886,700,1
885,700,1
884,700,1
883,700,1
882,699,1
881,699,1
880,699,1
879,699,1
878,699,1
877,699,1
876,698,1
875,698,1
874,698,1
873,698,1
872,698,1
871,698,1
870,698,1
869,698,1
868,698,1
867,698,1
866,698,1
865,698,1
864,699,1
863,699,1
862,699,1
861,699,1
860,699,1
859,699,1
858,700,1
857,700,1
856,700,1
855,701,1
854,701,1
853,701,1
852,702,1
851,702,1
850,703,1
849,703,1
849,704,1
848,704,1
847,705,1
847,706,1
847,707,1
847,708,1
848,708,1
849,708,1
850,708,1
851,709,1
852,709,1
853,709,1
854,709,1
855,709,1
856,709,1
857,708,1
858,708,1
859,708,1
860,708,1
861,708,1
862,708,1
863,707,1
864,707,1
865,707,1
866,707,1
866,706,1
867,706,1
868,706,1
869,706,1
870,705,1
871,705,1
872,705,1
873,705,1
874,704,1
875,704,1
876,704,1
877,703,1
878,703,1
879,703,1
880,702,1
881,702,1
882,702,1
883,701,1
884,701,1
885,701,1
886,700,1
887,700,1
888,700,1
889,699,1
890,699,1
891,698,1
892,698,1
893,698,1
894,697,1
895,697,1
896,697,1
897,696,1
898,696,1
899,696,1
900,695,1
901,695,1
902,695,1
903,694,1
904,694,1
905,694,1
906,693,1
907,693,1
908,693,1
908,692,1
909,692,1
910,692,1
911,691,1
912,691,1
913,691,1
914,690,1
915,690,1
916,690,1
917,689,1
918,689,1
919,689,1
920,688,1
921,688,1
922,688,1
923,687,1
924,687,1
925,687,1
926,687,1
926,686,1
927,686,1
928,686,1
929,685,1
930,685,1
931,685,1
932,685,1
933,684,1
934,684,1
935,684,1
936,684,1
937,683,1
938,683,1
939,683,1
940,682,1
941,682,1
942,682,1
943,682,1
944,682,1
945,681,1
946,681,1
947,681,1
948,681,1
949,681,1
950,680,1
951,680,1
952,680,1
953,680,1
954,680,1
955,680,1
956,680,1
957,680,1
958,680,1
959,679,1
960,679,1
961,679,1
962,679,1
963,679,1
964,679,1
965,679,1
966,679,1
967,679,1
968,679,1
969,679,1
970,679,1
971,679,1
972,679,1
973,679,1
974,680,1
975,680,1
976,680,1
977,680,1
978,680,1
979,680,1
980,681,1
981,681,1
982,681,1
983,681,1
984,681,1
985,682,1
986,682,1
987,682,1
988,682,1
989,683,1
990,683,1
991,684,1
992,684,1
993,684,1
994,685,1
995,685,1
996,685,1
996,686,1
997,686,1
998,687,1
999,687,1
1000,687,1
1000,688,1
1001,688,1
1002,689,1
1003,689,1
1003,690,1
1004,690,1
1005,691,1
1006,692,1
1007,693,1
1008,693,1
1008,694,1
1009,695,1
1010,695,1
1010,696,1
1011,697,1
1012,697,1
1012,698,1
1013,699,1
1014,699,1
1014,700,1
1015,701,1
1015,702,1
1016,702,1
1016,703,1
1017,704,1
1017,705,1
1018,705,1
1018,706,1
1019,707,1
1019,708,1
1020,709,1
1020,710,1
1021,711,1
1021,712,1
1022,713,1
1022,714,1
1022,715,1
1023,715,1
1023,716,1
1024,717,1
1024,718,1
1024,719,1
1024,720,1
1025,721,1
1025,722,1
1025,723,1
1026,724,1
1026,725,1
1026,726,1
1026,727,1
1027,728,1
1027,729,1
1027,730,1
1027,731,1
1027,732,1
1028,733,1
1028,734,1
1028,735,1
1028,736,1
1028,737,1
1028,738,1
1028,739,1
1028,740,1
1028,741,1
1028,742,1
1028,743,1
1028,744,1
1028,745,1
1028,746,1
1028,747,1
1028,748,1
1028,749,1
1028,750,1
1028,751,1
1028,752,1
1028,753,1
1028,754,1
1027,755,1
1027,756,1
1027,757,1
1027,758,1
1027,759,1
1027,760,1
1027,761,1
1026,762,1
1026,763,1
1026,764,1
1025,765,1
1025,766,1
1024,767,1
1024,768,1
1023,769,1
1023,770,1
1022,771,1
1021,771,1
1021,772,1
1020,773,1
1019,774,1
1018,775,1
991,779,0
947,786,1
948,786,1
949,787,1
950,787,1
951,788,1
952,789,1
953,790,1
954,790,1
954,791,1
955,792,1
955,793,1
956,794,1
956,795,1
956,796,1
956,797,1
956,798,1
956,799,1
956,800,1
955,801,1
955,802,1
954,803,1
954,804,1
953,805,1
953,806,1
952,806,1
952,807,1
952,808,1
951,809,1
951,810,1
951,811,1
950,812,1
950,813,1
949,814,1
949,815,1
948,815,1
948,816,1
947,817,1
946,818,1
945,819,1
944,820,1
944,821,1
943,821,1
942,822,1
941,823,1
940,824,1
939,824,1
938,825,1
938,826,1
937,826,1
936,827,1
935,827,1
935,828,1
934,828,1
933,829,1
932,829,1
932,830,1
931,831,1
930,831,1
929,832,1
928,832,1
928,833,1
927,833,1
926,834,1
925,834,1
924,835,1
923,836,1
922,836,1
921,837,1
920,837,1
919,838,1
918,838,1
918,839,1
917,839,1
916,839,1
915,840,1
914,840,1
913,841,1
912,841,1
911,842,1
910,842,1
910,843,1
909,843,1
908,843,1
907,844,1
906,844,1
905,845,1
904,845,1
903,845,1
902,846,1
901,846,1
900,846,1
899,847,1
898,847,1
897,847,1
896,848,1
895,848,1
894,848,1
893,849,1
892,849,1
891,850,1
890,850,1
889,850,1
888,851,1
887,851,1
886,851,1
885,852,1
884,852,1
883,852,1
882,852,1
881,853,1
880,853,1
879,853,1
878,854,1
877,854,1
876,854,1
875,854,1
874,855,1
873,855,1
872,855,1
871,855,1
870,856,1
869,856,1
868,856,1
867,856,1
866,857,1
865,857,1
864,857,1
863,857,1
862,857,1
861,858,1
860,858,1
859,858,1
858,858,1
857,859,1
856,859,1
855,859,1
854,859,1
853,859,1
852,860,1
851,860,1
850,860,1
849,860,1
848,860,1
847,860,1
846,861,1
845,861,1
844,861,1
843,861,1
842,861,1
841,861,1
840,862,1
839,862,1
838,862,1
837,862,1
836,862,1
835,862,1
834,862,1
833,862,1
832,862,1
831,862,1
830,863,1
829,863,1
828,863,1
827,863,1
826,863,1
825,863,1
824,863,1
823,863,1
822,863,1
821,863,1
820,863,1
819,863,1
818,863,1
817,863,1
816,863,1
815,862,1
814,862,1
813,862,1
812,862,1
811,862,1
810,862,1
809,862,1
808,862,1
807,861,1
806,861,1
805,861,1
804,860,1
803,860,1
802,860,1
801,860,1
800,859,1
799,859,1
798,858,1
797,858,1
796,858,1
795,857,1
794,857,1
794,856,1
793,856,1
792,856,1
791,855,1
790,855,1
790,854,1
789,854,1
788,853,1
787,853,1
787,852,1
786,852,1
785,851,1
784,850,1
783,849,1
782,848,1
781,847,1
781,846,1
780,846,1
780,845,1
779,844,1
779,843,1
778,843,1
778,842,1
778,841,1
777,841,1
777,840,1
777,839,1
776,838,1
776,837,1
776,836,1
776,835,1
775,835,1
775,834,1
775,833,1
775,832,1
775,831,1
775,830,1
775,829,1
774,829,1
774,828,1
774,827,1
774,826,1
774,825,1
774,824,1
774,823,1
774,822,1
775,821,1
775,820,1
775,819,1
776,819,1
776,818,1
777,817,1
777,816,1
778,816,1
778,815,1
779,814,1
780,813,1
780,812,1
781,811,1
782,810,1
783,809,1
958,750,0
1140,667,1
1140,668,1
1140,669,1
1140,670,1
1140,671,1
1140,672,1
1140,673,1
1140,674,1
1140,675,1
1141,676,1
1141,677,1
1141,678,1
1140,679,1
1140,680,1
1140,681,1
1140,682,1
1140,683,1
1140,684,1
1140,685,1
1139,686,1
1139,687,1
1139,688,1
1139,689,1
1139,690,1
1139,691,1
1140,691,1
1141,691,1
1142,690,1
1142,689,1
1143,689,1
1143,688,1
1144,688,1
1144,687,1
1145,686,1
1146,685,1
1146,684,1
1147,684,1
1147,683,1
1148,682,1
1149,681,1
1150,680,1
1150,679,1
1151,679,1
1152,678,1
1152,677,1
1153,676,1
1154,675,1
1154,674,1
1155,674,1
1156,673,1
1156,672,1
1157,671,1
1158,670,1
1159,670,1
1159,669,1
1160,668,1
1161,667,1
1162,667,1
1162,666,1
1163,665,1
1164,665,1
1165,664,1
1166,663,1
1167,662,1
1168,661,1
1169,661,1
1170,660,1
1171,660,1
1171,659,1
1172,659,1
1173,658,1
1174,658,1
1175,657,1
1176,657,1
1177,656,1
1178,656,1
1179,655,1
1180,655,1
1181,655,1
1182,654,1
1183,654,1
1184,653,1
1185,653,1
1186,653,1
1187,653,1
1188,653,1
1189,653,1
1190,652,1
1191,652,1
1192,652,1
1193,652,1
1194,653,1
1195,653,1
1196,653,1
1197,653,1
1198,653,1
1199,654,1
1200,654,1
1201,654,1
1202,654,1
1203,655,1
1204,655,1
1205,656,1
1206,656,1
1206,657,1
1207,657,1
1208,658,1
1209,658,1
1209,659,1
1210,659,1
1211,660,1
1212,661,1
1213,662,1
1214,663,1
1214,664,1
1215,665,1
1216,666,1
1216,667,1
1217,668,1
1218,669,1
1218,670,1
1219,671,1
1219,672,1
1219,673,1
1220,674,1
1220,675,1
1220,676,1
1221,676,1
1221,677,1
1221,678,1
1221,679,1
1222,680,1
1222,681,1
1222,682,1
1222,683,1
1222,684,1
1223,685,1
1223,686,1
1223,687,1
1223,688,1
1223,689,1
1223,690,1
1223,691,1
1223,692,1
1223,693,1
1223,694,1
1223,695,1
1223,696,1
1223,697,1
1223,698,1
1223,699,1
1223,700,1
1223,701,1
1223,702,1
1223,703,1
1223,704,1
1223,705,1
1223,706,1
1223,707,1
1223,708,1
1223,709,1
1223,710,1
1223,711,1
1223,712,1
1222,713,1
1222,714,1
1222,715,1
1222,716,1
1222,717,1
1222,718,1
1222,719,1
1222,720,1
1222,721,1
1222,722,1
1222,723,1
1222,724,1
1222,725,1
1222,726,1
1222,727,1
1222,728,1
1222,729,1
1221,730,1
1221,731,1
1221,732,1
1222,732,1
1222,731,1
1223,730,1
1223,729,1
1223,728,1
1224,727,1
1224,726,1
1224,725,1
1225,725,1
1225,724,1
1226,724,1
1263,713,0
1305,679,1
1305,680,1
1305,681,1
1305,682,1
1305,683,1
1305,684,1
1305,685,1
1305,686,1
1305,687,1
1305,688,1
1305,689,1
1305,690,1
1305,691,1
1305,692,1
1305,693,1
1306,694,1
1306,695,1
1306,696,1
1306,697,1
1306,698,1
1306,699,1
1306,700,1
1306,701,1
1306,702,1
1306,703,1
1306,704,1
1307,705,1
1307,706,1
1307,707,1
1307,708,1
1307,709,1
1307,710,1
1307,711,1
1307,712,1
1307,713,1
1307,714,1
1307,715,1
1308,716,1
1308,717,1
1308,718,1
1308,719,1
1308,720,1
1308,721,1
1308,722,1
1308,723,1
1308,724,1
1308,725,1
1309,726,1
1309,727,1
1309,728,1
1309,729,1
1309,730,1
1309,731,1
1309,732,1
1309,733,1
1309,734,1
1309,735,1
1309,736,1
1310,737,1
1310,738,1
1310,739,1
1310,740,1
1310,739,1
1310,738,1
1363,701,0
1421,659,1
1421,660,1
1420,661,1
1420,662,1
1419,663,1
1419,664,1
1419,665,1
1418,666,1
1418,667,1
1418,668,1
1418,669,1
1417,670,1
1417,671,1
1417,672,1
1417,673,1
1417,674,1
1416,675,1
1416,676,1
1416,677,1
1416,678,1
1416,679,1
1416,680,1
1416,681,1
1416,682,1
1416,683,1
1416,684,1
1417,685,1
1417,686,1
1417,687,1
1417,688,1
1417,689,1
1417,690,1
1418,691,1
1418,692,1
1418,693,1
1418,694,1
1418,695,1
1418,696,1
1419,697,1
1419,698,1
1419,699,1
1420,700,1
1420,701,1
1420,702,1
1421,703,1
1421,704,1
1422,705,1
1422,706,1
1422,707,1
1423,707,1
1423,708,1
1424,709,1
1424,710,1
1425,711,1
1426,712,1
1426,713,1
1427,713,1
1427,714,1
1428,715,1
1428,716,1
1429,716,1
1429,717,1
1430,718,1
1431,718,1
1431,719,1
1432,719,1
1433,720,1
1433,721,1
1434,721,1
1435,722,1
1436,723,1
1437,724,1
1438,724,1
1439,725,1
1440,726,1
1441,726,1
1442,727,1
1443,728,1
1444,728,1
1445,729,1
1446,729,1
1446,730,1
1447,730,1
1448,731,1
1449,731,1
1450,731,1
1450,732,1
1451,732,1
1452,732,1
1453,733,1
1454,733,1
1455,733,1
1456,734,1
1457,734,1
1458,735,1
1459,735,1
1460,735,1
1461,735,1
1462,736,1
1463,736,1
1464,736,1
1465,736,1
1466,737,1
1467,737,1
1468,737,1
1469,737,1
1470,737,1
1471,738,1
1472,738,1
1473,738,1
1474,738,1
1475,738,1
1476,738,1
1477,738,1
1478,738,1
1479,738,1
1480,739,1
1481,739,1
1482,739,1
1483,739,1
1484,739,1
1485,739,1
1486,739,1
1487,739,1
1488,739,1
1489,739,1
1490,739,1
1491,739,1
1492,739,1
1493,739,1
1494,739,1
1495,739,1
1496,739,1
1497,739,1
1498,738,1
1499,738,1
1500,738,1
1501,738,1
1502,738,1
1503,738,1
1504,738,1
1505,738,1
1506,738,1
1507,737,1
1508,737,1
1509,737,1
1510,737,1
1511,737,1
1512,736,1
1513,736,1
1514,736,1
1515,736,1
1516,735,1
1517,735,1
1518,735,1
1519,734,1
1520,734,1
1521,733,1
1522,733,1
1523,732,1
1524,732,1
1525,732,1
1526,732,1
1527,731,1
1528,731,1
1529,731,1
1529,730,1
1530,730,1
1531,730,1
1532,729,1
1533,729,1
1533,728,1
1534,728,1
1535,727,1
1536,726,1
1536,725,1
1536,724,1
1537,723,1
1537,722,1
1536,722,1
1536,721,1
1535,720,1
1534,719,1
1534,718,1
1533,717,1
1243,659,0
938,593,1
939,593,1
940,593,1
941,592,1
942,592,1
943,592,1
944,592,1
945,592,1
946,591,1
947,591,1
948,591,1
949,591,1
950,591,1
951,591,1
952,590,1
953,590,1
954,590,1
955,590,1
956,590,1
957,590,1
958,589,1
959,589,1
960,589,1
961,589,1
962,589,1
963,588,1
964,588,1
965,588,1
966,588,1
967,588,1
968,588,1
969,587,1
970,587,1
971,587,1
972,587,1
973,587,1
974,586,1
975,586,1
976,586,1
977,586,1
978,586,1
979,586,1
980,585,1
981,585,1
982,585,1
983,585,1
984,585,1
985,584,1
986,584,1
987,584,1
988,584,1
989,584,1
990,583,1
991,583,1
992,583,1
993,583,1
994,583,1
995,583,1
996,583,1
997,582,1
998,582,1
999,582,1
1000,582,1
1001,582,1
1002,582,1
1003,581,1
1004,581,1
1005,581,1
1006,581,1
1007,581,1
1008,581,1
1009,580,1
1010,580,1
1011,580,1
1012,580,1
1013,580,1
1014,579,1
1015,579,1
1016,579,1
1017,579,1
1018,579,1
1019,579,1
1020,578,1
1021,578,1
1022,578,1
1023,578,1
1024,578,1
1025,578,1
1026,577,1
1027,577,1
1028,577,1
1029,577,1
1030,577,1
1031,577,1
1032,576,1
1033,576,1
1034,576,1
1035,576,1
1036,576,1
1037,576,1
1038,575,1
1039,575,1
1040,575,1
1041,575,1
1042,575,1
1043,575,1
1044,574,1
1045,574,1
1046,574,1
1047,574,1
1048,574,1
1049,574,1
1050,573,1
1051,573,1
1052,573,1
1053,573,1
1054,573,1
1055,573,1
1056,573,1
1057,572,1
1058,572,1
1059,572,1
1060,572,1
1061,572,1
1062,572,1
1063,571,1
1064,571,1
1065,571,1
1066,571,1
1067,571,1
1068,571,1
1069,570,1
1070,570,1
1071,570,1
1072,570,1
1073,570,1
1074,570,1
1075,570,1
1076,569,1
1077,569,1
1078,569,1
1079,569,1
1080,569,1
1081,569,1
1082,569,1
1083,568,1
1084,568,1
1085,568,1
1086,568,1
1087,568,1
1088,568,1
1089,568,1
1090,568,1
1091,567,1
1092,567,1
1093,567,1
1094,567,1
1095,567,1
1096,567,1
1097,566,1
1098,566,1
1099,566,1
1100,566,1
1101,566,1
1102,566,1
1103,566,1
1104,565,1
1105,565,1
1106,565,1
1107,565,1
1108,565,1
1109,565,1
1110,565,1
1111,564,1
1112,564,1
1113,564,1
1114,564,1
1115,564,1
1116,564,1
1117,564,1
1118,563,1
1119,563,1
1120,563,1
1121,563,1
1122,563,1
1123,563,1
1124,563,1
1125,562,1
1126,562,1
1127,562,1
1128,562,1
1129,562,1
1130,562,1
1131,562,1
1132,562,1
1133,562,1
1134,561,1
1135,561,1
1136,561,1
1137,561,1
1138,561,1
1139,561,1
1140,561,1
1141,560,1
1142,560,1
1143,560,1
1144,560,1
1145,560,1
1146,560,1
1147,560,1
1148,560,1
1149,559,1
1150,559,1
1151,559,1
1152,559,1
1153,559,1
1154,559,1
1155,559,1
1156,559,1
1157,558,1
1158,558,1
1159,558,1
1160,558,1
1161,558,1
1162,558,1
1163,558,1
1164,558,1
1165,558,1
1166,558,1
1167,557,1
1168,557,1
1169,557,1
1170,557,1
1171,557,1
1172,557,1
1173,557,1
1174,557,1
1175,557,1
1176,556,1
1177,556,1
1178,556,1
1179,556,1
1180,556,1
1181,556,1
1182,556,1
1183,556,1
1184,555,1
1185,555,1
1186,555,1
1187,555,1
1188,555,1
1189,555,1
1190,555,1
1191,555,1
1192,555,1
1193,554,1
1194,554,1
1195,554,1
1196,554,1
1197,554,1
1198,554,1
1199,554,1
1200,554,1
1201,554,1
1202,554,1
1203,554,1
1204,553,1
1205,553,1
1206,553,1
1207,553,1
1208,553,1
1209,553,1
1210,553,1
1211,553,1
1212,553,1
1213,553,1
1214,552,1
1215,552,1
1216,552,1
1217,552,1
1218,552,1
1219,552,1
1220,552,1
1221,552,1
1222,552,1
1223,552,1
1224,551,1
1225,551,1
1226,551,1
1227,551,1
1228,551,1
1229,551,1
1230,551,1
1231,551,1
1232,551,1
1233,551,1
1234,550,1
1235,550,1
1236,550,1
1237,550,1
1238,550,1
1239,550,1
1240,550,1
1241,550,1
1242,550,1
1243,550,1
1244,550,1
1245,549,1
1246,549,1
1247,549,1
1248,549,1
1249,549,1
1250,549,1
1251,549,1
1252,549,1
1253,549,1
1254,548,1
1255,548,1
1256,548,1
1257,548,1
1258,548,1
1259,548,1
1260,548,1
1261,548,1
1262,548,1
1263,548,1
1264,547,1
1265,547,1
1266,547,1
1267,547,1
1268,547,1
1269,547,1
1270,547,1
1271,547,1
1272,547,1
1273,547,1
1274,546,1
1275,546,1
1276,546,1
1277,546,1
1278,546,1
1279,546,1
1280,546,1
1281,546,1
1282,546,1
1283,546,1
1284,546,1
1285,545,1
1286,545,1
1287,545,1
1288,545,1
1289,545,1
1290,545,1
1291,545,1
1292,545,1
1293,545,1
1294,544,1
1295,544,1
1296,544,1
1297,544,1
1298,544,1
1299,544,1
1300,544,1
1301,544,1
1302,543,1
1303,543,1
1304,543,1
1305,543,1
1306,543,1
1307,543,1
1308,543,1
1309,543,1
1310,543,1
1311,543,1
1312,542,1
1313,542,1
1314,542,1
1315,542,1
1316,542,1
1317,542,1
1318,542,1
1319,542,1
1320,542,1
1321,542,1
1322,542,1
1323,541,1
1324,541,1
1325,541,1
1326,541,1
1327,541,1
1328,541,1
1329,541,1
1330,541,1
1331,541,1
1332,541,1
1333,540,1
1334,540,1
1335,540,1
1336,540,1
1337,540,1
1338,540,1
1339,540,1
1340,540,1
1341,540,1
1342,540,1
1343,540,1
1344,539,1
1345,539,1
1346,539,1
1347,539,1
1348,539,1
1349,539,1
1350,539,1
1351,539,1
1352,539,1
1353,539,1
1354,539,1
1355,538,1
1356,538,1
1357,538,1
1358,538,1
1359,538,1
1360,538,1
1361,538,1
1362,538,1
1363,538,1
1364,538,1
1365,538,1
1366,538,1
1367,537,1
1368,537,1
1369,537,1
1370,537,1
1371,537,1
1372,537,1
1373,537,1
1374,537,1
1375,537,1
1376,536,1
1377,536,1
1378,536,1
1379,536,1
1380,536,1
1381,536,1
1382,536,1
1383,536,1
1384,536,1
1385,536,1
1386,536,1
1387,536,1
1388,535,1
1389,535,1
1390,535,1
1391,535,1
1392,535,1
1393,535,1
1394,535,1
1395,535,1
1396,535,1
1397,535,1
1398,535,1
1399,535,1
1400,534,1
1401,534,1
1402,534,1
1403,534,1
1404,534,1
1405,534,1
1406,534,1
1407,534,1
1408,534,1
1409,534,1
1410,534,1
1411,534,1
1412,534,1
1413,533,1
1414,533,1
1415,533,1
1416,533,1
1417,533,1
1418,533,1
1419,533,1
1420,533,1
1421,533,1
1422,533,1
1423,533,1
1424,532,1
1425,532,1
1426,532,1
1427,532,1
1428,532,1
1429,532,1
1430,532,1
1431,532,1
1432,532,1
1433,532,1
1434,532,1
1435,532,1
1436,531,1
1437,531,1
1438,531,1
1439,531,1
1440,531,1
1441,531,1
1442,531,1
1443,531,1
1444,531,1
1445,531,1
1446,530,1
1447,530,1
1448,530,1
1449,530,1
1450,530,1
1451,530,1
1452,530,1
1453,530,1
1454,530,1
1455,530,1
1456,530,1
1457,529,1
1458,529,1
1459,529,1
1460,529,1
1461,529,1
1462,529,1
1463,529,1
1464,529,1
1465,529,1
1466,528,1
1467,528,1
1468,528,1
1469,528,1
1470,528,1
1471,528,1
1472,528,1
1473,528,1
1474,528,1
1475,527,1
1476,527,1
1477,527,1
1478,527,1
1479,527,1
1480,527,1
1481,527,1
1482,527,1
1483,527,1
1484,527,1
1485,527,1
1486,526,1
1487,526,1
1488,526,1
1489,526,1
1490,526,1
1491,526,1
1492,526,1
1493,526,1
1494,525,1
1495,525,1
1496,525,1
1497,525,1
1498,525,1
1499,525,1
1500,525,1
1501,525,1
1502,524,1
1503,524,1
1504,524,1
1505,524,1
1506,524,1
1507,524,1
1508,524,1
1509,524,1
1510,523,1
1511,523,1
1512,523,1
1513,523,1
1514,523,1
1515,523,1
1516,523,1
1517,523,1
1518,523,1
1519,522,1
1520,522,1
1521,522,1
1522,522,1
1523,522,1
1524,522,1
1525,522,1
1526,522,1
1527,522,1
1528,521,1
1529,521,1
1530,521,1
1531,521,1
1532,521,1
1533,521,1
1534,521,1
1535,521,1
1536,520,1
1537,520,1
1538,520,1
1539,520,1
1540,520,1
1541,520,1
1542,520,1
1543,520,1
1544,520,1
1545,519,1
1546,519,1
1547,519,1
1548,519,1
1549,519,1
1550,519,1
1551,519,1
1552,519,1
1553,519,1
1554,518,1
1555,518,1
1556,518,1
1557,518,1
1558,518,1
1559,518,1
1560,518,1
1561,518,1
1562,517,1
1563,517,1
1564,517,1
1565,517,1
1566,517,1
1567,517,1
1568,517,1
1569,517,1
1570,516,1
1571,516,1
1572,516,1
1573,516,1
1574,516,1
1575,516,1
1576,516,1
1577,515,1
1578,515,1
1579,515,1
1580,515,1
1581,515,1
1582,515,1
1583,515,1
1584,514,1
1585,514,1
1586,514,1
1587,514,1
1588,514,1
1589,514,1
1590,514,1
1591,514,1
1592,513,1
1593,513,1
1594,513,1
1595,513,1
1596,513,1
1597,513,1
1598,513,1
1599,513,1
1600,512,1
1601,512,1
1602,512,1
1603,512,1
1604,512,1
1605,512,1
1606,511,1
1607,511,1
1608,511,1
1609,511,1
1610,511,1
1611,511,1
1612,511,1
1613,510,1
1614,510,1
1615,510,1
1616,510,1
1617,510,1
1618,510,1
1619,510,1
1620,509,1
1621,509,1
1622,509,1
1623,509,1
1624,509,1
1625,509,1
1626,508,1
1627,508,1
1628,508,1
1629,508,1
1630,508,1
1631,508,1
1632,507,1
1633,507,1
1634,507,1
1635,507,1
1636,507,1
1637,507,1
1638,507,1
1639,506,1
1640,506,1
1641,506,1
1642,506,1
1643,506,1
1644,506,1
1645,506,1
1646,505,1
1647,505,1
1648,505,1
1649,505,1
1650,505,1
1651,505,1
1652,504,1
1653,504,1
1654,504,1
1655,504,1
1656,504,1
1657,503,1
1658,503,1
1659,503,1
1660,503,1
1661,503,1
1662,503,1
1663,502,1
1664,502,1
1665,502,1
1666,502,1
1667,502,1
1668,502,1
1669,501,1
1670,501,1
1671,501,1
1672,501,1
1673,501,1
1674,501,1
1675,501,1
1676,500,1
1677,500,1
1678,500,1
1679,500,1
1680,500,1
1681,499,1
1682,499,1
1683,499,1
1684,499,1
1685,499,1
1686,499,1
1687,498,1
1688,498,1
1689,498,1
1690,498,1
1691,498,1
1692,498,1
1693,497,1
1694,497,1
1695,497,1
1696,497,1
1697,497,1
1698,497,1
1699,496,1
1700,496,1
1701,496,1
1702,496,1
1703,496,1
1704,496,1
1704,495,1
1705,495,1
1706,495,1
1707,495,1
1708,495,1
1709,495,1
1710,495,1
1711,494,1
1712,494,1
1713,494,1
1714,494,1
1715,494,1
1716,494,1
1717,493,1
1718,493,1
1719,493,1
1720,493,1
1721,493,1
1722,493,1
1723,493,1
1724,493,1
1725,493,1
1726,493,1
1726,493,0
