344,381,1
345,381,1
346,380,1
347,380,1
348,379,1
349,379,1
350,378,1
351,378,1
352,378,1
353,378,1
354,377,1
355,377,1
356,377,1
357,376,1
358,376,1
359,376,1
360,376,1
361,375,1
362,375,1
363,375,1
364,374,1
365,374,1
366,374,1
367,374,1
368,374,1
369,374,1
370,374,1
371,374,1
372,374,1
373,375,1
373,376,1
373,377,1
372,377,1
372,378,1
371,378,1
371,379,1
370,379,1
370,380,1
369,380,1
369,381,1
368,381,1
368,382,1
367,382,1
366,383,1
365,384,1
364,384,1
364,385,1
363,385,1
362,386,1
361,386,1
361,387,1
360,388,1
359,388,1
358,389,1
357,389,1
357,390,1
356,391,1
355,391,1
355,392,1
354,392,1
353,393,1
352,394,1
351,395,1
350,396,1
349,397,1
348,398,1
347,399,1
346,400,1
346,401,1
345,401,1
345,402,1
344,403,1
344,404,1
343,404,1
343,405,1
342,406,1
342,407,1
341,407,1
341,408,1
341,409,1
340,410,1
340,411,1
340,412,1
339,412,1
339,413,1
339,414,1
339,415,1
339,416,1
338,416,1
338,417,1
338,418,1
338,419,1
338,420,1
338,421,1
338,422,1
338,423,1
339,424,1
339,425,1
339,426,1
339,427,1
340,427,1
381,446,1
382,446,1
383,446,1
384,446,1
385,446,1
386,446,1
387,446,1
388,446,1
389,446,1
390,446,1
391,446,1
392,446,1
393,446,1
394,446,1
395,446,1
396,446,1
397,446,1
398,446,1
399,445,1
400,445,1
401,445,1
402,445,1
403,445,1
404,445,1
405,445,1
406,445,1
407,445,1
408,444,1
409,444,1
410,444,1
411,444,1
412,444,1
413,444,1
414,444,1
415,443,1
416,443,1
417,443,1
418,443,1
419,443,1
420,443,1
421,443,1
422,443,1
423,442,1
424,442,1
425,442,1
426,442,1
427,442,1
428,442,1
429,442,1
419,475,1
418,476,1
418,477,1
417,478,1
417,479,1
416,480,1
416,481,1
416,482,1
415,483,1
415,484,1
415,485,1
415,486,1
415,487,1
415,488,1
414,489,1
414,490,1
414,491,1
415,492,1
415,493,1
415,494,1
415,495,1
415,496,1
415,497,1
416,497,1
416,498,1
416,499,1
416,500,1
417,500,1
417,501,1
418,502,1
418,503,1
419,504,1
420,505,1
421,506,1
422,507,1
423,508,1
424,509,1
425,510,1
426,510,1
427,510,1
427,511,1
428,511,1
429,512,1
430,512,1
431,513,1
432,513,1
433,514,1
434,514,1
435,514,1
436,514,1
437,515,1
438,515,1
439,515,1
440,516,1
441,516,1
442,516,1
443,516,1
444,516,1
445,516,1
446,516,1
447,516,1
448,517,1
449,517,1
450,517,1
451,517,1
452,517,1
453,517,1
454,517,1
455,517,1
456,517,1
457,517,1
458,516,1
459,516,1
460,516,1
461,516,1
462,516,1
463,516,1
464,516,1
465,516,1
466,516,1
467,516,1
468,515,1
469,515,1
470,515,1
471,515,1
472,515,1
473,514,1
474,514,1
475,514,1
476,514,1
477,514,1
478,513,1
479,513,1
480,513,1
481,513,1
482,512,1
483,512,1
484,512,1
485,511,1
486,511,1
487,511,1
488,510,1
489,510,1
490,510,1
491,509,1
492,509,1
493,509,1
494,508,1
495,508,1
496,508,1
497,507,1
498,507,1
499,507,1
500,506,1
501,506,1
502,506,1
503,505,1
504,505,1
504,504,1
505,504,1
506,504,1
507,503,1
508,503,1
509,502,1
510,502,1
511,501,1
512,501,1
513,501,1
514,500,1
515,500,1
515,499,1
516,499,1
517,498,1
518,498,1
519,498,1
520,497,1
521,497,1
522,496,1
523,496,1
524,495,1
525,494,1
526,494,1
527,493,1
528,493,1
529,492,1
530,492,1
531,491,1
532,491,1
533,490,1
534,490,1
534,489,1
535,489,1
536,488,1
537,488,1
538,487,1
539,486,1
540,486,1
541,485,1
542,484,1
543,484,1
544,483,1
545,482,1
546,482,1
547,481,1
548,480,1
549,479,1
550,479,1
551,478,1
552,478,1
553,477,1
554,476,1
555,475,1
556,475,1
557,474,1
558,473,1
559,473,1
560,472,1
560,471,1
561,471,1
562,470,1
563,469,1
564,468,1
565,467,1
566,466,1
567,465,1
568,465,1
569,464,1
569,463,1
570,462,1
571,461,1
572,461,1
573,460,1
566,470,0
566,458,1
566,459,1
567,460,1
567,461,1
567,462,1
568,463,1
568,464,1
568,465,1
568,466,1
569,467,1
569,468,1
569,469,1
570,470,1
570,471,1
570,472,1
570,473,1
571,474,1
571,475,1
571,476,1
572,477,1
572,478,1
572,479,1
572,480,1
573,481,1
573,482,1
573,483,1
573,484,1
574,485,1
574,486,1
574,487,1
575,488,1
575,489,1
575,490,1
576,491,1
576,492,1
576,493,1
576,494,1
577,495,1
577,496,1
577,497,1
578,497,1
578,498,1
578,499,1
579,500,1
579,501,1
579,502,1
580,502,1
580,503,1
580,504,1
580,505,1
581,506,1
581,507,1
582,508,1
582,509,1
583,509,1
583,510,1
583,511,1
584,512,1
585,513,1
586,514,1
587,515,1
588,516,1
589,517,1
590,517,1
590,518,1
591,518,1
592,519,1
593,519,1
594,519,1
595,519,1
596,519,1
597,519,1
598,519,1
599,519,1
600,518,1
601,518,1
602,518,1
602,517,1
603,517,1
604,516,1
605,515,1
606,514,1
607,513,1
608,512,1
609,511,1
609,510,1
610,510,1
610,509,1
611,508,1
612,507,1
612,506,1
613,505,1
614,504,1
614,503,1
614,502,1
615,501,1
616,500,1
616,499,1
616,498,1
617,497,1
617,496,1
617,495,1
618,495,1
618,494,1
618,493,1
619,492,1
619,491,1
619,490,1
620,489,1
620,488,1
620,487,1
621,487,1
621,486,1
621,485,1
622,484,1
622,483,1
622,482,1
623,481,1
623,480,1
623,479,1
624,478,1
624,477,1
624,476,1
625,475,1
625,474,1
625,473,1
626,472,1
626,471,1
626,470,1
627,469,1
627,468,1
627,467,1
627,466,1
628,465,1
628,464,1
628,463,1
629,462,1
629,461,1
629,460,1
629,459,1
630,458,1
630,457,1
630,456,1
631,455,1
631,454,1
632,453,1
632,452,1
632,451,1
632,450,1
633,449,1
633,448,1
633,447,1
634,446,1
634,445,1
634,444,1
634,443,1
635,442,1
635,441,1
635,440,1
636,439,1
636,438,1
636,437,1
637,436,1
637,435,1
637,434,1
638,433,1
638,432,1
638,431,1
638,430,1
639,429,1
639,428,1
639,427,1
640,427,1
640,426,1
640,425,1
641,424,1
641,423,1
641,422,1
642,421,1
642,420,1
643,419,1
643,418,1
644,417,1
644,416,1
644,415,1
645,415,1
645,414,1
646,413,1
646,412,1
646,411,1
647,411,1
647,410,1
648,409,1
648,408,1
649,408,1
649,407,1
650,406,1
651,405,1
652,405,1
652,404,1
653,404,1
653,403,1
654,403,1
655,402,1
656,401,1
657,401,1
657,400,1
658,400,1
659,400,1
660,399,1
661,399,1
662,399,1
663,399,1
664,399,1
665,399,1
666,399,1
667,399,1
668,399,1
669,399,1
670,399,1
670,400,1
671,400,1
672,400,1
673,400,1
673,401,1
674,401,1
675,402,1
676,402,1
676,403,1
677,403,1
678,404,1
679,405,1
680,405,1
680,406,1
681,407,1
682,407,1
682,408,1
683,409,1
684,409,1
684,410,1
685,411,1
686,412,1
686,413,1
687,413,1
687,414,1
688,415,1
689,416,1
689,417,1
690,418,1
690,419,1
691,420,1
692,421,1
692,422,1
693,423,1
693,424,1
694,425,1
694,426,1
695,427,1
695,428,1
695,429,1
696,430,1
696,431,1
697,432,1
697,433,1
698,434,1
698,435,1
698,436,1
699,437,1
699,438,1
699,439,1
700,439,1
700,440,1
701,441,1
701,442,1
701,443,1
702,444,1
702,445,1
702,446,1
703,447,1
703,448,1
703,449,1
704,450,1
704,451,1
704,452,1
705,453,1
705,454,1
705,455,1
706,455,1
706,456,1
706,457,1
707,458,1
707,459,1
707,460,1
708,461,1
708,462,1
709,463,1
709,464,1
709,465,1
710,465,1
710,466,1
710,467,1
711,468,1
712,469,1
712,470,1
713,471,1
713,472,1
714,472,1
714,473,1
715,473,1
715,474,1
716,474,1
716,475,1
717,475,1
718,475,1
718,476,1
719,476,1
720,476,1
721,475,1
722,475,1
723,474,1
724,473,1
724,472,1
725,472,1
725,471,1
726,470,1
726,469,1
727,468,1
727,467,1
727,466,1
728,466,1
728,465,1
728,464,1
728,463,1
729,462,1
729,461,1
729,460,1
730,459,1
730,458,1
730,457,1
731,456,1
731,455,1
731,454,1
731,453,1
732,452,1
732,451,1
732,450,1
732,449,1
733,448,1
733,447,1
733,446,1
733,445,1
734,444,1
734,443,1
734,442,1
735,441,1
735,440,1
736,439,1
736,438,1
736,437,1
737,436,1
737,435,1
737,434,1
738,433,1
738,432,1
738,431,1
739,430,1
739,429,1
740,428,1
740,427,1
740,426,1
741,425,1
741,424,1
742,423,1
743,422,1
743,421,1
744,420,1
744,419,1
745,418,1
746,417,1
746,416,1
747,415,1
748,414,1
748,413,1
749,412,1
750,412,1
750,411,1
751,411,1
751,410,1
752,409,1
753,409,1
753,408,1
754,408,1
754,407,1
755,407,1
756,407,1
756,406,1
757,406,1
758,406,1
758,405,1
759,405,1
760,405,1
761,405,1
762,405,1
763,404,1
764,404,1
765,404,1
766,404,1
767,405,1
768,405,1
769,405,1
770,406,1
771,406,1
772,407,1
773,407,1
774,408,1
775,408,1
775,409,1
776,409,1
776,410,1
777,411,1
778,411,1
778,412,1
779,412,1
779,413,1
780,414,1
781,414,1
781,415,1
782,416,1
782,417,1
783,417,1
783,418,1
784,419,1
784,420,1
785,421,1
785,422,1
786,423,1
786,424,1
787,425,1
787,426,1
788,427,1
788,428,1
789,429,1
789,430,1
789,431,1
790,432,1
790,433,1
791,434,1
791,435,1
792,436,1
792,437,1
792,438,1
793,439,1
793,440,1
793,441,1
793,442,1
794,443,1
794,444,1
794,445,1
795,446,1
795,447,1
795,448,1
796,449,1
796,450,1
796,451,1
796,452,1
797,453,1
797,454,1
797,455,1
797,456,1
798,457,1
798,458,1
798,459,1
798,460,1
799,461,1
799,462,1
799,463,1
800,464,1
800,465,1
800,466,1
800,467,1
800,468,1
801,469,1
801,470,1
801,471,1
801,472,1
801,473,1
802,474,1
802,475,1
802,476,1
802,477,1
802,478,1
803,479,1
803,480,1
803,481,1
803,482,1
803,483,1
804,483,1
804,484,1
804,485,1
804,486,1
804,487,1
804,488,1
805,489,1
805,490,1
805,491,1
805,492,1
805,493,1
806,494,1
806,495,1
806,496,1
806,497,1
806,498,1
806,499,1
807,500,1
807,501,1
807,502,1
807,503,1
807,504,1
807,505,1
808,506,1
808,507,1
808,508,1
808,509,1
808,510,1
808,511,1
809,512,1
809,513,1
809,514,1
809,515,1
809,516,1
809,517,1
810,518,1
810,519,1
810,520,1
810,521,1
810,522,1
811,523,1
811,524,1
811,525,1
811,526,1
811,527,1
812,528,1
812,529,1
812,530,1
812,531,1
812,532,1
812,533,1
813,534,1
813,535,1
813,536,1
813,537,1
814,538,1
814,539,1
815,539,1
815,538,1
815,537,1
815,536,1
815,535,1
815,534,1
758,372,0
713,216,1
712,216,1
712,215,1
711,214,1
710,213,1
709,212,1
708,212,1
708,211,1
707,210,1
706,210,1
705,209,1
704,209,1
703,208,1
702,208,1
701,208,1
700,208,1
699,207,1
698,207,1
697,207,1
696,207,1
695,207,1
694,207,1
693,207,1
693,208,1
692,208,1
691,208,1
690,208,1
689,208,1
688,208,1
687,208,1
686,208,1
685,208,1
684,208,1
683,208,1
682,208,1
681,208,1
680,209,1
679,209,1
678,209,1
677,209,1
676,210,1
675,210,1
674,210,1
673,211,1
672,211,1
671,211,1
670,212,1
669,212,1
668,213,1
667,213,1
666,214,1
665,214,1
664,215,1
663,216,1
662,216,1
661,217,1
660,217,1
660,218,1
659,218,1
658,219,1
657,219,1
657,220,1
656,221,1
655,221,1
655,222,1
654,223,1
653,223,1
653,224,1
652,224,1
651,225,1
651,226,1
650,226,1
649,227,1
649,228,1
648,228,1
648,229,1
647,230,1
646,231,1
645,232,1
644,233,1
644,234,1
644,235,1
643,235,1
643,236,1
642,237,1
642,238,1
641,238,1
641,239,1
641,240,1
640,241,1
640,242,1
640,243,1
639,244,1
639,245,1
639,246,1
639,247,1
638,248,1
638,249,1
638,250,1
638,251,1
638,252,1
638,253,1
638,254,1
638,255,1
638,256,1
638,257,1
638,258,1
638,259,1
638,260,1
638,261,1
638,262,1
638,263,1
639,264,1
639,265,1
639,266,1
639,267,1
640,268,1
640,269,1
640,270,1
641,271,1
641,272,1
641,273,1
642,274,1
642,275,1
643,276,1
643,277,1
643,278,1
644,279,1
645,280,1
645,281,1
646,282,1
646,283,1
647,284,1
648,285,1
649,286,1
649,287,1
650,287,1
650,288,1
651,289,1
652,290,1
653,291,1
654,292,1
654,293,1
655,293,1
656,294,1
657,295,1
658,296,1
659,297,1
660,297,1
660,298,1
661,299,1
662,299,1
663,300,1
664,301,1
665,302,1
666,302,1
667,303,1
668,303,1
668,304,1
669,304,1
670,305,1
671,305,1
672,306,1
673,306,1
673,307,1
674,307,1
675,308,1
676,308,1
677,309,1
678,309,1
679,310,1
680,310,1
681,310,1
682,311,1
683,312,1
684,312,1
685,312,1
686,313,1
687,313,1
688,314,1
689,314,1
690,314,1
691,315,1
692,315,1
693,315,1
693,316,1
694,316,1
695,316,1
696,317,1
697,317,1
698,317,1
699,317,1
700,318,1
701,318,1
702,318,1
703,319,1
704,319,1
705,319,1
706,319,1
707,320,1
708,320,1
709,320,1
710,320,1
711,320,1
712,321,1
713,321,1
714,321,1
715,321,1
716,321,1
717,322,1
718,322,1
719,322,1
720,322,1
721,322,1
722,322,1
723,323,1
724,323,1
725,323,1
726,323,1
727,323,1
728,323,1
729,323,1
730,323,1
731,324,1
732,324,1
733,324,1
734,324,1
735,324,1
736,324,1
737,324,1
738,324,1
739,324,1
740,324,1
741,324,1
742,324,1
743,325,1
744,325,1
745,325,1
746,325,1
747,325,1
748,325,1
749,325,1
750,325,1
751,325,1
752,325,1
753,325,1
754,325,1
755,325,1
756,325,1
757,325,1
758,325,1
759,325,1
760,325,1
761,325,1
762,325,1
763,325,1
764,325,1
765,325,1
766,325,1
767,325,1
768,325,1
769,325,1
770,325,1
771,325,1
772,324,1
773,324,1
774,324,1
775,324,1
776,324,1
777,324,1
778,324,1
779,324,1
780,324,1
781,324,1
782,324,1
783,324,1
784,323,1
785,323,1
786,323,1
787,323,1
788,323,1
789,323,1
790,323,1
791,323,1
792,322,1
793,322,1
794,322,1
795,322,1
796,322,1
797,322,1
798,322,1
799,322,1
800,322,1
801,321,1
802,321,1
803,321,1
804,321,1
805,321,1
806,321,1
807,321,1
808,320,1
809,320,1
810,320,1
811,320,1
812,320,1
813,320,1
814,319,1
815,319,1
816,319,1
817,319,1
818,319,1
819,319,1
820,318,1
821,318,1
822,318,1
823,318,1
824,318,1
825,317,1
826,317,1
827,317,1
828,317,1
829,317,1
830,316,1
831,316,1
832,316,1
833,316,1
834,316,1
835,315,1
836,315,1
837,315,1
838,315,1
839,315,1
840,314,1
841,314,1
842,314,1
843,314,1
844,313,1
845,313,1
846,313,1
847,313,1
848,312,1
849,312,1
850,312,1
851,312,1
852,312,1
853,311,1
854,311,1
855,311,1
856,311,1
857,310,1
858,310,1
859,310,1
860,310,1
861,309,1
862,309,1
863,309,1
864,309,1
865,308,1
866,308,1
867,308,1
868,308,1
868,307,1
869,307,1
870,307,1
871,306,1
872,306,1
873,306,1
874,306,1
875,306,1
876,305,1
900,349,0
935,376,1
935,377,1
935,378,1
935,379,1
936,380,1
936,381,1
936,382,1
936,383,1
936,384,1
937,385,1
937,386,1
937,387,1
937,388,1
937,389,1
937,390,1
938,391,1
938,392,1
938,393,1
938,394,1
938,395,1
938,396,1
938,397,1
939,398,1
939,399,1
939,400,1
939,401,1
939,402,1
939,403,1
939,404,1
940,405,1
940,406,1
940,407,1
940,408,1
940,409,1
940,410,1
941,411,1
941,412,1
941,413,1
941,414,1
941,415,1
941,416,1
941,417,1
942,418,1
942,419,1
942,420,1
942,421,1
942,422,1
942,423,1
943,424,1
943,425,1
943,426,1
943,427,1
943,428,1
943,429,1
943,430,1
944,431,1
944,432,1
944,433,1
944,434,1
944,435,1
944,436,1
944,437,1
945,438,1
945,439,1
945,440,1
945,441,1
945,442,1
945,443,1
945,444,1
945,445,1
946,446,1
946,447,1
946,448,1
946,449,1
946,450,1
946,451,1
946,452,1
946,453,1
946,454,1
946,455,1
946,456,1
946,457,1
946,458,1
945,458,1
945,459,1
945,460,1
945,461,1
945,462,1
944,462,1
944,463,1
944,464,1
943,464,1
943,465,1
942,466,1
941,467,1
940,467,1
940,468,1
939,468,1
938,468,1
938,469,1
937,469,1
936,469,1
935,469,1
934,469,1
933,469,1
932,469,1
931,469,1
930,469,1
929,469,1
929,468,1
928,468,1
927,468,1
926,468,1
926,467,1
925,467,1
924,467,1
923,466,1
922,466,1
921,466,1
920,465,1
919,464,1
918,464,1
917,464,1
916,463,1
915,463,1
914,462,1
913,462,1
912,461,1
911,461,1
910,460,1
909,460,1
908,460,1
907,459,1
906,459,1
905,459,1
905,458,1
904,458,1
903,458,1
902,457,1
901,457,1
900,457,1
899,457,1
898,456,1
897,456,1
896,456,1
895,455,1
894,455,1
893,455,1
892,455,1
891,455,1
890,455,1
889,454,1
888,454,1
887,454,1
886,454,1
885,454,1
884,454,1
883,454,1
882,454,1
881,454,1
880,454,1
879,454,1
879,455,1
878,455,1
877,455,1
876,455,1
875,455,1
874,456,1
873,456,1
872,456,1
872,457,1
871,457,1
870,457,1
870,458,1
869,458,1
868,459,1
869,459,1
870,459,1
871,459,1
872,459,1
873,459,1
874,458,1
875,458,1
876,458,1
876,457,1
877,457,1
878,456,1
879,456,1
880,455,1
881,455,1
881,454,1
882,454,1
883,453,1
884,453,1
884,452,1
885,452,1
885,451,1
886,450,1
887,450,1
887,449,1
888,448,1
889,448,1
889,447,1
890,446,1
891,445,1
891,444,1
892,444,1
892,443,1
893,442,1
893,441,1
894,441,1
894,440,1
895,439,1
895,438,1
896,438,1
896,437,1
897,436,1
897,435,1
898,434,1
898,433,1
899,432,1
899,431,1
900,430,1
900,429,1
901,428,1
901,427,1
902,426,1
902,425,1
902,424,1
903,423,1
903,422,1
903,421,1
904,420,1
904,419,1
905,418,1
905,417,1
905,416,1
906,415,1
906,414,1
906,413,1
906,412,1
907,411,1
907,410,1
907,409,1
907,408,1
908,407,1
908,406,1
908,405,1
908,404,1
909,403,1
909,402,1
909,401,1
910,400,1
910,399,1
910,398,1
910,397,1
910,396,1
911,395,1
911,394,1
911,393,1
911,392,1
911,391,1
911,390,1
912,389,1
912,388,1
912,387,1
912,386,1
912,385,1
912,384,1
913,383,1
913,382,1
913,381,1
913,380,1
913,379,1
913,378,1
913,377,1
914,377,1
914,376,1
914,375,1
914,374,1
914,373,1
914,372,1
914,371,1
914,370,1
914,369,1
914,368,1
915,367,1
915,366,1
915,365,1
915,364,1
915,363,1
915,362,1
915,361,1
915,360,1
915,359,1
915,358,1
915,357,1
915,356,1
915,355,1
915,354,1
915,353,1
916,352,1
916,351,1
916,350,1
916,349,1
916,348,1
916,347,1
916,346,1
916,345,1
916,344,1
916,343,1
916,342,1
916,341,1
916,340,1
916,339,1
916,338,1
916,337,1
916,336,1
916,335,1
916,334,1
916,333,1
916,332,1
916,331,1
916,330,1
916,329,1
916,328,1
916,327,1
916,326,1
916,325,1
916,324,1
916,323,1
916,322,1
916,321,1
916,320,1
916,319,1
916,318,1
916,317,1
916,316,1
916,315,1
916,314,1
916,313,1
916,312,1
916,311,1
916,310,1
916,309,1
916,308,1
916,307,1
916,306,1
916,305,1
916,304,1
916,303,1
916,302,1
916,301,1
916,300,1
916,299,1
916,298,1
916,297,1
916,296,1
916,295,1
916,294,1
916,293,1
915,292,1
915,291,1
915,290,1
915,289,1
915,288,1
915,287,1
915,286,1
915,285,1
915,284,1
915,283,1
915,282,1
915,281,1
915,280,1
915,279,1
915,278,1
915,277,1
915,276,1
915,275,1
915,274,1
914,273,1
914,272,1
914,271,1
914,270,1
914,269,1
914,268,1
914,267,1
914,266,1
914,265,1
914,264,1
914,263,1
914,262,1
913,261,1
913,260,1
913,259,1
913,258,1
913,257,1
913,256,1
913,255,1
913,254,1
913,253,1
913,252,1
913,251,1
913,250,1
913,249,1
913,248,1
912,247,1
912,246,1
912,245,1
912,244,1
912,243,1
912,242,1
912,241,1
912,240,1
912,239,1
912,238,1
912,237,1
912,236,1
912,235,1
912,234,1
912,233,1
912,232,1
912,231,1
912,230,1
912,229,1
912,228,1
912,227,1
912,226,1
912,225,1
912,224,1
912,223,1
912,222,1
912,221,1
912,220,1
912,219,1
912,218,1
912,217,1
912,216,1
912,215,1
912,214,1
912,213,1
912,212,1
912,211,1
913,210,1
913,209,1
913,208,1
913,207,1
913,206,1
913,205,1
913,204,1
914,203,1
914,202,1
914,201,1
914,200,1
914,199,1
915,198,1
915,197,1
915,196,1
915,195,1
915,194,1
916,193,1
916,192,1
917,191,1
917,190,1
917,189,1
918,188,1
918,187,1
918,186,1
919,185,1
920,184,1
920,183,1
921,182,1
921,181,1
921,180,1
922,180,1
922,179,1
923,178,1
923,177,1
924,177,1
925,176,1
925,175,1
926,174,1
927,173,1
927,172,1
928,172,1
929,171,1
930,170,1
931,169,1
932,168,1
933,168,1
933,167,1
934,167,1
935,167,1
936,166,1
937,165,1
938,165,1
939,165,1
940,164,1
941,164,1
942,163,1
943,163,1
944,163,1
945,163,1
945,162,1
946,162,1
947,162,1
948,162,1
949,162,1
950,162,1
951,162,1
952,162,1
953,162,1
954,162,1
955,162,1
956,162,1
957,162,1
958,162,1
959,163,1
960,163,1
961,163,1
962,163,1
963,164,1
964,164,1
965,164,1
966,165,1
967,165,1
968,166,1
969,166,1
970,166,1
971,167,1
972,168,1
973,168,1
974,169,1
975,169,1
975,170,1
976,170,1
977,171,1
978,171,1
978,172,1
979,172,1
980,173,1
981,174,1
982,175,1
983,175,1
983,176,1
984,177,1
985,177,1
985,178,1
986,178,1
987,179,1
987,180,1
988,180,1
989,181,1
989,182,1
990,183,1
991,183,1
991,184,1
992,185,1
993,185,1
993,186,1
994,187,1
994,188,1
995,188,1
996,189,1
996,190,1
997,191,1
998,192,1
998,193,1
999,194,1
1000,195,1
1001,196,1
1001,197,1
1002,198,1
1002,199,1
1003,199,1
1003,200,1
1004,201,1
1004,202,1
1005,203,1
1005,204,1
1006,204,1
1006,205,1
1007,206,1
1007,207,1
1008,208,1
1008,209,1
1009,210,1
1009,211,1
1010,212,1
1010,213,1
1011,214,1
1012,215,1
1012,216,1
1012,217,1
1013,218,1
1013,219,1
1014,220,1
1014,221,1
1015,222,1
1015,223,1
1016,224,1
1016,225,1
1016,226,1
1017,227,1
1017,228,1
1018,229,1
1018,230,1
1019,231,1
1019,232,1
1019,233,1
1020,234,1
1020,235,1
1020,236,1
1021,237,1
1021,238,1
1022,239,1
1022,240,1
1022,241,1
1023,242,1
1023,243,1
1023,244,1
1024,245,1
1024,246,1
1024,247,1
1025,248,1
1025,249,1
1025,250,1
1026,251,1
1026,252,1
1027,253,1
1027,254,1
1027,255,1
1028,256,1
1028,257,1
1028,258,1
1028,259,1
1029,260,1
1029,261,1
1029,262,1
1030,263,1
1030,264,1
1030,265,1
1031,266,1
1031,267,1
1031,268,1
1032,269,1
1032,270,1
1032,271,1
1033,272,1
1033,273,1
1033,274,1
1033,275,1
1034,276,1
1034,277,1
1034,278,1
1035,279,1
1035,280,1
1035,281,1
1036,282,1
1036,283,1
1036,284,1
1037,285,1
1037,286,1
1037,287,1
1037,288,1
1038,289,1
1038,290,1
1038,291,1
1038,292,1
1039,293,1
1039,294,1
1040,295,1
1040,296,1
1040,297,1
1040,298,1
1041,299,1
1041,300,1
1041,301,1
1041,302,1
1042,303,1
1042,304,1
1042,305,1
1042,306,1
1043,306,1
1043,307,1
1043,308,1
1043,309,1
1044,310,1
1044,311,1
1044,312,1
1045,313,1
1045,314,1
1045,315,1
1045,316,1
1046,317,1
1046,318,1
1046,319,1
1046,320,1
1047,321,1
1047,322,1
1047,323,1
1048,324,1
1048,325,1
1048,326,1
1049,327,1
1049,328,1
1049,329,1
1049,330,1
1050,331,1
1050,332,1
1050,333,1
1050,334,1
1051,335,1
1051,336,1
1051,337,1
1051,338,1
1052,339,1
1052,340,1
1052,341,1
1052,342,1
1053,343,1
1053,344,1
1053,345,1
1054,346,1
1054,347,1
1054,348,1
1054,349,1
1055,350,1
1055,351,1
1055,352,1
1056,353,1
1056,354,1
1056,355,1
1056,356,1
1057,357,1
1057,358,1
1057,359,1
1057,360,1
1058,361,1
1058,362,1
1058,363,1
1059,364,1
1059,365,1
1059,366,1
1059,367,1
1060,368,1
1060,369,1
1060,370,1
1061,371,1
1061,372,1
1061,373,1
1061,374,1
1062,375,1
1062,376,1
1062,377,1
1062,378,1
1063,378,1
1063,379,1
1063,380,1
1063,381,1
1064,382,1
1064,383,1
1064,384,1
1065,385,1
1065,386,1
1065,387,1
1065,388,1
1066,389,1
1066,390,1
1066,391,1
1067,392,1
1067,393,1
1067,394,1
1067,395,1
1068,396,1
1068,397,1
1069,398,1
1069,399,1
1069,400,1
1069,401,1
1070,402,1
1070,403,1
1070,404,1
1071,405,1
1071,406,1
1071,407,1
1072,408,1
1072,409,1
1072,410,1
1073,411,1
1073,412,1
1073,413,1
1074,414,1
1074,415,1
1074,416,1
1075,417,1
1075,418,1
1075,419,1
1076,420,1
1076,421,1
1076,422,1
1077,423,1
1077,424,1
1077,425,1
1078,425,1
1078,426,1
1078,427,1
1079,428,1
1079,429,1
1079,430,1
1080,431,1
1080,432,1
1080,433,1
1081,434,1
1081,435,1
1081,436,1
1082,436,1
1082,437,1
1083,438,1
1083,439,1
1083,440,1
1084,441,1
1084,442,1
1084,443,1
1085,444,1
1085,445,1
1086,446,1
1087,447,1
1087,448,1
1087,449,1
1088,450,1
1088,451,1
1089,452,1
1089,453,1
1089,454,1
1090,455,1
1090,456,1
1091,456,1
1091,457,1
1091,458,1
1092,459,1
1092,460,1
1093,461,1
1093,462,1
1094,463,1
1095,463,1
1095,464,1
1096,465,1
1097,466,1
1097,467,1
1098,468,1
1099,469,1
1100,469,1
1101,469,1
1102,469,1
1122,428,0
1156,384,1
1156,385,1
1156,386,1
1155,387,1
1155,388,1
1154,389,1
1154,390,1
1153,391,1
1153,392,1
1153,393,1
1152,394,1
1152,395,1
1152,396,1
1152,397,1
1151,398,1
1151,399,1
1151,400,1
1151,401,1
1151,402,1
1151,403,1
1150,404,1
1151,405,1
1151,406,1
1151,407,1
1151,408,1
1151,409,1
1151,410,1
1151,411,1
1151,412,1
1151,413,1
1151,414,1
1151,415,1
1151,416,1
1151,417,1
1152,418,1
1152,419,1
1152,420,1
1152,421,1
1152,422,1
1153,423,1
1153,424,1
1153,425,1
1153,426,1
1153,427,1
1154,428,1
1154,429,1
1154,430,1
1155,430,1
1155,431,1
1155,432,1
1156,433,1
1156,434,1
1156,435,1
1157,436,1
1158,437,1
1158,438,1
1159,439,1
1159,440,1
1160,441,1
1161,442,1
1161,443,1
1162,444,1
1162,445,1
1163,445,1
1163,446,1
1164,447,1
1165,448,1
1166,449,1
1166,450,1
1167,450,1
1168,451,1
1168,452,1
1169,453,1
1170,454,1
1171,455,1
1172,456,1
1173,456,1
1174,457,1
1174,458,1
1175,458,1
1176,459,1
1177,460,1
1178,461,1
1179,461,1
1179,462,1
1180,462,1
1181,463,1
1182,463,1
1182,464,1
1183,464,1
1184,465,1
1185,465,1
1186,466,1
1187,467,1
1188,467,1
1189,468,1
1190,468,1
1191,468,1
1192,469,1
1193,469,1
1193,470,1
1194,470,1
1195,470,1
1196,471,1
1197,471,1
1198,471,1
1199,472,1
1200,472,1
1201,472,1
1202,473,1
1203,473,1
1204,473,1
1205,474,1
1206,474,1
1207,474,1
1208,475,1
1209,475,1
1210,475,1
1211,475,1
1212,476,1
1213,476,1
1214,476,1
1215,476,1
1216,477,1
1217,477,1
1218,477,1
1219,477,1
1220,477,1
1221,478,1
1222,478,1
1223,478,1
1224,478,1
1225,478,1
1226,478,1
1227,479,1
1228,479,1
1229,479,1
1230,479,1
1231,479,1
1232,479,1
1233,479,1
1234,479,1
1235,480,1
1236,480,1
1237,480,1
1238,480,1
1239,480,1
1240,480,1
1241,480,1
1242,480,1
1243,480,1
1244,480,1
1245,480,1
1246,480,1
1247,480,1
1248,480,1
1249,480,1
1250,480,1
1251,480,1
1252,480,1
1253,480,1
1254,480,1
1255,480,1
1256,480,1
1257,480,1
1258,480,1
1259,480,1
1260,480,1
1261,480,1
1262,480,1
1263,480,1
1264,480,1
1265,480,1
1266,480,1
1267,480,1
1268,480,1
1269,480,1
1270,480,1
1271,479,1
1272,479,1
1273,479,1
1274,479,1
1275,479,1
1276,479,1
1277,479,1
1278,479,1
1279,478,1
1280,478,1
1281,478,1
1282,478,1
1283,478,1
1284,478,1
1285,477,1
1286,477,1
1287,477,1
1288,476,1
1289,476,1
1290,476,1
1291,476,1
1291,475,1
1292,475,1
1293,475,1
1294,475,1
1295,474,1
1296,474,1
1297,473,1
1298,473,1
1299,472,1
1300,472,1
1301,471,1
1302,471,1
1302,470,1
1303,470,1
1304,469,1
1305,468,1
1305,467,1
1306,467,1
1306,466,1
1307,466,1
1307,465,1
1308,464,1
1308,463,1
1308,462,1
1309,462,1
1309,461,1
1309,460,1
1309,459,1
1309,458,1
1309,457,1
1308,456,1
1308,455,1
1308,454,1
1307,453,1
1306,452,1
1306,451,1
1305,451,1
1305,450,1
1304,450,1
1304,449,1
1303,449,1
1303,448,1
1302,448,1
1301,448,1
1301,447,1
1300,447,1
1299,446,1
1298,445,1
1297,445,1
1296,444,1
1295,444,1
1294,443,1
1293,443,1
1292,442,1
1291,442,1
1290,442,1
1289,441,1
1288,441,1
1287,440,1
1286,440,1
1285,440,1
1284,439,1
1283,439,1
1282,439,1
1281,439,1
1280,438,1
1279,438,1
1278,438,1
1277,437,1
1276,437,1
1275,437,1
1274,437,1
1273,436,1
1272,436,1
1271,436,1
1270,436,1
1269,435,1
1268,435,1
1267,435,1
1266,435,1
1265,435,1
1264,434,1
1263,434,1
1262,434,1
1261,434,1
1260,434,1
1259,433,1
1258,433,1
1257,433,1
1256,433,1
1255,433,1
1254,432,1
1253,432,1
1252,432,1
1251,432,1
1250,432,1
1249,432,1
1248,431,1
1247,431,1
1246,431,1
1245,431,1
1244,431,1
1243,431,1
1242,430,1
1241,430,1
1240,430,1
1239,430,1
1238,430,1
1237,430,1
1236,430,1
1235,429,1
1234,429,1
1233,429,1
1232,429,1
1231,429,1
1230,429,1
1229,428,1
1228,428,1
1227,428,1
1226,428,1
1225,428,1
1224,427,1
1223,427,1
1222,427,1
1221,427,1
985,375,0
723,323,1
724,323,1
725,323,1
726,323,1
727,322,1
728,322,1
729,322,1
730,322,1
731,321,1
732,321,1
733,321,1
734,321,1
735,321,1
736,320,1
737,320,1
738,320,1
739,320,1
740,320,1
741,320,1
742,320,1
743,319,1
744,319,1
745,319,1
746,319,1
747,319,1
748,319,1
749,319,1
750,318,1
751,318,1
752,318,1
753,318,1
754,318,1
755,318,1
756,318,1
757,317,1
758,317,1
759,317,1
760,317,1
761,317,1
762,317,1
763,317,1
764,316,1
765,316,1
766,316,1
767,316,1
768,316,1
769,316,1
770,316,1
771,315,1
772,315,1
773,315,1
774,315,1
775,315,1
776,315,1
777,315,1
778,315,1
779,314,1
780,314,1
781,314,1
782,314,1
783,314,1
784,314,1
785,314,1
786,313,1
787,313,1
788,313,1
789,313,1
790,313,1
791,313,1
792,313,1
793,313,1
794,313,1
795,312,1
796,312,1
797,312,1
798,312,1
799,312,1
800,312,1
801,312,1
802,312,1
803,312,1
804,311,1
805,311,1
806,311,1
807,311,1
808,311,1
809,311,1
810,311,1
811,311,1
812,310,1
813,310,1
814,310,1
815,310,1
816,310,1
817,310,1
818,310,1
819,310,1
820,310,1
821,309,1
822,309,1
823,309,1
824,309,1
825,309,1
826,309,1
827,309,1
828,309,1
829,309,1
830,308,1
831,308,1
832,308,1
833,308,1
834,308,1
835,308,1
836,308,1
837,308,1
838,308,1
839,308,1
840,307,1
841,307,1
842,307,1
843,307,1
844,307,1
845,307,1
846,307,1
847,307,1
848,307,1
849,307,1
850,307,1
851,306,1
852,306,1
853,306,1
854,306,1
855,306,1
856,306,1
857,306,1
858,306,1
859,306,1
860,305,1
861,305,1
862,305,1
863,305,1
864,305,1
865,305,1
866,305,1
867,305,1
868,305,1
869,305,1
870,305,1
871,304,1
872,304,1
873,304,1
874,304,1
875,304,1
876,304,1
877,304,1
878,304,1
879,304,1
880,304,1
881,304,1
882,304,1
883,304,1
884,303,1
885,303,1
886,303,1
887,303,1
888,303,1
889,303,1
890,303,1
891,303,1
892,303,1
893,303,1
894,303,1
895,303,1
896,303,1
897,303,1
898,302,1
899,302,1
900,302,1
901,302,1
902,302,1
903,302,1
904,302,1
905,302,1
906,302,1
907,302,1
908,302,1
909,302,1
910,302,1
911,302,1
912,301,1
913,301,1
914,301,1
915,301,1
916,301,1
917,301,1
918,301,1
919,301,1
920,301,1
921,301,1
922,301,1
923,300,1
924,300,1
925,300,1
926,300,1
927,300,1
928,300,1
929,300,1
930,300,1
931,300,1
932,300,1
933,300,1
934,300,1
935,300,1
936,300,1
937,299,1
938,299,1
939,299,1
940,299,1
941,299,1
942,299,1
943,299,1
944,299,1
945,299,1
946,299,1
947,299,1
948,299,1
949,298,1
950,298,1
951,298,1
952,298,1
953,298,1
954,298,1
955,298,1
956,298,1
957,298,1
958,298,1
959,298,1
960,298,1
961,298,1
962,298,1
963,298,1
964,297,1
965,297,1
966,297,1
967,297,1
968,297,1
969,297,1
970,297,1
971,297,1
972,297,1
973,297,1
974,297,1
975,297,1
976,297,1
977,297,1
978,297,1
979,296,1
980,296,1
981,296,1
982,296,1
983,296,1
984,296,1
985,296,1
986,296,1
987,296,1
988,296,1
989,296,1
990,296,1
991,296,1
992,296,1
993,296,1
994,295,1
995,295,1
996,295,1
997,295,1
998,295,1
999,295,1
1000,295,1
1001,295,1
1002,295,1
1003,295,1
1004,295,1
1005,295,1
1006,295,1
1007,294,1
1008,294,1
1009,294,1
1010,294,1
1011,294,1
1012,294,1
1013,294,1
1014,294,1
1015,294,1
1016,294,1
1017,294,1
1018,294,1
1019,294,1
1020,294,1
1021,293,1
1022,293,1
1023,293,1
1024,293,1
1025,293,1
1026,293,1
1027,293,1
1028,293,1
1029,293,1
1030,293,1
1031,292,1
1032,292,1
1033,292,1
1034,292,1
1035,292,1
1036,292,1
1037,292,1
1038,292,1
1039,292,1
1040,292,1
1041,292,1
1042,292,1
1043,292,1
1044,291,1
1045,291,1
1046,291,1
1047,291,1
1048,291,1
1049,291,1
1050,291,1
1051,291,1
1052,291,1
1053,291,1
1054,291,1
1055,290,1
1056,290,1
1057,290,1
1058,290,1
1059,290,1
1060,290,1
1061,290,1
1062,290,1
1063,290,1
1064,290,1
1065,290,1
1066,290,1
1067,290,1
1068,290,1
1069,289,1
1070,289,1
1071,289,1
1072,289,1
1073,289,1
1074,289,1
1075,289,1
1076,289,1
1077,289,1
1078,289,1
1079,289,1
1080,289,1
1081,289,1
1082,289,1
1083,288,1
1084,288,1
1085,288,1
1086,288,1
1087,288,1
1088,288,1
1089,288,1
1090,288,1
1091,288,1
1092,288,1
1093,288,1
1094,287,1
1095,287,1
1096,287,1
1097,287,1
1098,287,1
1099,287,1
1100,287,1
1101,287,1
1102,287,1
1103,287,1
1104,287,1
1105,287,1
1106,287,1
1107,287,1
1108,286,1
1109,286,1
1110,286,1
1111,286,1
1112,286,1
1113,286,1
1114,286,1
1115,286,1
1116,286,1
1117,286,1
1118,286,1
1119,286,1
1120,285,1
1121,285,1
1122,285,1
1123,285,1
1124,285,1
1125,285,1
1126,285,1
1127,285,1
1128,285,1
1129,285,1
1130,285,1
1131,285,1
1132,285,1
1133,285,1
1134,284,1
1135,284,1
1136,284,1
1137,284,1
1138,284,1
1139,284,1
1140,284,1
1141,284,1
1142,284,1
1143,284,1
1144,284,1
1145,284,1
1146,284,1
1147,284,1
1148,283,1
1149,283,1
1150,283,1
1151,283,1
1152,283,1
1153,283,1
1154,283,1
1155,283,1
1156,283,1
1157,283,1
1158,283,1
1159,283,1
1160,283,1
1161,283,1
1162,282,1
1163,282,1
1164,282,1
1165,282,1
1166,282,1
1167,282,1
1168,282,1
1169,282,1
1170,282,1
1171,282,1
1172,282,1
1173,282,1
1174,282,1
1175,282,1
1176,281,1
1177,281,1
1178,281,1
1179,281,1
1180,281,1
1181,281,1
1182,281,1
1183,281,1
1184,281,1
1185,281,1
1186,281,1
1187,281,1
1188,281,1
1189,280,1
1190,280,1
1191,280,1
1192,280,1
1193,280,1
1194,280,1
1195,280,1
1196,280,1
1197,280,1
1198,280,1
1199,280,1
1200,279,1
1201,279,1
1202,279,1
1203,279,1
1204,279,1
1205,279,1
1206,279,1
1207,279,1
1208,279,1
1209,279,1
1210,279,1
1211,279,1
1212,278,1
1213,278,1
1214,278,1
1215,278,1
1216,278,1
1217,278,1
1218,278,1
1219,278,1
1220,278,1
1221,278,1
1222,277,1
1223,277,1
1224,277,1
1225,277,1
1226,277,1
1227,277,1
1228,277,1
1229,277,1
1230,277,1
1231,277,1
1232,276,1
1233,276,1
1234,276,1
1235,276,1
1236,276,1
1237,276,1
1238,276,1
1239,276,1
1240,276,1
1241,276,1
1242,275,1
1243,275,1
1244,275,1
1245,275,1
1246,275,1
1247,275,1
1248,275,1
1249,275,1
1250,275,1
1251,275,1
1252,275,1
1253,274,1
1254,274,1
1255,274,1
1256,274,1
1257,274,1
1258,274,1
1259,274,1
1260,274,1
1261,274,1
1262,274,1
1263,273,1
1264,273,1
1265,273,1
1266,273,1
1267,273,1
1268,273,1
1269,273,1
1270,273,1
1271,272,1
1272,272,1
1273,272,1
1274,272,1
1275,272,1
1276,272,1
1277,272,1
1278,272,1
1279,271,1
1280,271,1
1281,271,1
1282,271,1
1283,271,1
1284,271,1
1285,271,1
1286,271,1
1287,271,1
1288,270,1
1289,270,1
1290,270,1
1291,270,1
1292,270,1
1293,270,1
1294,270,1
1295,270,1
1296,270,1
1297,269,1
1298,269,1
1299,269,1
1300,269,1
1301,269,1
1302,269,1
1303,269,1
1304,269,1
1305,269,1
1306,268,1
1307,268,1
1308,268,1
1309,268,1
1310,268,1
1311,268,1
1312,268,1
1313,268,1
1314,268,1
1315,268,1
1316,268,1
1317,268,1
1318,268,1
1319,268,1
1320,268,1
1321,268,1
1321,269,1
1054,475,0
794,669,1
794,670,1
794,671,1
795,672,1
795,673,1
796,674,1
796,675,1
797,676,1
797,677,1
798,678,1
798,679,1
799,680,1
799,681,1
800,682,1
800,683,1
801,684,1
801,685,1
802,685,1
802,686,1
803,687,1
803,688,1
804,689,1
805,690,1
805,691,1
806,692,1
806,693,1
806,694,1
807,695,1
807,696,1
808,696,1
808,697,1
809,698,1
809,699,1
810,700,1
810,701,1
811,702,1
811,703,1
812,704,1
812,705,1
812,706,1
813,707,1
813,708,1
813,709,1
813,710,1
814,710,1
814,711,1
814,712,1
814,713,1
814,714,1
814,715,1
813,715,1
813,716,1
812,716,1
811,716,1
810,716,1
810,715,1
809,715,1
808,715,1
807,715,1
807,714,1
806,714,1
805,713,1
804,713,1
803,712,1
802,712,1
802,711,1
801,711,1
800,710,1
799,710,1
799,709,1
798,709,1
797,708,1
796,708,1
795,707,1
794,707,1
794,706,1
793,706,1
792,705,1
791,705,1
790,704,1
789,704,1
789,703,1
788,703,1
787,702,1
786,702,1
785,701,1
784,701,1
783,700,1
782,700,1
782,699,1
781,699,1
780,698,1
779,698,1
778,697,1
777,697,1
776,696,1
775,696,1
774,696,1
774,695,1
773,695,1
772,694,1
771,694,1
770,694,1
769,693,1
768,693,1
767,693,1
766,692,1
765,692,1
764,692,1
763,692,1
762,691,1
761,691,1
760,691,1
759,691,1
758,691,1
757,690,1
756,690,1
755,690,1
754,690,1
753,690,1
752,690,1
751,690,1
750,689,1
749,689,1
748,689,1
747,689,1
746,689,1
745,689,1
744,689,1
743,689,1
742,689,1
742,690,1
741,690,1
740,690,1
739,690,1
738,690,1
737,690,1
736,691,1
735,691,1
734,691,1
733,692,1
732,692,1
731,693,1
730,693,1
730,694,1
729,694,1
729,695,1
729,696,1
729,697,1
730,697,1
730,698,1
731,698,1
732,698,1
733,698,1
733,699,1
734,699,1
735,699,1
736,699,1
737,699,1
738,699,1
739,699,1
740,699,1
741,699,1
742,699,1
743,699,1
744,699,1
745,699,1
746,699,1
747,699,1
748,698,1
749,698,1
750,698,1
751,698,1
752,698,1
753,698,1
754,697,1
755,697,1
756,697,1
757,697,1
758,696,1
759,696,1
760,696,1
761,696,1
761,695,1
762,695,1
763,695,1
764,694,1
765,694,1
766,694,1
767,694,1
768,693,1
769,693,1
770,693,1
771,692,1
772,692,1
773,692,1
774,692,1
775,691,1
776,691,1
777,691,1
777,690,1
778,690,1
779,690,1
780,689,1
781,689,1
782,689,1
783,688,1
784,688,1
785,688,1
786,688,1
787,687,1
788,687,1
789,687,1
790,686,1
791,686,1
792,685,1
793,685,1
794,685,1
795,684,1
796,684,1
797,684,1
798,683,1
799,683,1
800,683,1
801,682,1
802,682,1
803,682,1
804,682,1
805,681,1
806,681,1
807,680,1
808,680,1
809,680,1
810,679,1
811,679,1
812,679,1
813,679,1
814,678,1
815,678,1
816,678,1
817,677,1
818,677,1
819,677,1
820,676,1
821,676,1
822,676,1
823,675,1
824,675,1
825,675,1
826,675,1
827,674,1
828,674,1
829,674,1
830,674,1
831,673,1
832,673,1
833,673,1
834,672,1
835,672,1
836,672,1
837,672,1
838,671,1
839,671,1
840,671,1
841,671,1
842,670,1
843,670,1
844,670,1
845,670,1
846,670,1
846,669,1
847,669,1
848,669,1
849,669,1
850,669,1
851,669,1
852,668,1
853,668,1
854,668,1
855,668,1
856,668,1
857,668,1
858,668,1
859,667,1
860,667,1
861,667,1
862,667,1
863,667,1
864,667,1
865,667,1
866,667,1
867,667,1
868,667,1
869,667,1
870,667,1
871,667,1
872,667,1
873,667,1
874,667,1
875,667,1
876,667,1
877,667,1
878,667,1
879,667,1
880,667,1
881,667,1
882,668,1
883,668,1
884,668,1
885,668,1
886,668,1
887,669,1
888,669,1
889,669,1
890,669,1
891,670,1
892,670,1
893,670,1
894,670,1
895,671,1
896,671,1
897,671,1
898,672,1
899,672,1
900,673,1
901,673,1
902,674,1
903,674,1
904,675,1
905,675,1
906,676,1
907,676,1
908,677,1
909,678,1
910,678,1
911,679,1
912,679,1
912,680,1
913,681,1
914,681,1
914,682,1
915,682,1
916,683,1
917,683,1
917,684,1
918,685,1
919,686,1
920,687,1
921,688,1
922,689,1
923,690,1
923,691,1
924,692,1
925,693,1
925,694,1
926,695,1
927,696,1
927,697,1
927,698,1
928,698,1
928,699,1
929,700,1
929,701,1
929,702,1
930,703,1
930,704,1
931,705,1
931,706,1
932,707,1
932,708,1
932,709,1
933,710,1
933,711,1
933,712,1
933,713,1
934,714,1
934,715,1
934,716,1
934,717,1
935,717,1
935,718,1
935,719,1
935,720,1
935,721,1
935,722,1
935,723,1
936,724,1
936,725,1
936,726,1
936,727,1
936,728,1
936,729,1
936,730,1
936,731,1
936,732,1
936,733,1
936,734,1
936,735,1
936,736,1
936,737,1
935,738,1
935,739,1
935,740,1
935,741,1
935,742,1
935,743,1
935,744,1
935,745,1
935,746,1
935,747,1
934,748,1
934,749,1
934,750,1
934,751,1
934,752,1
933,753,1
933,754,1
933,755,1
932,756,1
932,757,1
931,758,1
931,759,1
930,760,1
930,761,1
929,762,1
929,763,1
928,764,1
927,765,1
926,766,1
925,767,1
924,768,1
923,769,1
900,766,0
853,773,1
854,773,1
855,773,1
856,774,1
857,774,1
858,774,1
859,774,1
860,775,1
861,775,1
862,775,1
863,775,1
864,776,1
865,776,1
866,777,1
867,777,1
868,778,1
869,778,1
870,779,1
871,780,1
871,781,1
872,782,1
872,783,1
873,784,1
873,785,1
873,786,1
874,787,1
874,788,1
875,789,1
875,790,1
876,791,1
876,792,1
876,793,1
876,794,1
876,795,1
877,795,1
877,796,1
877,797,1
877,798,1
877,799,1
876,800,1
876,801,1
876,802,1
876,803,1
875,804,1
875,805,1
875,806,1
874,806,1
874,807,1
874,808,1
873,809,1
872,810,1
872,811,1
871,812,1
870,812,1
870,813,1
869,814,1
868,815,1
868,816,1
867,816,1
866,817,1
866,818,1
865,818,1
864,819,1
863,820,1
862,821,1
861,821,1
861,822,1
860,822,1
859,823,1
858,823,1
858,824,1
857,824,1
856,825,1
855,825,1
854,826,1
853,826,1
852,827,1
851,828,1
850,828,1
849,828,1
848,829,1
847,829,1
846,830,1
845,830,1
844,831,1
843,831,1
842,831,1
841,832,1
840,832,1
839,832,1
838,833,1
837,833,1
836,833,1
836,834,1
835,834,1
834,834,1
833,834,1
832,835,1
831,835,1
830,835,1
829,836,1
828,836,1
827,836,1
826,836,1
825,837,1
824,837,1
823,837,1
822,837,1
821,838,1
820,838,1
819,838,1
818,838,1
817,838,1
816,839,1
815,839,1
814,839,1
813,839,1
812,839,1
811,839,1
810,840,1
809,840,1
808,840,1
807,840,1
806,840,1
805,840,1
804,840,1
803,840,1
802,841,1
801,841,1
800,841,1
799,841,1
798,841,1
797,841,1
796,841,1
795,841,1
794,841,1
793,841,1
792,841,1
791,841,1
790,841,1
789,841,1
788,841,1
787,841,1
786,841,1
785,841,1
784,841,1
783,841,1
782,841,1
781,841,1
780,841,1
779,841,1
778,841,1
777,841,1
776,841,1
775,841,1
774,841,1
773,841,1
772,841,1
771,841,1
770,841,1
769,840,1
768,840,1
767,840,1
766,840,1
765,840,1
764,840,1
763,840,1
762,839,1
761,839,1
760,839,1
759,839,1
758,838,1
757,838,1
756,838,1
755,838,1
754,837,1
753,837,1
752,837,1
751,836,1
750,836,1
749,836,1
749,835,1
748,835,1
747,834,1
746,834,1
745,834,1
744,834,1
743,833,1
742,833,1
741,833,1
740,832,1
739,832,1
738,831,1
737,831,1
736,830,1
735,830,1
735,829,1
734,829,1
733,828,1
732,827,1
731,826,1
730,825,1
730,824,1
729,823,1
728,822,1
728,821,1
727,820,1
727,819,1
727,818,1
726,818,1
876,756,0
1018,669,1
1018,670,1
1018,671,1
1018,672,1
1018,673,1
1018,674,1
1018,675,1
1018,676,1
1018,677,1
1018,678,1
1019,679,1
1019,680,1
1019,681,1
1019,682,1
1019,683,1
1019,684,1
1019,685,1
1019,686,1
1019,687,1
1018,688,1
1018,689,1
1019,690,1
1019,691,1
1019,692,1
1019,693,1
1020,693,1
1020,694,1
1021,695,1
1021,696,1
1022,697,1
1022,698,1
1023,698,1
1023,699,1
1024,699,1
1025,700,1
1026,700,1
1027,700,1
1028,700,1
1028,699,1
1029,699,1
1030,699,1
1030,698,1
1031,698,1
1031,697,1
1032,697,1
1033,696,1
1034,695,1
1035,694,1
1036,693,1
1037,692,1
1038,691,1
1038,690,1
1039,690,1
1039,689,1
1040,688,1
1041,687,1
1041,686,1
1042,685,1
1042,684,1
1043,684,1
1044,683,1
1044,682,1
1045,681,1
1045,680,1
1046,679,1
1047,679,1
1047,678,1
1048,677,1
1048,676,1
1049,675,1
1050,674,1
1051,673,1
1051,672,1
1052,671,1
1053,670,1
1053,669,1
1054,669,1
1055,668,1
1055,667,1
1056,666,1
1057,665,1
1057,664,1
1058,664,1
1059,663,1
1059,662,1
1060,661,1
1061,660,1
1062,659,1
1063,658,1
1063,657,1
1064,656,1
1065,656,1
1066,655,1
1066,654,1
1067,653,1
1068,653,1
1069,652,1
1069,651,1
1070,650,1
1071,650,1
1072,649,1
1073,648,1
1074,647,1
1075,646,1
1076,646,1
1077,645,1
1078,644,1
1079,643,1
1080,643,1
1081,642,1
1082,641,1
1083,641,1
1084,640,1
1085,640,1
1086,639,1
1087,638,1
1088,638,1
1089,637,1
1090,637,1
1091,636,1
1092,636,1
1093,636,1
1093,635,1
1094,635,1
1095,635,1
1096,634,1
1097,634,1
1098,634,1
1099,633,1
1100,633,1
1101,633,1
1102,633,1
1103,632,1
1104,632,1
1105,632,1
1106,632,1
1107,632,1
1108,632,1
1109,631,1
1110,631,1
1111,631,1
1112,631,1
1113,631,1
1114,631,1
1115,631,1
1116,632,1
1117,632,1
1118,632,1
1119,632,1
1120,632,1
1121,632,1
1122,632,1
1123,633,1
1124,633,1
1125,633,1
1126,633,1
1127,634,1
1128,634,1
1129,635,1
1130,635,1
1131,635,1
1131,636,1
1132,636,1
1133,637,1
1134,637,1
1135,637,1
1135,638,1
1136,638,1
1137,639,1
1138,639,1
1138,640,1
1139,640,1
1140,641,1
1141,642,1
1142,643,1
1143,643,1
1143,644,1
1144,644,1
1145,645,1
1145,646,1
1146,646,1
1147,647,1
1147,648,1
1148,648,1
1148,649,1
1149,650,1
1150,651,1
1151,652,1
1152,653,1
1152,654,1
1153,654,1
1153,655,1
1154,656,1
1154,657,1
1155,658,1
1156,658,1
1156,659,1
1157,660,1
1157,661,1
1158,662,1
1158,663,1
1159,664,1
1160,665,1
1160,666,1
1161,667,1
1161,668,1
1162,669,1
1162,670,1
1162,671,1
1163,672,1
1163,673,1
1164,674,1
1164,675,1
1165,675,1
1165,676,1
1166,677,1
1166,678,1
1166,679,1
1167,680,1
1167,681,1
1168,682,1
1168,683,1
1168,684,1
1169,685,1
1169,686,1
1169,687,1
1170,688,1
1170,689,1
1170,690,1
1171,691,1
1171,692,1
1171,693,1
1172,694,1
1172,695,1
1172,696,1
1173,697,1
1173,698,1
1174,699,1
1174,700,1
1174,701,1
1174,702,1
1175,703,1
1175,704,1
1175,705,1
1175,706,1
1176,707,1
1176,708,1
1176,709,1
1176,710,1
1177,711,1
1177,712,1
1178,713,1
1178,714,1
1178,715,1
1178,716,1
1179,716,1
1179,717,1
1179,718,1
1180,719,1
1180,720,1
1180,721,1
1180,722,1
1181,722,1
1181,723,1
1181,724,1
1181,725,1
1181,726,1
1182,726,1
1182,727,1
1182,728,1
1182,729,1
1183,729,1
1183,730,1
1183,731,1
1184,731,1
1184,732,1
1185,732,1
1186,731,1
1186,730,1
1187,730,1
1187,729,1
1188,728,1
1216,681,0
1247,619,1
1247,620,1
1247,621,1
1247,622,1
1247,623,1
1248,624,1
1248,625,1
1248,626,1
1248,627,1
1249,628,1
1249,629,1
1249,630,1
1249,631,1
1250,632,1
1250,633,1
1250,634,1
1250,635,1
1250,636,1
1251,637,1
1251,638,1
1251,639,1
1251,640,1
1251,641,1
1252,642,1
1252,643,1
1252,644,1
1252,645,1
1252,646,1
1252,647,1
1252,648,1
1253,649,1
1253,650,1
1253,651,1
1253,652,1
1253,653,1
1254,654,1
1254,655,1
1254,656,1
1254,657,1
1254,658,1
1255,659,1
1255,660,1
1255,661,1
1255,662,1
1255,663,1
1255,664,1
1256,665,1
1256,666,1
1256,667,1
1256,668,1
1256,669,1
1256,670,1
1257,671,1
1257,672,1
1257,673,1
1257,674,1
1257,675,1
1257,676,1
1258,677,1
1258,678,1
1258,679,1
1258,680,1
1258,681,1
1258,682,1
1259,683,1
1259,684,1
1259,685,1
1259,686,1
1259,687,1
1259,688,1
1260,689,1
1260,690,1
1260,691,1
1260,692,1
1260,693,1
1261,694,1
1261,695,1
1261,696,1
1261,697,1
1262,698,1
1262,699,1
1262,700,1
1262,701,1
1263,702,1
1263,703,1
1263,704,1
1263,705,1
1264,705,1
1264,706,1
1264,707,1
1265,708,1
1265,709,1
1265,710,1
1265,711,1
1266,712,1
1266,713,1
1266,714,1
1266,715,1
1267,716,1
1267,717,1
1267,718,1
1268,719,1
1268,720,1
1268,721,1
1269,722,1
1269,723,1
1270,724,1
1271,725,1
1272,725,1
1273,726,1
1274,726,1
1275,725,1
1276,724,1
1277,723,1
1351,646,0
1427,560,1
1428,560,1
1428,561,1
1429,562,1
1430,563,1
1430,564,1
1431,565,1
1431,566,1
1432,567,1
1432,568,1
1433,569,1
1433,570,1
1433,571,1
1434,572,1
1434,573,1
1434,574,1
1435,575,1
1435,576,1
1435,577,1
1435,578,1
1435,579,1
1436,580,1
1436,581,1
1436,582,1
1436,583,1
1436,584,1
1436,585,1
1436,586,1
1436,587,1
1436,588,1
1436,589,1
1436,590,1
1436,591,1
1436,592,1
1436,593,1
1436,594,1
1436,595,1
1436,596,1
1436,597,1
1436,598,1
1436,599,1
1436,600,1
1436,601,1
1436,602,1
1436,603,1
1436,604,1
1435,605,1
1435,606,1
1435,607,1
1435,608,1
1435,609,1
1435,610,1
1434,611,1
1434,612,1
1434,613,1
1434,614,1
1433,615,1
1433,616,1
1433,617,1
1433,618,1
1433,619,1
1432,620,1
1432,621,1
1431,622,1
1431,623,1
1431,624,1
1431,625,1
1430,626,1
1430,627,1
1430,628,1
1430,629,1
1429,630,1
1429,631,1
1429,632,1
1429,633,1
1428,634,1
1428,635,1
1428,636,1
1427,637,1
1427,638,1
1427,639,1
1427,640,1
1426,641,1
1426,642,1
1426,643,1
1426,644,1
1426,645,1
1425,646,1
1425,647,1
1425,648,1
1425,649,1
1425,650,1
1425,651,1
1425,652,1
1424,653,1
1424,654,1
1424,655,1
1424,656,1
1424,657,1
1424,658,1
1424,659,1
1424,660,1
1424,661,1
1425,662,1
1425,663,1
1425,664,1
1425,665,1
1426,666,1
1426,667,1
1426,668,1
1427,669,1
1427,670,1
1428,671,1
1428,672,1
1428,673,1
1429,673,1
1429,674,1
1430,675,1
1431,676,1
1432,677,1
1432,678,1
1433,678,1
1434,679,1
1435,680,1
1436,680,1
1436,681,1
1437,681,1
1438,682,1
1439,682,1
1439,683,1
1440,683,1
1441,683,1
1442,684,1
1443,684,1
1443,685,1
1444,685,1
1445,685,1
1446,686,1
1447,686,1
1448,686,1
1449,687,1
1450,687,1
1451,687,1
1452,688,1
1453,688,1
1454,688,1
1455,688,1
1456,688,1
1457,689,1
1458,689,1
1459,689,1
1460,689,1
1461,689,1
1462,690,1
1463,690,1
1464,690,1
1465,690,1
1466,690,1
1467,690,1
1468,690,1
1469,690,1
1470,690,1
1471,691,1
1472,691,1
1473,691,1
1474,691,1
1475,691,1
1476,691,1
1477,691,1
1478,691,1
1479,691,1
1480,691,1
1481,691,1
1482,691,1
1483,691,1
1484,691,1
1485,692,1
1486,692,1
1487,692,1
1488,692,1
1489,692,1
1490,692,1
1491,692,1
1492,692,1
1493,692,1
1494,692,1
1495,692,1
1496,692,1
1497,692,1
1498,692,1
1499,692,1
1500,693,1
1501,693,1
1502,693,1
1503,693,1
1504,693,1
1505,693,1
1506,693,1
1507,693,1
1508,693,1
1509,693,1
1510,693,1
1511,693,1
1512,693,1
1513,693,1
1514,693,1
1515,693,1
1516,693,1
1517,693,1
1518,693,1
1519,693,1
1520,693,1
1521,693,1
1522,693,1
1523,693,1
1524,693,1
1525,694,1
1526,694,1
1527,694,1
1528,694,1
1529,694,1
1530,694,1
1531,694,1
1532,694,1
1533,694,1
1534,694,1
1535,694,1
1536,694,1
1537,694,1
1538,694,1
1539,694,1
1540,694,1
1541,694,1
1542,694,1
1543,694,1
1544,694,1
1545,694,1
1546,694,1
1547,694,1
1548,694,1
1549,694,1
1550,694,1
1551,694,1
1552,694,1
1553,694,1
1554,694,1
1555,694,1
1556,694,1
1557,694,1
1558,694,1
1559,694,1
1560,694,1
1561,694,1
1562,694,1
1563,694,1
1564,694,1
1565,694,1
1566,694,1
1567,694,1
1568,694,1
1569,694,1
1570,694,1
1571,694,1
1572,694,1
1573,694,1
1574,694,1
1575,694,1
1576,694,1
1577,694,1
1578,694,1
1579,694,1
1580,694,1
1581,694,1
1582,694,1
1583,694,1
1584,694,1
1585,694,1
1586,694,1
1587,694,1
1588,694,1
1589,694,1
1590,694,1
1591,694,1
1592,694,1
1593,694,1
1594,694,1
1595,694,1
1596,694,1
1597,694,1
1598,694,1
1599,694,1
1600,694,1
1601,694,1
1602,694,1
1603,694,1
1604,694,1
1605,694,1
1606,694,1
1607,694,1
1608,694,1
1609,694,1
1610,694,1
1611,694,1
1612,694,1
1613,694,1
1614,694,1
1615,694,1
1616,694,1
1617,694,1
1618,694,1
1619,694,1
1620,694,1
1621,694,1
1622,694,1
1623,694,1
1624,694,1
1625,693,1
1626,693,1
1627,693,1
1628,693,1
1629,693,1
1630,693,1
1631,693,1
1632,693,1
1633,693,1
1634,693,1
1635,692,1
1636,692,1
1637,692,1
1638,692,1
1639,692,1
1640,691,1
1641,691,1
1642,691,1
1643,690,1
1644,690,1
1645,690,1
1645,689,1
1646,689,1
1646,688,1
1647,688,1
1647,687,1
1647,686,1
1647,685,1
1646,685,1
1646,684,1
1645,684,1
1645,683,1
1644,683,1
1643,683,1
1643,682,1
1642,682,1
1641,682,1
1641,681,1
1640,681,1
1639,681,1
1639,680,1
1638,680,1
1637,680,1
1636,680,1
1635,679,1
1634,679,1
1633,679,1
1632,678,1
1631,678,1
1630,678,1
1629,678,1
1628,677,1
1627,677,1
1626,677,1
1625,677,1
1624,677,1
1623,676,1
1622,676,1
1621,676,1
1620,676,1
1619,676,1
1618,675,1
1617,675,1
1616,675,1
1615,675,1
1614,675,1
1613,675,1
1612,675,1
1611,674,1
1610,674,1
1609,674,1
1608,674,1
1607,674,1
1606,674,1
1605,674,1
1604,674,1
1603,673,1
1602,673,1
1601,673,1
1600,673,1
1283,626,0
939,579,1
940,579,1
941,579,1
942,578,1
943,578,1
944,578,1
945,578,1
946,578,1
947,577,1
948,577,1
949,577,1
950,577,1
951,577,1
952,577,1
953,576,1
954,576,1
955,576,1
956,576,1
957,576,1
958,576,1
959,575,1
960,575,1
961,575,1
962,575,1
963,575,1
964,575,1
965,574,1
966,574,1
967,574,1
968,574,1
969,574,1
970,574,1
971,573,1
972,573,1
973,573,1
974,573,1
975,573,1
976,573,1
977,572,1
978,572,1
979,572,1
980,572,1
981,572,1
982,572,1
983,571,1
984,571,1
985,571,1
986,571,1
987,571,1
988,570,1
989,570,1
990,570,1
991,570,1
992,570,1
993,570,1
994,570,1
995,569,1
996,569,1
997,569,1
998,569,1
999,569,1
1000,569,1
1001,568,1
1002,568,1
1003,568,1
1004,568,1
1005,568,1
1006,568,1
1007,568,1
1008,567,1
1009,567,1
1010,567,1
1011,567,1
1012,567,1
1013,567,1
1014,566,1
1015,566,1
1016,566,1
1017,566,1
1018,566,1
1019,566,1
1020,566,1
1021,565,1
1022,565,1
1023,565,1
1024,565,1
1025,565,1
1026,565,1
1027,565,1
1028,564,1
1029,564,1
1030,564,1
1031,564,1
1032,564,1
1033,564,1
1034,564,1
1034,563,1
1035,563,1
1036,563,1
1037,563,1
1038,563,1
1039,563,1
1040,563,1
1041,562,1
1042,562,1
1043,562,1
1044,562,1
1045,562,1
1046,562,1
1047,562,1
1048,562,1
1049,561,1
1050,561,1
1051,561,1
1052,561,1
1053,561,1
1054,561,1
1055,561,1
1056,560,1
1057,560,1
1058,560,1
1059,560,1
1060,560,1
1061,560,1
1062,560,1
1063,559,1
1064,559,1
1065,559,1
1066,559,1
1067,559,1
1068,559,1
1069,559,1
1070,558,1
1071,558,1
1072,558,1
1073,558,1
1074,558,1
1075,558,1
1076,558,1
1077,558,1
1078,558,1
1079,557,1
1080,557,1
1081,557,1
1082,557,1
1083,557,1
1084,557,1
1085,557,1
1086,556,1
1087,556,1
1088,556,1
1089,556,1
1090,556,1
1091,556,1
1092,556,1
1093,556,1
1094,555,1
1095,555,1
1096,555,1
1097,555,1
1098,555,1
1099,555,1
1100,555,1
1101,555,1
1102,555,1
1103,554,1
1104,554,1
1105,554,1
1106,554,1
1107,554,1
1108,554,1
1109,554,1
1110,553,1
1111,553,1
1112,553,1
1113,553,1
1114,553,1
1115,553,1
1116,553,1
1117,553,1
1118,553,1
1119,553,1
1120,552,1
1121,552,1
1122,552,1
1123,552,1
1124,552,1
1125,552,1
1126,552,1
1127,552,1
1128,551,1
1129,551,1
1130,551,1
1131,551,1
1132,551,1
1133,551,1
1134,551,1
1135,551,1
1136,551,1
1137,550,1
1138,550,1
1139,550,1
1140,550,1
1141,550,1
1142,550,1
1143,550,1
1144,550,1
1145,550,1
1146,549,1
1147,549,1
1148,549,1
1149,549,1
1150,549,1
1151,549,1
1152,549,1
1153,549,1
1154,549,1
1155,548,1
1156,548,1
1157,548,1
1158,548,1
1159,548,1
1160,548,1
1161,548,1
1162,548,1
1163,547,1
1164,547,1
1165,547,1
1166,547,1
1167,547,1
1168,547,1
1169,547,1
1170,547,1
1171,547,1
1172,547,1
1173,546,1
1174,546,1
1175,546,1
1176,546,1
1177,546,1
1178,546,1
1179,546,1
1180,546,1
1181,546,1
1182,546,1
1183,546,1
1184,545,1
1185,545,1
1186,545,1
1187,545,1
1188,545,1
1189,545,1
1190,545,1
1191,545,1
1192,545,1
1193,545,1
1194,544,1
1195,544,1
1196,544,1
1197,544,1
1198,544,1
1199,544,1
1200,544,1
1201,544,1
1202,544,1
1203,543,1
1204,543,1
1205,543,1
1206,543,1
1207,543,1
1208,543,1
1209,543,1
1210,543,1
1211,543,1
1212,542,1
1213,542,1
1214,542,1
1215,542,1
1216,542,1
1217,542,1
1218,542,1
1219,542,1
1220,542,1
1221,542,1
1222,541,1
1223,541,1
1224,541,1
1225,541,1
1226,541,1
1227,541,1
1228,541,1
1229,541,1
1230,540,1
1231,540,1
1232,540,1
1233,540,1
1234,540,1
1235,540,1
1236,540,1
1237,540,1
1238,540,1
1239,539,1
1240,539,1
1241,539,1
1242,539,1
1243,539,1
1244,539,1
1245,539,1
1246,539,1
1247,538,1
1248,538,1
1249,538,1
1250,538,1
1251,538,1
1252,538,1
1253,538,1
1254,538,1
1255,537,1
1256,537,1
1257,537,1
1258,537,1
1259,537,1
1260,537,1
1261,537,1
1262,537,1
1263,537,1
1264,537,1
1265,536,1
1266,536,1
1267,536,1
1268,536,1
1269,536,1
1270,536,1
1271,536,1
1272,536,1
1273,536,1
1274,535,1
1275,535,1
1276,535,1
1277,535,1
1278,535,1
1279,535,1
1280,535,1
1281,535,1
1282,534,1
1283,534,1
1284,534,1
1285,534,1
1286,534,1
1287,534,1
1288,534,1
1289,534,1
1290,534,1
1291,534,1
1292,533,1
1293,533,1
1294,533,1
1295,533,1
1296,533,1
1297,533,1
1298,533,1
1299,533,1
1300,533,1
1301,532,1
1302,532,1
1303,532,1
1304,532,1
1305,532,1
1306,532,1
1307,532,1
1308,532,1
1309,532,1
1310,532,1
1311,531,1
1312,531,1
1313,531,1
1314,531,1
1315,531,1
1316,531,1
1317,531,1
1318,531,1
1319,531,1
1320,530,1
1321,530,1
1322,530,1
1323,530,1
1324,530,1
1325,530,1
1326,530,1
1327,530,1
1328,530,1
1329,529,1
1330,529,1
1331,529,1
1332,529,1
1333,529,1
1334,529,1
1335,529,1
1336,529,1
1337,529,1
1338,528,1
1339,528,1
1340,528,1
1341,528,1
1342,528,1
1343,528,1
1344,528,1
1345,528,1
1346,528,1
1347,528,1
1348,527,1
1349,527,1
1350,527,1
1351,527,1
1352,527,1
1353,527,1
1354,527,1
1355,527,1
1356,527,1
1357,526,1
1358,526,1
1359,526,1
1360,526,1
1361,526,1
1362,526,1
1363,526,1
1364,526,1
1365,526,1
1366,526,1
1367,525,1
1368,525,1
1369,525,1
1370,525,1
1371,525,1
1372,525,1
1373,525,1
1374,525,1
1375,525,1
1376,525,1
1377,525,1
1378,524,1
1379,524,1
1380,524,1
1381,524,1
1382,524,1
1383,524,1
1384,524,1
1385,524,1
1386,524,1
1387,524,1
1388,524,1
1389,523,1
1390,523,1
1391,523,1
1392,523,1
1393,523,1
1394,523,1
1395,523,1
1396,523,1
1397,523,1
1398,522,1
1399,522,1
1400,522,1
1401,522,1
1402,522,1
1403,522,1
1404,522,1
1405,522,1
1406,522,1
1407,522,1
1408,521,1
1409,521,1
1410,521,1
1411,521,1
1412,521,1
1413,521,1
1414,521,1
1415,521,1
1416,521,1
1417,520,1
1418,520,1
1419,520,1
1420,520,1
1421,520,1
1422,520,1
1423,520,1
1424,520,1
1425,520,1
1426,520,1
1427,520,1
1428,519,1
1429,519,1
1430,519,1
1431,519,1
1432,519,1
1433,519,1
1434,519,1
1435,519,1
1436,519,1
1437,518,1
1438,518,1
1439,518,1
1440,518,1
1441,518,1
1442,518,1
1443,518,1
1444,518,1
1445,518,1
1446,518,1
1447,517,1
1448,517,1
1449,517,1
1450,517,1
1451,517,1
1452,517,1
1453,517,1
1454,517,1
1455,517,1
1456,517,1
1457,517,1
1458,516,1
1459,516,1
1460,516,1
1461,516,1
1462,516,1
1463,516,1
1464,516,1
1465,516,1
1466,516,1
1467,516,1
1468,515,1
1469,515,1
1470,515,1
1471,515,1
1472,515,1
1473,515,1
1474,515,1
1475,515,1
1476,515,1
1477,514,1
1478,514,1
1479,514,1
1480,514,1
1481,514,1
1482,514,1
1483,514,1
1484,514,1
1485,514,1
1486,513,1
1487,513,1
1488,513,1
1489,513,1
1490,513,1
1491,513,1
1492,513,1
1493,513,1
1494,513,1
1495,513,1
1496,512,1
1497,512,1
1498,512,1
1499,512,1
1500,512,1
1501,512,1
1502,512,1
1503,511,1
1504,511,1
1505,511,1
1506,511,1
1507,511,1
1508,511,1
1509,511,1
1510,511,1
1511,510,1
1512,510,1
1513,510,1
1514,510,1
1515,510,1
1516,510,1
1517,510,1
1518,510,1
1519,509,1
1520,509,1
1521,509,1
1522,509,1
1523,509,1
1524,509,1
1525,509,1
1526,509,1
1527,509,1
1528,508,1
1529,508,1
1530,508,1
1531,508,1
1532,508,1
1533,508,1
1534,508,1
1535,508,1
1536,508,1
1537,507,1
1538,507,1
1539,507,1
1540,507,1
1541,507,1
1542,507,1
1543,507,1
1544,507,1
1545,506,1
1546,506,1
1547,506,1
1548,506,1
1549,506,1
1550,506,1
1551,506,1
1552,506,1
1553,505,1
1554,505,1
1555,505,1
1556,505,1
1557,505,1
1558,505,1
1559,505,1
1560,505,1
1561,505,1
1562,504,1
1563,504,1
1564,504,1
1565,504,1
1566,504,1
1567,504,1
1568,504,1
1569,504,1
1570,504,1
1571,503,1
1572,503,1
1573,503,1
1574,503,1
1575,503,1
1576,503,1
1577,503,1
1578,503,1
1579,503,1
1580,503,1
1581,502,1
1582,502,1
1583,502,1
1584,502,1
1585,502,1
1586,502,1
1587,502,1
1588,502,1
1589,501,1
1590,501,1
1591,501,1
1592,501,1
1593,501,1
1594,501,1
1595,501,1
1596,501,1
1597,500,1
1598,500,1
1599,500,1
1600,500,1
1601,500,1
1602,500,1
1603,500,1
1604,500,1
1605,500,1
1606,500,1
1607,499,1
1608,499,1
1609,499,1
1610,499,1
1611,499,1
1612,499,1
1613,499,1
1614,499,1
1615,499,1
1616,498,1
1617,498,1
1618,498,1
1619,498,1
1620,498,1
1621,498,1
1622,498,1
1623,498,1
1624,497,1
1625,497,1
1626,497,1
1627,497,1
1628,497,1
1629,497,1
1630,497,1
1631,497,1
1632,497,1
1633,497,1
1634,496,1
1635,496,1
1636,496,1
1637,496,1
1638,496,1
1639,496,1
1640,496,1
1641,496,1
1642,496,1
1643,496,1
1644,495,1
1645,495,1
1646,495,1
1647,495,1
1648,495,1
1649,495,1
1650,495,1
1651,495,1
1652,495,1
1653,495,1
1654,494,1
1655,494,1
1656,494,1
1657,494,1
1658,494,1
1659,494,1
1660,494,1
1661,494,1
1662,494,1
1663,493,1
1664,493,1
1665,493,1
1666,493,1
1667,493,1
1668,493,1
1669,493,1
1670,493,1
1671,492,1
1672,492,1
1673,492,1
1674,492,1
1675,492,1
1676,492,1
1677,492,1
1678,492,1
1679,492,1
1680,492,1
1681,491,1
1682,491,1
1683,491,1
1684,491,1
1685,491,1
1686,491,1
1687,491,1
1688,491,1
1689,490,1
1690,490,1
1691,490,1
1692,490,1
1693,490,1
1694,490,1
1695,490,1
1696,489,1
1697,489,1
1698,489,1
1699,489,1
1700,489,1
1701,489,1
1702,489,1
1703,489,1
1704,488,1
1705,488,1
1706,488,1
1707,488,1
1708,488,1
1709,488,1
1710,488,1
1711,487,1
1712,487,1
1713,487,1
1714,487,1
1715,487,1
1716,487,1
1717,487,1
1718,487,1
1719,487,1
1720,487,1
1721,486,1
1722,486,1
1723,486,1
1724,486,1
1725,486,1
1726,486,1
1727,486,1
1728,485,1
1729,485,1
1730,485,1
1731,485,1
1732,485,1
1733,485,1
1734,485,1
1735,485,1
1736,484,1
1737,484,1
1738,484,1
1739,484,1
1740,484,1
1741,484,1
1742,484,1
1743,484,1
1744,484,1
1745,483,1
1746,483,1
1747,483,1
1748,483,1
1749,483,1
1750,483,1
1751,483,1
1752,483,1
1753,483,1
1754,483,1
1755,482,1
1756,482,1
1757,482,1
1758,482,1
1759,482,1
1760,482,1
1761,482,1
1762,482,1
1763,482,1
1764,482,1
1765,481,1
1766,481,1
1767,481,1
1768,481,1
1769,481,1
1770,481,1
1771,481,1
1772,481,1
1773,481,1
1774,481,1
1775,481,1
1776,481,1
1777,481,1
1778,481,1
1779,481,1
1780,481,1
1781,481,1
1782,480,1
1783,480,1
1784,480,1
1785,480,1
1786,480,1
1787,480,1
1788,480,1
1789,480,1
1790,480,1
1791,480,1
1792,480,1
1792,481,1
1791,481,1
1790,482,1
1789,482,1
1788,482,1
1788,483,1
1787,483,1
1787,484,1
1785,484,0
