175,230,1
167,279,1
167,280,1
166,281,1
166,282,1
166,283,1
165,284,1
165,285,1
165,286,1
165,287,1
165,288,1
164,288,1
164,289,1
164,290,1
164,291,1
164,292,1
163,293,1
163,294,1
163,295,1
163,296,1
162,297,1
162,298,1
161,299,1
161,300,1
161,301,1
161,302,1
160,302,1
160,303,1
160,304,1
159,305,1
159,306,1
159,307,1
158,308,1
158,309,1
158,310,1
157,311,1
157,312,1
156,313,1
156,314,1
156,315,1
155,316,1
155,317,1
155,318,1
154,318,1
154,319,1
154,320,1
153,321,1
152,322,1
152,323,1
152,324,1
151,325,1
150,326,1
150,327,1
149,327,1
149,328,1
149,329,1
148,329,1
148,330,1
147,330,1
146,330,1
145,331,1
144,331,1
144,330,1
143,330,1
142,330,1
142,329,1
141,328,1
141,327,1
140,326,1
140,325,1
140,324,1
140,323,1
140,322,1
139,321,1
142,271,1
143,270,1
143,269,1
143,268,1
144,267,1
144,266,1
144,265,1
145,264,1
145,263,1
145,262,1
146,261,1
146,260,1
146,259,1
147,258,1
147,257,1
147,256,1
148,255,1
148,254,1
149,253,1
149,252,1
149,251,1
150,250,1
150,249,1
150,248,1
151,247,1
151,246,1
151,245,1
152,245,1
152,244,1
152,243,1
153,242,1
153,241,1
154,240,1
154,239,1
154,238,1
155,237,1
155,236,1
156,235,1
156,234,1
157,233,1
157,232,1
158,231,1
158,230,1
159,229,1
159,228,1
160,227,1
160,226,1
161,225,1
161,224,1
161,223,1
162,222,1
162,221,1
163,221,1
163,220,1
164,219,1
164,218,1
164,217,1
165,217,1
165,216,1
166,215,1
166,214,1
167,213,1
167,212,1
168,212,1
168,211,1
169,210,1
169,209,1
170,208,1
170,207,1
171,207,1
171,206,1
172,205,1
172,204,1
173,203,1
173,202,1
174,202,1
174,201,1
175,200,1
175,199,1
176,198,1
177,197,1
177,196,1
178,195,1
179,194,1
180,193,1
180,192,1
181,191,1
182,190,1
182,189,1
183,188,1
184,187,1
185,186,1
185,185,1
186,185,1
186,184,1
187,183,1
188,182,1
189,181,1
190,180,1
191,179,1
192,178,1
193,177,1
194,176,1
195,176,1
195,175,1
196,175,1
197,174,1
197,173,1
198,173,1
199,172,1
200,172,1
200,171,1
201,171,1
202,170,1
203,170,1
203,169,1
204,169,1
205,168,1
206,168,1
207,167,1
208,166,1
209,166,1
210,166,1
211,165,1
212,165,1
213,164,1
214,164,1
215,164,1
216,164,1
217,164,1
217,163,1
218,163,1
219,163,1
220,163,1
221,163,1
222,163,1
223,163,1
224,163,1
225,163,1
226,163,1
227,164,1
228,164,1
229,164,1
230,164,1
231,165,1
232,165,1
233,166,1
234,166,1
234,167,1
235,167,1
236,167,1
237,168,1
237,169,1
238,169,1
239,170,1
239,171,1
240,171,1
240,172,1
241,173,1
242,174,1
243,175,1
243,176,1
244,177,1
244,178,1
245,179,1
246,180,1
246,181,1
247,182,1
247,183,1
248,184,1
248,185,1
249,186,1
249,187,1
249,188,1
250,189,1
250,190,1
250,191,1
250,192,1
250,193,1
251,193,1
251,194,1
251,195,1
251,196,1
251,197,1
252,198,1
252,199,1
252,200,1
252,201,1
253,202,1
253,203,1
253,204,1
253,205,1
254,206,1
254,207,1
254,208,1
254,209,1
254,210,1
254,211,1
255,212,1
255,213,1
255,214,1
255,215,1
255,216,1
255,217,1
255,218,1
255,219,1
255,220,1
255,221,1
255,222,1
255,223,1
255,224,1
255,225,1
256,226,1
256,227,1
256,228,1
256,229,1
256,230,1
256,231,1
256,232,1
256,233,1
256,234,1
256,235,1
256,236,1
256,237,1
256,238,1
256,239,1
256,240,1
255,240,1
255,241,1
254,242,1
253,242,1
253,243,1
252,243,1
251,243,1
250,244,1
249,244,1
248,244,1
247,244,1
246,244,1
245,244,1
244,244,1
243,244,1
242,244,1
241,244,1
240,244,1
239,244,1
238,244,1
237,244,1
236,244,1
235,244,1
234,245,1
233,245,1
232,245,1
231,245,1
231,246,1
230,246,1
229,247,1
228,247,1
227,248,1
226,249,1
225,250,1
224,251,1
224,252,1
223,253,1
223,254,1
223,255,1
223,256,1
223,257,1
223,258,1
224,258,1
224,259,1
224,260,1
225,261,1
226,262,1
227,263,1
228,264,1
229,265,1
230,265,1
230,266,1
231,267,1
232,267,1
233,267,1
233,268,1
234,268,1
235,269,1
236,269,1
237,270,1
238,271,1
238,272,1
237,272,1
237,273,1
236,273,1
235,273,1
235,274,1
234,274,1
233,274,1
232,274,1
231,274,1
231,275,1
230,275,1
229,275,1
228,275,1
227,276,1
226,276,1
225,277,1
224,277,1
223,277,1
222,278,1
221,278,1
221,279,1
220,279,1
219,280,1
218,280,1
217,281,1
216,282,1
215,283,1
214,283,1
214,284,1
213,285,1
212,285,1
211,286,1
210,287,1
210,288,1
209,289,1
208,290,1
207,291,1
207,292,1
206,293,1
206,294,1
205,295,1
205,296,1
205,297,1
204,298,1
204,299,1
203,300,1
203,301,1
203,302,1
203,303,1
203,304,1
203,305,1
203,306,1
203,307,1
204,308,1
204,309,1
204,310,1
204,311,1
205,312,1
206,313,1
206,314,1
206,315,1
207,315,1
207,316,1
208,316,1
208,317,1
209,318,1
210,318,1
210,319,1
211,319,1
212,320,1
213,320,1
213,321,1
214,321,1
215,322,1
216,322,1
217,323,1
218,323,1
219,324,1
220,324,1
221,325,1
222,325,1
223,325,1
224,326,1
225,326,1
226,326,1
227,326,1
228,326,1
229,326,1
230,326,1
231,327,1
232,327,1
233,327,1
234,327,1
235,327,1
236,327,1
237,327,1
238,328,1
239,328,1
240,328,1
241,328,1
242,328,1
243,328,1
244,328,1
245,328,1
246,328,1
247,328,1
248,328,1
249,328,1
250,328,1
251,328,1
252,328,1
253,328,1
254,328,1
255,328,1
256,328,1
257,328,1
258,328,1
259,328,1
260,327,1
261,327,1
262,327,1
263,327,1
264,326,1
265,326,1
271,304,0
278,279,1
279,280,1
279,281,1
279,282,1
279,283,1
279,284,1
279,285,1
279,286,1
279,287,1
279,288,1
278,288,1
278,289,1
278,290,1
277,291,1
276,292,1
276,293,1
275,293,1
275,294,1
274,294,1
274,295,1
273,296,1
272,297,1
271,297,1
270,298,1
269,298,1
269,299,1
268,299,1
267,299,1
266,299,1
265,300,1
264,300,1
263,300,1
262,300,1
261,300,1
260,300,1
259,300,1
258,300,1
257,300,1
256,299,1
255,299,1
254,299,1
253,298,1
252,297,1
252,296,1
251,296,1
251,295,1
251,294,1
252,293,1
302,279,0
353,261,1
353,262,1
353,263,1
352,264,1
352,265,1
352,266,1
351,267,1
351,268,1
351,269,1
351,270,1
350,271,1
350,272,1
350,273,1
350,274,1
349,274,1
349,275,1
349,276,1
348,277,1
348,278,1
347,279,1
347,280,1
346,281,1
346,282,1
345,282,1
345,283,1
345,284,1
344,285,1
343,286,1
343,287,1
342,288,1
341,289,1
341,290,1
340,291,1
339,292,1
338,293,1
337,294,1
337,295,1
336,295,1
336,296,1
335,296,1
334,297,1
334,298,1
333,298,1
332,299,1
331,299,1
330,300,1
329,301,1
328,301,1
327,301,1
326,302,1
325,302,1
324,302,1
323,302,1
322,302,1
321,302,1
320,302,1
319,302,1
318,302,1
318,301,1
317,301,1
316,300,1
315,299,1
315,298,1
315,297,1
315,296,1
315,295,1
315,294,1
315,293,1
316,293,1
316,292,1
317,291,1
318,290,1
319,289,1
320,289,1
321,288,1
322,288,1
323,288,1
324,288,1
325,287,1
326,287,1
327,287,1
328,287,1
329,287,1
330,287,1
331,287,1
332,287,1
333,287,1
334,287,1
335,287,1
336,287,1
337,287,1
338,288,1
339,288,1
340,288,1
341,288,1
342,288,1
343,288,1
344,288,1
345,288,1
346,288,1
347,288,1
348,288,1
349,288,1
350,289,1
351,289,1
352,289,1
353,289,1
354,289,1
355,289,1
356,289,1
357,289,1
358,290,1
359,290,1
360,290,1
361,290,1
362,290,1
363,290,1
364,290,1
365,289,1
366,289,1
367,289,1
368,289,1
369,289,1
370,288,1
371,288,1
372,288,1
373,288,1
374,288,1
374,287,1
375,287,1
376,286,1
377,286,1
378,286,1
378,285,1
379,285,1
380,284,1
381,283,1
382,282,1
383,281,1
384,280,1
385,279,1
385,278,1
386,278,1
386,277,1
387,276,1
387,275,1
388,274,1
389,273,1
389,272,1
389,271,1
390,270,1
390,269,1
391,269,1
391,268,1
391,267,1
392,266,1
392,265,1
392,264,1
393,264,1
393,263,1
393,262,1
393,261,1
394,261,1
394,260,1
394,259,1
394,258,1
395,258,1
395,257,1
395,256,1
396,256,1
396,255,1
397,255,1
397,256,1
397,257,1
397,258,1
396,259,1
396,260,1
396,261,1
396,262,1
396,263,1
395,264,1
395,265,1
395,266,1
395,267,1
394,268,1
394,269,1
394,270,1
394,271,1
394,272,1
393,273,1
393,274,1
393,275,1
393,276,1
393,277,1
393,278,1
393,279,1
393,280,1
393,281,1
393,282,1
393,283,1
393,284,1
393,285,1
393,286,1
393,287,1
393,288,1
393,289,1
392,290,1
392,291,1
392,292,1
392,293,1
392,294,1
392,295,1
392,296,1
392,297,1
392,298,1
392,299,1
392,300,1
392,301,1
392,302,1
392,303,1
392,304,1
392,305,1
392,306,1
392,307,1
393,308,1
393,308,0
454,248,0
412,326,0
415,260,1
415,261,1
414,262,1
414,263,1
414,264,1
413,264,1
413,265,1
413,266,1
413,267,1
413,268,1
412,269,1
412,270,1
412,271,1
412,272,1
412,273,1
411,274,1
411,275,1
411,276,1
410,277,1
410,278,1
410,279,1
409,280,1
409,281,1
409,282,1
409,283,1
408,284,1
408,285,1
408,286,1
408,287,1
408,288,1
407,288,1
407,289,1
407,290,1
407,291,1
407,292,1
407,293,1
406,294,1
406,295,1
406,296,1
406,297,1
406,298,1
405,298,1
405,299,1
405,300,1
404,301,1
404,302,1
404,303,1
403,304,1
403,305,1
403,306,1
403,307,1
402,307,1
402,308,1
402,309,1
402,310,1
402,311,1
402,312,1
401,312,1
401,313,1
401,314,1
401,315,1
400,316,1
400,317,1
399,318,1
399,319,1
399,320,1
399,321,1
398,321,1
398,322,1
398,323,1
398,324,1
398,325,1
397,326,1
397,327,1
397,328,1
396,328,1
438,304,0
479,279,1
478,280,1
478,281,1
477,282,1
477,283,1
476,283,1
475,284,1
475,285,1
474,286,1
473,287,1
472,288,1
471,289,1
470,290,1
469,290,1
469,291,1
468,291,1
467,292,1
466,292,1
465,293,1
464,293,1
464,294,1
463,294,1
462,294,1
461,295,1
460,295,1
459,295,1
458,296,1
457,296,1
456,296,1
455,296,1
454,296,1
453,295,1
452,295,1
451,295,1
450,294,1
449,294,1
449,293,1
448,293,1
448,292,1
447,292,1
447,291,1
447,290,1
447,289,1
447,288,1
448,287,1
448,286,1
449,286,1
449,285,1
450,285,1
451,284,1
452,284,1
453,283,1
454,283,1
455,283,1
456,283,1
457,283,1
458,283,1
459,283,1
460,283,1
461,284,1
462,284,1
463,284,1
464,284,1
464,285,1
465,285,1
466,285,1
467,286,1
468,286,1
468,287,1
469,287,1
470,287,1
471,288,1
472,289,1
473,289,1
474,290,1
475,291,1
476,292,1
477,292,1
477,293,1
478,293,1
479,294,1
479,295,1
480,295,1
481,296,1
481,297,1
482,297,1
483,298,1
483,299,1
484,299,1
485,300,1
485,301,1
486,301,1
486,302,1
487,303,1
488,304,1
489,305,1
490,306,1
491,307,1
491,308,1
492,308,1
492,309,1
493,309,1
493,310,1
494,310,1
494,311,1
495,311,1
496,310,1
472,276,0
450,243,1
450,242,1
450,241,1
450,240,1
451,240,1
451,239,1
452,238,1
453,237,1
453,236,1
454,236,1
455,235,1
456,235,1
456,234,1
457,234,1
458,234,1
459,233,1
460,233,1
461,232,1
462,232,1
463,232,1
464,232,1
465,231,1
466,231,1
467,232,1
468,232,1
469,232,1
470,232,1
471,233,1
472,233,1
472,234,1
473,234,1
474,234,1
475,235,1
476,236,1
477,236,1
477,237,1
478,237,1
478,238,1
479,238,1
479,239,1
480,239,1
480,240,1
481,241,1
481,242,1
482,242,1
482,243,1
482,244,1
483,245,1
483,246,1
484,247,1
484,248,1
484,249,1
484,250,1
485,251,1
485,252,1
485,253,1
485,254,1
485,255,1
485,256,1
485,257,1
485,258,1
485,259,1
485,260,1
485,261,1
485,262,1
484,263,1
484,264,1
484,265,1
484,266,1
484,267,1
483,268,1
483,269,1
483,270,1
482,271,1
482,272,1
482,273,1
481,273,1
481,274,1
481,275,1
480,276,1
479,277,1
478,278,1
478,279,1
477,279,1
477,280,1
476,280,1
497,269,0
517,256,1
517,257,1
517,258,1
517,259,1
517,260,1
517,261,1
516,262,1
516,263,1
516,264,1
516,265,1
515,266,1
515,267,1
515,268,1
515,269,1
514,269,1
514,270,1
514,271,1
514,272,1
513,273,1
513,274,1
513,275,1
513,276,1
512,277,1
512,278,1
512,279,1
511,280,1
511,281,1
511,282,1
511,283,1
510,283,1
510,284,1
510,285,1
509,286,1
509,287,1
509,288,1
508,288,1
508,289,1
508,290,1
508,291,1
507,292,1
507,293,1
506,294,1
506,295,1
506,296,1
505,297,1
505,298,1
504,298,1
504,299,1
503,300,1
503,301,1
503,302,1
502,302,1
502,303,1
501,304,1
501,305,1
500,306,1
500,307,1
499,308,1
499,309,1
498,310,1
498,311,1
497,312,1
496,313,1
496,314,1
495,315,1
494,316,1
493,317,1
493,318,1
492,318,1
492,319,1
491,320,1
490,321,1
489,322,1
488,323,1
487,324,1
486,325,1
485,325,1
485,326,1
484,326,1
483,327,1
482,328,1
481,328,1
480,329,1
479,329,1
479,330,1
478,330,1
477,330,1
476,331,1
475,331,1
474,331,1
473,331,1
472,331,1
471,331,1
470,330,1
469,330,1
468,329,1
468,328,1
468,327,1
468,326,1
468,325,1
469,325,1
469,324,1
470,324,1
470,323,1
471,323,1
472,322,1
473,322,1
474,322,1
474,321,1
475,321,1
476,321,1
477,321,1
478,321,1
479,321,1
480,322,1
481,322,1
482,322,1
483,322,1
484,323,1
485,323,1
486,323,1
487,324,1
488,324,1
489,325,1
490,325,1
491,325,1
492,326,1
493,326,1
494,326,1
495,327,1
496,327,1
497,328,1
498,328,1
499,329,1
500,329,1
501,330,1
502,330,1
503,331,1
504,331,1
504,332,1
505,332,1
506,332,1
507,333,1
508,333,1
509,334,1
510,334,1
511,335,1
512,335,1
513,336,1
514,336,1
515,336,1
516,337,1
517,337,1
518,338,1
519,338,1
520,339,1
521,339,1
522,339,1
522,340,1
523,340,1
524,340,1
525,341,1
526,341,1
527,341,1
528,342,1
529,342,1
530,342,1
531,343,1
532,344,1
533,344,1
534,344,1
535,344,1
536,345,1
537,345,1
538,345,1
539,346,1
540,346,1
541,346,1
542,347,1
543,347,1
544,347,1
545,347,1
545,348,1
546,348,1
547,348,1
548,348,1
549,349,1
550,349,1
551,349,1
552,349,1
553,349,1
554,349,1
555,349,1
556,349,1
557,349,1
558,349,1
559,348,1
560,348,1
560,347,1
560,346,1
560,345,1
373,281,0
182,215,1
183,215,1
184,215,1
185,216,1
186,216,1
187,216,1
188,216,1
189,216,1
190,216,1
191,216,1
192,216,1
193,216,1
194,216,1
195,216,1
196,216,1
197,216,1
198,216,1
199,216,1
200,216,1
201,216,1
202,216,1
203,216,1
204,216,1
205,216,1
206,216,1
207,216,1
208,216,1
209,216,1
210,216,1
211,216,1
212,216,1
213,216,1
214,216,1
215,216,1
216,216,1
217,216,1
218,216,1
219,216,1
220,216,1
221,216,1
222,216,1
223,217,1
224,217,1
225,217,1
226,217,1
227,217,1
228,217,1
229,217,1
230,217,1
231,217,1
232,217,1
233,217,1
234,217,1
235,217,1
236,217,1
237,217,1
238,217,1
239,217,1
240,217,1
241,217,1
242,217,1
243,217,1
244,217,1
245,217,1
246,217,1
247,217,1
248,217,1
249,217,1
250,217,1
251,217,1
252,217,1
253,217,1
254,217,1
255,217,1
256,217,1
257,217,1
258,217,1
259,217,1
260,217,1
261,218,1
262,218,1
263,218,1
264,218,1
265,218,1
266,218,1
267,218,1
268,218,1
269,218,1
270,218,1
271,218,1
272,218,1
273,218,1
274,218,1
275,218,1
276,219,1
277,219,1
278,219,1
279,219,1
280,219,1
281,219,1
282,219,1
283,219,1
284,219,1
285,219,1
286,219,1
287,219,1
288,219,1
289,219,1
290,219,1
291,219,1
292,219,1
293,219,1
294,220,1
295,220,1
296,220,1
297,220,1
298,220,1
299,220,1
300,220,1
301,220,1
302,220,1
303,220,1
304,220,1
305,220,1
306,220,1
307,220,1
308,220,1
309,220,1
310,220,1
311,220,1
312,220,1
313,220,1
314,220,1
315,220,1
316,220,1
317,220,1
318,220,1
319,220,1
320,220,1
321,220,1
322,220,1
323,221,1
324,221,1
325,221,1
326,221,1
327,221,1
328,221,1
329,221,1
330,221,1
331,221,1
332,221,1
333,221,1
334,221,1
335,221,1
336,221,1
337,221,1
338,221,1
339,221,1
340,221,1
341,221,1
342,221,1
343,221,1
344,221,1
345,221,1
346,221,1
347,221,1
348,221,1
349,221,1
350,221,1
351,221,1
352,221,1
353,221,1
354,221,1
355,221,1
356,221,1
357,221,1
358,221,1
359,221,1
360,221,1
361,221,1
362,221,1
363,221,1
364,221,1
365,221,1
366,221,1
367,221,1
368,221,1
369,221,1
370,221,1
371,221,1
372,221,1
373,221,1
374,221,1
375,221,1
376,221,1
377,221,1
378,221,1
379,222,1
380,222,1
381,222,1
382,222,1
383,222,1
384,222,1
385,222,1
386,222,1
387,222,1
388,222,1
389,222,1
390,222,1
391,222,1
392,222,1
393,222,1
394,222,1
395,222,1
396,222,1
397,222,1
398,222,1
399,222,1
400,222,1
401,222,1
402,222,1
402,223,1
403,223,1
404,223,1
405,223,1
406,223,1
407,223,1
408,223,1
409,223,1
410,223,1
411,223,1
412,223,1
413,223,1
414,223,1
415,223,1
416,223,1
417,223,1
418,223,1
419,223,1
420,223,1
421,223,1
422,223,1
423,223,1
424,223,1
425,223,1
426,224,1
427,224,1
428,224,1
429,224,1
430,224,1
431,224,1
432,224,1
433,224,1
434,224,1
435,224,1
436,224,1
437,224,1
438,224,1
439,224,1
440,224,1
441,224,1
442,224,1
443,224,1
444,224,1
445,224,1
446,225,1
447,225,1
448,225,1
449,225,1
450,225,1
451,225,1
452,225,1
453,225,1
454,225,1
455,225,1
456,225,1
457,225,1
458,225,1
459,225,1
460,225,1
461,225,1
462,225,1
463,225,1
464,225,1
465,225,1
466,226,1
467,226,1
468,226,1
469,226,1
470,226,1
471,226,1
472,226,1
473,226,1
474,226,1
475,226,1
476,226,1
477,226,1
478,226,1
479,226,1
480,226,1
481,226,1
482,226,1
483,226,1
484,226,1
485,226,1
486,226,1
487,226,1
488,226,1
489,226,1
490,226,1
491,226,1
492,227,1
493,227,1
494,227,1
495,227,1
496,227,1
497,227,1
498,227,1
499,227,1
500,227,1
501,228,1
502,228,1
503,228,1
504,228,1
505,228,1
506,228,1
507,228,1
508,228,1
509,228,1
510,228,1
511,228,1
512,229,1
513,229,1
514,229,1
515,229,1
516,229,1
517,229,1
518,229,1
519,229,1
520,229,1
521,229,1
522,229,1
523,229,1
524,230,1
525,230,1
526,230,1
527,230,1
528,230,1
529,230,1
530,230,1
531,230,1
532,230,1
533,230,1
534,230,1
535,230,1
536,230,1
536,231,1
537,231,1
538,231,1
539,231,1
540,231,1
541,231,1
542,231,1
543,231,1
544,231,1
545,231,1
546,231,1
547,231,1
548,231,1
549,231,1
550,231,1
551,231,1
552,231,1
553,231,1
554,231,1
555,232,1
556,232,1
557,232,1
558,232,1
559,232,1
560,232,1
561,232,1
562,232,1
563,232,1
564,233,1
565,233,1
566,233,1
567,233,1
568,233,1
569,233,1
570,233,1
571,233,1
572,234,1
573,234,1
574,234,1
575,234,1
576,234,1
577,234,1
578,234,1
579,234,1
580,235,1
581,235,1
582,235,1
489,221,0
395,207,1
396,207,1
397,207,1
397,208,1
398,208,1
399,209,1
400,210,1
401,210,1
402,210,1
402,211,1
403,211,1
404,211,1
405,212,1
406,212,1
407,212,1
408,212,1
409,213,1
410,213,1
411,213,1
412,213,1
413,214,1
414,214,1
415,214,1
416,214,1
417,214,1
417,215,1
418,215,1
419,215,1
420,215,1
421,215,1
422,215,1
423,215,1
424,215,1
425,215,1
426,215,1
427,215,1
428,215,1
429,215,1
430,215,1
431,215,1
432,215,1
433,215,1
434,214,1
435,214,1
436,214,1
437,214,1
438,213,1
439,213,1
440,213,1
441,213,1
442,212,1
443,212,1
444,212,1
445,212,1
446,211,1
447,211,1
448,211,1
449,211,1
450,210,1
451,210,1
452,209,1
453,209,1
454,209,1
455,208,1
456,208,1
457,207,1
458,207,1
459,206,1
460,206,1
461,206,1
461,205,1
462,205,1
463,204,1
464,204,1
464,203,1
465,203,1
466,203,1
467,202,1
468,201,1
469,201,1
470,200,1
471,200,1
472,199,1
473,198,1
474,197,1
475,197,1
475,196,1
476,195,1
477,195,1
477,195,0
485,239,0
