129,240,1
135,290,1
135,291,1
135,292,1
135,293,1
135,294,1
135,295,1
135,296,1
135,297,1
135,298,1
135,299,1
135,300,1
135,301,1
135,302,1
135,303,1
135,304,1
135,305,1
135,306,1
135,307,1
135,308,1
135,309,1
135,310,1
135,311,1
135,312,1
135,313,1
135,314,1
135,315,1
135,316,1
135,317,1
135,318,1
135,319,1
135,320,1
135,321,1
135,322,1
135,323,1
135,324,1
135,325,1
135,326,1
135,327,1
135,328,1
135,329,1
135,330,1
135,331,1
135,332,1
135,333,1
135,334,1
135,335,1
135,336,1
135,337,1
135,338,1
135,339,1
135,340,1
134,341,1
134,342,1
134,343,1
134,344,1
134,345,1
134,346,1
134,347,1
134,348,1
133,349,1
133,350,1
133,351,1
133,352,1
133,353,1
133,354,1
132,355,1
132,356,1
132,357,1
132,358,1
132,359,1
131,360,1
131,361,1
131,362,1
131,363,1
131,364,1
131,365,1
130,365,1
130,366,1
130,367,1
130,368,1
130,369,1
129,370,1
129,371,1
129,372,1
129,373,1
128,373,1
128,374,1
128,375,1
128,376,1
128,377,1
127,378,1
127,379,1
127,380,1
127,381,1
126,382,1
126,383,1
126,384,1
126,385,1
125,386,1
125,387,1
125,388,1
124,388,1
124,389,1
124,390,1
123,391,1
123,392,1
122,393,1
122,394,1
121,395,1
121,396,1
120,397,1
119,398,1
119,399,1
118,399,1
117,400,1
116,400,1
115,400,1
114,399,1
113,399,1
113,398,1
112,397,1
112,396,1
112,395,1
112,394,1
111,393,1
111,392,1
111,391,1
111,390,1
111,389,1
111,388,1
110,387,1
110,386,1
110,385,1
110,384,1
110,383,1
110,382,1
110,381,1
109,380,1
109,379,1
109,378,1
109,377,1
109,376,1
109,375,1
109,374,1
109,373,1
109,372,1
109,371,1
109,370,1
109,369,1
109,368,1
109,367,1
109,366,1
109,365,1
109,364,1
109,363,1
109,362,1
109,361,1
109,360,1
109,359,1
109,358,1
109,357,1
109,356,1
109,355,1
109,354,1
109,353,1
109,352,1
109,351,1
109,350,1
109,349,1
109,348,1
109,347,1
110,346,1
110,345,1
110,344,1
110,343,1
110,342,1
110,341,1
110,340,1
110,339,1
110,338,1
111,337,1
111,336,1
111,335,1
111,334,1
111,333,1
111,332,1
111,331,1
112,330,1
112,329,1
112,328,1
112,327,1
112,326,1
112,325,1
112,324,1
112,323,1
112,322,1
112,321,1
112,320,1
112,319,1
113,318,1
113,317,1
113,316,1
113,315,1
113,314,1
113,313,1
113,312,1
114,312,1
114,311,1
114,310,1
114,309,1
114,308,1
114,307,1
114,306,1
115,305,1
115,304,1
115,303,1
115,302,1
115,301,1
115,300,1
116,299,1
116,298,1
116,297,1
116,296,1
116,295,1
117,294,1
117,293,1
117,292,1
117,291,1
117,290,1
118,289,1
118,288,1
118,287,1
118,286,1
119,285,1
119,284,1
119,283,1
119,282,1
119,281,1
120,280,1
120,279,1
120,278,1
120,277,1
121,276,1
121,275,1
121,274,1
121,273,1
122,273,1
122,272,1
122,271,1
123,270,1
123,269,1
124,268,1
124,267,1
124,266,1
125,265,1
125,264,1
125,263,1
126,262,1
126,261,1
126,260,1
127,259,1
127,258,1
128,257,1
128,256,1
128,255,1
129,254,1
129,253,1
130,252,1
130,251,1
130,250,1
131,250,1
131,249,1
132,248,1
132,247,1
133,246,1
133,245,1
133,244,1
134,243,1
134,242,1
135,242,1
135,241,1
136,240,1
136,239,1
136,238,1
137,237,1
137,236,1
138,235,1
139,234,1
139,233,1
140,232,1
140,231,1
141,230,1
141,229,1
142,228,1
142,227,1
143,227,1
143,226,1
144,225,1
144,224,1
145,223,1
145,222,1
146,221,1
147,220,1
148,219,1
148,218,1
149,217,1
149,216,1
150,216,1
151,215,1
151,214,1
152,213,1
153,212,1
154,211,1
154,210,1
155,209,1
156,209,1
156,208,1
157,207,1
158,206,1
159,205,1
160,204,1
161,203,1
162,203,1
162,202,1
163,201,1
164,201,1
165,200,1
165,199,1
166,199,1
167,198,1
168,198,1
168,197,1
169,197,1
170,196,1
171,196,1
172,195,1
173,195,1
173,194,1
174,194,1
175,194,1
176,193,1
177,193,1
178,192,1
179,192,1
180,192,1
181,191,1
182,190,1
183,190,1
184,190,1
185,189,1
186,189,1
187,189,1
188,189,1
189,188,1
190,188,1
191,188,1
192,188,1
193,188,1
194,188,1
195,188,1
196,187,1
197,187,1
198,187,1
199,187,1
200,187,1
201,187,1
202,187,1
203,187,1
204,187,1
205,187,1
206,187,1
207,187,1
208,187,1
209,187,1
210,187,1
211,187,1
211,188,1
212,188,1
213,188,1
214,188,1
215,188,1
216,188,1
216,189,1
217,189,1
218,189,1
219,190,1
220,190,1
221,190,1
221,191,1
222,191,1
223,192,1
224,192,1
224,193,1
225,193,1
226,194,1
227,194,1
228,195,1
228,196,1
229,196,1
230,197,1
231,198,1
232,199,1
233,200,1
234,200,1
235,201,1
236,202,1
236,203,1
237,204,1
238,204,1
239,205,1
239,206,1
240,207,1
241,208,1
242,208,1
242,209,1
243,210,1
244,211,1
245,212,1
246,213,1
246,214,1
247,215,1
248,215,1
248,216,1
249,217,1
249,218,1
250,218,1
251,219,1
251,220,1
252,221,1
253,222,1
253,223,1
254,224,1
255,225,1
255,226,1
256,227,1
256,228,1
257,229,1
258,230,1
258,231,1
259,232,1
259,233,1
260,234,1
260,235,1
260,236,1
261,237,1
261,238,1
262,239,1
262,240,1
262,241,1
262,242,1
262,243,1
262,244,1
262,245,1
261,246,1
261,247,1
260,248,1
259,249,1
258,249,1
257,250,1
256,250,1
255,250,1
254,250,1
253,250,1
252,250,1
251,250,1
250,250,1
249,250,1
248,250,1
247,250,1
246,250,1
245,250,1
244,250,1
243,250,1
242,250,1
241,250,1
240,250,1
239,250,1
238,250,1
237,250,1
236,251,1
235,251,1
234,251,1
233,252,1
232,252,1
231,252,1
230,253,1
229,253,1
228,254,1
227,254,1
227,255,1
226,255,1
225,256,1
224,256,1
223,257,1
222,258,1
221,258,1
220,259,1
220,260,1
219,260,1
218,261,1
218,262,1
217,262,1
217,263,1
217,264,1
216,265,1
216,266,1
215,267,1
215,268,1
215,269,1
215,270,1
215,271,1
215,272,1
215,273,1
215,274,1
215,275,1
215,276,1
216,276,1
216,277,1
216,278,1
217,278,1
217,279,1
218,280,1
219,281,1
219,282,1
220,282,1
221,283,1
222,284,1
223,284,1
223,285,1
224,285,1
225,286,1
226,286,1
227,287,1
228,287,1
229,288,1
230,288,1
231,288,1
232,289,1
233,289,1
234,289,1
235,289,1
236,290,1
237,290,1
238,290,1
239,290,1
240,291,1
241,291,1
242,291,1
243,291,1
244,291,1
245,291,1
246,292,1
247,292,1
248,292,1
249,292,1
250,292,1
249,292,1
248,292,1
247,292,1
246,292,1
245,292,1
244,293,1
243,293,1
242,293,1
241,293,1
240,294,1
239,294,1
238,294,1
237,295,1
236,295,1
235,295,1
234,295,1
233,296,1
232,296,1
231,297,1
230,297,1
229,298,1
228,298,1
227,298,1
227,299,1
226,299,1
225,300,1
224,300,1
223,301,1
222,301,1
221,302,1
220,303,1
219,303,1
218,304,1
217,304,1
216,305,1
216,306,1
215,306,1
214,307,1
213,307,1
213,308,1
212,308,1
211,309,1
210,309,1
210,310,1
209,311,1
208,311,1
208,312,1
207,313,1
206,313,1
206,314,1
205,315,1
204,315,1
203,316,1
202,317,1
202,318,1
201,319,1
200,319,1
200,320,1
199,321,1
199,322,1
198,322,1
198,323,1
197,324,1
196,325,1
196,326,1
195,327,1
194,328,1
194,329,1
193,330,1
193,331,1
193,332,1
192,333,1
192,334,1
191,334,1
191,335,1
191,336,1
190,337,1
190,338,1
190,339,1
189,339,1
189,340,1
189,341,1
189,342,1
189,343,1
189,344,1
188,344,1
188,345,1
188,346,1
188,347,1
188,348,1
188,349,1
188,350,1
188,351,1
189,352,1
189,353,1
189,354,1
189,355,1
190,356,1
190,357,1
190,358,1
191,358,1
191,359,1
192,360,1
192,361,1
193,361,1
193,362,1
194,363,1
194,364,1
195,364,1
195,365,1
196,366,1
197,367,1
198,367,1
198,368,1
199,368,1
200,369,1
201,370,1
202,370,1
203,371,1
204,372,1
205,372,1
206,373,1
207,373,1
208,373,1
209,374,1
210,374,1
211,374,1
212,375,1
213,375,1
214,375,1
215,376,1
216,376,1
217,376,1
218,376,1
219,376,1
219,377,1
220,377,1
221,377,1
222,377,1
223,377,1
224,377,1
225,377,1
226,378,1
227,378,1
228,378,1
229,378,1
230,378,1
231,378,1
232,378,1
233,378,1
234,378,1
235,378,1
236,379,1
237,379,1
238,379,1
239,379,1
240,379,1
241,379,1
242,379,1
243,379,1
244,379,1
245,379,1
246,379,1
247,379,1
248,379,1
249,379,1
250,379,1
251,379,1
252,379,1
253,379,1
254,379,1
255,379,1
256,379,1
257,378,1
258,378,1
259,378,1
260,378,1
261,378,1
262,378,1
263,378,1
264,378,1
265,378,1
266,377,1
267,377,1
268,377,1
269,377,1
270,377,1
271,377,1
272,376,1
273,376,1
274,376,1
275,376,1
276,376,1
277,375,1
278,375,1
279,375,1
280,375,1
281,374,1
282,374,1
283,374,1
284,374,1
285,373,1
286,373,1
287,373,1
288,373,1
289,372,1
290,372,1
291,372,1
292,371,1
293,371,1
294,370,1
295,370,1
296,369,1
293,323,0
290,274,1
291,274,1
292,275,1
293,275,1
294,276,1
295,277,1
296,278,1
297,279,1
298,279,1
298,280,1
299,281,1
300,282,1
300,283,1
301,284,1
302,285,1
302,286,1
302,287,1
303,288,1
303,289,1
304,290,1
304,291,1
304,292,1
304,293,1
304,294,1
304,295,1
304,296,1
304,297,1
304,298,1
304,299,1
304,300,1
304,301,1
304,302,1
304,303,1
303,304,1
303,305,1
302,306,1
302,307,1
302,308,1
301,309,1
300,310,1
300,311,1
299,312,1
298,312,1
298,313,1
297,314,1
296,315,1
295,316,1
294,316,1
293,317,1
293,318,1
292,318,1
291,319,1
290,319,1
289,320,1
288,321,1
287,322,1
286,322,1
285,323,1
284,323,1
283,324,1
282,324,1
281,324,1
281,325,1
280,325,1
279,325,1
278,326,1
277,326,1
276,326,1
275,327,1
274,327,1
273,327,1
272,327,1
271,328,1
270,328,1
269,328,1
268,328,1
267,328,1
266,329,1
265,329,1
264,329,1
263,329,1
262,329,1
261,329,1
260,330,1
259,330,1
258,330,1
257,330,1
256,330,1
255,330,1
254,330,1
253,330,1
252,330,1
251,330,1
250,329,1
249,329,1
248,329,1
247,328,1
246,328,1
326,303,0
404,274,1
404,275,1
404,276,1
404,277,1
404,278,1
404,279,1
404,280,1
404,281,1
403,282,1
403,283,1
403,284,1
403,285,1
403,286,1
403,287,1
402,288,1
402,289,1
402,290,1
401,291,1
401,292,1
401,293,1
400,294,1
400,295,1
400,296,1
399,296,1
399,297,1
399,298,1
398,299,1
398,300,1
398,301,1
397,302,1
397,303,1
397,304,1
396,304,1
396,305,1
395,306,1
395,307,1
394,308,1
394,309,1
393,309,1
393,310,1
392,311,1
392,312,1
391,313,1
390,314,1
389,315,1
389,316,1
388,316,1
387,317,1
387,318,1
386,318,1
385,319,1
385,320,1
384,320,1
383,321,1
382,322,1
381,322,1
380,323,1
379,323,1
379,324,1
378,324,1
377,324,1
376,325,1
375,325,1
374,325,1
373,325,1
373,326,1
372,326,1
371,326,1
370,326,1
369,326,1
368,326,1
367,325,1
366,325,1
365,325,1
364,324,1
363,324,1
363,323,1
362,323,1
361,322,1
361,321,1
360,320,1
360,319,1
360,318,1
360,317,1
360,316,1
361,315,1
361,314,1
362,313,1
363,312,1
364,312,1
365,311,1
366,311,1
367,311,1
367,310,1
368,310,1
369,310,1
370,310,1
371,310,1
372,310,1
373,310,1
374,310,1
375,310,1
376,310,1
377,310,1
378,310,1
379,310,1
380,310,1
381,310,1
382,311,1
383,311,1
384,311,1
385,311,1
386,311,1
387,311,1
388,311,1
388,312,1
389,312,1
390,312,1
391,312,1
392,312,1
393,312,1
394,312,1
395,313,1
396,313,1
397,313,1
398,313,1
399,313,1
400,313,1
401,313,1
402,314,1
403,314,1
404,314,1
405,314,1
406,314,1
407,314,1
408,314,1
409,314,1
410,314,1
411,314,1
412,314,1
413,314,1
414,314,1
415,314,1
416,314,1
417,314,1
418,314,1
419,314,1
420,314,1
421,314,1
422,313,1
423,313,1
424,313,1
425,313,1
426,313,1
427,313,1
427,312,1
428,312,1
429,312,1
430,312,1
431,311,1
432,311,1
433,311,1
433,310,1
434,310,1
435,310,1
436,309,1
437,309,1
438,308,1
439,307,1
440,306,1
441,306,1
441,305,1
442,305,1
443,304,1
444,303,1
445,302,1
446,301,1
446,300,1
447,300,1
448,299,1
448,298,1
449,298,1
449,297,1
450,296,1
451,295,1
451,294,1
452,293,1
453,292,1
453,291,1
454,290,1
454,289,1
455,288,1
456,287,1
456,286,1
457,285,1
457,284,1
458,283,1
458,282,1
458,281,1
459,281,1
459,280,1
460,279,1
460,278,1
460,277,1
461,276,1
461,275,1
462,274,1
462,273,1
463,272,1
463,273,1
462,274,1
462,275,1
462,276,1
461,276,1
461,277,1
461,278,1
461,279,1
460,280,1
460,281,1
459,282,1
459,283,1
459,284,1
459,285,1
458,286,1
458,287,1
458,288,1
457,289,1
457,290,1
457,291,1
457,292,1
456,293,1
456,294,1
456,295,1
455,296,1
455,297,1
454,298,1
454,299,1
454,300,1
453,301,1
453,302,1
453,303,1
452,304,1
452,305,1
452,306,1
451,307,1
451,308,1
451,309,1
451,310,1
451,311,1
450,312,1
450,313,1
450,314,1
450,315,1
449,316,1
449,317,1
449,318,1
449,319,1
448,320,1
448,321,1
448,322,1
448,323,1
447,324,1
447,325,1
447,326,1
447,327,1
447,328,1
446,329,1
446,330,1
446,331,1
446,332,1
446,333,1
446,334,1
446,335,1
445,335,1
445,336,1
445,337,1
445,338,1
445,339,1
445,340,1
445,341,1
445,342,1
445,343,1
445,344,1
446,345,1
446,346,1
446,347,1
446,348,1
446,349,1
447,350,1
447,351,1
448,352,1
448,353,1
448,354,1
448,355,1
449,356,1
449,357,1
449,358,1
450,358,1
450,359,1
451,360,1
451,361,1
452,362,1
452,363,1
453,363,1
454,364,1
454,365,1
455,366,1
456,366,1
457,367,1
458,368,1
459,369,1
460,369,1
492,326,0
527,282,1
527,283,1
526,284,1
526,285,1
526,286,1
526,287,1
525,288,1
525,289,1
525,290,1
524,291,1
524,292,1
524,293,1
524,294,1
523,295,1
523,296,1
523,297,1
522,298,1
522,299,1
522,300,1
522,301,1
521,302,1
521,303,1
521,304,1
520,305,1
520,306,1
520,307,1
520,308,1
520,309,1
519,310,1
519,311,1
519,312,1
519,313,1
518,314,1
518,315,1
518,316,1
518,317,1
518,318,1
518,319,1
517,319,1
517,320,1
517,321,1
517,322,1
517,323,1
516,324,1
516,325,1
516,326,1
516,327,1
516,328,1
516,329,1
515,330,1
515,331,1
515,332,1
515,333,1
515,334,1
515,335,1
514,336,1
514,337,1
514,338,1
514,339,1
514,340,1
514,341,1
514,342,1
514,343,1
515,344,1
515,345,1
515,346,1
515,347,1
515,348,1
516,348,1
516,349,1
516,350,1
517,351,1
517,352,1
517,353,1
518,353,1
518,354,1
519,355,1
520,356,1
521,356,1
522,357,1
523,357,1
524,358,1
525,358,1
526,358,1
527,358,1
528,358,1
529,358,1
530,358,1
531,358,1
532,358,1
533,358,1
534,358,1
535,357,1
536,357,1
537,357,1
537,356,1
538,356,1
539,355,1
540,355,1
541,354,1
541,353,1
542,353,1
502,292,0
465,226,1
465,227,1
465,228,1
465,229,1
466,230,1
466,231,1
466,232,1
467,233,1
467,234,1
468,235,1
469,236,1
469,237,1
470,238,1
470,239,1
471,240,1
472,241,1
472,242,1
473,243,1
474,243,1
474,244,1
475,245,1
476,246,1
477,247,1
478,248,1
479,248,1
479,249,1
480,250,1
481,250,1
481,251,1
482,251,1
483,252,1
484,252,1
484,253,1
485,253,1
486,254,1
487,254,1
488,254,1
488,255,1
489,255,1
490,256,1
491,256,1
492,256,1
493,257,1
494,257,1
495,257,1
496,257,1
497,258,1
498,258,1
499,258,1
500,258,1
501,258,1
502,258,1
503,258,1
504,258,1
505,258,1
506,258,1
507,258,1
508,258,1
509,258,1
510,258,1
511,257,1
512,257,1
513,257,1
514,257,1
515,257,1
516,256,1
517,256,1
518,256,1
519,256,1
519,255,1
520,255,1
521,255,1
522,254,1
523,254,1
524,254,1
525,253,1
526,253,1
527,252,1
528,252,1
529,251,1
530,251,1
531,251,1
532,250,1
533,250,1
534,249,1
535,249,1
536,248,1
537,248,1
538,247,1
539,247,1
540,246,1
541,246,1
542,245,1
543,244,1
544,244,1
545,243,1
546,243,1
547,242,1
548,242,1
549,241,1
550,240,1
551,240,1
552,239,1
553,239,1
554,238,1
555,237,1
556,236,1
557,236,1
558,235,1
559,235,1
559,234,1
560,234,1
561,233,1
562,232,1
563,232,1
563,231,1
564,231,1
565,230,1
566,230,1
566,229,1
567,228,1
568,228,1
569,227,1
570,226,1
571,226,1
572,225,1
573,224,1
573,223,1
582,263,0
596,299,1
595,300,1
594,300,1
594,301,1
593,301,1
592,301,1
591,301,1
590,302,1
589,302,1
588,302,1
587,302,1
586,302,1
585,302,1
584,302,1
583,301,1
582,301,1
581,301,1
580,300,1
579,300,1
578,299,1
577,299,1
576,298,1
575,298,1
575,297,1
574,297,1
573,296,1
572,295,1
571,295,1
571,294,1
570,293,1
569,293,1
569,292,1
568,291,1
568,290,1
568,289,1
567,288,1
567,287,1
566,286,1
566,285,1
566,284,1
566,283,1
566,282,1
567,281,1
567,280,1
568,279,1
568,278,1
568,277,1
569,277,1
569,276,1
570,275,1
571,275,1
571,274,1
572,273,1
573,273,1
574,272,1
575,272,1
576,271,1
577,271,1
578,271,1
579,271,1
580,270,1
581,270,1
582,270,1
583,270,1
584,270,1
585,271,1
586,271,1
587,271,1
588,272,1
589,272,1
590,272,1
591,273,1
592,273,1
592,274,1
593,275,1
594,275,1
594,276,1
595,276,1
596,277,1
596,278,1
597,279,1
598,280,1
598,281,1
598,282,1
599,283,1
599,284,1
600,285,1
600,286,1
600,287,1
600,288,1
600,289,1
600,290,1
600,291,1
600,292,1
600,293,1
600,294,1
600,295,1
600,296,1
600,297,1
600,298,1
600,299,1
600,300,1
599,301,1
599,302,1
599,303,1
599,304,1
598,305,1
598,306,1
598,307,1
598,308,1
597,309,1
597,310,1
597,311,1
596,312,1
596,313,1
595,314,1
595,315,1
594,316,1
594,317,1
594,318,1
593,318,1
593,319,1
592,320,1
592,321,1
591,322,1
591,323,1
590,323,1
589,324,1
589,325,1
588,326,1
588,327,1
587,328,1
586,328,1
586,329,1
585,330,1
584,331,1
583,332,1
583,333,1
582,334,1
581,334,1
580,335,1
580,336,1
579,337,1
578,337,1
577,338,1
577,339,1
576,339,1
575,340,1
574,341,1
573,342,1
572,342,1
571,343,1
570,344,1
569,344,1
569,345,1
568,345,1
567,346,1
566,346,1
565,347,1
564,348,1
563,348,1
562,348,1
561,349,1
560,349,1
559,349,1
558,350,1
557,350,1
556,350,1
555,350,1
554,350,1
553,350,1
552,350,1
551,350,1
550,350,1
550,349,1
549,349,1
549,348,1
548,348,1
548,347,1
548,346,1
549,345,1
549,344,1
550,344,1
551,343,1
552,343,1
553,343,1
554,343,1
555,343,1
556,343,1
557,343,1
558,343,1
559,343,1
560,343,1
561,344,1
562,344,1
563,344,1
564,344,1
565,345,1
566,345,1
567,346,1
568,346,1
569,346,1
570,347,1
571,347,1
572,348,1
573,348,1
574,349,1
575,349,1
576,349,1
577,350,1
578,350,1
579,351,1
580,351,1
581,351,1
581,352,1
582,352,1
583,352,1
584,353,1
585,353,1
586,354,1
587,354,1
588,354,1
588,355,1
589,355,1
590,356,1
591,356,1
592,356,1
593,357,1
594,357,1
595,357,1
596,358,1
597,358,1
598,358,1
599,359,1
600,359,1
601,359,1
602,360,1
603,360,1
604,360,1
604,361,1
605,361,1
606,361,1
607,362,1
608,362,1
609,362,1
610,363,1
611,363,1
612,363,1
613,364,1
614,364,1
615,364,1
616,364,1
617,365,1
618,365,1
619,365,1
620,365,1
621,365,1
622,365,1
623,366,1
624,366,1
625,366,1
626,366,1
627,365,1
640,338,0
657,308,1
657,309,1
656,310,1
656,311,1
656,312,1
655,312,1
655,313,1
654,314,1
654,315,1
654,316,1
653,317,1
653,318,1
652,319,1
652,320,1
651,321,1
651,322,1
650,323,1
650,324,1
650,325,1
649,326,1
649,327,1
648,327,1
648,328,1
647,329,1
647,330,1
647,331,1
646,332,1
646,333,1
645,334,1
645,335,1
644,335,1
644,336,1
643,337,1
643,338,1
642,339,1
642,340,1
641,341,1
641,342,1
640,343,1
640,344,1
639,345,1
638,346,1
638,347,1
637,348,1
636,349,1
636,350,1
635,350,1
635,351,1
634,352,1
633,353,1
633,354,1
632,355,1
632,356,1
631,356,1
630,357,1
630,358,1
629,359,1
628,360,1
627,361,1
626,362,1
625,363,1
624,364,1
623,364,1
623,365,1
622,366,1
621,366,1
621,367,1
620,368,1
619,368,1
618,369,1
617,369,1
617,370,1
616,370,1
615,371,1
614,371,1
613,372,1
612,372,1
611,372,1
610,373,1
609,373,1
608,373,1
607,373,1
606,374,1
605,374,1
604,374,1
603,374,1
602,374,1
601,374,1
600,373,1
599,373,1
598,373,1
597,372,1
596,372,1
595,372,1
595,371,1
594,371,1
594,370,1
593,370,1
593,369,1
592,369,1
592,368,1
591,367,1
591,366,1
591,365,1
591,364,1
592,364,1
592,363,1
592,362,1
593,362,1
593,361,1
594,361,1
594,360,1
595,360,1
595,359,1
596,359,1
597,358,1
598,358,1
599,358,1
600,358,1
601,357,1
602,357,1
603,357,1
604,357,1
605,357,1
606,357,1
607,357,1
608,358,1
609,358,1
610,358,1
611,358,1
612,358,1
613,358,1
614,359,1
615,359,1
616,359,1
617,359,1
618,360,1
619,360,1
620,361,1
621,361,1
622,361,1
623,362,1
624,362,1
625,362,1
626,363,1
627,363,1
628,364,1
629,364,1
630,364,1
631,365,1
632,365,1
633,365,1
634,366,1
635,366,1
635,367,1
636,367,1
637,367,1
638,368,1
639,368,1
640,368,1
640,369,1
641,369,1
642,370,1
643,370,1
644,370,1
645,371,1
646,371,1
647,372,1
648,372,1
649,372,1
650,373,1
651,374,1
652,374,1
653,374,1
654,375,1
655,375,1
656,375,1
657,376,1
658,376,1
658,377,1
659,377,1
660,378,1
661,378,1
662,378,1
663,379,1
664,379,1
665,380,1
666,380,1
667,381,1
668,381,1
669,381,1
670,382,1
671,382,1
672,382,1
673,383,1
674,383,1
675,384,1
676,384,1
677,385,1
678,385,1
679,385,1
679,386,1
680,386,1
681,386,1
682,387,1
683,387,1
684,387,1
684,388,1
685,388,1
686,388,1
687,389,1
688,389,1
689,389,1
689,390,1
690,390,1
691,390,1
692,391,1
693,391,1
694,391,1
695,392,1
696,392,1
697,393,1
698,393,1
699,393,1
700,393,1
701,394,1
702,394,1
703,394,1
704,394,1
704,395,1
705,395,1
706,395,1
707,395,1
708,395,1
709,395,1
710,396,1
711,396,1
712,396,1
713,396,1
714,396,1
715,396,1
716,396,1
717,396,1
718,395,1
719,395,1
720,395,1
721,395,1
722,394,1
722,393,1
722,392,1
440,312,0
155,229,1
156,229,1
157,229,1
158,229,1
159,229,1
160,229,1
161,230,1
162,230,1
163,230,1
164,230,1
165,230,1
166,230,1
167,230,1
168,231,1
169,231,1
170,231,1
171,231,1
172,231,1
173,231,1
174,231,1
175,231,1
176,231,1
177,231,1
178,231,1
179,231,1
180,231,1
181,232,1
182,232,1
183,232,1
184,232,1
185,232,1
186,232,1
187,232,1
188,232,1
189,232,1
190,232,1
191,232,1
192,232,1
193,232,1
194,232,1
195,232,1
196,232,1
197,232,1
198,232,1
199,232,1
200,232,1
201,232,1
202,232,1
203,232,1
204,232,1
204,233,1
205,233,1
206,233,1
207,233,1
208,233,1
209,233,1
210,233,1
211,233,1
212,233,1
213,233,1
214,233,1
215,233,1
216,233,1
217,233,1
218,233,1
219,233,1
220,233,1
221,233,1
222,233,1
223,233,1
224,233,1
225,233,1
226,233,1
227,233,1
228,233,1
229,233,1
230,233,1
231,233,1
232,233,1
233,233,1
234,233,1
235,233,1
236,233,1
237,233,1
238,233,1
239,233,1
240,233,1
241,233,1
242,233,1
243,233,1
244,233,1
245,233,1
246,233,1
247,233,1
248,233,1
249,233,1
250,233,1
251,233,1
252,233,1
253,233,1
254,233,1
255,233,1
256,233,1
257,233,1
258,233,1
259,233,1
260,233,1
261,233,1
262,233,1
263,233,1
264,233,1
265,233,1
266,233,1
267,233,1
268,233,1
269,233,1
270,233,1
271,233,1
272,233,1
273,233,1
274,233,1
275,233,1
276,233,1
277,233,1
278,233,1
279,233,1
280,233,1
281,234,1
282,234,1
283,234,1
284,234,1
285,234,1
286,234,1
287,234,1
288,234,1
289,234,1
290,234,1
291,234,1
292,234,1
293,234,1
294,234,1
295,234,1
296,234,1
297,234,1
298,234,1
299,234,1
300,234,1
301,234,1
302,234,1
303,234,1
304,234,1
305,234,1
306,234,1
307,234,1
308,234,1
309,234,1
310,234,1
311,235,1
312,235,1
313,235,1
314,235,1
315,235,1
316,235,1
317,235,1
318,235,1
319,235,1
320,235,1
321,235,1
322,235,1
323,235,1
324,235,1
325,235,1
326,235,1
327,235,1
328,235,1
329,235,1
330,235,1
331,235,1
332,235,1
333,235,1
334,235,1
335,235,1
336,235,1
337,235,1
338,236,1
339,236,1
340,236,1
341,236,1
342,236,1
343,236,1
344,236,1
345,236,1
346,236,1
347,236,1
348,236,1
349,237,1
350,237,1
351,237,1
352,237,1
353,237,1
354,237,1
355,237,1
356,237,1
357,237,1
358,237,1
358,238,1
359,238,1
360,238,1
361,238,1
362,238,1
363,238,1
364,238,1
365,238,1
366,238,1
367,239,1
368,239,1
369,239,1
370,239,1
371,239,1
372,239,1
373,239,1
374,240,1
375,240,1
376,240,1
377,240,1
378,240,1
379,240,1
380,240,1
381,240,1
382,241,1
383,241,1
384,241,1
385,241,1
386,241,1
387,241,1
388,241,1
389,242,1
390,242,1
391,242,1
392,242,1
393,242,1
394,242,1
395,242,1
396,242,1
397,242,1
398,242,1
399,242,1
400,242,1
401,242,1
402,242,1
403,242,1
404,243,1
405,243,1
406,243,1
407,243,1
408,243,1
409,243,1
410,243,1
411,243,1
412,244,1
413,244,1
414,244,1
415,244,1
416,244,1
417,244,1
418,245,1
419,245,1
420,245,1
421,245,1
422,245,1
423,245,1
424,245,1
425,246,1
426,246,1
427,246,1
428,246,1
429,246,1
430,246,1
431,247,1
432,247,1
433,247,1
434,247,1
435,247,1
436,247,1
437,247,1
438,248,1
439,248,1
440,248,1
441,248,1
442,248,1
443,248,1
444,248,1
445,249,1
446,249,1
447,249,1
448,249,1
449,249,1
450,249,1
451,250,1
452,250,1
453,250,1
454,250,1
455,250,1
456,250,1
457,250,1
458,250,1
459,250,1
460,250,1
461,250,1
462,250,1
463,251,1
464,251,1
465,251,1
466,251,1
467,251,1
468,252,1
469,252,1
470,252,1
471,252,1
472,252,1
473,252,1
474,253,1
475,253,1
476,253,1
477,253,1
478,253,1
479,254,1
480,254,1
481,254,1
482,254,1
483,254,1
484,255,1
485,255,1
486,255,1
487,255,1
488,255,1
488,256,1
489,256,1
490,256,1
491,256,1
492,256,1
493,257,1
494,257,1
495,257,1
496,257,1
497,257,1
498,258,1
499,258,1
500,258,1
501,258,1
502,258,1
503,258,1
504,258,1
504,259,1
505,259,1
506,259,1
507,259,1
508,259,1
509,259,1
510,260,1
511,260,1
512,260,1
513,261,1
514,261,1
515,261,1
516,261,1
517,261,1
518,262,1
519,262,1
520,262,1
521,262,1
522,262,1
523,263,1
524,263,1
525,263,1
526,263,1
527,263,1
528,263,1
529,264,1
530,264,1
531,264,1
532,264,1
533,264,1
534,264,1
535,264,1
536,264,1
537,265,1
538,265,1
539,265,1
540,265,1
541,265,1
542,265,1
543,265,1
544,265,1
545,265,1
546,265,1
547,265,1
548,265,1
549,265,1
550,265,1
551,265,1
552,265,1
553,265,1
554,265,1
555,265,1
556,265,1
557,265,1
558,265,1
559,265,1
560,265,1
561,265,1
562,265,1
563,265,1
564,266,1
565,266,1
566,266,1
567,266,1
568,266,1
569,266,1
570,266,1
571,266,1
572,266,1
573,266,1
574,266,1
575,266,1
576,266,1
577,266,1
578,266,1
579,267,1
580,267,1
581,267,1
582,267,1
583,267,1
584,267,1
585,267,1
586,267,1
587,267,1
588,267,1
589,267,1
590,267,1
591,268,1
592,268,1
593,268,1
594,268,1
595,268,1
596,268,1
597,268,1
598,268,1
599,268,1
600,268,1
601,268,1
602,268,1
603,268,1
604,269,1
605,269,1
606,269,1
607,269,1
608,269,1
609,269,1
610,269,1
611,269,1
612,269,1
612,270,1
613,270,1
614,270,1
615,270,1
616,270,1
617,270,1
618,270,1
619,270,1
619,271,1
620,271,1
621,271,1
622,271,1
623,271,1
624,271,1
625,271,1
626,272,1
627,272,1
628,272,1
629,272,1
630,272,1
631,272,1
632,273,1
633,273,1
634,273,1
635,273,1
636,273,1
637,273,1
638,273,1
639,273,1
640,274,1
641,274,1
642,274,1
643,274,1
644,274,1
645,275,1
646,275,1
647,275,1
648,275,1
649,275,1
650,276,1
651,276,1
652,276,1
653,276,1
654,277,1
655,277,1
656,277,1
657,277,1
658,277,1
658,278,1
659,278,1
660,278,1
661,278,1
662,278,1
663,278,1
664,279,1
665,279,1
666,279,1
667,279,1
668,279,1
669,280,1
670,280,1
671,280,1
672,280,1
673,280,1
674,280,1
675,281,1
676,281,1
677,281,1
678,281,1
679,281,1
680,281,1
681,281,1
682,281,1
683,281,1
684,281,1
685,281,1
686,281,1
687,281,1
688,282,1
689,282,1
690,282,1
691,282,1
692,282,1
693,282,1
694,282,1
695,282,1
696,283,1
697,283,1
698,283,1
699,283,1
700,283,1
701,283,1
702,283,1
703,283,1
704,283,1
705,283,1
705,284,1
706,284,1
706,284,0
