178,224,1
177,274,1
177,275,1
177,276,1
176,277,1
176,278,1
176,279,1
176,280,1
176,281,1
176,282,1
176,283,1
176,284,1
175,285,1
175,286,1
175,287,1
175,288,1
175,289,1
175,290,1
175,291,1
175,292,1
174,293,1
174,294,1
174,295,1
174,296,1
174,297,1
174,298,1
174,299,1
174,300,1
174,301,1
174,302,1
173,303,1
173,304,1
173,305,1
173,306,1
173,307,1
173,308,1
172,309,1
172,310,1
172,311,1
172,312,1
171,313,1
171,314,1
171,315,1
170,316,1
170,317,1
170,318,1
170,319,1
169,320,1
169,321,1
168,322,1
168,323,1
168,324,1
167,325,1
167,326,1
166,327,1
166,328,1
166,329,1
165,329,1
165,330,1
165,331,1
164,332,1
164,333,1
164,334,1
163,335,1
163,336,1
162,336,1
162,337,1
161,338,1
161,339,1
160,340,1
160,341,1
159,342,1
159,343,1
158,344,1
158,345,1
157,346,1
156,347,1
156,348,1
155,349,1
154,349,1
154,350,1
153,351,1
153,352,1
152,352,1
151,353,1
151,354,1
150,354,1
150,355,1
149,355,1
148,356,1
147,357,1
146,357,1
145,357,1
144,358,1
143,358,1
142,358,1
141,357,1
140,357,1
139,356,1
138,355,1
137,354,1
137,353,1
136,353,1
136,352,1
136,351,1
135,350,1
135,349,1
134,348,1
134,347,1
134,346,1
134,345,1
134,344,1
133,343,1
133,342,1
133,341,1
133,340,1
133,339,1
133,338,1
132,337,1
132,336,1
132,335,1
132,334,1
132,333,1
132,332,1
132,331,1
132,330,1
132,329,1
132,328,1
132,327,1
132,326,1
132,325,1
132,324,1
132,323,1
132,322,1
132,321,1
132,320,1
132,319,1
132,318,1
132,317,1
132,316,1
132,315,1
132,314,1
133,313,1
133,312,1
133,311,1
133,310,1
133,309,1
133,308,1
133,307,1
134,306,1
134,305,1
134,304,1
134,303,1
134,302,1
134,301,1
135,300,1
135,299,1
135,298,1
135,297,1
136,296,1
136,295,1
136,294,1
136,293,1
137,292,1
137,291,1
137,290,1
137,289,1
138,288,1
138,287,1
138,286,1
138,285,1
139,284,1
139,283,1
139,282,1
139,281,1
140,280,1
140,279,1
140,278,1
141,277,1
141,276,1
141,275,1
141,274,1
141,273,1
142,272,1
142,271,1
142,270,1
142,269,1
142,268,1
143,268,1
143,267,1
143,266,1
143,265,1
144,264,1
144,263,1
144,262,1
144,261,1
144,260,1
145,259,1
145,258,1
146,257,1
146,256,1
146,255,1
146,254,1
147,253,1
147,252,1
147,251,1
148,250,1
148,249,1
148,248,1
149,247,1
149,246,1
150,245,1
150,244,1
150,243,1
151,242,1
151,241,1
151,240,1
152,239,1
152,238,1
152,237,1
153,236,1
153,235,1
153,234,1
154,233,1
154,232,1
154,231,1
155,230,1
155,229,1
156,228,1
156,227,1
156,226,1
157,226,1
157,225,1
157,224,1
158,223,1
158,222,1
159,221,1
159,220,1
160,219,1
160,218,1
160,217,1
161,216,1
162,215,1
162,214,1
163,213,1
163,212,1
164,211,1
164,210,1
165,209,1
165,208,1
166,207,1
166,206,1
167,205,1
168,205,1
168,204,1
169,203,1
169,202,1
170,201,1
171,200,1
171,199,1
172,198,1
173,197,1
174,196,1
174,195,1
175,194,1
175,193,1
176,192,1
177,191,1
178,191,1
178,190,1
179,189,1
179,188,1
180,187,1
181,186,1
182,186,1
182,185,1
183,184,1
184,183,1
185,182,1
185,181,1
186,181,1
187,180,1
188,179,1
189,178,1
190,177,1
191,176,1
192,175,1
193,174,1
194,173,1
195,173,1
196,172,1
197,171,1
197,170,1
198,170,1
199,169,1
200,168,1
201,168,1
202,167,1
203,167,1
204,166,1
204,165,1
205,165,1
206,164,1
207,164,1
208,163,1
209,163,1
210,162,1
211,162,1
211,161,1
212,161,1
213,160,1
214,160,1
215,160,1
216,159,1
217,159,1
218,159,1
218,158,1
219,158,1
220,157,1
221,157,1
222,157,1
223,157,1
224,156,1
225,156,1
226,156,1
226,155,1
227,155,1
228,155,1
229,155,1
230,155,1
231,155,1
232,154,1
233,154,1
234,154,1
235,154,1
236,154,1
237,154,1
238,154,1
239,154,1
240,154,1
241,155,1
242,155,1
243,155,1
244,155,1
245,155,1
246,156,1
247,156,1
248,156,1
249,157,1
250,157,1
251,158,1
252,158,1
253,159,1
254,159,1
255,160,1
256,160,1
257,161,1
258,161,1
258,162,1
259,163,1
260,163,1
261,164,1
262,165,1
263,166,1
264,167,1
265,168,1
266,169,1
266,170,1
267,171,1
268,171,1
268,172,1
269,173,1
269,174,1
270,175,1
271,176,1
272,177,1
272,178,1
273,179,1
273,180,1
274,180,1
274,181,1
275,182,1
275,183,1
276,184,1
276,185,1
277,186,1
277,187,1
278,187,1
278,188,1
279,189,1
279,190,1
280,191,1
280,192,1
281,193,1
281,194,1
281,195,1
282,195,1
282,196,1
283,197,1
283,198,1
283,199,1
284,200,1
284,201,1
285,202,1
285,203,1
286,204,1
286,205,1
287,206,1
287,207,1
287,208,1
287,209,1
288,210,1
288,211,1
288,212,1
288,213,1
288,214,1
289,215,1
289,216,1
289,217,1
289,218,1
289,219,1
289,220,1
289,221,1
289,222,1
289,223,1
288,224,1
288,225,1
288,226,1
288,227,1
287,227,1
287,228,1
287,229,1
286,229,1
286,230,1
285,230,1
285,231,1
284,232,1
283,233,1
282,233,1
282,234,1
281,235,1
280,235,1
280,236,1
279,236,1
278,237,1
277,238,1
276,238,1
275,239,1
274,239,1
274,240,1
273,240,1
272,241,1
271,241,1
270,242,1
269,243,1
268,243,1
267,244,1
266,244,1
265,244,1
265,245,1
264,245,1
263,246,1
262,246,1
261,247,1
260,248,1
259,248,1
258,249,1
257,249,1
256,250,1
255,250,1
255,251,1
254,252,1
253,252,1
252,253,1
251,253,1
250,254,1
249,254,1
248,255,1
247,256,1
246,257,1
245,257,1
244,258,1
243,259,1
242,259,1
241,260,1
240,261,1
239,261,1
239,262,1
238,262,1
237,263,1
236,264,1
235,264,1
234,265,1
234,266,1
233,266,1
232,267,1
231,268,1
231,269,1
230,269,1
229,270,1
229,271,1
228,271,1
228,272,1
227,273,1
227,274,1
226,274,1
226,275,1
225,276,1
225,277,1
224,278,1
224,279,1
224,280,1
223,281,1
223,282,1
223,283,1
222,284,1
222,285,1
222,286,1
222,287,1
222,288,1
222,289,1
222,290,1
222,291,1
222,292,1
222,293,1
223,294,1
223,295,1
223,296,1
224,296,1
224,297,1
224,298,1
225,298,1
225,299,1
226,300,1
226,301,1
227,301,1
227,302,1
228,303,1
229,303,1
229,304,1
230,304,1
231,305,1
231,306,1
232,306,1
233,307,1
234,307,1
235,308,1
236,308,1
237,309,1
238,310,1
239,310,1
240,311,1
241,311,1
242,311,1
242,312,1
243,312,1
244,312,1
244,313,1
245,313,1
245,314,1
246,314,1
246,315,1
246,316,1
245,317,1
244,318,1
243,318,1
242,319,1
241,319,1
240,320,1
239,320,1
238,320,1
237,321,1
236,321,1
235,321,1
234,321,1
233,322,1
232,322,1
231,323,1
230,323,1
229,323,1
228,324,1
227,324,1
226,325,1
225,326,1
224,326,1
223,327,1
222,327,1
221,328,1
221,329,1
220,329,1
219,330,1
218,331,1
217,332,1
216,333,1
215,333,1
215,334,1
214,335,1
213,336,1
212,337,1
212,338,1
211,339,1
210,340,1
210,341,1
209,342,1
209,343,1
208,344,1
208,345,1
207,346,1
207,347,1
206,348,1
206,349,1
206,350,1
206,351,1
206,352,1
205,353,1
205,354,1
205,355,1
205,356,1
206,357,1
206,358,1
206,359,1
206,360,1
207,361,1
207,362,1
208,363,1
208,364,1
209,364,1
209,365,1
210,366,1
210,367,1
211,367,1
212,368,1
212,369,1
213,369,1
214,370,1
215,370,1
215,371,1
216,371,1
217,372,1
218,372,1
219,372,1
220,373,1
221,373,1
222,374,1
223,374,1
224,374,1
225,374,1
226,375,1
227,375,1
228,375,1
229,375,1
230,376,1
231,376,1
232,376,1
233,376,1
234,376,1
235,376,1
236,376,1
237,377,1
238,377,1
239,377,1
240,377,1
241,377,1
242,377,1
243,377,1
244,378,1
245,378,1
246,378,1
247,378,1
248,378,1
249,378,1
250,378,1
251,378,1
252,379,1
253,379,1
254,379,1
255,379,1
256,379,1
257,379,1
258,379,1
259,379,1
260,379,1
261,379,1
262,379,1
263,379,1
264,379,1
265,379,1
266,379,1
267,379,1
268,379,1
269,379,1
270,379,1
271,379,1
272,379,1
273,379,1
274,379,1
275,379,1
276,379,1
277,379,1
278,379,1
279,379,1
280,379,1
281,379,1
282,379,1
283,379,1
284,379,1
285,379,1
286,379,1
287,379,1
288,379,1
289,379,1
290,379,1
291,378,1
292,378,1
293,378,1
294,378,1
295,378,1
296,378,1
297,378,1
298,378,1
299,378,1
300,377,1
301,377,1
302,377,1
303,377,1
304,377,1
305,377,1
306,376,1
307,376,1
308,376,1
309,376,1
310,376,1
311,376,1
311,375,1
312,375,1
313,375,1
314,375,1
315,375,1
316,374,1
317,374,1
318,374,1
319,374,1
320,374,1
311,337,0
301,297,1
302,297,1
303,298,1
304,298,1
305,298,1
306,299,1
307,299,1
308,300,1
309,301,1
310,301,1
311,302,1
312,302,1
313,303,1
314,304,1
315,305,1
316,305,1
317,306,1
317,307,1
318,308,1
319,308,1
320,309,1
320,310,1
321,311,1
322,312,1
323,313,1
324,314,1
324,315,1
325,316,1
326,317,1
326,318,1
326,319,1
327,320,1
327,321,1
328,322,1
328,323,1
329,324,1
329,325,1
329,326,1
329,327,1
329,328,1
329,329,1
329,330,1
329,331,1
329,332,1
329,333,1
329,334,1
329,335,1
328,336,1
328,337,1
328,338,1
327,339,1
327,340,1
326,340,1
326,341,1
325,342,1
325,343,1
324,343,1
324,344,1
323,345,1
322,346,1
321,347,1
320,347,1
320,348,1
319,349,1
318,349,1
317,350,1
316,351,1
315,351,1
314,351,1
313,352,1
312,352,1
311,352,1
311,353,1
310,353,1
309,353,1
308,354,1
307,354,1
306,354,1
305,354,1
304,354,1
303,354,1
302,354,1
301,354,1
300,354,1
299,354,1
298,354,1
297,354,1
296,354,1
295,353,1
294,353,1
364,311,0
430,264,1
430,265,1
430,266,1
430,267,1
430,268,1
430,269,1
430,270,1
430,271,1
429,272,1
429,273,1
429,274,1
429,275,1
429,276,1
429,277,1
429,278,1
428,279,1
428,280,1
428,281,1
428,282,1
427,283,1
427,284,1
427,285,1
427,286,1
427,287,1
426,288,1
426,289,1
426,290,1
425,291,1
425,292,1
425,293,1
425,294,1
424,295,1
424,296,1
424,297,1
423,298,1
423,299,1
422,300,1
422,301,1
421,302,1
421,303,1
420,304,1
420,305,1
419,305,1
419,306,1
418,307,1
417,308,1
416,309,1
415,310,1
414,310,1
413,311,1
412,311,1
411,311,1
411,312,1
410,312,1
409,312,1
408,311,1
407,311,1
407,310,1
407,309,1
406,309,1
406,308,1
407,307,1
407,306,1
408,305,1
409,304,1
410,303,1
411,302,1
412,302,1
413,301,1
414,301,1
415,300,1
416,300,1
417,300,1
418,299,1
419,299,1
420,299,1
421,299,1
422,298,1
423,298,1
424,298,1
425,298,1
426,298,1
427,298,1
428,297,1
429,297,1
430,297,1
431,297,1
432,297,1
433,297,1
434,297,1
435,296,1
436,296,1
437,296,1
438,296,1
439,296,1
440,296,1
441,295,1
442,295,1
443,295,1
444,295,1
445,295,1
446,294,1
447,294,1
448,294,1
449,293,1
450,293,1
451,293,1
452,293,1
453,292,1
454,292,1
455,292,1
456,291,1
457,291,1
458,290,1
459,290,1
460,289,1
461,289,1
462,288,1
463,288,1
464,287,1
465,286,1
466,286,1
467,285,1
468,284,1
469,283,1
470,283,1
470,282,1
471,281,1
472,281,1
472,280,1
473,279,1
474,279,1
474,278,1
475,277,1
476,277,1
476,276,1
477,275,1
477,274,1
478,273,1
479,272,1
480,271,1
480,270,1
481,269,1
481,268,1
482,267,1
483,266,1
483,265,1
484,264,1
484,263,1
485,262,1
485,261,1
486,261,1
486,260,1
486,259,1
487,259,1
487,258,1
488,258,1
489,258,1
489,259,1
489,260,1
489,261,1
489,262,1
488,263,1
488,264,1
488,265,1
488,266,1
488,267,1
488,268,1
487,269,1
487,270,1
487,271,1
487,272,1
486,273,1
486,274,1
486,275,1
486,276,1
486,277,1
485,278,1
485,279,1
485,280,1
484,281,1
484,282,1
484,283,1
484,284,1
484,285,1
483,286,1
483,287,1
483,288,1
483,289,1
482,290,1
482,291,1
482,292,1
482,293,1
482,294,1
481,295,1
481,296,1
481,297,1
481,298,1
481,299,1
481,300,1
480,300,1
480,301,1
480,302,1
480,303,1
480,304,1
480,305,1
480,306,1
480,307,1
479,308,1
479,309,1
479,310,1
479,311,1
479,312,1
479,313,1
479,314,1
479,315,1
479,316,1
479,317,1
479,318,1
479,319,1
479,320,1
479,321,1
479,322,1
479,323,1
479,324,1
479,325,1
479,326,1
479,327,1
479,328,1
479,329,1
480,330,1
480,331,1
480,332,1
480,333,1
480,334,1
481,335,1
481,336,1
481,337,1
482,337,1
482,338,1
482,339,1
482,340,1
483,341,1
484,342,1
485,342,1
486,342,1
518,303,0
554,261,1
554,262,1
553,263,1
553,264,1
553,265,1
552,266,1
552,267,1
552,268,1
551,269,1
551,270,1
551,271,1
550,271,1
550,272,1
550,273,1
549,274,1
549,275,1
548,276,1
548,277,1
548,278,1
547,279,1
547,280,1
546,281,1
546,282,1
546,283,1
545,284,1
545,285,1
545,286,1
544,287,1
544,288,1
544,289,1
543,290,1
543,291,1
543,292,1
543,293,1
543,294,1
542,295,1
542,296,1
542,297,1
542,298,1
542,299,1
542,300,1
541,300,1
541,301,1
541,302,1
541,303,1
541,304,1
541,305,1
541,306,1
541,307,1
540,308,1
540,309,1
540,310,1
540,311,1
540,312,1
540,313,1
540,314,1
540,315,1
540,316,1
541,317,1
541,318,1
541,319,1
541,320,1
541,321,1
541,322,1
541,323,1
541,324,1
542,325,1
542,326,1
542,327,1
542,328,1
542,329,1
543,330,1
543,331,1
543,332,1
544,332,1
544,333,1
545,334,1
545,335,1
545,336,1
546,337,1
546,338,1
547,339,1
548,340,1
549,341,1
550,342,1
551,342,1
602,305,0
661,271,1
660,271,1
659,271,1
658,272,1
657,272,1
656,272,1
655,271,1
654,271,1
653,271,1
652,271,1
651,270,1
650,270,1
649,269,1
648,269,1
647,268,1
646,268,1
646,267,1
645,267,1
644,266,1
644,265,1
643,265,1
642,264,1
642,263,1
642,262,1
641,262,1
641,261,1
641,260,1
641,259,1
641,258,1
641,257,1
641,256,1
641,255,1
642,255,1
642,254,1
642,253,1
643,253,1
644,252,1
644,251,1
645,251,1
646,250,1
647,250,1
648,249,1
649,249,1
650,248,1
651,248,1
652,248,1
653,248,1
654,248,1
655,248,1
656,248,1
657,248,1
658,248,1
659,248,1
660,248,1
661,248,1
662,249,1
663,249,1
664,249,1
665,250,1
666,250,1
667,251,1
668,251,1
668,252,1
669,252,1
670,253,1
671,253,1
672,254,1
673,254,1
673,255,1
674,255,1
675,256,1
675,257,1
676,257,1
677,258,1
677,259,1
678,260,1
679,260,1
679,261,1
680,262,1
680,263,1
681,264,1
681,265,1
682,266,1
682,267,1
682,268,1
683,268,1
683,269,1
683,270,1
684,271,1
684,272,1
684,273,1
684,274,1
685,275,1
685,276,1
685,277,1
685,278,1
685,279,1
685,280,1
685,281,1
685,282,1
685,283,1
685,284,1
685,285,1
685,286,1
685,287,1
685,288,1
685,289,1
685,290,1
685,291,1
685,292,1
685,293,1
684,294,1
684,295,1
684,296,1
684,297,1
684,298,1
683,299,1
683,300,1
683,301,1
682,302,1
682,303,1
682,304,1
681,305,1
681,306,1
681,307,1
680,308,1
680,309,1
680,310,1
679,311,1
678,312,1
678,313,1
677,314,1
677,315,1
676,316,1
676,317,1
675,318,1
674,319,1
673,320,1
673,321,1
672,322,1
671,323,1
671,324,1
670,325,1
669,325,1
669,326,1
668,327,1
667,328,1
666,328,1
666,329,1
665,330,1
664,330,1
664,331,1
663,332,1
662,332,1
661,333,1
660,334,1
659,335,1
658,335,1
658,336,1
657,336,1
656,337,1
655,337,1
655,338,1
654,339,1
653,339,1
652,340,1
651,341,1
651,342,1
650,343,1
649,344,1
649,345,1
649,346,1
649,347,1
649,348,1
649,349,1
649,350,1
650,350,1
650,351,1
651,351,1
652,352,1
652,353,1
653,353,1
653,354,1
654,354,1
655,355,1
656,355,1
657,356,1
658,356,1
659,356,1
660,357,1
661,357,1
661,358,1
662,358,1
663,358,1
664,359,1
665,359,1
666,359,1
667,360,1
668,360,1
669,361,1
670,361,1
671,361,1
672,361,1
673,362,1
674,362,1
675,362,1
676,362,1
677,362,1
678,363,1
679,363,1
680,363,1
681,363,1
682,363,1
683,364,1
684,364,1
685,364,1
686,364,1
687,364,1
688,364,1
689,364,1
690,365,1
691,365,1
692,365,1
693,364,1
715,323,0
742,277,1
742,278,1
741,279,1
740,280,1
740,281,1
739,282,1
739,283,1
738,284,1
738,285,1
737,286,1
737,287,1
736,288,1
736,289,1
735,289,1
735,290,1
734,291,1
734,292,1
733,293,1
733,294,1
732,295,1
732,296,1
731,297,1
731,298,1
730,299,1
730,300,1
729,300,1
729,301,1
728,302,1
728,303,1
727,304,1
727,305,1
726,306,1
725,307,1
725,308,1
724,309,1
724,310,1
723,311,1
723,312,1
722,313,1
721,314,1
721,315,1
720,316,1
720,317,1
719,317,1
719,318,1
718,319,1
718,320,1
717,321,1
716,322,1
716,323,1
715,324,1
715,325,1
714,326,1
713,327,1
713,328,1
712,329,1
712,330,1
711,330,1
711,331,1
710,332,1
710,333,1
709,334,1
709,335,1
708,335,1
708,336,1
707,337,1
706,338,1
706,339,1
705,340,1
705,341,1
704,342,1
703,342,1
703,343,1
702,344,1
701,345,1
701,346,1
700,347,1
699,348,1
698,349,1
697,350,1
697,351,1
696,352,1
695,353,1
694,353,1
694,354,1
693,355,1
692,356,1
691,357,1
690,358,1
689,358,1
689,359,1
688,360,1
687,360,1
686,361,1
685,362,1
684,363,1
683,364,1
682,364,1
682,365,1
681,365,1
680,366,1
679,366,1
678,367,1
677,367,1
676,368,1
676,369,1
675,369,1
674,370,1
673,370,1
672,371,1
671,371,1
670,371,1
669,372,1
668,372,1
668,373,1
667,373,1
666,373,1
665,374,1
664,374,1
663,374,1
662,375,1
661,375,1
660,375,1
659,375,1
658,376,1
657,376,1
656,376,1
655,376,1
654,377,1
653,377,1
652,377,1
651,377,1
650,377,1
649,377,1
648,378,1
647,378,1
646,378,1
645,378,1
644,378,1
643,378,1
642,378,1
641,378,1
640,378,1
639,378,1
638,377,1
637,377,1
636,377,1
635,377,1
634,377,1
633,376,1
632,376,1
631,376,1
630,375,1
629,374,1
628,374,1
628,373,1
627,373,1
627,372,1
626,372,1
626,371,1
626,370,1
625,370,1
625,369,1
625,368,1
625,367,1
626,366,1
626,365,1
627,364,1
627,363,1
628,363,1
628,362,1
629,361,1
630,361,1
630,360,1
631,360,1
632,359,1
633,359,1
634,359,1
635,358,1
636,358,1
637,358,1
638,357,1
639,357,1
640,357,1
641,357,1
642,357,1
643,357,1
644,357,1
645,357,1
646,357,1
647,358,1
648,358,1
649,358,1
650,358,1
651,358,1
652,358,1
653,359,1
654,359,1
655,359,1
656,359,1
657,360,1
658,360,1
659,360,1
660,361,1
661,361,1
662,361,1
663,362,1
664,362,1
665,362,1
666,363,1
667,363,1
668,363,1
669,364,1
670,364,1
671,364,1
672,365,1
673,366,1
674,366,1
675,366,1
676,367,1
677,367,1
678,367,1
679,368,1
680,369,1
681,369,1
682,370,1
683,370,1
684,370,1
685,371,1
686,371,1
687,372,1
688,372,1
689,372,1
689,373,1
690,373,1
691,373,1
692,374,1
693,374,1
694,374,1
695,375,1
696,375,1
697,375,1
698,376,1
699,376,1
700,377,1
701,377,1
702,378,1
703,378,1
704,378,1
705,379,1
706,379,1
707,380,1
708,380,1
709,380,1
710,381,1
711,381,1
712,382,1
713,382,1
714,382,1
715,383,1
716,383,1
717,383,1
718,384,1
719,384,1
720,384,1
721,385,1
722,385,1
723,386,1
724,386,1
725,386,1
726,387,1
727,387,1
728,387,1
728,388,1
729,388,1
730,389,1
731,389,1
732,390,1
733,390,1
734,390,1
735,391,1
736,392,1
737,392,1
738,392,1
739,393,1
740,393,1
741,394,1
742,394,1
743,395,1
744,395,1
745,396,1
746,396,1
747,396,1
748,397,1
749,397,1
750,398,1
751,398,1
752,398,1
753,399,1
754,399,1
755,400,1
756,400,1
757,400,1
758,401,1
759,401,1
760,401,1
761,402,1
762,402,1
763,402,1
764,403,1
765,403,1
766,403,1
767,403,1
768,404,1
769,404,1
770,404,1
771,404,1
772,404,1
773,404,1
774,404,1
775,404,1
776,404,1
777,404,1
778,403,1
779,403,1
780,403,1
781,402,1
782,402,1
783,401,1
783,400,1
784,400,1
496,308,0
207,213,1
208,213,1
209,213,1
210,213,1
211,213,1
212,214,1
213,214,1
214,214,1
215,214,1
216,214,1
217,215,1
218,215,1
219,215,1
220,215,1
221,215,1
222,215,1
223,215,1
224,216,1
225,216,1
226,216,1
227,216,1
228,216,1
229,216,1
230,216,1
231,216,1
232,216,1
233,217,1
234,217,1
235,217,1
236,217,1
237,217,1
238,217,1
239,217,1
240,218,1
241,218,1
242,218,1
243,218,1
244,218,1
245,218,1
246,218,1
247,218,1
247,219,1
248,219,1
249,219,1
250,219,1
251,219,1
252,219,1
253,219,1
254,219,1
255,220,1
256,220,1
257,220,1
258,220,1
259,220,1
260,220,1
261,220,1
262,220,1
263,221,1
264,221,1
265,221,1
266,221,1
267,221,1
268,221,1
269,221,1
270,221,1
271,222,1
272,222,1
273,222,1
274,222,1
275,222,1
276,222,1
277,222,1
278,222,1
279,222,1
279,223,1
280,223,1
281,223,1
282,223,1
283,223,1
284,223,1
285,223,1
286,223,1
287,223,1
288,224,1
289,224,1
290,224,1
291,224,1
292,224,1
293,224,1
294,224,1
295,224,1
296,224,1
297,225,1
298,225,1
299,225,1
300,225,1
301,225,1
302,225,1
303,225,1
304,225,1
305,225,1
306,225,1
307,225,1
308,226,1
309,226,1
310,226,1
311,226,1
312,226,1
313,226,1
314,226,1
315,226,1
316,226,1
317,226,1
318,226,1
319,226,1
320,226,1
321,226,1
322,226,1
323,226,1
324,226,1
325,226,1
326,226,1
327,226,1
328,226,1
329,226,1
330,226,1
331,226,1
332,226,1
333,226,1
334,226,1
335,226,1
336,226,1
337,227,1
338,227,1
339,227,1
340,227,1
341,227,1
342,227,1
343,227,1
344,227,1
345,227,1
346,227,1
347,227,1
348,227,1
349,227,1
350,227,1
351,227,1
352,227,1
353,227,1
354,227,1
355,227,1
356,227,1
357,227,1
358,228,1
359,228,1
360,228,1
361,228,1
362,228,1
363,228,1
364,228,1
365,228,1
366,228,1
367,228,1
368,228,1
369,228,1
370,228,1
371,228,1
372,228,1
373,228,1
374,228,1
375,228,1
376,228,1
377,228,1
378,229,1
379,229,1
380,229,1
381,229,1
382,229,1
383,229,1
384,229,1
385,229,1
386,229,1
387,229,1
388,229,1
389,229,1
390,229,1
391,229,1
392,229,1
393,229,1
394,229,1
395,229,1
396,229,1
397,230,1
398,230,1
399,230,1
400,230,1
401,230,1
402,230,1
403,230,1
404,230,1
405,230,1
406,230,1
407,230,1
408,230,1
409,230,1
410,230,1
411,230,1
412,230,1
413,230,1
414,230,1
415,230,1
416,230,1
417,230,1
418,230,1
419,230,1
420,230,1
421,231,1
422,231,1
423,231,1
424,231,1
425,231,1
426,231,1
427,231,1
428,231,1
429,231,1
430,231,1
431,231,1
432,231,1
433,231,1
434,231,1
435,231,1
436,231,1
437,231,1
438,231,1
439,231,1
440,231,1
441,231,1
442,231,1
443,231,1
444,231,1
445,231,1
446,231,1
447,231,1
448,231,1
449,231,1
450,231,1
451,231,1
452,231,1
453,231,1
454,231,1
455,231,1
456,231,1
457,231,1
458,231,1
459,231,1
460,231,1
461,231,1
462,231,1
463,231,1
464,232,1
465,232,1
466,232,1
467,232,1
468,232,1
469,232,1
470,232,1
471,232,1
472,232,1
473,232,1
474,232,1
475,232,1
476,232,1
477,232,1
478,232,1
479,232,1
480,232,1
481,232,1
482,232,1
483,232,1
484,232,1
485,232,1
486,232,1
487,232,1
488,232,1
489,232,1
490,232,1
491,232,1
492,232,1
493,232,1
494,232,1
495,232,1
496,232,1
497,233,1
498,233,1
499,233,1
500,233,1
501,233,1
502,233,1
503,233,1
504,233,1
505,233,1
506,233,1
507,233,1
508,233,1
509,233,1
510,233,1
511,233,1
512,233,1
513,234,1
514,234,1
515,234,1
516,234,1
517,234,1
518,234,1
519,234,1
520,234,1
521,234,1
522,234,1
523,235,1
524,235,1
525,235,1
526,235,1
527,235,1
528,235,1
529,235,1
530,235,1
531,235,1
532,235,1
533,235,1
534,236,1
535,236,1
536,236,1
537,236,1
538,236,1
539,236,1
540,236,1
541,236,1
542,236,1
543,236,1
544,236,1
545,236,1
546,237,1
547,237,1
548,237,1
549,237,1
550,237,1
551,237,1
552,237,1
553,237,1
554,237,1
555,237,1
556,237,1
557,237,1
558,237,1
559,237,1
560,237,1
561,237,1
562,237,1
563,237,1
564,237,1
565,237,1
566,237,1
567,238,1
568,238,1
569,238,1
570,238,1
571,238,1
572,238,1
573,238,1
574,238,1
575,238,1
576,239,1
577,239,1
578,239,1
579,239,1
580,239,1
581,239,1
582,239,1
583,239,1
584,239,1
585,240,1
586,240,1
587,240,1
588,240,1
589,240,1
590,240,1
591,240,1
592,240,1
593,240,1
594,241,1
595,241,1
596,241,1
597,241,1
598,241,1
599,241,1
600,241,1
601,241,1
602,241,1
603,241,1
604,242,1
605,242,1
606,242,1
607,242,1
608,242,1
609,242,1
610,242,1
611,242,1
612,242,1
613,242,1
614,243,1
615,243,1
616,243,1
617,243,1
618,243,1
619,243,1
620,243,1
621,243,1
622,243,1
623,243,1
624,243,1
625,244,1
626,244,1
627,244,1
628,244,1
629,244,1
630,244,1
631,244,1
632,244,1
633,244,1
634,244,1
635,245,1
636,245,1
637,245,1
638,245,1
639,245,1
640,245,1
641,245,1
642,245,1
643,245,1
644,245,1
645,245,1
646,246,1
647,246,1
648,246,1
649,246,1
650,246,1
651,246,1
652,246,1
653,246,1
654,246,1
655,246,1
656,246,1
657,247,1
658,247,1
659,247,1
660,247,1
661,247,1
662,247,1
663,247,1
664,247,1
665,247,1
666,247,1
667,247,1
668,247,1
669,247,1
670,247,1
671,247,1
672,247,1
673,247,1
674,247,1
675,247,1
676,247,1
677,247,1
678,248,1
679,248,1
680,248,1
681,248,1
682,248,1
683,248,1
684,248,1
685,248,1
686,248,1
687,248,1
688,249,1
689,249,1
690,249,1
691,249,1
692,249,1
693,249,1
694,249,1
695,249,1
696,249,1
697,250,1
698,250,1
699,250,1
700,250,1
701,250,1
702,250,1
703,250,1
704,250,1
705,250,1
706,250,1
707,250,1
708,251,1
709,251,1
710,251,1
711,251,1
712,251,1
713,251,1
714,251,1
715,251,1
716,251,1
717,251,1
718,251,1
719,252,1
720,252,1
721,252,1
722,252,1
723,252,1
724,252,1
725,252,1
726,252,1
727,252,1
728,252,1
729,252,1
730,253,1
731,253,1
732,253,1
733,253,1
734,253,1
735,253,1
736,253,1
737,253,1
738,253,1
739,253,1
740,254,1
741,254,1
742,254,1
743,254,1
744,254,1
745,254,1
746,254,1
747,254,1
748,254,1
749,254,1
750,254,1
751,255,1
752,255,1
753,255,1
754,255,1
755,255,1
756,255,1
757,255,1
758,255,1
759,255,1
759,256,1
760,256,1
761,256,1
762,256,1
763,256,1
764,256,1
763,256,1
628,235,0
491,210,1
491,211,1
491,212,1
492,213,1
492,214,1
493,215,1
493,216,1
494,217,1
494,218,1
495,219,1
495,220,1
496,221,1
496,222,1
497,222,1
498,223,1
498,224,1
499,225,1
499,226,1
500,227,1
501,228,1
501,229,1
502,229,1
503,230,1
503,231,1
504,232,1
505,232,1
506,233,1
506,234,1
507,235,1
508,236,1
509,237,1
510,238,1
511,238,1
512,239,1
512,240,1
513,240,1
514,241,1
515,241,1
515,242,1
516,242,1
517,243,1
518,243,1
518,244,1
519,244,1
520,245,1
521,245,1
522,246,1
523,246,1
524,246,1
525,247,1
526,247,1
527,248,1
528,248,1
529,248,1
530,248,1
531,248,1
532,249,1
533,249,1
534,249,1
535,249,1
536,249,1
537,249,1
538,250,1
539,250,1
540,250,1
541,250,1
542,250,1
543,250,1
544,250,1
545,250,1
546,250,1
547,250,1
548,249,1
549,249,1
550,249,1
551,249,1
552,249,1
553,249,1
554,248,1
555,248,1
556,248,1
557,248,1
558,248,1
559,248,1
560,248,1
561,247,1
562,247,1
563,247,1
564,247,1
565,246,1
566,246,1
567,246,1
568,246,1
569,245,1
570,245,1
571,245,1
572,245,1
573,244,1
574,244,1
575,243,1
576,243,1
577,242,1
578,242,1
579,241,1
580,241,1
581,241,1
582,240,1
583,240,1
584,239,1
585,238,1
586,238,1
587,237,1
588,236,1
589,236,1
590,235,1
591,234,1
592,233,1
593,233,1
593,232,1
594,231,1
595,231,1
596,230,1
596,229,1
597,229,1
598,228,1
598,227,1
599,226,1
600,226,1
600,225,1
601,224,1
601,223,1
602,222,1
603,221,1
603,220,1
603,219,1
604,218,1
604,217,1
605,216,1
605,215,1
605,214,1
605,213,1
605,212,1
605,211,1
605,210,1
604,211,1
604,211,0
545,223,0
