255,417,1
255,418,1
255,419,1
255,420,1
255,421,1
255,422,1
255,423,1
255,424,1
255,425,1
255,426,1
255,427,1
255,428,1
255,429,1
255,430,1
255,431,1
255,432,1
255,433,1
255,434,1
255,435,1
255,436,1
255,437,1
255,438,1
255,439,1
255,440,1
255,441,1
255,442,1
255,443,1
255,444,1
255,445,1
255,446,1
255,447,1
255,448,1
255,449,1
255,450,1
255,451,1
255,452,1
255,453,1
255,454,1
255,455,1
255,456,1
255,457,1
255,458,1
255,459,1
255,460,1
255,461,1
255,462,1
255,463,1
255,464,1
255,465,1
255,466,1
255,467,1
255,468,1
255,469,1
255,470,1
255,471,1
255,472,1
255,473,1
255,474,1
255,475,1
255,476,1
255,477,1
255,478,1
255,479,1
255,480,1
255,481,1
255,482,1
255,483,1
255,484,1
255,485,1
255,486,1
255,487,1
254,488,1
254,489,1
254,490,1
254,491,1
254,492,1
254,493,1
254,494,1
254,495,1
254,496,1
254,497,1
254,498,1
254,499,1
253,500,1
253,501,1
253,502,1
253,503,1
253,504,1
253,505,1
252,506,1
252,507,1
252,508,1
252,509,1
251,509,1
251,510,1
251,511,1
250,512,1
250,513,1
250,514,1
249,514,1
249,515,1
248,516,1
248,517,1
247,518,1
246,519,1
245,519,1
245,520,1
244,520,1
243,521,1
242,521,1
241,521,1
240,521,1
239,522,1
238,521,1
237,521,1
236,521,1
235,521,1
234,520,1
233,519,1
232,519,1
232,518,1
232,517,1
231,517,1
231,516,1
231,515,1
230,515,1
230,514,1
230,513,1
230,512,1
230,511,1
230,510,1
230,509,1
230,508,1
230,507,1
230,506,1
231,505,1
231,504,1
231,503,1
232,503,1
232,502,1
232,501,1
233,500,1
233,499,1
234,499,1
234,498,1
235,497,1
236,497,1
236,496,1
237,495,1
238,495,1
239,494,1
239,493,1
240,493,1
241,492,1
242,492,1
243,491,1
244,490,1
245,490,1
246,489,1
247,489,1
248,488,1
249,488,1
250,487,1
251,487,1
251,486,1
252,486,1
253,485,1
254,485,1
255,485,1
256,484,1
257,484,1
258,484,1
259,483,1
260,483,1
261,483,1
262,482,1
263,482,1
264,482,1
265,481,1
266,481,1
267,481,1
268,480,1
269,480,1
270,480,1
271,480,1
272,479,1
273,479,1
274,479,1
274,478,1
275,478,1
276,478,1
277,477,1
278,477,1
279,477,1
280,477,1
281,476,1
282,476,1
283,476,1
284,476,1
285,475,1
286,475,1
287,475,1
288,475,1
289,474,1
290,474,1
291,473,1
292,473,1
293,473,1
294,473,1
295,472,1
296,472,1
297,472,1
298,472,1
299,471,1
300,471,1
301,471,1
302,471,1
303,470,1
304,470,1
305,469,1
306,469,1
307,469,1
308,469,1
309,468,1
310,468,1
311,468,1
312,468,1
313,467,1
314,467,1
315,467,1
316,467,1
317,466,1
318,466,1
319,466,1
320,465,1
321,465,1
322,465,1
323,465,1
324,464,1
325,464,1
326,464,1
327,463,1
328,463,1
329,463,1
330,462,1
331,462,1
332,462,1
333,461,1
334,461,1
335,461,1
336,461,1
337,460,1
338,460,1
339,460,1
340,459,1
341,459,1
342,459,1
343,458,1
344,458,1
345,457,1
346,457,1
347,457,1
348,456,1
349,456,1
350,456,1
351,456,1
352,455,1
353,455,1
354,454,1
355,454,1
356,454,1
357,453,1
358,453,1
359,452,1
360,452,1
361,452,1
362,451,1
363,451,1
364,451,1
365,450,1
366,450,1
367,449,1
368,449,1
369,449,1
370,448,1
371,447,1
372,447,1
373,447,1
374,446,1
375,446,1
376,445,1
377,445,1
378,444,1
379,444,1
379,443,1
380,443,1
381,443,1
382,442,1
383,442,1
384,441,1
385,441,1
385,440,1
386,440,1
387,439,1
388,439,1
389,438,1
390,437,1
391,437,1
392,436,1
393,436,1
393,435,1
394,435,1
395,434,1
396,433,1
397,433,1
397,432,1
398,432,1
399,431,1
400,430,1
401,430,1
401,429,1
402,428,1
403,428,1
404,427,1
405,426,1
406,425,1
407,424,1
408,424,1
408,423,1
409,422,1
410,421,1
411,421,1
411,420,1
412,419,1
413,418,1
414,417,1
415,416,1
416,415,1
416,414,1
417,413,1
417,412,1
418,411,1
419,411,1
419,410,1
420,409,1
420,408,1
421,407,1
421,406,1
422,405,1
423,404,1
423,403,1
423,402,1
424,401,1
424,400,1
424,399,1
425,398,1
425,397,1
425,396,1
426,395,1
426,394,1
426,393,1
426,392,1
427,391,1
427,390,1
427,389,1
427,388,1
427,387,1
427,386,1
427,385,1
427,384,1
427,383,1
427,382,1
427,381,1
426,380,1
426,379,1
426,378,1
426,377,1
425,377,1
425,376,1
424,375,1
424,374,1
423,374,1
422,373,1
421,373,1
420,373,1
419,373,1
419,374,1
418,374,1
417,375,1
417,376,1
416,376,1
416,377,1
415,378,1
415,379,1
414,380,1
414,381,1
414,382,1
413,383,1
413,384,1
413,385,1
413,386,1
413,387,1
413,388,1
413,389,1
412,390,1
412,391,1
412,392,1
412,393,1
412,394,1
412,395,1
412,396,1
412,397,1
412,398,1
412,399,1
412,400,1
412,401,1
412,402,1
412,403,1
411,404,1
411,405,1
411,406,1
411,407,1
411,408,1
411,409,1
411,410,1
411,411,1
411,412,1
411,413,1
411,414,1
411,415,1
411,416,1
411,417,1
411,418,1
411,419,1
411,420,1
411,421,1
411,422,1
411,423,1
411,424,1
411,425,1
411,426,1
411,427,1
411,428,1
411,429,1
411,430,1
411,431,1
411,432,1
411,433,1
411,434,1
411,435,1
411,436,1
411,437,1
411,438,1
411,439,1
411,440,1
411,441,1
411,442,1
411,443,1
411,444,1
411,445,1
411,446,1
411,447,1
411,448,1
411,449,1
411,450,1
411,451,1
411,452,1
411,453,1
411,454,1
412,455,1
412,456,1
412,457,1
412,458,1
412,459,1
412,460,1
412,461,1
412,462,1
412,463,1
412,464,1
412,465,1
412,466,1
412,467,1
412,468,1
412,469,1
412,470,1
412,471,1
412,472,1
412,473,1
412,474,1
412,475,1
412,476,1
412,477,1
412,478,1
412,479,1
412,480,1
412,481,1
412,482,1
412,483,1
412,484,1
412,485,1
412,486,1
412,487,1
412,488,1
412,489,1
412,490,1
412,491,1
412,492,1
412,493,1
412,494,1
412,495,1
412,496,1
412,497,1
412,498,1
412,499,1
412,500,1
412,501,1
412,502,1
412,503,1
412,504,1
412,505,1
412,506,1
412,507,1
412,508,1
412,509,1
412,510,1
412,511,1
412,512,1
412,513,1
412,514,1
412,515,1
412,516,1
412,517,1
412,518,1
412,519,1
413,519,1
465,457,0
517,393,1
517,394,1
517,395,1
517,396,1
517,397,1
517,398,1
517,399,1
517,400,1
517,401,1
517,402,1
517,403,1
517,404,1
517,405,1
517,406,1
517,407,1
517,408,1
517,409,1
517,410,1
517,411,1
517,412,1
517,413,1
517,414,1
517,415,1
517,416,1
517,417,1
517,418,1
517,419,1
517,420,1
517,421,1
517,422,1
517,423,1
517,424,1
517,425,1
517,426,1
517,427,1
517,428,1
517,429,1
517,430,1
517,431,1
517,432,1
517,433,1
517,434,1
517,435,1
517,436,1
517,437,1
517,438,1
517,439,1
517,440,1
517,441,1
517,442,1
517,443,1
517,444,1
517,445,1
517,446,1
517,447,1
517,448,1
517,449,1
517,450,1
517,451,1
517,452,1
517,453,1
517,454,1
517,455,1
517,456,1
517,457,1
517,458,1
517,459,1
517,460,1
517,461,1
517,462,1
517,463,1
517,464,1
517,465,1
517,466,1
517,465,1
517,464,1
515,371,0
508,272,1
509,273,1
509,274,1
510,274,1
510,275,1
511,276,1
512,276,1
512,277,1
513,278,1
513,279,1
514,280,1
515,280,1
515,281,1
516,282,1
517,283,1
517,284,1
518,284,1
519,285,1
519,286,1
520,287,1
521,288,1
522,289,1
522,290,1
523,291,1
524,291,1
524,292,1
525,293,1
526,294,1
526,295,1
527,295,1
528,296,1
528,297,1
529,298,1
529,299,1
530,299,1
531,300,1
531,301,1
532,302,1
533,303,1
534,304,1
535,305,1
535,306,1
536,307,1
537,308,1
538,309,1
539,310,1
539,311,1
540,312,1
541,312,1
542,313,1
542,314,1
543,315,1
544,316,1
545,317,1
546,318,1
546,319,1
547,320,1
548,320,1
548,321,1
549,322,1
550,323,1
550,324,1
551,324,1
552,325,1
553,326,1
553,327,1
554,328,1
555,329,1
556,330,1
557,331,1
558,332,1
558,333,1
559,333,1
560,334,1
560,335,1
561,336,1
562,336,1
563,337,1
563,338,1
564,339,1
565,339,1
566,340,1
566,341,1
567,342,1
568,343,1
569,343,1
569,344,1
570,345,1
571,345,1
572,346,1
573,346,1
573,347,1
574,347,1
575,348,1
694,345,0
816,339,1
816,340,1
817,341,1
817,342,1
818,343,1
818,344,1
819,345,1
819,346,1
819,347,1
819,348,1
820,348,1
820,349,1
819,349,1
819,350,1
818,351,1
818,352,1
817,353,1
817,354,1
816,354,1
815,355,1
814,355,1
813,355,1
813,356,1
812,356,1
811,356,1
810,356,1
809,356,1
808,356,1
807,356,1
806,356,1
805,356,1
804,356,1
803,356,1
802,356,1
801,356,1
800,356,1
799,356,1
798,356,1
797,356,1
796,356,1
795,356,1
794,356,1
793,356,1
792,356,1
791,356,1
790,355,1
789,355,1
788,355,1
787,355,1
786,355,1
785,355,1
784,355,1
783,355,1
782,355,1
781,355,1
780,355,1
779,355,1
778,356,1
777,356,1
776,356,1
775,356,1
774,356,1
773,356,1
772,356,1
771,357,1
770,357,1
769,357,1
768,357,1
767,357,1
766,358,1
765,358,1
764,359,1
763,359,1
762,359,1
761,360,1
760,360,1
759,361,1
758,361,1
758,362,1
757,362,1
756,363,1
755,364,1
754,364,1
754,365,1
753,366,1
752,366,1
751,367,1
751,368,1
750,369,1
749,370,1
749,371,1
748,372,1
747,373,1
747,374,1
747,375,1
746,376,1
746,377,1
746,378,1
746,379,1
746,380,1
746,381,1
746,382,1
746,383,1
746,384,1
746,385,1
747,386,1
747,387,1
748,388,1
748,389,1
749,389,1
749,390,1
750,391,1
751,392,1
752,393,1
753,393,1
753,394,1
754,395,1
755,395,1
756,395,1
756,396,1
757,396,1
758,397,1
759,397,1
760,398,1
761,398,1
762,399,1
763,399,1
764,399,1
765,400,1
766,400,1
767,400,1
768,400,1
769,401,1
770,401,1
771,401,1
772,401,1
773,402,1
774,402,1
775,402,1
776,402,1
777,402,1
778,403,1
779,403,1
780,403,1
781,403,1
782,403,1
783,403,1
784,403,1
785,403,1
786,403,1
787,404,1
788,404,1
789,404,1
790,404,1
791,404,1
792,404,1
793,404,1
794,404,1
795,404,1
796,404,1
797,404,1
798,404,1
799,404,1
800,404,1
801,404,1
802,404,1
803,404,1
804,404,1
805,404,1
806,404,1
807,404,1
808,404,1
809,404,1
810,404,1
811,404,1
812,404,1
813,404,1
814,404,1
815,404,1
816,404,1
817,404,1
818,404,1
819,403,1
820,403,1
821,403,1
821,402,1
820,402,1
819,402,1
818,402,1
817,402,1
816,402,1
815,402,1
814,402,1
813,402,1
812,402,1
811,402,1
810,402,1
809,403,1
808,403,1
807,403,1
806,403,1
805,403,1
804,404,1
803,404,1
802,404,1
801,404,1
800,405,1
799,405,1
798,405,1
797,406,1
796,406,1
795,406,1
794,407,1
793,407,1
792,408,1
791,408,1
790,408,1
789,409,1
788,409,1
787,410,1
786,410,1
785,411,1
784,411,1
783,412,1
782,413,1
781,414,1
780,414,1
779,415,1
778,416,1
777,416,1
776,417,1
776,418,1
775,418,1
774,419,1
773,420,1
772,420,1
772,421,1
771,422,1
770,423,1
769,424,1
768,425,1
768,426,1
767,427,1
766,427,1
766,428,1
765,429,1
765,430,1
764,431,1
764,432,1
763,433,1
763,434,1
763,435,1
762,435,1
762,436,1
762,437,1
761,438,1
761,439,1
761,440,1
761,441,1
761,442,1
760,443,1
760,444,1
760,445,1
760,446,1
760,447,1
761,448,1
761,449,1
761,450,1
761,451,1
761,452,1
762,453,1
762,454,1
762,455,1
763,456,1
763,457,1
764,458,1
764,459,1
765,459,1
765,460,1
766,461,1
766,462,1
767,462,1
768,463,1
768,464,1
769,464,1
770,465,1
771,466,1
772,466,1
772,467,1
773,467,1
774,468,1
775,468,1
775,469,1
776,469,1
777,470,1
778,470,1
779,471,1
780,471,1
781,471,1
782,472,1
783,472,1
784,473,1
785,473,1
786,473,1
787,473,1
788,474,1
789,474,1
790,474,1
791,474,1
792,474,1
793,475,1
794,475,1
795,475,1
796,475,1
797,475,1
798,475,1
799,475,1
800,475,1
801,476,1
802,476,1
803,476,1
804,476,1
805,476,1
806,476,1
807,475,1
808,475,1
809,475,1
810,475,1
811,475,1
812,475,1
813,475,1
814,475,1
815,475,1
816,475,1
817,475,1
818,475,1
819,474,1
820,474,1
821,473,1
822,473,1
823,472,1
730,468,0
643,456,1
643,457,1
643,458,1
643,459,1
643,460,1
643,461,1
644,460,1
644,459,1
645,458,1
645,457,1
645,456,1
646,455,1
646,454,1
646,453,1
647,452,1
647,451,1
647,450,1
648,449,1
648,448,1
648,447,1
648,446,1
648,445,1
649,444,1
649,443,1
649,442,1
649,441,1
650,440,1
650,439,1
650,438,1
650,437,1
651,436,1
651,435,1
651,434,1
651,433,1
652,432,1
652,431,1
652,430,1
652,429,1
652,428,1
653,427,1
653,426,1
653,425,1
653,424,1
654,423,1
654,422,1
654,421,1
654,420,1
655,419,1
655,418,1
655,417,1
655,416,1
655,415,1
656,414,1
656,413,1
656,412,1
656,411,1
657,410,1
657,409,1
657,408,1
657,407,1
658,406,1
658,405,1
658,404,1
659,403,1
659,402,1
659,401,1
659,400,1
660,399,1
660,398,1
660,397,1
660,396,1
661,395,1
661,394,1
661,393,1
661,392,1
662,391,1
662,390,1
662,389,1
663,388,1
663,387,1
663,386,1
663,385,1
664,384,1
664,383,1
664,382,1
664,381,1
665,380,1
665,379,1
665,378,1
665,377,1
666,376,1
666,375,1
666,374,1
667,373,1
667,372,1
667,371,1
668,370,1
668,369,1
668,368,1
668,367,1
669,366,1
669,365,1
669,364,1
670,363,1
670,362,1
670,361,1
670,360,1
671,359,1
671,358,1
671,357,1
672,356,1
672,355,1
672,354,1
673,353,1
673,352,1
673,351,1
673,350,1
674,349,1
674,348,1
675,347,1
675,346,1
675,345,1
675,344,1
676,343,1
676,342,1
676,341,1
677,340,1
677,339,1
677,338,1
677,337,1
678,336,1
678,335,1
679,334,1
679,333,1
679,332,1
680,331,1
680,330,1
680,329,1
680,328,1
681,327,1
681,326,1
681,325,1
682,324,1
682,323,1
683,322,1
683,321,1
683,320,1
684,319,1
684,318,1
684,317,1
685,316,1
685,315,1
685,314,1
685,313,1
686,312,1
686,311,1
687,310,1
687,309,1
688,308,1
688,307,1
688,306,1
689,305,1
689,304,1
690,303,1
690,302,1
690,301,1
691,300,1
691,299,1
691,298,1
692,297,1
693,296,1
693,295,1
693,294,1
694,293,1
694,292,1
695,291,1
695,290,1
696,289,1
696,288,1
697,287,1
697,286,1
698,285,1
699,284,1
699,283,1
699,282,1
700,281,1
701,280,1
701,279,1
702,278,1
702,277,1
703,277,1
703,276,1
704,275,1
704,274,1
705,274,1
705,273,1
706,272,1
707,271,1
708,270,1
708,269,1
709,269,1
710,268,1
710,267,1
711,266,1
712,266,1
712,265,1
713,265,1
714,264,1
715,263,1
716,262,1
717,262,1
718,261,1
719,260,1
720,259,1
721,259,1
722,259,1
723,258,1
724,258,1
725,257,1
726,257,1
727,256,1
728,256,1
729,256,1
730,256,1
731,255,1
732,255,1
733,255,1
734,255,1
735,255,1
736,255,1
737,255,1
738,255,1
739,255,1
740,255,1
741,255,1
742,255,1
743,256,1
744,256,1
745,256,1
746,256,1
747,257,1
748,257,1
749,258,1
750,258,1
751,258,1
751,259,1
752,259,1
753,260,1
754,260,1
755,261,1
756,261,1
757,262,1
758,262,1
758,263,1
759,264,1
760,264,1
761,265,1
762,265,1
762,266,1
763,267,1
764,268,1
765,268,1
765,269,1
766,270,1
767,270,1
768,271,1
768,272,1
769,273,1
770,273,1
770,274,1
771,275,1
772,276,1
773,277,1
774,278,1
774,279,1
775,280,1
776,281,1
777,282,1
777,283,1
778,284,1
778,285,1
779,285,1
779,286,1
780,287,1
781,288,1
781,289,1
782,290,1
782,291,1
783,291,1
783,292,1
784,293,1
784,294,1
785,295,1
785,296,1
786,297,1
787,298,1
787,299,1
788,300,1
788,301,1
789,302,1
789,303,1
790,304,1
791,305,1
791,306,1
792,307,1
792,308,1
792,309,1
793,310,1
793,311,1
794,311,1
794,312,1
795,313,1
795,314,1
796,315,1
796,316,1
797,317,1
797,318,1
798,319,1
798,320,1
799,321,1
799,322,1
800,323,1
800,324,1
800,325,1
801,325,1
801,326,1
802,327,1
802,328,1
803,329,1
803,330,1
803,331,1
804,331,1
804,332,1
805,333,1
805,334,1
805,335,1
806,336,1
806,337,1
807,338,1
807,339,1
808,340,1
808,341,1
966,354,0
1128,367,1
1128,368,1
1128,369,1
1128,370,1
1128,371,1
1128,372,1
1128,373,1
1128,374,1
1127,375,1
1127,376,1
1127,377,1
1127,378,1
1127,379,1
1127,380,1
1127,381,1
1127,382,1
1127,383,1
1127,384,1
1127,385,1
1127,386,1
1126,387,1
1126,388,1
1126,389,1
1126,390,1
1126,391,1
1126,392,1
1125,392,1
1125,393,1
1125,394,1
1124,395,1
1124,396,1
1123,396,1
1123,397,1
1122,398,1
1121,398,1
1121,399,1
1120,399,1
1119,399,1
1118,399,1
1117,399,1
1116,398,1
1115,398,1
1114,397,1
1113,397,1
1113,396,1
1112,396,1
1111,395,1
1110,395,1
1110,394,1
1109,393,1
1108,393,1
1108,392,1
1107,391,1
1106,391,1
1106,390,1
1105,389,1
1104,389,1
1104,388,1
1103,388,1
1103,387,1
1102,386,1
1101,386,1
1101,385,1
1100,385,1
1099,384,1
1098,384,1
1098,383,1
1097,382,1
1096,382,1
1096,381,1
1095,381,1
1094,381,1
1093,380,1
1092,380,1
1092,379,1
1091,379,1
1090,378,1
1089,378,1
1088,377,1
1087,377,1
1086,377,1
1085,376,1
1084,376,1
1083,376,1
1082,375,1
1081,375,1
1080,375,1
1079,375,1
1078,375,1
1077,374,1
1076,374,1
1075,374,1
1074,374,1
1073,374,1
1072,374,1
1071,374,1
1070,374,1
1069,374,1
1068,374,1
1067,374,1
1066,374,1
1065,374,1
1064,374,1
1063,374,1
1062,374,1
1061,375,1
1060,375,1
1059,375,1
1058,375,1
1057,375,1
1057,376,1
1056,376,1
1055,376,1
1054,376,1
1053,377,1
1052,377,1
1051,377,1
1050,378,1
1049,378,1
1048,378,1
1047,379,1
1046,379,1
1045,380,1
1044,380,1
1043,380,1
1042,381,1
1041,381,1
1040,382,1
1039,382,1
1039,383,1
1038,383,1
1037,384,1
1036,384,1
1035,385,1
1034,385,1
1033,386,1
1032,386,1
1031,387,1
1030,388,1
1029,389,1
1028,389,1
1027,390,1
1026,390,1
1025,391,1
1024,392,1
1023,393,1
1022,394,1
1021,394,1
1020,395,1
1019,396,1
1018,397,1
1017,398,1
1016,398,1
1016,399,1
1015,400,1
1014,401,1
1013,401,1
1013,402,1
1012,403,1
1011,403,1
1010,404,1
1010,405,1
1009,406,1
1008,407,1
1007,408,1
1006,409,1
1006,410,1
1005,410,1
1005,411,1
1004,412,1
1003,413,1
1003,414,1
1002,415,1
1001,416,1
1001,417,1
1000,418,1
1000,419,1
999,420,1
999,421,1
998,421,1
998,422,1
997,423,1
997,424,1
996,425,1
996,426,1
995,427,1
995,428,1
994,429,1
994,430,1
993,431,1
993,432,1
992,433,1
992,434,1
992,435,1
991,436,1
991,437,1
991,438,1
990,439,1
990,440,1
990,441,1
990,442,1
989,443,1
989,444,1
989,445,1
989,446,1
988,447,1
988,448,1
988,449,1
988,450,1
988,451,1
988,452,1
988,453,1
988,454,1
987,455,1
987,456,1
987,457,1
987,458,1
987,459,1
987,460,1
987,461,1
987,462,1
987,463,1
988,464,1
988,465,1
988,466,1
989,467,1
633,406,0
271,353,1
272,353,1
273,353,1
274,353,1
275,353,1
276,353,1
277,353,1
278,353,1
279,353,1
280,352,1
281,352,1
282,352,1
283,352,1
284,352,1
285,352,1
286,352,1
287,352,1
288,352,1
289,352,1
290,352,1
291,352,1
292,352,1
293,352,1
294,352,1
295,352,1
296,352,1
297,351,1
298,351,1
299,351,1
300,351,1
301,351,1
302,351,1
303,351,1
304,351,1
305,351,1
306,351,1
307,351,1
308,351,1
309,350,1
310,350,1
311,350,1
312,350,1
313,350,1
314,350,1
315,350,1
316,350,1
317,350,1
318,350,1
319,350,1
320,350,1
321,349,1
322,349,1
323,349,1
324,349,1
325,349,1
326,349,1
327,349,1
328,349,1
329,349,1
330,349,1
331,349,1
332,349,1
333,349,1
334,349,1
335,348,1
336,348,1
337,348,1
338,348,1
339,348,1
340,348,1
341,348,1
342,348,1
343,348,1
344,348,1
345,348,1
346,348,1
347,348,1
348,348,1
349,348,1
350,348,1
351,348,1
352,348,1
353,348,1
354,348,1
355,348,1
356,347,1
357,347,1
358,347,1
359,347,1
360,347,1
361,347,1
362,347,1
363,347,1
364,347,1
365,347,1
366,347,1
367,347,1
368,347,1
369,347,1
370,346,1
371,346,1
372,346,1
373,346,1
374,346,1
375,346,1
376,346,1
377,346,1
378,346,1
379,346,1
380,346,1
381,346,1
382,346,1
383,346,1
384,345,1
385,345,1
386,345,1
387,345,1
388,345,1
389,345,1
390,345,1
391,345,1
392,345,1
393,345,1
394,345,1
395,345,1
396,345,1
397,345,1
398,345,1
399,345,1
400,344,1
401,344,1
402,344,1
403,344,1
404,344,1
405,344,1
406,344,1
407,344,1
408,344,1
409,344,1
410,344,1
411,344,1
412,344,1
413,344,1
414,344,1
415,344,1
416,344,1
417,344,1
418,344,1
419,344,1
420,343,1
421,343,1
422,343,1
423,343,1
424,343,1
425,343,1
426,343,1
427,343,1
428,343,1
429,343,1
430,343,1
431,343,1
432,342,1
433,342,1
434,342,1
435,342,1
436,342,1
437,342,1
438,342,1
439,342,1
440,342,1
441,342,1
442,342,1
443,341,1
444,341,1
445,341,1
446,341,1
447,341,1
448,341,1
449,341,1
450,341,1
451,341,1
452,341,1
453,341,1
454,341,1
455,340,1
456,340,1
457,340,1
458,340,1
459,340,1
460,340,1
461,340,1
462,340,1
463,340,1
464,340,1
465,340,1
466,340,1
467,340,1
468,340,1
469,340,1
470,340,1
471,340,1
472,339,1
473,339,1
474,339,1
475,339,1
476,339,1
477,339,1
478,339,1
479,339,1
480,339,1
481,339,1
482,339,1
483,339,1
484,338,1
485,338,1
486,338,1
487,338,1
488,338,1
489,338,1
490,338,1
491,338,1
492,338,1
493,338,1
494,338,1
495,337,1
496,337,1
497,337,1
498,337,1
499,337,1
500,337,1
501,337,1
502,337,1
503,337,1
504,337,1
505,337,1
506,337,1
507,337,1
508,337,1
509,336,1
510,336,1
511,336,1
512,336,1
513,336,1
514,336,1
515,336,1
516,336,1
517,336,1
518,336,1
519,336,1
520,336,1
521,336,1
522,336,1
523,336,1
524,336,1
525,336,1
526,336,1
527,336,1
528,335,1
529,335,1
530,335,1
531,335,1
532,335,1
533,335,1
534,335,1
535,335,1
536,335,1
537,335,1
538,335,1
539,335,1
540,335,1
541,335,1
542,334,1
543,334,1
544,334,1
545,334,1
546,334,1
547,334,1
548,334,1
549,334,1
550,334,1
551,334,1
552,334,1
553,334,1
554,334,1
555,334,1
556,333,1
557,333,1
558,333,1
559,333,1
560,333,1
561,333,1
562,333,1
563,333,1
564,333,1
565,333,1
566,333,1
567,333,1
568,333,1
569,333,1
570,333,1
571,333,1
572,333,1
573,332,1
574,332,1
575,332,1
576,332,1
577,332,1
578,332,1
579,332,1
580,332,1
581,332,1
582,332,1
583,332,1
584,332,1
585,332,1
586,332,1
587,332,1
588,332,1
589,332,1
590,332,1
591,332,1
592,332,1
593,332,1
594,332,1
595,332,1
596,332,1
597,332,1
598,332,1
599,332,1
600,332,1
601,332,1
602,332,1
603,332,1
604,332,1
605,331,1
606,331,1
607,331,1
608,331,1
609,331,1
610,331,1
611,331,1
612,331,1
613,331,1
614,331,1
615,331,1
616,331,1
617,331,1
618,331,1
619,331,1
620,331,1
621,331,1
622,331,1
623,331,1
624,331,1
625,331,1
626,331,1
627,331,1
628,331,1
629,331,1
630,331,1
631,331,1
632,331,1
633,331,1
634,331,1
635,331,1
636,331,1
637,331,1
638,331,1
639,331,1
640,331,1
641,331,1
642,331,1
643,331,1
644,331,1
645,331,1
646,331,1
647,331,1
648,331,1
649,331,1
650,331,1
651,331,1
652,331,1
653,331,1
654,331,1
655,331,1
656,331,1
657,331,1
658,331,1
659,331,1
660,331,1
661,331,1
662,331,1
663,331,1
664,331,1
665,331,1
666,331,1
667,331,1
668,331,1
669,331,1
670,331,1
671,331,1
672,331,1
673,331,1
674,330,1
675,330,1
676,330,1
677,330,1
678,330,1
679,330,1
680,330,1
681,330,1
682,330,1
683,330,1
684,330,1
685,330,1
686,330,1
687,330,1
688,330,1
689,330,1
690,330,1
691,329,1
692,329,1
693,329,1
694,329,1
695,329,1
696,329,1
697,329,1
698,329,1
699,329,1
700,329,1
701,329,1
702,329,1
703,329,1
704,329,1
705,329,1
706,329,1
707,329,1
708,329,1
709,329,1
710,329,1
711,329,1
712,329,1
713,329,1
714,329,1
715,329,1
716,329,1
717,329,1
718,329,1
719,329,1
720,329,1
721,329,1
722,329,1
723,329,1
724,329,1
725,329,1
726,329,1
727,329,1
728,329,1
729,329,1
730,329,1
731,329,1
732,329,1
733,329,1
734,329,1
735,329,1
736,329,1
737,329,1
738,329,1
739,329,1
740,329,1
741,329,1
742,329,1
743,329,1
744,329,1
745,329,1
746,329,1
747,329,1
748,329,1
749,329,1
750,329,1
751,329,1
752,329,1
753,329,1
754,329,1
755,329,1
756,329,1
757,329,1
758,329,1
759,329,1
760,329,1
761,329,1
762,329,1
763,329,1
764,329,1
765,329,1
766,330,1
767,330,1
768,330,1
769,330,1
770,330,1
771,330,1
772,330,1
773,330,1
774,330,1
775,330,1
776,330,1
777,330,1
778,330,1
779,330,1
780,330,1
781,330,1
782,330,1
783,331,1
784,331,1
785,331,1
786,331,1
787,331,1
788,331,1
789,331,1
790,331,1
791,331,1
792,331,1
793,331,1
794,331,1
795,331,1
796,331,1
797,331,1
798,331,1
799,331,1
800,331,1
801,331,1
802,331,1
803,331,1
804,331,1
805,331,1
806,331,1
807,331,1
808,331,1
809,331,1
810,331,1
811,331,1
812,331,1
813,331,1
814,331,1
815,331,1
816,331,1
817,331,1
818,331,1
819,331,1
820,331,1
821,331,1
822,331,1
823,331,1
824,331,1
825,331,1
826,331,1
827,331,1
828,331,1
829,331,1
830,331,1
831,331,1
832,331,1
833,331,1
834,331,1
835,331,1
836,331,1
837,331,1
838,331,1
839,331,1
840,331,1
841,331,1
842,331,1
843,331,1
844,331,1
845,331,1
846,331,1
847,331,1
848,331,1
849,331,1
850,331,1
851,331,1
852,331,1
853,331,1
854,331,1
855,331,1
856,331,1
857,331,1
858,331,1
859,331,1
860,331,1
861,331,1
862,331,1
863,331,1
864,331,1
865,331,1
866,331,1
867,331,1
868,331,1
869,331,1
870,331,1
871,331,1
872,331,1
873,331,1
874,331,1
875,331,1
876,331,1
877,331,1
878,331,1
879,331,1
880,331,1
881,331,1
882,331,1
883,331,1
884,331,1
885,331,1
886,331,1
887,331,1
888,331,1
889,331,1
890,331,1
891,331,1
892,331,1
893,331,1
894,331,1
895,331,1
896,331,1
897,331,1
898,331,1
899,331,1
900,331,1
901,331,1
902,331,1
903,331,1
904,331,1
905,331,1
906,331,1
907,331,1
908,331,1
909,331,1
910,331,1
911,331,1
912,331,1
913,331,1
914,331,1
915,331,1
916,331,1
917,331,1
918,331,1
919,331,1
920,331,1
921,331,1
922,331,1
923,331,1
924,331,1
925,331,1
926,331,1
927,331,1
928,331,1
929,331,1
930,331,1
931,331,1
932,331,1
933,331,1
934,331,1
935,331,1
936,331,1
937,331,1
938,331,1
939,331,1
940,331,1
941,331,1
942,331,1
943,331,1
944,331,1
945,331,1
946,331,1
947,331,1
948,331,1
949,331,1
950,331,1
951,331,1
952,331,1
953,331,1
954,331,1
955,331,1
956,331,1
957,330,1
958,330,1
959,330,1
960,330,1
961,330,1
962,330,1
963,330,1
964,330,1
965,330,1
966,330,1
967,330,1
968,330,1
969,330,1
970,330,1
971,330,1
972,330,1
973,329,1
974,329,1
975,329,1
976,329,1
977,329,1
978,329,1
979,329,1
980,329,1
981,329,1
982,329,1
983,329,1
984,329,1
985,329,1
986,329,1
987,329,1
988,329,1
989,329,1
990,329,1
991,329,1
992,329,1
993,329,1
994,329,1
995,329,1
996,329,1
997,329,1
998,329,1
999,328,1
1000,328,1
1001,328,1
1002,328,1
1003,328,1
1004,328,1
1005,328,1
1006,328,1
1007,328,1
1008,328,1
1009,328,1
1010,328,1
1011,328,1
1012,328,1
1013,328,1
1014,328,1
1015,328,1
1016,328,1
1017,328,1
1018,328,1
1019,328,1
1020,328,1
1021,328,1
1022,328,1
1023,328,1
1024,328,1
1025,328,1
1026,328,1
1027,328,1
1028,328,1
1029,328,1
1030,328,1
1031,328,1
1032,328,1
1033,328,1
1034,328,1
1035,328,1
1036,328,1
1037,328,1
1038,328,1
1039,328,1
1040,328,1
1041,328,1
1042,328,1
1043,328,1
1044,328,1
1045,328,1
1046,328,1
1047,328,1
1048,328,1
1049,328,1
1050,328,1
1051,328,1
1052,328,1
1053,328,1
1054,328,1
1055,328,1
1056,328,1
1057,328,1
1058,328,1
1059,328,1
1060,328,1
1061,327,1
1062,327,1
1063,327,1
1064,327,1
1065,327,1
1066,327,1
1067,327,1
1068,327,1
1069,327,1
1070,327,1
1071,327,1
1072,327,1
1073,327,1
1074,327,1
1075,327,1
1076,327,1
1077,327,1
1078,327,1
1079,327,1
1080,327,1
1081,327,1
1082,327,1
1083,327,1
1084,327,1
1085,327,1
1086,327,1
1087,327,1
1088,327,1
1089,327,1
1090,327,1
1091,327,1
1092,326,1
1093,326,1
1094,326,1
1095,326,1
1096,326,1
1097,326,1
1098,326,1
1099,326,1
1100,326,1
1101,326,1
1102,326,1
1103,326,1
1104,326,1
1105,326,1
1106,326,1
1107,326,1
1108,325,1
1109,325,1
1110,325,1
1111,325,1
1112,325,1
1113,325,1
1114,325,1
1115,325,1
1116,325,1
1117,325,1
1118,325,1
1119,325,1
1120,325,1
1121,325,1
1122,325,1
1123,325,1
1124,325,1
1125,325,1
1126,325,1
1127,324,1
1128,324,1
1129,324,1
1130,324,1
1131,324,1
1132,324,1
1133,324,1
1134,324,1
1135,324,1
1136,324,1
1137,324,1
1138,324,1
1139,324,1
1140,324,1
1141,324,1
1142,324,1
1143,324,1
1144,324,1
1145,324,1
1146,324,1
1147,324,1
1148,324,1
1149,323,1
1150,323,1
1151,323,1
1152,323,1
1153,323,1
1154,323,1
1155,323,1
1156,323,1
1157,323,1
1158,323,1
1159,323,1
1160,323,1
1161,323,1
1162,323,1
1163,323,1
1164,323,1
1165,323,1
1166,323,1
1167,323,1
1168,323,1
1169,323,1
1170,323,1
1171,323,1
1172,323,1
1172,322,1
1173,322,1
1173,321,1
1173,321,0
