389,388,1
389,389,1
389,390,1
389,391,1
389,392,1
389,393,1
389,394,1
389,395,1
389,396,1
389,397,1
389,398,1
389,399,1
389,400,1
389,401,1
389,402,1
389,403,1
389,404,1
389,405,1
389,406,1
389,407,1
389,408,1
389,409,1
389,410,1
389,411,1
389,412,1
389,413,1
389,414,1
389,415,1
389,416,1
389,417,1
389,418,1
389,419,1
389,420,1
389,421,1
389,422,1
389,423,1
389,424,1
389,425,1
389,426,1
389,427,1
389,428,1
389,429,1
389,430,1
389,431,1
389,432,1
389,433,1
389,434,1
389,435,1
389,436,1
389,437,1
389,438,1
389,439,1
389,440,1
389,441,1
389,442,1
388,443,1
388,444,1
388,445,1
388,446,1
388,447,1
388,448,1
388,449,1
387,450,1
387,451,1
387,452,1
387,453,1
386,454,1
386,455,1
386,456,1
386,457,1
385,457,1
385,458,1
385,459,1
384,459,1
384,460,1
383,461,1
382,462,1
382,463,1
381,463,1
380,464,1
379,465,1
378,465,1
377,466,1
376,466,1
375,466,1
374,466,1
373,466,1
372,466,1
371,466,1
371,465,1
370,464,1
369,463,1
369,462,1
369,461,1
369,460,1
369,459,1
369,458,1
370,457,1
370,456,1
370,455,1
371,455,1
371,454,1
372,453,1
373,452,1
374,451,1
374,450,1
375,450,1
375,449,1
376,449,1
377,448,1
378,448,1
378,447,1
379,447,1
380,446,1
381,446,1
382,445,1
383,445,1
384,444,1
385,444,1
386,443,1
387,443,1
388,443,1
389,442,1
390,442,1
391,442,1
392,441,1
393,441,1
394,440,1
395,440,1
396,440,1
397,439,1
398,439,1
399,439,1
400,438,1
401,438,1
402,438,1
403,438,1
404,437,1
405,437,1
406,437,1
407,437,1
408,436,1
409,436,1
410,436,1
410,435,1
411,435,1
412,435,1
413,434,1
414,434,1
415,434,1
416,434,1
417,433,1
418,433,1
419,433,1
420,433,1
421,432,1
422,432,1
423,432,1
424,431,1
425,431,1
426,431,1
427,430,1
428,430,1
429,430,1
430,429,1
431,429,1
432,429,1
433,429,1
434,428,1
435,428,1
436,428,1
437,427,1
438,427,1
439,427,1
440,427,1
441,426,1
442,426,1
443,426,1
444,425,1
445,425,1
446,425,1
446,424,1
447,424,1
448,424,1
449,424,1
450,423,1
451,423,1
452,423,1
453,422,1
454,422,1
455,422,1
456,421,1
457,421,1
458,421,1
458,420,1
459,420,1
460,420,1
461,419,1
462,419,1
463,419,1
464,418,1
465,418,1
466,418,1
467,417,1
468,417,1
469,416,1
470,416,1
471,416,1
472,415,1
473,415,1
474,414,1
475,414,1
476,414,1
477,413,1
478,413,1
479,412,1
480,412,1
481,412,1
482,411,1
483,411,1
484,411,1
485,410,1
486,410,1
487,409,1
488,409,1
489,408,1
490,408,1
491,407,1
492,407,1
493,406,1
494,406,1
495,406,1
496,405,1
497,405,1
498,404,1
499,404,1
499,403,1
500,403,1
501,402,1
502,402,1
503,401,1
504,401,1
505,400,1
506,400,1
507,399,1
508,398,1
509,398,1
509,397,1
510,397,1
511,396,1
512,395,1
513,395,1
514,394,1
515,394,1
515,393,1
516,392,1
517,391,1
518,391,1
519,390,1
519,389,1
520,389,1
521,388,1
521,387,1
522,386,1
523,385,1
524,384,1
525,383,1
525,382,1
526,381,1
527,380,1
527,379,1
528,378,1
528,377,1
529,376,1
529,375,1
529,374,1
530,374,1
530,373,1
530,372,1
530,371,1
531,371,1
531,370,1
531,369,1
531,368,1
531,367,1
531,366,1
530,366,1
530,367,1
529,367,1
529,368,1
529,369,1
528,369,1
528,370,1
528,371,1
527,372,1
527,373,1
527,374,1
527,375,1
526,376,1
526,377,1
526,378,1
526,379,1
526,380,1
526,381,1
525,382,1
525,383,1
525,384,1
525,385,1
525,386,1
525,387,1
525,388,1
525,389,1
525,390,1
525,391,1
524,392,1
524,393,1
524,394,1
524,395,1
524,396,1
524,397,1
524,398,1
524,399,1
523,400,1
523,401,1
523,402,1
523,403,1
523,404,1
523,405,1
523,406,1
523,407,1
523,408,1
522,409,1
522,410,1
522,411,1
522,412,1
522,413,1
522,414,1
522,415,1
522,416,1
522,417,1
522,418,1
522,419,1
522,420,1
522,421,1
522,422,1
521,423,1
521,424,1
521,425,1
521,426,1
521,427,1
521,428,1
521,429,1
521,430,1
521,431,1
521,432,1
521,433,1
521,434,1
521,435,1
521,436,1
521,437,1
521,438,1
521,439,1
521,440,1
521,441,1
521,442,1
521,443,1
521,444,1
521,445,1
521,446,1
521,447,1
521,448,1
521,449,1
521,450,1
521,451,1
521,452,1
521,453,1
521,454,1
521,455,1
522,456,1
522,457,1
522,458,1
522,459,1
522,460,1
522,461,1
522,462,1
522,463,1
522,464,1
523,465,1
523,466,1
523,467,1
524,467,1
525,468,1
526,468,1
526,467,1
574,418,0
627,364,1
627,365,1
627,366,1
627,367,1
627,368,1
627,369,1
627,370,1
627,371,1
627,372,1
627,373,1
626,374,1
626,375,1
626,376,1
626,377,1
626,378,1
626,379,1
626,380,1
626,381,1
626,382,1
626,383,1
626,384,1
626,385,1
626,386,1
626,387,1
626,388,1
626,389,1
626,390,1
626,391,1
626,392,1
625,393,1
625,394,1
625,395,1
625,396,1
625,397,1
625,398,1
625,399,1
625,400,1
625,401,1
625,402,1
625,403,1
625,404,1
625,405,1
625,406,1
625,407,1
624,408,1
624,409,1
624,410,1
624,411,1
624,412,1
624,413,1
624,414,1
624,415,1
624,416,1
624,417,1
624,418,1
624,419,1
624,420,1
623,420,1
623,421,1
623,422,1
623,423,1
623,424,1
623,425,1
623,426,1
623,427,1
623,426,1
623,425,1
621,343,0
614,255,1
615,256,1
615,257,1
616,258,1
617,258,1
618,259,1
618,260,1
619,261,1
620,261,1
620,262,1
621,263,1
622,264,1
623,265,1
624,266,1
624,267,1
625,267,1
626,268,1
627,269,1
627,270,1
628,270,1
629,271,1
629,272,1
630,273,1
631,273,1
631,274,1
632,275,1
633,276,1
634,277,1
635,278,1
636,279,1
636,280,1
637,280,1
638,281,1
639,282,1
640,283,1
640,284,1
641,285,1
642,285,1
643,286,1
643,287,1
644,288,1
645,289,1
646,289,1
647,290,1
647,291,1
648,292,1
649,293,1
650,294,1
651,295,1
652,295,1
652,296,1
653,297,1
654,298,1
655,299,1
656,299,1
657,300,1
657,301,1
658,302,1
659,303,1
660,303,1
661,304,1
661,305,1
662,306,1
663,306,1
664,307,1
665,308,1
666,308,1
666,309,1
667,310,1
668,310,1
669,311,1
670,312,1
671,312,1
671,313,1
672,314,1
673,314,1
674,315,1
675,316,1
676,316,1
677,317,1
678,317,1
679,318,1
680,318,1
681,318,1
748,315,0
829,314,1
828,314,1
827,314,1
826,314,1
825,315,1
824,315,1
823,315,1
822,315,1
821,315,1
820,316,1
819,316,1
819,317,1
818,317,1
817,318,1
816,318,1
816,319,1
815,319,1
815,320,1
814,321,1
813,321,1
813,322,1
812,322,1
812,323,1
811,323,1
811,324,1
810,325,1
809,326,1
809,327,1
808,328,1
808,329,1
808,330,1
807,331,1
807,332,1
807,333,1
807,334,1
807,335,1
807,336,1
807,337,1
807,338,1
807,339,1
807,340,1
808,341,1
808,342,1
808,343,1
809,344,1
809,345,1
810,346,1
811,347,1
812,348,1
812,349,1
813,349,1
814,350,1
815,351,1
816,351,1
816,352,1
817,352,1
818,353,1
819,353,1
820,354,1
821,355,1
822,355,1
823,355,1
824,356,1
825,356,1
826,356,1
827,357,1
828,357,1
829,358,1
830,358,1
831,358,1
832,358,1
833,359,1
834,359,1
835,359,1
836,359,1
837,360,1
838,360,1
839,360,1
840,360,1
841,360,1
842,360,1
843,361,1
844,361,1
845,361,1
846,361,1
847,361,1
848,361,1
849,361,1
850,361,1
851,361,1
852,361,1
853,361,1
854,361,1
855,361,1
856,361,1
857,361,1
858,361,1
859,361,1
860,361,1
861,361,1
862,361,1
863,360,1
863,359,1
862,359,1
861,359,1
860,359,1
859,358,1
858,358,1
857,358,1
856,358,1
855,358,1
854,358,1
853,358,1
852,358,1
851,358,1
850,358,1
849,358,1
848,359,1
847,359,1
846,359,1
845,359,1
844,359,1
843,359,1
842,359,1
841,360,1
840,360,1
839,360,1
838,360,1
837,360,1
836,361,1
835,361,1
834,361,1
833,362,1
832,362,1
831,362,1
830,363,1
829,363,1
828,363,1
827,364,1
826,364,1
825,365,1
824,365,1
823,366,1
822,366,1
821,366,1
821,367,1
820,367,1
819,368,1
818,368,1
817,369,1
816,369,1
816,370,1
815,370,1
814,371,1
813,371,1
812,372,1
811,373,1
810,374,1
809,375,1
808,375,1
808,376,1
807,377,1
806,377,1
805,378,1
805,379,1
804,380,1
803,381,1
802,382,1
802,383,1
801,384,1
800,385,1
800,386,1
799,386,1
799,387,1
798,388,1
798,389,1
797,390,1
797,391,1
797,392,1
796,393,1
796,394,1
796,395,1
796,396,1
796,397,1
796,398,1
796,399,1
796,400,1
796,401,1
796,402,1
796,403,1
796,404,1
796,405,1
797,406,1
797,407,1
797,408,1
798,409,1
798,410,1
799,410,1
799,411,1
800,412,1
800,413,1
801,413,1
801,414,1
802,415,1
803,415,1
803,416,1
804,417,1
805,417,1
805,418,1
806,419,1
807,419,1
808,420,1
809,421,1
810,421,1
811,422,1
812,422,1
813,423,1
814,423,1
815,424,1
816,424,1
817,425,1
818,425,1
819,425,1
820,426,1
821,426,1
822,426,1
823,426,1
824,427,1
825,427,1
826,427,1
827,427,1
828,427,1
829,428,1
830,428,1
831,428,1
832,428,1
833,428,1
834,428,1
835,428,1
836,428,1
837,429,1
838,429,1
839,429,1
840,429,1
841,429,1
842,429,1
843,429,1
844,429,1
845,429,1
846,429,1
847,429,1
848,429,1
849,429,1
850,429,1
851,429,1
852,429,1
853,428,1
854,428,1
855,428,1
856,428,1
857,428,1
858,428,1
859,428,1
860,428,1
861,428,1
862,427,1
863,427,1
864,427,1
865,427,1
866,427,1
867,426,1
868,426,1
869,426,1
870,426,1
871,426,1
871,425,1
872,425,1
873,425,1
874,425,1
875,424,1
876,424,1
877,424,1
878,423,1
879,423,1
879,422,1
880,422,1
881,422,1
882,421,1
803,406,0
730,379,1
730,380,1
730,381,1
730,382,1
730,383,1
730,384,1
730,385,1
730,386,1
730,387,1
730,388,1
730,389,1
731,389,1
731,388,1
732,387,1
732,386,1
733,385,1
733,384,1
733,383,1
733,382,1
734,381,1
734,380,1
734,379,1
734,378,1
734,377,1
735,376,1
735,375,1
735,374,1
735,373,1
735,372,1
736,371,1
736,370,1
736,369,1
736,368,1
736,367,1
736,366,1
737,365,1
737,364,1
737,363,1
737,362,1
737,361,1
738,360,1
738,359,1
738,358,1
738,357,1
738,356,1
738,355,1
739,354,1
739,353,1
739,352,1
739,351,1
739,350,1
740,349,1
740,348,1
740,347,1
740,346,1
740,345,1
741,344,1
741,343,1
741,342,1
741,341,1
742,340,1
742,339,1
742,338,1
742,337,1
742,336,1
743,336,1
743,335,1
743,334,1
743,333,1
744,332,1
744,331,1
744,330,1
744,329,1
745,328,1
745,327,1
745,326,1
745,325,1
746,324,1
746,323,1
746,322,1
746,321,1
747,321,1
747,320,1
747,319,1
748,318,1
748,317,1
748,316,1
748,315,1
749,314,1
749,313,1
749,312,1
749,311,1
750,310,1
750,309,1
750,308,1
751,307,1
751,306,1
751,305,1
752,304,1
752,303,1
752,302,1
753,301,1
753,300,1
754,299,1
754,298,1
754,297,1
755,296,1
755,295,1
755,294,1
756,293,1
756,292,1
756,291,1
757,291,1
757,290,1
757,289,1
758,288,1
758,287,1
758,286,1
759,285,1
759,284,1
760,283,1
760,282,1
761,281,1
761,280,1
761,279,1
762,278,1
762,277,1
763,276,1
763,275,1
764,274,1
764,273,1
765,272,1
765,271,1
766,270,1
766,269,1
767,268,1
767,267,1
768,266,1
768,265,1
769,265,1
769,264,1
769,263,1
770,262,1
770,261,1
771,260,1
771,259,1
772,258,1
773,257,1
773,256,1
774,255,1
774,254,1
775,253,1
776,252,1
776,251,1
777,250,1
777,249,1
778,248,1
779,248,1
779,247,1
780,246,1
780,245,1
781,244,1
782,243,1
782,242,1
783,241,1
784,241,1
784,240,1
785,239,1
785,238,1
786,238,1
787,237,1
787,236,1
788,236,1
789,235,1
789,234,1
790,234,1
791,233,1
791,232,1
792,232,1
793,231,1
794,230,1
795,229,1
796,228,1
797,228,1
798,227,1
799,226,1
800,226,1
801,225,1
802,224,1
803,224,1
804,223,1
805,223,1
806,223,1
806,222,1
807,222,1
808,222,1
809,221,1
810,221,1
811,221,1
812,221,1
813,220,1
814,220,1
815,220,1
816,220,1
817,220,1
818,220,1
819,220,1
820,220,1
821,220,1
822,220,1
823,220,1
824,220,1
825,220,1
826,220,1
827,220,1
828,221,1
829,221,1
830,221,1
831,222,1
832,222,1
833,223,1
834,223,1
835,224,1
836,224,1
837,225,1
838,225,1
839,226,1
839,227,1
840,227,1
841,228,1
842,228,1
843,229,1
843,230,1
844,231,1
845,231,1
846,232,1
846,233,1
847,233,1
848,234,1
848,235,1
849,236,1
850,237,1
851,238,1
852,239,1
852,240,1
853,241,1
854,242,1
855,243,1
855,244,1
856,245,1
856,246,1
857,247,1
858,248,1
859,249,1
859,250,1
859,251,1
860,252,1
860,253,1
861,254,1
861,255,1
862,256,1
863,257,1
863,258,1
863,259,1
864,260,1
864,261,1
865,262,1
865,263,1
865,264,1
866,265,1
866,266,1
866,267,1
867,268,1
867,269,1
867,270,1
868,271,1
868,272,1
868,273,1
869,274,1
869,275,1
869,276,1
869,277,1
870,278,1
870,279,1
870,280,1
871,281,1
1013,288,0
1159,296,1
1159,297,1
1159,298,1
1159,299,1
1159,300,1
1158,301,1
1158,302,1
1158,303,1
1158,304,1
1158,305,1
1158,306,1
1157,307,1
1157,308,1
1157,309,1
1157,310,1
1157,311,1
1157,312,1
1157,313,1
1156,314,1
1156,315,1
1156,316,1
1156,317,1
1156,318,1
1156,319,1
1155,320,1
1155,321,1
1155,322,1
1155,323,1
1155,324,1
1155,325,1
1154,326,1
1154,327,1
1154,328,1
1154,329,1
1153,330,1
1153,331,1
1152,332,1
1152,333,1
1151,333,1
1151,334,1
1150,334,1
1149,334,1
1148,334,1
1147,334,1
1147,333,1
1146,333,1
1146,332,1
1145,332,1
1144,331,1
1143,330,1
1142,329,1
1141,328,1
1141,327,1
1140,327,1
1140,326,1
1139,325,1
1138,325,1
1138,324,1
1137,324,1
1136,323,1
1136,322,1
1135,322,1
1134,321,1
1133,320,1
1132,320,1
1132,319,1
1131,319,1
1130,318,1
1129,318,1
1129,317,1
1128,317,1
1127,316,1
1126,316,1
1126,315,1
1125,315,1
1124,315,1
1123,314,1
1122,314,1
1121,314,1
1120,313,1
1119,313,1
1118,313,1
1117,312,1
1116,312,1
1115,312,1
1114,312,1
1113,312,1
1112,312,1
1111,312,1
1110,312,1
1109,311,1
1108,311,1
1107,311,1
1106,311,1
1105,311,1
1104,312,1
1103,312,1
1102,312,1
1101,312,1
1100,312,1
1099,312,1
1098,312,1
1097,313,1
1096,313,1
1095,313,1
1094,313,1
1093,313,1
1092,314,1
1091,314,1
1090,314,1
1089,315,1
1088,315,1
1087,315,1
1086,316,1
1085,316,1
1084,316,1
1083,317,1
1082,317,1
1082,318,1
1081,318,1
1080,319,1
1079,319,1
1078,320,1
1077,320,1
1076,321,1
1075,321,1
1074,322,1
1073,322,1
1072,323,1
1071,323,1
1071,324,1
1070,324,1
1069,325,1
1068,325,1
1067,326,1
1066,327,1
1065,328,1
1064,328,1
1063,329,1
1062,330,1
1061,330,1
1061,331,1
1060,332,1
1059,332,1
1058,333,1
1058,334,1
1057,334,1
1056,335,1
1055,336,1
1055,337,1
1054,337,1
1053,338,1
1052,339,1
1052,340,1
1051,341,1
1050,341,1
1050,342,1
1049,343,1
1048,344,1
1048,345,1
1047,346,1
1046,347,1
1045,348,1
1044,349,1
1044,350,1
1043,351,1
1043,352,1
1042,353,1
1041,354,1
1041,355,1
1040,356,1
1040,357,1
1039,358,1
1039,359,1
1038,360,1
1037,361,1
1037,362,1
1036,363,1
1036,364,1
1036,365,1
1035,366,1
1035,367,1
1034,368,1
1034,369,1
1034,370,1
1033,371,1
1033,372,1
1033,373,1
1032,374,1
1032,375,1
1031,376,1
1031,377,1
1031,378,1
1030,379,1
1030,380,1
1030,381,1
1030,382,1
1030,383,1
1030,384,1
1030,385,1
1029,386,1
1029,387,1
1029,388,1
1030,389,1
1030,390,1
648,328,0
259,273,1
260,273,1
261,273,1
262,273,1
263,273,1
264,273,1
265,273,1
266,273,1
267,273,1
268,273,1
269,273,1
270,273,1
271,273,1
272,273,1
273,273,1
274,273,1
275,273,1
276,273,1
277,273,1
278,273,1
279,273,1
280,273,1
281,273,1
282,273,1
283,273,1
284,273,1
285,273,1
286,273,1
287,273,1
288,273,1
289,273,1
290,273,1
291,273,1
292,273,1
293,273,1
294,273,1
295,273,1
296,273,1
297,273,1
298,273,1
299,273,1
300,273,1
301,273,1
302,273,1
303,273,1
304,273,1
305,273,1
306,273,1
307,273,1
308,273,1
309,273,1
310,273,1
311,273,1
312,273,1
313,273,1
314,273,1
315,273,1
316,273,1
317,273,1
318,273,1
319,273,1
320,273,1
321,273,1
322,273,1
323,273,1
324,273,1
325,273,1
326,273,1
327,273,1
328,273,1
329,273,1
330,273,1
331,273,1
332,273,1
333,273,1
334,273,1
335,273,1
336,273,1
337,273,1
338,273,1
339,273,1
340,273,1
341,273,1
342,273,1
343,273,1
344,273,1
345,273,1
346,273,1
347,273,1
348,273,1
349,273,1
350,273,1
351,273,1
352,273,1
353,273,1
354,273,1
355,273,1
356,273,1
357,273,1
358,273,1
359,273,1
360,273,1
361,273,1
362,273,1
363,273,1
364,273,1
365,273,1
366,273,1
367,273,1
368,273,1
369,273,1
370,273,1
371,273,1
372,273,1
373,273,1
374,273,1
375,273,1
376,273,1
377,273,1
378,273,1
379,273,1
380,273,1
381,273,1
382,273,1
383,273,1
384,273,1
385,273,1
386,273,1
387,273,1
388,273,1
389,273,1
390,273,1
391,273,1
392,272,1
393,272,1
394,272,1
395,272,1
396,272,1
397,272,1
398,272,1
399,272,1
400,272,1
401,272,1
402,272,1
403,272,1
404,272,1
405,272,1
406,272,1
407,272,1
408,271,1
409,271,1
410,271,1
411,271,1
412,271,1
413,271,1
414,271,1
415,271,1
416,271,1
417,271,1
418,271,1
419,271,1
420,271,1
421,271,1
422,271,1
423,271,1
424,271,1
425,271,1
426,271,1
427,271,1
428,271,1
429,271,1
430,271,1
431,271,1
432,271,1
433,271,1
434,271,1
435,271,1
436,271,1
437,271,1
438,271,1
439,271,1
440,271,1
441,271,1
442,271,1
443,271,1
444,271,1
445,271,1
446,271,1
447,271,1
448,271,1
449,271,1
450,271,1
451,271,1
452,271,1
453,271,1
454,271,1
455,271,1
456,271,1
457,271,1
458,271,1
459,271,1
460,270,1
461,270,1
462,270,1
463,270,1
464,270,1
465,270,1
466,270,1
467,270,1
468,270,1
469,270,1
470,270,1
471,270,1
472,270,1
473,270,1
474,270,1
475,270,1
476,270,1
477,270,1
478,270,1
479,270,1
480,270,1
481,270,1
482,270,1
483,270,1
484,270,1
485,270,1
486,269,1
487,269,1
488,269,1
489,269,1
490,269,1
491,269,1
492,269,1
493,269,1
494,269,1
495,269,1
496,269,1
497,269,1
498,269,1
499,269,1
500,269,1
501,269,1
502,269,1
503,268,1
504,268,1
505,268,1
506,268,1
507,268,1
508,268,1
509,268,1
510,268,1
511,268,1
512,268,1
513,268,1
514,268,1
515,268,1
516,268,1
517,268,1
518,268,1
519,268,1
520,268,1
521,268,1
522,268,1
523,268,1
524,268,1
525,268,1
526,268,1
527,268,1
528,268,1
529,268,1
530,268,1
531,268,1
532,268,1
533,268,1
534,268,1
535,268,1
536,268,1
537,268,1
538,268,1
539,268,1
540,268,1
541,268,1
542,267,1
543,267,1
544,267,1
545,267,1
546,267,1
547,267,1
548,267,1
549,267,1
550,267,1
551,267,1
552,267,1
553,267,1
554,267,1
555,267,1
556,267,1
557,267,1
558,267,1
559,267,1
560,267,1
561,267,1
562,267,1
563,267,1
564,267,1
565,267,1
566,267,1
567,267,1
568,267,1
569,267,1
570,267,1
571,267,1
572,267,1
573,267,1
574,267,1
575,267,1
576,267,1
577,267,1
578,267,1
579,267,1
580,267,1
581,267,1
582,267,1
583,267,1
584,267,1
585,267,1
586,267,1
587,267,1
588,267,1
589,267,1
590,267,1
591,267,1
592,267,1
593,267,1
594,267,1
595,267,1
596,267,1
597,267,1
598,267,1
599,267,1
600,267,1
601,267,1
602,267,1
603,266,1
604,266,1
605,266,1
606,266,1
607,266,1
608,266,1
609,266,1
610,266,1
611,266,1
612,266,1
613,266,1
614,266,1
615,266,1
616,266,1
617,266,1
618,266,1
619,266,1
620,266,1
621,266,1
622,266,1
623,266,1
624,266,1
625,266,1
626,266,1
627,266,1
628,266,1
629,266,1
630,266,1
631,266,1
632,266,1
633,266,1
634,266,1
635,266,1
636,266,1
637,266,1
638,266,1
639,266,1
640,266,1
641,266,1
642,266,1
643,266,1
644,266,1
645,266,1
646,266,1
647,266,1
648,266,1
649,266,1
650,266,1
651,266,1
652,266,1
653,266,1
654,266,1
655,266,1
656,266,1
657,266,1
658,266,1
659,266,1
660,266,1
661,266,1
662,266,1
663,266,1
664,266,1
665,266,1
666,266,1
667,266,1
668,266,1
669,266,1
670,266,1
671,266,1
672,266,1
673,266,1
674,266,1
675,266,1
676,266,1
677,266,1
678,266,1
679,266,1
680,266,1
681,266,1
682,266,1
683,266,1
684,266,1
685,266,1
686,266,1
687,266,1
688,266,1
689,266,1
690,266,1
691,266,1
692,266,1
693,266,1
694,266,1
695,266,1
696,266,1
697,266,1
698,266,1
699,266,1
700,266,1
701,266,1
702,266,1
703,266,1
704,266,1
705,266,1
706,266,1
707,266,1
708,266,1
709,266,1
710,266,1
711,266,1
712,266,1
713,266,1
714,266,1
715,266,1
716,266,1
717,266,1
718,266,1
719,266,1
720,266,1
721,266,1
722,266,1
723,266,1
724,266,1
725,266,1
726,267,1
727,267,1
728,267,1
729,267,1
730,267,1
731,267,1
732,267,1
733,267,1
734,267,1
735,267,1
736,267,1
737,267,1
738,267,1
739,267,1
740,267,1
741,267,1
742,267,1
743,267,1
744,267,1
745,267,1
746,267,1
747,267,1
748,267,1
749,267,1
750,267,1
751,267,1
752,267,1
753,267,1
754,267,1
755,267,1
756,267,1
757,267,1
758,267,1
759,267,1
760,267,1
761,267,1
762,267,1
763,267,1
764,267,1
765,267,1
766,267,1
767,267,1
768,267,1
769,267,1
770,267,1
771,267,1
772,267,1
773,267,1
774,267,1
775,267,1
776,267,1
777,267,1
778,267,1
779,267,1
780,267,1
781,267,1
782,267,1
783,267,1
784,267,1
785,267,1
786,267,1
787,267,1
788,267,1
789,267,1
790,267,1
791,267,1
792,267,1
793,267,1
794,267,1
795,267,1
796,267,1
797,267,1
798,267,1
799,267,1
800,267,1
801,267,1
802,267,1
803,267,1
804,267,1
805,267,1
806,267,1
807,267,1
808,266,1
809,266,1
810,266,1
811,266,1
812,266,1
813,266,1
814,266,1
815,266,1
816,266,1
817,266,1
818,266,1
819,266,1
820,266,1
821,266,1
822,266,1
823,266,1
824,266,1
825,266,1
826,266,1
827,266,1
828,266,1
829,266,1
830,266,1
831,266,1
832,266,1
833,266,1
834,266,1
835,266,1
836,266,1
837,266,1
838,266,1
839,266,1
840,266,1
841,266,1
842,266,1
843,266,1
844,266,1
845,266,1
846,266,1
847,266,1
848,266,1
849,266,1
850,266,1
851,266,1
852,266,1
853,266,1
854,266,1
855,266,1
856,266,1
857,266,1
858,266,1
859,266,1
860,266,1
861,266,1
862,266,1
863,266,1
864,266,1
865,266,1
866,266,1
867,266,1
868,266,1
869,266,1
870,266,1
871,266,1
872,266,1
873,266,1
874,266,1
875,266,1
876,266,1
877,266,1
878,266,1
879,266,1
880,266,1
881,266,1
882,266,1
883,265,1
884,265,1
885,265,1
886,265,1
887,265,1
888,265,1
889,265,1
890,265,1
891,265,1
892,265,1
893,265,1
894,265,1
895,265,1
896,265,1
897,265,1
898,265,1
899,265,1
900,264,1
901,264,1
902,264,1
903,264,1
904,264,1
905,264,1
906,264,1
907,264,1
908,264,1
909,264,1
910,264,1
911,264,1
912,264,1
913,264,1
914,264,1
915,264,1
916,264,1
917,264,1
918,264,1
919,264,1
920,264,1
921,264,1
922,264,1
923,264,1
924,264,1
925,264,1
926,264,1
927,264,1
928,264,1
929,264,1
930,264,1
931,264,1
932,264,1
933,264,1
934,264,1
935,264,1
936,264,1
937,264,1
938,264,1
939,264,1
940,264,1
941,264,1
942,264,1
943,264,1
944,264,1
945,264,1
946,264,1
947,264,1
948,264,1
949,264,1
950,264,1
951,264,1
952,264,1
953,263,1
954,263,1
955,263,1
956,263,1
957,263,1
958,263,1
959,263,1
960,263,1
961,263,1
962,263,1
963,263,1
964,263,1
965,263,1
966,263,1
967,263,1
968,263,1
969,263,1
970,263,1
971,263,1
972,263,1
973,263,1
974,263,1
975,263,1
976,263,1
977,263,1
978,263,1
979,262,1
980,262,1
981,262,1
982,262,1
983,262,1
984,262,1
985,262,1
986,262,1
987,262,1
988,262,1
989,262,1
990,262,1
991,261,1
992,261,1
993,261,1
994,261,1
995,261,1
996,261,1
997,261,1
998,261,1
999,261,1
1000,260,1
1001,260,1
1002,260,1
1003,260,1
1004,260,1
1005,260,1
1006,260,1
1007,260,1
1008,260,1
1009,259,1
1010,259,1
1011,259,1
1012,259,1
1013,259,1
1014,259,1
1015,259,1
1016,259,1
1017,259,1
1018,258,1
1019,258,1
1020,258,1
1021,258,1
1022,258,1
1023,258,1
1024,258,1
1025,258,1
1026,258,1
1027,257,1
1028,257,1
1029,257,1
1030,257,1
1031,257,1
1032,257,1
1033,257,1
1034,256,1
1035,256,1
1036,256,1
1037,256,1
1038,256,1
1039,256,1
1040,256,1
1041,256,1
1042,255,1
1043,255,1
1044,255,1
1045,255,1
1046,255,1
1047,255,1
1048,255,1
1049,255,1
1050,254,1
1051,254,1
1052,254,1
1053,254,1
1054,254,1
1055,254,1
1056,254,1
1057,254,1
1058,254,1
1059,253,1
1060,253,1
1061,253,1
1062,253,1
1063,253,1
1064,253,1
1065,253,1
1066,253,1
1067,253,1
1068,253,1
1069,252,1
1070,252,1
1071,252,1
1072,252,1
1073,252,1
1074,252,1
1075,252,1
1076,252,1
1077,252,1
1078,252,1
1079,252,1
1080,251,1
1081,251,1
1082,251,1
1083,251,1
1084,251,1
1085,251,1
1086,251,1
1087,251,1
1088,251,1
1089,250,1
1090,250,1
1091,250,1
1092,250,1
1093,250,1
1094,250,1
1095,250,1
1096,249,1
1097,249,1
1098,249,1
1099,249,1
1100,249,1
1101,249,1
1102,249,1
1103,249,1
1104,249,1
1105,248,1
1106,248,1
1107,248,1
1108,248,1
1109,248,1
1110,248,1
1111,248,1
1112,248,1
1113,248,1
1114,247,1
1115,247,1
1116,247,1
1117,247,1
1118,247,1
1119,247,1
1120,247,1
1121,247,1
1122,246,1
1123,246,1
1124,246,1
1125,246,1
1126,246,1
1127,246,1
1128,246,1
1129,246,1
1130,245,1
1131,245,1
1132,245,1
1133,245,1
1134,245,1
1135,245,1
1136,245,1
1137,245,1
1138,244,1
1139,244,1
1140,244,1
1141,244,1
1142,244,1
1143,244,1
1144,244,1
1145,244,1
1146,243,1
1147,243,1
1148,243,1
1149,243,1
1150,243,1
1151,243,1
1152,243,1
1153,243,1
1154,243,1
1155,242,1
1156,242,1
1157,242,1
1158,242,1
1159,242,1
1160,242,1
1161,242,1
1162,242,1
1163,242,1
1164,242,1
1165,242,1
1166,241,1
1167,241,1
1168,241,1
1169,241,1
1170,241,1
1171,241,1
1172,241,1
1173,241,1
1174,241,1
1175,241,1
1176,241,1
1177,241,1
1178,241,1
1179,240,1
1180,240,1
1181,240,1
1182,240,1
1183,240,1
1184,240,1
1185,240,1
1186,240,1
1187,240,1
1188,240,1
1189,239,1
1190,239,1
1191,239,1
1192,239,1
1193,239,1
1194,238,1
1195,238,1
1196,238,1
1197,238,1
1197,238,0
