190,242,1
190,243,1
190,244,1
190,245,1
189,246,1
189,247,1
189,248,1
189,249,1
189,250,1
189,251,1
189,252,1
189,253,1
188,254,1
188,255,1
188,256,1
188,257,1
188,258,1
188,259,1
188,260,1
188,261,1
188,262,1
188,263,1
188,264,1
188,265,1
188,266,1
188,267,1
188,268,1
187,269,1
187,270,1
187,271,1
187,272,1
187,273,1
187,274,1
187,275,1
187,276,1
187,277,1
187,278,1
187,279,1
187,280,1
187,281,1
187,282,1
187,283,1
187,284,1
187,285,1
187,286,1
187,287,1
187,288,1
187,289,1
187,290,1
187,291,1
187,292,1
187,293,1
187,294,1
187,295,1
187,296,1
187,297,1
187,298,1
187,299,1
187,300,1
187,301,1
187,302,1
187,303,1
187,304,1
187,305,1
187,306,1
187,307,1
187,308,1
187,309,1
187,310,1
187,311,1
187,312,1
187,313,1
187,314,1
187,315,1
187,316,1
187,317,1
187,318,1
186,319,1
186,320,1
186,321,1
186,322,1
186,323,1
185,324,1
185,325,1
185,326,1
184,326,1
184,327,1
183,328,1
182,329,1
181,330,1
180,330,1
179,330,1
179,331,1
178,331,1
177,331,1
176,331,1
175,331,1
174,331,1
173,330,1
172,330,1
171,330,1
170,329,1
169,329,1
169,328,1
168,328,1
167,327,1
166,326,1
165,325,1
164,324,1
164,323,1
163,322,1
163,321,1
162,320,1
162,319,1
162,318,1
162,317,1
162,316,1
162,315,1
162,314,1
162,313,1
162,312,1
163,311,1
163,310,1
163,309,1
164,309,1
164,308,1
165,307,1
165,306,1
166,306,1
167,305,1
167,304,1
168,304,1
169,303,1
170,302,1
171,301,1
172,301,1
173,300,1
174,300,1
174,299,1
175,299,1
176,298,1
177,298,1
178,298,1
179,297,1
180,297,1
181,296,1
182,296,1
183,296,1
184,295,1
185,295,1
186,295,1
186,294,1
187,294,1
188,294,1
189,294,1
190,293,1
191,293,1
192,293,1
193,292,1
194,292,1
195,292,1
196,291,1
197,291,1
198,291,1
199,290,1
200,290,1
201,290,1
202,290,1
203,289,1
204,289,1
205,289,1
205,288,1
206,288,1
207,288,1
208,288,1
209,287,1
210,287,1
211,287,1
212,287,1
213,286,1
214,286,1
215,286,1
216,286,1
217,285,1
218,285,1
219,285,1
220,285,1
221,284,1
222,284,1
223,284,1
224,284,1
225,283,1
226,283,1
227,283,1
228,282,1
229,282,1
230,282,1
231,282,1
232,281,1
233,281,1
234,280,1
235,280,1
236,280,1
237,280,1
238,279,1
239,279,1
240,279,1
241,279,1
241,278,1
242,278,1
243,278,1
244,278,1
245,277,1
246,277,1
247,277,1
248,277,1
249,276,1
250,276,1
251,275,1
252,275,1
253,275,1
254,275,1
255,274,1
256,274,1
257,274,1
258,273,1
259,273,1
260,272,1
261,272,1
262,272,1
263,271,1
264,271,1
265,270,1
266,270,1
267,270,1
268,269,1
269,269,1
270,269,1
270,268,1
271,268,1
272,267,1
273,267,1
274,266,1
275,266,1
276,266,1
277,265,1
278,264,1
279,264,1
280,263,1
281,263,1
282,262,1
283,262,1
284,261,1
284,260,1
285,260,1
286,259,1
287,259,1
288,258,1
288,257,1
289,257,1
290,256,1
291,255,1
292,255,1
292,254,1
293,253,1
294,253,1
294,252,1
295,251,1
296,251,1
296,250,1
297,249,1
298,248,1
299,247,1
300,246,1
300,245,1
301,244,1
302,243,1
302,242,1
303,241,1
303,240,1
304,239,1
305,238,1
305,237,1
305,236,1
306,235,1
306,234,1
307,234,1
307,233,1
307,232,1
308,231,1
308,230,1
308,231,1
308,232,1
308,233,1
308,234,1
308,235,1
307,236,1
307,237,1
307,238,1
307,239,1
307,240,1
307,241,1
306,241,1
306,242,1
306,243,1
306,244,1
306,245,1
306,246,1
306,247,1
306,248,1
305,249,1
305,250,1
305,251,1
305,252,1
305,253,1
305,254,1
305,255,1
305,256,1
305,257,1
304,258,1
304,259,1
304,260,1
304,261,1
304,262,1
304,263,1
304,264,1
304,265,1
304,266,1
303,267,1
303,268,1
303,269,1
303,270,1
303,271,1
303,272,1
303,273,1
303,274,1
302,275,1
302,276,1
302,277,1
302,278,1
302,279,1
302,280,1
302,281,1
302,282,1
302,283,1
302,284,1
302,285,1
302,286,1
301,286,1
301,287,1
301,288,1
301,289,1
301,290,1
301,291,1
301,292,1
301,293,1
301,294,1
301,295,1
301,296,1
301,297,1
301,298,1
301,299,1
301,300,1
301,301,1
301,302,1
301,303,1
301,304,1
301,305,1
301,306,1
301,307,1
301,308,1
301,309,1
301,310,1
301,311,1
301,312,1
301,313,1
301,314,1
301,315,1
301,316,1
301,317,1
301,318,1
301,319,1
301,320,1
302,321,1
302,322,1
302,323,1
303,323,1
352,263,0
404,202,1
404,203,1
404,204,1
403,205,1
403,206,1
403,207,1
403,208,1
403,209,1
402,210,1
402,211,1
402,212,1
402,213,1
402,214,1
401,214,1
401,215,1
401,216,1
401,217,1
401,218,1
400,219,1
400,220,1
400,221,1
400,222,1
400,223,1
399,223,1
399,224,1
399,225,1
399,226,1
399,227,1
398,228,1
398,229,1
398,230,1
398,231,1
397,232,1
397,233,1
397,234,1
397,235,1
396,236,1
396,237,1
396,238,1
396,239,1
396,240,1
396,241,1
395,241,1
395,242,1
395,243,1
395,244,1
395,245,1
395,246,1
394,247,1
394,248,1
394,249,1
394,250,1
393,251,1
393,252,1
393,253,1
393,254,1
392,255,1
392,256,1
392,257,1
392,258,1
391,259,1
391,260,1
391,261,1
390,262,1
390,263,1
390,264,1
390,265,1
389,266,1
389,267,1
389,268,1
388,269,1
388,270,1
388,271,1
388,272,1
387,273,1
387,274,1
386,275,1
386,276,1
386,277,1
385,278,1
385,279,1
384,278,1
384,277,1
385,199,0
381,116,1
382,117,1
382,118,1
383,118,1
383,119,1
384,120,1
384,121,1
385,122,1
386,123,1
386,124,1
387,124,1
387,125,1
388,126,1
388,127,1
389,128,1
390,128,1
390,129,1
391,130,1
391,131,1
392,132,1
393,133,1
394,134,1
394,135,1
395,136,1
396,136,1
396,137,1
397,138,1
398,139,1
398,140,1
399,141,1
400,141,1
400,142,1
401,143,1
401,144,1
402,145,1
403,146,1
404,147,1
405,148,1
405,149,1
406,150,1
407,151,1
408,151,1
408,152,1
409,153,1
409,154,1
410,154,1
411,155,1
411,156,1
412,157,1
413,158,1
414,159,1
415,160,1
415,161,1
416,162,1
417,162,1
418,163,1
418,164,1
419,165,1
420,166,1
421,167,1
422,168,1
423,169,1
423,170,1
424,171,1
425,171,1
426,172,1
427,173,1
427,174,1
428,174,1
429,175,1
430,176,1
430,177,1
431,177,1
432,178,1
433,178,1
433,179,1
434,180,1
526,191,0
624,204,1
624,205,1
623,205,1
622,205,1
621,204,1
620,204,1
619,203,1
618,203,1
617,202,1
616,202,1
615,202,1
614,201,1
613,200,1
612,200,1
611,200,1
610,199,1
609,199,1
608,199,1
608,198,1
607,198,1
606,198,1
605,197,1
604,197,1
603,197,1
602,197,1
601,196,1
600,196,1
599,196,1
598,196,1
597,196,1
596,196,1
595,195,1
594,195,1
593,195,1
592,195,1
591,195,1
590,195,1
589,195,1
588,196,1
587,196,1
586,196,1
585,196,1
584,197,1
583,197,1
582,197,1
581,198,1
580,198,1
579,199,1
578,200,1
577,200,1
577,201,1
576,201,1
575,202,1
574,203,1
573,204,1
573,205,1
572,206,1
572,207,1
572,208,1
571,209,1
571,210,1
571,211,1
571,212,1
571,213,1
572,214,1
572,215,1
572,216,1
573,217,1
573,218,1
574,219,1
574,220,1
575,220,1
575,221,1
576,221,1
577,222,1
577,223,1
578,223,1
579,224,1
580,225,1
581,225,1
581,226,1
582,226,1
583,227,1
584,227,1
585,228,1
586,228,1
586,229,1
587,229,1
588,229,1
589,230,1
590,230,1
591,230,1
592,231,1
593,231,1
594,231,1
595,231,1
596,232,1
597,232,1
598,232,1
599,232,1
600,232,1
601,232,1
602,233,1
603,233,1
604,233,1
605,233,1
606,233,1
607,233,1
608,233,1
609,233,1
610,234,1
611,234,1
612,234,1
613,234,1
614,234,1
615,234,1
616,234,1
617,234,1
618,234,1
619,234,1
618,234,1
617,234,1
616,234,1
615,234,1
614,235,1
613,235,1
612,235,1
611,235,1
610,235,1
609,235,1
608,236,1
607,236,1
606,236,1
605,236,1
604,237,1
603,237,1
602,237,1
601,238,1
600,238,1
599,238,1
598,238,1
598,239,1
597,239,1
596,239,1
595,240,1
594,240,1
593,240,1
592,241,1
591,241,1
590,242,1
589,242,1
588,242,1
587,243,1
586,243,1
585,244,1
584,244,1
583,245,1
582,245,1
581,246,1
580,246,1
579,247,1
578,247,1
577,248,1
576,248,1
576,249,1
575,249,1
574,250,1
573,250,1
573,251,1
572,251,1
571,252,1
570,253,1
569,254,1
568,254,1
567,255,1
566,256,1
565,256,1
565,257,1
564,258,1
563,259,1
562,260,1
561,261,1
560,262,1
560,263,1
559,264,1
558,265,1
558,266,1
557,267,1
557,268,1
556,269,1
556,270,1
556,271,1
556,272,1
555,273,1
555,274,1
555,275,1
555,276,1
555,277,1
556,278,1
556,279,1
556,280,1
556,281,1
557,282,1
557,283,1
558,284,1
558,285,1
559,285,1
560,286,1
560,287,1
561,287,1
561,288,1
562,288,1
562,289,1
563,289,1
564,290,1
565,290,1
566,291,1
567,292,1
568,292,1
569,292,1
570,293,1
571,293,1
572,293,1
573,294,1
574,294,1
575,294,1
576,294,1
577,294,1
578,295,1
579,295,1
580,295,1
581,295,1
582,295,1
583,295,1
584,295,1
585,295,1
586,295,1
587,295,1
588,295,1
589,295,1
590,295,1
591,295,1
592,295,1
593,295,1
594,295,1
595,295,1
596,295,1
597,295,1
598,295,1
599,295,1
600,295,1
601,295,1
602,295,1
603,295,1
604,295,1
605,295,1
606,294,1
607,294,1
608,294,1
609,294,1
610,294,1
611,294,1
612,294,1
613,293,1
614,293,1
615,293,1
616,293,1
617,292,1
618,292,1
619,292,1
620,292,1
621,291,1
622,291,1
623,291,1
624,290,1
625,290,1
626,289,1
540,286,0
458,276,1
458,277,1
459,278,1
459,279,1
459,280,1
459,281,1
459,282,1
459,283,1
459,284,1
459,285,1
459,286,1
460,286,1
460,285,1
460,284,1
461,283,1
461,282,1
461,281,1
461,280,1
461,279,1
461,278,1
461,277,1
462,277,1
462,276,1
462,275,1
462,274,1
462,273,1
462,272,1
462,271,1
462,270,1
462,269,1
463,268,1
463,267,1
463,266,1
463,265,1
463,264,1
463,263,1
463,262,1
464,261,1
464,260,1
464,259,1
464,258,1
464,257,1
465,256,1
465,255,1
465,254,1
465,253,1
465,252,1
466,251,1
466,250,1
466,249,1
466,248,1
466,247,1
467,246,1
467,245,1
467,244,1
467,243,1
467,242,1
467,241,1
468,241,1
468,240,1
468,239,1
468,238,1
469,237,1
469,236,1
469,235,1
469,234,1
469,233,1
470,232,1
470,231,1
470,230,1
471,229,1
471,228,1
471,227,1
471,226,1
472,225,1
472,224,1
472,223,1
473,223,1
473,222,1
473,221,1
474,220,1
474,219,1
474,218,1
474,217,1
475,216,1
475,215,1
475,214,1
476,213,1
476,212,1
476,211,1
476,210,1
477,209,1
477,208,1
477,207,1
478,206,1
478,205,1
478,204,1
479,203,1
479,202,1
479,201,1
480,200,1
480,199,1
480,198,1
481,197,1
481,196,1
481,195,1
482,195,1
482,194,1
482,193,1
483,192,1
483,191,1
483,190,1
484,189,1
484,188,1
485,187,1
485,186,1
485,185,1
486,184,1
486,183,1
486,182,1
487,182,1
487,181,1
488,180,1
488,179,1
488,178,1
489,177,1
489,176,1
490,176,1
490,175,1
490,174,1
491,173,1
491,172,1
492,171,1
492,170,1
493,170,1
493,169,1
493,168,1
494,167,1
494,166,1
495,165,1
495,164,1
496,164,1
496,163,1
497,162,1
497,161,1
497,160,1
498,160,1
498,159,1
499,158,1
499,157,1
500,156,1
500,155,1
501,155,1
501,154,1
502,153,1
502,152,1
503,151,1
504,150,1
505,149,1
505,148,1
506,147,1
507,146,1
507,145,1
508,144,1
509,144,1
509,143,1
510,142,1
510,141,1
511,141,1
511,140,1
512,139,1
513,139,1
513,138,1
514,137,1
515,137,1
515,136,1
516,135,1
517,134,1
518,133,1
519,132,1
520,132,1
520,131,1
521,130,1
522,130,1
523,129,1
524,129,1
524,128,1
525,127,1
526,127,1
527,127,1
528,126,1
529,126,1
529,125,1
530,125,1
531,124,1
532,124,1
533,124,1
534,123,1
535,123,1
536,122,1
537,122,1
538,122,1
539,122,1
540,122,1
541,122,1
542,121,1
543,121,1
544,121,1
545,121,1
546,121,1
547,121,1
548,121,1
549,121,1
550,121,1
550,122,1
551,122,1
552,122,1
553,122,1
554,122,1
555,122,1
556,122,1
557,123,1
558,123,1
559,123,1
559,124,1
560,124,1
561,124,1
562,125,1
563,125,1
564,126,1
565,126,1
566,127,1
567,127,1
568,128,1
569,128,1
569,129,1
570,130,1
571,130,1
572,131,1
573,132,1
574,133,1
575,133,1
575,134,1
576,135,1
577,135,1
577,136,1
578,137,1
579,137,1
580,138,1
580,139,1
581,140,1
582,141,1
583,142,1
583,143,1
584,143,1
585,144,1
585,145,1
586,146,1
586,147,1
587,147,1
588,148,1
588,149,1
589,150,1
589,151,1
590,152,1
591,153,1
591,154,1
592,155,1
592,156,1
593,157,1
593,158,1
593,159,1
594,159,1
594,160,1
595,161,1
595,162,1
595,163,1
595,164,1
596,165,1
685,189,0
777,214,1
777,215,1
777,216,1
777,217,1
777,218,1
777,219,1
776,220,1
776,221,1
776,222,1
776,223,1
775,224,1
775,225,1
775,226,1
775,227,1
775,228,1
774,229,1
774,230,1
774,231,1
774,232,1
773,233,1
773,234,1
773,235,1
773,236,1
773,237,1
772,238,1
772,239,1
772,240,1
772,241,1
771,242,1
771,243,1
771,244,1
771,245,1
770,245,1
770,246,1
770,247,1
770,248,1
769,249,1
769,250,1
768,250,1
768,251,1
767,251,1
766,252,1
765,251,1
764,251,1
763,250,1
762,250,1
762,249,1
761,248,1
760,247,1
759,246,1
758,246,1
758,245,1
757,244,1
756,244,1
756,243,1
755,243,1
754,242,1
753,242,1
753,241,1
752,241,1
751,241,1
750,240,1
749,240,1
748,239,1
747,239,1
746,239,1
745,239,1
744,239,1
743,238,1
742,238,1
741,238,1
740,238,1
739,238,1
738,238,1
737,238,1
736,238,1
735,239,1
734,239,1
733,239,1
732,239,1
731,239,1
730,240,1
729,240,1
728,240,1
727,240,1
727,241,1
726,241,1
725,241,1
724,242,1
723,242,1
722,242,1
722,243,1
721,243,1
720,244,1
719,244,1
718,245,1
717,245,1
716,246,1
715,246,1
714,247,1
713,247,1
712,248,1
711,249,1
710,250,1
709,250,1
709,251,1
708,251,1
707,252,1
706,253,1
705,254,1
704,254,1
703,255,1
702,256,1
701,257,1
700,258,1
699,258,1
699,259,1
698,260,1
697,261,1
696,261,1
696,262,1
695,263,1
694,264,1
693,265,1
692,266,1
692,267,1
691,268,1
690,268,1
690,269,1
689,270,1
689,271,1
688,271,1
688,272,1
687,273,1
687,274,1
686,274,1
686,275,1
685,276,1
685,277,1
684,278,1
683,279,1
683,280,1
682,281,1
682,282,1
681,282,1
681,283,1
680,284,1
680,285,1
680,286,1
679,287,1
679,288,1
678,289,1
678,290,1
678,291,1
677,292,1
677,293,1
677,294,1
677,295,1
676,296,1
676,297,1
676,298,1
676,299,1
676,300,1
676,301,1
676,302,1
676,303,1
677,304,1
458,229,0
235,159,1
236,159,1
237,159,1
238,159,1
239,159,1
240,159,1
241,159,1
242,159,1
243,159,1
244,159,1
245,159,1
246,159,1
247,159,1
248,159,1
249,159,1
250,159,1
251,159,1
252,159,1
253,159,1
254,159,1
255,159,1
256,159,1
257,159,1
258,159,1
259,159,1
260,159,1
261,159,1
262,159,1
263,159,1
264,159,1
265,159,1
266,159,1
267,159,1
268,159,1
269,159,1
270,159,1
271,159,1
272,159,1
273,159,1
274,159,1
275,159,1
276,159,1
277,159,1
278,159,1
279,159,1
280,159,1
281,159,1
282,159,1
283,159,1
284,159,1
285,159,1
286,159,1
287,159,1
288,159,1
289,159,1
290,159,1
291,159,1
292,159,1
293,159,1
294,159,1
295,159,1
296,159,1
297,159,1
298,159,1
299,159,1
300,159,1
301,159,1
302,159,1
303,159,1
304,159,1
305,159,1
306,159,1
307,159,1
308,159,1
309,159,1
310,159,1
311,159,1
312,159,1
313,159,1
314,159,1
315,159,1
316,159,1
317,159,1
318,159,1
319,159,1
320,159,1
321,159,1
322,159,1
323,159,1
324,159,1
325,159,1
326,159,1
327,159,1
328,159,1
329,159,1
330,159,1
331,159,1
332,159,1
333,159,1
334,159,1
335,159,1
336,159,1
337,159,1
338,159,1
339,159,1
340,159,1
341,159,1
342,159,1
343,159,1
344,159,1
345,159,1
346,159,1
347,159,1
348,159,1
349,159,1
350,159,1
351,159,1
352,159,1
353,159,1
354,159,1
355,159,1
356,159,1
357,159,1
358,159,1
359,159,1
360,159,1
361,159,1
362,159,1
363,159,1
364,159,1
365,159,1
366,159,1
367,159,1
368,159,1
369,159,1
370,159,1
371,159,1
372,159,1
373,159,1
374,159,1
375,160,1
376,160,1
377,160,1
378,160,1
379,160,1
380,160,1
381,160,1
382,160,1
383,160,1
384,160,1
385,160,1
386,160,1
387,160,1
388,160,1
389,160,1
390,160,1
391,160,1
392,160,1
393,160,1
394,160,1
395,160,1
396,161,1
397,161,1
398,161,1
399,161,1
400,161,1
401,161,1
402,161,1
403,161,1
404,161,1
405,161,1
406,161,1
407,161,1
408,161,1
409,161,1
410,161,1
411,161,1
412,161,1
413,161,1
414,161,1
415,161,1
416,162,1
417,162,1
418,162,1
419,162,1
420,162,1
421,162,1
422,162,1
423,162,1
424,162,1
425,162,1
426,162,1
427,162,1
428,162,1
429,162,1
430,162,1
431,162,1
432,162,1
433,162,1
434,162,1
435,162,1
436,163,1
437,163,1
438,163,1
439,163,1
440,163,1
441,163,1
442,163,1
443,163,1
444,163,1
445,163,1
446,163,1
447,163,1
448,163,1
449,163,1
450,163,1
451,163,1
452,163,1
453,163,1
454,163,1
455,163,1
456,164,1
457,164,1
458,164,1
459,164,1
460,164,1
461,164,1
462,164,1
463,164,1
464,164,1
465,164,1
466,164,1
467,164,1
468,164,1
469,164,1
470,164,1
471,164,1
472,164,1
473,164,1
474,164,1
475,164,1
476,165,1
477,165,1
478,165,1
479,165,1
480,165,1
481,165,1
482,165,1
483,165,1
484,165,1
485,165,1
486,165,1
487,165,1
488,165,1
489,165,1
490,165,1
491,165,1
492,165,1
493,165,1
494,165,1
495,165,1
496,165,1
497,166,1
498,166,1
499,166,1
500,166,1
501,166,1
502,166,1
503,166,1
504,166,1
505,166,1
506,166,1
507,166,1
508,166,1
509,166,1
510,166,1
511,166,1
512,166,1
513,166,1
514,166,1
515,166,1
516,166,1
517,166,1
518,166,1
519,166,1
520,166,1
521,166,1
522,166,1
523,166,1
523,167,1
524,167,1
525,167,1
526,167,1
527,167,1
528,167,1
529,167,1
530,167,1
531,167,1
532,167,1
533,167,1
534,167,1
535,167,1
536,167,1
537,167,1
538,167,1
539,167,1
540,167,1
541,167,1
542,167,1
543,167,1
544,167,1
545,167,1
546,167,1
547,167,1
548,167,1
549,167,1
550,167,1
551,167,1
552,167,1
553,167,1
554,167,1
555,167,1
556,167,1
557,167,1
558,167,1
559,167,1
560,167,1
561,167,1
562,167,1
563,167,1
564,167,1
565,167,1
566,167,1
567,167,1
568,167,1
569,167,1
570,167,1
571,167,1
572,167,1
573,167,1
574,167,1
575,168,1
576,168,1
577,168,1
578,168,1
579,168,1
580,168,1
581,168,1
582,168,1
583,168,1
584,168,1
585,168,1
586,168,1
587,168,1
588,168,1
589,168,1
590,168,1
591,168,1
592,168,1
593,168,1
594,168,1
595,168,1
596,168,1
597,168,1
598,168,1
599,168,1
600,168,1
601,168,1
602,168,1
603,168,1
604,168,1
605,168,1
606,168,1
607,168,1
608,168,1
609,168,1
610,168,1
611,168,1
612,168,1
613,168,1
614,168,1
615,168,1
616,168,1
617,167,1
618,167,1
619,167,1
620,167,1
621,167,1
622,167,1
623,167,1
624,167,1
625,167,1
626,167,1
627,167,1
628,167,1
629,167,1
630,167,1
631,167,1
632,167,1
633,167,1
634,167,1
635,167,1
636,167,1
637,167,1
638,167,1
639,167,1
640,167,1
641,167,1
641,166,1
642,166,1
643,166,1
644,166,1
645,166,1
646,166,1
647,166,1
648,166,1
649,166,1
650,166,1
651,166,1
652,166,1
653,166,1
654,166,1
655,166,1
656,166,1
657,166,1
658,166,1
659,166,1
660,166,1
661,166,1
662,166,1
663,166,1
664,166,1
665,166,1
666,166,1
667,166,1
668,166,1
669,166,1
670,166,1
671,166,1
672,166,1
673,166,1
674,166,1
675,166,1
676,165,1
677,165,1
678,165,1
679,165,1
680,165,1
681,165,1
682,165,1
683,165,1
684,165,1
685,165,1
686,165,1
687,165,1
688,165,1
689,165,1
690,165,1
691,165,1
692,165,1
693,165,1
694,165,1
695,165,1
696,165,1
697,165,1
698,165,1
699,165,1
700,165,1
701,165,1
702,165,1
703,165,1
704,165,1
705,165,1
706,164,1
707,164,1
708,164,1
709,164,1
710,164,1
711,164,1
712,164,1
713,164,1
714,164,1
715,164,1
716,164,1
717,164,1
718,164,1
719,164,1
720,164,1
721,164,1
722,164,1
723,164,1
724,164,1
725,164,1
726,164,1
727,164,1
728,164,1
729,164,1
730,163,1
731,163,1
732,163,1
733,163,1
734,163,1
735,163,1
736,163,1
737,163,1
738,163,1
739,163,1
740,163,1
741,163,1
742,163,1
743,163,1
744,163,1
745,163,1
746,163,1
747,163,1
748,163,1
749,163,1
750,163,1
751,163,1
752,163,1
753,163,1
754,162,1
755,162,1
756,162,1
757,162,1
758,162,1
759,162,1
760,162,1
761,162,1
762,162,1
763,162,1
764,162,1
765,162,1
766,162,1
767,162,1
768,162,1
769,162,1
770,162,1
771,162,1
772,162,1
773,162,1
774,162,1
775,162,1
776,162,1
777,162,1
778,162,1
779,162,1
780,162,1
781,162,1
782,162,1
783,162,1
784,162,1
785,162,1
786,162,1
787,162,1
788,162,1
789,162,1
790,162,1
791,162,1
792,162,1
793,162,1
794,162,1
795,162,1
796,162,1
797,162,1
798,162,1
799,162,1
800,162,1
801,162,1
802,162,1
803,162,1
804,162,1
805,162,1
806,162,1
807,162,1
808,162,1
809,162,1
810,162,1
811,162,1
812,162,1
813,163,1
814,163,1
814,163,0
