622,607,1
621,607,1
620,607,1
619,607,1
618,608,1
617,609,1
616,609,1
615,610,1
614,610,1
613,611,1
612,612,1
611,612,1
610,613,1
609,614,1
608,615,1
607,615,1
607,616,1
606,617,1
605,618,1
604,619,1
604,620,1
603,621,1
603,622,1
603,623,1
602,624,1
602,625,1
602,626,1
602,627,1
601,628,1
601,629,1
601,630,1
601,631,1
602,632,1
602,633,1
602,634,1
602,635,1
603,636,1
603,637,1
603,638,1
604,639,1
604,640,1
605,640,1
605,641,1
606,641,1
606,642,1
607,642,1
607,643,1
608,644,1
609,645,1
610,646,1
611,647,1
612,647,1
612,648,1
613,648,1
614,649,1
615,649,1
615,650,1
616,650,1
617,651,1
618,651,1
619,651,1
619,652,1
620,652,1
621,652,1
621,653,1
622,653,1
623,653,1
624,654,1
625,654,1
626,654,1
627,655,1
628,655,1
629,655,1
630,655,1
631,656,1
632,656,1
633,656,1
634,656,1
635,657,1
636,657,1
637,657,1
638,657,1
639,658,1
640,658,1
641,659,1
642,659,1
642,660,1
643,660,1
644,661,1
645,661,1
646,662,1
647,662,1
648,663,1
649,663,1
650,663,1
651,664,1
652,664,1
653,665,1
654,665,1
655,665,1
656,666,1
657,666,1
658,666,1
659,667,1
660,667,1
661,667,1
662,667,1
662,668,1
663,668,1
664,668,1
665,669,1
666,669,1
667,669,1
668,670,1
669,670,1
670,670,1
671,670,1
672,671,1
673,671,1
674,671,1
674,672,1
675,672,1
676,672,1
677,672,1
678,673,1
679,673,1
680,673,1
681,674,1
682,674,1
683,674,1
684,675,1
685,675,1
686,675,1
687,676,1
688,676,1
689,676,1
689,677,1
690,677,1
691,677,1
692,678,1
693,678,1
694,679,1
695,679,1
696,679,1
696,680,1
697,680,1
698,681,1
699,681,1
700,681,1
700,682,1
701,682,1
702,683,1
703,683,1
703,684,1
704,684,1
705,684,1
706,684,1
707,685,1
708,685,1
709,685,1
710,685,1
711,685,1
712,685,1
712,686,1
713,686,1
714,686,1
715,686,1
716,686,1
717,686,1
718,686,1
719,687,1
720,687,1
721,687,1
722,687,1
723,687,1
724,688,1
725,688,1
726,688,1
727,688,1
728,688,1
728,689,1
729,689,1
730,689,1
731,690,1
732,690,1
733,691,1
734,691,1
734,692,1
735,692,1
735,693,1
736,693,1
737,694,1
737,695,1
738,695,1
738,696,1
738,697,1
739,698,1
739,699,1
739,700,1
739,701,1
739,702,1
738,703,1
738,704,1
738,705,1
738,706,1
738,707,1
737,708,1
737,709,1
737,710,1
737,711,1
736,712,1
736,713,1
736,714,1
735,715,1
735,716,1
734,717,1
734,718,1
734,719,1
733,720,1
733,721,1
732,722,1
732,723,1
732,724,1
731,725,1
731,726,1
730,727,1
730,728,1
729,729,1
729,730,1
728,731,1
728,732,1
727,733,1
726,734,1
726,735,1
726,736,1
725,737,1
724,738,1
793,709,0
847,676,1
848,677,1
849,678,1
850,679,1
851,680,1
852,681,1
852,682,1
853,683,1
853,684,1
854,685,1
854,686,1
855,687,1
855,688,1
855,689,1
855,690,1
856,691,1
856,692,1
856,693,1
856,694,1
856,695,1
856,696,1
856,697,1
856,698,1
856,699,1
856,700,1
856,701,1
856,702,1
855,703,1
855,704,1
855,705,1
855,706,1
855,707,1
855,708,1
854,709,1
854,710,1
854,711,1
854,712,1
853,713,1
853,714,1
853,715,1
852,716,1
852,717,1
851,718,1
851,719,1
850,720,1
850,721,1
849,721,1
849,722,1
848,723,1
848,724,1
848,725,1
848,726,1
848,727,1
848,728,1
848,729,1
847,730,1
847,731,1
847,732,1
846,733,1
846,734,1
846,735,1
845,736,1
845,737,1
845,738,1
844,739,1
844,740,1
843,741,1
842,742,1
842,743,1
841,744,1
841,745,1
840,746,1
840,747,1
839,748,1
838,749,1
838,750,1
837,751,1
836,752,1
835,752,1
835,753,1
834,754,1
833,754,1
832,755,1
831,755,1
830,756,1
829,756,1
828,756,1
827,757,1
826,757,1
825,757,1
824,758,1
823,758,1
823,759,1
822,760,1
845,794,0
833,825,1
834,826,1
834,827,1
835,827,1
835,828,1
835,829,1
836,830,1
837,831,1
837,832,1
838,832,1
838,833,1
839,834,1
839,835,1
840,836,1
840,837,1
841,837,1
841,838,1
841,839,1
842,840,1
842,841,1
843,842,1
843,843,1
843,844,1
844,845,1
844,846,1
844,847,1
845,848,1
845,849,1
845,850,1
845,851,1
845,852,1
845,853,1
845,854,1
845,855,1
845,856,1
845,857,1
845,858,1
845,859,1
844,860,1
844,861,1
844,862,1
843,863,1
843,864,1
842,865,1
842,866,1
841,867,1
841,868,1
840,868,1
840,869,1
839,870,1
838,871,1
837,872,1
836,873,1
836,874,1
835,874,1
835,875,1
834,875,1
834,876,1
833,876,1
833,877,1
832,878,1
831,878,1
831,879,1
830,879,1
830,880,1
829,880,1
829,881,1
828,881,1
827,882,1
826,883,1
825,884,1
824,885,1
823,885,1
823,886,1
822,886,1
821,887,1
820,888,1
819,888,1
819,889,1
818,889,1
817,890,1
816,890,1
815,891,1
814,892,1
813,892,1
812,892,1
812,893,1
811,893,1
810,894,1
809,894,1
808,895,1
807,896,1
806,897,1
805,898,1
804,898,1
803,899,1
802,900,1
801,901,1
800,901,1
800,902,1
799,902,1
798,903,1
797,903,1
797,904,1
796,904,1
795,904,1
795,905,1
794,905,1
793,906,1
792,906,1
791,907,1
790,907,1
789,908,1
788,908,1
787,909,1
786,909,1
785,910,1
784,910,1
783,910,1
783,911,1
782,911,1
781,911,1
780,912,1
779,912,1
778,913,1
777,913,1
777,914,1
776,914,1
775,914,1
774,915,1
773,916,1
772,916,1
771,916,1
770,917,1
769,917,1
768,918,1
767,918,1
766,918,1
766,919,1
765,919,1
764,919,1
763,919,1
762,920,1
761,920,1
760,921,1
759,921,1
758,921,1
757,921,1
757,922,1
756,922,1
755,922,1
754,922,1
753,923,1
752,923,1
751,924,1
750,924,1
749,924,1
748,924,1
747,925,1
746,925,1
745,925,1
744,925,1
743,926,1
742,926,1
741,926,1
740,926,1
739,927,1
738,927,1
737,927,1
736,927,1
735,927,1
734,927,1
733,927,1
732,927,1
731,927,1
730,928,1
729,928,1
728,928,1
727,928,1
726,928,1
725,928,1
724,928,1
723,928,1
722,928,1
721,927,1
720,927,1
719,927,1
718,927,1
717,927,1
716,927,1
715,927,1
714,927,1
713,927,1
712,926,1
711,926,1
710,926,1
709,926,1
708,926,1
707,925,1
706,925,1
705,925,1
704,925,1
703,925,1
702,925,1
701,925,1
700,925,1
699,924,1
698,924,1
697,924,1
696,924,1
695,923,1
694,923,1
693,923,1
692,923,1
691,923,1
690,922,1
689,922,1
688,922,1
687,921,1
686,920,1
685,920,1
684,920,1
940,859,0
1185,782,1
1184,783,1
1183,784,1
1182,785,1
1181,786,1
1180,787,1
1179,788,1
1178,789,1
1177,790,1
1176,790,1
1175,791,1
1174,791,1
1173,792,1
1172,792,1
1171,793,1
1170,793,1
1169,793,1
1168,794,1
1167,794,1
1166,794,1
1165,795,1
1164,795,1
1163,795,1
1162,795,1
1161,795,1
1160,796,1
1159,796,1
1158,796,1
1157,796,1
1156,796,1
1155,796,1
1154,796,1
1153,796,1
1152,796,1
1151,795,1
1150,795,1
1149,795,1
1148,794,1
1147,794,1
1146,793,1
1146,792,1
1145,792,1
1145,791,1
1145,790,1
1144,789,1
1144,788,1
1144,787,1
1144,786,1
1144,785,1
1144,784,1
1145,784,1
1145,783,1
1145,782,1
1145,781,1
1146,781,1
1146,780,1
1146,779,1
1147,778,1
1147,777,1
1148,777,1
1148,776,1
1149,775,1
1149,774,1
1150,774,1
1150,773,1
1151,773,1
1152,772,1
1153,771,1
1154,771,1
1154,770,1
1155,770,1
1156,769,1
1157,769,1
1158,768,1
1159,768,1
1159,767,1
1160,767,1
1160,766,1
1161,766,1
1162,765,1
1163,765,1
1163,764,1
1164,764,1
1165,764,1
1165,763,1
1166,763,1
1167,763,1
1167,762,1
1168,762,1
1169,762,1
1170,762,1
1171,762,1
1172,761,1
1173,761,1
1174,761,1
1175,761,1
1176,761,1
1177,761,1
1178,761,1
1179,761,1
1180,761,1
1181,762,1
1182,762,1
1183,762,1
1184,762,1
1185,763,1
1186,763,1
1187,763,1
1187,764,1
1188,764,1
1189,764,1
1189,765,1
1190,765,1
1191,765,1
1191,766,1
1192,766,1
1192,767,1
1193,767,1
1194,767,1
1195,767,1
1196,767,1
1197,767,1
1198,767,1
1199,767,1
1200,767,1
1201,768,1
1202,768,1
1203,768,1
1204,768,1
1205,769,1
1206,769,1
1207,770,1
1208,770,1
1209,771,1
1210,771,1
1210,772,1
1211,772,1
1212,773,1
1213,774,1
1214,775,1
1214,776,1
1215,776,1
1215,777,1
1216,778,1
1217,779,1
1217,780,1
1218,781,1
1218,782,1
1218,783,1
1218,784,1
1219,784,1
1219,785,1
1219,786,1
1219,787,1
1219,788,1
1219,789,1
1219,790,1
1220,790,1
1220,791,1
1220,792,1
1220,793,1
1220,794,1
1220,795,1
1219,796,1
1219,797,1
1219,798,1
1219,799,1
1219,800,1
1219,801,1
1219,802,1
1219,803,1
1219,804,1
1218,805,1
1218,806,1
1218,807,1
1218,808,1
1218,809,1
1218,810,1
1218,811,1
1217,812,1
1217,813,1
1217,814,1
1217,815,1
1217,816,1
1216,817,1
1216,818,1
1216,819,1
1216,820,1
1216,821,1
1216,822,1
1215,823,1
1215,824,1
1215,825,1
1215,826,1
1215,827,1
1214,828,1
1214,829,1
1214,830,1
1214,831,1
1214,832,1
1214,833,1
1213,834,1
1213,835,1
1212,835,1
1211,836,1
1257,830,0
1302,822,1
1302,823,1
1302,824,1
1301,825,1
1300,826,1
1300,827,1
1300,828,1
1299,829,1
1299,830,1
1299,831,1
1298,832,1
1298,833,1
1298,834,1
1298,835,1
1298,836,1
1350,829,0
1400,822,1
1400,823,1
1400,824,1
1400,825,1
1400,826,1
1400,827,1
1400,828,1
1400,829,1
1400,830,1
1400,831,1
1400,832,1
1400,833,1
1400,834,1
1400,835,1
1401,836,1
1401,837,1
1401,838,1
1401,839,1
1402,840,1
1402,841,1
1402,842,1
1402,843,1
1403,844,1
1403,845,1
1403,846,1
1404,847,1
1404,848,1
1405,848,1
1405,849,1
1406,850,1
1406,851,1
1407,852,1
1407,853,1
1408,854,1
1408,855,1
1409,856,1
1410,857,1
1410,858,1
1411,859,1
1411,860,1
1412,861,1
1412,862,1
1413,863,1
1413,864,1
1414,865,1
1414,866,1
1415,867,1
1416,867,1
1416,868,1
1417,869,1
1417,870,1
1418,871,1
1418,872,1
1419,873,1
1419,874,1
1420,875,1
1420,876,1
1421,877,1
1421,878,1
1422,879,1
1423,880,1
1423,881,1
1424,881,1
1424,882,1
1425,883,1
1425,884,1
1426,885,1
1426,886,1
1427,887,1
1427,888,1
1428,889,1
1428,890,1
1429,891,1
1429,892,1
1430,893,1
1431,894,1
1431,895,1
1432,895,1
1432,896,1
1433,897,1
1433,898,1
1434,899,1
1434,900,1
1435,901,1
1435,902,1
1436,903,1
1436,904,1
1437,905,1
1437,906,1
1438,907,1
1438,908,1
1439,908,1
1439,909,1
1440,910,1
1440,911,1
1441,912,1
1441,913,1
1442,914,1
1442,915,1
1442,916,1
1443,917,1
1443,918,1
1444,919,1
1444,920,1
1444,921,1
1445,922,1
1446,923,1
1446,924,1
1447,925,1
1447,926,1
1447,927,1
1448,928,1
1448,929,1
1449,930,1
1449,931,1
1450,932,1
1451,933,1
1451,934,1
1452,934,1
1452,935,1
1453,936,1
1453,937,1
1454,938,1
1454,939,1
1455,940,1
1455,941,1
1456,942,1
1456,943,1
1457,944,1
1458,945,1
1458,946,1
1459,947,1
1460,948,1
1460,949,1
1461,950,1
1461,951,1
1462,952,1
1462,953,1
1463,954,1
1463,955,1
1464,956,1
1464,957,1
1465,958,1
1465,959,1
1466,960,1
1466,961,1
1467,962,1
1467,963,1
1468,964,1
1469,965,1
1469,966,1
1470,967,1
1470,968,1
1470,969,1
1471,970,1
1471,971,1
1472,972,1
1472,973,1
1473,974,1
1473,975,1
1474,976,1
1474,977,1
1475,978,1
1476,979,1
1476,980,1
1477,981,1
1477,982,1
1477,983,1
1478,984,1
1478,985,1
1479,986,1
1479,987,1
1480,988,1
1480,989,1
1480,990,1
1481,991,1
1481,992,1
1481,993,1
1482,994,1
1482,995,1
1482,996,1
1482,997,1
1483,998,1
1483,999,1
1483,1000,1
1483,1001,1
1483,1002,1
1483,1003,1
1484,1004,1
1484,1005,1
1484,1006,1
1484,1007,1
1484,1008,1
1483,1009,1
1483,1010,1
1483,1011,1
1483,1012,1
1483,1013,1
1483,1014,1
1483,1015,1
1482,1016,1
1482,1017,1
1481,1017,1
1480,1018,1
1441,837,0
1360,705,1
1361,705,1
1362,705,1
1363,705,1
1364,705,1
1365,705,1
1366,705,1
1367,705,1
1368,705,1
1369,705,1
1370,705,1
1371,705,1
1372,705,1
1373,705,1
1374,705,1
1375,705,1
1376,705,1
1377,705,1
1378,705,1
1379,705,1
1380,705,1
1381,705,1
1382,705,1
1383,705,1
1384,705,1
1385,705,1
1386,705,1
1387,705,1
1388,705,1
1389,705,1
1390,705,1
1391,705,1
1392,705,1
1393,705,1
1394,705,1
1395,705,1
1396,705,1
1397,705,1
1398,704,1
1399,704,1
1400,704,1
1401,704,1
1402,704,1
1403,704,1
1404,704,1
1405,704,1
1406,704,1
1407,704,1
1408,704,1
1409,704,1
1410,704,1
1411,704,1
1412,704,1
1413,704,1
1414,704,1
1415,704,1
1416,704,1
1417,704,1
1418,704,1
1419,704,1
1420,704,1
1421,704,1
1422,704,1
1423,704,1
1424,703,1
1425,703,1
1426,703,1
1427,703,1
1428,703,1
1429,703,1
1430,703,1
1431,703,1
1432,703,1
1433,703,1
1434,703,1
1435,703,1
1436,703,1
1437,703,1
1438,703,1
1439,703,1
1440,703,1
1441,703,1
1442,703,1
1443,702,1
1444,702,1
1445,702,1
1446,702,1
1447,702,1
1448,702,1
1449,702,1
1450,702,1
1451,702,1
1452,702,1
1453,702,1
1454,702,1
1455,702,1
1456,702,1
1457,702,1
1458,702,1
1459,702,1
1460,702,1
1461,702,1
1462,701,1
1463,701,1
1464,701,1
1465,701,1
1466,701,1
1467,701,1
1468,701,1
1469,701,1
1470,701,1
1471,701,1
1472,701,1
1473,701,1
1474,701,1
1475,701,1
1476,701,1
1477,701,1
1478,701,1
1479,701,1
1480,701,1
1481,701,1
1482,700,1
1483,700,1
1484,700,1
1485,700,1
1486,700,1
1487,700,1
1488,700,1
1489,700,1
1490,700,1
1491,700,1
1492,700,1
1493,700,1
1494,700,1
1495,700,1
1496,700,1
1497,700,1
1498,700,1
1499,700,1
1500,700,1
1501,700,1
1502,700,1
1503,699,1
1504,699,1
1505,699,1
1506,699,1
1507,699,1
1508,699,1
1509,699,1
1510,699,1
1511,699,1
1512,699,1
1513,699,1
1514,699,1
1515,699,1
1516,699,1
1517,699,1
1518,699,1
1519,699,1
1520,699,1
1521,698,1
1522,698,1
1523,698,1
1524,698,1
1525,698,1
1526,698,1
1527,698,1
1528,698,1
1529,698,1
1530,698,1
1531,698,1
1532,698,1
1533,698,1
1534,698,1
1535,698,1
1536,698,1
1537,697,1
1538,697,1
1539,697,1
1540,697,1
1541,697,1
1542,697,1
1543,697,1
1544,697,1
1545,697,1
1546,697,1
1547,697,1
1548,697,1
1549,697,1
1550,697,1
1551,697,1
1552,697,1
1553,697,1
1554,697,1
1555,697,1
1556,696,1
1557,696,1
1558,696,1
1559,696,1
1560,696,1
1561,696,1
1562,696,1
1563,696,1
1564,696,1
1565,696,1
1566,696,1
1567,696,1
1568,696,1
1569,696,1
1570,695,1
1571,695,1
1572,695,1
1573,695,1
1574,695,1
1575,695,1
1576,695,1
1577,695,1
1578,695,1
1579,695,1
1580,695,1
1581,695,1
1582,695,1
1583,695,1
1584,695,1
1585,695,1
1586,695,1
1587,695,1
1588,695,1
1589,695,1
1590,695,1
1591,694,1
1592,694,1
1593,694,1
1594,694,1
1595,694,1
1596,694,1
1597,694,1
1598,694,1
1599,694,1
1600,694,1
1601,694,1
1602,694,1
1603,694,1
1604,694,1
1605,694,1
1606,694,1
1607,694,1
1608,694,1
1609,693,1
1610,693,1
1611,693,1
1612,693,1
1613,693,1
1614,693,1
1615,693,1
1616,693,1
1617,693,1
1618,693,1
1619,693,1
1620,693,1
1621,693,1
1622,692,1
1623,692,1
1624,692,1
1625,692,1
1626,692,1
1627,691,1
1628,691,1
1629,691,1
1630,691,1
1631,691,1
1632,691,1
1633,691,1
1634,691,1
1635,691,1
1636,691,1
1637,691,1
1638,691,1
1639,691,1
1640,691,1
1783,762,0
1949,858,1
1948,857,1
1947,857,1
1947,856,1
1946,855,1
1946,854,1
1946,853,1
1946,852,1
1946,851,1
1946,850,1
1946,849,1
1946,848,1
1946,847,1
1947,847,1
1947,846,1
1948,845,1
1948,844,1
1949,844,1
1950,843,1
1951,842,1
1952,842,1
1953,841,1
1954,840,1
1955,840,1
1956,839,1
1957,838,1
1958,838,1
1959,837,1
1960,837,1
1961,836,1
1962,836,1
1963,835,1
1964,835,1
1965,835,1
1966,834,1
1967,834,1
1968,834,1
1968,833,1
1969,833,1
1970,833,1
1971,832,1
1972,832,1
1973,832,1
1974,832,1
1975,831,1
1976,831,1
1977,830,1
1978,830,1
1979,830,1
1980,829,1
1981,829,1
1982,828,1
1983,828,1
1984,828,1
1985,827,1
1986,827,1
1986,826,1
1987,826,1
1988,826,1
1989,825,1
1990,825,1
1991,825,1
1992,824,1
1993,824,1
1994,823,1
1995,823,1
1996,823,1
1997,823,1
1998,822,1
1999,822,1
2000,821,1
2001,821,1
2002,821,1
2003,820,1
2004,820,1
2005,820,1
2006,819,1
2007,819,1
2008,819,1
2009,819,1
2010,818,1
2011,818,1
2012,818,1
2013,818,1
2014,818,1
2015,817,1
2016,817,1
2017,817,1
2018,817,1
2019,817,1
2020,817,1
2021,817,1
2021,816,1
2022,816,1
2023,816,1
2024,816,1
2025,816,1
2026,816,1
2027,815,1
2028,815,1
2029,815,1
2030,815,1
2031,814,1
2032,814,1
2033,814,1
2034,814,1
2035,814,1
2036,814,1
2037,814,1
2038,813,1
2039,813,1
2040,813,1
2041,813,1
2042,813,1
2043,813,1
2044,813,1
2045,813,1
2046,813,1
2047,813,1
2048,813,1
2049,813,1
2050,813,1
2051,813,1
2052,813,1
2053,813,1
2054,813,1
2055,813,1
2056,813,1
2057,813,1
2058,813,1
2059,813,1
2060,813,1
2061,813,1
2062,814,1
2063,814,1
2064,814,1
2065,814,1
2066,814,1
2067,814,1
2068,815,1
2069,815,1
2070,815,1
2071,815,1
2072,816,1
2073,816,1
2074,816,1
2075,817,1
2076,817,1
2077,817,1
2077,818,1
2078,818,1
2079,818,1
2080,819,1
2081,819,1
2082,819,1
2082,820,1
2083,820,1
2084,821,1
2085,821,1
2086,822,1
2087,823,1
2088,823,1
2088,824,1
2089,824,1
2090,825,1
2091,825,1
2091,826,1
2092,826,1
2092,827,1
2093,827,1
2094,828,1
2095,829,1
2095,830,1
2096,830,1
2097,830,1
2098,831,1
2099,831,1
2100,831,1
2100,832,1
2101,832,1
2102,832,1
2103,833,1
2104,833,1
2105,834,1
2106,834,1
2107,835,1
2108,836,1
2109,836,1
2110,837,1
2111,838,1
2112,839,1
2113,840,1
2113,841,1
2114,841,1
2114,842,1
2115,843,1
2115,844,1
2116,844,1
2116,845,1
2116,846,1
2117,846,1
2117,847,1
2117,848,1
2118,848,1
2118,849,1
2118,850,1
2119,851,1
2119,852,1
2119,853,1
2120,854,1
2120,855,1
2120,856,1
2120,857,1
2121,858,1
2121,859,1
2121,860,1
2121,861,1
2121,862,1
2121,863,1
2121,864,1
2121,865,1
2121,866,1
2121,867,1
2121,868,1
2121,869,1
2121,870,1
2121,871,1
2121,872,1
2121,873,1
2120,874,1
2120,875,1
2120,876,1
2120,877,1
2120,878,1
2120,879,1
2120,880,1
2120,881,1
2119,882,1
2119,883,1
2119,884,1
2119,885,1
2119,886,1
2118,887,1
2118,888,1
2118,889,1
2118,890,1
2117,891,1
2117,892,1
2117,893,1
2117,894,1
2117,895,1
2116,896,1
2116,897,1
2116,898,1
2115,899,1
2115,900,1
2115,901,1
2115,902,1
2115,903,1
2114,904,1
2114,905,1
2113,906,1
2113,907,1
2113,908,1
2113,909,1
2165,898,0
2207,891,1
2207,892,1
2207,893,1
2207,894,1
2206,895,1
2206,896,1
2205,897,1
2205,898,1
2205,899,1
2204,900,1
2204,901,1
2204,902,1
2203,903,1
2203,904,1
2203,905,1
2203,906,1
2203,907,1
2202,908,1
2202,909,1
2202,910,1
2202,911,1
2202,912,1
2202,913,1
2202,914,1
2202,915,1
2202,916,1
2202,917,1
2202,918,1
2202,919,1
2202,920,1
2203,921,1
2203,922,1
2203,923,1
2203,924,1
2203,925,1
2204,926,1
2204,927,1
2205,928,1
2205,929,1
2205,930,1
2206,931,1
2206,932,1
2207,933,1
2207,934,1
2207,935,1
2208,935,1
2208,936,1
2209,937,1
2209,938,1
2209,939,1
2210,939,1
2210,940,1
2210,941,1
2211,942,1
2211,943,1
2212,944,1
2212,945,1
2213,946,1
2213,947,1
2214,948,1
2214,949,1
2215,950,1
2215,951,1
2216,951,1
2216,952,1
2217,953,1
2217,954,1
2218,954,1
2218,955,1
2218,956,1
2219,957,1
2220,958,1
2220,959,1
2221,960,1
2222,961,1
2223,962,1
2223,963,1
2224,963,1
2224,964,1
2225,965,1
2226,966,1
2226,967,1
2227,967,1
2228,968,1
2228,969,1
2229,970,1
2230,971,1
2230,972,1
2230,973,1
2230,974,1
2231,974,1
2231,975,1
2231,976,1
2232,977,1
2232,978,1
2233,979,1
2233,980,1
2234,981,1
2234,982,1
2235,983,1
2235,984,1
2236,985,1
2236,986,1
2237,986,1
2237,987,1
2238,988,1
2239,989,1
2239,990,1
2240,991,1
2241,992,1
2241,993,1
2242,994,1
2243,995,1
2244,996,1
2244,997,1
2245,997,1
2245,998,1
2246,999,1
2247,1000,1
2247,1001,1
2248,1002,1
2249,1003,1
2250,1004,1
2251,1005,1
2251,1006,1
2252,1007,1
2253,1008,1
2253,1009,1
2254,1010,1
2255,1010,1
2255,1011,1
2256,1012,1
2257,1012,1
2257,1013,1
2258,1014,1
2259,1014,1
2259,1015,1
2260,1015,1
2261,1016,1
2261,1017,1
2262,1017,1
2263,1018,1
2264,1019,1
2265,1020,1
2266,1020,1
2266,1021,1
2267,1021,1
2268,1022,1
2268,1023,1
2269,1023,1
2270,1024,1
2271,1024,1
2271,1025,1
2272,1025,1
2273,1026,1
2274,1027,1
2275,1027,1
2275,1028,1
2276,1029,1
2277,1029,1
2277,1030,1
2278,1030,1
2279,1031,1
2280,1032,1
2281,1032,1
2281,1033,1
2282,1034,1
2283,1034,1
2284,1034,1
2284,1035,1
2284,1036,1
2132,786,0
1971,553,1
1971,552,1
1971,551,1
1971,550,1
1972,549,1
1973,548,1
1974,548,1
1975,547,1
1976,547,1
1977,547,1
1978,547,1
1979,547,1
1980,547,1
1981,547,1
1982,547,1
1983,547,1
1984,548,1
1985,548,1
1986,548,1
1987,549,1
1988,549,1
1989,549,1
1990,550,1
1991,551,1
1992,551,1
1993,552,1
1994,552,1
1995,553,1
1996,553,1
1997,554,1
1998,554,1
1999,555,1
2000,555,1
2001,556,1
2002,557,1
2003,558,1
2004,559,1
2005,559,1
2006,560,1
2007,560,1
2008,561,1
2008,562,1
2009,562,1
2010,563,1
2011,564,1
2012,564,1
2013,565,1
2013,566,1
2014,567,1
2015,567,1
2016,568,1
2017,569,1
2018,569,1
2018,570,1
2019,571,1
2020,571,1
2021,572,1
2021,573,1
2022,573,1
2023,574,1
2024,575,1
2024,576,1
2025,576,1
2026,577,1
2027,578,1
2028,579,1
2029,580,1
2030,581,1
2031,582,1
2032,583,1
2033,583,1
2033,584,1
2034,585,1
2035,586,1
2036,586,1
2036,587,1
2037,588,1
2038,588,1
2039,589,1
2039,590,1
2040,591,1
2041,591,1
2042,592,1
2042,593,1
2043,594,1
2044,594,1
2044,595,1
2045,596,1
2046,597,1
2047,597,1
2047,598,1
2048,599,1
2049,600,1
2050,600,1
2050,601,1
2051,602,1
2052,603,1
2052,604,1
2053,604,1
2054,605,1
2055,606,1
2055,607,1
2056,607,1
2057,608,1
2058,609,1
2059,610,1
2060,611,1
2061,611,1
2061,612,1
2062,613,1
2063,613,1
2064,614,1
2065,615,1
2065,616,1
2066,616,1
2067,617,1
2068,618,1
2068,619,1
2069,619,1
2070,620,1
2070,621,1
2071,622,1
2072,622,1
2073,623,1
2073,624,1
2074,625,1
2075,625,1
2076,626,1
2076,627,1
2077,628,1
2078,628,1
2078,629,1
2079,630,1
2080,631,1
2081,632,1
2082,633,1
2083,634,1
2083,635,1
2084,635,1
2085,636,1
2086,637,1
2086,638,1
2087,638,1
2088,639,1
2088,640,1
2089,641,1
2090,642,1
2091,643,1
2092,644,1
2092,645,1
2093,645,1
2094,646,1
2094,647,1
2095,648,1
2096,648,1
2096,649,1
2097,650,1
2098,651,1
2098,652,1
2099,652,1
2100,653,1
2100,654,1
2101,655,1
2102,656,1
2103,657,1
2104,658,1
2104,659,1
2105,659,1
2106,660,1
2106,661,1
2107,662,1
2108,663,1
2109,664,1
2110,665,1
2110,666,1
2111,667,1
2112,667,1
2112,668,1
2113,669,1
2114,670,1
2114,671,1
2115,671,1
2116,672,1
2116,673,1
2117,674,1
2117,675,1
2118,675,1
2119,676,1
2119,677,1
2120,678,1
2121,678,1
2121,679,1
2122,680,1
2123,681,1
2123,682,1
2124,682,1
2124,683,1
2125,684,1
2126,685,1
2126,686,1
2127,686,1
2127,687,1
2128,688,1
2129,689,1
2130,690,1
2131,691,1
2131,692,1
2132,693,1
2133,693,1
2133,694,1
2134,695,1
2135,696,1
2136,697,1
2137,698,1
2137,699,1
2138,700,1
2139,701,1
2139,702,1
2140,702,1
2141,703,1
2141,704,1
2142,705,1
2143,706,1
2144,707,1
2145,708,1
2145,709,1
2146,710,1
2147,711,1
2148,712,1
2148,713,1
2149,714,1
2150,714,1
2150,715,1
2151,716,1
2151,717,1
2152,718,1
2153,718,1
2153,719,1
2154,720,1
2154,721,1
2155,722,1
2156,723,1
2157,724,1
2157,725,1
2158,726,1
2159,726,1
2159,727,1
2160,728,1
2160,729,1
2161,730,1
2162,731,1
2163,732,1
2163,733,1
2164,734,1
2165,735,1
2165,736,1
2166,737,1
2167,737,1
2167,738,1
2168,739,1
2168,740,1
2169,741,1
2170,742,1
2171,743,1
2171,744,1
2172,745,1
2173,746,1
2173,747,1
2174,748,1
2175,749,1
2175,750,1
2176,750,1
2176,751,1
2177,752,1
2178,753,1
2178,754,1
2179,755,1
2180,756,1
2180,757,1
2181,758,1
2182,759,1
2182,760,1
2183,761,1
2183,762,1
2184,763,1
2185,764,1
2185,765,1
2186,766,1
2186,767,1
2186,768,1
2187,769,1
2188,770,1
2189,771,1
2189,771,0
2316,811,0
2422,851,1
2422,852,1
2422,853,1
2422,854,1
2422,855,1
2422,856,1
2422,857,1
2422,858,1
2421,859,1
2421,860,1
2421,861,1
2421,862,1
2421,863,1
2421,864,1
2421,865,1
2421,866,1
2422,867,1
2422,868,1
2422,869,1
2423,870,1
2423,871,1
2423,872,1
2424,873,1
2424,874,1
2425,874,1
2426,875,1
2426,876,1
2427,877,1
2428,878,1
2429,879,1
2430,879,1
2430,880,1
2431,880,1
2432,881,1
2433,882,1
2434,883,1
2435,883,1
2436,884,1
2437,884,1
2438,885,1
2439,885,1
2440,886,1
2441,886,1
2442,886,1
2442,887,1
2443,887,1
2444,887,1
2445,887,1
2446,888,1
2447,888,1
2448,888,1
2449,889,1
2450,889,1
2451,889,1
2452,889,1
2453,890,1
2454,890,1
2455,891,1
2456,891,1
2457,892,1
2458,892,1
2459,892,1
2459,893,1
2460,893,1
2461,893,1
2461,894,1
2462,894,1
2463,895,1
2464,896,1
2465,897,1
2466,898,1
2467,899,1
2467,900,1
2468,900,1
2468,901,1
2468,902,1
2469,902,1
2469,903,1
2469,904,1
2469,905,1
2470,906,1
2470,907,1
2470,908,1
2470,909,1
2470,910,1
2470,911,1
2470,912,1
2471,913,1
2471,914,1
2471,915,1
2472,916,1
2472,917,1
2473,918,1
2473,919,1
2473,920,1
2474,921,1
2474,922,1
2474,923,1
2475,923,1
2475,924,1
2475,925,1
2475,926,1
2476,926,1
2476,927,1
2476,928,1
2477,929,1
2477,930,1
2477,931,1
2478,932,1
2478,933,1
2479,933,1
2479,934,1
2480,934,1
2481,935,1
2482,936,1
2483,937,1
2484,938,1
2484,939,1
2485,939,1
2486,940,1
2486,941,1
2487,941,1
2487,942,1
2488,943,1
2488,944,1
2489,945,1
2489,946,1
2489,947,1
2489,948,1
2489,949,1
2490,950,1
2490,951,1
2490,952,1
2489,953,1
2489,954,1
2489,955,1
2489,956,1
2489,957,1
2488,958,1
2488,959,1
2488,960,1
2488,961,1
2487,962,1
2487,963,1
2486,964,1
2486,965,1
2485,966,1
2485,967,1
2484,968,1
2484,969,1
2483,970,1
2483,971,1
2482,972,1
2481,973,1
2481,974,1
2480,974,1
2480,975,1
2479,976,1
2479,977,1
2478,978,1
2478,979,1
2477,980,1
2477,981,1
2476,982,1
2476,983,1
2476,984,1
2475,985,1
2475,986,1
2474,987,1
2474,988,1
2474,989,1
2473,990,1
2473,991,1
2473,992,1
2473,993,1
2472,994,1
2472,995,1
2472,996,1
2472,997,1
2471,998,1
2471,999,1
2471,1000,1
2471,1001,1
2470,1002,1
2470,1003,1
2470,1004,1
2470,1005,1
2469,1006,1
2469,1007,1
2469,1008,1
2469,1009,1
2469,1010,1
2469,1011,1
2469,1012,1
2469,1013,1
2469,1014,1
2469,1015,1
2469,1015,0
2349,1004,0
2520,760,1
2521,760,1
2522,760,1
2523,760,1
2524,760,1
2525,760,1
2526,760,1
2527,760,1
2528,760,1
2529,760,1
2530,760,1
2531,760,1
2532,759,1
2533,759,1
2534,759,1
2535,759,1
2536,758,1
2537,758,1
2538,758,1
2539,758,1
2540,758,1
2541,758,1
2542,758,1
2543,758,1
2544,758,1
2545,758,1
2546,758,1
2547,757,1
2548,757,1
2549,757,1
2550,757,1
2551,757,1
2552,757,1
2553,757,1
2554,757,1
2555,756,1
2556,756,1
2557,756,1
2558,756,1
2559,756,1
2560,756,1
2561,756,1
2562,756,1
2563,756,1
2564,756,1
2565,756,1
2566,756,1
2567,755,1
2568,755,1
2569,755,1
2570,755,1
2571,755,1
2572,755,1
2573,755,1
2574,754,1
2575,754,1
2576,754,1
2577,754,1
2578,754,1
2579,754,1
2580,754,1
2581,754,1
2582,754,1
2583,754,1
2584,754,1
2585,754,1
2586,754,1
2587,754,1
2588,753,1
2589,753,1
2590,753,1
2591,753,1
2592,753,1
2593,753,1
2594,753,1
2595,753,1
2596,753,1
2597,753,1
2598,753,1
2599,752,1
2600,752,1
2601,752,1
2602,752,1
2603,752,1
2604,752,1
2605,752,1
2606,752,1
2607,752,1
2608,752,1
2609,752,1
2610,752,1
2611,752,1
2612,751,1
2613,751,1
2614,751,1
2615,751,1
2616,751,1
2617,751,1
2618,751,1
2619,751,1
2620,751,1
2621,751,1
2622,750,1
2623,750,1
2624,750,1
2625,750,1
2625,751,1
2626,751,1
2627,751,1
2628,751,1
2629,751,1
2629,752,1
2629,753,1
2628,753,1
2627,753,1
2626,753,1
2625,753,1
2728,832,0
2818,916,1
2819,916,1
2820,916,1
2821,916,1
2822,916,1
2823,917,1
2824,917,1
2825,917,1
2826,918,1
2827,918,1
2828,918,1
2829,918,1
2830,918,1
2831,919,1
2832,919,1
2833,919,1
2834,919,1
2835,919,1
2836,919,1
2837,919,1
2838,919,1
2839,919,1
2840,919,1
2841,919,1
2842,918,1
2843,918,1
2844,918,1
2845,918,1
2846,918,1
2847,918,1
2848,918,1
2849,917,1
2850,917,1
2851,917,1
2852,916,1
2853,916,1
2854,916,1
2855,915,1
2856,915,1
2857,914,1
2858,914,1
2859,914,1
2860,913,1
2861,913,1
2862,912,1
2863,912,1
2864,912,1
2865,911,1
2866,911,1
2867,911,1
2868,911,1
2869,911,1
2870,911,1
2871,911,1
2872,911,1
2873,911,1
2874,911,1
2874,912,1
2875,912,1
2876,912,1
2876,913,1
2877,913,1
2877,914,1
2878,915,1
2878,916,1
2878,917,1
2879,918,1
2879,919,1
2879,920,1
2879,921,1
2879,922,1
2879,923,1
2879,924,1
2879,925,1
2879,926,1
2879,927,1
2879,928,1
2879,929,1
2879,930,1
2879,931,1
2880,931,1
2881,931,1
2881,932,1
2882,932,1
2883,932,1
2884,932,1
2885,932,1
2885,933,1
2886,933,1
2887,933,1
2888,933,1
2888,934,1
2889,934,1
2890,935,1
2891,935,1
2891,936,1
2892,937,1
2892,938,1
2892,939,1
2892,940,1
2892,941,1
2892,942,1
2892,943,1
2892,944,1
2892,945,1
2892,946,1
2892,947,1
2891,948,1
2891,949,1
2891,950,1
2891,951,1
2890,952,1
2890,953,1
2889,954,1
2889,955,1
2888,956,1
2888,957,1
2887,958,1
2887,959,1
2886,960,1
2886,961,1
2886,962,1
2885,963,1
2885,964,1
2884,965,1
2884,966,1
2884,967,1
2883,967,1
2883,968,1
2882,969,1
2882,970,1
2882,971,1
2881,972,1
2881,973,1
2880,974,1
2880,975,1
2880,976,1
2879,977,1
2879,978,1
2879,979,1
2878,980,1
2878,981,1
2878,982,1
2877,983,1
2877,984,1
2876,985,1
2876,986,1
2875,987,1
2874,988,1
2874,989,1
2874,990,1
2873,991,1
2873,992,1
2873,993,1
2872,994,1
2872,995,1
2872,996,1
2872,997,1
2871,998,1
2870,999,1
2869,1000,1
2773,977,0
2705,985,1
2704,985,1
2703,985,1
2702,986,1
2701,987,1
2700,987,1
2699,987,1
2698,988,1
2697,988,1
2696,988,1
2695,989,1
2694,989,1
2693,989,1
2692,990,1
2691,990,1
2690,990,1
2689,991,1
2688,991,1
2687,991,1
2686,992,1
2685,992,1
2684,992,1
2683,993,1
2682,993,1
2681,993,1
2680,994,1
2679,994,1
2678,994,1
2677,995,1
2676,995,1
2675,995,1
2674,996,1
2673,996,1
2672,996,1
2671,997,1
2670,997,1
2669,997,1
2668,997,1
2667,998,1
2666,998,1
2665,998,1
2664,999,1
2663,999,1
2662,999,1
2661,999,1
2660,1000,1
2659,1000,1
2658,1000,1
2657,1001,1
2656,1001,1
2655,1001,1
2654,1002,1
2653,1002,1
2652,1002,1
2651,1002,1
2650,1003,1
2649,1003,1
2648,1003,1
2648,1004,1
2647,1004,1
2646,1004,1
2645,1004,1
2644,1005,1
2643,1005,1
2642,1005,1
2641,1006,1
2640,1006,1
2639,1006,1
2638,1007,1
2637,1007,1
2636,1007,1
2635,1007,1
2634,1008,1
2633,1008,1
2632,1008,1
2631,1009,1
2630,1009,1
2629,1009,1
2628,1009,1
2627,1010,1
2626,1010,1
2625,1010,1
2624,1010,1
2623,1011,1
2622,1011,1
2621,1011,1
2620,1012,1
2619,1012,1
2618,1013,1
2617,1013,1
2616,1013,1
2615,1014,1
2614,1015,1
2613,1015,1
2612,1015,1
2611,1015,1
2802,972,0
2956,909,1
2955,909,1
2954,909,1
2953,910,1
2952,911,1
2951,911,1
2950,911,1
2949,912,1
2948,912,1
2947,913,1
2946,913,1
2945,914,1
2944,914,1
2944,915,1
2943,916,1
2942,917,1
2942,918,1
2941,919,1
2941,920,1
2940,921,1
2940,922,1
2940,923,1
2940,924,1
2940,925,1
2940,926,1
2940,927,1
2940,928,1
2940,929,1
2941,930,1
2941,931,1
2941,932,1
2942,933,1
2942,934,1
2942,935,1
2943,936,1
2943,937,1
2944,938,1
2944,939,1
2945,939,1
2945,940,1
2945,941,1
2946,942,1
2946,943,1
2947,943,1
2947,944,1
2948,945,1
2948,946,1
2949,947,1
2950,948,1
2950,949,1
2951,950,1
2951,951,1
2952,952,1
2953,953,1
2953,954,1
2954,955,1
2955,956,1
2955,957,1
2956,958,1
2956,959,1
2957,960,1
2958,961,1
2958,962,1
2959,963,1
2959,964,1
2960,964,1
2960,965,1
2961,966,1
2962,967,1
2962,968,1
2963,968,1
2963,969,1
2964,970,1
2964,971,1
2965,971,1
2965,972,1
2966,973,1
2966,974,1
2967,975,1
2968,975,1
2968,976,1
2969,977,1
2969,978,1
2970,978,1
2970,979,1
2971,980,1
2972,981,1
2972,982,1
2973,982,1
2973,983,1
2974,984,1
2975,985,1
2975,986,1
2976,986,1
2976,987,1
2977,988,1
2977,989,1
2978,989,1
2978,990,1
2978,991,1
2979,992,1
2979,993,1
2980,993,1
2980,994,1
2981,995,1
2981,996,1
2982,996,1
2982,997,1
2983,998,1
2983,999,1
2984,1000,1
2985,1001,1
2985,1002,1
2986,1003,1
2986,1004,1
2987,1004,1
2987,1005,1
2988,1006,1
2989,1007,1
2990,1008,1
2990,1009,1
2991,1010,1
2992,1011,1
2993,1012,1
2993,1013,1
2994,1014,1
2994,1015,1
2995,1015,1
2996,1016,1
2996,1017,1
2997,1018,1
2998,1019,1
2999,1020,1
2999,1021,1
3000,1021,1
3000,1022,1
3001,1023,1
3002,1024,1
3002,1025,1
3003,1025,1
3003,1026,1
3004,1027,1
3005,1028,1
3005,1029,1
3006,1029,1
3006,1030,1
3007,1031,1
3008,1032,1
3009,1033,1
3009,1034,1
3010,1035,1
3011,1036,1
3012,1037,1
3013,1038,1
3013,1039,1
3014,1040,1
3015,1041,1
3016,1042,1
3016,1043,1
3017,1044,1
3018,1045,1
3019,1046,1
3019,1047,1
3020,1048,1
3021,1049,1
3022,1050,1
3022,1051,1
3023,1052,1
3024,1052,1
3024,1053,1
3025,1054,1
3025,1055,1
3026,1056,1
3027,1056,1
3027,1057,1
3028,1058,1
3028,1059,1
3029,1059,1
3030,1060,1
3030,1061,1
3031,1062,1
3032,1063,1
3033,1064,1
3034,1065,1
3034,1066,1
3035,1066,1
3035,1067,1
3036,1068,1
3037,1069,1
3038,1070,1
3039,1071,1
3039,1072,1
3040,1072,1
3041,1073,1
3041,1074,1
3042,1075,1
3043,1076,1
3044,1077,1
3045,1078,1
3045,1079,1
3046,1080,1
3047,1081,1
3048,1082,1
3048,1083,1
3049,1083,1
3050,1084,1
3050,1085,1
3051,1086,1
3052,1086,1
3052,1087,1
3053,1088,1
3053,1089,1
3054,1090,1
3055,1090,1
3055,1091,1
3056,1092,1
3056,1093,1
3057,1094,1
3058,1095,1
3058,1096,1
3059,1096,1
3059,1097,1
3060,1098,1
3060,1099,1
3061,1099,1
3061,1100,1
3062,1101,1
3062,1102,1
3063,1103,1
3063,1104,1
3064,1104,1
3064,1105,1
3065,1106,1
3065,1107,1
3065,1108,1
3066,1109,1
3066,1110,1
3067,1111,1
3067,1112,1
3068,1113,1
3068,1114,1
3068,1115,1
3069,1116,1
3069,1117,1
3069,1118,1
3069,1119,1
3069,1120,1
3056,995,0
3040,938,1
3041,937,1
3042,937,1
3042,936,1
3043,936,1
3044,936,1
3045,935,1
3046,934,1
3047,933,1
3048,933,1
3049,932,1
3050,931,1
3051,930,1
3052,929,1
3053,928,1
3054,928,1
3055,927,1
3056,926,1
3057,925,1
3058,924,1
3059,923,1
3060,922,1
3060,921,1
3061,920,1
3062,919,1
3062,918,1
3063,917,1
3064,916,1
3065,915,1
3065,914,1
3066,914,1
3066,913,1
3067,913,1
3067,912,1
3068,912,1
3069,912,1
3069,913,1
3069,914,1
3068,914,1
3068,915,1
3068,916,1
3068,917,1
3067,917,1
3067,918,1
3067,919,1
3067,920,1
3066,921,1
3066,922,1
3066,923,1
3065,924,1
3065,925,1
3064,926,1
3064,927,1
3063,928,1
3063,929,1
3063,930,1
3062,930,1
3063,930,1
3064,930,1
3064,931,1
3064,932,1
3063,933,1
3063,934,1
3063,935,1
3062,936,1
3062,937,1
3061,938,1
3061,939,1
3060,940,1
3060,941,1
3060,942,1
3059,942,1
3059,943,1
3059,944,1
3058,945,1
3058,946,1
3057,947,1
3057,948,1
3056,949,1
3056,950,1
3055,951,1
3055,952,1
3054,953,1
3054,954,1
3053,955,1
3053,956,1
3053,957,1
3052,957,1
3052,958,1
3051,959,1
3051,960,1
3051,961,1
3050,962,1
3050,963,1
3049,963,1
3049,964,1
3048,965,1
3048,966,1
3048,967,1
3047,968,1
3047,969,1
3046,969,1
3046,970,1
3045,971,1
3045,972,1
3044,973,1
3043,974,1
3043,975,1
3042,976,1
3042,977,1
3041,977,1
3041,978,1
3040,979,1
3040,980,1
3039,980,1
3039,981,1
3039,982,1
3038,982,1
3037,982,1
3036,982,1
3036,985,0
3105,960,0
3185,895,1
3184,896,1
3183,897,1
3182,897,1
3181,897,1
3181,898,1
3180,899,1
3179,899,1
3179,900,1
3178,901,1
3177,902,1
3176,903,1
3176,904,1
3175,905,1
3174,906,1
3174,907,1
3174,908,1
3173,909,1
3173,910,1
3172,911,1
3172,912,1
3172,913,1
3172,914,1
3172,915,1
3172,916,1
3172,917,1
3173,918,1
3173,919,1
3174,920,1
3174,921,1
3175,922,1
3176,923,1
3177,924,1
3178,925,1
3179,926,1
3180,926,1
3180,927,1
3181,927,1
3182,928,1
3183,928,1
3184,928,1
3184,929,1
3185,929,1
3186,929,1
3187,930,1
3188,930,1
3189,930,1
3190,931,1
3191,931,1
3192,931,1
3193,932,1
3194,932,1
3195,933,1
3196,933,1
3197,933,1
3198,934,1
3199,934,1
3200,935,1
3201,935,1
3202,936,1
3203,936,1
3203,937,1
3204,937,1
3204,938,1
3205,938,1
3205,939,1
3206,939,1
3206,940,1
3207,941,1
3207,942,1
3208,942,1
3208,943,1
3208,944,1
3208,945,1
3209,945,1
3209,946,1
3209,947,1
3209,948,1
3210,949,1
3210,950,1
3210,951,1
3210,952,1
3211,952,1
3211,953,1
3211,954,1
3211,955,1
3212,955,1
3212,956,1
3212,957,1
3213,958,1
3213,959,1
3214,960,1
3214,961,1
3215,962,1
3215,963,1
3215,964,1
3216,964,1
3216,965,1
3217,966,1
3217,967,1
3218,968,1
3218,969,1
3219,970,1
3220,971,1
3220,972,1
3221,973,1
3221,974,1
3222,974,1
3222,975,1
3222,976,1
3223,976,1
3223,977,1
3224,977,1
3224,978,1
3225,978,1
3225,979,1
3226,979,1
3227,980,1
3228,981,1
3229,982,1
3230,983,1
3231,984,1
3232,985,1
3232,986,1
3233,986,1
3233,987,1
3234,988,1
3234,989,1
3235,990,1
3235,991,1
3235,992,1
3235,993,1
3236,994,1
3236,995,1
3236,996,1
3236,997,1
3236,998,1
3236,999,1
3236,1000,1
3236,1001,1
3236,1002,1
3235,1003,1
3235,1004,1
3235,1005,1
3235,1006,1
3235,1007,1
3234,1008,1
3234,1009,1
3234,1010,1
3233,1011,1
3233,1012,1
3233,1013,1
3233,1014,1
3232,1014,1
3232,1015,1
3232,1016,1
3232,1017,1
3232,1018,1
3232,1019,1
3232,1020,1
3232,1021,1
3232,1022,1
3232,1023,1
3232,1024,1
3232,1025,1
3232,1026,1
3232,1027,1
3233,1028,1
3233,1029,1
3233,1030,1
3233,1031,1
3234,1032,1
3234,1033,1
3234,1034,1
3235,1035,1
3235,1036,1
3236,1036,1
3236,1037,1
3236,1038,1
3237,1039,1
3237,1040,1
3238,1041,1
3238,1042,1
3239,1043,1
3239,1044,1
3239,1045,1
3240,1046,1
3241,1047,1
3241,1048,1
3242,1049,1
3242,1050,1
3243,1051,1
3243,1052,1
3244,1052,1
3245,1053,1
3245,1054,1
3245,1055,1
3246,1055,1
3247,1055,1
3280,899,0
3276,785,1
3277,785,1
3278,785,1
3279,785,1
3280,785,1
3281,785,1
3282,785,1
3283,785,1
3284,785,1
3285,785,1
3286,785,1
3287,785,1
3288,785,1
3289,786,1
3290,786,1
3291,786,1
3292,786,1
3293,787,1
3294,787,1
3295,787,1
3296,787,1
3297,787,1
3298,787,1
3299,787,1
3300,787,1
3301,787,1
3302,787,1
3303,787,1
3304,788,1
3305,788,1
3306,788,1
3307,788,1
3308,788,1
3309,788,1
3310,788,1
3311,788,1
3312,788,1
3313,788,1
3314,788,1
3315,788,1
3316,788,1
3317,788,1
3318,788,1
3318,789,1
3319,789,1
3320,789,1
3321,789,1
3322,789,1
3323,789,1
3324,789,1
3325,789,1
3326,789,1
3327,789,1
3328,789,1
3329,789,1
3330,789,1
3331,790,1
3332,790,1
3333,790,1
3334,790,1
3335,790,1
3336,790,1
3337,790,1
3338,790,1
3339,790,1
3340,790,1
3341,790,1
3342,791,1
3343,791,1
3344,791,1
3345,791,1
3346,791,1
3347,791,1
3348,791,1
3349,791,1
3350,791,1
3351,791,1
3352,791,1
3353,791,1
3353,792,1
3354,792,1
3355,792,1
3356,792,1
3357,792,1
3358,792,1
3359,792,1
3360,792,1
3361,793,1
3362,793,1
3363,793,1
3364,793,1
3365,793,1
3366,793,1
3367,793,1
3368,793,1
3369,793,1
3370,793,1
3371,793,1
3372,793,1
3373,794,1
3374,794,1
3375,794,1
3376,794,1
3377,794,1
3378,794,1
3379,794,1
3380,794,1
3381,794,1
3382,794,1
3383,794,1
3384,795,1
3385,795,1
3386,795,1
3387,795,1
3388,795,1
3389,795,1
3390,795,1
3391,795,1
3392,796,1
3393,796,1
3394,796,1
3395,796,1
3396,796,1
3397,796,1
3398,796,1
3399,796,1
3400,796,1
3401,796,1
3402,796,1
3403,797,1
3404,797,1
3405,797,1
3406,797,1
3407,797,1
3408,797,1
3409,797,1
3410,798,1
3411,798,1
3412,798,1
3413,798,1
3414,798,1
3415,798,1
3415,799,1
3416,799,1
3417,799,1
3418,800,1
3418,801,1
3417,801,1
3417,802,1
3416,802,1
3415,803,1
3414,804,1
3413,804,1
3412,804,1
3411,804,1
3411,804,0
