374,246,1
374,247,1
374,248,1
374,249,1
374,250,1
373,251,1
373,252,1
373,253,1
373,254,1
373,255,1
373,256,1
373,257,1
373,258,1
373,259,1
373,260,1
373,261,1
373,262,1
373,263,1
373,264,1
373,265,1
373,266,1
373,267,1
373,268,1
373,269,1
372,270,1
372,271,1
372,272,1
372,273,1
372,274,1
372,275,1
372,276,1
372,277,1
372,278,1
372,279,1
372,280,1
372,281,1
372,282,1
372,283,1
372,284,1
372,285,1
372,286,1
372,287,1
372,288,1
372,289,1
372,290,1
372,291,1
372,292,1
372,293,1
372,294,1
372,295,1
372,296,1
372,297,1
372,298,1
372,299,1
372,300,1
372,301,1
372,302,1
372,303,1
372,304,1
372,305,1
372,306,1
372,307,1
372,308,1
372,309,1
372,310,1
372,311,1
372,312,1
372,313,1
372,314,1
372,315,1
372,316,1
372,317,1
372,318,1
372,319,1
372,320,1
372,321,1
372,322,1
372,323,1
372,324,1
372,325,1
372,326,1
372,327,1
372,328,1
372,329,1
372,330,1
372,331,1
372,332,1
372,333,1
372,334,1
373,335,1
373,336,1
373,337,1
373,338,1
373,339,1
373,340,1
373,341,1
373,342,1
373,343,1
373,344,1
373,345,1
373,346,1
373,347,1
373,348,1
373,349,1
373,350,1
373,351,1
373,352,1
373,353,1
374,354,1
374,355,1
374,356,1
374,357,1
374,358,1
374,359,1
374,360,1
374,361,1
374,362,1
374,363,1
374,364,1
374,365,1
374,366,1
374,367,1
375,368,1
375,369,1
375,370,1
375,371,1
375,372,1
375,373,1
375,374,1
375,375,1
375,376,1
375,377,1
375,378,1
375,379,1
376,380,1
376,381,1
376,382,1
376,383,1
376,384,1
376,385,1
376,386,1
376,387,1
376,388,1
376,389,1
376,390,1
376,391,1
377,392,1
377,393,1
377,394,1
377,395,1
377,396,1
377,397,1
377,398,1
377,399,1
377,400,1
377,401,1
377,402,1
378,403,1
378,404,1
378,405,1
378,406,1
378,407,1
378,408,1
378,409,1
378,410,1
378,411,1
379,412,1
379,413,1
379,414,1
379,415,1
379,416,1
379,417,1
379,418,1
379,419,1
379,420,1
379,421,1
380,422,1
380,423,1
380,424,1
380,425,1
381,426,1
381,427,1
382,428,1
383,428,1
345,358,0
323,298,1
322,298,1
321,298,1
320,298,1
319,298,1
318,298,1
317,298,1
316,298,1
315,298,1
314,298,1
313,298,1
312,298,1
311,298,1
310,298,1
309,298,1
308,299,1
307,299,1
306,299,1
305,299,1
304,299,1
303,299,1
302,299,1
301,299,1
300,299,1
299,299,1
298,299,1
297,299,1
296,300,1
295,300,1
294,300,1
293,300,1
292,300,1
291,300,1
290,300,1
289,300,1
288,300,1
287,300,1
286,300,1
285,301,1
284,301,1
283,301,1
282,301,1
281,301,1
280,301,1
279,301,1
278,301,1
277,301,1
276,301,1
275,302,1
274,302,1
273,302,1
272,302,1
271,302,1
270,302,1
269,302,1
268,302,1
267,302,1
266,303,1
265,303,1
264,303,1
263,303,1
262,303,1
261,303,1
260,303,1
259,303,1
258,304,1
257,304,1
256,304,1
255,304,1
254,304,1
253,304,1
252,304,1
251,304,1
250,305,1
249,305,1
248,305,1
247,305,1
246,305,1
245,305,1
244,305,1
243,306,1
242,306,1
241,306,1
240,306,1
239,306,1
238,306,1
237,307,1
236,307,1
235,307,1
234,307,1
233,307,1
232,308,1
231,308,1
230,308,1
229,308,1
228,308,1
227,308,1
226,309,1
225,309,1
224,309,1
223,309,1
222,309,1
221,310,1
220,310,1
219,310,1
218,311,1
217,311,1
216,311,1
215,311,1
214,311,1
213,312,1
212,312,1
211,312,1
210,312,1
209,313,1
208,313,1
207,313,1
206,313,1
205,314,1
204,314,1
203,314,1
202,314,1
201,315,1
200,315,1
199,315,1
198,316,1
197,316,1
196,316,1
195,316,1
194,317,1
193,317,1
192,317,1
191,318,1
190,318,1
189,318,1
188,319,1
187,319,1
186,319,1
185,320,1
184,320,1
183,321,1
182,321,1
181,322,1
180,322,1
179,323,1
178,323,1
177,324,1
176,324,1
175,325,1
174,325,1
173,326,1
172,326,1
171,327,1
170,328,1
169,329,1
168,329,1
168,330,1
167,330,1
166,331,1
165,332,1
164,333,1
163,334,1
163,335,1
162,335,1
162,336,1
161,337,1
160,338,1
160,339,1
160,340,1
159,340,1
159,341,1
159,342,1
159,343,1
159,344,1
159,345,1
159,346,1
159,347,1
159,348,1
159,349,1
159,350,1
160,351,1
160,352,1
161,353,1
161,354,1
162,354,1
162,355,1
163,355,1
163,356,1
164,357,1
165,358,1
166,358,1
167,359,1
168,359,1
168,360,1
169,360,1
170,360,1
171,361,1
172,361,1
173,362,1
174,362,1
175,362,1
176,362,1
177,362,1
178,362,1
179,362,1
180,362,1
181,362,1
182,362,1
183,362,1
184,362,1
185,362,1
186,362,1
187,362,1
188,362,1
189,362,1
190,362,1
191,361,1
192,361,1
193,361,1
194,360,1
195,360,1
196,359,1
197,358,1
198,358,1
198,357,1
199,357,1
199,356,1
200,356,1
200,355,1
201,355,1
201,354,1
201,353,1
201,352,1
201,351,1
201,350,1
201,349,1
200,348,1
199,347,1
199,346,1
198,346,1
198,345,1
197,345,1
196,345,1
196,344,1
195,344,1
194,343,1
193,343,1
192,343,1
192,342,1
191,342,1
190,342,1
189,342,1
188,342,1
187,341,1
186,341,1
185,341,1
184,341,1
183,341,1
182,341,1
181,341,1
180,341,1
179,341,1
178,340,1
177,340,1
176,340,1
175,340,1
174,341,1
173,341,1
172,341,1
171,341,1
170,341,1
169,341,1
168,341,1
167,342,1
166,342,1
165,342,1
164,342,1
163,343,1
162,343,1
162,344,1
161,345,1
246,379,0
332,412,1
331,412,1
330,412,1
329,413,1
328,413,1
327,414,1
326,414,1
325,415,1
324,415,1
323,416,1
322,416,1
321,417,1
320,418,1
319,418,1
318,419,1
317,420,1
317,421,1
316,421,1
315,422,1
315,423,1
314,424,1
313,425,1
313,426,1
312,427,1
311,428,1
311,429,1
310,430,1
309,431,1
308,432,1
308,433,1
308,434,1
307,435,1
307,436,1
306,436,1
306,437,1
306,438,1
305,439,1
305,440,1
305,441,1
305,442,1
305,443,1
304,444,1
304,445,1
304,446,1
304,447,1
304,448,1
305,449,1
305,450,1
305,451,1
305,452,1
306,453,1
306,454,1
306,455,1
307,456,1
307,457,1
308,458,1
308,459,1
309,460,1
309,461,1
310,461,1
310,462,1
311,463,1
312,463,1
312,464,1
313,464,1
313,465,1
314,465,1
315,466,1
316,466,1
316,467,1
317,467,1
318,468,1
319,468,1
319,469,1
320,469,1
321,470,1
322,470,1
323,470,1
324,471,1
325,471,1
326,471,1
327,472,1
328,472,1
329,472,1
330,473,1
331,473,1
332,473,1
333,473,1
334,474,1
335,474,1
336,474,1
337,474,1
338,474,1
339,474,1
340,475,1
341,475,1
342,475,1
343,475,1
344,475,1
345,475,1
346,475,1
347,475,1
348,475,1
349,475,1
350,475,1
351,475,1
352,475,1
353,475,1
354,475,1
355,475,1
356,475,1
357,475,1
358,475,1
359,475,1
360,475,1
361,475,1
362,475,1
363,475,1
364,475,1
365,475,1
366,475,1
367,475,1
368,475,1
369,475,1
370,475,1
371,475,1
372,475,1
373,475,1
374,475,1
375,475,1
376,474,1
377,474,1
378,474,1
379,474,1
380,474,1
381,474,1
382,474,1
383,474,1
384,474,1
385,474,1
386,474,1
387,474,1
388,474,1
389,474,1
390,474,1
391,474,1
392,474,1
393,473,1
394,473,1
395,473,1
396,473,1
397,473,1
398,473,1
399,473,1
400,473,1
401,473,1
402,473,1
403,473,1
404,473,1
405,473,1
406,473,1
407,473,1
408,472,1
409,472,1
410,472,1
411,472,1
412,472,1
413,472,1
414,472,1
415,472,1
416,472,1
417,472,1
418,472,1
419,472,1
420,472,1
421,471,1
422,471,1
423,471,1
424,471,1
425,471,1
426,471,1
427,471,1
428,471,1
429,471,1
430,471,1
431,471,1
432,471,1
433,471,1
434,470,1
435,470,1
436,470,1
437,470,1
438,470,1
439,470,1
440,470,1
441,470,1
442,470,1
443,470,1
444,470,1
445,469,1
446,469,1
447,469,1
448,469,1
449,469,1
450,469,1
451,469,1
452,469,1
453,469,1
454,469,1
455,469,1
456,469,1
457,469,1
458,469,1
459,468,1
460,468,1
461,468,1
462,468,1
463,468,1
464,468,1
465,468,1
466,468,1
467,468,1
468,468,1
469,468,1
470,468,1
471,468,1
472,468,1
473,468,1
474,468,1
475,468,1
476,468,1
477,468,1
478,468,1
479,467,1
480,467,1
481,467,1
482,467,1
483,467,1
484,467,1
485,467,1
486,467,1
487,467,1
488,467,1
489,467,1
490,467,1
491,467,1
492,467,1
493,467,1
494,467,1
495,467,1
496,467,1
497,467,1
498,466,1
499,466,1
500,466,1
501,466,1
502,466,1
503,466,1
504,466,1
505,466,1
506,466,1
507,466,1
508,466,1
509,466,1
510,466,1
511,466,1
512,466,1
513,465,1
514,465,1
515,465,1
516,465,1
517,465,1
518,465,1
519,465,1
520,465,1
521,464,1
522,464,1
523,464,1
531,375,0
546,275,1
546,276,1
547,277,1
547,278,1
547,279,1
548,280,1
548,281,1
549,282,1
549,283,1
550,284,1
550,285,1
551,285,1
551,286,1
552,287,1
553,288,1
553,289,1
554,289,1
555,290,1
556,290,1
556,291,1
557,291,1
558,292,1
559,292,1
560,293,1
561,294,1
562,294,1
563,294,1
564,295,1
565,296,1
566,296,1
567,296,1
568,296,1
569,297,1
570,297,1
571,297,1
572,297,1
573,297,1
574,297,1
575,297,1
576,297,1
577,297,1
578,297,1
579,297,1
580,297,1
581,297,1
582,296,1
583,296,1
584,295,1
585,295,1
586,295,1
587,294,1
588,293,1
589,293,1
590,292,1
591,291,1
592,290,1
593,290,1
593,289,1
594,289,1
595,288,1
595,287,1
596,287,1
596,286,1
597,285,1
598,284,1
599,283,1
599,282,1
600,281,1
601,280,1
601,279,1
602,279,1
602,278,1
603,278,1
603,277,1
604,277,1
604,276,1
605,276,1
605,275,1
606,275,1
606,274,1
607,274,1
608,273,1
609,273,1
610,273,1
610,274,1
611,275,1
611,276,1
612,277,1
612,278,1
612,279,1
612,280,1
612,281,1
612,282,1
613,282,1
613,283,1
613,284,1
613,285,1
613,286,1
613,287,1
613,288,1
613,289,1
613,290,1
613,291,1
613,292,1
613,293,1
613,294,1
613,295,1
613,296,1
613,297,1
613,298,1
613,299,1
613,300,1
613,301,1
613,302,1
613,303,1
613,304,1
613,305,1
613,306,1
613,307,1
613,308,1
613,309,1
613,310,1
613,311,1
613,312,1
613,313,1
613,314,1
613,315,1
613,316,1
613,317,1
613,318,1
613,319,1
613,320,1
613,321,1
613,322,1
613,323,1
613,324,1
613,325,1
613,326,1
613,327,1
614,328,1
614,329,1
614,330,1
614,331,1
614,332,1
614,333,1
614,334,1
614,335,1
614,336,1
614,337,1
614,338,1
614,339,1
614,340,1
614,341,1
614,342,1
614,343,1
614,344,1
614,345,1
614,346,1
614,347,1
614,348,1
614,349,1
615,350,1
615,351,1
615,352,1
615,353,1
615,354,1
615,355,1
615,356,1
615,357,1
615,358,1
615,359,1
615,360,1
616,360,1
616,361,1
616,362,1
616,363,1
617,363,1
617,362,1
557,237,0
493,128,1
493,127,1
493,126,1
493,125,1
493,124,1
493,123,1
494,122,1
495,122,1
496,121,1
496,120,1
497,120,1
498,119,1
499,119,1
500,119,1
501,118,1
502,118,1
503,118,1
504,118,1
505,117,1
506,117,1
507,117,1
508,117,1
509,117,1
510,117,1
511,116,1
512,116,1
513,116,1
514,116,1
515,116,1
516,116,1
517,115,1
518,115,1
519,115,1
520,115,1
521,115,1
522,115,1
523,115,1
524,115,1
525,115,1
526,116,1
527,116,1
528,116,1
529,116,1
530,116,1
531,116,1
532,116,1
533,116,1
534,117,1
535,117,1
536,117,1
537,117,1
538,117,1
539,118,1
540,118,1
541,118,1
542,118,1
543,119,1
544,119,1
545,119,1
546,120,1
547,120,1
548,120,1
549,121,1
550,121,1
551,121,1
552,122,1
553,122,1
554,123,1
555,123,1
556,123,1
557,124,1
558,125,1
559,125,1
560,126,1
561,126,1
562,127,1
563,127,1
564,128,1
565,128,1
566,129,1
567,130,1
568,130,1
569,131,1
570,132,1
571,133,1
572,133,1
573,134,1
574,135,1
575,135,1
576,136,1
577,137,1
578,138,1
579,139,1
580,140,1
581,140,1
582,141,1
583,142,1
583,143,1
584,143,1
585,144,1
586,145,1
587,146,1
588,146,1
588,147,1
589,148,1
590,149,1
591,150,1
592,150,1
592,151,1
593,152,1
594,153,1
595,154,1
596,155,1
597,156,1
598,157,1
599,158,1
600,159,1
601,160,1
602,161,1
602,162,1
603,163,1
604,163,1
604,164,1
605,165,1
606,166,1
607,167,1
607,168,1
608,169,1
609,169,1
609,170,1
610,171,1
611,172,1
611,173,1
612,174,1
613,174,1
613,175,1
614,176,1
615,177,1
615,178,1
616,178,1
617,179,1
617,180,1
618,181,1
619,182,1
620,183,1
621,184,1
621,185,1
622,186,1
623,187,1
623,188,1
624,189,1
625,189,1
625,190,1
626,191,1
626,192,1
627,193,1
720,229,0
831,275,1
830,275,1
829,275,1
828,275,1
827,275,1
826,275,1
825,275,1
824,275,1
823,275,1
822,275,1
821,275,1
820,275,1
819,275,1
818,276,1
817,276,1
816,276,1
815,276,1
814,276,1
813,277,1
812,277,1
811,277,1
810,278,1
809,278,1
808,278,1
807,279,1
806,279,1
805,279,1
804,279,1
803,280,1
802,280,1
801,280,1
800,281,1
799,281,1
798,282,1
797,282,1
796,282,1
796,283,1
795,283,1
794,284,1
793,284,1
792,285,1
791,285,1
790,286,1
789,286,1
788,287,1
787,288,1
786,289,1
785,289,1
784,290,1
783,291,1
782,292,1
781,292,1
781,293,1
780,294,1
779,294,1
779,295,1
778,296,1
777,297,1
776,298,1
776,299,1
775,299,1
775,300,1
774,301,1
774,302,1
773,302,1
773,303,1
772,303,1
772,304,1
772,305,1
771,305,1
771,306,1
770,306,1
770,307,1
769,307,1
769,308,1
768,308,1
767,309,1
766,309,1
765,309,1
764,310,1
763,310,1
762,310,1
761,310,1
760,310,1
759,310,1
759,309,1
758,309,1
757,308,1
756,307,1
755,306,1
754,306,1
753,305,1
752,305,1
751,305,1
750,305,1
749,304,1
748,304,1
747,304,1
746,304,1
745,304,1
744,304,1
743,305,1
742,305,1
845,290,0
938,263,1
938,264,1
938,265,1
938,266,1
938,267,1
938,268,1
938,269,1
938,270,1
938,271,1
938,272,1
938,273,1
938,274,1
938,275,1
938,276,1
937,277,1
937,278,1
937,279,1
937,280,1
937,281,1
937,282,1
937,283,1
937,284,1
937,285,1
937,286,1
937,287,1
937,288,1
937,289,1
937,290,1
937,291,1
936,292,1
936,293,1
936,294,1
936,295,1
936,296,1
936,297,1
936,298,1
935,298,1
935,299,1
935,300,1
935,301,1
934,302,1
934,303,1
934,304,1
933,305,1
933,306,1
932,307,1
932,308,1
931,308,1
931,309,1
931,310,1
930,310,1
930,311,1
929,311,1
929,312,1
928,312,1
928,313,1
927,314,1
926,314,1
925,315,1
924,315,1
924,316,1
923,316,1
922,317,1
921,317,1
920,318,1
919,318,1
918,319,1
917,319,1
916,319,1
915,320,1
914,320,1
913,320,1
912,321,1
911,321,1
910,321,1
909,321,1
908,322,1
907,322,1
906,322,1
905,322,1
904,323,1
903,323,1
902,323,1
901,323,1
900,324,1
899,324,1
898,324,1
897,325,1
896,325,1
895,325,1
894,326,1
893,326,1
892,326,1
892,327,1
891,327,1
890,328,1
889,328,1
888,329,1
887,329,1
886,330,1
885,331,1
884,332,1
883,333,1
882,334,1
881,335,1
881,336,1
880,336,1
880,337,1
879,338,1
879,339,1
878,339,1
878,340,1
878,341,1
877,342,1
877,343,1
877,344,1
876,345,1
876,346,1
876,347,1
876,348,1
876,349,1
876,350,1
876,351,1
876,352,1
876,353,1
876,354,1
876,355,1
876,356,1
876,357,1
876,358,1
876,359,1
877,360,1
877,361,1
878,362,1
878,363,1
878,364,1
879,364,1
879,365,1
879,366,1
880,367,1
881,368,1
881,369,1
882,369,1
882,370,1
883,371,1
884,371,1
884,372,1
885,372,1
885,373,1
886,373,1
886,374,1
887,374,1
888,375,1
889,376,1
889,377,1
890,377,1
890,378,1
889,378,1
888,378,1
887,378,1
886,378,1
885,378,1
884,378,1
883,378,1
882,378,1
881,378,1
880,378,1
879,378,1
878,378,1
877,378,1
876,378,1
875,378,1
874,378,1
873,378,1
872,378,1
871,378,1
870,379,1
869,379,1
868,379,1
867,379,1
866,379,1
865,380,1
864,380,1
863,380,1
862,380,1
861,381,1
860,381,1
859,381,1
858,382,1
857,382,1
856,382,1
855,383,1
854,383,1
853,383,1
852,384,1
851,384,1
850,385,1
849,385,1
848,386,1
847,386,1
846,387,1
845,387,1
844,387,1
843,388,1
842,388,1
841,389,1
840,389,1
839,390,1
838,390,1
837,391,1
836,391,1
835,392,1
834,392,1
834,393,1
833,393,1
832,394,1
831,394,1
830,395,1
829,395,1
828,396,1
827,396,1
826,397,1
825,398,1
824,398,1
823,399,1
822,399,1
822,400,1
821,400,1
820,401,1
819,401,1
818,402,1
817,403,1
816,403,1
815,404,1
814,404,1
813,405,1
812,405,1
811,406,1
811,407,1
810,407,1
809,408,1
808,408,1
807,409,1
806,409,1
805,410,1
804,411,1
803,411,1
803,412,1
802,412,1
801,413,1
800,414,1
799,414,1
798,415,1
797,415,1
796,416,1
796,417,1
795,417,1
794,418,1
793,418,1
792,419,1
791,420,1
790,420,1
790,421,1
789,422,1
788,422,1
787,423,1
786,423,1
785,424,1
785,425,1
784,425,1
783,426,1
782,426,1
781,427,1
780,428,1
779,428,1
779,429,1
778,430,1
777,430,1
776,431,1
775,431,1
774,432,1
774,433,1
773,433,1
772,434,1
771,434,1
770,435,1
769,436,1
768,437,1
767,438,1
766,438,1
765,439,1
764,440,1
763,441,1
762,441,1
761,442,1
761,443,1
760,443,1
759,444,1
758,444,1
757,445,1
756,446,1
755,447,1
754,447,1
753,448,1
752,449,1
751,450,1
750,450,1
749,451,1
749,452,1
748,452,1
747,453,1
746,453,1
746,454,1
745,455,1
744,455,1
743,456,1
563,303,0
362,157,1
363,157,1
364,157,1
365,157,1
366,157,1
367,157,1
368,157,1
369,157,1
370,157,1
371,157,1
372,157,1
373,157,1
374,157,1
375,157,1
376,157,1
377,157,1
378,157,1
379,157,1
380,157,1
381,157,1
382,157,1
383,157,1
384,157,1
385,158,1
386,158,1
387,158,1
388,158,1
389,158,1
390,158,1
391,158,1
392,158,1
393,158,1
394,158,1
395,158,1
396,158,1
397,158,1
398,158,1
399,158,1
400,158,1
401,158,1
402,158,1
403,158,1
404,158,1
405,158,1
406,159,1
407,159,1
408,159,1
409,159,1
410,159,1
411,159,1
412,159,1
413,159,1
414,159,1
415,159,1
416,159,1
417,159,1
418,159,1
419,159,1
420,159,1
421,159,1
422,159,1
423,159,1
424,159,1
425,160,1
426,160,1
427,160,1
428,160,1
429,160,1
430,160,1
431,160,1
432,160,1
433,160,1
434,160,1
435,160,1
436,160,1
437,160,1
438,160,1
439,160,1
440,160,1
441,160,1
442,160,1
443,161,1
444,161,1
445,161,1
446,161,1
447,161,1
448,161,1
449,161,1
450,161,1
451,161,1
452,161,1
453,161,1
454,161,1
455,161,1
456,161,1
457,161,1
458,161,1
459,161,1
460,161,1
461,162,1
462,162,1
463,162,1
464,162,1
465,162,1
466,162,1
467,162,1
468,162,1
469,162,1
470,162,1
471,162,1
472,162,1
473,162,1
474,162,1
475,162,1
476,162,1
477,162,1
478,162,1
479,162,1
480,163,1
481,163,1
482,163,1
483,163,1
484,163,1
485,163,1
486,163,1
487,163,1
488,163,1
489,163,1
490,163,1
491,163,1
492,163,1
493,163,1
494,163,1
495,163,1
496,163,1
497,163,1
498,163,1
499,163,1
500,163,1
501,163,1
502,164,1
503,164,1
504,164,1
505,164,1
506,164,1
507,164,1
508,164,1
509,164,1
510,164,1
511,164,1
512,164,1
513,164,1
514,164,1
515,164,1
516,164,1
517,164,1
518,164,1
519,164,1
520,164,1
521,164,1
522,164,1
523,164,1
524,164,1
525,164,1
526,164,1
527,164,1
528,164,1
529,164,1
530,164,1
531,164,1
532,164,1
533,164,1
534,164,1
535,164,1
536,164,1
537,164,1
538,165,1
539,165,1
540,165,1
541,165,1
542,165,1
543,165,1
544,165,1
545,165,1
546,165,1
547,165,1
548,165,1
549,165,1
550,165,1
551,165,1
552,165,1
553,165,1
554,165,1
555,165,1
556,165,1
557,165,1
558,165,1
559,165,1
560,165,1
561,165,1
562,165,1
563,165,1
564,165,1
565,165,1
566,165,1
567,165,1
568,165,1
569,165,1
570,165,1
571,165,1
572,165,1
573,165,1
574,165,1
575,165,1
576,165,1
577,165,1
578,165,1
579,165,1
580,165,1
581,165,1
582,165,1
583,165,1
584,165,1
585,165,1
586,165,1
587,165,1
588,165,1
589,165,1
590,165,1
591,165,1
592,165,1
593,165,1
594,165,1
595,165,1
596,165,1
597,165,1
598,165,1
599,165,1
600,165,1
601,165,1
602,165,1
603,165,1
604,165,1
605,165,1
606,165,1
607,165,1
608,165,1
609,165,1
610,165,1
611,165,1
612,165,1
613,165,1
614,165,1
615,165,1
616,165,1
617,165,1
618,165,1
619,165,1
620,165,1
621,165,1
622,165,1
623,165,1
624,165,1
625,165,1
626,165,1
627,166,1
628,166,1
629,166,1
630,166,1
631,166,1
632,166,1
633,166,1
634,166,1
635,166,1
636,166,1
637,166,1
638,166,1
639,166,1
640,166,1
641,166,1
642,166,1
643,166,1
644,166,1
645,166,1
646,166,1
647,166,1
648,166,1
649,166,1
650,166,1
651,166,1
652,166,1
653,166,1
654,166,1
655,166,1
656,166,1
657,166,1
658,166,1
659,166,1
660,166,1
661,166,1
662,166,1
663,166,1
664,166,1
665,166,1
666,166,1
667,167,1
668,167,1
669,167,1
670,167,1
671,167,1
672,167,1
673,167,1
674,167,1
675,167,1
676,167,1
677,167,1
678,167,1
679,167,1
680,167,1
681,167,1
682,167,1
683,167,1
684,167,1
685,167,1
686,167,1
687,167,1
688,167,1
689,167,1
690,167,1
691,167,1
692,167,1
693,167,1
694,167,1
695,167,1
696,167,1
697,167,1
698,167,1
699,168,1
700,168,1
701,168,1
702,168,1
703,168,1
704,168,1
705,168,1
706,168,1
707,168,1
708,168,1
709,168,1
710,168,1
711,168,1
712,168,1
713,168,1
714,168,1
715,168,1
716,168,1
717,168,1
718,168,1
719,168,1
720,168,1
721,168,1
722,168,1
723,168,1
724,168,1
725,168,1
726,168,1
727,168,1
728,168,1
729,168,1
730,168,1
731,168,1
732,168,1
733,168,1
734,169,1
735,169,1
736,169,1
737,169,1
738,169,1
739,169,1
740,169,1
741,169,1
742,169,1
743,169,1
744,169,1
745,169,1
746,169,1
747,169,1
748,169,1
749,169,1
750,169,1
751,169,1
752,169,1
753,169,1
754,169,1
755,169,1
756,169,1
757,169,1
758,169,1
759,169,1
760,169,1
761,169,1
762,169,1
763,169,1
764,169,1
765,169,1
766,169,1
767,169,1
768,169,1
769,169,1
770,169,1
771,169,1
772,169,1
773,169,1
774,169,1
775,169,1
776,169,1
777,169,1
778,169,1
779,169,1
780,169,1
781,169,1
782,169,1
783,169,1
784,169,1
785,169,1
786,169,1
787,169,1
788,169,1
789,169,1
790,169,1
791,169,1
792,169,1
793,169,1
794,169,1
795,169,1
796,169,1
797,169,1
798,169,1
799,169,1
800,169,1
801,169,1
802,169,1
803,169,1
804,169,1
805,169,1
806,169,1
807,169,1
808,169,1
809,169,1
810,169,1
811,169,1
812,169,1
813,169,1
814,169,1
815,169,1
816,169,1
817,169,1
818,169,1
819,169,1
820,169,1
821,169,1
822,169,1
823,169,1
824,169,1
825,169,1
826,169,1
827,169,1
828,169,1
829,169,1
830,169,1
831,169,1
832,169,1
833,169,1
834,169,1
835,169,1
836,169,1
837,169,1
838,169,1
839,169,1
840,169,1
841,169,1
842,169,1
843,169,1
844,169,1
845,169,1
846,169,1
847,169,1
848,169,1
849,169,1
850,169,1
851,169,1
852,169,1
853,169,1
854,169,1
855,169,1
856,169,1
857,169,1
858,169,1
859,169,1
860,169,1
861,169,1
862,169,1
863,169,1
864,169,1
865,169,1
866,169,1
867,169,1
868,169,1
869,169,1
870,169,1
871,169,1
872,169,1
873,169,1
874,169,1
875,169,1
876,169,1
877,169,1
878,169,1
879,169,1
880,169,1
881,169,1
882,169,1
883,169,1
884,169,1
885,169,1
886,169,1
887,169,1
888,169,1
889,169,1
890,169,1
891,169,1
892,169,1
893,169,1
894,169,1
895,169,1
896,169,1
897,169,1
898,169,1
899,169,1
900,169,1
901,169,1
902,169,1
903,169,1
904,169,1
905,169,1
906,169,1
907,169,1
908,169,1
909,169,1
910,169,1
911,169,1
912,169,1
913,169,1
914,169,1
915,169,1
916,169,1
917,169,1
918,169,1
919,169,1
920,169,1
921,169,1
922,169,1
923,169,1
924,169,1
925,169,1
926,169,1
927,169,1
928,169,1
929,169,1
930,169,1
931,169,1
932,169,1
933,169,1
934,169,1
935,169,1
936,169,1
937,169,1
938,169,1
939,169,1
940,169,1
941,169,1
942,169,1
943,169,1
944,169,1
945,169,1
946,169,1
947,169,1
948,169,1
949,169,1
950,169,1
951,169,1
952,169,1
953,169,1
954,169,1
955,169,1
956,169,1
957,169,1
958,169,1
959,169,1
960,169,1
961,169,1
962,169,1
963,169,1
964,169,1
965,169,1
966,169,1
967,169,1
968,169,1
969,169,1
970,169,1
971,169,1
972,169,1
973,169,1
974,169,1
975,169,1
976,169,1
977,169,1
978,169,1
979,169,1
980,169,1
981,169,1
982,169,1
983,169,1
984,169,1
985,169,1
986,169,1
987,169,1
988,169,1
989,169,1
990,169,1
991,169,1
992,169,1
993,169,1
994,169,1
995,169,1
996,169,1
997,169,1
998,169,1
999,169,1
1000,169,1
1001,169,1
1002,169,1
1003,169,1
1004,169,1
1005,169,1
1006,169,1
1007,169,1
1008,169,1
1009,169,1
1010,169,1
1011,169,1
1012,169,1
1013,169,1
1014,169,1
1015,169,1
1016,169,1
1017,169,1
1018,169,1
1019,169,1
1020,169,1
1021,169,1
1022,169,1
1023,169,1
1024,169,1
1025,169,1
1026,169,1
1027,169,1
1028,169,1
1029,169,1
1030,169,1
1031,169,1
1032,169,1
1033,169,1
1034,169,1
1035,169,1
1036,169,1
1037,169,1
1038,169,1
1039,169,1
1040,169,1
1041,169,1
1042,169,1
1043,169,1
1044,169,1
1045,169,1
1046,170,1
1047,170,1
1048,170,1
1049,170,1
1050,170,1
1051,170,1
1052,170,1
1053,170,1
1053,171,1
1054,170,1
1055,170,1
1054,169,1
1054,169,0
