425,364,1
425,365,1
425,366,1
425,367,1
425,368,1
425,369,1
424,370,1
424,371,1
424,372,1
424,373,1
424,374,1
424,375,1
424,376,1
424,377,1
424,378,1
424,379,1
423,380,1
423,381,1
423,382,1
423,383,1
423,384,1
423,385,1
423,386,1
423,387,1
423,388,1
423,389,1
423,390,1
423,391,1
423,392,1
423,393,1
423,394,1
423,395,1
423,396,1
423,397,1
423,398,1
423,399,1
423,400,1
423,401,1
423,402,1
423,403,1
423,404,1
423,405,1
423,406,1
423,407,1
423,408,1
423,409,1
423,410,1
423,411,1
423,412,1
423,413,1
423,414,1
423,415,1
423,416,1
423,417,1
423,418,1
423,419,1
423,420,1
423,421,1
423,422,1
423,423,1
423,424,1
423,425,1
423,426,1
423,427,1
423,428,1
423,429,1
423,430,1
423,431,1
423,432,1
423,433,1
423,434,1
423,435,1
423,436,1
424,437,1
424,438,1
424,439,1
424,440,1
424,441,1
424,442,1
424,443,1
424,444,1
424,445,1
424,446,1
424,447,1
424,448,1
424,449,1
424,450,1
424,451,1
424,452,1
424,453,1
424,454,1
424,455,1
424,456,1
424,457,1
424,458,1
424,459,1
424,460,1
424,461,1
424,462,1
424,463,1
424,464,1
424,465,1
424,466,1
425,467,1
425,468,1
425,469,1
425,470,1
425,471,1
425,472,1
425,473,1
425,474,1
425,475,1
425,476,1
425,477,1
425,478,1
425,479,1
425,480,1
425,481,1
425,482,1
425,483,1
425,484,1
425,485,1
425,486,1
425,487,1
425,488,1
425,489,1
425,490,1
425,491,1
425,492,1
425,493,1
425,494,1
425,495,1
425,496,1
425,497,1
425,498,1
425,499,1
425,500,1
425,501,1
425,502,1
425,503,1
425,504,1
425,505,1
425,506,1
425,507,1
425,508,1
426,509,1
426,510,1
426,511,1
426,512,1
426,513,1
426,514,1
426,515,1
426,516,1
426,517,1
426,518,1
426,519,1
426,520,1
426,521,1
426,522,1
426,523,1
426,524,1
426,525,1
426,526,1
426,527,1
426,528,1
426,529,1
426,530,1
426,531,1
426,532,1
426,533,1
426,534,1
426,535,1
426,536,1
426,537,1
426,538,1
426,539,1
426,540,1
426,541,1
426,542,1
426,543,1
426,544,1
426,545,1
426,546,1
426,547,1
426,548,1
426,549,1
426,550,1
426,551,1
426,552,1
426,553,1
426,554,1
426,555,1
426,556,1
426,557,1
426,558,1
426,559,1
426,560,1
426,561,1
426,562,1
426,563,1
426,564,1
426,565,1
426,566,1
426,567,1
426,568,1
426,569,1
426,570,1
426,571,1
426,572,1
426,573,1
426,574,1
426,575,1
426,576,1
426,577,1
426,578,1
426,579,1
426,580,1
426,581,1
426,582,1
426,583,1
426,584,1
426,585,1
426,586,1
426,587,1
426,588,1
426,589,1
426,590,1
426,591,1
426,592,1
426,593,1
426,594,1
426,595,1
426,596,1
426,597,1
426,598,1
426,599,1
427,600,1
427,601,1
427,602,1
427,603,1
427,604,1
427,605,1
427,606,1
427,607,1
427,608,1
427,609,1
427,610,1
427,611,1
427,612,1
427,613,1
427,614,1
427,615,1
427,616,1
427,617,1
427,618,1
427,619,1
427,620,1
427,621,1
427,622,1
427,623,1
427,624,1
427,625,1
427,626,1
427,627,1
427,628,1
428,629,1
428,630,1
428,631,1
428,632,1
428,633,1
428,634,1
428,635,1
428,636,1
428,637,1
428,638,1
428,639,1
428,640,1
428,641,1
428,642,1
428,643,1
428,644,1
428,645,1
428,646,1
428,647,1
428,648,1
428,649,1
428,650,1
428,651,1
428,652,1
428,653,1
429,654,1
429,655,1
429,656,1
429,657,1
429,658,1
429,659,1
429,660,1
429,661,1
429,662,1
429,663,1
429,664,1
429,665,1
429,666,1
429,667,1
429,668,1
429,669,1
429,670,1
430,670,1
384,570,0
355,481,1
354,481,1
353,481,1
352,481,1
351,481,1
350,481,1
349,482,1
348,482,1
347,482,1
346,482,1
345,482,1
344,483,1
343,483,1
342,483,1
341,483,1
340,483,1
339,484,1
338,484,1
337,484,1
336,484,1
335,484,1
334,484,1
333,485,1
332,485,1
331,485,1
330,485,1
329,485,1
328,485,1
327,486,1
326,486,1
325,486,1
324,486,1
323,486,1
322,487,1
321,487,1
320,487,1
319,487,1
318,487,1
317,488,1
316,488,1
315,488,1
314,488,1
313,488,1
312,488,1
311,489,1
310,489,1
309,489,1
308,489,1
307,489,1
306,490,1
305,490,1
304,490,1
303,490,1
302,490,1
301,491,1
300,491,1
299,491,1
298,491,1
297,491,1
296,491,1
295,492,1
294,492,1
293,492,1
292,492,1
291,493,1
290,493,1
289,493,1
288,493,1
287,493,1
286,494,1
285,494,1
284,494,1
283,494,1
282,494,1
281,495,1
280,495,1
279,495,1
278,495,1
277,495,1
276,496,1
275,496,1
274,496,1
273,496,1
272,496,1
271,497,1
270,497,1
269,497,1
268,497,1
267,498,1
266,498,1
265,498,1
264,498,1
263,498,1
262,499,1
261,499,1
260,499,1
259,499,1
258,499,1
257,500,1
256,500,1
255,500,1
254,500,1
253,500,1
252,501,1
251,501,1
250,501,1
249,501,1
248,502,1
247,502,1
246,502,1
245,502,1
244,503,1
243,503,1
242,503,1
241,503,1
240,503,1
239,504,1
238,504,1
237,504,1
236,504,1
235,505,1
234,505,1
233,505,1
232,505,1
231,505,1
230,506,1
229,506,1
228,506,1
227,507,1
226,507,1
225,507,1
224,507,1
223,508,1
222,508,1
221,508,1
220,508,1
219,509,1
218,509,1
217,509,1
216,509,1
215,510,1
214,510,1
213,510,1
212,510,1
212,511,1
211,511,1
210,511,1
209,511,1
208,512,1
207,512,1
206,512,1
205,512,1
204,513,1
203,513,1
202,513,1
201,513,1
200,514,1
199,514,1
198,514,1
197,515,1
196,515,1
195,515,1
194,515,1
193,516,1
192,516,1
191,516,1
191,517,1
190,517,1
189,517,1
188,517,1
187,518,1
186,518,1
185,518,1
184,519,1
183,519,1
182,519,1
181,520,1
180,520,1
179,520,1
178,521,1
177,521,1
176,521,1
175,522,1
174,522,1
173,522,1
172,523,1
171,523,1
170,524,1
169,524,1
168,525,1
167,525,1
166,525,1
165,526,1
164,526,1
163,527,1
162,527,1
161,527,1
161,528,1
160,528,1
159,529,1
158,529,1
157,530,1
156,530,1
155,530,1
154,531,1
153,532,1
152,532,1
151,533,1
150,533,1
150,534,1
149,534,1
148,535,1
147,535,1
147,536,1
146,536,1
145,537,1
144,538,1
143,539,1
142,539,1
142,540,1
141,540,1
140,541,1
140,542,1
139,542,1
138,543,1
137,544,1
137,545,1
136,545,1
136,546,1
136,547,1
135,547,1
135,548,1
134,549,1
134,550,1
133,551,1
133,552,1
133,553,1
133,554,1
132,555,1
132,556,1
132,557,1
132,558,1
133,559,1
133,560,1
133,561,1
133,562,1
134,563,1
134,564,1
135,565,1
135,566,1
136,567,1
137,568,1
138,569,1
139,570,1
139,571,1
140,571,1
141,572,1
142,572,1
143,573,1
144,574,1
145,574,1
146,575,1
147,575,1
148,576,1
149,576,1
150,576,1
151,577,1
152,577,1
153,578,1
154,578,1
155,578,1
156,578,1
157,579,1
158,579,1
159,579,1
160,579,1
161,579,1
162,579,1
163,580,1
164,580,1
165,580,1
166,580,1
167,580,1
168,580,1
169,580,1
170,580,1
171,580,1
172,580,1
173,580,1
174,580,1
175,580,1
176,580,1
177,580,1
178,580,1
179,580,1
180,580,1
181,580,1
182,580,1
183,579,1
184,579,1
185,579,1
186,579,1
187,579,1
188,579,1
189,579,1
190,578,1
191,578,1
192,578,1
193,578,1
194,578,1
195,577,1
196,577,1
197,577,1
198,576,1
199,576,1
200,576,1
201,576,1
202,575,1
203,575,1
204,575,1
205,574,1
206,574,1
207,573,1
208,573,1
209,572,1
210,572,1
211,572,1
211,571,1
212,571,1
213,570,1
214,570,1
214,569,1
215,569,1
216,568,1
217,567,1
218,567,1
218,566,1
219,566,1
219,565,1
220,565,1
220,564,1
221,563,1
222,562,1
222,561,1
223,561,1
223,560,1
223,559,1
224,559,1
224,558,1
224,557,1
225,556,1
225,555,1
225,554,1
225,553,1
225,552,1
225,551,1
224,550,1
224,549,1
224,548,1
223,547,1
223,546,1
222,546,1
222,545,1
221,544,1
220,543,1
219,542,1
218,542,1
218,541,1
217,541,1
216,540,1
215,540,1
214,539,1
213,539,1
212,539,1
212,538,1
211,538,1
210,538,1
209,538,1
208,537,1
207,537,1
206,537,1
205,537,1
204,537,1
203,537,1
202,537,1
201,537,1
200,536,1
199,536,1
198,536,1
197,536,1
196,536,1
195,536,1
194,536,1
193,536,1
192,536,1
191,536,1
190,536,1
189,536,1
188,537,1
187,537,1
186,537,1
185,538,1
184,538,1
183,538,1
182,539,1
181,540,1
180,541,1
179,541,1
178,542,1
178,543,1
178,544,1
177,545,1
290,597,0
407,652,1
406,652,1
405,653,1
404,653,1
403,654,1
402,654,1
401,654,1
400,655,1
399,655,1
398,655,1
397,655,1
396,656,1
395,656,1
394,656,1
393,657,1
392,657,1
391,657,1
390,658,1
389,658,1
388,658,1
387,659,1
386,659,1
385,660,1
384,660,1
383,660,1
383,661,1
382,662,1
381,662,1
380,663,1
379,663,1
378,664,1
377,664,1
376,665,1
375,665,1
374,666,1
373,667,1
372,667,1
371,668,1
370,668,1
369,669,1
368,669,1
368,670,1
367,670,1
366,671,1
365,671,1
364,672,1
363,673,1
362,674,1
361,674,1
360,675,1
359,676,1
358,677,1
357,677,1
356,678,1
356,679,1
355,679,1
354,680,1
354,681,1
353,681,1
352,682,1
352,683,1
351,684,1
350,684,1
350,685,1
349,686,1
348,686,1
348,687,1
347,688,1
347,689,1
346,689,1
346,690,1
345,691,1
344,692,1
343,693,1
343,694,1
343,695,1
342,696,1
341,697,1
341,698,1
341,699,1
340,699,1
340,700,1
340,701,1
339,702,1
339,703,1
339,704,1
338,705,1
338,706,1
338,707,1
338,708,1
337,709,1
337,710,1
337,711,1
337,712,1
337,713,1
337,714,1
337,715,1
337,716,1
337,717,1
337,718,1
338,719,1
338,720,1
338,721,1
338,722,1
338,723,1
339,724,1
339,725,1
339,726,1
340,727,1
340,728,1
341,728,1
341,729,1
341,730,1
342,731,1
343,732,1
343,733,1
344,734,1
345,735,1
346,736,1
346,737,1
347,737,1
347,738,1
348,739,1
349,739,1
349,740,1
350,741,1
351,741,1
351,742,1
352,742,1
353,743,1
354,744,1
355,744,1
356,745,1
357,746,1
358,746,1
359,747,1
360,747,1
360,748,1
361,748,1
362,748,1
363,749,1
364,749,1
365,750,1
366,750,1
367,750,1
367,751,1
368,751,1
369,751,1
370,752,1
371,752,1
372,752,1
373,752,1
374,753,1
375,753,1
376,753,1
377,753,1
378,754,1
379,754,1
380,754,1
381,754,1
382,755,1
383,755,1
384,755,1
385,755,1
386,755,1
387,755,1
388,755,1
389,756,1
390,756,1
391,756,1
392,756,1
393,756,1
394,756,1
395,756,1
396,756,1
397,756,1
398,756,1
399,756,1
400,757,1
401,757,1
402,757,1
403,757,1
404,757,1
405,757,1
406,757,1
407,757,1
408,757,1
409,757,1
410,757,1
411,757,1
412,757,1
413,757,1
414,757,1
415,757,1
416,757,1
417,757,1
418,757,1
419,757,1
420,757,1
421,756,1
422,756,1
423,756,1
424,756,1
425,756,1
426,756,1
427,756,1
428,756,1
429,756,1
430,756,1
431,756,1
432,756,1
433,756,1
434,756,1
435,756,1
436,756,1
437,756,1
438,756,1
439,756,1
440,755,1
441,755,1
442,755,1
443,755,1
444,755,1
445,755,1
446,755,1
447,755,1
448,755,1
449,755,1
450,755,1
451,755,1
452,754,1
453,754,1
454,754,1
455,754,1
456,754,1
457,754,1
458,754,1
459,754,1
460,754,1
461,754,1
462,754,1
463,753,1
464,753,1
465,753,1
466,753,1
467,753,1
468,753,1
469,753,1
470,753,1
471,753,1
472,753,1
473,753,1
474,752,1
475,752,1
476,752,1
477,752,1
478,752,1
479,752,1
480,752,1
481,752,1
482,752,1
483,752,1
484,751,1
485,751,1
486,751,1
487,751,1
488,751,1
489,751,1
490,751,1
491,751,1
492,751,1
493,751,1
494,751,1
495,750,1
496,750,1
497,750,1
498,750,1
499,750,1
500,750,1
501,750,1
502,750,1
503,750,1
504,750,1
505,749,1
506,749,1
507,749,1
508,749,1
509,749,1
510,749,1
511,749,1
512,749,1
513,749,1
514,749,1
515,748,1
516,748,1
517,748,1
518,748,1
519,748,1
520,748,1
521,748,1
522,748,1
523,748,1
524,748,1
525,748,1
526,747,1
527,747,1
528,747,1
529,747,1
530,747,1
531,747,1
532,747,1
533,747,1
534,747,1
535,747,1
536,746,1
537,746,1
538,746,1
539,746,1
540,746,1
541,746,1
542,746,1
543,746,1
544,746,1
545,746,1
546,745,1
547,745,1
548,745,1
549,745,1
550,745,1
551,745,1
552,745,1
553,745,1
554,745,1
555,745,1
556,744,1
557,744,1
558,744,1
559,744,1
560,744,1
561,744,1
562,744,1
563,744,1
564,744,1
565,744,1
566,743,1
567,743,1
568,743,1
569,743,1
570,743,1
571,743,1
572,743,1
573,743,1
574,743,1
575,742,1
576,742,1
577,742,1
578,742,1
579,742,1
580,742,1
581,742,1
582,742,1
583,742,1
584,742,1
585,742,1
586,741,1
587,741,1
588,741,1
589,741,1
590,741,1
617,604,0
646,455,1
647,456,1
648,457,1
648,458,1
649,458,1
650,459,1
651,460,1
652,461,1
652,462,1
653,463,1
654,464,1
655,464,1
656,465,1
657,466,1
658,466,1
659,467,1
660,467,1
661,468,1
662,468,1
663,468,1
664,468,1
665,468,1
666,468,1
667,468,1
668,468,1
669,468,1
670,468,1
671,468,1
672,468,1
673,468,1
674,468,1
675,468,1
676,468,1
677,468,1
678,468,1
679,468,1
680,468,1
681,468,1
682,468,1
683,467,1
684,467,1
685,467,1
686,467,1
687,466,1
688,466,1
689,465,1
690,465,1
691,465,1
691,464,1
692,464,1
693,464,1
694,463,1
695,462,1
696,462,1
697,461,1
698,460,1
699,460,1
699,459,1
700,459,1
701,458,1
701,457,1
702,457,1
703,456,1
704,455,1
705,454,1
706,453,1
707,452,1
707,451,1
708,451,1
708,450,1
709,449,1
710,449,1
710,448,1
711,448,1
711,447,1
712,446,1
713,445,1
713,444,1
714,443,1
715,442,1
715,441,1
716,440,1
717,439,1
717,438,1
718,437,1
719,436,1
719,435,1
719,434,1
720,433,1
721,432,1
721,431,1
722,430,1
722,429,1
722,428,1
723,428,1
723,427,1
723,426,1
724,425,1
724,424,1
725,423,1
725,422,1
726,421,1
726,420,1
727,419,1
727,418,1
728,417,1
728,416,1
729,416,1
729,415,1
729,414,1
730,414,1
730,413,1
731,413,1
732,413,1
732,414,1
732,415,1
732,416,1
733,416,1
733,417,1
733,418,1
733,419,1
733,420,1
733,421,1
733,422,1
733,423,1
732,423,1
732,424,1
732,425,1
732,426,1
732,427,1
732,428,1
732,429,1
732,430,1
732,431,1
732,432,1
732,433,1
732,434,1
732,435,1
732,436,1
732,437,1
731,438,1
731,439,1
731,440,1
731,441,1
731,442,1
731,443,1
731,444,1
731,445,1
731,446,1
731,447,1
731,448,1
731,449,1
731,450,1
731,451,1
731,452,1
730,453,1
730,454,1
730,455,1
730,456,1
730,457,1
730,458,1
730,459,1
730,460,1
730,461,1
730,462,1
730,463,1
730,464,1
730,465,1
730,466,1
730,467,1
730,468,1
730,469,1
730,470,1
730,471,1
730,472,1
730,473,1
729,474,1
729,475,1
729,476,1
729,477,1
729,478,1
729,479,1
729,480,1
729,481,1
729,482,1
729,483,1
729,484,1
729,485,1
729,486,1
729,487,1
729,488,1
729,489,1
729,490,1
729,491,1
729,492,1
729,493,1
729,494,1
729,495,1
729,496,1
729,497,1
729,498,1
729,499,1
729,500,1
729,501,1
729,502,1
729,503,1
729,504,1
729,505,1
729,506,1
729,507,1
729,508,1
729,509,1
730,510,1
730,511,1
730,512,1
730,513,1
730,514,1
730,515,1
730,516,1
730,517,1
730,518,1
730,519,1
730,520,1
730,521,1
730,522,1
730,523,1
730,524,1
730,525,1
730,526,1
730,527,1
730,528,1
730,529,1
730,530,1
730,531,1
730,532,1
731,533,1
731,534,1
731,535,1
731,536,1
731,537,1
731,538,1
731,539,1
731,540,1
731,541,1
731,542,1
731,543,1
731,544,1
731,545,1
732,546,1
732,547,1
732,548,1
732,549,1
732,550,1
732,551,1
732,552,1
732,553,1
732,554,1
732,555,1
732,556,1
733,557,1
733,558,1
733,559,1
733,560,1
733,561,1
733,562,1
733,563,1
733,564,1
734,565,1
734,566,1
734,567,1
734,568,1
735,569,1
735,570,1
735,571,1
736,571,1
670,387,0
596,226,1
597,225,1
597,224,1
598,223,1
599,222,1
600,221,1
601,220,1
602,219,1
603,218,1
604,218,1
605,217,1
606,217,1
607,216,1
608,216,1
609,216,1
610,216,1
611,215,1
612,215,1
613,215,1
614,215,1
615,215,1
616,215,1
617,215,1
618,215,1
619,215,1
620,215,1
621,215,1
622,215,1
623,215,1
624,215,1
625,215,1
626,215,1
627,215,1
628,215,1
629,215,1
630,215,1
631,215,1
632,215,1
633,215,1
634,215,1
635,215,1
636,215,1
637,216,1
638,216,1
639,216,1
640,216,1
641,216,1
642,217,1
643,217,1
644,217,1
645,217,1
646,218,1
647,218,1
648,218,1
649,218,1
650,219,1
651,219,1
652,219,1
653,220,1
654,220,1
655,221,1
656,221,1
657,221,1
658,222,1
659,222,1
659,223,1
660,223,1
661,223,1
662,224,1
663,224,1
664,225,1
665,225,1
665,226,1
666,226,1
667,227,1
668,227,1
669,227,1
670,228,1
671,229,1
672,229,1
673,230,1
674,230,1
675,231,1
676,232,1
677,233,1
678,233,1
679,234,1
680,235,1
681,235,1
682,236,1
683,237,1
684,238,1
685,238,1
686,239,1
686,240,1
687,240,1
688,241,1
689,242,1
690,243,1
691,244,1
692,244,1
692,245,1
693,246,1
694,246,1
695,247,1
695,248,1
696,249,1
697,249,1
697,250,1
698,251,1
699,252,1
700,252,1
700,253,1
701,254,1
702,255,1
703,256,1
704,257,1
705,258,1
705,259,1
706,259,1
707,260,1
707,261,1
708,262,1
709,263,1
710,264,1
711,265,1
711,266,1
712,267,1
712,268,1
713,268,1
714,269,1
714,270,1
715,271,1
716,272,1
716,273,1
717,274,1
718,275,1
719,276,1
719,277,1
720,278,1
720,279,1
721,279,1
722,280,1
722,281,1
723,282,1
723,283,1
724,284,1
725,285,1
726,286,1
726,287,1
727,288,1
727,289,1
728,290,1
729,291,1
729,292,1
730,293,1
731,294,1
731,295,1
732,296,1
732,297,1
733,298,1
734,299,1
734,300,1
735,301,1
736,302,1
736,303,1
737,304,1
737,305,1
738,306,1
739,307,1
739,308,1
740,309,1
740,310,1
741,311,1
742,312,1
742,313,1
743,314,1
743,315,1
744,316,1
745,317,1
745,318,1
746,319,1
747,320,1
747,321,1
748,322,1
748,323,1
749,324,1
749,325,1
750,326,1
750,327,1
751,328,1
751,329,1
752,329,1
753,330,1
753,331,1
754,332,1
754,333,1
755,334,1
755,335,1
756,336,1
757,337,1
757,338,1
758,338,1
758,339,1
759,340,1
759,341,1
759,342,1
760,342,1
761,343,1
832,375,0
926,416,1
925,416,1
924,416,1
923,416,1
922,417,1
921,417,1
920,417,1
919,417,1
918,418,1
917,418,1
916,418,1
915,419,1
914,419,1
913,419,1
912,419,1
911,420,1
910,420,1
909,420,1
908,421,1
907,421,1
906,421,1
906,422,1
905,422,1
904,422,1
903,423,1
902,423,1
901,424,1
900,424,1
900,425,1
899,425,1
898,426,1
897,426,1
896,426,1
896,427,1
895,427,1
894,428,1
893,428,1
892,429,1
891,430,1
890,430,1
889,431,1
888,431,1
888,432,1
887,432,1
886,433,1
885,433,1
885,434,1
884,434,1
883,435,1
883,436,1
882,436,1
881,437,1
880,438,1
879,439,1
878,440,1
878,441,1
877,441,1
876,442,1
876,443,1
875,444,1
875,445,1
874,446,1
874,447,1
873,447,1
873,448,1
873,449,1
872,449,1
872,450,1
872,451,1
871,452,1
871,453,1
871,454,1
870,455,1
870,456,1
870,457,1
870,458,1
870,459,1
870,460,1
869,461,1
869,462,1
869,463,1
870,463,1
870,464,1
870,463,1
869,463,1
869,462,1
869,461,1
868,461,1
868,460,1
867,459,1
866,458,1
865,457,1
865,456,1
865,455,1
864,454,1
864,453,1
863,453,1
863,452,1
862,451,1
861,450,1
860,450,1
860,449,1
859,448,1
858,448,1
857,447,1
856,447,1
855,447,1
854,446,1
853,446,1
852,446,1
851,446,1
850,445,1
849,445,1
848,445,1
848,446,1
847,446,1
846,446,1
845,446,1
845,447,1
845,448,1
977,417,0
1097,371,1
1097,372,1
1097,373,1
1097,374,1
1097,375,1
1097,376,1
1097,377,1
1097,378,1
1097,379,1
1097,380,1
1097,381,1
1097,382,1
1097,383,1
1097,384,1
1097,385,1
1097,386,1
1097,387,1
1097,388,1
1097,389,1
1098,390,1
1098,391,1
1098,392,1
1098,393,1
1098,394,1
1098,395,1
1098,396,1
1099,397,1
1099,398,1
1099,399,1
1099,400,1
1099,401,1
1099,402,1
1099,403,1
1099,404,1
1099,405,1
1100,406,1
1100,407,1
1100,408,1
1100,409,1
1100,410,1
1100,411,1
1100,412,1
1100,413,1
1100,414,1
1100,415,1
1100,416,1
1100,417,1
1100,418,1
1100,419,1
1100,420,1
1100,421,1
1100,422,1
1100,423,1
1100,424,1
1099,425,1
1099,426,1
1099,427,1
1099,428,1
1099,429,1
1099,430,1
1098,431,1
1098,432,1
1098,433,1
1098,434,1
1097,435,1
1097,436,1
1097,437,1
1096,438,1
1096,439,1
1096,440,1
1095,440,1
1095,441,1
1095,442,1
1094,443,1
1094,444,1
1093,444,1
1093,445,1
1092,446,1
1092,447,1
1091,448,1
1091,449,1
1090,450,1
1089,451,1
1089,452,1
1088,452,1
1088,453,1
1087,454,1
1087,455,1
1086,455,1
1086,456,1
1085,457,1
1084,458,1
1083,459,1
1083,460,1
1082,461,1
1081,462,1
1081,463,1
1080,463,1
1080,464,1
1079,465,1
1079,466,1
1078,466,1
1078,467,1
1077,468,1
1077,469,1
1076,470,1
1075,471,1
1075,472,1
1074,473,1
1074,474,1
1073,474,1
1073,475,1
1073,476,1
1072,477,1
1072,478,1
1071,479,1
1071,480,1
1071,481,1
1071,482,1
1070,482,1
1070,483,1
1070,484,1
1070,485,1
1069,486,1
1069,487,1
1069,488,1
1069,489,1
1069,490,1
1069,491,1
1069,492,1
1069,493,1
1069,494,1
1069,495,1
1069,496,1
1069,497,1
1069,498,1
1069,499,1
1069,500,1
1069,501,1
1070,501,1
1070,502,1
1070,503,1
1070,504,1
1071,505,1
1071,506,1
1072,507,1
1072,508,1
1073,509,1
1073,510,1
1074,511,1
1074,512,1
1075,512,1
1075,513,1
1076,514,1
1077,515,1
1077,516,1
1078,517,1
1078,518,1
1079,518,1
1079,519,1
1080,520,1
1080,521,1
1079,521,1
1078,521,1
1077,522,1
1076,522,1
1075,522,1
1074,522,1
1073,522,1
1072,522,1
1071,522,1
1070,522,1
1069,522,1
1069,523,1
1068,523,1
1067,523,1
1066,523,1
1065,523,1
1064,523,1
1063,523,1
1062,524,1
1061,524,1
1060,524,1
1059,524,1
1058,525,1
1057,525,1
1056,526,1
1055,526,1
1054,526,1
1053,527,1
1052,527,1
1051,528,1
1050,528,1
1049,529,1
1048,530,1
1047,530,1
1046,531,1
1045,532,1
1044,532,1
1043,533,1
1042,534,1
1041,534,1
1040,535,1
1040,536,1
1039,536,1
1038,537,1
1037,538,1
1036,539,1
1035,540,1
1035,541,1
1034,541,1
1033,542,1
1033,543,1
1032,543,1
1032,544,1
1031,545,1
1030,545,1
1030,546,1
1029,547,1
1029,548,1
1028,548,1
1028,549,1
1027,550,1
1026,551,1
1025,552,1
1025,553,1
1024,554,1
1024,555,1
1023,555,1
1023,556,1
1022,557,1
1022,558,1
1021,559,1
1020,560,1
1019,561,1
1019,562,1
1018,563,1
1018,564,1
1017,564,1
1017,565,1
1016,566,1
1016,567,1
1015,568,1
1015,569,1
1014,570,1
1014,571,1
1013,571,1
1013,572,1
1012,573,1
1012,574,1
1011,575,1
1011,576,1
1010,577,1
1010,578,1
1009,579,1
1009,580,1
1008,581,1
1008,582,1
1007,583,1
1007,584,1
1006,585,1
1006,586,1
1005,587,1
1004,588,1
1004,589,1
1003,590,1
1003,591,1
1002,592,1
1002,593,1
1001,594,1
1001,595,1
1000,596,1
1000,597,1
999,598,1
999,599,1
998,600,1
998,601,1
997,602,1
997,603,1
996,604,1
996,605,1
995,606,1
995,607,1
994,608,1
994,609,1
993,609,1
993,610,1
993,611,1
992,612,1
992,613,1
991,614,1
991,615,1
990,616,1
990,617,1
989,617,1
989,618,1
989,619,1
988,620,1
988,621,1
987,622,1
987,623,1
986,624,1
986,625,1
985,626,1
985,627,1
984,628,1
984,629,1
983,630,1
983,631,1
982,632,1
982,633,1
981,634,1
981,635,1
980,636,1
980,637,1
980,638,1
979,639,1
979,640,1
978,640,1
978,641,1
977,642,1
977,643,1
977,644,1
976,645,1
976,646,1
975,647,1
975,648,1
974,649,1
974,650,1
973,651,1
973,652,1
972,653,1
972,654,1
971,655,1
971,656,1
970,657,1
970,658,1
970,659,1
969,660,1
969,661,1
968,662,1
968,663,1
967,664,1
967,665,1
966,666,1
966,667,1
965,668,1
965,669,1
964,670,1
964,671,1
964,672,1
963,673,1
963,674,1
962,675,1
962,676,1
961,677,1
961,678,1
961,679,1
960,680,1
960,681,1
959,682,1
959,683,1
958,684,1
958,685,1
957,686,1
957,687,1
956,688,1
956,689,1
956,690,1
955,691,1
955,692,1
954,693,1
954,694,1
954,695,1
953,696,1
953,697,1
952,698,1
952,699,1
951,700,1
951,701,1
951,702,1
950,703,1
950,704,1
949,705,1
949,706,1
949,707,1
948,708,1
948,709,1
947,710,1
947,711,1
947,712,1
946,713,1
946,714,1
946,715,1
946,716,1
945,717,1
945,718,1
945,719,1
946,642,0
955,571,1
954,572,1
953,572,1
952,573,1
951,574,1
950,574,1
949,575,1
948,575,1
947,576,1
946,576,1
946,577,1
945,577,1
944,578,1
943,578,1
942,579,1
941,580,1
940,580,1
939,581,1
938,581,1
937,582,1
936,582,1
935,583,1
934,583,1
933,584,1
932,584,1
932,585,1
931,585,1
930,586,1
929,586,1
928,587,1
927,587,1
926,588,1
925,588,1
924,589,1
923,589,1
922,589,1
921,590,1
920,590,1
920,591,1
919,591,1
918,592,1
917,592,1
916,593,1
915,593,1
914,594,1
913,594,1
912,595,1
911,595,1
910,595,1
909,596,1
908,596,1
908,597,1
907,597,1
906,597,1
905,598,1
904,598,1
903,599,1
902,599,1
901,599,1
900,600,1
899,600,1
898,601,1
897,601,1
896,601,1
895,602,1
894,602,1
893,603,1
892,603,1
891,604,1
890,604,1
889,605,1
888,605,1
887,605,1
886,606,1
885,606,1
884,606,1
883,607,1
882,607,1
881,607,1
880,607,1
879,608,1
878,608,1
877,608,1
876,608,1
875,609,1
874,609,1
873,609,1
872,609,1
653,451,0
406,296,1
407,296,1
408,296,1
409,296,1
410,296,1
411,296,1
412,296,1
413,296,1
414,296,1
415,296,1
416,296,1
417,296,1
418,296,1
419,296,1
420,296,1
421,296,1
422,296,1
423,296,1
424,296,1
425,296,1
426,296,1
427,296,1
428,296,1
429,296,1
430,296,1
431,296,1
432,296,1
433,296,1
434,296,1
435,296,1
436,296,1
437,296,1
438,296,1
439,296,1
440,296,1
441,296,1
442,296,1
443,296,1
444,296,1
445,296,1
446,296,1
447,296,1
448,296,1
449,296,1
450,296,1
451,296,1
452,296,1
453,296,1
454,296,1
455,296,1
456,296,1
457,296,1
458,296,1
459,296,1
460,296,1
461,296,1
462,296,1
463,296,1
464,296,1
465,296,1
466,296,1
467,296,1
468,296,1
469,296,1
470,296,1
471,296,1
472,296,1
473,296,1
474,296,1
475,296,1
476,296,1
477,296,1
478,296,1
479,296,1
480,296,1
481,296,1
482,296,1
483,296,1
484,296,1
485,296,1
486,296,1
487,296,1
488,296,1
489,296,1
490,296,1
491,296,1
492,296,1
493,296,1
494,296,1
495,296,1
496,296,1
497,296,1
498,296,1
499,296,1
500,296,1
501,296,1
502,296,1
503,296,1
504,296,1
505,296,1
506,296,1
507,296,1
508,296,1
509,296,1
510,296,1
511,296,1
512,296,1
513,296,1
514,296,1
515,296,1
516,296,1
517,296,1
518,296,1
519,296,1
520,296,1
521,296,1
522,296,1
523,296,1
524,296,1
525,296,1
526,296,1
527,296,1
528,296,1
529,296,1
530,296,1
531,296,1
532,296,1
533,296,1
534,296,1
535,296,1
536,296,1
537,296,1
538,296,1
539,296,1
540,296,1
541,296,1
542,296,1
543,296,1
544,296,1
545,296,1
546,296,1
547,296,1
548,296,1
549,296,1
550,296,1
551,296,1
552,296,1
553,296,1
554,296,1
555,296,1
556,296,1
557,296,1
558,296,1
559,296,1
560,296,1
561,296,1
562,296,1
563,296,1
564,296,1
565,296,1
566,296,1
567,296,1
568,296,1
569,296,1
570,296,1
571,296,1
572,296,1
573,296,1
574,296,1
575,296,1
576,296,1
577,296,1
578,296,1
579,296,1
580,296,1
581,296,1
582,296,1
583,296,1
584,296,1
585,296,1
586,296,1
587,296,1
588,296,1
589,296,1
590,296,1
591,296,1
592,296,1
593,296,1
594,296,1
595,296,1
596,296,1
597,296,1
598,296,1
599,296,1
600,296,1
601,296,1
602,296,1
603,296,1
604,296,1
605,296,1
606,296,1
607,296,1
608,296,1
609,296,1
610,296,1
611,296,1
612,296,1
613,296,1
614,296,1
615,296,1
616,296,1
617,296,1
618,296,1
619,296,1
620,296,1
621,296,1
622,296,1
623,296,1
624,296,1
625,296,1
626,296,1
627,296,1
628,296,1
629,296,1
630,296,1
631,296,1
632,296,1
633,296,1
634,296,1
635,296,1
636,296,1
637,296,1
638,296,1
639,296,1
640,296,1
641,296,1
642,296,1
643,296,1
644,296,1
645,296,1
646,296,1
647,296,1
648,296,1
649,296,1
650,296,1
651,296,1
652,296,1
653,296,1
654,296,1
655,296,1
656,296,1
657,296,1
658,296,1
659,296,1
660,296,1
661,295,1
662,295,1
663,295,1
664,295,1
665,295,1
666,295,1
667,295,1
668,295,1
669,295,1
670,295,1
671,295,1
672,295,1
673,295,1
674,295,1
675,295,1
676,295,1
677,295,1
678,295,1
679,295,1
680,295,1
681,295,1
682,295,1
683,295,1
684,295,1
685,295,1
686,295,1
687,295,1
688,295,1
689,295,1
690,295,1
691,295,1
692,294,1
693,294,1
694,294,1
695,294,1
696,294,1
697,294,1
698,294,1
699,294,1
700,294,1
701,294,1
702,294,1
703,294,1
704,294,1
705,294,1
706,294,1
707,294,1
708,294,1
709,294,1
710,294,1
711,294,1
712,294,1
713,294,1
714,294,1
715,294,1
716,294,1
717,294,1
718,294,1
719,294,1
720,294,1
721,294,1
722,294,1
723,294,1
724,294,1
725,294,1
726,294,1
727,294,1
728,294,1
729,294,1
730,294,1
731,294,1
732,294,1
733,294,1
734,294,1
735,294,1
736,294,1
737,294,1
738,294,1
739,294,1
740,294,1
741,294,1
742,294,1
743,294,1
744,294,1
745,294,1
746,294,1
747,294,1
748,294,1
749,294,1
750,294,1
751,294,1
752,294,1
753,294,1
754,294,1
755,294,1
756,294,1
757,294,1
758,294,1
759,294,1
760,294,1
761,294,1
762,294,1
763,294,1
764,294,1
765,294,1
766,294,1
767,294,1
768,294,1
769,294,1
770,294,1
771,294,1
772,294,1
773,294,1
774,294,1
775,294,1
776,294,1
777,294,1
778,294,1
779,294,1
780,294,1
781,294,1
782,294,1
783,294,1
784,294,1
785,294,1
786,294,1
787,294,1
788,294,1
789,294,1
790,294,1
791,294,1
792,294,1
793,294,1
794,294,1
795,294,1
796,294,1
797,294,1
798,294,1
799,294,1
800,294,1
801,294,1
802,294,1
803,294,1
804,294,1
805,294,1
806,294,1
807,294,1
808,294,1
809,294,1
810,294,1
811,294,1
812,294,1
813,294,1
814,294,1
815,294,1
816,294,1
817,294,1
818,294,1
819,294,1
820,294,1
821,294,1
822,294,1
823,294,1
824,294,1
825,294,1
826,294,1
827,294,1
828,294,1
829,294,1
830,294,1
831,294,1
832,294,1
833,294,1
834,294,1
835,294,1
836,294,1
837,294,1
838,294,1
839,294,1
840,294,1
841,294,1
842,294,1
843,294,1
844,294,1
845,294,1
846,294,1
847,294,1
848,294,1
849,294,1
850,294,1
851,294,1
852,294,1
853,294,1
854,294,1
855,294,1
856,294,1
857,294,1
858,294,1
859,294,1
860,294,1
861,294,1
862,294,1
863,294,1
864,294,1
865,294,1
866,294,1
867,294,1
868,294,1
869,294,1
870,294,1
871,294,1
872,294,1
873,294,1
874,294,1
875,294,1
876,294,1
877,294,1
878,294,1
879,294,1
880,294,1
881,294,1
882,294,1
883,294,1
884,294,1
885,294,1
886,294,1
887,294,1
888,294,1
889,294,1
890,294,1
891,294,1
892,294,1
893,294,1
894,294,1
895,294,1
896,294,1
897,294,1
898,294,1
899,294,1
900,294,1
901,294,1
902,294,1
903,294,1
904,294,1
905,294,1
906,294,1
907,294,1
908,294,1
909,294,1
910,294,1
911,294,1
912,294,1
913,294,1
914,294,1
915,294,1
916,294,1
917,294,1
918,294,1
919,294,1
920,294,1
921,294,1
922,294,1
923,294,1
924,294,1
925,294,1
926,294,1
927,294,1
928,294,1
929,294,1
930,293,1
931,293,1
932,293,1
933,293,1
934,293,1
935,293,1
936,293,1
937,293,1
938,293,1
939,293,1
940,293,1
941,293,1
942,293,1
943,293,1
944,293,1
945,293,1
946,293,1
947,293,1
948,293,1
949,293,1
950,293,1
951,293,1
952,293,1
953,293,1
954,293,1
955,293,1
956,293,1
957,293,1
958,293,1
959,293,1
960,293,1
961,293,1
962,293,1
963,293,1
964,293,1
965,293,1
966,293,1
967,293,1
968,293,1
969,293,1
970,293,1
971,293,1
972,293,1
973,293,1
974,293,1
975,293,1
976,293,1
977,293,1
978,293,1
979,293,1
980,293,1
981,293,1
982,293,1
983,293,1
984,293,1
985,293,1
986,293,1
987,293,1
988,293,1
989,293,1
990,293,1
991,293,1
992,293,1
993,293,1
994,293,1
995,293,1
996,293,1
997,293,1
998,293,1
999,293,1
1000,293,1
1001,293,1
1002,293,1
1003,293,1
1004,293,1
1005,293,1
1006,293,1
1007,293,1
1008,293,1
1009,293,1
1010,293,1
1011,293,1
1012,293,1
1013,293,1
1014,293,1
1015,293,1
1016,293,1
1017,293,1
1018,293,1
1019,293,1
1020,293,1
1021,293,1
1022,293,1
1023,293,1
1024,293,1
1025,293,1
1026,293,1
1027,293,1
1028,293,1
1029,293,1
1030,293,1
1031,293,1
1032,293,1
1033,293,1
1034,293,1
1035,293,1
1036,293,1
1037,293,1
1038,293,1
1039,293,1
1040,293,1
1041,293,1
1042,293,1
1043,293,1
1044,293,1
1045,293,1
1046,293,1
1047,293,1
1048,293,1
1049,293,1
1050,293,1
1051,293,1
1052,293,1
1053,293,1
1054,293,1
1055,293,1
1056,293,1
1057,293,1
1058,293,1
1059,293,1
1060,293,1
1061,293,1
1062,293,1
1063,293,1
1064,293,1
1065,293,1
1066,293,1
1067,293,1
1068,293,1
1069,293,1
1070,293,1
1071,293,1
1072,293,1
1073,293,1
1074,293,1
1075,293,1
1076,293,1
1077,293,1
1078,293,1
1079,293,1
1080,293,1
1081,293,1
1082,293,1
1083,293,1
1084,293,1
1085,293,1
1086,293,1
1087,293,1
1088,293,1
1089,293,1
1090,293,1
1091,293,1
1092,293,1
1093,293,1
1094,293,1
1095,293,1
1096,293,1
1097,293,1
1098,293,1
1099,293,1
1100,293,1
1101,293,1
1102,293,1
1103,293,1
1104,293,1
1105,293,1
1106,293,1
1107,293,1
1108,293,1
1109,293,1
1110,293,1
1111,293,1
1112,293,1
1113,293,1
1114,293,1
1115,293,1
1116,293,1
1117,293,1
1118,293,1
1119,293,1
1120,293,1
1121,293,1
1122,293,1
1123,293,1
1124,293,1
1125,293,1
1126,293,1
1127,293,1
1128,293,1
1129,293,1
1130,293,1
1131,293,1
1132,293,1
1133,293,1
1134,293,1
1135,293,1
1136,293,1
1137,293,1
1138,293,1
1139,293,1
1140,293,1
1141,293,1
1142,293,1
1143,293,1
1144,293,1
1145,293,1
1146,293,1
1147,293,1
1148,293,1
1149,293,1
1150,293,1
1151,293,1
1152,293,1
1153,293,1
1154,294,1
1155,294,1
1156,294,1
1157,294,1
1158,294,1
1159,294,1
1160,294,1
1161,294,1
1162,294,1
1163,294,1
1164,295,1
1165,295,1
1166,296,1
1165,297,1
1165,297,0
