100,177,1
100,178,1
100,179,1
100,180,1
100,181,1
100,182,1
101,182,1
101,183,1
101,184,1
101,185,1
101,186,1
101,187,1
101,188,1
101,189,1
101,190,1
101,191,1
101,192,1
101,193,1
101,194,1
101,195,1
101,196,1
101,197,1
101,198,1
101,199,1
101,200,1
101,201,1
101,202,1
101,203,1
101,204,1
101,205,1
101,206,1
101,207,1
101,208,1
101,209,1
101,210,1
101,211,1
101,212,1
101,211,1
101,210,1
101,209,1
101,208,1
101,207,1
100,207,1
100,206,1
100,205,1
100,204,1
100,203,1
100,202,1
100,201,1
100,200,1
100,199,1
100,198,1
99,198,1
99,197,1
99,196,1
99,195,1
99,194,1
99,193,1
99,192,1
99,191,1
99,190,1
99,189,1
99,188,1
99,187,1
99,186,1
99,185,1
99,184,1
99,183,1
99,182,1
99,181,1
99,180,1
99,179,1
99,178,1
99,177,1
99,176,1
99,175,1
99,174,1
99,173,1
100,173,1
100,172,1
100,171,1
100,170,1
100,169,1
100,168,1
100,167,1
100,166,1
101,165,1
101,164,1
101,163,1
101,162,1
101,161,1
101,160,1
101,159,1
101,158,1
102,157,1
102,156,1
102,155,1
102,154,1
102,153,1
102,152,1
103,151,1
103,150,1
104,149,1
104,148,1
104,147,1
104,146,1
105,145,1
105,144,1
105,143,1
106,142,1
106,141,1
107,140,1
107,139,1
107,138,1
108,138,1
108,137,1
108,136,1
109,136,1
109,135,1
110,134,1
110,133,1
110,132,1
111,132,1
111,131,1
112,130,1
112,129,1
113,129,1
113,128,1
114,127,1
114,126,1
115,126,1
115,125,1
116,124,1
117,123,1
117,122,1
118,121,1
119,120,1
120,119,1
121,118,1
121,117,1
122,117,1
122,116,1
123,116,1
124,115,1
125,114,1
126,113,1
127,112,1
128,111,1
129,111,1
129,110,1
130,110,1
131,109,1
132,108,1
133,108,1
133,107,1
134,107,1
135,106,1
136,105,1
137,105,1
137,104,1
138,104,1
139,103,1
140,103,1
140,102,1
141,102,1
142,102,1
142,101,1
143,101,1
144,100,1
145,99,1
146,99,1
146,98,1
147,98,1
148,98,1
148,97,1
149,97,1
150,97,1
151,96,1
152,96,1
152,95,1
153,95,1
154,95,1
154,94,1
155,94,1
156,94,1
157,93,1
158,93,1
159,92,1
160,92,1
161,92,1
161,91,1
162,91,1
163,91,1
164,90,1
165,90,1
166,90,1
167,89,1
168,89,1
169,89,1
170,89,1
170,88,1
171,88,1
172,88,1
173,88,1
174,88,1
175,87,1
176,87,1
177,87,1
177,86,1
178,86,1
179,86,1
180,86,1
181,86,1
182,86,1
183,86,1
184,86,1
185,85,1
186,85,1
187,85,1
188,85,1
189,85,1
190,85,1
191,85,1
192,85,1
193,85,1
194,85,1
195,85,1
196,85,1
196,86,1
197,86,1
198,86,1
199,86,1
200,86,1
201,86,1
201,87,1
202,87,1
203,87,1
203,88,1
204,88,1
205,88,1
205,89,1
206,89,1
207,89,1
208,90,1
209,90,1
209,91,1
210,91,1
211,92,1
212,93,1
213,93,1
213,94,1
214,94,1
214,95,1
215,96,1
216,97,1
216,98,1
217,98,1
217,99,1
218,99,1
218,100,1
219,101,1
219,102,1
220,102,1
220,103,1
220,104,1
221,104,1
221,105,1
221,106,1
222,107,1
222,108,1
223,109,1
223,110,1
223,111,1
224,111,1
224,112,1
224,113,1
224,114,1
225,115,1
225,116,1
225,117,1
226,117,1
226,118,1
226,119,1
226,120,1
226,121,1
226,122,1
227,123,1
227,124,1
227,125,1
227,126,1
227,127,1
227,128,1
227,129,1
227,130,1
228,131,1
228,132,1
228,133,1
228,134,1
228,135,1
228,136,1
229,136,1
229,137,1
229,138,1
229,139,1
229,140,1
229,141,1
229,142,1
229,143,1
229,144,1
229,145,1
229,146,1
229,147,1
229,148,1
229,149,1
229,150,1
229,151,1
229,152,1
229,153,1
229,154,1
229,155,1
229,156,1
229,157,1
229,158,1
229,159,1
229,160,1
229,161,1
229,162,1
229,163,1
229,164,1
229,165,1
229,166,1
229,167,1
229,168,1
229,169,1
229,170,1
229,171,1
229,172,1
229,173,1
229,174,1
229,175,1
229,176,1
229,177,1
229,178,1
229,179,1
229,180,1
229,181,1
229,182,1
229,183,1
229,184,1
229,185,1
229,186,1
228,187,1
228,188,1
228,189,1
228,190,1
228,191,1
228,192,1
228,193,1
228,194,1
227,195,1
227,196,1
227,197,1
227,198,1
227,199,1
227,200,1
227,201,1
227,202,1
227,203,1
227,204,1
227,205,1
227,204,1
228,203,1
228,202,1
228,201,1
228,200,1
228,199,1
228,198,1
228,197,1
228,196,1
228,195,1
228,194,1
228,193,1
228,192,1
228,191,1
228,190,1
228,189,1
228,188,1
227,188,1
227,187,1
227,186,1
227,185,1
227,184,1
227,183,1
227,182,1
226,181,1
226,180,1
226,179,1
225,178,1
225,177,1
224,176,1
224,175,1
223,174,1
223,173,1
222,173,1
222,172,1
221,172,1
221,171,1
220,170,1
219,169,1
218,168,1
217,168,1
217,167,1
216,167,1
215,167,1
215,166,1
214,166,1
214,165,1
213,165,1
212,165,1
211,165,1
211,164,1
210,164,1
209,164,1
208,164,1
207,164,1
206,163,1
205,163,1
204,163,1
203,163,1
202,163,1
201,163,1
200,163,1
199,163,1
198,163,1
197,163,1
196,163,1
195,163,1
194,164,1
193,164,1
192,164,1
191,164,1
190,164,1
189,164,1
188,164,1
188,165,1
187,165,1
186,165,1
185,165,1
184,165,1
183,165,1
183,166,1
182,166,1
181,167,1
180,167,1
179,167,1
178,167,1
177,168,1
176,168,1
175,168,1
174,169,1
173,169,1
172,170,1
171,170,1
170,170,1
170,171,1
169,171,1
168,171,1
167,172,1
166,172,1
165,173,1
164,173,1
163,174,1
162,174,1
161,174,1
161,175,1
160,175,1
159,176,1
158,176,1
157,177,1
156,177,1
155,178,1
154,179,1
153,179,1
152,180,1
151,181,1
150,181,1
150,182,1
149,182,1
149,183,1
148,183,1
147,184,1
147,185,1
146,185,1
146,186,1
145,186,1
145,187,1
145,188,1
144,189,1
144,190,1
144,191,1
144,192,1
145,192,1
145,193,1
146,193,1
146,194,1
147,194,1
148,195,1
149,195,1
150,195,1
151,195,1
152,195,1
153,195,1
154,195,1
154,194,1
155,194,1
156,194,1
157,193,1
158,193,1
159,193,1
160,192,1
161,192,1
161,191,1
162,191,1
163,191,1
163,190,1
164,190,1
165,189,1
166,189,1
166,188,1
167,187,1
168,186,1
168,185,1
168,184,1
168,183,1
168,182,1
168,181,1
167,181,1
167,180,1
166,180,1
165,179,1
164,179,1
163,178,1
162,178,1
161,178,1
161,177,1
160,177,1
159,177,1
158,177,1
157,177,1
156,177,1
155,177,1
154,177,1
153,177,1
152,177,1
151,177,1
150,177,1
149,177,1
148,177,1
148,176,1
147,176,1
148,176,1
148,175,1
248,163,0
349,149,1
349,150,1
349,151,1
349,152,1
349,153,1
349,154,1
349,155,1
349,156,1
349,157,1
349,158,1
348,159,1
348,160,1
348,161,1
348,162,1
348,163,1
348,164,1
348,165,1
348,166,1
348,167,1
348,168,1
347,168,1
347,169,1
347,170,1
347,171,1
347,172,1
347,173,1
346,173,1
346,174,1
346,175,1
346,176,1
346,177,1
346,178,1
346,179,1
346,180,1
346,181,1
346,182,1
346,183,1
345,184,1
345,185,1
345,186,1
345,187,1
345,188,1
345,189,1
345,190,1
345,191,1
345,192,1
345,193,1
345,194,1
344,195,1
344,196,1
344,197,1
343,198,1
342,198,1
342,197,1
341,196,1
341,195,1
340,195,1
340,194,1
339,193,1
339,192,1
338,191,1
338,190,1
337,190,1
337,189,1
336,188,1
335,187,1
334,186,1
334,185,1
333,185,1
332,184,1
331,183,1
330,183,1
330,182,1
329,182,1
328,182,1
327,181,1
326,181,1
326,180,1
325,180,1
324,180,1
323,180,1
323,179,1
322,179,1
321,179,1
320,179,1
319,179,1
318,179,1
317,179,1
316,179,1
315,179,1
314,179,1
313,179,1
312,179,1
311,179,1
310,179,1
309,179,1
308,179,1
307,180,1
306,180,1
305,180,1
304,180,1
304,181,1
303,181,1
302,182,1
301,182,1
300,183,1
299,183,1
298,184,1
297,185,1
296,185,1
296,186,1
295,186,1
295,187,1
294,187,1
293,187,1
293,188,1
292,188,1
292,189,1
291,190,1
291,191,1
290,191,1
290,192,1
289,193,1
289,194,1
288,195,1
288,196,1
288,197,1
287,197,1
287,198,1
286,199,1
286,200,1
286,201,1
286,202,1
286,203,1
286,204,1
286,205,1
286,206,1
286,207,1
286,208,1
286,209,1
286,210,1
287,210,1
287,211,1
288,211,1
289,211,1
290,211,1
290,160,0
293,108,1
292,108,1
291,108,1
290,108,1
289,108,1
288,108,1
287,108,1
286,108,1
285,108,1
284,107,1
283,107,1
282,106,1
281,106,1
280,105,1
279,104,1
278,103,1
278,102,1
277,102,1
277,101,1
277,100,1
277,99,1
278,99,1
278,98,1
279,97,1
280,96,1
281,96,1
281,95,1
282,95,1
283,95,1
284,94,1
285,94,1
286,93,1
287,93,1
288,93,1
289,93,1
290,93,1
291,93,1
292,93,1
293,93,1
294,93,1
295,93,1
296,93,1
297,93,1
298,94,1
299,94,1
300,94,1
301,94,1
301,95,1
302,95,1
303,95,1
304,95,1
305,95,1
305,96,1
306,96,1
307,96,1
308,96,1
309,97,1
310,97,1
311,98,1
312,98,1
313,98,1
313,99,1
314,99,1
315,99,1
315,100,1
316,100,1
317,100,1
317,101,1
318,101,1
319,101,1
319,102,1
320,102,1
321,103,1
322,103,1
323,104,1
324,104,1
324,105,1
325,105,1
326,106,1
327,107,1
328,107,1
328,108,1
329,108,1
330,109,1
331,110,1
332,110,1
333,111,1
334,112,1
335,112,1
335,113,1
336,113,1
336,114,1
337,114,1
338,115,1
339,116,1
340,116,1
340,117,1
341,117,1
341,118,1
342,118,1
342,119,1
343,120,1
344,121,1
345,122,1
346,123,1
347,124,1
348,125,1
349,126,1
350,127,1
351,128,1
351,129,1
352,129,1
352,130,1
353,130,1
353,131,1
353,132,1
354,132,1
354,133,1
355,133,1
355,134,1
356,135,1
357,136,1
358,137,1
358,138,1
359,139,1
360,140,1
360,141,1
361,141,1
361,142,1
362,143,1
362,144,1
363,144,1
364,145,1
365,146,1
379,145,0
395,146,1
395,145,1
394,144,1
394,143,1
394,142,1
395,142,1
395,141,1
396,141,1
396,140,1
397,140,1
398,140,1
399,140,1
400,140,1
401,140,1
402,141,1
403,141,1
404,141,1
405,141,1
406,142,1
407,142,1
408,142,1
408,143,1
409,143,1
409,144,1
410,144,1
411,145,1
411,146,1
412,146,1
412,147,1
413,148,1
413,149,1
414,149,1
414,150,1
414,151,1
414,152,1
415,153,1
415,154,1
415,155,1
415,156,1
415,157,1
415,158,1
415,159,1
415,160,1
415,161,1
414,162,1
414,163,1
414,164,1
414,165,1
413,165,1
413,166,1
413,167,1
412,168,1
412,169,1
411,170,1
411,171,1
410,171,1
410,172,1
410,173,1
409,173,1
409,174,1
408,174,1
408,175,1
407,176,1
406,177,1
405,177,1
405,178,1
404,178,1
404,179,1
403,179,1
403,180,1
402,180,1
402,181,1
401,181,1
400,182,1
399,183,1
398,183,1
398,184,1
397,184,1
396,185,1
395,185,1
395,186,1
394,186,1
393,186,1
392,187,1
391,187,1
391,188,1
390,188,1
389,188,1
388,189,1
387,189,1
386,189,1
385,189,1
385,190,1
384,190,1
383,190,1
382,190,1
381,190,1
380,190,1
380,191,1
379,191,1
378,191,1
377,191,1
376,191,1
375,191,1
374,191,1
373,191,1
372,191,1
371,191,1
371,190,1
370,190,1
369,190,1
369,189,1
368,189,1
368,188,1
369,187,1
370,186,1
371,186,1
371,185,1
372,185,1
373,185,1
374,185,1
374,184,1
375,184,1
376,184,1
377,184,1
377,183,1
378,183,1
379,183,1
380,183,1
381,183,1
382,183,1
383,183,1
384,183,1
385,183,1
386,183,1
387,183,1
388,183,1
389,183,1
390,183,1
391,183,1
392,183,1
393,183,1
394,183,1
395,183,1
396,183,1
397,183,1
398,183,1
399,183,1
399,184,1
400,184,1
401,184,1
402,184,1
403,184,1
404,184,1
404,185,1
405,185,1
406,185,1
407,185,1
408,185,1
409,185,1
410,185,1
411,185,1
412,186,1
413,186,1
414,186,1
415,186,1
416,186,1
417,186,1
418,186,1
419,186,1
420,186,1
421,186,1
422,187,1
423,187,1
424,187,1
425,187,1
426,187,1
427,187,1
428,187,1
429,187,1
429,186,1
430,186,1
431,186,1
432,185,1
447,174,0
463,161,1
463,162,1
463,163,1
463,164,1
463,165,1
463,166,1
463,167,1
463,168,1
463,169,1
463,170,1
463,171,1
463,172,1
463,173,1
463,174,1
462,174,1
462,175,1
462,176,1
462,177,1
462,178,1
461,179,1
461,180,1
461,181,1
461,182,1
461,183,1
460,184,1
460,185,1
460,186,1
460,187,1
459,188,1
459,189,1
458,190,1
458,191,1
458,192,1
457,192,1
457,193,1
281,162,0
101,132,1
102,132,1
103,132,1
104,132,1
105,132,1
106,132,1
107,132,1
108,132,1
109,132,1
110,132,1
111,132,1
112,132,1
113,132,1
114,132,1
115,132,1
116,132,1
117,132,1
118,132,1
119,132,1
120,132,1
121,132,1
122,132,1
123,132,1
124,132,1
125,132,1
126,132,1
127,132,1
128,132,1
129,132,1
130,132,1
131,132,1
132,132,1
133,132,1
134,132,1
135,132,1
136,132,1
137,132,1
138,132,1
139,132,1
140,132,1
141,132,1
142,132,1
143,132,1
144,132,1
145,132,1
145,131,1
146,131,1
147,131,1
148,131,1
149,131,1
150,131,1
151,131,1
152,131,1
153,131,1
154,131,1
155,131,1
156,131,1
157,131,1
158,130,1
159,130,1
160,130,1
161,130,1
162,130,1
163,130,1
164,130,1
165,130,1
166,130,1
167,130,1
168,130,1
169,130,1
170,130,1
171,130,1
172,130,1
173,130,1
174,130,1
175,130,1
176,130,1
177,129,1
178,129,1
179,129,1
180,129,1
181,129,1
182,129,1
183,129,1
184,129,1
185,129,1
186,129,1
187,129,1
188,129,1
189,129,1
190,129,1
191,129,1
192,129,1
193,129,1
193,128,1
194,128,1
195,128,1
196,128,1
197,128,1
198,128,1
199,128,1
200,128,1
201,128,1
202,128,1
202,127,1
203,127,1
204,127,1
205,127,1
206,127,1
207,127,1
208,127,1
209,127,1
210,127,1
211,127,1
212,127,1
213,127,1
214,127,1
215,127,1
216,127,1
217,127,1
218,127,1
219,126,1
220,126,1
221,126,1
222,126,1
223,126,1
224,126,1
225,126,1
226,126,1
227,126,1
228,126,1
229,126,1
230,126,1
231,126,1
232,126,1
233,126,1
233,125,1
234,125,1
235,125,1
236,125,1
237,125,1
238,125,1
239,125,1
240,124,1
241,124,1
242,124,1
243,124,1
244,124,1
245,124,1
246,124,1
247,124,1
248,124,1
249,124,1
250,124,1
251,124,1
252,124,1
253,124,1
254,124,1
255,123,1
256,123,1
257,123,1
258,123,1
259,123,1
260,123,1
261,123,1
262,123,1
263,123,1
264,123,1
265,123,1
266,123,1
267,123,1
268,123,1
269,123,1
270,123,1
271,123,1
272,123,1
273,123,1
274,122,1
275,122,1
276,122,1
277,122,1
278,122,1
279,122,1
280,122,1
281,122,1
282,122,1
283,122,1
284,121,1
285,121,1
286,121,1
287,121,1
288,121,1
289,121,1
290,121,1
291,121,1
292,121,1
293,121,1
294,121,1
295,121,1
296,121,1
297,121,1
298,121,1
299,121,1
300,121,1
301,121,1
301,120,1
302,120,1
303,120,1
304,120,1
305,120,1
306,120,1
307,120,1
308,120,1
309,120,1
310,120,1
311,120,1
312,120,1
313,120,1
314,120,1
315,120,1
316,120,1
317,120,1
317,119,1
318,119,1
319,119,1
320,119,1
321,119,1
322,119,1
323,119,1
324,119,1
325,119,1
326,119,1
327,119,1
328,118,1
329,118,1
330,118,1
331,118,1
332,118,1
333,118,1
334,118,1
335,118,1
336,118,1
337,118,1
338,118,1
339,118,1
340,118,1
341,118,1
342,118,1
343,118,1
344,118,1
345,118,1
346,118,1
347,118,1
348,118,1
349,118,1
350,118,1
351,118,1
352,118,1
353,117,1
354,117,1
355,117,1
356,117,1
357,117,1
358,117,1
359,117,1
360,117,1
361,117,1
362,117,1
363,117,1
364,117,1
365,117,1
366,117,1
367,117,1
368,117,1
369,117,1
370,117,1
371,117,1
372,117,1
373,117,1
374,117,1
375,117,1
376,117,1
377,117,1
378,117,1
379,117,1
380,117,1
381,117,1
382,117,1
383,117,1
384,117,1
385,117,1
386,117,1
387,117,1
388,117,1
389,117,1
390,117,1
391,117,1
392,116,1
393,116,1
394,116,1
395,116,1
396,116,1
397,116,1
398,116,1
399,116,1
400,116,1
401,116,1
402,116,1
403,116,1
404,116,1
405,116,1
406,115,1
407,115,1
408,115,1
409,115,1
410,115,1
411,115,1
412,115,1
413,115,1
414,115,1
415,115,1
416,115,1
417,115,1
418,115,1
419,115,1
420,115,1
421,115,1
422,115,1
423,115,1
424,115,1
425,115,1
426,115,1
427,115,1
428,115,1
429,115,1
430,115,1
431,114,1
432,114,1
433,114,1
434,114,1
435,114,1
436,114,1
437,114,1
438,114,1
439,114,1
440,114,1
441,114,1
442,114,1
443,114,1
444,114,1
445,114,1
446,114,1
447,114,1
448,114,1
449,114,1
450,114,1
451,114,1
452,113,1
453,113,1
454,113,1
455,113,1
456,113,1
457,113,1
458,113,1
459,113,1
460,113,1
461,113,1
462,113,1
463,113,1
464,113,1
465,113,1
466,113,1
467,113,1
468,113,1
469,113,1
470,113,1
471,113,1
472,112,1
473,112,1
474,112,1
475,112,1
476,112,1
477,112,1
478,112,1
479,112,1
480,112,1
481,112,1
482,112,1
482,111,1
483,111,1
484,111,1
485,111,1
486,111,1
487,111,1
488,111,1
489,111,1
490,111,1
491,111,1
492,111,1
493,111,1
494,111,1
495,111,1
496,111,1
497,111,1
498,111,1
499,111,1
500,110,1
501,110,1
502,110,1
503,110,1
504,110,1
505,110,1
506,110,1
507,110,1
508,110,1
509,110,1
510,110,1
511,110,1
512,110,1
513,110,1
513,109,1
514,109,1
515,109,1
516,109,1
517,109,1
518,109,1
519,108,1
520,108,1
521,108,1
522,108,1
523,108,1
524,108,1
525,108,1
526,108,1
527,108,1
528,108,1
529,108,1
530,108,1
531,108,1
532,107,1
533,107,1
534,107,1
535,107,1
536,107,1
537,107,1
538,107,1
539,107,1
540,107,1
541,107,1
542,107,1
543,107,1
544,107,1
545,107,1
546,107,1
547,107,1
548,107,1
549,106,1
550,106,1
551,106,1
552,106,1
552,107,1
552,107,0
