174,284,1
174,285,1
174,286,1
174,287,1
174,288,1
174,289,1
174,290,1
175,291,1
175,292,1
175,293,1
175,294,1
175,295,1
175,296,1
175,297,1
175,298,1
176,299,1
176,300,1
176,301,1
176,302,1
176,303,1
176,304,1
176,305,1
176,306,1
176,307,1
176,308,1
176,309,1
176,310,1
177,311,1
177,312,1
177,313,1
177,314,1
177,315,1
177,316,1
177,317,1
177,318,1
177,319,1
177,320,1
177,321,1
177,322,1
177,323,1
177,324,1
177,325,1
177,326,1
177,327,1
177,328,1
177,329,1
177,330,1
178,331,1
178,332,1
178,333,1
178,334,1
178,335,1
178,336,1
178,337,1
178,338,1
178,339,1
178,340,1
178,341,1
178,342,1
178,343,1
178,344,1
178,345,1
178,346,1
178,347,1
178,348,1
178,349,1
178,350,1
178,351,1
178,352,1
178,353,1
178,354,1
178,355,1
178,356,1
178,357,1
178,358,1
178,359,1
178,360,1
178,361,1
178,362,1
178,363,1
178,364,1
178,365,1
178,366,1
178,367,1
178,368,1
178,369,1
178,370,1
178,371,1
178,372,1
177,373,1
177,374,1
177,375,1
176,375,1
176,376,1
175,376,1
175,375,1
174,375,1
174,374,1
173,373,1
173,372,1
172,371,1
172,370,1
172,369,1
171,368,1
171,367,1
171,366,1
171,365,1
170,364,1
170,363,1
170,362,1
170,361,1
170,360,1
169,359,1
169,358,1
169,357,1
169,356,1
168,355,1
168,354,1
168,353,1
168,352,1
168,351,1
167,350,1
167,349,1
167,348,1
167,347,1
167,346,1
166,345,1
166,344,1
166,343,1
166,342,1
166,341,1
165,340,1
165,339,1
165,338,1
165,337,1
165,336,1
164,335,1
164,334,1
164,333,1
164,332,1
164,331,1
164,330,1
163,329,1
163,328,1
163,327,1
163,326,1
163,325,1
162,324,1
162,323,1
162,322,1
162,321,1
162,320,1
162,319,1
161,318,1
161,317,1
161,316,1
161,315,1
161,314,1
161,313,1
160,312,1
160,311,1
160,310,1
160,309,1
160,308,1
160,307,1
159,306,1
159,305,1
159,304,1
159,303,1
159,302,1
159,301,1
158,300,1
158,299,1
158,298,1
158,297,1
158,296,1
157,295,1
157,294,1
157,293,1
157,292,1
157,291,1
157,290,1
157,289,1
156,288,1
156,287,1
156,286,1
156,285,1
156,284,1
156,283,1
156,282,1
156,281,1
156,280,1
156,279,1
156,278,1
156,277,1
155,276,1
155,275,1
155,274,1
155,273,1
155,272,1
155,271,1
155,270,1
155,269,1
155,268,1
155,267,1
155,266,1
155,265,1
155,264,1
156,263,1
156,262,1
156,261,1
156,260,1
156,259,1
156,258,1
156,257,1
156,256,1
156,255,1
157,254,1
157,253,1
157,252,1
157,251,1
157,250,1
157,249,1
157,248,1
158,247,1
158,246,1
158,245,1
159,244,1
159,243,1
159,242,1
159,241,1
160,240,1
160,239,1
160,238,1
161,237,1
161,236,1
161,235,1
162,234,1
162,233,1
162,232,1
162,231,1
163,230,1
163,229,1
164,228,1
164,227,1
165,226,1
165,225,1
166,224,1
166,223,1
167,222,1
167,221,1
168,220,1
168,219,1
169,218,1
169,217,1
170,216,1
171,215,1
171,214,1
172,214,1
172,213,1
173,212,1
174,211,1
174,210,1
175,209,1
176,208,1
177,207,1
178,206,1
179,205,1
179,204,1
180,204,1
181,203,1
181,202,1
182,201,1
183,201,1
184,200,1
185,199,1
186,198,1
187,197,1
188,197,1
189,196,1
189,195,1
190,195,1
191,194,1
192,193,1
193,193,1
193,192,1
194,192,1
195,191,1
196,190,1
197,190,1
198,189,1
199,189,1
200,188,1
201,187,1
202,187,1
203,186,1
204,186,1
205,185,1
206,185,1
207,184,1
208,184,1
209,183,1
210,183,1
211,183,1
212,182,1
213,182,1
214,181,1
215,181,1
216,181,1
217,180,1
218,180,1
219,179,1
220,179,1
221,179,1
222,178,1
223,178,1
224,178,1
225,177,1
226,177,1
227,177,1
228,177,1
229,176,1
230,176,1
231,176,1
232,176,1
233,175,1
234,175,1
235,175,1
236,175,1
237,174,1
238,174,1
239,174,1
240,174,1
241,174,1
242,174,1
243,174,1
244,174,1
245,174,1
246,174,1
247,174,1
248,174,1
249,174,1
250,174,1
251,174,1
252,174,1
253,174,1
254,174,1
255,174,1
256,175,1
257,175,1
258,175,1
259,175,1
259,176,1
260,176,1
261,176,1
262,177,1
263,177,1
264,177,1
265,178,1
266,178,1
267,178,1
268,179,1
269,179,1
270,180,1
271,180,1
272,181,1
273,181,1
274,182,1
275,183,1
276,183,1
277,184,1
278,185,1
279,185,1
279,186,1
280,187,1
281,187,1
282,188,1
283,189,1
284,190,1
285,191,1
286,192,1
287,193,1
288,194,1
288,195,1
289,195,1
290,196,1
290,197,1
291,198,1
292,199,1
292,200,1
293,201,1
293,202,1
294,202,1
295,203,1
295,204,1
296,205,1
296,206,1
297,207,1
298,208,1
298,209,1
299,210,1
299,211,1
300,212,1
300,213,1
301,214,1
301,215,1
302,216,1
302,217,1
303,218,1
303,219,1
304,220,1
304,221,1
305,222,1
305,223,1
305,224,1
306,225,1
306,226,1
307,227,1
307,228,1
308,229,1
308,230,1
309,231,1
309,232,1
309,233,1
310,234,1
310,235,1
310,236,1
311,237,1
311,238,1
311,239,1
312,240,1
312,241,1
312,242,1
312,243,1
313,244,1
313,245,1
313,246,1
313,247,1
314,248,1
314,249,1
314,250,1
314,251,1
314,252,1
315,253,1
315,254,1
315,255,1
315,256,1
316,257,1
316,258,1
316,259,1
316,260,1
316,261,1
317,262,1
317,263,1
317,264,1
317,265,1
317,266,1
317,267,1
318,268,1
318,269,1
318,270,1
318,271,1
318,272,1
318,273,1
318,274,1
318,275,1
319,276,1
319,277,1
319,278,1
319,279,1
319,280,1
319,281,1
319,282,1
319,283,1
319,284,1
319,285,1
320,286,1
320,287,1
320,288,1
320,289,1
320,290,1
320,291,1
320,292,1
320,293,1
320,294,1
320,295,1
321,296,1
321,297,1
321,298,1
321,299,1
321,300,1
321,301,1
321,302,1
321,303,1
321,304,1
321,305,1
321,306,1
321,307,1
321,308,1
322,309,1
322,310,1
322,311,1
322,312,1
322,313,1
322,314,1
322,315,1
322,316,1
322,317,1
322,318,1
322,319,1
323,320,1
323,321,1
323,322,1
323,323,1
323,324,1
323,325,1
324,326,1
324,327,1
325,327,1
325,326,1
326,326,1
326,325,1
326,324,1
326,323,1
325,322,1
325,321,1
325,320,1
325,319,1
325,318,1
324,317,1
324,316,1
324,315,1
323,314,1
323,313,1
323,312,1
322,311,1
322,310,1
322,309,1
321,308,1
321,307,1
320,306,1
320,305,1
319,304,1
318,304,1
318,303,1
317,302,1
317,301,1
316,300,1
315,299,1
314,298,1
313,297,1
312,296,1
311,295,1
310,295,1
309,294,1
309,293,1
308,293,1
307,292,1
306,291,1
305,291,1
304,290,1
303,290,1
302,289,1
301,289,1
300,289,1
299,288,1
298,288,1
297,288,1
296,287,1
295,287,1
294,287,1
293,287,1
292,286,1
291,286,1
290,286,1
289,286,1
288,286,1
287,286,1
286,286,1
285,286,1
284,286,1
283,286,1
282,286,1
281,286,1
280,286,1
279,286,1
278,286,1
277,286,1
276,286,1
275,287,1
274,287,1
273,287,1
272,287,1
271,287,1
270,288,1
269,288,1
268,288,1
267,288,1
266,289,1
265,289,1
264,289,1
263,290,1
262,290,1
261,290,1
260,291,1
259,291,1
259,292,1
258,292,1
257,292,1
256,293,1
255,293,1
254,294,1
253,294,1
252,295,1
251,295,1
250,296,1
249,296,1
248,297,1
247,297,1
246,298,1
245,298,1
244,299,1
243,300,1
242,301,1
241,301,1
240,302,1
239,302,1
238,303,1
238,304,1
237,304,1
236,305,1
235,305,1
235,306,1
234,307,1
233,307,1
232,308,1
232,309,1
231,309,1
230,310,1
229,311,1
228,312,1
227,313,1
226,314,1
225,315,1
225,316,1
224,316,1
224,317,1
223,318,1
222,319,1
221,320,1
221,321,1
220,322,1
220,323,1
220,324,1
219,325,1
219,326,1
218,327,1
218,328,1
218,329,1
218,330,1
218,331,1
218,332,1
218,333,1
218,334,1
218,335,1
219,335,1
219,336,1
219,337,1
220,338,1
220,339,1
221,339,1
221,340,1
222,340,1
222,341,1
223,341,1
224,342,1
225,342,1
226,342,1
226,343,1
227,343,1
228,343,1
229,343,1
230,343,1
231,343,1
232,343,1
233,343,1
234,342,1
235,342,1
236,342,1
237,341,1
238,340,1
239,340,1
240,339,1
241,339,1
242,338,1
243,337,1
244,337,1
244,336,1
245,335,1
246,334,1
246,333,1
247,333,1
247,332,1
248,331,1
248,330,1
248,329,1
249,328,1
249,327,1
249,326,1
249,325,1
248,324,1
248,323,1
247,322,1
247,321,1
246,321,1
246,320,1
245,320,1
244,319,1
243,319,1
243,318,1
242,318,1
241,318,1
240,317,1
239,317,1
238,317,1
237,317,1
236,316,1
235,316,1
234,316,1
233,316,1
232,316,1
231,316,1
230,316,1
229,316,1
228,316,1
227,316,1
226,316,1
225,316,1
224,316,1
223,316,1
222,316,1
221,316,1
220,317,1
219,317,1
218,317,1
217,317,1
216,317,1
215,317,1
214,317,1
213,317,1
212,317,1
211,318,1
210,318,1
209,318,1
208,318,1
207,318,1
206,318,1
205,318,1
204,319,1
396,279,0
582,234,1
582,235,1
582,236,1
582,237,1
582,238,1
582,239,1
582,240,1
582,241,1
582,242,1
583,243,1
583,244,1
583,245,1
583,246,1
583,247,1
583,248,1
583,249,1
583,250,1
583,251,1
583,252,1
583,253,1
583,254,1
583,255,1
583,256,1
583,257,1
583,258,1
583,259,1
583,260,1
584,261,1
584,262,1
584,263,1
584,264,1
584,265,1
584,266,1
584,267,1
584,268,1
584,269,1
584,270,1
584,271,1
584,272,1
584,273,1
584,274,1
584,275,1
583,276,1
583,277,1
583,278,1
582,278,1
582,279,1
581,279,1
580,279,1
579,279,1
579,278,1
578,278,1
577,278,1
577,277,1
576,277,1
575,276,1
575,275,1
574,275,1
573,274,1
572,273,1
571,272,1
570,271,1
569,270,1
568,269,1
567,269,1
566,268,1
565,267,1
564,267,1
564,266,1
563,266,1
562,265,1
561,265,1
560,264,1
559,264,1
558,263,1
557,263,1
556,263,1
555,262,1
554,262,1
553,262,1
552,262,1
551,261,1
550,261,1
549,261,1
548,261,1
547,261,1
546,261,1
545,260,1
544,260,1
543,260,1
542,260,1
541,260,1
540,260,1
539,260,1
538,260,1
537,260,1
536,260,1
535,261,1
534,261,1
533,261,1
532,261,1
531,261,1
530,261,1
529,261,1
528,262,1
527,262,1
526,262,1
525,262,1
524,263,1
523,263,1
522,263,1
521,264,1
520,264,1
519,264,1
518,265,1
517,265,1
516,266,1
515,266,1
514,266,1
513,267,1
512,267,1
511,268,1
510,268,1
509,269,1
508,269,1
507,270,1
506,270,1
505,271,1
504,272,1
503,272,1
502,273,1
501,273,1
500,274,1
499,275,1
498,276,1
497,276,1
496,277,1
495,278,1
494,279,1
493,279,1
492,280,1
491,281,1
490,281,1
490,282,1
489,283,1
488,284,1
487,284,1
486,285,1
485,286,1
484,287,1
483,288,1
482,289,1
481,289,1
481,290,1
480,291,1
479,292,1
478,293,1
477,294,1
476,295,1
476,296,1
475,297,1
474,297,1
474,298,1
473,299,1
472,300,1
472,301,1
471,302,1
471,303,1
470,303,1
470,304,1
469,305,1
469,306,1
468,307,1
468,308,1
467,309,1
467,310,1
467,311,1
467,312,1
466,313,1
466,314,1
466,315,1
466,316,1
466,317,1
465,318,1
465,319,1
465,320,1
465,321,1
465,322,1
465,323,1
466,324,1
466,325,1
466,326,1
466,327,1
467,328,1
468,329,1
468,330,1
469,331,1
469,332,1
470,332,1
470,333,1
471,333,1
472,334,1
473,334,1
474,334,1
475,334,1
476,333,1
456,258,0
447,182,1
446,182,1
445,183,1
444,183,1
443,183,1
442,183,1
441,183,1
440,184,1
439,184,1
438,184,1
437,184,1
436,184,1
435,184,1
434,184,1
433,184,1
432,184,1
431,185,1
430,185,1
429,185,1
428,185,1
427,185,1
426,185,1
425,185,1
424,185,1
423,185,1
422,185,1
421,185,1
420,185,1
419,185,1
418,185,1
417,185,1
416,185,1
415,185,1
414,184,1
413,184,1
412,184,1
411,184,1
410,184,1
410,183,1
409,183,1
408,183,1
407,183,1
406,182,1
405,182,1
404,181,1
403,180,1
402,180,1
402,179,1
401,179,1
400,178,1
400,177,1
399,176,1
399,175,1
398,174,1
398,173,1
398,172,1
398,171,1
398,170,1
398,169,1
399,168,1
399,167,1
399,166,1
400,166,1
400,165,1
401,165,1
402,164,1
402,163,1
403,163,1
404,162,1
405,162,1
406,161,1
407,161,1
408,161,1
409,160,1
410,160,1
411,160,1
412,160,1
413,160,1
414,160,1
415,160,1
416,160,1
417,160,1
418,160,1
419,160,1
420,160,1
421,160,1
422,160,1
423,160,1
424,160,1
425,160,1
426,160,1
427,160,1
428,161,1
429,161,1
430,161,1
431,161,1
432,161,1
433,161,1
434,162,1
435,162,1
436,162,1
437,162,1
438,162,1
439,163,1
440,163,1
441,163,1
442,163,1
443,164,1
444,164,1
445,164,1
446,165,1
447,165,1
448,165,1
449,165,1
450,166,1
451,166,1
452,166,1
453,167,1
454,167,1
455,167,1
456,168,1
457,168,1
458,168,1
459,169,1
460,169,1
461,170,1
462,170,1
463,170,1
464,171,1
465,171,1
466,172,1
467,172,1
468,172,1
469,173,1
470,173,1
471,174,1
472,174,1
472,175,1
473,175,1
474,176,1
475,176,1
476,177,1
477,177,1
478,178,1
479,178,1
480,179,1
481,179,1
482,179,1
483,180,1
484,180,1
485,181,1
486,181,1
486,182,1
487,182,1
488,183,1
489,183,1
490,184,1
491,184,1
492,185,1
493,185,1
494,186,1
495,186,1
496,187,1
497,187,1
498,188,1
499,188,1
500,189,1
501,189,1
502,190,1
503,190,1
504,191,1
505,191,1
505,192,1
506,193,1
507,193,1
508,194,1
509,194,1
510,195,1
511,195,1
512,196,1
513,196,1
514,197,1
515,198,1
516,198,1
517,199,1
518,199,1
519,200,1
520,200,1
521,201,1
522,201,1
522,202,1
523,202,1
524,203,1
525,203,1
526,204,1
527,204,1
528,205,1
529,205,1
530,206,1
531,207,1
532,207,1
533,208,1
534,209,1
535,209,1
536,210,1
537,210,1
538,211,1
539,211,1
540,212,1
541,212,1
542,213,1
543,213,1
544,214,1
545,215,1
546,215,1
547,216,1
548,216,1
549,217,1
550,217,1
551,218,1
552,218,1
553,219,1
554,219,1
555,220,1
556,220,1
557,221,1
558,221,1
559,222,1
560,222,1
561,223,1
562,223,1
563,224,1
564,224,1
606,230,0
657,239,1
656,239,1
655,239,1
654,239,1
653,238,1
652,238,1
651,238,1
650,237,1
649,237,1
648,236,1
647,236,1
647,235,1
646,234,1
645,234,1
644,233,1
643,232,1
643,231,1
642,231,1
642,230,1
642,229,1
641,228,1
641,227,1
641,226,1
641,225,1
642,224,1
642,223,1
643,223,1
643,222,1
644,222,1
645,221,1
646,221,1
647,220,1
648,220,1
649,220,1
650,220,1
651,220,1
652,220,1
653,220,1
654,220,1
655,220,1
656,220,1
657,220,1
658,220,1
659,221,1
660,221,1
661,222,1
662,222,1
663,222,1
663,223,1
664,223,1
665,224,1
666,224,1
667,225,1
667,226,1
668,226,1
669,227,1
670,228,1
671,229,1
672,230,1
672,231,1
673,232,1
674,232,1
674,233,1
675,234,1
675,235,1
676,236,1
676,237,1
677,238,1
677,239,1
677,240,1
678,241,1
678,242,1
678,243,1
678,244,1
678,245,1
678,246,1
678,247,1
678,248,1
678,249,1
678,250,1
678,251,1
678,252,1
678,253,1
678,254,1
677,255,1
677,256,1
677,257,1
676,258,1
676,259,1
676,260,1
675,261,1
674,262,1
674,263,1
673,264,1
673,265,1
672,266,1
671,267,1
671,268,1
670,268,1
670,269,1
669,270,1
668,271,1
667,272,1
666,273,1
665,274,1
664,275,1
663,276,1
662,277,1
661,277,1
660,278,1
659,278,1
659,279,1
658,280,1
657,280,1
656,281,1
655,281,1
654,282,1
653,282,1
652,283,1
651,283,1
650,284,1
649,284,1
648,284,1
647,285,1
646,285,1
645,285,1
644,286,1
643,286,1
642,286,1
641,286,1
640,287,1
639,287,1
638,287,1
637,287,1
636,287,1
635,287,1
634,287,1
633,287,1
632,287,1
631,287,1
630,287,1
629,287,1
628,286,1
627,286,1
627,285,1
627,284,1
627,283,1
628,283,1
629,282,1
630,282,1
631,281,1
632,281,1
633,281,1
634,281,1
635,281,1
636,281,1
637,280,1
638,280,1
639,280,1
640,280,1
641,280,1
642,280,1
643,280,1
644,280,1
645,280,1
646,280,1
647,280,1
648,280,1
649,280,1
650,280,1
651,281,1
652,281,1
653,281,1
654,281,1
655,281,1
656,281,1
657,281,1
658,281,1
659,281,1
660,281,1
661,281,1
662,281,1
663,282,1
664,282,1
665,282,1
666,282,1
667,282,1
668,282,1
669,282,1
670,282,1
671,282,1
672,282,1
673,283,1
674,283,1
675,283,1
676,283,1
677,283,1
678,283,1
679,283,1
680,284,1
681,284,1
682,284,1
683,284,1
684,284,1
685,284,1
686,285,1
687,285,1
688,285,1
689,285,1
690,285,1
691,286,1
692,286,1
693,286,1
694,286,1
695,286,1
696,287,1
697,287,1
698,287,1
699,287,1
700,287,1
701,287,1
702,288,1
703,288,1
704,288,1
705,288,1
706,288,1
707,289,1
708,289,1
709,289,1
710,289,1
711,289,1
712,290,1
713,290,1
714,290,1
715,290,1
716,291,1
717,291,1
718,291,1
719,291,1
720,291,1
721,292,1
722,292,1
723,292,1
724,292,1
725,293,1
726,293,1
727,293,1
728,293,1
729,293,1
730,294,1
731,294,1
732,294,1
733,294,1
734,294,1
735,294,1
736,294,1
737,294,1
738,294,1
761,267,0
787,234,1
787,235,1
788,236,1
788,237,1
788,238,1
788,239,1
789,240,1
789,241,1
789,242,1
789,243,1
789,244,1
790,245,1
790,246,1
790,247,1
790,248,1
791,249,1
791,250,1
791,251,1
791,252,1
791,253,1
791,254,1
792,255,1
792,256,1
792,257,1
792,258,1
793,259,1
793,260,1
793,261,1
793,262,1
793,263,1
793,264,1
793,265,1
793,266,1
793,267,1
793,268,1
794,269,1
794,270,1
794,271,1
794,272,1
794,273,1
794,274,1
794,275,1
793,276,1
793,277,1
793,278,1
793,279,1
474,262,0
148,250,1
149,250,1
150,250,1
151,250,1
152,249,1
153,249,1
154,249,1
155,249,1
156,249,1
157,249,1
158,249,1
159,249,1
160,249,1
161,248,1
162,248,1
163,248,1
164,248,1
165,248,1
166,248,1
167,248,1
168,248,1
169,248,1
170,247,1
171,247,1
172,247,1
173,247,1
174,247,1
175,247,1
176,247,1
177,247,1
178,247,1
179,246,1
180,246,1
181,246,1
182,246,1
183,246,1
184,246,1
185,246,1
186,246,1
187,246,1
188,245,1
189,245,1
190,245,1
191,245,1
192,245,1
193,245,1
194,245,1
195,245,1
196,244,1
197,244,1
198,244,1
199,244,1
200,244,1
201,244,1
202,244,1
203,243,1
204,243,1
205,243,1
206,243,1
207,243,1
208,242,1
209,242,1
210,242,1
211,242,1
212,242,1
213,241,1
214,241,1
215,241,1
216,241,1
217,241,1
218,241,1
219,240,1
220,240,1
221,240,1
222,240,1
223,240,1
224,239,1
225,239,1
226,239,1
227,239,1
228,239,1
229,239,1
230,239,1
231,238,1
232,238,1
233,238,1
234,238,1
235,238,1
236,238,1
237,238,1
238,237,1
239,237,1
240,237,1
241,237,1
242,237,1
243,237,1
244,237,1
245,236,1
246,236,1
247,236,1
248,236,1
249,236,1
250,236,1
251,236,1
252,236,1
253,235,1
254,235,1
255,235,1
256,235,1
257,235,1
258,235,1
259,235,1
260,234,1
261,234,1
262,234,1
263,234,1
264,234,1
265,234,1
266,234,1
267,234,1
268,233,1
269,233,1
270,233,1
271,233,1
272,233,1
273,233,1
274,233,1
275,233,1
276,232,1
277,232,1
278,232,1
279,232,1
280,232,1
281,232,1
282,232,1
283,232,1
284,232,1
285,232,1
286,231,1
287,231,1
288,231,1
289,231,1
290,231,1
291,231,1
292,231,1
293,231,1
294,231,1
295,231,1
296,230,1
297,230,1
298,230,1
299,230,1
300,230,1
301,230,1
302,230,1
303,230,1
304,230,1
305,230,1
306,230,1
307,229,1
308,229,1
309,229,1
310,229,1
311,229,1
312,229,1
313,229,1
314,229,1
315,229,1
316,229,1
317,229,1
318,228,1
319,228,1
320,228,1
321,228,1
322,228,1
323,228,1
324,228,1
325,228,1
326,228,1
327,228,1
328,228,1
329,228,1
330,228,1
331,228,1
332,228,1
333,227,1
334,227,1
335,227,1
336,227,1
337,227,1
338,227,1
339,227,1
340,227,1
341,227,1
342,227,1
343,227,1
344,227,1
345,227,1
346,227,1
347,226,1
348,226,1
349,226,1
350,226,1
351,226,1
352,226,1
353,226,1
354,226,1
355,226,1
356,226,1
357,225,1
358,225,1
359,225,1
360,225,1
361,225,1
362,225,1
363,225,1
364,224,1
365,224,1
366,224,1
367,224,1
368,224,1
369,224,1
370,224,1
371,224,1
372,223,1
373,223,1
374,223,1
375,223,1
376,223,1
377,223,1
378,223,1
379,223,1
380,223,1
381,223,1
382,223,1
383,222,1
384,222,1
385,222,1
386,222,1
387,222,1
388,222,1
389,222,1
390,222,1
391,222,1
392,222,1
393,221,1
394,221,1
395,221,1
396,221,1
397,221,1
398,221,1
399,221,1
400,221,1
401,221,1
402,220,1
403,220,1
404,220,1
405,220,1
406,220,1
407,220,1
408,220,1
409,220,1
410,220,1
411,219,1
412,219,1
413,219,1
414,219,1
415,219,1
416,219,1
417,219,1
418,219,1
419,219,1
420,218,1
421,218,1
422,218,1
423,218,1
424,218,1
425,218,1
426,218,1
427,218,1
428,217,1
429,217,1
430,217,1
431,217,1
432,217,1
433,217,1
434,217,1
435,217,1
436,216,1
437,216,1
438,216,1
439,216,1
440,216,1
441,216,1
442,216,1
443,216,1
444,215,1
445,215,1
446,215,1
447,215,1
448,215,1
449,215,1
450,215,1
451,214,1
452,214,1
453,214,1
454,214,1
455,214,1
456,214,1
457,214,1
458,213,1
459,213,1
460,213,1
461,213,1
462,213,1
463,213,1
464,213,1
465,212,1
466,212,1
467,212,1
468,212,1
469,212,1
470,212,1
471,212,1
472,212,1
473,212,1
474,211,1
475,211,1
476,211,1
477,211,1
478,211,1
479,211,1
480,211,1
481,211,1
482,211,1
483,210,1
484,210,1
485,210,1
486,210,1
487,210,1
488,210,1
489,210,1
490,210,1
491,210,1
492,210,1
493,209,1
494,209,1
495,209,1
496,209,1
497,209,1
498,209,1
499,209,1
500,208,1
501,208,1
502,208,1
503,208,1
504,208,1
505,208,1
506,207,1
507,207,1
508,207,1
509,207,1
510,207,1
511,207,1
512,207,1
513,206,1
514,206,1
515,206,1
516,206,1
517,206,1
518,206,1
519,206,1
520,206,1
521,206,1
522,206,1
523,206,1
524,205,1
525,205,1
526,205,1
527,205,1
528,205,1
529,205,1
530,205,1
531,205,1
532,205,1
533,205,1
534,204,1
535,204,1
536,204,1
537,204,1
538,204,1
539,204,1
540,204,1
541,204,1
542,204,1
543,204,1
544,203,1
545,203,1
546,203,1
547,203,1
548,203,1
549,203,1
550,203,1
551,203,1
552,203,1
553,203,1
554,202,1
555,202,1
556,202,1
557,202,1
558,202,1
559,202,1
560,202,1
561,202,1
562,202,1
563,202,1
564,202,1
565,201,1
566,201,1
567,201,1
568,201,1
569,201,1
570,201,1
571,201,1
572,201,1
573,201,1
574,201,1
575,201,1
576,200,1
577,200,1
578,200,1
579,200,1
580,200,1
581,200,1
582,200,1
583,200,1
584,200,1
585,200,1
586,199,1
587,199,1
588,199,1
589,199,1
590,199,1
591,199,1
592,199,1
593,199,1
594,199,1
595,199,1
596,199,1
597,198,1
598,198,1
599,198,1
600,198,1
601,198,1
602,198,1
603,198,1
604,198,1
605,198,1
606,198,1
607,197,1
608,197,1
609,197,1
610,197,1
611,197,1
612,197,1
613,197,1
614,197,1
615,197,1
616,197,1
617,196,1
618,196,1
619,196,1
620,196,1
621,196,1
622,196,1
623,196,1
624,196,1
625,196,1
626,195,1
627,195,1
628,195,1
629,195,1
630,195,1
631,195,1
632,195,1
633,195,1
634,195,1
635,194,1
636,194,1
637,194,1
638,194,1
639,194,1
640,194,1
641,194,1
642,194,1
643,194,1
644,193,1
645,193,1
646,193,1
647,193,1
648,193,1
649,193,1
650,193,1
651,192,1
652,192,1
653,192,1
654,192,1
655,192,1
656,192,1
657,191,1
658,191,1
659,191,1
660,191,1
661,191,1
662,191,1
663,191,1
664,191,1
665,190,1
666,190,1
667,190,1
668,190,1
669,190,1
670,190,1
671,190,1
672,190,1
673,190,1
674,190,1
675,190,1
676,190,1
677,189,1
678,189,1
679,189,1
680,189,1
681,189,1
682,189,1
683,189,1
684,189,1
685,189,1
686,189,1
687,189,1
688,189,1
689,188,1
690,188,1
691,188,1
692,188,1
693,188,1
694,188,1
695,188,1
696,188,1
697,188,1
698,188,1
699,188,1
700,188,1
701,188,1
702,188,1
703,187,1
704,187,1
705,187,1
706,187,1
707,187,1
708,187,1
709,187,1
710,187,1
711,187,1
712,187,1
713,187,1
714,187,1
715,187,1
716,186,1
717,186,1
718,186,1
719,186,1
720,186,1
721,186,1
722,186,1
723,186,1
724,186,1
725,186,1
726,186,1
727,186,1
728,186,1
729,186,1
730,186,1
731,186,1
732,186,1
733,186,1
734,185,1
735,185,1
736,185,1
737,185,1
738,185,1
739,185,1
740,185,1
741,185,1
742,185,1
743,185,1
744,185,1
745,185,1
746,185,1
747,185,1
748,185,1
749,185,1
750,185,1
751,185,1
752,185,1
753,185,1
754,185,1
755,185,1
756,185,1
757,185,1
758,185,1
759,185,1
760,185,1
761,185,1
762,185,1
763,185,1
764,185,1
765,185,1
766,185,1
767,185,1
768,185,1
769,185,1
770,185,1
771,185,1
772,185,1
773,185,1
774,185,1
775,185,1
776,185,1
777,185,1
778,185,1
779,185,1
780,185,1
781,185,1
782,185,1
783,185,1
784,185,1
785,185,1
786,185,1
787,185,1
788,185,1
789,185,1
790,185,1
791,185,1
792,185,1
793,185,1
794,185,1
795,185,1
796,185,1
797,185,1
798,185,1
799,185,1
800,185,1
801,185,1
802,185,1
803,185,1
804,185,1
805,185,1
806,185,1
807,185,1
808,185,1
809,185,1
810,185,1
811,185,1
812,185,1
813,185,1
814,185,1
815,185,1
816,185,1
817,185,1
818,185,1
819,185,1
820,185,1
821,185,1
822,185,1
823,185,1
824,185,1
825,185,1
826,185,1
827,185,1
828,185,1
829,185,1
830,185,1
831,185,1
832,185,1
833,185,1
834,185,1
835,185,1
836,185,1
837,185,1
838,185,1
839,185,1
840,185,1
841,185,1
842,185,1
843,185,1
844,185,1
845,185,1
846,185,1
847,185,1
848,185,1
849,185,1
850,185,1
851,185,1
852,185,1
853,185,1
854,185,1
855,185,1
856,185,1
857,185,1
858,185,1
859,185,1
860,185,1
861,185,1
862,185,1
863,185,1
864,185,1
864,185,0
