658,432,1
658,433,1
658,434,1
658,435,1
658,436,1
658,437,1
658,438,1
658,439,1
658,440,1
658,441,1
658,442,1
657,443,1
657,444,1
657,445,1
657,446,1
656,447,1
656,448,1
655,449,1
655,450,1
655,451,1
655,452,1
654,453,1
654,454,1
653,455,1
653,456,1
653,457,1
652,458,1
652,459,1
651,460,1
650,461,1
650,462,1
649,463,1
649,464,1
648,465,1
647,466,1
647,467,1
646,468,1
646,469,1
645,469,1
645,470,1
644,471,1
644,472,1
643,473,1
642,473,1
642,474,1
641,475,1
641,476,1
640,476,1
639,477,1
639,478,1
638,479,1
637,480,1
636,481,1
635,482,1
634,483,1
633,484,1
633,485,1
632,485,1
631,486,1
631,487,1
630,488,1
629,489,1
628,490,1
628,491,1
627,491,1
627,492,1
626,493,1
626,494,1
625,494,1
625,495,1
624,496,1
624,497,1
624,498,1
623,498,1
623,499,1
623,500,1
623,501,1
622,502,1
622,503,1
622,504,1
622,505,1
622,506,1
622,507,1
622,508,1
622,509,1
623,510,1
623,511,1
623,512,1
624,513,1
624,514,1
624,515,1
625,516,1
625,517,1
625,518,1
626,518,1
626,519,1
626,520,1
627,521,1
627,522,1
628,523,1
628,524,1
629,524,1
629,525,1
629,526,1
630,527,1
630,528,1
631,529,1
631,530,1
631,531,1
632,531,1
632,532,1
633,533,1
633,534,1
634,535,1
634,536,1
634,537,1
635,538,1
635,539,1
635,540,1
636,541,1
636,542,1
637,543,1
637,544,1
637,545,1
638,546,1
638,547,1
638,548,1
639,549,1
639,550,1
640,551,1
640,552,1
640,553,1
641,554,1
641,555,1
641,556,1
642,557,1
642,558,1
642,559,1
643,560,1
643,561,1
644,561,1
644,562,1
644,563,1
645,564,1
645,565,1
646,566,1
646,567,1
647,568,1
647,569,1
648,569,1
648,570,1
649,570,1
649,571,1
650,572,1
650,573,1
651,573,1
651,574,1
652,574,1
652,575,1
653,576,1
654,575,1
655,575,1
655,574,1
655,573,1
656,572,1
657,571,1
673,532,0
694,480,1
694,481,1
694,482,1
694,483,1
694,484,1
694,485,1
694,486,1
694,487,1
694,488,1
694,489,1
694,490,1
694,491,1
694,492,1
694,493,1
694,494,1
694,495,1
694,496,1
694,497,1
694,498,1
694,499,1
694,500,1
694,501,1
694,502,1
695,503,1
695,504,1
695,505,1
695,506,1
695,507,1
695,508,1
695,509,1
695,510,1
695,511,1
695,512,1
695,513,1
695,514,1
695,515,1
695,516,1
695,517,1
695,518,1
695,519,1
695,520,1
695,521,1
695,522,1
695,523,1
695,524,1
695,525,1
695,526,1
695,527,1
695,528,1
695,529,1
695,530,1
695,531,1
695,532,1
695,533,1
695,534,1
695,535,1
695,536,1
695,537,1
695,538,1
695,539,1
695,540,1
695,539,1
695,538,1
694,537,1
694,536,1
694,535,1
694,534,1
667,461,0
638,389,1
638,388,1
638,387,1
638,386,1
638,385,1
638,384,1
638,383,1
638,382,1
638,381,1
639,380,1
639,379,1
640,378,1
640,377,1
641,377,1
642,376,1
642,375,1
643,375,1
644,374,1
645,373,1
645,372,1
646,372,1
647,371,1
648,370,1
649,370,1
650,369,1
651,369,1
652,369,1
653,368,1
654,368,1
655,368,1
656,368,1
657,368,1
658,368,1
659,368,1
660,368,1
661,368,1
662,368,1
663,369,1
664,369,1
665,369,1
665,370,1
666,370,1
667,370,1
667,371,1
668,371,1
669,372,1
670,373,1
671,373,1
671,374,1
672,374,1
672,375,1
673,376,1
674,377,1
675,378,1
676,379,1
676,380,1
677,381,1
677,382,1
678,383,1
678,384,1
679,385,1
679,386,1
680,387,1
680,388,1
680,389,1
681,390,1
681,391,1
681,392,1
682,393,1
682,394,1
682,395,1
683,396,1
683,397,1
683,398,1
683,399,1
684,400,1
684,401,1
684,402,1
684,403,1
684,404,1
685,405,1
685,406,1
685,407,1
685,408,1
685,409,1
685,410,1
686,411,1
686,412,1
686,413,1
686,414,1
686,415,1
686,416,1
686,417,1
686,418,1
687,419,1
687,420,1
687,421,1
687,422,1
687,423,1
687,424,1
687,425,1
687,426,1
687,427,1
687,428,1
687,429,1
687,430,1
688,431,1
688,432,1
688,433,1
688,434,1
688,435,1
688,436,1
688,437,1
688,438,1
688,439,1
688,440,1
688,441,1
688,442,1
688,443,1
688,444,1
688,445,1
688,446,1
688,447,1
688,448,1
689,449,1
689,450,1
689,451,1
689,452,1
689,453,1
690,454,1
691,455,1
725,469,0
768,485,1
767,485,1
766,486,1
766,487,1
765,488,1
764,488,1
763,489,1
762,490,1
761,490,1
760,491,1
760,492,1
760,493,1
760,494,1
760,495,1
760,496,1
759,496,1
759,497,1
759,498,1
759,499,1
759,500,1
759,501,1
759,502,1
760,503,1
760,504,1
760,505,1
761,506,1
761,507,1
761,508,1
762,509,1
762,510,1
763,510,1
763,511,1
763,512,1
764,513,1
764,514,1
764,515,1
765,516,1
765,517,1
765,518,1
766,518,1
766,519,1
767,520,1
767,521,1
767,522,1
768,523,1
768,524,1
769,524,1
769,525,1
769,526,1
770,527,1
770,528,1
771,529,1
771,530,1
772,531,1
772,532,1
772,533,1
773,534,1
773,535,1
774,535,1
774,536,1
774,537,1
775,538,1
775,539,1
776,539,1
776,540,1
776,541,1
777,541,1
777,542,1
778,543,1
779,544,1
780,545,1
781,546,1
782,547,1
782,548,1
783,549,1
784,549,1
784,550,1
785,550,1
786,550,1
787,550,1
788,550,1
788,549,1
789,549,1
789,548,1
790,547,1
806,523,0
828,488,1
828,489,1
828,490,1
828,491,1
828,492,1
828,493,1
828,494,1
828,495,1
828,496,1
828,497,1
828,498,1
828,499,1
828,500,1
828,501,1
828,502,1
828,503,1
827,504,1
827,505,1
827,506,1
827,507,1
827,508,1
827,509,1
827,510,1
827,511,1
827,512,1
827,513,1
827,514,1
827,515,1
827,516,1
826,517,1
826,518,1
826,519,1
826,520,1
826,521,1
826,522,1
826,523,1
826,524,1
826,525,1
826,526,1
826,527,1
825,528,1
825,529,1
825,530,1
825,531,1
888,475,0
942,432,1
943,432,1
944,432,1
945,431,1
946,430,1
947,430,1
948,429,1
949,429,1
949,428,1
950,427,1
951,427,1
952,426,1
953,426,1
954,425,1
955,424,1
956,424,1
957,423,1
957,422,1
958,422,1
957,439,0
963,443,1
963,444,1
963,445,1
963,446,1
963,447,1
963,448,1
963,449,1
963,450,1
963,451,1
963,452,1
963,453,1
963,454,1
963,455,1
963,456,1
963,457,1
963,458,1
963,459,1
963,460,1
963,461,1
963,462,1
963,463,1
963,464,1
962,465,1
962,466,1
962,467,1
962,468,1
962,469,1
962,470,1
962,471,1
962,472,1
962,473,1
962,474,1
962,475,1
962,476,1
961,477,1
961,478,1
961,479,1
961,480,1
961,481,1
961,482,1
961,483,1
961,484,1
961,485,1
961,486,1
960,487,1
960,488,1
960,489,1
960,490,1
960,491,1
960,492,1
960,493,1
960,494,1
960,495,1
960,496,1
959,496,1
959,497,1
958,497,1
835,455,0
702,420,1
703,420,1
704,420,1
705,420,1
706,419,1
707,419,1
708,419,1
709,419,1
710,419,1
711,418,1
712,418,1
713,418,1
714,418,1
715,418,1
716,418,1
717,417,1
718,417,1
719,417,1
720,417,1
721,417,1
722,417,1
723,417,1
724,416,1
725,416,1
726,416,1
727,416,1
728,416,1
729,416,1
730,416,1
731,416,1
732,415,1
733,415,1
734,415,1
735,415,1
736,415,1
737,415,1
738,415,1
739,414,1
740,414,1
741,414,1
742,414,1
743,414,1
744,414,1
745,414,1
746,413,1
747,413,1
748,413,1
749,413,1
750,413,1
751,413,1
752,413,1
753,413,1
754,413,1
755,412,1
756,412,1
757,412,1
758,412,1
759,412,1
760,412,1
761,412,1
762,411,1
763,411,1
764,411,1
765,411,1
766,411,1
767,411,1
768,411,1
769,410,1
770,410,1
771,410,1
772,410,1
773,410,1
774,410,1
775,410,1
776,410,1
777,410,1
778,409,1
779,409,1
780,409,1
781,409,1
782,409,1
783,409,1
784,409,1
785,408,1
786,408,1
787,408,1
788,408,1
789,408,1
790,408,1
791,407,1
792,407,1
793,407,1
794,407,1
795,407,1
796,407,1
797,407,1
798,407,1
799,406,1
800,406,1
801,406,1
802,406,1
803,406,1
804,406,1
805,406,1
806,405,1
807,405,1
808,405,1
809,405,1
810,405,1
811,405,1
812,404,1
813,404,1
814,404,1
815,404,1
816,404,1
817,404,1
818,404,1
819,404,1
820,404,1
821,403,1
822,403,1
823,403,1
824,403,1
825,403,1
826,403,1
827,403,1
828,402,1
829,402,1
830,402,1
831,402,1
832,402,1
833,402,1
834,401,1
835,401,1
836,401,1
837,401,1
838,401,1
839,400,1
840,400,1
841,400,1
842,400,1
843,400,1
844,400,1
845,400,1
846,399,1
847,399,1
848,399,1
849,399,1
850,399,1
851,399,1
852,398,1
853,398,1
854,398,1
855,398,1
856,398,1
857,398,1
858,397,1
859,397,1
860,397,1
861,397,1
862,397,1
863,397,1
864,396,1
865,396,1
866,396,1
867,396,1
868,396,1
869,396,1
870,396,1
871,395,1
872,395,1
873,395,1
874,395,1
875,395,1
876,395,1
877,394,1
878,394,1
879,394,1
880,394,1
881,394,1
882,394,1
883,393,1
884,393,1
885,393,1
886,393,1
887,393,1
888,393,1
889,392,1
890,392,1
891,392,1
892,392,1
893,392,1
894,392,1
895,391,1
896,391,1
897,391,1
898,391,1
899,391,1
900,391,1
901,390,1
902,390,1
903,390,1
904,390,1
905,389,1
906,389,1
907,389,1
908,389,1
909,389,1
910,389,1
911,388,1
912,388,1
913,388,1
914,388,1
915,388,1
916,388,1
917,387,1
918,387,1
919,387,1
920,387,1
921,387,1
922,386,1
923,386,1
924,386,1
925,386,1
926,386,1
927,386,1
928,385,1
929,385,1
930,385,1
931,385,1
932,385,1
933,384,1
934,384,1
935,384,1
936,384,1
937,383,1
938,383,1
939,383,1
940,383,1
941,383,1
942,382,1
943,382,1
944,382,1
945,382,1
946,382,1
947,381,1
948,381,1
949,381,1
950,381,1
951,381,1
952,380,1
953,380,1
954,380,1
955,380,1
956,380,1
957,379,1
958,379,1
959,379,1
960,379,1
961,378,1
962,378,1
963,378,1
964,378,1
965,378,1
966,377,1
967,377,1
968,377,1
969,377,1
970,377,1
971,376,1
972,376,1
973,376,1
974,376,1
975,375,1
976,375,1
977,375,1
978,375,1
979,375,1
980,375,1
981,374,1
982,374,1
983,374,1
984,374,1
985,373,1
986,373,1
987,373,1
988,373,1
989,372,1
990,372,1
991,372,1
992,372,1
993,372,1
994,371,1
995,371,1
996,371,1
997,371,1
998,370,1
999,370,1
1000,370,1
1001,370,1
1002,369,1
1003,369,1
1004,369,1
1005,369,1
1006,368,1
1007,368,1
1008,368,1
1009,367,1
1010,367,1
1011,367,1
1012,367,1
1013,366,1
1014,366,1
1015,366,1
1016,366,1
1017,365,1
1018,365,1
1019,365,1
1020,365,1
1021,364,1
1022,364,1
1023,364,1
1024,364,1
1025,363,1
1026,363,1
1027,363,1
1028,362,1
1029,362,1
1030,362,1
1031,361,1
1032,361,1
1033,361,1
1034,361,1
1035,360,1
1036,360,1
1037,360,1
1038,359,1
1039,359,1
1040,359,1
1041,359,1
1042,358,1
1043,358,1
1044,358,1
1045,357,1
1046,357,1
1047,357,1
1048,357,1
1049,356,1
1050,356,1
1051,356,1
1052,355,1
1053,355,1
1054,355,1
1055,354,1
1056,354,1
1057,354,1
1058,354,1
1059,353,1
1060,353,1
1061,353,1
1062,353,1
1063,352,1
1064,352,1
1065,352,1
1066,351,1
1067,351,1
1068,351,1
1069,351,1
1070,350,1
1071,350,1
1072,350,1
1073,349,1
1074,349,1
1075,349,1
1076,349,1
1077,349,1
1078,348,1
1078,349,1
1078,349,0
