647,425,1
648,425,1
649,426,1
650,426,1
650,427,1
651,428,1
652,429,1
653,430,1
654,431,1
654,432,1
654,433,1
655,434,1
655,435,1
655,436,1
655,437,1
655,438,1
656,439,1
656,440,1
656,441,1
656,442,1
656,443,1
656,444,1
656,445,1
657,446,1
657,447,1
657,448,1
657,449,1
657,450,1
657,451,1
657,452,1
657,453,1
657,454,1
657,455,1
657,456,1
657,457,1
657,458,1
657,459,1
657,460,1
657,461,1
656,462,1
656,463,1
656,464,1
656,465,1
656,466,1
656,467,1
655,468,1
655,469,1
655,470,1
655,471,1
654,472,1
654,473,1
654,474,1
653,475,1
653,476,1
653,477,1
652,478,1
652,479,1
652,480,1
651,481,1
651,482,1
650,483,1
650,484,1
650,485,1
649,486,1
649,487,1
648,488,1
648,489,1
647,490,1
647,491,1
646,491,1
646,492,1
645,493,1
645,494,1
644,495,1
643,496,1
643,497,1
642,498,1
641,499,1
640,500,1
639,501,1
639,502,1
638,503,1
637,504,1
636,505,1
635,506,1
635,507,1
634,507,1
633,508,1
633,509,1
632,510,1
631,510,1
630,511,1
630,512,1
629,512,1
628,513,1
628,514,1
627,515,1
626,515,1
626,516,1
625,517,1
625,518,1
624,518,1
623,519,1
623,520,1
622,521,1
622,522,1
621,522,1
621,523,1
621,524,1
620,525,1
620,526,1
620,527,1
619,528,1
619,529,1
619,530,1
619,531,1
620,531,1
620,532,1
620,533,1
620,534,1
620,535,1
621,536,1
621,537,1
622,538,1
622,539,1
623,540,1
624,541,1
624,542,1
625,543,1
626,544,1
626,545,1
627,545,1
627,546,1
628,547,1
629,548,1
630,549,1
630,550,1
631,551,1
632,552,1
633,553,1
633,554,1
634,555,1
634,556,1
635,556,1
635,557,1
636,558,1
637,559,1
637,560,1
638,561,1
639,562,1
639,563,1
640,564,1
640,565,1
641,566,1
641,567,1
642,568,1
642,569,1
643,570,1
643,571,1
644,572,1
644,573,1
645,574,1
645,575,1
646,576,1
647,577,1
647,578,1
648,579,1
648,580,1
649,581,1
649,582,1
649,583,1
650,584,1
650,585,1
651,586,1
651,587,1
652,588,1
652,589,1
652,590,1
653,591,1
653,592,1
654,593,1
654,594,1
655,595,1
655,596,1
656,597,1
656,598,1
656,599,1
657,599,1
657,600,1
658,601,1
658,602,1
659,602,1
659,603,1
660,603,1
660,604,1
660,605,1
661,606,1
661,607,1
662,608,1
663,609,1
663,610,1
664,611,1
664,612,1
665,612,1
666,612,1
667,612,1
668,611,1
668,610,1
669,610,1
669,609,1
670,609,1
696,557,0
726,492,1
726,493,1
726,494,1
726,495,1
726,496,1
726,497,1
727,498,1
727,499,1
727,500,1
727,501,1
727,502,1
727,503,1
727,504,1
727,505,1
727,506,1
728,507,1
728,508,1
728,509,1
728,510,1
728,511,1
728,512,1
728,513,1
728,514,1
728,515,1
729,516,1
729,517,1
729,518,1
729,519,1
729,520,1
729,521,1
729,522,1
729,523,1
729,524,1
730,525,1
730,526,1
730,527,1
730,528,1
730,529,1
730,530,1
730,531,1
730,532,1
730,533,1
730,534,1
731,535,1
731,536,1
731,537,1
731,538,1
731,539,1
731,540,1
731,541,1
731,542,1
731,543,1
731,544,1
731,545,1
732,546,1
732,547,1
732,548,1
732,549,1
732,550,1
732,551,1
732,552,1
732,553,1
732,554,1
732,555,1
732,556,1
732,557,1
732,558,1
732,559,1
732,560,1
732,561,1
732,562,1
732,563,1
732,564,1
732,565,1
732,566,1
732,567,1
732,568,1
732,569,1
731,568,1
731,567,1
731,566,1
730,565,1
730,564,1
688,470,0
649,383,1
648,382,1
647,381,1
646,380,1
646,379,1
646,378,1
645,377,1
645,376,1
645,375,1
644,374,1
644,373,1
644,372,1
644,371,1
644,370,1
644,369,1
645,368,1
645,367,1
645,366,1
646,365,1
646,364,1
647,363,1
647,362,1
647,361,1
648,360,1
648,359,1
649,358,1
650,357,1
651,356,1
652,355,1
653,354,1
654,353,1
655,353,1
656,352,1
657,352,1
658,352,1
659,352,1
660,352,1
661,351,1
662,351,1
663,351,1
664,351,1
665,351,1
666,351,1
666,352,1
667,352,1
668,352,1
669,352,1
670,352,1
671,352,1
672,353,1
673,353,1
674,353,1
675,354,1
676,354,1
677,355,1
678,355,1
678,356,1
679,356,1
680,357,1
681,357,1
681,358,1
682,358,1
683,359,1
684,360,1
685,361,1
686,362,1
687,363,1
688,364,1
689,365,1
690,366,1
690,367,1
691,368,1
691,369,1
692,369,1
692,370,1
693,371,1
693,372,1
694,372,1
694,373,1
695,374,1
695,375,1
696,376,1
697,377,1
697,378,1
697,379,1
698,380,1
698,381,1
699,382,1
699,383,1
700,384,1
700,385,1
700,386,1
701,387,1
701,388,1
701,389,1
702,389,1
702,390,1
703,391,1
703,392,1
703,393,1
704,394,1
704,395,1
704,396,1
704,397,1
705,398,1
705,399,1
705,400,1
706,401,1
706,402,1
706,403,1
707,404,1
707,405,1
707,406,1
708,407,1
708,408,1
708,409,1
708,410,1
709,411,1
709,412,1
709,413,1
709,414,1
710,415,1
710,416,1
710,417,1
710,418,1
711,419,1
711,420,1
711,421,1
711,422,1
711,423,1
712,424,1
712,425,1
712,426,1
712,427,1
712,428,1
713,429,1
713,430,1
713,431,1
713,432,1
714,433,1
714,434,1
714,435,1
714,436,1
715,437,1
715,438,1
715,439,1
715,440,1
716,441,1
755,462,0
798,487,1
797,488,1
796,489,1
795,490,1
795,491,1
796,491,1
796,492,1
797,493,1
798,494,1
798,495,1
799,495,1
799,496,1
800,497,1
801,497,1
801,498,1
802,499,1
802,500,1
802,501,1
803,502,1
804,503,1
804,504,1
805,505,1
806,506,1
806,507,1
807,508,1
808,509,1
808,510,1
809,511,1
809,512,1
810,512,1
810,513,1
811,514,1
811,515,1
812,516,1
813,517,1
813,518,1
814,519,1
814,520,1
815,521,1
815,522,1
816,523,1
816,524,1
817,525,1
817,526,1
818,527,1
818,528,1
818,529,1
819,529,1
819,530,1
819,531,1
820,532,1
820,533,1
821,534,1
821,535,1
821,536,1
822,537,1
822,538,1
823,539,1
823,540,1
824,541,1
824,542,1
825,543,1
825,544,1
825,545,1
826,546,1
826,547,1
826,548,1
826,549,1
827,550,1
827,551,1
827,552,1
827,553,1
828,554,1
828,555,1
828,556,1
829,557,1
829,558,1
830,559,1
831,559,1
858,522,0
889,483,1
889,484,1
889,485,1
889,486,1
889,487,1
889,488,1
889,489,1
889,490,1
889,491,1
889,492,1
889,493,1
888,494,1
888,495,1
888,496,1
888,497,1
888,498,1
888,499,1
888,500,1
887,501,1
887,502,1
887,503,1
887,504,1
887,505,1
887,506,1
886,507,1
886,508,1
886,509,1
886,510,1
886,511,1
886,512,1
885,513,1
885,514,1
885,515,1
885,516,1
885,517,1
884,518,1
884,519,1
884,520,1
884,521,1
884,522,1
884,523,1
883,524,1
883,525,1
883,526,1
883,527,1
883,528,1
882,529,1
882,530,1
882,531,1
882,532,1
881,533,1
881,534,1
881,535,1
881,536,1
880,537,1
965,477,0
1038,430,1
1039,430,1
1040,430,1
1041,430,1
1042,429,1
1043,429,1
1044,429,1
1045,428,1
1046,428,1
1047,428,1
1048,428,1
1049,427,1
1050,427,1
1051,427,1
1052,426,1
1053,426,1
1054,426,1
1055,426,1
1056,425,1
1057,425,1
1058,425,1
1059,425,1
1060,424,1
1061,424,1
1062,424,1
1063,423,1
1064,423,1
1063,437,0
1072,438,1
1072,439,1
1072,440,1
1072,441,1
1072,442,1
1072,443,1
1072,444,1
1072,445,1
1072,446,1
1072,447,1
1072,448,1
1072,449,1
1072,450,1
1072,451,1
1072,452,1
1072,453,1
1071,454,1
1071,455,1
1071,456,1
1071,457,1
1071,458,1
1071,459,1
1071,460,1
1071,461,1
1071,462,1
1071,463,1
1070,464,1
1070,465,1
1070,466,1
1070,467,1
1070,468,1
1070,469,1
1070,470,1
1070,471,1
1070,472,1
1070,473,1
1069,474,1
1069,475,1
1069,476,1
1069,477,1
1069,478,1
1069,479,1
1069,480,1
1068,481,1
1068,482,1
1068,483,1
1068,484,1
1068,485,1
1068,486,1
1068,487,1
1067,488,1
1067,489,1
1067,490,1
1067,491,1
1067,492,1
1066,493,1
1066,494,1
1066,495,1
1066,496,1
1066,497,1
1066,498,1
1065,499,1
1065,500,1
1065,501,1
1065,502,1
1064,502,1
1064,503,1
1064,504,1
1064,505,1
1063,506,1
1063,507,1
1063,508,1
1062,508,1
1061,508,1
1060,508,1
877,463,0
679,426,1
680,426,1
681,426,1
682,426,1
683,426,1
684,426,1
685,426,1
686,426,1
687,425,1
688,425,1
689,425,1
690,425,1
691,425,1
692,425,1
693,425,1
694,425,1
695,425,1
696,425,1
697,424,1
698,424,1
699,424,1
700,424,1
701,424,1
702,424,1
703,424,1
704,424,1
705,423,1
706,423,1
707,423,1
708,423,1
709,423,1
710,423,1
711,423,1
712,423,1
713,423,1
714,422,1
715,422,1
716,422,1
717,422,1
718,422,1
719,422,1
720,422,1
721,421,1
722,421,1
723,421,1
724,421,1
725,421,1
726,421,1
727,421,1
728,421,1
729,420,1
730,420,1
731,420,1
732,420,1
733,420,1
734,420,1
735,420,1
736,419,1
737,419,1
738,419,1
739,419,1
740,419,1
741,419,1
742,419,1
743,419,1
744,419,1
745,419,1
746,418,1
747,418,1
748,418,1
749,418,1
750,418,1
751,418,1
752,418,1
753,417,1
754,417,1
755,417,1
756,417,1
757,417,1
758,417,1
759,417,1
760,417,1
761,416,1
762,416,1
763,416,1
764,416,1
765,416,1
766,416,1
767,416,1
768,415,1
769,415,1
770,415,1
771,415,1
772,415,1
773,415,1
774,415,1
775,415,1
776,415,1
777,414,1
778,414,1
779,414,1
780,414,1
781,414,1
782,414,1
783,414,1
784,413,1
785,413,1
786,413,1
787,413,1
788,413,1
789,413,1
790,413,1
791,413,1
792,412,1
793,412,1
794,412,1
795,412,1
796,412,1
797,412,1
798,412,1
799,411,1
800,411,1
801,411,1
802,411,1
803,411,1
804,411,1
805,411,1
806,411,1
807,411,1
808,410,1
809,410,1
810,410,1
811,410,1
812,410,1
813,410,1
814,410,1
815,410,1
816,409,1
817,409,1
818,409,1
819,409,1
820,409,1
821,409,1
822,409,1
823,409,1
824,409,1
825,409,1
826,409,1
827,408,1
828,408,1
829,408,1
830,408,1
831,408,1
832,408,1
833,408,1
834,408,1
835,408,1
836,408,1
837,408,1
838,407,1
839,407,1
840,407,1
841,407,1
842,407,1
843,407,1
844,407,1
845,407,1
846,407,1
847,407,1
848,406,1
849,406,1
850,406,1
851,406,1
852,406,1
853,406,1
854,406,1
855,406,1
856,406,1
857,406,1
858,405,1
859,405,1
860,405,1
861,405,1
862,405,1
863,405,1
864,405,1
865,405,1
866,404,1
867,404,1
868,404,1
869,404,1
870,404,1
871,404,1
872,404,1
873,404,1
874,404,1
875,404,1
876,403,1
877,403,1
878,403,1
879,403,1
880,403,1
881,403,1
882,403,1
883,403,1
884,402,1
885,402,1
886,402,1
887,402,1
888,402,1
889,402,1
890,402,1
891,402,1
892,402,1
893,402,1
894,401,1
895,401,1
896,401,1
897,401,1
898,401,1
899,401,1
900,401,1
901,400,1
902,400,1
903,400,1
904,400,1
905,400,1
906,400,1
907,400,1
908,400,1
909,400,1
910,400,1
911,399,1
912,399,1
913,399,1
914,399,1
915,399,1
916,399,1
917,399,1
918,398,1
919,398,1
920,398,1
921,398,1
922,398,1
923,398,1
924,398,1
925,398,1
926,398,1
927,398,1
928,397,1
929,397,1
930,397,1
931,397,1
932,397,1
933,397,1
934,397,1
935,396,1
936,396,1
937,396,1
938,396,1
939,396,1
940,396,1
941,396,1
942,396,1
943,396,1
944,396,1
945,395,1
946,395,1
947,395,1
948,395,1
949,395,1
950,395,1
951,395,1
952,394,1
953,394,1
954,394,1
955,394,1
956,394,1
957,394,1
958,394,1
959,394,1
960,394,1
961,394,1
962,393,1
963,393,1
964,393,1
965,393,1
966,393,1
967,393,1
968,393,1
969,393,1
970,393,1
971,393,1
972,393,1
973,392,1
974,392,1
975,392,1
976,392,1
977,392,1
978,392,1
979,392,1
980,392,1
981,392,1
982,392,1
983,392,1
984,392,1
985,392,1
986,392,1
987,391,1
988,391,1
989,391,1
990,391,1
991,391,1
992,391,1
993,391,1
994,391,1
995,391,1
996,391,1
997,391,1
998,391,1
999,391,1
1000,391,1
1001,390,1
1002,390,1
1003,390,1
1004,390,1
1005,390,1
1006,390,1
1007,390,1
1008,390,1
1009,390,1
1010,390,1
1011,390,1
1012,390,1
1013,390,1
1014,390,1
1015,390,1
1016,389,1
1017,389,1
1018,389,1
1019,389,1
1020,389,1
1021,389,1
1022,389,1
1023,389,1
1024,389,1
1025,389,1
1026,389,1
1027,388,1
1028,388,1
1029,388,1
1030,388,1
1031,388,1
1032,388,1
1033,388,1
1034,388,1
1035,388,1
1036,388,1
1037,388,1
1038,388,1
1039,388,1
1040,388,1
1041,388,1
1042,388,1
1043,388,1
1044,388,1
1045,388,1
1046,387,1
1047,387,1
1048,387,1
1049,387,1
1050,387,1
1051,387,1
1052,387,1
1053,387,1
1054,387,1
1055,387,1
1056,387,1
1057,387,1
1058,387,1
1059,386,1
1060,386,1
1061,386,1
1062,386,1
1063,386,1
1064,386,1
1065,386,1
1066,386,1
1067,386,1
1068,386,1
1069,386,1
1070,386,1
1071,386,1
1072,386,1
1073,386,1
1074,386,1
1075,386,1
1076,386,1
1077,386,1
1078,386,1
1079,386,1
1080,385,1
1081,385,1
1082,385,1
1083,385,1
1084,385,1
1085,385,1
1086,385,1
1087,385,1
1088,385,1
1089,385,1
1090,385,1
1091,385,1
1092,385,1
1093,385,1
1094,385,1
1095,385,1
1096,385,1
1097,385,1
1098,385,1
1099,385,1
1100,384,1
1101,384,1
1102,384,1
1103,384,1
1104,384,1
1105,384,1
1106,384,1
1107,384,1
1108,384,1
1109,384,1
1110,384,1
1111,384,1
1112,384,1
1113,384,1
1114,384,1
1115,384,1
1116,384,1
1117,384,1
1118,384,1
1119,384,1
1120,384,1
1121,383,1
1122,383,1
1123,383,1
1124,383,1
1125,383,1
1126,383,1
1127,383,1
1128,383,1
1129,383,1
1130,383,1
1131,382,1
1132,382,1
1133,382,1
1134,382,1
1135,382,1
1136,382,1
1137,382,1
1138,382,1
1139,382,1
1140,382,1
1141,382,1
1142,382,1
1143,382,1
1144,382,1
1145,382,1
1146,382,1
1147,382,1
1148,382,1
1149,382,1
1150,382,1
1151,382,1
1152,381,1
1153,381,1
1154,381,1
1155,381,1
1156,381,1
1157,381,1
1158,381,1
1159,381,1
1160,381,1
1161,381,1
1162,381,1
1163,380,1
1164,380,1
1165,380,1
1166,380,1
1167,380,1
1168,380,1
1169,380,1
1170,380,1
1171,380,1
1172,380,1
1173,380,1
1174,380,1
1175,380,1
1176,380,1
1177,380,1
1178,380,1
1179,379,1
1180,379,1
1181,379,1
1182,379,1
1183,379,1
1184,379,1
1185,379,1
1186,379,1
1187,379,1
1188,379,1
1189,379,1
1190,378,1
1191,378,1
1192,378,1
1193,378,1
1194,378,1
1195,378,1
1196,378,1
1197,378,1
1198,378,1
1199,378,1
1200,378,1
1201,377,1
1202,377,1
1203,377,1
1204,377,1
1205,377,1
1206,377,1
1207,377,1
1208,377,1
1209,377,1
1210,377,1
1211,376,1
1212,376,1
1213,376,1
1214,376,1
1215,376,1
1216,376,1
1217,376,1
1218,375,1
1219,375,1
1220,375,1
1221,375,1
1221,375,0
