283,511,1
283,512,1
283,513,1
283,514,1
283,515,1
284,516,1
284,517,1
284,518,1
284,519,1
285,520,1
285,521,1
285,522,1
285,523,1
285,524,1
285,525,1
286,526,1
286,527,1
286,528,1
286,529,1
286,530,1
286,531,1
287,532,1
287,533,1
287,534,1
287,535,1
287,536,1
287,537,1
287,538,1
288,539,1
288,540,1
288,541,1
288,542,1
288,543,1
289,544,1
289,545,1
289,546,1
289,547,1
289,548,1
289,549,1
289,550,1
290,551,1
290,552,1
290,553,1
290,554,1
290,555,1
290,556,1
291,556,1
291,557,1
291,558,1
291,559,1
291,560,1
291,561,1
292,562,1
292,563,1
292,564,1
292,565,1
292,566,1
292,567,1
292,568,1
293,569,1
293,570,1
293,571,1
293,572,1
293,573,1
293,574,1
293,575,1
294,575,1
294,576,1
294,577,1
294,578,1
294,579,1
294,580,1
295,581,1
295,582,1
295,583,1
295,584,1
295,585,1
295,586,1
295,587,1
296,588,1
296,589,1
296,590,1
296,591,1
296,592,1
296,593,1
296,594,1
296,595,1
297,596,1
297,597,1
297,598,1
297,599,1
297,600,1
297,601,1
297,602,1
298,603,1
298,604,1
298,605,1
298,606,1
298,607,1
298,608,1
298,609,1
298,610,1
299,611,1
299,612,1
299,613,1
299,614,1
299,615,1
299,616,1
299,617,1
300,618,1
300,619,1
300,620,1
300,621,1
300,622,1
300,623,1
300,624,1
300,625,1
301,626,1
301,627,1
301,628,1
301,629,1
301,630,1
301,631,1
301,632,1
301,633,1
301,634,1
302,635,1
302,636,1
302,637,1
302,638,1
302,639,1
302,640,1
302,641,1
302,642,1
302,643,1
302,644,1
302,645,1
303,646,1
303,647,1
303,648,1
303,649,1
303,650,1
303,651,1
303,652,1
303,653,1
303,654,1
303,655,1
303,656,1
303,657,1
302,658,1
302,659,1
303,659,1
387,539,0
460,429,1
461,429,1
462,429,1
463,429,1
464,428,1
465,428,1
466,428,1
467,428,1
468,428,1
469,428,1
470,428,1
471,428,1
472,428,1
473,428,1
474,428,1
475,429,1
476,429,1
477,429,1
478,429,1
479,430,1
480,430,1
481,430,1
482,431,1
483,431,1
484,432,1
485,432,1
486,432,1
487,432,1
488,433,1
489,433,1
490,434,1
491,434,1
492,435,1
493,435,1
494,436,1
495,436,1
496,437,1
497,437,1
497,438,1
498,438,1
499,439,1
500,439,1
501,440,1
502,441,1
503,442,1
504,442,1
504,443,1
505,444,1
506,444,1
506,445,1
507,445,1
508,446,1
508,447,1
509,448,1
510,448,1
510,449,1
511,450,1
512,451,1
513,452,1
513,453,1
514,454,1
515,454,1
515,455,1
516,456,1
516,457,1
517,458,1
517,459,1
518,460,1
518,461,1
519,462,1
519,463,1
519,464,1
520,465,1
520,466,1
520,467,1
521,467,1
521,468,1
521,469,1
521,470,1
522,471,1
522,472,1
522,473,1
522,474,1
522,475,1
522,476,1
522,477,1
523,478,1
523,479,1
523,480,1
523,481,1
523,482,1
523,483,1
523,484,1
522,485,1
522,486,1
522,487,1
522,488,1
522,489,1
522,490,1
522,491,1
522,492,1
521,493,1
521,494,1
521,495,1
520,496,1
520,497,1
520,498,1
520,499,1
519,500,1
519,501,1
519,502,1
518,503,1
518,504,1
517,504,1
517,505,1
517,506,1
516,507,1
516,508,1
515,509,1
514,510,1
514,511,1
513,512,1
513,513,1
512,513,1
512,514,1
511,515,1
511,516,1
510,517,1
509,518,1
508,519,1
508,520,1
507,520,1
507,521,1
506,522,1
505,523,1
505,524,1
504,525,1
503,525,1
503,526,1
502,527,1
501,527,1
501,528,1
500,529,1
500,530,1
499,530,1
499,531,1
498,532,1
497,533,1
496,534,1
496,535,1
495,536,1
494,537,1
493,538,1
492,539,1
492,540,1
492,541,1
491,542,1
490,543,1
490,544,1
490,545,1
489,545,1
489,546,1
489,547,1
488,548,1
488,549,1
488,550,1
488,551,1
488,552,1
488,553,1
488,554,1
488,555,1
488,556,1
488,557,1
488,558,1
488,559,1
488,560,1
488,561,1
489,562,1
489,563,1
489,564,1
490,564,1
490,565,1
490,566,1
491,567,1
491,568,1
492,569,1
492,570,1
493,570,1
493,571,1
494,572,1
494,573,1
495,574,1
496,575,1
496,576,1
497,576,1
498,577,1
498,578,1
499,579,1
500,580,1
500,581,1
501,581,1
502,582,1
503,583,1
503,584,1
504,585,1
505,586,1
506,587,1
507,588,1
508,589,1
509,590,1
510,591,1
511,592,1
512,593,1
513,594,1
514,595,1
515,596,1
515,597,1
516,597,1
517,598,1
518,599,1
519,600,1
519,601,1
520,602,1
521,603,1
522,603,1
523,604,1
524,605,1
524,606,1
525,607,1
526,607,1
527,608,1
527,609,1
528,610,1
529,611,1
530,612,1
531,613,1
532,614,1
533,615,1
533,616,1
534,616,1
535,617,1
535,618,1
536,619,1
537,620,1
538,620,1
538,621,1
539,622,1
540,623,1
541,624,1
541,625,1
542,626,1
543,626,1
543,627,1
544,628,1
545,629,1
546,630,1
546,631,1
547,631,1
548,632,1
548,633,1
549,634,1
549,635,1
550,635,1
551,636,1
552,637,1
552,638,1
553,639,1
512,539,0
486,452,1
485,452,1
484,452,1
483,451,1
482,450,1
481,450,1
480,450,1
479,449,1
478,448,1
477,448,1
476,448,1
475,447,1
474,447,1
473,447,1
472,447,1
471,447,1
470,447,1
469,447,1
468,447,1
467,447,1
466,447,1
465,447,1
464,446,1
463,446,1
462,446,1
461,446,1
460,446,1
459,446,1
458,446,1
457,447,1
456,447,1
455,447,1
454,447,1
453,447,1
452,447,1
451,447,1
451,448,1
450,448,1
449,448,1
448,448,1
447,449,1
446,449,1
445,449,1
444,450,1
443,450,1
442,450,1
441,451,1
440,451,1
439,452,1
438,453,1
437,453,1
436,454,1
435,454,1
434,455,1
433,455,1
433,456,1
432,456,1
431,457,1
430,458,1
429,459,1
428,460,1
427,461,1
426,462,1
425,463,1
425,464,1
424,465,1
423,466,1
423,467,1
423,468,1
422,469,1
422,470,1
422,471,1
422,472,1
421,473,1
421,474,1
421,475,1
421,476,1
421,477,1
421,478,1
422,479,1
422,480,1
423,481,1
423,482,1
424,483,1
425,484,1
426,485,1
427,485,1
427,486,1
428,486,1
429,486,1
429,487,1
430,487,1
431,487,1
432,488,1
433,488,1
434,488,1
435,489,1
436,489,1
437,489,1
438,489,1
439,489,1
440,489,1
441,489,1
442,489,1
443,489,1
444,489,1
445,489,1
446,489,1
447,489,1
448,489,1
449,489,1
450,488,1
451,488,1
452,488,1
453,488,1
454,488,1
455,488,1
456,487,1
457,487,1
458,487,1
459,487,1
460,486,1
461,486,1
462,486,1
463,486,1
464,485,1
465,485,1
466,485,1
467,484,1
468,484,1
469,484,1
470,483,1
471,483,1
472,482,1
473,482,1
474,482,1
475,481,1
476,481,1
477,481,1
478,480,1
479,479,1
480,479,1
481,479,1
482,478,1
483,478,1
483,477,1
484,477,1
485,476,1
486,476,1
487,475,1
488,475,1
489,474,1
490,473,1
566,474,0
651,459,1
651,460,1
651,461,1
651,462,1
651,463,1
651,464,1
651,465,1
651,466,1
650,467,1
650,468,1
650,469,1
650,470,1
650,471,1
650,472,1
650,473,1
650,474,1
650,475,1
650,476,1
650,477,1
650,478,1
650,479,1
650,480,1
650,481,1
650,482,1
650,483,1
650,484,1
650,485,1
650,486,1
650,487,1
650,488,1
650,489,1
650,490,1
650,491,1
650,492,1
650,493,1
650,494,1
651,495,1
651,496,1
651,497,1
651,498,1
651,499,1
651,500,1
651,501,1
651,502,1
651,503,1
651,504,1
651,505,1
651,506,1
651,507,1
651,508,1
651,509,1
651,510,1
651,511,1
651,512,1
651,513,1
651,514,1
651,515,1
651,516,1
651,517,1
652,518,1
652,519,1
652,520,1
652,521,1
652,522,1
652,523,1
652,524,1
652,525,1
652,526,1
652,527,1
652,528,1
652,529,1
652,530,1
652,531,1
652,532,1
653,533,1
653,534,1
653,535,1
653,536,1
653,537,1
653,538,1
653,539,1
653,540,1
653,541,1
653,542,1
654,543,1
654,544,1
654,545,1
654,546,1
654,547,1
654,548,1
654,549,1
654,550,1
654,551,1
654,552,1
655,553,1
655,554,1
655,555,1
655,556,1
655,557,1
655,558,1
655,559,1
655,560,1
656,561,1
656,562,1
656,563,1
656,564,1
656,565,1
656,566,1
656,567,1
656,568,1
656,569,1
657,570,1
657,571,1
657,572,1
657,573,1
657,574,1
657,575,1
657,576,1
658,577,1
658,578,1
658,579,1
658,580,1
658,581,1
658,582,1
658,583,1
658,584,1
659,585,1
659,586,1
659,587,1
659,588,1
659,589,1
659,590,1
659,591,1
660,592,1
660,593,1
660,594,1
660,595,1
660,596,1
660,597,1
661,598,1
661,599,1
661,600,1
661,601,1
661,602,1
662,603,1
662,604,1
662,605,1
662,606,1
662,607,1
663,608,1
663,609,1
663,610,1
663,611,1
663,612,1
664,613,1
664,614,1
664,615,1
664,616,1
665,617,1
665,618,1
665,619,1
665,620,1
666,621,1
666,622,1
666,623,1
666,624,1
667,625,1
667,626,1
667,627,1
667,628,1
668,629,1
668,630,1
668,631,1
669,632,1
669,633,1
669,634,1
669,635,1
670,636,1
670,637,1
670,638,1
671,639,1
671,640,1
671,641,1
671,642,1
672,643,1
672,644,1
673,645,1
673,646,1
673,647,1
674,648,1
674,649,1
675,650,1
675,651,1
675,652,1
675,653,1
676,654,1
676,655,1
676,656,1
677,657,1
677,658,1
678,659,1
678,660,1
678,661,1
679,662,1
679,663,1
680,664,1
680,665,1
680,666,1
681,667,1
681,668,1
682,669,1
683,670,1
683,671,1
684,671,1
804,612,0
930,552,1
930,553,1
930,554,1
930,555,1
930,556,1
930,557,1
930,558,1
929,559,1
929,560,1
929,561,1
929,562,1
929,563,1
929,564,1
928,565,1
928,566,1
928,567,1
928,568,1
927,569,1
927,570,1
927,571,1
927,572,1
927,573,1
927,574,1
926,575,1
926,576,1
926,577,1
926,578,1
926,579,1
925,580,1
925,581,1
925,582,1
925,583,1
925,584,1
924,585,1
924,586,1
924,587,1
924,588,1
924,589,1
924,590,1
923,591,1
923,592,1
923,593,1
923,594,1
923,595,1
923,596,1
922,597,1
922,598,1
922,599,1
922,600,1
922,601,1
922,602,1
921,603,1
921,604,1
921,605,1
921,606,1
921,607,1
921,608,1
920,609,1
920,610,1
920,611,1
920,612,1
920,613,1
920,614,1
919,615,1
919,616,1
919,617,1
919,618,1
919,619,1
919,620,1
919,621,1
918,621,1
918,622,1
918,623,1
918,624,1
918,625,1
918,626,1
917,627,1
917,628,1
917,629,1
917,630,1
917,631,1
917,632,1
917,633,1
916,634,1
916,635,1
916,636,1
916,637,1
916,638,1
916,639,1
916,640,1
916,641,1
915,642,1
915,643,1
915,644,1
915,645,1
915,646,1
914,647,1
914,648,1
898,571,0
889,508,1
888,508,1
887,507,1
886,507,1
885,506,1
884,506,1
883,505,1
882,505,1
881,505,1
881,504,1
880,504,1
879,504,1
878,504,1
877,503,1
876,503,1
875,503,1
874,503,1
873,503,1
872,502,1
871,502,1
870,502,1
869,502,1
868,502,1
867,502,1
866,502,1
865,501,1
864,501,1
863,501,1
862,501,1
861,501,1
860,501,1
859,501,1
858,501,1
857,501,1
856,501,1
855,501,1
854,501,1
853,501,1
852,501,1
851,501,1
850,501,1
849,501,1
848,501,1
847,501,1
846,501,1
845,501,1
844,501,1
843,501,1
842,501,1
841,501,1
840,501,1
839,501,1
838,501,1
837,501,1
836,501,1
835,502,1
834,502,1
833,502,1
832,502,1
831,502,1
830,502,1
829,502,1
828,503,1
827,503,1
826,503,1
825,503,1
824,503,1
823,504,1
822,504,1
821,504,1
820,504,1
819,505,1
818,505,1
817,505,1
816,505,1
815,506,1
814,506,1
813,506,1
812,507,1
811,507,1
810,507,1
809,508,1
808,508,1
807,508,1
806,509,1
805,509,1
804,510,1
803,510,1
802,510,1
801,511,1
800,511,1
799,512,1
798,512,1
797,513,1
796,513,1
795,513,1
795,514,1
794,514,1
793,515,1
792,515,1
791,516,1
790,517,1
789,517,1
788,518,1
787,519,1
786,519,1
785,520,1
784,520,1
784,521,1
783,522,1
782,522,1
781,523,1
780,524,1
779,525,1
778,525,1
778,526,1
777,527,1
776,528,1
775,528,1
775,529,1
774,530,1
773,531,1
773,532,1
772,533,1
771,534,1
771,535,1
770,536,1
770,537,1
770,538,1
769,538,1
769,539,1
769,540,1
769,541,1
768,541,1
768,542,1
768,543,1
768,544,1
768,545,1
768,546,1
768,547,1
768,548,1
768,549,1
768,550,1
768,551,1
768,552,1
768,553,1
768,554,1
769,554,1
769,555,1
769,556,1
769,557,1
770,557,1
770,558,1
770,559,1
771,559,1
771,560,1
771,561,1
772,561,1
772,562,1
773,563,1
773,564,1
774,564,1
774,565,1
775,565,1
776,566,1
776,567,1
777,567,1
777,568,1
778,568,1
779,569,1
780,569,1
780,570,1
781,571,1
782,571,1
782,572,1
783,572,1
784,573,1
785,573,1
786,574,1
787,574,1
788,575,1
789,575,1
790,576,1
791,576,1
792,576,1
793,577,1
794,578,1
795,578,1
796,578,1
797,579,1
798,579,1
799,579,1
800,579,1
801,580,1
802,580,1
803,580,1
804,581,1
805,581,1
806,581,1
807,581,1
808,581,1
809,582,1
810,582,1
811,582,1
812,582,1
813,582,1
814,582,1
815,583,1
816,583,1
817,583,1
818,583,1
819,583,1
820,583,1
821,583,1
822,583,1
823,583,1
824,583,1
825,583,1
826,583,1
827,583,1
828,583,1
829,583,1
830,583,1
831,583,1
832,582,1
833,581,1
923,559,0
1025,524,1
1025,525,1
1025,526,1
1025,527,1
1025,528,1
1025,529,1
1024,530,1
1024,531,1
1024,532,1
1024,533,1
1024,534,1
1024,535,1
1024,536,1
1023,537,1
1023,538,1
1023,539,1
1023,540,1
1023,541,1
1023,542,1
1022,543,1
1022,544,1
1022,545,1
1022,546,1
1022,547,1
1022,548,1
1021,549,1
1021,550,1
1021,551,1
1021,552,1
1021,553,1
1021,554,1
1020,555,1
1020,556,1
1020,557,1
1020,558,1
1020,559,1
1020,560,1
1019,561,1
1019,562,1
1019,563,1
1019,564,1
1019,565,1
1019,566,1
1018,567,1
1018,568,1
1018,569,1
1018,570,1
1018,571,1
1018,572,1
1017,573,1
1017,574,1
1017,575,1
1017,576,1
1017,577,1
1017,578,1
1016,579,1
1016,580,1
1016,581,1
1016,582,1
1016,583,1
1016,584,1
1016,585,1
1015,586,1
1015,587,1
1015,588,1
1015,589,1
1015,590,1
1014,591,1
1014,592,1
1014,593,1
1014,594,1
1014,595,1
1014,596,1
1014,597,1
1013,598,1
1013,599,1
1013,600,1
1013,601,1
1013,602,1
1013,603,1
1012,604,1
1012,605,1
1012,606,1
1012,607,1
1012,608,1
1012,609,1
1011,610,1
1011,611,1
1011,612,1
1011,613,1
1011,614,1
1011,615,1
1010,616,1
1010,617,1
1010,618,1
1010,619,1
1010,620,1
1009,620,1
1009,621,1
1009,622,1
1009,623,1
1009,624,1
1008,625,1
1008,626,1
1008,627,1
1008,628,1
1007,629,1
1007,630,1
1006,631,1
1006,632,1
619,532,0
229,451,1
229,450,1
229,449,1
229,448,1
229,447,1
229,446,1
228,445,1
228,444,1
228,443,1
228,442,1
228,441,1
228,440,1
228,439,1
228,438,1
228,437,1
228,436,1
228,435,1
228,434,1
229,433,1
229,432,1
229,431,1
229,430,1
229,429,1
229,428,1
229,427,1
229,426,1
230,425,1
230,424,1
230,423,1
230,422,1
230,421,1
230,420,1
230,419,1
231,418,1
231,417,1
231,416,1
231,415,1
232,414,1
232,413,1
232,412,1
233,411,1
233,410,1
233,409,1
233,408,1
234,407,1
234,406,1
234,405,1
234,404,1
235,403,1
235,402,1
235,401,1
236,400,1
236,399,1
236,398,1
237,397,1
237,396,1
237,395,1
238,394,1
238,393,1
239,392,1
239,391,1
240,390,1
240,389,1
240,388,1
241,387,1
241,386,1
242,385,1
242,384,1
242,383,1
243,382,1
243,381,1
244,380,1
244,379,1
245,379,1
245,378,1
245,377,1
246,376,1
246,375,1
247,374,1
247,373,1
248,372,1
248,371,1
249,370,1
249,369,1
250,368,1
251,367,1
251,366,1
252,365,1
253,364,1
253,363,1
254,362,1
254,361,1
255,360,1
256,359,1
256,358,1
257,357,1
258,357,1
258,356,1
259,355,1
260,354,1
260,353,1
261,352,1
261,351,1
262,350,1
263,349,1
263,348,1
264,348,1
265,347,1
265,346,1
266,345,1
267,344,1
268,343,1
268,342,1
269,342,1
270,341,1
270,340,1
271,339,1
272,338,1
273,337,1
274,336,1
275,335,1
275,334,1
276,334,1
277,333,1
278,332,1
278,331,1
279,330,1
280,330,1
280,329,1
281,328,1
282,327,1
283,327,1
283,326,1
284,325,1
285,325,1
286,324,1
286,323,1
287,322,1
288,322,1
289,321,1
290,320,1
291,319,1
292,318,1
293,318,1
293,317,1
294,316,1
295,316,1
296,315,1
297,314,1
298,313,1
299,313,1
300,312,1
300,311,1
301,311,1
302,310,1
303,309,1
304,308,1
305,308,1
306,307,1
307,306,1
308,305,1
309,305,1
310,304,1
311,304,1
312,303,1
313,302,1
314,301,1
315,301,1
316,300,1
317,300,1
317,299,1
318,299,1
319,298,1
320,298,1
321,297,1
322,297,1
322,296,1
323,296,1
324,295,1
325,295,1
326,294,1
327,294,1
327,293,1
328,293,1
329,292,1
330,292,1
331,291,1
332,291,1
333,291,1
333,290,1
334,290,1
335,289,1
336,289,1
337,288,1
338,288,1
339,288,1
340,287,1
341,287,1
341,286,1
342,286,1
343,286,1
344,285,1
345,285,1
346,285,1
347,284,1
348,284,1
349,283,1
350,283,1
351,282,1
352,282,1
353,282,1
354,281,1
355,281,1
356,281,1
357,281,1
358,280,1
359,280,1
360,279,1
361,279,1
362,279,1
363,279,1
364,278,1
365,278,1
366,278,1
367,278,1
368,277,1
369,277,1
370,277,1
371,277,1
372,276,1
373,276,1
374,276,1
375,276,1
376,276,1
377,275,1
378,275,1
379,275,1
380,275,1
381,275,1
381,274,1
382,274,1
383,274,1
384,274,1
385,274,1
386,274,1
387,273,1
388,273,1
389,273,1
390,273,1
391,273,1
392,273,1
393,273,1
394,273,1
395,272,1
396,272,1
397,272,1
398,272,1
399,272,1
400,272,1
401,272,1
402,272,1
403,272,1
404,272,1
405,272,1
406,271,1
407,271,1
408,271,1
409,271,1
410,271,1
411,271,1
412,271,1
413,271,1
414,271,1
415,271,1
416,271,1
417,271,1
418,271,1
419,271,1
420,271,1
421,271,1
422,271,1
423,271,1
424,271,1
425,271,1
426,271,1
427,271,1
428,271,1
429,271,1
430,271,1
431,272,1
432,272,1
433,272,1
434,272,1
435,272,1
436,272,1
437,272,1
438,272,1
439,272,1
440,272,1
441,272,1
442,272,1
443,273,1
444,273,1
445,273,1
446,273,1
447,273,1
448,273,1
449,273,1
450,273,1
451,273,1
452,274,1
453,274,1
454,274,1
455,274,1
456,274,1
457,274,1
458,275,1
459,275,1
460,275,1
461,275,1
462,275,1
463,276,1
464,276,1
465,276,1
466,276,1
467,276,1
468,277,1
469,277,1
470,277,1
471,277,1
472,277,1
473,278,1
474,278,1
475,278,1
476,278,1
477,279,1
478,279,1
479,279,1
480,279,1
481,279,1
482,280,1
483,280,1
484,280,1
485,280,1
486,281,1
487,281,1
488,281,1
489,282,1
490,282,1
491,283,1
492,283,1
493,283,1
494,284,1
495,284,1
496,284,1
497,284,1
498,285,1
499,285,1
500,286,1
501,286,1
502,286,1
503,287,1
504,287,1
505,287,1
506,288,1
507,288,1
508,288,1
509,289,1
510,289,1
511,290,1
512,290,1
513,290,1
514,291,1
515,291,1
516,292,1
517,292,1
518,292,1
519,293,1
520,293,1
521,294,1
522,294,1
523,295,1
524,295,1
525,296,1
526,297,1
527,297,1
528,297,1
529,298,1
530,298,1
531,299,1
532,299,1
533,300,1
534,300,1
535,301,1
536,301,1
537,302,1
538,302,1
539,303,1
540,303,1
540,304,1
541,305,1
542,305,1
543,306,1
544,306,1
545,307,1
546,307,1
547,308,1
548,308,1
548,309,1
549,309,1
550,310,1
551,310,1
552,311,1
553,311,1
554,312,1
555,313,1
556,314,1
557,314,1
558,315,1
559,315,1
560,316,1
561,317,1
562,318,1
563,318,1
564,319,1
565,319,1
566,320,1
567,321,1
568,321,1
568,322,1
569,323,1
570,323,1
571,324,1
572,324,1
573,325,1
574,326,1
575,327,1
576,327,1
577,328,1
578,329,1
579,329,1
580,330,1
580,331,1
581,331,1
582,332,1
583,333,1
584,333,1
585,334,1
586,335,1
587,336,1
588,337,1
589,338,1
590,338,1
591,339,1
592,340,1
593,340,1
594,341,1
595,342,1
595,343,1
596,343,1
597,344,1
598,345,1
599,345,1
600,346,1
600,347,1
601,347,1
602,348,1
603,349,1
604,350,1
605,350,1
605,351,1
606,352,1
607,352,1
608,353,1
609,354,1
609,355,1
610,355,1
611,356,1
612,357,1
612,358,1
613,358,1
614,359,1
615,360,1
615,361,1
616,361,1
617,362,1
618,363,1
618,364,1
619,365,1
620,365,1
621,366,1
621,367,1
622,368,1
623,368,1
624,369,1
624,370,1
625,371,1
626,372,1
626,373,1
627,373,1
628,374,1
628,375,1
629,376,1
630,377,1
630,378,1
631,379,1
632,379,1
632,380,1
633,381,1
633,382,1
634,383,1
634,384,1
635,385,1
635,386,1
636,387,1
637,388,1
637,389,1
637,390,1
637,391,1
638,391,1
638,392,1
638,393,1
638,394,1
639,395,1
639,396,1
640,396,1
640,397,1
640,398,1
641,399,1
641,400,1
641,401,1
641,402,1
641,403,1
640,404,1
639,405,1
638,406,1
637,406,1
636,406,1
635,406,1
634,406,1
633,406,1
414,401,0
176,400,1
177,400,1
178,400,1
179,400,1
180,400,1
181,400,1
182,400,1
183,400,1
184,400,1
185,400,1
186,400,1
187,400,1
188,400,1
189,400,1
190,400,1
191,401,1
192,401,1
193,401,1
194,401,1
195,401,1
196,401,1
197,401,1
198,401,1
199,401,1
200,401,1
201,401,1
202,401,1
203,401,1
204,401,1
205,401,1
206,401,1
207,401,1
208,401,1
209,402,1
210,402,1
211,402,1
212,402,1
213,402,1
214,402,1
215,402,1
216,402,1
217,402,1
218,402,1
219,402,1
220,402,1
221,402,1
222,402,1
223,402,1
224,402,1
225,402,1
226,402,1
227,402,1
228,402,1
229,402,1
230,402,1
231,402,1
232,402,1
233,402,1
234,402,1
235,402,1
236,402,1
237,402,1
238,402,1
239,402,1
240,402,1
241,402,1
242,402,1
243,402,1
244,403,1
245,403,1
246,403,1
247,403,1
248,403,1
249,403,1
250,403,1
251,403,1
252,403,1
253,403,1
254,403,1
255,403,1
256,403,1
257,403,1
258,403,1
259,403,1
260,403,1
261,403,1
262,403,1
263,403,1
264,403,1
265,403,1
266,403,1
267,403,1
268,403,1
269,403,1
270,403,1
271,404,1
272,404,1
273,404,1
274,404,1
275,404,1
276,404,1
277,404,1
278,404,1
279,404,1
280,404,1
281,404,1
282,404,1
283,404,1
284,404,1
285,404,1
286,404,1
287,404,1
288,404,1
289,404,1
290,404,1
291,404,1
292,404,1
293,405,1
294,405,1
295,405,1
296,405,1
297,405,1
298,405,1
299,405,1
300,405,1
301,405,1
302,405,1
303,405,1
304,405,1
305,405,1
306,405,1
307,405,1
308,405,1
309,405,1
310,405,1
311,405,1
312,405,1
313,405,1
314,406,1
315,406,1
316,406,1
317,406,1
318,406,1
319,406,1
320,406,1
321,406,1
322,406,1
323,406,1
324,406,1
325,406,1
326,406,1
327,406,1
328,406,1
329,407,1
330,407,1
331,407,1
332,407,1
333,407,1
334,407,1
335,407,1
336,407,1
337,407,1
338,407,1
339,407,1
340,407,1
341,408,1
342,408,1
343,408,1
344,408,1
345,408,1
346,408,1
347,408,1
348,408,1
349,408,1
350,408,1
351,408,1
352,408,1
353,409,1
354,409,1
355,409,1
356,409,1
357,409,1
358,409,1
359,409,1
360,409,1
361,409,1
362,409,1
363,410,1
364,410,1
365,410,1
366,410,1
367,410,1
368,410,1
369,410,1
370,410,1
371,410,1
372,410,1
373,410,1
374,410,1
375,411,1
376,411,1
377,411,1
378,411,1
379,411,1
380,411,1
381,411,1
382,411,1
383,411,1
384,411,1
385,411,1
386,411,1
387,411,1
388,412,1
389,412,1
390,412,1
391,412,1
392,412,1
393,412,1
394,412,1
395,412,1
396,412,1
397,412,1
398,412,1
399,412,1
400,413,1
401,413,1
402,413,1
403,413,1
404,413,1
405,413,1
406,413,1
407,413,1
408,413,1
409,413,1
410,413,1
411,413,1
412,413,1
413,414,1
414,414,1
415,414,1
416,414,1
417,414,1
418,414,1
419,414,1
420,414,1
421,414,1
422,414,1
423,414,1
424,414,1
425,415,1
426,415,1
427,415,1
428,415,1
429,415,1
430,415,1
431,415,1
432,415,1
433,415,1
434,415,1
435,415,1
436,415,1
437,416,1
438,416,1
439,416,1
440,416,1
441,416,1
442,416,1
443,416,1
444,416,1
445,416,1
446,416,1
447,416,1
448,417,1
449,417,1
450,417,1
451,417,1
452,417,1
453,417,1
454,417,1
455,417,1
456,417,1
457,417,1
458,418,1
459,418,1
460,418,1
461,418,1
462,418,1
463,418,1
464,418,1
465,418,1
466,418,1
467,419,1
468,419,1
469,419,1
470,419,1
471,419,1
472,419,1
473,419,1
474,419,1
475,419,1
476,419,1
477,420,1
478,420,1
479,420,1
480,420,1
481,420,1
482,420,1
483,420,1
484,421,1
485,421,1
486,421,1
487,421,1
488,421,1
489,421,1
490,421,1
491,421,1
492,421,1
493,422,1
494,422,1
495,422,1
496,422,1
497,422,1
498,422,1
499,422,1
500,422,1
501,423,1
502,423,1
503,423,1
504,423,1
505,423,1
506,423,1
507,423,1
508,423,1
509,424,1
510,424,1
511,424,1
512,424,1
513,424,1
514,424,1
515,424,1
516,424,1
517,425,1
518,425,1
519,425,1
520,425,1
521,425,1
522,425,1
523,426,1
524,426,1
525,426,1
526,426,1
527,426,1
528,426,1
529,426,1
530,427,1
531,427,1
532,427,1
533,427,1
534,427,1
535,427,1
536,427,1
537,428,1
538,428,1
539,428,1
540,428,1
541,428,1
542,428,1
543,428,1
544,429,1
545,429,1
546,429,1
547,429,1
548,429,1
549,429,1
550,430,1
551,430,1
552,430,1
553,430,1
554,430,1
555,430,1
556,430,1
557,431,1
558,431,1
559,431,1
560,431,1
561,431,1
562,431,1
563,432,1
564,432,1
565,432,1
566,432,1
567,432,1
568,432,1
569,432,1
570,433,1
571,433,1
572,433,1
573,433,1
574,433,1
575,433,1
576,434,1
577,434,1
578,434,1
579,434,1
580,434,1
581,434,1
582,435,1
583,435,1
584,435,1
585,435,1
586,435,1
587,435,1
588,435,1
589,436,1
590,436,1
591,436,1
592,436,1
593,436,1
594,437,1
595,437,1
596,437,1
597,437,1
598,437,1
599,437,1
600,438,1
601,438,1
602,438,1
603,438,1
604,438,1
605,438,1
606,439,1
607,439,1
608,439,1
609,439,1
610,439,1
611,439,1
612,440,1
613,440,1
614,440,1
615,440,1
616,440,1
617,440,1
618,440,1
619,441,1
620,441,1
621,441,1
622,441,1
623,441,1
624,441,1
625,441,1
626,442,1
627,442,1
628,442,1
629,442,1
630,442,1
631,443,1
632,443,1
633,443,1
634,443,1
635,443,1
636,443,1
637,443,1
638,444,1
639,444,1
640,444,1
641,444,1
642,444,1
643,444,1
644,445,1
645,445,1
646,445,1
647,445,1
648,445,1
649,446,1
650,446,1
651,446,1
652,446,1
653,446,1
654,446,1
655,446,1
656,447,1
657,447,1
658,447,1
659,447,1
660,448,1
661,448,1
662,448,1
663,448,1
664,448,1
665,448,1
666,449,1
667,449,1
668,449,1
669,449,1
670,449,1
671,449,1
672,450,1
673,450,1
674,450,1
675,450,1
676,450,1
677,451,1
678,451,1
679,451,1
680,451,1
681,451,1
682,451,1
683,452,1
684,452,1
685,452,1
686,452,1
687,452,1
688,453,1
689,453,1
690,453,1
691,453,1
692,453,1
693,453,1
694,454,1
695,454,1
696,454,1
697,454,1
698,454,1
699,455,1
700,455,1
701,455,1
702,455,1
703,455,1
704,455,1
705,456,1
706,456,1
707,456,1
708,456,1
709,456,1
710,457,1
711,457,1
712,457,1
713,457,1
714,458,1
715,458,1
716,458,1
717,458,1
718,458,1
719,458,1
720,459,1
721,459,1
722,459,1
723,459,1
724,459,1
725,460,1
726,460,1
727,460,1
728,460,1
729,460,1
730,460,1
731,461,1
732,461,1
733,461,1
734,461,1
735,461,1
736,462,1
737,462,1
738,462,1
739,462,1
740,462,1
741,463,1
742,463,1
743,463,1
744,463,1
745,463,1
746,464,1
747,464,1
748,464,1
749,464,1
750,464,1
751,464,1
752,465,1
753,465,1
754,465,1
755,465,1
756,465,1
757,466,1
758,466,1
759,466,1
760,466,1
761,466,1
762,467,1
763,467,1
764,467,1
765,467,1
766,467,1
767,468,1
768,468,1
769,468,1
770,468,1
771,468,1
772,469,1
773,469,1
774,469,1
775,469,1
776,469,1
777,469,1
778,470,1
779,470,1
780,470,1
781,470,1
782,471,1
783,471,1
784,471,1
785,471,1
786,471,1
787,471,1
788,472,1
789,472,1
790,472,1
791,472,1
792,472,1
793,473,1
794,473,1
795,473,1
796,473,1
797,473,1
798,473,1
799,474,1
800,474,1
801,474,1
802,474,1
803,474,1
804,475,1
805,475,1
806,475,1
807,475,1
808,475,1
809,475,1
810,476,1
811,476,1
812,476,1
813,476,1
814,476,1
815,476,1
816,477,1
817,477,1
818,477,1
819,477,1
820,477,1
821,477,1
822,478,1
823,478,1
824,478,1
825,478,1
826,478,1
827,478,1
828,478,1
829,479,1
830,479,1
831,479,1
832,479,1
833,479,1
834,479,1
835,480,1
836,480,1
837,480,1
838,480,1
839,480,1
840,480,1
841,480,1
842,481,1
843,481,1
844,481,1
845,481,1
846,481,1
847,481,1
848,481,1
849,482,1
850,482,1
851,482,1
852,482,1
853,482,1
854,482,1
855,483,1
856,483,1
857,483,1
858,483,1
859,483,1
860,483,1
861,483,1
862,484,1
863,484,1
864,484,1
865,484,1
866,484,1
867,484,1
868,484,1
869,485,1
870,485,1
871,485,1
872,485,1
873,485,1
874,485,1
875,485,1
876,485,1
877,486,1
878,486,1
879,486,1
880,486,1
881,486,1
882,486,1
883,486,1
884,487,1
885,487,1
886,487,1
887,487,1
888,487,1
889,487,1
890,487,1
891,487,1
892,488,1
893,488,1
894,488,1
895,488,1
896,488,1
897,488,1
898,488,1
899,488,1
900,488,1
901,488,1
902,489,1
903,489,1
904,489,1
905,489,1
906,489,1
907,489,1
908,489,1
909,489,1
910,490,1
911,490,1
912,490,1
913,490,1
914,490,1
915,490,1
916,490,1
917,490,1
918,491,1
919,491,1
920,491,1
921,491,1
922,491,1
923,491,1
924,491,1
925,491,1
926,491,1
927,492,1
928,492,1
929,492,1
930,492,1
931,492,1
932,492,1
933,492,1
934,492,1
935,493,1
936,493,1
937,493,1
938,493,1
939,493,1
940,493,1
941,493,1
942,493,1
943,494,1
944,494,1
945,494,1
946,494,1
947,494,1
948,494,1
949,494,1
950,494,1
951,494,1
952,494,1
953,495,1
954,495,1
955,495,1
956,495,1
957,495,1
958,495,1
959,495,1
960,495,1
961,495,1
962,495,1
963,495,1
964,496,1
965,496,1
966,496,1
967,496,1
968,496,1
969,496,1
970,496,1
971,496,1
972,496,1
973,496,1
974,496,1
975,496,1
976,497,1
977,497,1
978,497,1
979,497,1
980,497,1
981,497,1
982,497,1
983,497,1
984,497,1
985,497,1
986,497,1
987,497,1
988,497,1
989,497,1
990,497,1
991,498,1
992,498,1
993,498,1
994,498,1
995,498,1
996,498,1
997,498,1
998,498,1
999,498,1
1000,498,1
1001,498,1
1002,498,1
1003,498,1
1004,498,1
1005,498,1
1006,498,1
1007,498,1
1008,498,1
1009,499,1
1010,499,1
1011,499,1
1012,499,1
1013,499,1
1014,499,1
1015,499,1
1016,499,1
1017,499,1
1018,499,1
1019,499,1
1020,499,1
1021,499,1
1022,499,1
1023,499,1
1024,499,1
1025,499,1
1026,499,1
1027,499,1
1028,499,1
1029,499,1
1030,499,1
1031,499,1
1032,499,1
1033,499,1
1034,499,1
1035,499,1
1036,499,1
1037,499,1
1038,499,1
1039,499,1
1040,499,1
1041,499,1
1042,499,1
1043,499,1
1044,499,1
1045,499,1
1046,499,1
1047,499,1
1048,499,1
1049,499,1
1050,498,1
1051,498,1
1052,498,1
1053,498,1
1054,498,1
1055,498,1
1056,498,1
1057,498,1
1058,497,1
1059,497,1
1060,497,1
1061,497,1
1062,497,1
1063,497,1
1064,496,1
1065,496,1
1066,496,1
1067,496,1
1067,495,1
1068,495,1
1069,495,1
1070,495,1
1070,494,1
1071,494,1
1072,494,1
1072,493,1
1073,493,1
1074,493,1
1075,493,1
1076,492,1
1077,492,1
1078,491,1
1079,491,1
1080,490,1
1081,490,1
1081,489,1
1082,488,1
1082,487,1
1081,486,1
1081,485,1
1080,485,1
1079,484,1
1078,484,1
1078,483,1
1076,483,0
