137,179,1
137,180,1
137,181,1
137,182,1
137,183,1
137,184,1
136,185,1
136,186,1
136,187,1
136,188,1
136,189,1
136,190,1
136,191,1
136,192,1
136,193,1
136,194,1
136,195,1
136,196,1
136,197,1
136,198,1
136,199,1
136,200,1
136,201,1
136,202,1
136,203,1
136,204,1
136,205,1
136,206,1
136,207,1
136,208,1
136,209,1
136,210,1
136,211,1
136,212,1
136,213,1
136,214,1
136,215,1
136,216,1
136,217,1
136,218,1
136,219,1
136,220,1
136,221,1
136,222,1
136,223,1
136,224,1
136,225,1
136,226,1
136,227,1
136,228,1
136,229,1
136,230,1
136,231,1
136,232,1
136,233,1
136,234,1
136,235,1
136,236,1
136,237,1
136,238,1
136,239,1
136,240,1
136,241,1
136,242,1
136,243,1
136,244,1
136,245,1
136,246,1
136,247,1
136,248,1
136,249,1
136,250,1
136,251,1
136,252,1
136,253,1
136,254,1
136,255,1
136,256,1
136,257,1
136,258,1
136,259,1
136,260,1
136,261,1
136,262,1
136,263,1
136,264,1
136,265,1
136,266,1
136,267,1
136,268,1
136,269,1
136,270,1
136,271,1
136,272,1
136,273,1
136,274,1
136,275,1
136,276,1
136,277,1
136,278,1
136,279,1
136,280,1
136,281,1
136,282,1
136,283,1
136,284,1
136,285,1
136,286,1
136,287,1
136,288,1
136,289,1
136,290,1
168,234,0
198,180,1
199,180,1
199,179,1
200,179,1
201,179,1
201,178,1
202,178,1
203,178,1
204,177,1
205,177,1
206,177,1
207,176,1
208,176,1
209,176,1
210,176,1
211,176,1
211,175,1
212,175,1
213,175,1
214,175,1
215,175,1
216,175,1
217,175,1
218,175,1
218,174,1
219,174,1
220,174,1
221,174,1
222,174,1
223,174,1
224,174,1
225,174,1
226,174,1
227,174,1
228,174,1
229,174,1
230,174,1
230,175,1
231,175,1
232,175,1
233,175,1
234,176,1
235,176,1
236,176,1
237,176,1
238,176,1
238,177,1
239,177,1
240,177,1
241,178,1
242,178,1
243,179,1
244,179,1
245,179,1
245,180,1
246,180,1
246,181,1
247,181,1
248,181,1
248,182,1
249,182,1
250,183,1
251,184,1
252,185,1
253,186,1
254,187,1
255,188,1
255,189,1
256,189,1
256,190,1
257,190,1
257,191,1
258,192,1
258,193,1
258,194,1
259,194,1
259,195,1
259,196,1
260,196,1
260,197,1
260,198,1
261,199,1
261,200,1
261,201,1
261,202,1
261,203,1
261,204,1
261,205,1
262,205,1
262,206,1
262,207,1
262,208,1
262,209,1
262,210,1
261,210,1
261,211,1
261,212,1
261,213,1
261,214,1
261,215,1
261,216,1
261,217,1
260,217,1
260,218,1
260,219,1
260,220,1
259,221,1
259,222,1
259,223,1
258,223,1
258,224,1
258,225,1
257,225,1
257,226,1
257,227,1
256,228,1
256,229,1
255,229,1
255,230,1
254,231,1
254,232,1
253,232,1
253,233,1
252,234,1
252,235,1
251,235,1
251,236,1
250,236,1
250,237,1
249,237,1
249,238,1
248,238,1
248,239,1
247,239,1
247,240,1
246,240,1
246,241,1
245,241,1
245,242,1
244,242,1
244,243,1
243,243,1
243,244,1
242,244,1
241,244,1
241,245,1
240,245,1
240,246,1
239,246,1
238,247,1
237,247,1
237,248,1
236,248,1
235,249,1
234,249,1
233,250,1
232,250,1
231,251,1
230,251,1
229,251,1
229,252,1
228,252,1
227,252,1
226,253,1
225,253,1
224,253,1
224,254,1
223,254,1
222,254,1
221,255,1
220,255,1
219,256,1
218,256,1
218,257,1
217,257,1
217,258,1
216,258,1
216,259,1
215,260,1
215,261,1
215,262,1
215,263,1
215,264,1
215,265,1
215,266,1
215,267,1
216,267,1
216,268,1
216,269,1
217,270,1
217,271,1
218,272,1
219,273,1
219,274,1
220,274,1
220,275,1
221,276,1
222,277,1
223,278,1
224,279,1
224,280,1
225,280,1
225,281,1
226,281,1
226,282,1
227,282,1
227,283,1
228,283,1
228,284,1
229,285,1
230,286,1
231,287,1
231,288,1
232,288,1
232,289,1
233,289,1
233,290,1
234,290,1
234,291,1
235,292,1
236,293,1
237,294,1
237,295,1
238,296,1
239,297,1
239,298,1
240,298,1
240,299,1
240,300,1
241,300,1
242,301,1
242,302,1
243,303,1
243,304,1
244,304,1
244,305,1
245,306,1
245,307,1
246,308,1
246,309,1
246,310,1
247,310,1
247,311,1
247,312,1
248,313,1
248,314,1
236,243,0
227,175,1
226,175,1
226,174,1
225,174,1
224,174,1
223,174,1
222,174,1
221,174,1
220,174,1
219,174,1
218,174,1
217,174,1
216,174,1
215,174,1
214,174,1
214,175,1
213,175,1
212,175,1
211,175,1
210,176,1
209,176,1
208,176,1
208,177,1
207,177,1
206,177,1
205,177,1
205,178,1
204,178,1
203,178,1
202,179,1
201,179,1
200,180,1
199,180,1
198,181,1
197,182,1
196,182,1
195,183,1
195,184,1
194,184,1
193,185,1
193,186,1
192,186,1
192,187,1
191,187,1
191,188,1
190,189,1
190,190,1
189,191,1
189,192,1
189,193,1
189,194,1
189,195,1
189,196,1
189,197,1
189,198,1
190,199,1
190,200,1
190,201,1
191,201,1
191,202,1
192,202,1
192,203,1
193,203,1
194,204,1
195,205,1
196,205,1
197,206,1
198,206,1
199,207,1
200,207,1
201,207,1
202,207,1
203,207,1
204,207,1
205,207,1
206,207,1
207,207,1
208,207,1
209,207,1
210,207,1
211,207,1
212,207,1
213,207,1
214,207,1
215,207,1
216,206,1
217,206,1
218,206,1
219,205,1
220,205,1
221,205,1
222,205,1
223,205,1
223,204,1
224,204,1
225,204,1
226,203,1
227,203,1
228,203,1
229,202,1
230,202,1
231,201,1
232,201,1
232,200,1
233,200,1
234,199,1
235,199,1
278,204,0
324,206,1
324,207,1
324,208,1
324,209,1
324,210,1
324,211,1
324,212,1
324,213,1
324,214,1
324,215,1
324,216,1
324,217,1
324,218,1
324,219,1
324,220,1
324,221,1
324,222,1
324,223,1
324,224,1
324,225,1
324,226,1
324,227,1
324,228,1
324,229,1
324,230,1
324,231,1
324,232,1
324,233,1
324,234,1
324,235,1
324,236,1
324,237,1
324,238,1
324,239,1
324,240,1
324,241,1
324,242,1
324,243,1
324,244,1
324,245,1
324,246,1
324,247,1
324,248,1
324,249,1
324,250,1
324,251,1
324,252,1
324,253,1
324,254,1
324,255,1
324,256,1
324,257,1
324,258,1
324,259,1
324,260,1
324,261,1
324,262,1
324,263,1
324,264,1
324,265,1
324,266,1
324,267,1
324,268,1
324,269,1
324,270,1
324,271,1
210,211,0
94,154,1
95,154,1
95,153,1
95,152,1
96,152,1
96,151,1
97,151,1
97,150,1
98,149,1
99,148,1
100,147,1
100,146,1
101,146,1
101,145,1
102,145,1
103,144,1
104,144,1
104,143,1
105,143,1
105,142,1
106,142,1
106,141,1
107,141,1
107,140,1
108,140,1
109,139,1
110,139,1
110,138,1
111,138,1
112,137,1
113,136,1
114,136,1
114,135,1
115,135,1
115,134,1
116,134,1
117,134,1
117,133,1
118,133,1
119,132,1
120,132,1
120,131,1
121,131,1
122,130,1
123,130,1
123,129,1
124,129,1
125,129,1
125,128,1
126,128,1
127,128,1
127,127,1
128,127,1
129,127,1
129,126,1
130,126,1
131,125,1
132,125,1
133,125,1
133,124,1
134,124,1
135,124,1
135,123,1
136,123,1
137,123,1
137,122,1
138,122,1
139,122,1
140,121,1
141,121,1
142,120,1
143,120,1
144,120,1
145,119,1
146,119,1
147,119,1
148,118,1
149,118,1
150,118,1
151,117,1
152,117,1
153,116,1
154,116,1
155,116,1
156,115,1
157,115,1
158,115,1
159,114,1
160,114,1
161,114,1
162,114,1
163,114,1
163,113,1
164,113,1
165,113,1
166,113,1
167,113,1
167,112,1
168,112,1
169,112,1
170,112,1
171,111,1
172,111,1
173,111,1
174,111,1
175,111,1
176,111,1
176,110,1
177,110,1
178,110,1
179,110,1
180,110,1
181,110,1
182,110,1
183,109,1
184,109,1
185,109,1
186,109,1
187,108,1
188,108,1
189,108,1
190,108,1
191,108,1
192,108,1
193,108,1
194,108,1
195,108,1
196,108,1
197,108,1
198,108,1
199,108,1
200,108,1
201,108,1
202,108,1
203,107,1
204,107,1
205,107,1
206,107,1
207,107,1
208,107,1
209,108,1
210,108,1
211,108,1
212,108,1
213,108,1
214,108,1
215,108,1
216,108,1
217,108,1
218,108,1
219,108,1
220,108,1
221,108,1
222,108,1
223,108,1
224,108,1
224,109,1
225,109,1
226,109,1
227,109,1
228,109,1
229,110,1
230,110,1
231,110,1
232,110,1
233,110,1
234,111,1
235,111,1
236,111,1
237,111,1
238,112,1
239,112,1
240,112,1
240,113,1
241,113,1
242,113,1
243,113,1
243,114,1
244,114,1
245,114,1
246,114,1
246,115,1
247,115,1
248,115,1
249,116,1
250,116,1
251,116,1
251,117,1
252,117,1
253,118,1
254,118,1
255,119,1
256,119,1
257,120,1
258,120,1
258,121,1
259,121,1
260,121,1
260,122,1
261,122,1
261,123,1
262,123,1
263,123,1
263,124,1
264,124,1
264,125,1
265,125,1
266,126,1
267,126,1
267,127,1
268,127,1
268,128,1
269,128,1
270,129,1
271,130,1
272,131,1
273,131,1
273,132,1
274,132,1
274,133,1
275,133,1
275,134,1
276,134,1
276,135,1
277,135,1
277,136,1
278,136,1
279,137,1
279,138,1
280,138,1
280,139,1
281,139,1
281,140,1
282,140,1
282,141,1
283,141,1
283,142,1
284,142,1
284,143,1
285,144,1
286,145,1
286,146,1
287,146,1
287,147,1
288,147,1
288,148,1
289,149,1
289,150,1
290,151,1
291,152,1
291,153,1
292,154,1
292,155,1
293,155,1
293,156,1
294,157,1
294,158,1
295,158,1
295,159,1
296,160,1
296,161,1
297,161,1
297,162,1
297,163,1
298,163,1
298,164,1
299,165,1
299,166,1
300,166,1
300,167,1
300,168,1
301,169,1
301,170,1
302,170,1
302,171,1
303,172,1
303,173,1
303,174,1
304,174,1
304,175,1
304,176,1
305,176,1
305,177,1
306,178,1
306,179,1
306,180,1
307,180,1
307,181,1
307,182,1
308,183,1
308,184,1
308,185,1
309,185,1
309,186,1
309,187,1
310,188,1
310,189,1
311,190,1
311,191,1
311,192,1
312,192,1
312,193,1
312,194,1
312,195,1
313,195,1
313,196,1
313,197,1
314,198,1
314,199,1
314,200,1
314,201,1
315,201,1
315,202,1
315,203,1
315,204,1
316,204,1
316,205,1
316,206,1
316,207,1
317,207,1
317,208,1
317,209,1
317,210,1
318,210,1
318,211,1
318,212,1
318,213,1
319,213,1
319,214,1
319,215,1
320,216,1
320,217,1
320,218,1
321,219,1
321,220,1
321,221,1
322,221,1
322,222,1
323,223,1
380,218,0
438,213,1
438,214,1
438,215,1
437,215,1
437,216,1
437,217,1
437,218,1
437,219,1
436,220,1
436,221,1
436,222,1
436,223,1
436,224,1
436,225,1
436,226,1
436,227,1
436,228,1
436,229,1
435,230,1
435,231,1
435,232,1
435,233,1
435,234,1
435,235,1
435,236,1
435,237,1
435,238,1
435,239,1
434,240,1
434,241,1
434,242,1
434,243,1
434,244,1
434,245,1
433,245,1
433,246,1
433,247,1
433,248,1
433,249,1
433,250,1
433,251,1
433,252,1
433,253,1
433,254,1
433,255,1
432,255,1
432,256,1
432,257,1
432,258,1
432,259,1
432,260,1
432,261,1
432,262,1
432,263,1
432,264,1
431,265,1
431,266,1
431,267,1
431,268,1
431,269,1
431,270,1
430,270,1
430,271,1
430,272,1
430,273,1
430,274,1
430,275,1
430,276,1
430,277,1
430,278,1
430,279,1
429,279,1
429,280,1
429,281,1
429,282,1
429,283,1
429,284,1
429,285,1
429,286,1
429,287,1
429,288,1
428,289,1
428,290,1
428,291,1
427,292,1
427,293,1
427,294,1
427,295,1
430,264,0
433,237,1
433,236,1
432,236,1
432,235,1
432,234,1
431,234,1
431,233,1
430,232,1
429,231,1
428,230,1
428,229,1
427,229,1
427,228,1
426,228,1
425,227,1
424,226,1
423,225,1
422,224,1
421,224,1
420,223,1
419,223,1
419,222,1
418,222,1
418,221,1
417,221,1
416,220,1
415,220,1
415,219,1
414,219,1
413,218,1
412,218,1
411,217,1
410,217,1
409,216,1
408,216,1
407,216,1
407,215,1
406,215,1
405,215,1
404,214,1
403,214,1
402,214,1
401,214,1
400,214,1
399,214,1
399,213,1
398,213,1
397,213,1
396,213,1
395,213,1
394,213,1
393,213,1
392,213,1
391,213,1
390,213,1
389,213,1
388,213,1
387,213,1
386,213,1
385,213,1
384,213,1
383,213,1
382,213,1
381,213,1
380,213,1
379,213,1
379,214,1
378,214,1
377,214,1
376,214,1
375,214,1
374,214,1
373,215,1
372,215,1
371,215,1
370,215,1
370,216,1
369,216,1
368,216,1
367,217,1
366,217,1
365,217,1
365,218,1
364,218,1
363,219,1
362,219,1
361,220,1
360,220,1
359,221,1
358,221,1
358,222,1
357,222,1
356,223,1
355,223,1
355,224,1
354,224,1
354,225,1
353,225,1
353,226,1
352,226,1
352,227,1
351,227,1
351,228,1
350,228,1
350,229,1
349,230,1
349,231,1
348,231,1
348,232,1
347,232,1
347,233,1
347,234,1
346,235,1
346,236,1
346,237,1
345,238,1
345,239,1
345,240,1
345,241,1
345,242,1
345,243,1
346,243,1
346,244,1
346,245,1
347,246,1
347,247,1
348,248,1
349,249,1
349,250,1
350,250,1
351,251,1
352,251,1
353,252,1
354,252,1
354,253,1
355,253,1
356,253,1
357,253,1
357,254,1
358,254,1
359,254,1
360,254,1
361,254,1
362,254,1
363,254,1
363,255,1
364,255,1
365,255,1
366,255,1
367,255,1
367,254,1
368,254,1
369,254,1
370,254,1
371,254,1
372,254,1
373,254,1
374,254,1
375,253,1
376,253,1
377,253,1
378,253,1
379,252,1
380,252,1
381,252,1
382,252,1
382,251,1
383,251,1
384,251,1
385,250,1
386,250,1
387,250,1
388,249,1
389,249,1
390,249,1
390,248,1
391,248,1
392,248,1
393,247,1
394,247,1
395,247,1
395,246,1
396,246,1
397,245,1
398,245,1
399,244,1
400,244,1
400,243,1
401,243,1
402,242,1
447,227,0
495,208,1
495,209,1
495,210,1
494,210,1
494,211,1
494,212,1
494,213,1
493,213,1
493,214,1
493,215,1
493,216,1
493,217,1
492,217,1
492,218,1
492,219,1
492,220,1
492,221,1
491,221,1
491,222,1
491,223,1
491,224,1
490,224,1
490,225,1
490,226,1
490,227,1
490,228,1
489,229,1
489,230,1
489,231,1
489,232,1
488,233,1
488,234,1
488,235,1
488,236,1
487,237,1
487,238,1
487,239,1
486,240,1
486,241,1
486,242,1
486,243,1
485,244,1
485,245,1
485,246,1
485,247,1
484,248,1
484,249,1
484,250,1
484,251,1
483,251,1
483,252,1
483,253,1
483,254,1
482,255,1
482,256,1
482,257,1
481,258,1
481,259,1
481,260,1
481,261,1
480,261,1
480,262,1
480,263,1
480,264,1
479,264,1
479,265,1
479,266,1
479,267,1
478,268,1
478,269,1
478,270,1
477,271,1
477,272,1
477,273,1
476,273,1
476,274,1
476,275,1
475,276,1
475,277,1
474,277,1
474,278,1
474,279,1
289,218,0
102,160,1
103,160,1
104,160,1
105,160,1
106,160,1
107,160,1
108,160,1
109,160,1
110,160,1
111,160,1
112,160,1
113,160,1
114,160,1
115,160,1
116,160,1
117,160,1
118,160,1
119,160,1
120,160,1
121,160,1
122,160,1
123,160,1
124,160,1
125,160,1
126,160,1
127,160,1
128,160,1
129,160,1
130,160,1
131,160,1
132,160,1
133,160,1
134,160,1
135,160,1
136,160,1
137,160,1
138,160,1
139,160,1
140,160,1
141,160,1
142,160,1
143,160,1
144,160,1
145,160,1
146,160,1
147,160,1
148,160,1
149,160,1
150,160,1
151,160,1
152,160,1
153,160,1
154,160,1
155,160,1
156,160,1
157,160,1
157,161,1
158,161,1
159,161,1
160,161,1
161,161,1
162,161,1
163,161,1
164,161,1
165,161,1
166,161,1
167,161,1
168,161,1
169,161,1
170,161,1
171,161,1
172,161,1
173,161,1
174,161,1
175,161,1
176,161,1
177,162,1
178,162,1
179,162,1
180,162,1
181,162,1
182,162,1
183,162,1
184,162,1
185,163,1
186,163,1
187,163,1
188,163,1
189,163,1
190,163,1
191,163,1
192,163,1
193,163,1
194,163,1
195,163,1
196,163,1
197,163,1
198,163,1
199,163,1
200,164,1
201,164,1
202,164,1
203,164,1
204,164,1
205,164,1
206,164,1
207,164,1
208,164,1
209,164,1
210,164,1
211,164,1
212,164,1
213,164,1
214,165,1
215,165,1
216,165,1
217,165,1
218,165,1
219,165,1
220,165,1
221,165,1
222,165,1
223,165,1
224,165,1
225,165,1
226,165,1
227,165,1
227,166,1
228,166,1
229,166,1
230,166,1
231,166,1
232,166,1
233,166,1
234,167,1
235,167,1
236,167,1
237,167,1
238,167,1
239,167,1
240,167,1
241,167,1
242,167,1
243,167,1
244,167,1
245,167,1
246,167,1
246,168,1
247,168,1
248,168,1
249,168,1
250,168,1
251,168,1
252,168,1
253,168,1
254,168,1
255,168,1
256,168,1
257,168,1
258,169,1
259,169,1
260,169,1
261,169,1
262,169,1
263,169,1
264,170,1
265,170,1
266,170,1
267,170,1
268,170,1
269,170,1
270,170,1
271,170,1
272,170,1
273,170,1
274,170,1
274,171,1
275,171,1
276,171,1
277,171,1
278,171,1
279,171,1
280,171,1
281,171,1
282,171,1
283,171,1
284,171,1
285,171,1
285,172,1
286,172,1
287,172,1
288,172,1
289,172,1
290,172,1
290,173,1
291,173,1
292,173,1
293,173,1
294,173,1
295,173,1
296,173,1
297,173,1
298,173,1
299,173,1
300,173,1
301,174,1
302,174,1
303,174,1
304,174,1
305,174,1
306,174,1
307,174,1
308,174,1
309,174,1
310,174,1
310,175,1
311,175,1
312,175,1
313,175,1
314,175,1
315,176,1
316,176,1
317,176,1
318,176,1
319,176,1
320,176,1
321,176,1
322,176,1
323,176,1
324,176,1
324,177,1
325,177,1
326,177,1
327,177,1
328,177,1
329,177,1
330,177,1
331,177,1
332,177,1
333,177,1
334,177,1
335,178,1
336,178,1
337,178,1
338,178,1
339,178,1
339,179,1
340,179,1
341,179,1
342,179,1
343,179,1
344,179,1
345,179,1
346,179,1
347,179,1
348,179,1
349,179,1
349,180,1
350,180,1
351,180,1
352,180,1
353,180,1
354,180,1
355,180,1
356,180,1
357,180,1
358,180,1
359,180,1
360,181,1
361,181,1
362,181,1
363,181,1
364,181,1
365,182,1
366,182,1
367,182,1
368,182,1
369,182,1
370,182,1
371,182,1
372,182,1
373,182,1
374,182,1
375,182,1
376,183,1
377,183,1
378,183,1
379,183,1
380,183,1
381,183,1
382,183,1
383,183,1
384,183,1
385,183,1
386,184,1
387,184,1
388,184,1
389,184,1
390,184,1
391,185,1
392,185,1
393,185,1
394,185,1
395,185,1
396,185,1
397,185,1
398,185,1
399,185,1
400,185,1
401,185,1
402,186,1
403,186,1
404,186,1
405,186,1
406,186,1
407,186,1
408,186,1
409,186,1
410,186,1
411,186,1
412,187,1
413,187,1
414,187,1
415,187,1
416,187,1
417,187,1
417,188,1
418,188,1
419,188,1
420,188,1
421,188,1
422,188,1
423,188,1
424,188,1
425,188,1
426,188,1
427,188,1
427,189,1
428,189,1
429,189,1
430,189,1
431,189,1
432,189,1
433,189,1
434,189,1
435,189,1
436,189,1
437,189,1
438,189,1
439,190,1
440,190,1
441,190,1
442,190,1
443,190,1
444,190,1
445,190,1
446,190,1
447,190,1
448,190,1
449,190,1
450,190,1
451,191,1
452,191,1
453,191,1
454,191,1
455,191,1
456,191,1
457,192,1
458,192,1
459,192,1
460,192,1
461,192,1
462,192,1
463,192,1
464,192,1
465,192,1
466,192,1
467,192,1
468,192,1
469,193,1
470,193,1
471,193,1
472,193,1
473,193,1
474,193,1
475,193,1
476,193,1
477,193,1
478,193,1
479,193,1
480,193,1
481,193,1
482,194,1
483,194,1
484,194,1
485,194,1
486,194,1
487,194,1
488,194,1
488,195,1
489,195,1
490,195,1
491,195,1
492,195,1
493,195,1
494,195,1
495,195,1
496,195,1
497,195,1
498,195,1
499,195,1
500,195,1
501,195,1
502,195,1
502,196,1
503,196,1
504,196,1
505,196,1
506,196,1
507,196,1
508,196,1
509,196,1
510,196,1
511,196,1
512,196,1
513,196,1
514,196,1
515,196,1
516,196,1
517,196,1
518,196,1
519,197,1
520,197,1
521,197,1
522,197,1
523,197,1
523,196,1
523,196,0
