365,227,1
365,228,1
365,229,1
365,230,1
366,231,1
366,232,1
366,233,1
365,233,1
365,234,1
365,235,1
365,236,1
365,237,1
365,238,1
365,239,1
365,240,1
365,241,1
365,242,1
364,242,1
364,243,1
364,244,1
364,245,1
363,246,1
363,247,1
363,248,1
363,249,1
362,250,1
362,251,1
361,252,1
361,253,1
361,254,1
360,255,1
360,256,1
360,257,1
359,257,1
359,258,1
358,259,1
358,260,1
357,261,1
356,262,1
356,263,1
355,263,1
355,264,1
354,265,1
353,266,1
352,266,1
352,267,1
351,268,1
350,268,1
350,269,1
349,269,1
348,270,1
347,270,1
346,271,1
345,271,1
345,272,1
344,272,1
343,272,1
342,272,1
341,273,1
340,273,1
339,273,1
338,273,1
337,273,1
336,273,1
335,273,1
334,273,1
333,272,1
332,272,1
331,272,1
331,271,1
330,271,1
329,270,1
328,269,1
328,268,1
328,267,1
327,267,1
327,266,1
328,266,1
328,265,1
328,264,1
329,264,1
329,263,1
330,263,1
330,262,1
331,262,1
332,262,1
333,262,1
334,262,1
335,262,1
336,262,1
337,262,1
338,263,1
339,263,1
340,264,1
341,264,1
342,264,1
342,265,1
343,265,1
344,266,1
345,266,1
345,267,1
346,267,1
347,268,1
348,269,1
349,269,1
349,270,1
350,270,1
351,271,1
351,272,1
352,272,1
353,273,1
354,274,1
355,275,1
356,275,1
356,276,1
357,276,1
357,277,1
358,277,1
358,278,1
359,279,1
360,280,1
361,280,1
361,281,1
362,281,1
362,282,1
363,282,1
363,283,1
364,283,1
365,284,1
365,285,1
366,285,1
366,286,1
367,286,1
368,286,1
368,287,1
369,287,1
370,288,1
371,288,1
372,288,1
373,289,1
374,289,1
375,289,1
376,289,1
377,289,1
400,259,0
426,226,1
426,227,1
427,228,1
427,229,1
427,230,1
427,231,1
427,232,1
427,233,1
427,234,1
427,235,1
427,236,1
427,237,1
427,238,1
427,239,1
428,239,1
428,240,1
428,241,1
428,242,1
428,243,1
428,244,1
428,245,1
428,246,1
429,247,1
429,248,1
429,249,1
429,250,1
429,251,1
429,252,1
429,253,1
429,254,1
430,255,1
430,256,1
430,257,1
430,258,1
430,259,1
430,260,1
430,261,1
430,262,1
430,263,1
430,264,1
430,265,1
430,266,1
430,267,1
430,268,1
430,269,1
430,270,1
431,271,1
431,272,1
431,273,1
431,274,1
431,275,1
431,276,1
431,277,1
431,278,1
431,279,1
431,280,1
432,280,1
432,281,1
432,282,1
432,283,1
432,284,1
432,285,1
432,286,1
433,287,1
433,288,1
433,289,1
433,290,1
433,291,1
432,290,1
432,289,1
431,289,1
431,288,1
430,287,1
429,286,1
428,285,1
427,285,1
427,284,1
426,284,1
425,284,1
424,283,1
423,283,1
422,283,1
421,284,1
420,284,1
419,285,1
419,286,1
418,286,1
418,287,1
418,288,1
419,289,1
419,290,1
420,291,1
421,291,1
421,292,1
422,292,1
423,292,1
424,292,1
424,293,1
425,293,1
426,293,1
427,293,1
428,293,1
429,294,1
430,294,1
431,294,1
432,294,1
432,295,1
433,295,1
434,296,1
434,297,1
435,297,1
435,298,1
435,299,1
436,299,1
436,300,1
436,301,1
436,302,1
436,303,1
436,304,1
436,305,1
436,306,1
436,307,1
436,308,1
436,309,1
436,310,1
436,311,1
436,312,1
436,313,1
436,314,1
436,315,1
436,316,1
436,317,1
436,318,1
436,319,1
436,320,1
436,321,1
436,322,1
436,323,1
435,323,1
435,324,1
435,325,1
435,326,1
435,327,1
434,328,1
434,329,1
434,330,1
434,331,1
433,332,1
433,333,1
432,334,1
432,335,1
431,336,1
431,337,1
430,338,1
430,339,1
429,340,1
428,341,1
428,342,1
427,342,1
426,343,1
426,344,1
425,344,1
425,345,1
424,345,1
423,346,1
422,347,1
421,347,1
421,348,1
420,348,1
419,349,1
418,349,1
417,350,1
416,350,1
415,350,1
414,351,1
413,351,1
412,352,1
411,352,1
410,352,1
409,352,1
408,352,1
408,353,1
407,353,1
406,353,1
405,353,1
404,353,1
403,353,1
402,353,1
401,353,1
400,353,1
399,353,1
398,353,1
397,353,1
396,353,1
395,353,1
394,353,1
393,353,1
392,353,1
391,353,1
390,353,1
389,353,1
389,352,1
388,352,1
387,352,1
386,352,1
385,352,1
384,351,1
383,351,1
382,351,1
381,350,1
380,350,1
379,350,1
378,349,1
377,349,1
376,348,1
375,348,1
374,347,1
373,347,1
372,346,1
371,345,1
370,345,1
369,345,1
369,344,1
368,344,1
368,343,1
367,343,1
366,342,1
365,341,1
364,340,1
363,340,1
363,339,1
362,338,1
361,337,1
360,337,1
360,336,1
359,335,1
358,334,1
357,333,1
356,332,1
356,331,1
355,331,1
355,330,1
354,329,1
353,328,1
353,327,1
353,326,1
352,326,1
352,325,1
352,324,1
351,323,1
351,322,1
350,321,1
350,320,1
349,319,1
427,277,0
504,228,1
504,229,1
504,230,1
504,231,1
504,232,1
504,233,1
504,234,1
504,235,1
504,236,1
504,237,1
504,238,1
504,239,1
504,240,1
504,241,1
504,242,1
505,243,1
505,244,1
505,245,1
505,246,1
505,247,1
505,248,1
505,249,1
505,250,1
505,251,1
505,252,1
505,253,1
505,254,1
505,255,1
505,256,1
505,257,1
505,258,1
505,259,1
505,260,1
505,261,1
505,262,1
505,263,1
504,264,1
504,265,1
504,266,1
503,267,1
503,268,1
502,269,1
501,270,1
500,270,1
500,271,1
499,271,1
498,271,1
497,271,1
496,271,1
495,270,1
494,270,1
494,269,1
493,269,1
493,268,1
492,268,1
492,267,1
491,266,1
491,265,1
490,265,1
490,264,1
490,263,1
489,262,1
489,261,1
489,260,1
489,259,1
489,258,1
489,257,1
489,256,1
489,255,1
489,254,1
489,253,1
489,252,1
490,251,1
490,250,1
490,249,1
491,249,1
491,248,1
492,247,1
492,246,1
493,245,1
494,244,1
495,243,1
496,243,1
496,242,1
497,242,1
498,241,1
499,241,1
499,240,1
500,240,1
501,240,1
502,239,1
503,239,1
504,238,1
505,238,1
506,237,1
507,237,1
508,237,1
509,236,1
510,236,1
511,236,1
511,235,1
512,235,1
513,235,1
514,234,1
515,234,1
516,234,1
517,233,1
518,233,1
519,232,1
520,232,1
521,231,1
522,231,1
523,231,1
523,230,1
524,230,1
525,229,1
526,229,1
526,228,1
527,228,1
528,227,1
529,226,1
530,226,1
530,225,1
531,225,1
532,224,1
533,223,1
534,222,1
535,221,1
535,220,1
536,220,1
536,219,1
537,218,1
537,217,1
538,217,1
538,216,1
539,215,1
539,214,1
540,214,1
540,213,1
540,212,1
541,211,1
541,210,1
542,209,1
542,208,1
542,207,1
543,206,1
543,205,1
543,204,1
543,203,1
544,202,1
544,201,1
544,200,1
545,200,1
545,201,1
545,202,1
546,203,1
546,204,1
546,205,1
546,206,1
546,207,1
546,208,1
546,209,1
546,210,1
546,211,1
547,211,1
547,212,1
547,213,1
547,214,1
547,215,1
547,216,1
547,217,1
548,218,1
548,219,1
548,220,1
548,221,1
548,222,1
548,223,1
548,224,1
548,225,1
548,226,1
548,227,1
548,228,1
548,229,1
548,230,1
548,231,1
548,232,1
549,233,1
549,234,1
549,235,1
549,236,1
549,237,1
549,238,1
549,239,1
549,240,1
549,241,1
550,242,1
550,243,1
550,244,1
550,245,1
550,246,1
550,247,1
550,248,1
550,249,1
550,250,1
550,251,1
551,252,1
551,253,1
551,254,1
551,255,1
551,256,1
551,257,1
551,258,1
551,259,1
551,260,1
551,261,1
551,262,1
551,263,1
552,264,1
552,265,1
552,266,1
552,267,1
552,268,1
552,269,1
552,270,1
552,271,1
552,272,1
552,273,1
552,272,1
590,240,0
629,205,1
629,206,1
629,207,1
629,208,1
629,209,1
630,210,1
630,211,1
630,212,1
630,213,1
630,214,1
630,215,1
630,216,1
630,217,1
630,218,1
630,219,1
630,220,1
630,221,1
630,222,1
630,223,1
630,224,1
630,225,1
630,226,1
630,227,1
630,228,1
630,229,1
630,230,1
630,231,1
630,232,1
630,233,1
630,234,1
630,235,1
630,236,1
630,237,1
630,238,1
630,239,1
630,240,1
630,241,1
630,242,1
629,243,1
629,244,1
629,245,1
629,246,1
629,247,1
628,247,1
628,248,1
628,249,1
628,250,1
627,251,1
627,252,1
626,253,1
625,254,1
624,255,1
623,255,1
622,255,1
621,255,1
620,255,1
619,255,1
618,254,1
617,254,1
616,253,1
615,252,1
614,251,1
614,250,1
613,250,1
613,249,1
612,248,1
612,247,1
611,246,1
611,245,1
611,244,1
610,244,1
610,243,1
610,242,1
609,241,1
609,240,1
609,239,1
609,238,1
609,237,1
608,236,1
608,235,1
608,234,1
608,233,1
608,232,1
609,231,1
609,230,1
609,229,1
609,228,1
610,228,1
610,227,1
610,226,1
610,225,1
611,225,1
611,224,1
611,223,1
612,223,1
612,222,1
613,221,1
614,220,1
615,219,1
615,218,1
616,218,1
616,217,1
617,217,1
618,216,1
619,216,1
619,215,1
620,215,1
621,214,1
622,214,1
622,213,1
623,213,1
624,213,1
624,212,1
625,212,1
626,212,1
627,212,1
627,211,1
628,211,1
629,211,1
630,210,1
631,210,1
632,210,1
633,209,1
634,209,1
635,209,1
636,209,1
636,208,1
637,208,1
638,208,1
639,208,1
640,208,1
641,207,1
642,207,1
643,207,1
644,207,1
645,206,1
646,206,1
647,205,1
648,205,1
649,204,1
650,204,1
651,204,1
651,203,1
652,203,1
653,203,1
653,202,1
654,202,1
655,201,1
656,201,1
656,200,1
657,200,1
657,199,1
658,199,1
659,198,1
660,197,1
661,196,1
662,195,1
663,194,1
664,193,1
664,192,1
665,192,1
665,191,1
665,190,1
666,190,1
666,189,1
667,188,1
667,187,1
668,186,1
668,185,1
669,185,1
669,184,1
669,183,1
670,183,1
670,182,1
671,182,1
671,181,1
672,181,1
672,182,1
673,182,1
673,183,1
673,184,1
673,185,1
673,186,1
673,187,1
673,188,1
673,189,1
673,190,1
674,191,1
674,192,1
674,193,1
674,194,1
674,195,1
674,196,1
674,197,1
674,198,1
674,199,1
674,200,1
674,201,1
674,202,1
674,203,1
674,204,1
674,205,1
674,206,1
674,207,1
674,208,1
674,209,1
674,210,1
674,211,1
674,212,1
674,213,1
674,214,1
674,215,1
674,216,1
674,217,1
674,218,1
674,219,1
674,220,1
674,221,1
674,222,1
674,223,1
674,224,1
673,225,1
673,226,1
673,227,1
673,228,1
673,229,1
673,230,1
673,231,1
673,232,1
673,233,1
673,234,1
673,235,1
673,236,1
673,237,1
673,238,1
673,239,1
673,240,1
673,241,1
673,242,1
673,243,1
673,244,1
673,245,1
673,246,1
673,247,1
673,248,1
673,249,1
673,250,1
673,251,1
672,252,1
672,253,1
672,254,1
672,255,1
672,256,1
672,257,1
672,258,1
672,259,1
671,260,1
671,261,1
671,262,1
671,263,1
671,264,1
671,265,1
671,266,1
671,267,1
670,267,1
670,268,1
670,269,1
670,270,1
670,271,1
670,272,1
670,273,1
670,274,1
670,275,1
670,276,1
669,277,1
669,278,1
669,279,1
669,280,1
669,281,1
668,282,1
668,283,1
668,284,1
667,285,1
667,286,1
666,287,1
665,287,1
664,286,1
543,237,0
417,188,1
418,188,1
419,188,1
420,187,1
421,187,1
422,187,1
423,187,1
424,187,1
425,187,1
426,186,1
427,186,1
428,186,1
429,186,1
430,186,1
431,186,1
432,186,1
433,186,1
434,186,1
435,186,1
436,186,1
436,185,1
437,185,1
438,185,1
439,185,1
440,185,1
441,185,1
442,185,1
442,184,1
443,184,1
444,184,1
445,184,1
446,184,1
447,184,1
448,184,1
448,183,1
449,183,1
450,183,1
451,183,1
452,183,1
453,183,1
454,183,1
455,183,1
456,183,1
457,183,1
458,183,1
459,183,1
460,182,1
461,182,1
462,182,1
463,182,1
464,182,1
465,182,1
466,182,1
467,181,1
468,181,1
469,181,1
470,181,1
471,181,1
472,181,1
473,181,1
517,176,0
562,171,1
563,171,1
564,171,1
565,171,1
566,171,1
567,171,1
568,171,1
569,170,1
570,170,1
571,170,1
572,170,1
573,170,1
574,170,1
575,170,1
576,170,1
577,170,1
578,170,1
579,170,1
580,170,1
581,170,1
582,170,1
583,170,1
584,170,1
585,170,1
586,170,1
587,169,1
588,169,1
589,169,1
590,169,1
591,169,1
592,169,1
593,169,1
594,169,1
595,169,1
595,168,1
596,168,1
597,168,1
598,168,1
599,168,1
600,168,1
601,168,1
602,168,1
603,168,1
604,168,1
605,167,1
606,167,1
607,167,1
608,167,1
609,167,1
610,167,1
611,167,1
612,167,1
613,167,1
614,167,1
615,167,1
616,167,1
617,167,1
618,167,1
619,167,1
620,167,1
621,167,1
622,167,1
623,166,1
624,166,1
625,166,1
626,166,1
627,166,1
628,166,1
629,166,1
630,166,1
631,166,1
632,166,1
633,165,1
634,165,1
635,165,1
636,165,1
637,165,1
638,165,1
639,165,1
640,165,1
641,165,1
642,164,1
643,164,1
644,164,1
645,164,1
646,164,1
647,164,1
648,164,1
649,164,1
650,164,1
651,164,1
652,164,1
653,164,1
654,164,1
655,164,1
656,164,1
657,164,1
658,164,1
659,164,1
660,163,1
661,163,1
662,163,1
663,163,1
664,163,1
665,163,1
666,163,1
667,163,1
668,163,1
669,163,1
670,162,1
671,162,1
672,162,1
673,162,1
674,162,1
675,162,1
676,162,1
677,162,1
678,162,1
679,161,1
680,161,1
681,161,1
682,161,1
683,161,1
684,161,1
685,161,1
686,161,1
687,161,1
688,161,1
689,161,1
690,161,1
691,161,1
692,161,1
693,161,1
694,161,1
695,161,1
696,161,1
697,161,1
698,161,1
699,161,1
700,160,1
701,160,1
702,160,1
703,160,1
704,160,1
705,160,1
706,160,1
707,160,1
708,160,1
709,160,1
710,159,1
711,159,1
712,159,1
713,159,1
714,159,1
715,159,1
716,159,1
717,159,1
717,158,1
718,158,1
719,158,1
720,158,1
721,158,1
722,158,1
723,158,1
724,158,1
725,158,1
726,158,1
727,158,1
728,157,1
729,157,1
729,156,1
728,156,1
728,156,0
