350,582,1
351,582,1
352,582,1
353,582,1
354,581,1
355,581,1
356,581,1
357,581,1
358,580,1
359,580,1
360,580,1
361,580,1
362,580,1
363,580,1
364,580,1
365,580,1
366,580,1
367,580,1
368,580,1
369,580,1
370,580,1
371,580,1
372,581,1
373,581,1
374,581,1
375,582,1
376,582,1
377,583,1
378,584,1
379,585,1
380,585,1
380,586,1
381,586,1
381,587,1
382,587,1
383,588,1
384,589,1
385,589,1
386,590,1
387,590,1
387,591,1
388,591,1
389,592,1
390,593,1
391,593,1
391,594,1
392,594,1
392,595,1
393,595,1
394,596,1
394,597,1
395,597,1
395,598,1
396,598,1
396,599,1
397,600,1
398,600,1
398,601,1
399,602,1
400,603,1
400,604,1
401,605,1
401,606,1
402,607,1
402,608,1
403,609,1
404,610,1
404,611,1
404,612,1
405,613,1
406,614,1
406,615,1
406,616,1
407,617,1
407,618,1
407,619,1
408,619,1
408,620,1
408,621,1
409,622,1
409,623,1
409,624,1
409,625,1
410,626,1
410,627,1
411,628,1
411,629,1
411,630,1
411,631,1
412,632,1
412,633,1
413,634,1
413,635,1
413,636,1
413,637,1
413,638,1
414,639,1
414,640,1
414,641,1
414,642,1
414,643,1
415,644,1
415,645,1
415,646,1
415,647,1
415,648,1
415,649,1
415,650,1
415,651,1
415,652,1
416,653,1
416,654,1
416,655,1
416,656,1
416,657,1
416,658,1
416,659,1
416,660,1
416,661,1
416,662,1
416,663,1
416,664,1
416,665,1
415,666,1
415,667,1
415,668,1
415,669,1
415,670,1
415,671,1
415,672,1
414,673,1
414,674,1
414,675,1
414,676,1
413,677,1
413,678,1
413,679,1
412,679,1
412,680,1
412,681,1
411,682,1
411,683,1
411,684,1
410,684,1
410,685,1
409,686,1
409,687,1
408,688,1
408,689,1
407,690,1
407,691,1
406,691,1
406,692,1
405,693,1
404,693,1
404,694,1
403,695,1
403,696,1
402,696,1
402,697,1
401,698,1
400,698,1
400,699,1
399,700,1
398,700,1
398,701,1
397,701,1
396,702,1
396,703,1
395,703,1
394,704,1
393,704,1
393,705,1
392,705,1
391,706,1
390,706,1
390,707,1
389,707,1
388,708,1
387,708,1
386,709,1
385,709,1
385,710,1
384,710,1
383,711,1
382,711,1
381,711,1
380,712,1
379,712,1
378,713,1
377,713,1
376,713,1
375,714,1
374,714,1
373,714,1
372,715,1
371,715,1
370,715,1
369,715,1
368,715,1
367,715,1
366,715,1
365,716,1
364,716,1
363,716,1
362,717,1
361,717,1
360,717,1
359,717,1
358,718,1
357,718,1
356,718,1
355,718,1
354,718,1
353,718,1
352,718,1
351,718,1
350,718,1
349,718,1
348,718,1
347,718,1
346,718,1
345,718,1
344,718,1
343,717,1
342,717,1
341,717,1
340,717,1
339,716,1
338,716,1
337,715,1
336,715,1
335,714,1
335,713,1
334,712,1
334,711,1
334,710,1
334,709,1
413,664,0
470,618,1
471,618,1
472,617,1
473,617,1
474,616,1
475,616,1
476,615,1
477,615,1
478,614,1
479,613,1
480,613,1
481,612,1
482,612,1
483,611,1
484,610,1
485,610,1
486,609,1
487,609,1
488,608,1
489,607,1
490,607,1
491,606,1
492,606,1
493,605,1
494,604,1
495,604,1
506,608,0
521,591,1
521,592,1
522,593,1
522,594,1
523,595,1
524,596,1
524,597,1
525,598,1
525,599,1
526,600,1
526,601,1
527,602,1
528,603,1
528,604,1
529,605,1
529,606,1
530,607,1
531,608,1
531,609,1
532,610,1
532,611,1
533,612,1
533,613,1
534,614,1
535,615,1
535,616,1
536,617,1
536,618,1
537,619,1
537,620,1
538,621,1
539,622,1
539,623,1
540,624,1
540,625,1
541,626,1
541,627,1
542,628,1
543,629,1
543,630,1
544,631,1
544,632,1
545,633,1
545,634,1
545,635,1
546,636,1
555,568,0
573,532,1
573,531,1
572,530,1
572,529,1
572,528,1
571,527,1
571,526,1
571,525,1
571,524,1
571,523,1
572,522,1
572,521,1
573,520,1
573,519,1
574,518,1
575,518,1
575,517,1
576,517,1
576,516,1
577,516,1
578,515,1
579,515,1
579,514,1
580,514,1
581,513,1
582,513,1
583,513,1
584,512,1
585,511,1
586,511,1
587,511,1
588,510,1
589,510,1
590,510,1
590,509,1
591,509,1
592,508,1
593,508,1
593,507,1
594,507,1
595,507,1
596,506,1
597,506,1
598,505,1
599,505,1
600,505,1
601,504,1
602,504,1
603,504,1
604,504,1
604,503,1
605,503,1
606,503,1
607,503,1
608,503,1
609,503,1
610,502,1
611,502,1
612,502,1
613,502,1
614,502,1
615,502,1
616,502,1
617,502,1
618,502,1
619,502,1
620,502,1
621,502,1
622,502,1
623,502,1
624,502,1
625,502,1
626,502,1
627,502,1
628,502,1
629,502,1
630,503,1
631,503,1
632,503,1
633,503,1
634,503,1
635,503,1
635,504,1
636,504,1
637,504,1
638,504,1
639,504,1
640,505,1
641,505,1
642,505,1
643,506,1
644,506,1
645,506,1
645,507,1
646,507,1
647,508,1
648,508,1
649,508,1
649,509,1
650,509,1
651,510,1
652,510,1
653,511,1
654,511,1
654,512,1
655,512,1
656,513,1
656,514,1
657,514,1
658,515,1
659,516,1
660,517,1
661,518,1
662,519,1
662,520,1
663,520,1
663,521,1
664,522,1
664,523,1
665,523,1
665,524,1
666,525,1
667,526,1
667,527,1
667,528,1
668,528,1
668,529,1
668,530,1
669,531,1
669,532,1
670,533,1
670,534,1
670,535,1
671,536,1
671,537,1
671,538,1
671,539,1
672,540,1
672,541,1
672,542,1
672,543,1
672,544,1
672,545,1
672,546,1
672,547,1
672,548,1
672,549,1
672,550,1
672,551,1
672,552,1
672,553,1
671,554,1
671,555,1
671,556,1
671,557,1
671,558,1
670,559,1
670,560,1
670,561,1
670,562,1
670,563,1
670,562,1
671,562,1
671,561,1
672,561,1
672,560,1
673,560,1
673,559,1
674,558,1
675,557,1
676,556,1
677,556,1
677,555,1
678,554,1
679,553,1
680,552,1
681,551,1
682,551,1
682,550,1
683,549,1
684,549,1
684,548,1
685,548,1
686,547,1
687,546,1
688,545,1
689,544,1
690,544,1
691,543,1
692,542,1
693,541,1
694,541,1
695,540,1
696,540,1
696,539,1
697,538,1
698,538,1
699,537,1
700,537,1
700,536,1
701,535,1
702,535,1
703,534,1
704,534,1
705,533,1
705,532,1
706,532,1
707,531,1
708,531,1
709,530,1
709,529,1
710,529,1
711,528,1
712,527,1
713,527,1
713,526,1
714,525,1
715,524,1
716,524,1
716,523,1
717,522,1
718,522,1
719,521,1
719,520,1
720,520,1
721,519,1
722,518,1
723,517,1
724,516,1
724,515,1
725,515,1
726,514,1
726,513,1
727,512,1
728,512,1
728,511,1
729,510,1
730,510,1
730,509,1
731,508,1
732,507,1
733,506,1
734,505,1
734,504,1
735,504,1
735,503,1
736,502,1
737,501,1
738,500,1
738,499,1
739,499,1
740,498,1
740,497,1
741,497,1
741,496,1
742,495,1
743,494,1
744,493,1
745,493,1
745,492,1
746,492,1
747,491,1
748,490,1
749,490,1
749,489,1
750,489,1
751,489,1
751,488,1
752,488,1
753,488,1
754,488,1
755,488,1
756,488,1
757,488,1
758,488,1
759,489,1
760,489,1
760,490,1
761,490,1
762,491,1
763,491,1
763,492,1
764,493,1
765,494,1
766,495,1
766,496,1
767,496,1
767,497,1
768,498,1
769,499,1
769,500,1
770,500,1
770,501,1
770,502,1
771,503,1
771,504,1
772,504,1
772,505,1
773,506,1
773,507,1
773,508,1
774,509,1
774,510,1
775,511,1
775,512,1
776,513,1
776,514,1
776,515,1
777,516,1
777,517,1
778,518,1
778,519,1
778,520,1
779,521,1
779,522,1
779,523,1
780,523,1
780,524,1
780,525,1
781,526,1
781,527,1
782,528,1
782,529,1
782,530,1
783,531,1
783,532,1
783,533,1
784,534,1
784,535,1
785,536,1
785,537,1
785,538,1
786,538,1
786,539,1
787,540,1
787,541,1
787,542,1
788,543,1
788,544,1
788,545,1
789,546,1
789,547,1
789,548,1
790,549,1
790,550,1
790,551,1
790,552,1
791,553,1
791,554,1
791,555,1
791,556,1
792,557,1
792,558,1
792,559,1
792,560,1
793,561,1
793,562,1
793,563,1
793,564,1
839,501,0
880,439,1
880,440,1
881,441,1
881,442,1
882,443,1
883,444,1
883,445,1
884,446,1
884,447,1
885,448,1
885,449,1
886,450,1
886,451,1
887,451,1
887,452,1
888,453,1
888,454,1
889,455,1
889,456,1
889,457,1
890,458,1
890,459,1
890,460,1
891,461,1
891,462,1
891,463,1
891,464,1
892,465,1
892,466,1
892,467,1
892,468,1
892,469,1
892,470,1
893,471,1
893,472,1
892,473,1
893,473,1
893,474,1
893,475,1
893,476,1
893,477,1
893,478,1
893,479,1
893,480,1
893,481,1
893,482,1
893,483,1
894,484,1
894,485,1
894,486,1
894,487,1
894,488,1
894,489,1
894,490,1
894,491,1
894,492,1
894,493,1
894,494,1
893,495,1
893,496,1
893,497,1
893,498,1
892,498,1
892,499,1
892,500,1
891,500,1
890,501,1
889,501,1
888,501,1
887,501,1
886,501,1
885,501,1
884,500,1
883,500,1
882,500,1
881,500,1
880,500,1
790,457,0
695,434,1
694,433,1
694,432,1
693,431,1
692,431,1
692,430,1
691,430,1
691,429,1
690,428,1
690,427,1
689,426,1
689,425,1
689,424,1
688,423,1
688,422,1
688,421,1
687,420,1
687,419,1
687,418,1
687,417,1
687,416,1
687,415,1
687,414,1
687,413,1
688,412,1
688,411,1
688,410,1
688,409,1
689,408,1
689,407,1
690,406,1
690,405,1
691,405,1
691,404,1
692,403,1
692,402,1
692,401,1
693,400,1
693,399,1
693,398,1
694,398,1
694,397,1
694,396,1
695,395,1
696,394,1
696,393,1
697,392,1
698,391,1
698,390,1
699,390,1
699,389,1
700,388,1
700,387,1
701,387,1
701,386,1
702,386,1
703,385,1
703,384,1
704,384,1
705,383,1
706,382,1
707,381,1
708,381,1
708,380,1
709,380,1
710,379,1
711,379,1
711,378,1
712,378,1
713,377,1
714,377,1
715,377,1
715,376,1
716,376,1
717,375,1
718,375,1
719,375,1
719,374,1
720,374,1
721,374,1
722,374,1
723,373,1
724,373,1
725,373,1
725,372,1
726,372,1
727,372,1
728,372,1
729,371,1
730,371,1
731,371,1
732,371,1
733,370,1
734,370,1
735,370,1
736,370,1
737,370,1
738,370,1
739,369,1
740,369,1
741,369,1
742,369,1
743,369,1
744,369,1
745,369,1
746,369,1
747,369,1
748,369,1
749,369,1
750,369,1
751,369,1
752,370,1
753,370,1
754,370,1
755,370,1
756,370,1
757,370,1
758,370,1
759,371,1
760,371,1
761,371,1
762,371,1
763,372,1
764,372,1
765,372,1
766,372,1
766,373,1
767,373,1
768,373,1
769,374,1
770,374,1
771,374,1
771,375,1
772,375,1
773,376,1
774,376,1
775,376,1
775,377,1
776,377,1
777,378,1
778,378,1
779,379,1
780,379,1
781,379,1
782,380,1
783,380,1
784,380,1
784,381,1
785,381,1
786,382,1
787,382,1
788,383,1
789,384,1
790,384,1
791,385,1
792,386,1
793,387,1
794,388,1
795,389,1
796,390,1
796,391,1
797,391,1
797,392,1
798,393,1
798,394,1
798,395,1
798,396,1
799,397,1
799,398,1
798,399,1
798,400,1
815,398,0
820,414,1
821,414,1
822,414,1
823,414,1
824,414,1
825,413,1
826,413,1
827,413,1
828,413,1
829,412,1
830,412,1
831,412,1
832,412,1
833,411,1
834,411,1
835,411,1
836,411,1
837,410,1
838,410,1
839,409,1
840,409,1
841,409,1
842,409,1
843,408,1
844,408,1
845,408,1
846,407,1
847,407,1
848,407,1
849,406,1
850,406,1
851,406,1
852,406,1
853,405,1
854,405,1
855,405,1
856,404,1
857,404,1
858,404,1
859,403,1
860,403,1
861,403,1
862,402,1
863,402,1
864,402,1
865,401,1
866,401,1
867,401,1
868,400,1
869,400,1
870,400,1
871,400,1
872,399,1
873,399,1
874,399,1
875,398,1
876,398,1
877,398,1
878,397,1
879,397,1
880,396,1
881,396,1
882,396,1
883,396,1
884,395,1
885,395,1
886,395,1
887,394,1
888,394,1
889,394,1
890,393,1
891,393,1
892,393,1
893,392,1
894,392,1
895,392,1
896,391,1
897,391,1
898,391,1
899,390,1
900,390,1
901,389,1
902,389,1
903,389,1
904,388,1
905,388,1
906,388,1
907,387,1
908,387,1
909,387,1
910,386,1
911,386,1
912,386,1
913,385,1
914,385,1
915,385,1
916,384,1
917,384,1
918,384,1
918,383,1
919,383,1
920,383,1
921,382,1
922,382,1
923,381,1
924,381,1
925,381,1
926,380,1
927,380,1
928,380,1
929,379,1
930,379,1
931,379,1
932,378,1
933,378,1
934,377,1
935,377,1
936,377,1
937,376,1
938,376,1
939,376,1
940,375,1
941,375,1
942,375,1
943,374,1
944,374,1
945,373,1
946,373,1
947,372,1
948,372,1
949,371,1
950,371,1
951,371,1
952,370,1
953,370,1
954,369,1
955,369,1
956,369,1
957,368,1
958,368,1
959,368,1
960,367,1
961,367,1
962,366,1
963,366,1
964,366,1
965,365,1
966,365,1
967,364,1
968,364,1
969,364,1
970,363,1
971,363,1
972,362,1
973,362,1
974,362,1
975,361,1
976,361,1
977,360,1
978,360,1
979,360,1
979,359,1
980,359,1
981,358,1
982,358,1
983,358,1
984,357,1
985,357,1
986,356,1
987,356,1
988,355,1
989,355,1
990,355,1
991,354,1
992,354,1
993,354,1
1042,385,0
1102,391,1
1103,392,1
1103,393,1
1104,394,1
1105,395,1
1105,396,1
1105,397,1
1106,398,1
1106,399,1
1107,400,1
1107,401,1
1107,402,1
1108,403,1
1108,404,1
1108,405,1
1108,406,1
1108,407,1
1108,408,1
1108,409,1
1108,410,1
1109,411,1
1109,412,1
1109,413,1
1109,414,1
1110,415,1
1110,416,1
1110,417,1
1110,418,1
1110,419,1
1109,420,1
1109,421,1
1109,422,1
1108,423,1
1107,423,1
1106,423,1
1105,423,1
1064,411,0
1034,421,1
1033,422,1
1032,422,1
1031,422,1
1030,421,1
1029,421,1
1029,420,1
1028,419,1
1027,419,1
1026,418,1
1026,417,1
1025,417,1
1024,416,1
1023,415,1
1022,414,1
1021,414,1
1020,413,1
1019,413,1
1018,412,1
1017,412,1
1016,412,1
1015,411,1
1014,411,1
1013,411,1
1012,411,1
1011,411,1
1010,411,1
1009,411,1
1008,411,1
1007,411,1
1007,412,1
1006,412,1
1005,412,1
1004,412,1
1003,412,1
1002,412,1
1001,412,1
1000,412,1
1000,413,1
999,413,1
998,413,1
997,413,1
996,414,1
995,414,1
994,415,1
993,415,1
993,416,1
992,416,1
991,416,1
991,417,1
990,418,1
989,419,1
988,420,1
988,421,1
987,422,1
987,423,1
987,424,1
986,424,1
986,425,1
986,426,1
985,427,1
985,428,1
985,429,1
985,430,1
985,431,1
985,432,1
985,433,1
985,434,1
985,435,1
985,436,1
985,437,1
985,438,1
985,439,1
985,440,1
985,441,1
985,442,1
986,443,1
986,444,1
986,445,1
986,446,1
987,447,1
987,448,1
987,449,1
988,450,1
988,451,1
988,452,1
989,453,1
990,454,1
990,455,1
990,456,1
991,456,1
991,457,1
992,458,1
992,459,1
993,459,1
994,460,1
994,461,1
995,461,1
995,462,1
996,463,1
997,464,1
998,464,1
998,465,1
999,465,1
1000,466,1
1001,467,1
1002,467,1
1003,468,1
1004,469,1
1005,469,1
1005,470,1
1006,470,1
1006,471,1
1007,472,1
1008,472,1
1008,473,1
1009,473,1
1010,474,1
1011,474,1
1011,475,1
1012,475,1
1013,476,1
1014,476,1
1015,476,1
1015,477,1
1016,477,1
1017,477,1
1018,478,1
1019,478,1
1020,478,1
1021,478,1
1022,478,1
1023,478,1
1024,478,1
1025,478,1
1026,478,1
1027,478,1
1028,478,1
1029,478,1
1030,478,1
1031,477,1
1032,477,1
1033,477,1
1033,476,1
1034,476,1
1034,475,1
1116,434,0
1205,373,1
1205,374,1
1206,375,1
1206,376,1
1206,377,1
1207,378,1
1207,379,1
1208,380,1
1208,381,1
1209,382,1
1209,383,1
1210,384,1
1210,385,1
1211,386,1
1211,387,1
1211,388,1
1212,388,1
1212,389,1
1213,390,1
1213,391,1
1214,392,1
1214,393,1
1214,394,1
1215,395,1
1215,396,1
1216,397,1
1216,398,1
1217,399,1
1217,400,1
1218,401,1
1218,402,1
1219,403,1
1219,404,1
1219,405,1
1220,406,1
1220,407,1
1221,407,1
1221,408,1
1222,409,1
1222,410,1
1222,411,1
1223,412,1
1223,413,1
1224,414,1
1225,415,1
1225,414,1
1225,413,1
1248,385,0
1261,368,1
1262,368,1
1263,369,1
1264,369,1
1265,369,1
1266,369,1
1267,370,1
1268,370,1
1269,370,1
1270,370,1
1271,370,1
1272,370,1
1273,370,1
1274,369,1
1275,369,1
1276,369,1
1277,368,1
1278,368,1
1279,368,1
1280,367,1
1281,367,1
1281,366,1
1282,366,1
1283,365,1
1284,365,1
1285,364,1
1285,363,1
1286,363,1
1287,362,1
1287,361,1
1288,361,1
1289,360,1
1289,359,1
1290,359,1
1291,358,1
1292,357,1
1293,356,1
1294,356,1
1295,355,1
1296,354,1
1297,354,1
1298,353,1
1298,352,1
1299,352,1
1300,351,1
1301,351,1
1301,350,1
1302,350,1
1303,349,1
1304,348,1
1305,347,1
1306,347,1
1307,346,1
1307,345,1
1308,345,1
1309,344,1
1310,344,1
1310,343,1
1311,342,1
1312,342,1
1312,341,1
1313,341,1
1314,340,1
1314,339,1
1315,339,1
1316,338,1
1317,338,1
1317,337,1
1318,337,1
1319,336,1
1320,335,1
1321,335,1
1321,334,1
1322,334,1
1323,334,1
1323,333,1
1324,333,1
1325,333,1
1326,332,1
1327,332,1
1328,332,1
1329,331,1
1330,331,1
1331,331,1
1332,331,1
1333,331,1
1334,331,1
1335,331,1
1336,331,1
1337,331,1
1337,332,1
1338,332,1
1339,332,1
1340,332,1
1340,333,1
1341,333,1
1342,334,1
1343,334,1
1344,334,1
1345,335,1
1346,335,1
1347,335,1
1347,336,1
1348,336,1
1349,337,1
1350,337,1
1350,338,1
1351,339,1
1351,340,1
1352,341,1
1353,342,1
1353,343,1
1353,344,1
1354,345,1
1354,346,1
1355,347,1
1355,348,1
1356,349,1
1356,350,1
1356,351,1
1357,351,1
1357,352,1
1357,353,1
1358,354,1
1358,355,1
1358,356,1
1358,357,1
1357,357,1
1323,335,0
1275,323,1
1276,323,1
1277,323,1
1278,323,1
1279,324,1
1280,324,1
1281,324,1
1282,324,1
1283,325,1
1284,325,1
1285,325,1
1286,325,1
1287,325,1
1288,325,1
1289,326,1
1290,326,1
1291,326,1
1292,326,1
1293,326,1
1294,326,1
1295,327,1
1296,327,1
1297,327,1
1298,327,1
1299,327,1
1300,327,1
1301,327,1
1302,327,1
1303,328,1
1304,328,1
1305,328,1
1306,328,1
1307,328,1
1308,328,1
1309,328,1
1310,328,1
1311,329,1
1312,329,1
1313,329,1
1314,329,1
1315,329,1
1316,329,1
1317,329,1
1318,330,1
1319,330,1
1320,330,1
1321,330,1
1322,330,1
1323,330,1
1324,330,1
1325,330,1
1326,330,1
1327,331,1
1328,331,1
1329,331,1
1330,331,1
1331,331,1
1332,331,1
1333,331,1
1334,331,1
1335,331,1
1336,331,1
1337,332,1
1338,332,1
1339,332,1
1340,332,1
1341,332,1
1342,332,1
1343,332,1
1344,332,1
1345,332,1
1346,332,1
1392,312,0
1446,280,1
1447,281,1
1447,282,1
1448,283,1
1449,283,1
1449,284,1
1450,285,1
1451,285,1
1451,286,1
1452,287,1
1452,288,1
1453,288,1
1454,289,1
1454,290,1
1455,291,1
1455,292,1
1456,293,1
1457,293,1
1457,294,1
1458,295,1
1458,296,1
1459,297,1
1459,298,1
1460,298,1
1460,299,1
1461,300,1
1461,301,1
1462,302,1
1463,303,1
1464,304,1
1464,305,1
1464,306,1
1465,306,1
1465,307,1
1466,308,1
1467,309,1
1467,310,1
1468,311,1
1468,312,1
1469,312,1
1469,313,1
1470,314,1
1470,315,1
1471,316,1
1471,317,1
1472,317,1
1472,318,1
1473,319,1
1473,320,1
1474,321,1
1475,322,1
1475,323,1
1475,324,1
1476,324,1
1476,325,1
1476,326,1
1477,326,1
1477,327,1
1477,328,1
1477,329,1
1476,329,1
1475,329,1
1474,328,1
1398,285,0
1341,245,1
1340,245,1
1339,245,1
1338,246,1
1337,246,1
1336,246,1
1335,246,1
1334,246,1
1333,247,1
1332,247,1
1331,247,1
1330,247,1
1329,248,1
1328,248,1
1327,248,1
1326,249,1
1325,249,1
1324,249,1
1323,250,1
1322,250,1
1321,250,1
1320,250,1
1319,251,1
1318,251,1
1317,251,1
1316,251,1
1315,252,1
1314,252,1
1313,252,1
1312,252,1
1311,253,1
1310,253,1
1309,253,1
1308,254,1
1307,254,1
1306,254,1
1305,254,1
1304,255,1
1303,255,1
1302,255,1
1301,255,1
1300,256,1
1299,256,1
1298,256,1
1297,256,1
1296,257,1
1295,257,1
1294,257,1
1293,257,1
1292,258,1
1291,258,1
1290,258,1
1289,258,1
1288,259,1
1287,259,1
1286,259,1
1285,259,1
1284,260,1
1283,260,1
1282,260,1
1281,260,1
1280,261,1
1279,261,1
1278,261,1
1277,261,1
1276,262,1
1275,262,1
1274,262,1
1273,262,1
1272,262,1
1271,263,1
1270,263,1
1269,263,1
1268,263,1
1267,264,1
1266,264,1
1265,264,1
1264,264,1
1263,264,1
1262,265,1
1261,265,1
1260,265,1
1259,265,1
1258,266,1
1257,266,1
1256,266,1
1255,267,1
1254,267,1
1253,267,1
1252,267,1
1251,267,1
1250,268,1
1249,268,1
1248,268,1
1247,268,1
1246,268,1
1245,269,1
1244,269,1
1243,269,1
1242,269,1
1241,270,1
1240,270,1
1239,270,1
1238,270,1
1237,270,1
1237,271,1
1236,271,1
1235,271,1
1234,271,1
1233,271,1
1232,272,1
1231,272,1
1230,272,1
1229,272,1
1228,273,1
1227,273,1
1226,273,1
1225,273,1
1224,273,1
1223,274,1
1222,274,1
1221,274,1
1220,274,1
1219,275,1
1218,275,1
1217,275,1
1216,275,1
1215,275,1
1214,276,1
1213,276,1
1212,276,1
1211,276,1
1210,277,1
1209,277,1
1208,277,1
1207,277,1
1206,278,1
1205,278,1
1204,278,1
1203,278,1
1202,278,1
1201,279,1
1200,279,1
1199,279,1
1198,279,1
1197,280,1
1196,280,1
1195,280,1
1194,280,1
1193,280,1
1192,281,1
1191,281,1
1190,281,1
1189,281,1
1189,282,1
1188,282,1
1187,282,1
1186,282,1
1185,282,1
1184,283,1
1183,283,1
1182,283,1
1181,283,1
1180,284,1
1179,284,1
1178,284,1
1177,284,1
1176,284,1
1175,285,1
1174,285,1
1173,285,1
1172,285,1
1171,286,1
1170,286,1
1169,286,1
1168,286,1
1167,287,1
1166,287,1
1165,287,1
1164,287,1
1163,287,1
1162,288,1
1161,288,1
1160,288,1
1159,288,1
1158,289,1
1157,289,1
1156,289,1
1155,289,1
1154,290,1
1153,290,1
1152,290,1
1151,290,1
1150,290,1
1149,291,1
1148,291,1
1147,291,1
1146,291,1
1145,292,1
1144,292,1
1143,292,1
1142,292,1
1141,293,1
1140,293,1
1139,293,1
1138,293,1
1137,293,1
1136,294,1
1135,294,1
1134,294,1
1133,295,1
1132,295,1
1131,295,1
1130,295,1
1129,296,1
1128,296,1
1127,296,1
1126,296,1
1125,296,1
1124,297,1
1123,297,1
1122,297,1
1121,297,1
1120,297,1
1119,298,1
1118,298,1
1117,298,1
1116,298,1
1115,299,1
1114,299,1
1113,299,1
1112,299,1
1111,300,1
1110,300,1
1109,300,1
1108,300,1
1107,301,1
1106,301,1
1105,301,1
1104,301,1
1103,301,1
1102,302,1
1101,302,1
1100,302,1
1099,302,1
1099,303,1
1098,303,1
1097,303,1
1096,303,1
1095,304,1
1094,304,1
1093,304,1
1092,304,1
1091,304,1
1090,305,1
1089,305,1
1088,305,1
1087,305,1
1086,306,1
1085,306,1
1084,306,1
1083,306,1
1082,307,1
1081,307,1
1080,307,1
1079,307,1
1078,308,1
1077,308,1
1076,308,1
1075,308,1
1074,308,1
1073,309,1
1072,309,1
1071,309,1
1070,309,1
1069,310,1
1068,310,1
1067,310,1
1066,310,1
1065,310,1
1064,311,1
1063,311,1
1062,311,1
1061,312,1
1060,312,1
1059,312,1
1058,312,1
1057,313,1
1056,313,1
1055,313,1
1054,313,1
1053,313,1
1052,314,1
1051,314,1
1050,314,1
1049,314,1
1048,315,1
1047,315,1
1046,315,1
1045,315,1
1044,315,1
1043,316,1
1042,316,1
1041,316,1
1040,316,1
1039,317,1
1038,317,1
1037,317,1
1036,318,1
1035,318,1
1034,318,1
1033,318,1
1032,318,1
1031,319,1
1030,319,1
1029,319,1
1028,319,1
1027,320,1
1026,320,1
1025,320,1
1024,320,1
1023,321,1
1022,321,1
1021,321,1
1020,321,1
1019,321,1
1018,322,1
1017,322,1
1016,322,1
1015,322,1
1014,323,1
1013,323,1
1012,323,1
1011,324,1
1010,324,1
1009,324,1
1008,324,1
1007,325,1
1006,325,1
1005,325,1
1004,325,1
1003,325,1
1002,326,1
1001,326,1
1000,326,1
999,326,1
998,327,1
997,327,1
996,327,1
995,327,1
994,328,1
993,328,1
992,328,1
991,328,1
990,329,1
989,329,1
988,329,1
987,329,1
986,330,1
985,330,1
984,330,1
983,330,1
982,331,1
981,331,1
980,331,1
979,331,1
978,332,1
977,332,1
976,332,1
975,332,1
974,333,1
973,333,1
972,333,1
971,333,1
970,334,1
969,334,1
968,334,1
967,334,1
966,335,1
965,335,1
964,335,1
963,336,1
962,336,1
961,336,1
960,336,1
959,336,1
958,337,1
957,337,1
956,337,1
955,337,1
954,338,1
953,338,1
952,338,1
951,338,1
950,339,1
949,339,1
948,339,1
947,339,1
946,340,1
945,340,1
944,340,1
943,340,1
942,341,1
941,341,1
940,341,1
939,341,1
938,342,1
937,342,1
936,342,1
935,342,1
934,343,1
933,343,1
932,343,1
931,343,1
930,344,1
929,344,1
928,344,1
927,345,1
926,345,1
925,345,1
924,345,1
923,346,1
922,346,1
921,346,1
920,346,1
919,346,1
918,347,1
917,347,1
916,347,1
915,347,1
914,348,1
913,348,1
912,348,1
911,348,1
910,349,1
909,349,1
908,349,1
907,349,1
906,350,1
905,350,1
904,350,1
903,350,1
902,351,1
901,351,1
900,351,1
899,351,1
898,351,1
897,352,1
896,352,1
895,352,1
894,353,1
893,353,1
892,353,1
891,353,1
890,354,1
889,354,1
888,354,1
887,354,1
886,355,1
885,355,1
884,355,1
883,355,1
882,355,1
881,356,1
880,356,1
879,356,1
878,356,1
877,357,1
876,357,1
875,357,1
874,357,1
873,358,1
872,358,1
871,358,1
870,358,1
869,359,1
868,359,1
867,359,1
866,359,1
865,360,1
864,360,1
863,360,1
862,360,1
861,361,1
860,361,1
859,361,1
858,361,1
857,362,1
856,362,1
855,362,1
854,362,1
853,362,1
852,363,1
851,363,1
850,363,1
849,363,1
848,364,1
847,364,1
846,364,1
845,364,1
844,365,1
843,365,1
842,365,1
841,365,1
840,366,1
839,366,1
838,366,1
837,366,1
836,367,1
835,367,1
834,367,1
833,367,1
832,368,1
831,368,1
830,368,1
829,368,1
828,368,1
827,369,1
826,369,1
825,369,1
824,369,1
823,370,1
822,370,1
821,370,1
820,370,1
819,371,1
818,371,1
817,371,1
816,371,1
815,371,1
815,372,1
814,372,1
813,372,1
812,372,1
811,373,1
810,373,1
809,373,1
808,373,1
807,374,1
806,374,1
805,374,1
804,374,1
803,374,1
802,375,1
801,375,1
800,375,1
799,375,1
798,376,1
797,376,1
796,376,1
795,376,1
794,377,1
793,377,1
792,377,1
791,377,1
790,378,1
789,378,1
788,378,1
787,378,1
786,378,1
785,379,1
784,379,1
783,379,1
782,379,1
781,380,1
780,380,1
779,380,1
778,381,1
777,381,1
776,381,1
775,381,1
774,382,1
773,382,1
772,382,1
771,382,1
770,382,1
769,383,1
768,383,1
767,383,1
766,383,1
765,384,1
764,384,1
763,384,1
762,384,1
761,385,1
760,385,1
759,385,1
758,385,1
757,386,1
756,386,1
755,386,1
754,386,1
753,387,1
752,387,1
751,387,1
750,387,1
749,388,1
748,388,1
747,388,1
746,388,1
745,389,1
744,389,1
743,389,1
742,389,1
741,390,1
740,390,1
739,390,1
738,391,1
737,391,1
736,391,1
735,391,1
734,391,1
733,392,1
732,392,1
731,392,1
730,392,1
729,393,1
728,393,1
727,393,1
726,394,1
725,394,1
724,394,1
723,394,1
722,395,1
721,395,1
720,396,1
720,396,0
