876,864,1
877,864,1
878,864,1
879,864,1
880,864,1
881,864,1
882,864,1
883,864,1
884,864,1
885,864,1
886,865,1
887,865,1
888,865,1
889,865,1
890,866,1
891,866,1
892,866,1
893,867,1
894,867,1
895,868,1
896,868,1
897,868,1
898,869,1
899,870,1
900,870,1
900,871,1
901,871,1
902,872,1
903,872,1
903,873,1
904,874,1
905,874,1
905,875,1
906,876,1
907,876,1
907,877,1
908,878,1
909,879,1
909,880,1
910,881,1
911,882,1
911,883,1
911,884,1
912,885,1
912,886,1
913,887,1
913,888,1
913,889,1
913,890,1
914,890,1
914,891,1
914,892,1
914,893,1
915,894,1
915,895,1
915,896,1
915,897,1
916,898,1
916,899,1
916,900,1
916,901,1
916,902,1
916,903,1
917,904,1
917,905,1
917,906,1
917,907,1
917,908,1
917,909,1
918,910,1
918,911,1
918,912,1
918,913,1
918,914,1
918,915,1
918,916,1
919,917,1
919,918,1
919,919,1
920,920,1
920,921,1
920,922,1
921,923,1
921,924,1
922,925,1
922,926,1
922,927,1
923,928,1
923,929,1
923,930,1
924,931,1
924,932,1
924,933,1
924,934,1
925,935,1
925,936,1
925,937,1
925,938,1
926,938,1
926,939,1
926,940,1
926,941,1
927,942,1
927,943,1
927,944,1
927,945,1
927,946,1
928,947,1
928,948,1
928,949,1
928,950,1
928,951,1
929,952,1
929,953,1
929,954,1
929,955,1
929,956,1
930,957,1
930,958,1
930,959,1
930,960,1
930,961,1
930,962,1
930,963,1
930,964,1
931,965,1
931,966,1
931,967,1
931,968,1
931,969,1
931,970,1
931,971,1
931,972,1
931,973,1
931,974,1
932,975,1
932,976,1
932,977,1
932,978,1
932,979,1
932,980,1
932,981,1
932,982,1
932,983,1
932,984,1
932,985,1
932,986,1
932,987,1
932,988,1
932,989,1
932,990,1
932,991,1
932,992,1
932,993,1
932,994,1
932,995,1
932,996,1
932,997,1
932,998,1
932,999,1
932,1000,1
932,1001,1
932,1002,1
932,1003,1
932,1004,1
932,1005,1
932,1006,1
932,1007,1
932,1008,1
932,1009,1
932,1010,1
931,1011,1
931,1012,1
931,1013,1
931,1014,1
931,1015,1
931,1016,1
931,1017,1
931,1018,1
930,1019,1
930,1020,1
930,1021,1
930,1022,1
930,1023,1
930,1024,1
929,1025,1
929,1026,1
929,1027,1
929,1028,1
928,1029,1
928,1030,1
928,1031,1
927,1032,1
927,1033,1
927,1034,1
926,1035,1
926,1036,1
926,1037,1
925,1038,1
925,1039,1
925,1040,1
924,1041,1
924,1042,1
923,1043,1
923,1044,1
922,1045,1
922,1046,1
921,1047,1
921,1048,1
920,1048,1
920,1049,1
919,1049,1
919,1050,1
919,1051,1
918,1051,1
918,1052,1
917,1052,1
917,1053,1
916,1053,1
916,1054,1
915,1054,1
915,1055,1
915,1056,1
914,1056,1
914,1057,1
914,1058,1
913,1059,1
913,1060,1
913,1061,1
912,1062,1
912,1063,1
911,1064,1
911,1065,1
910,1065,1
910,1066,1
909,1066,1
909,1067,1
908,1068,1
907,1069,1
906,1070,1
905,1071,1
904,1071,1
904,1072,1
903,1072,1
902,1072,1
901,1073,1
900,1074,1
899,1074,1
898,1075,1
897,1075,1
896,1075,1
895,1076,1
894,1076,1
893,1077,1
892,1077,1
891,1077,1
890,1077,1
889,1078,1
888,1078,1
887,1078,1
886,1078,1
885,1078,1
884,1078,1
883,1078,1
882,1078,1
881,1078,1
880,1078,1
879,1078,1
878,1078,1
877,1078,1
876,1078,1
875,1078,1
874,1078,1
873,1078,1
873,1077,1
872,1077,1
871,1077,1
870,1077,1
869,1076,1
868,1076,1
867,1075,1
866,1075,1
866,1074,1
865,1073,1
864,1073,1
864,1072,1
863,1071,1
863,1070,1
862,1069,1
863,1068,1
863,1067,1
864,1066,1
864,1065,1
864,1064,1
984,989,0
1058,930,1
1059,929,1
1060,928,1
1061,927,1
1062,926,1
1063,925,1
1064,924,1
1065,923,1
1066,922,1
1067,921,1
1067,920,1
1068,919,1
1069,918,1
1069,917,1
1070,916,1
1070,915,1
1071,914,1
1071,913,1
1072,912,1
1072,911,1
1072,910,1
1072,909,1
1072,908,1
1073,907,1
1073,906,1
1073,905,1
1073,904,1
1073,903,1
1073,902,1
1074,902,1
1075,902,1
1076,902,1
1076,903,1
1077,903,1
1077,904,1
1077,905,1
1078,906,1
1078,907,1
1079,908,1
1079,909,1
1080,910,1
1080,911,1
1080,912,1
1080,913,1
1081,913,1
1081,914,1
1081,915,1
1082,916,1
1082,917,1
1083,918,1
1083,919,1
1083,920,1
1084,921,1
1084,922,1
1084,923,1
1085,924,1
1085,925,1
1085,926,1
1086,927,1
1087,928,1
1087,929,1
1088,929,1
1088,930,1
1089,931,1
1089,932,1
1090,933,1
1090,934,1
1091,935,1
1091,936,1
1091,937,1
1092,937,1
1092,938,1
1092,939,1
1093,940,1
1093,941,1
1094,942,1
1094,943,1
1094,944,1
1095,945,1
1095,946,1
1095,947,1
1096,948,1
1096,949,1
1096,950,1
1097,950,1
1097,951,1
1097,952,1
1097,953,1
1098,954,1
1098,955,1
1098,956,1
1099,957,1
1099,958,1
1099,959,1
1100,960,1
1100,961,1
1100,962,1
1101,962,1
1101,963,1
1101,964,1
1102,965,1
1102,966,1
1102,967,1
1103,968,1
1103,969,1
1103,970,1
1103,971,1
1104,972,1
1104,973,1
1104,974,1
1105,975,1
1105,976,1
1105,977,1
1106,978,1
1106,979,1
1106,980,1
1107,981,1
1107,982,1
1107,983,1
1108,984,1
1108,985,1
1108,986,1
1109,987,1
1109,988,1
1109,989,1
1110,990,1
1110,991,1
1110,992,1
1111,993,1
1111,994,1
1111,995,1
1112,996,1
1112,997,1
1112,998,1
1113,999,1
1113,1000,1
1114,1001,1
1114,1002,1
1114,1003,1
1115,1004,1
1115,1005,1
1116,1006,1
1116,1007,1
1116,1008,1
1117,1009,1
1117,1010,1
1118,1011,1
1118,1012,1
1118,1013,1
1119,1014,1
1119,1015,1
1119,1016,1
1120,1017,1
1120,1018,1
1121,1019,1
1121,1020,1
1121,1021,1
1122,1022,1
1122,1023,1
1123,1024,1
1123,1025,1
1123,1026,1
1124,1027,1
1124,1028,1
1124,1029,1
1125,1030,1
1125,1031,1
1126,1032,1
1126,1033,1
1126,1034,1
1127,1035,1
1127,1036,1
1128,1037,1
1128,1038,1
1129,1039,1
1129,1040,1
1130,1041,1
1131,1042,1
1132,1042,1
1133,1042,1
1212,915,0
1312,815,1
1312,814,1
1312,813,1
1313,812,1
1313,811,1
1314,810,1
1313,809,1
1313,808,1
1312,807,1
1312,806,1
1311,806,1
1310,806,1
1309,806,1
1308,807,1
1308,808,1
1307,808,1
1307,809,1
1307,810,1
1307,811,1
1307,812,1
1307,813,1
1307,814,1
1307,815,1
1307,816,1
1307,817,1
1307,818,1
1308,819,1
1308,820,1
1308,821,1
1308,822,1
1309,823,1
1309,824,1
1309,825,1
1310,826,1
1310,827,1
1310,828,1
1311,829,1
1311,830,1
1312,831,1
1312,832,1
1312,833,1
1313,834,1
1313,835,1
1313,836,1
1314,837,1
1314,838,1
1314,839,1
1315,839,1
1315,840,1
1315,841,1
1316,842,1
1316,843,1
1316,844,1
1317,845,1
1317,846,1
1317,847,1
1318,848,1
1318,849,1
1318,850,1
1319,851,1
1319,852,1
1320,853,1
1320,854,1
1320,855,1
1321,856,1
1321,857,1
1321,858,1
1322,859,1
1322,860,1
1322,861,1
1322,862,1
1323,863,1
1323,864,1
1323,865,1
1323,866,1
1323,867,1
1323,868,1
1324,868,1
1324,869,1
1324,870,1
1324,871,1
1324,872,1
1324,873,1
1325,874,1
1325,875,1
1325,876,1
1325,877,1
1326,878,1
1326,879,1
1326,880,1
1327,881,1
1327,882,1
1327,883,1
1328,884,1
1328,885,1
1328,886,1
1329,887,1
1329,888,1
1330,889,1
1330,890,1
1331,890,1
1331,891,1
1331,892,1
1332,892,1
1332,893,1
1332,894,1
1333,894,1
1333,895,1
1334,895,1
1334,896,1
1335,897,1
1335,898,1
1336,898,1
1336,899,1
1337,899,1
1337,900,1
1338,900,1
1338,901,1
1339,901,1
1340,902,1
1341,902,1
1342,902,1
1342,903,1
1343,903,1
1344,903,1
1345,903,1
1346,903,1
1347,903,1
1347,902,1
1348,902,1
1349,902,1
1350,901,1
1351,901,1
1351,900,1
1352,900,1
1352,899,1
1353,899,1
1354,898,1
1354,897,1
1355,897,1
1355,896,1
1356,896,1
1357,895,1
1357,894,1
1358,894,1
1358,893,1
1359,892,1
1360,891,1
1361,890,1
1361,889,1
1362,888,1
1362,887,1
1363,887,1
1363,886,1
1364,886,1
1364,885,1
1364,884,1
1365,884,1
1365,883,1
1366,883,1
1366,882,1
1366,881,1
1367,881,1
1367,880,1
1368,879,1
1369,878,1
1369,877,1
1369,876,1
1370,876,1
1370,875,1
1371,874,1
1372,873,1
1372,872,1
1373,872,1
1373,871,1
1374,870,1
1374,869,1
1375,869,1
1375,868,1
1376,867,1
1377,866,1
1377,865,1
1378,865,1
1379,864,1
1379,863,1
1380,863,1
1380,862,1
1381,862,1
1381,861,1
1382,861,1
1382,860,1
1383,859,1
1384,858,1
1385,858,1
1385,857,1
1386,857,1
1386,856,1
1387,856,1
1387,855,1
1388,855,1
1388,854,1
1389,854,1
1390,853,1
1391,853,1
1391,852,1
1392,852,1
1393,851,1
1394,850,1
1395,850,1
1396,849,1
1397,849,1
1398,848,1
1399,848,1
1399,847,1
1400,847,1
1401,847,1
1402,846,1
1403,846,1
1404,846,1
1404,845,1
1405,845,1
1406,845,1
1407,845,1
1408,845,1
1409,844,1
1410,844,1
1411,844,1
1412,844,1
1413,844,1
1414,844,1
1415,844,1
1416,844,1
1417,844,1
1418,844,1
1419,845,1
1420,845,1
1421,845,1
1422,845,1
1423,846,1
1424,846,1
1425,847,1
1426,847,1
1427,848,1
1428,848,1
1429,849,1
1430,849,1
1430,850,1
1431,850,1
1432,851,1
1433,852,1
1434,852,1
1434,853,1
1435,853,1
1435,854,1
1436,854,1
1436,855,1
1437,855,1
1437,856,1
1438,856,1
1438,857,1
1439,857,1
1439,858,1
1440,859,1
1441,859,1
1441,860,1
1442,860,1
1442,861,1
1443,861,1
1443,862,1
1444,863,1
1445,864,1
1445,865,1
1446,865,1
1446,866,1
1447,867,1
1448,868,1
1448,869,1
1449,869,1
1449,870,1
1450,871,1
1450,872,1
1451,872,1
1452,873,1
1452,874,1
1453,874,1
1453,875,1
1454,876,1
1454,877,1
1455,878,1
1456,879,1
1456,880,1
1457,881,1
1457,882,1
1457,883,1
1458,884,1
1459,885,1
1460,886,1
1460,887,1
1461,888,1
1461,889,1
1462,890,1
1462,891,1
1463,892,1
1463,893,1
1464,893,1
1464,894,1
1465,895,1
1465,896,1
1466,897,1
1466,898,1
1467,899,1
1467,900,1
1468,901,1
1468,902,1
1469,902,1
1469,903,1
1470,904,1
1470,905,1
1471,906,1
1471,907,1
1472,908,1
1473,909,1
1473,910,1
1474,910,1
1474,911,1
1475,912,1
1475,913,1
1476,914,1
1476,915,1
1477,916,1
1478,917,1
1478,918,1
1479,919,1
1479,920,1
1480,921,1
1480,922,1
1481,923,1
1481,924,1
1482,925,1
1482,926,1
1483,927,1
1484,927,1
1484,928,1
1485,929,1
1485,930,1
1486,931,1
1486,932,1
1487,933,1
1487,934,1
1488,934,1
1488,935,1
1489,936,1
1489,937,1
1490,938,1
1490,939,1
1491,940,1
1491,941,1
1492,942,1
1492,943,1
1493,944,1
1494,945,1
1532,878,0
1576,809,1
1576,810,1
1576,811,1
1576,812,1
1576,813,1
1577,814,1
1577,815,1
1577,816,1
1578,817,1
1578,818,1
1578,819,1
1579,820,1
1579,821,1
1580,822,1
1580,823,1
1580,824,1
1581,825,1
1581,826,1
1582,827,1
1582,828,1
1582,829,1
1583,830,1
1583,831,1
1584,832,1
1584,833,1
1584,834,1
1585,835,1
1585,836,1
1585,837,1
1586,838,1
1586,839,1
1587,840,1
1587,841,1
1587,842,1
1588,843,1
1588,844,1
1589,845,1
1589,846,1
1590,847,1
1590,848,1
1590,849,1
1591,850,1
1591,851,1
1592,852,1
1592,853,1
1593,854,1
1593,855,1
1593,856,1
1594,857,1
1594,858,1
1594,859,1
1594,860,1
1594,861,1
1434,793,0
1306,764,1
1305,764,1
1304,764,1
1303,763,1
1302,763,1
1301,762,1
1300,762,1
1299,761,1
1298,761,1
1297,761,1
1296,760,1
1295,760,1
1295,759,1
1294,759,1
1293,758,1
1292,758,1
1291,757,1
1290,756,1
1289,756,1
1288,755,1
1287,754,1
1286,754,1
1286,753,1
1285,752,1
1284,752,1
1283,751,1
1283,750,1
1282,749,1
1281,749,1
1281,748,1
1280,747,1
1279,746,1
1279,745,1
1278,744,1
1277,743,1
1276,742,1
1276,741,1
1276,740,1
1275,739,1
1275,738,1
1274,737,1
1274,736,1
1274,735,1
1273,734,1
1273,733,1
1273,732,1
1272,731,1
1272,730,1
1272,729,1
1272,728,1
1272,727,1
1272,726,1
1271,725,1
1271,724,1
1271,723,1
1271,722,1
1271,721,1
1271,720,1
1271,719,1
1271,718,1
1271,717,1
1271,716,1
1271,715,1
1271,714,1
1271,713,1
1271,712,1
1271,711,1
1271,710,1
1271,709,1
1271,708,1
1271,707,1
1271,706,1
1272,705,1
1272,704,1
1272,703,1
1272,702,1
1273,701,1
1272,700,1
1272,699,1
1272,698,1
1272,697,1
1272,696,1
1272,695,1
1272,694,1
1272,693,1
1272,692,1
1272,691,1
1272,690,1
1272,689,1
1272,688,1
1272,687,1
1273,686,1
1273,685,1
1273,684,1
1273,683,1
1273,682,1
1273,681,1
1274,680,1
1274,679,1
1274,678,1
1274,677,1
1275,676,1
1275,675,1
1275,674,1
1276,673,1
1276,672,1
1277,671,1
1277,670,1
1277,669,1
1278,669,1
1278,668,1
1278,667,1
1279,666,1
1279,665,1
1280,664,1
1281,663,1
1281,662,1
1282,662,1
1282,661,1
1282,660,1
1283,659,1
1284,658,1
1284,657,1
1285,657,1
1285,656,1
1286,656,1
1286,655,1
1287,654,1
1288,654,1
1288,653,1
1289,652,1
1290,651,1
1290,650,1
1291,650,1
1292,649,1
1293,648,1
1294,647,1
1295,646,1
1296,645,1
1297,645,1
1297,644,1
1298,644,1
1298,643,1
1299,643,1
1300,642,1
1301,641,1
1302,641,1
1302,640,1
1303,640,1
1304,639,1
1305,639,1
1305,638,1
1306,638,1
1307,638,1
1307,637,1
1308,637,1
1309,636,1
1310,636,1
1310,635,1
1311,635,1
1312,635,1
1313,634,1
1314,634,1
1315,633,1
1316,633,1
1317,632,1
1318,632,1
1319,632,1
1320,632,1
1320,631,1
1321,631,1
1322,631,1
1323,631,1
1324,630,1
1325,630,1
1326,630,1
1327,630,1
1328,629,1
1329,629,1
1330,629,1
1331,629,1
1332,629,1
1333,629,1
1334,628,1
1335,628,1
1336,628,1
1337,628,1
1338,628,1
1339,628,1
1340,628,1
1341,628,1
1342,628,1
1343,628,1
1344,628,1
1345,628,1
1346,628,1
1347,628,1
1348,628,1
1349,628,1
1350,628,1
1350,627,1
1351,627,1
1352,627,1
1353,627,1
1354,627,1
1355,627,1
1356,627,1
1357,626,1
1358,626,1
1359,626,1
1360,626,1
1361,626,1
1362,626,1
1363,626,1
1364,626,1
1365,626,1
1366,626,1
1367,626,1
1368,626,1
1369,626,1
1370,626,1
1371,626,1
1372,627,1
1373,627,1
1374,627,1
1375,627,1
1376,627,1
1377,627,1
1378,627,1
1379,627,1
1380,628,1
1381,628,1
1382,628,1
1383,628,1
1384,629,1
1385,629,1
1386,629,1
1387,630,1
1388,630,1
1389,630,1
1390,631,1
1391,631,1
1392,632,1
1393,633,1
1394,633,1
1395,634,1
1396,634,1
1397,635,1
1398,636,1
1399,636,1
1399,637,1
1400,637,1
1401,638,1
1402,639,1
1402,640,1
1403,640,1
1404,641,1
1404,642,1
1405,643,1
1406,644,1
1406,645,1
1407,645,1
1407,646,1
1408,647,1
1408,648,1
1409,649,1
1410,650,1
1410,651,1
1410,652,1
1410,653,1
1411,654,1
1411,655,1
1412,656,1
1412,657,1
1412,658,1
1440,665,0
1455,712,1
1456,712,1
1457,712,1
1458,712,1
1459,712,1
1460,711,1
1461,711,1
1462,711,1
1463,710,1
1464,710,1
1465,710,1
1466,710,1
1467,709,1
1468,709,1
1469,709,1
1470,709,1
1471,708,1
1472,708,1
1473,708,1
1474,707,1
1475,707,1
1476,707,1
1477,706,1
1478,706,1
1479,706,1
1480,706,1
1481,705,1
1482,705,1
1483,705,1
1484,704,1
1485,704,1
1486,704,1
1487,703,1
1488,703,1
1489,703,1
1490,703,1
1491,702,1
1492,702,1
1493,702,1
1494,701,1
1495,701,1
1496,701,1
1497,701,1
1498,700,1
1499,700,1
1500,700,1
1501,699,1
1502,699,1
1503,699,1
1504,698,1
1505,698,1
1506,698,1
1507,698,1
1508,697,1
1509,697,1
1510,697,1
1511,696,1
1512,696,1
1513,696,1
1514,695,1
1515,695,1
1516,695,1
1517,694,1
1518,694,1
1519,694,1
1520,693,1
1521,693,1
1522,693,1
1523,693,1
1524,692,1
1525,692,1
1526,692,1
1527,691,1
1528,691,1
1529,691,1
1530,690,1
1531,690,1
1532,690,1
1533,689,1
1534,689,1
1535,689,1
1536,688,1
1537,688,1
1538,688,1
1539,687,1
1540,687,1
1541,687,1
1542,686,1
1543,686,1
1544,686,1
1545,685,1
1546,685,1
1547,685,1
1548,685,1
1549,684,1
1550,684,1
1551,684,1
1552,683,1
1553,683,1
1554,682,1
1555,682,1
1556,682,1
1557,681,1
1558,681,1
1559,681,1
1560,680,1
1561,680,1
1562,680,1
1563,679,1
1564,679,1
1565,679,1
1566,678,1
1567,678,1
1568,678,1
1569,677,1
1570,677,1
1571,677,1
1572,676,1
1573,676,1
1574,676,1
1575,675,1
1576,675,1
1577,675,1
1578,674,1
1579,674,1
1580,674,1
1581,673,1
1582,673,1
1583,673,1
1584,672,1
1585,672,1
1586,672,1
1587,671,1
1588,671,1
1589,671,1
1589,670,1
1590,670,1
1591,670,1
1592,669,1
1593,669,1
1594,669,1
1595,668,1
1596,668,1
1597,667,1
1598,667,1
1599,667,1
1600,666,1
1601,666,1
1602,666,1
1603,665,1
1604,665,1
1605,665,1
1606,664,1
1607,664,1
1608,664,1
1609,663,1
1610,662,1
1611,662,1
1612,662,1
1613,661,1
1614,661,1
1615,661,1
1616,660,1
1617,660,1
1618,659,1
1619,659,1
1620,659,1
1621,658,1
1622,658,1
1623,657,1
1624,657,1
1625,657,1
1626,656,1
1627,656,1
1628,656,1
1628,655,1
1629,655,1
1630,654,1
1631,654,1
1632,654,1
1633,653,1
1634,653,1
1635,653,1
1636,652,1
1637,652,1
1638,651,1
1639,651,1
1640,651,1
1641,650,1
1642,650,1
1643,650,1
1644,649,1
1645,649,1
1645,648,1
1646,648,1
1647,648,1
1648,647,1
1649,647,1
1650,647,1
1651,646,1
1652,646,1
1653,645,1
1654,645,1
1655,645,1
1656,644,1
1657,644,1
1657,643,1
1658,643,1
1659,643,1
1660,642,1
1661,642,1
1662,641,1
1663,641,1
1664,641,1
1665,640,1
1666,640,1
1667,639,1
1668,639,1
1669,639,1
1670,638,1
1671,638,1
1671,637,1
1672,637,1
1673,637,1
1674,636,1
1675,636,1
1676,635,1
1677,635,1
1678,634,1
1679,634,1
1680,634,1
1681,633,1
1682,633,1
1682,632,1
1683,632,1
1684,631,1
1685,631,1
1686,630,1
1687,630,1
1688,629,1
1689,629,1
1690,628,1
1691,628,1
1692,627,1
1693,627,1
1694,626,1
1695,626,1
1696,625,1
1697,625,1
1698,624,1
1699,624,1
1700,623,1
1701,623,1
1702,622,1
1703,622,1
1703,621,1
1704,621,1
1705,620,1
1706,620,1
1706,619,1
1706,618,1
1844,674,0
1997,679,1
1998,680,1
1999,681,1
1999,682,1
2000,683,1
2001,684,1
2001,685,1
2002,685,1
2002,686,1
2003,687,1
2003,688,1
2004,689,1
2004,690,1
2005,691,1
2005,692,1
2006,693,1
2006,694,1
2007,695,1
2007,696,1
2008,697,1
2008,698,1
2008,699,1
2009,700,1
2010,701,1
2010,702,1
2011,703,1
2011,704,1
2012,705,1
2012,706,1
2012,707,1
2013,708,1
2013,709,1
2014,710,1
2014,711,1
2014,712,1
2015,713,1
2015,714,1
2016,715,1
2016,716,1
2017,717,1
2017,718,1
2018,719,1
2018,720,1
2018,721,1
2019,722,1
2019,723,1
2020,724,1
2020,725,1
2021,726,1
2021,727,1
2021,728,1
2022,729,1
2022,730,1
2022,731,1
2023,732,1
2023,733,1
2024,734,1
2024,735,1
2024,736,1
2025,737,1
2025,738,1
2025,739,1
2026,740,1
2026,741,1
2026,742,1
2026,743,1
2026,744,1
2026,745,1
2025,745,1
2024,745,1
1924,721,0
1867,739,1
1866,740,1
1865,741,1
1864,742,1
1863,743,1
1862,743,1
1861,743,1
1860,743,1
1859,742,1
1858,742,1
1858,741,1
1857,741,1
1856,740,1
1855,740,1
1854,739,1
1853,739,1
1852,738,1
1852,737,1
1851,737,1
1850,736,1
1849,736,1
1848,735,1
1847,735,1
1846,734,1
1845,733,1
1844,733,1
1843,733,1
1842,732,1
1841,732,1
1840,731,1
1839,731,1
1838,731,1
1837,731,1
1836,730,1
1835,730,1
1834,730,1
1833,730,1
1832,730,1
1831,730,1
1830,730,1
1829,730,1
1828,731,1
1827,731,1
1826,731,1
1825,731,1
1824,731,1
1823,731,1
1822,732,1
1821,732,1
1820,733,1
1819,733,1
1818,733,1
1818,734,1
1817,734,1
1816,734,1
1815,735,1
1814,736,1
1813,736,1
1813,737,1
1812,737,1
1811,737,1
1811,738,1
1810,738,1
1810,739,1
1809,739,1
1809,740,1
1808,740,1
1808,741,1
1808,742,1
1807,742,1
1807,743,1
1806,744,1
1806,745,1
1806,746,1
1805,747,1
1805,748,1
1804,748,1
1804,749,1
1803,749,1
1803,750,1
1802,750,1
1802,751,1
1801,751,1
1801,752,1
1800,752,1
1800,753,1
1800,754,1
1799,754,1
1799,755,1
1798,756,1
1798,757,1
1797,758,1
1797,759,1
1797,760,1
1797,761,1
1796,761,1
1796,762,1
1796,763,1
1796,764,1
1796,765,1
1796,766,1
1796,767,1
1796,768,1
1796,769,1
1796,770,1
1796,771,1
1797,772,1
1797,773,1
1797,774,1
1797,775,1
1798,776,1
1798,777,1
1798,778,1
1799,778,1
1799,779,1
1799,780,1
1800,781,1
1800,782,1
1801,783,1
1801,784,1
1802,784,1
1802,785,1
1803,786,1
1804,787,1
1804,788,1
1805,788,1
1805,789,1
1806,790,1
1807,791,1
1808,792,1
1809,793,1
1810,794,1
1811,794,1
1812,795,1
1813,796,1
1814,796,1
1814,797,1
1815,798,1
1815,799,1
1816,799,1
1816,800,1
1817,801,1
1818,802,1
1819,803,1
1820,804,1
1821,805,1
1822,806,1
1823,806,1
1823,807,1
1824,807,1
1825,808,1
1826,809,1
1827,810,1
1828,810,1
1829,811,1
1830,811,1
1831,812,1
1832,812,1
1832,813,1
1833,813,1
1834,814,1
1835,814,1
1836,814,1
1837,815,1
1838,815,1
1839,815,1
1840,816,1
1841,816,1
1842,817,1
1843,817,1
1844,817,1
1845,817,1
1846,818,1
1847,818,1
1848,818,1
1849,818,1
1850,818,1
1851,818,1
1852,818,1
1853,818,1
1854,818,1
1855,818,1
1856,818,1
1857,818,1
1858,818,1
1859,818,1
1860,818,1
1861,818,1
1862,818,1
1863,818,1
1864,818,1
1865,817,1
1866,817,1
1867,817,1
1868,817,1
1869,817,1
1870,816,1
1871,816,1
1872,816,1
1873,816,1
1874,816,1
1875,815,1
1876,815,1
1877,815,1
1878,814,1
1879,814,1
1880,814,1
1881,813,1
1882,813,1
1883,812,1
1884,812,1
1885,812,1
2034,752,0
2191,670,1
2191,671,1
2191,672,1
2192,673,1
2193,674,1
2193,675,1
2194,676,1
2195,677,1
2195,678,1
2196,679,1
2196,680,1
2197,681,1
2198,682,1
2198,683,1
2199,684,1
2200,685,1
2200,686,1
2201,687,1
2202,688,1
2202,689,1
2203,690,1
2204,691,1
2204,692,1
2205,693,1
2205,694,1
2206,694,1
2207,695,1
2207,696,1
2208,697,1
2209,698,1
2210,699,1
2210,700,1
2211,701,1
2212,702,1
2212,701,1
2212,700,1
2266,637,0
2312,591,1
2313,591,1
2314,591,1
2315,591,1
2316,591,1
2317,591,1
2318,591,1
2319,590,1
2320,590,1
2321,590,1
2322,589,1
2323,589,1
2324,589,1
2325,588,1
2326,588,1
2327,588,1
2328,587,1
2329,587,1
2330,586,1
2331,586,1
2332,585,1
2333,585,1
2333,584,1
2334,584,1
2335,583,1
2336,583,1
2337,582,1
2338,581,1
2339,581,1
2339,580,1
2340,579,1
2341,578,1
2342,578,1
2342,577,1
2343,576,1
2344,575,1
2345,574,1
2346,573,1
2346,572,1
2347,571,1
2348,570,1
2348,569,1
2349,568,1
2350,567,1
2351,566,1
2352,565,1
2352,564,1
2353,564,1
2354,563,1
2354,562,1
2355,562,1
2356,561,1
2356,560,1
2357,560,1
2358,559,1
2358,558,1
2359,558,1
2360,557,1
2361,557,1
2361,556,1
2362,556,1
2363,556,1
2363,555,1
2364,555,1
2365,555,1
2366,555,1
2367,555,1
2368,555,1
2369,555,1
2370,555,1
2371,556,1
2372,556,1
2373,556,1
2374,555,1
2375,555,1
2376,555,1
2377,555,1
2378,554,1
2379,554,1
2379,553,1
2380,553,1
2381,553,1
2381,552,1
2382,552,1
2382,551,1
2383,551,1
2384,550,1
2385,549,1
2386,549,1
2386,548,1
2387,548,1
2388,547,1
2389,547,1
2389,546,1
2390,546,1
2391,545,1
2392,545,1
2393,545,1
2394,544,1
2395,544,1
2396,544,1
2397,544,1
2398,545,1
2399,545,1
2400,546,1
2401,546,1
2401,547,1
2402,547,1
2402,548,1
2403,548,1
2403,549,1
2403,550,1
2404,550,1
2404,551,1
2404,552,1
2405,553,1
2405,554,1
2405,555,1
2406,556,1
2406,557,1
2406,558,1
2406,559,1
2407,560,1
2407,561,1
2407,562,1
2408,563,1
2408,564,1
2409,565,1
2409,566,1
2409,567,1
2410,568,1
2410,569,1
2411,570,1
2411,571,1
2412,572,1
2412,573,1
2412,574,1
2413,575,1
2413,576,1
2413,577,1
2414,578,1
2414,579,1
2415,580,1
2415,581,1
2415,582,1
2374,546,0
2309,542,1
2310,542,1
2311,542,1
2312,542,1
2313,542,1
2314,542,1
2315,542,1
2316,543,1
2317,543,1
2318,543,1
2319,543,1
2320,544,1
2321,544,1
2322,544,1
2323,544,1
2324,544,1
2325,544,1
2326,544,1
2327,544,1
2328,544,1
2329,544,1
2330,544,1
2331,544,1
2332,545,1
2333,545,1
2334,545,1
2335,545,1
2336,545,1
2337,545,1
2338,545,1
2339,545,1
2340,545,1
2341,546,1
2342,546,1
2343,546,1
2344,546,1
2345,546,1
2346,546,1
2347,546,1
2348,546,1
2349,546,1
2350,546,1
2351,546,1
2352,547,1
2353,547,1
2354,547,1
2355,547,1
2356,547,1
2357,547,1
2358,547,1
2359,547,1
2360,547,1
2361,547,1
2362,547,1
2363,547,1
2364,548,1
2365,548,1
2366,548,1
2367,548,1
2368,548,1
2369,548,1
2370,548,1
2371,548,1
2372,548,1
2373,548,1
2374,548,1
2375,548,1
2376,548,1
2377,548,1
2378,548,1
2379,548,1
2380,548,1
2381,548,1
2382,548,1
2383,548,1
2384,548,1
2385,548,1
2483,538,0
2591,503,1
2592,504,1
2593,505,1
2593,506,1
2594,507,1
2595,508,1
2596,509,1
2597,510,1
2598,511,1
2598,512,1
2599,513,1
2600,514,1
2600,515,1
2601,516,1
2602,516,1
2603,517,1
2603,518,1
2604,519,1
2605,520,1
2605,521,1
2606,521,1
2607,522,1
2607,523,1
2608,524,1
2609,525,1
2610,526,1
2610,527,1
2611,528,1
2612,528,1
2612,529,1
2613,530,1
2614,531,1
2614,532,1
2615,533,1
2616,534,1
2617,535,1
2618,536,1
2619,537,1
2619,538,1
2620,539,1
2621,540,1
2622,540,1
2622,541,1
2623,542,1
2624,543,1
2624,544,1
2625,545,1
2626,546,1
2626,547,1
2627,548,1
2628,548,1
2629,549,1
2629,550,1
2630,551,1
2631,551,1
2631,552,1
2631,553,1
2632,554,1
2633,555,1
2518,493,0
2452,448,1
2451,448,1
2450,448,1
2449,448,1
2448,449,1
2447,450,1
2446,450,1
2445,450,1
2444,451,1
2443,451,1
2442,451,1
2441,451,1
2440,452,1
2439,452,1
2438,452,1
2437,453,1
2436,453,1
2435,453,1
2434,454,1
2433,454,1
2432,454,1
2431,454,1
2430,455,1
2429,455,1
2428,455,1
2427,455,1
2426,456,1
2425,456,1
2424,456,1
2423,456,1
2422,457,1
2421,457,1
2420,457,1
2419,457,1
2418,458,1
2417,458,1
2416,458,1
2415,458,1
2414,459,1
2413,459,1
2412,459,1
2411,459,1
2410,459,1
2409,460,1
2408,460,1
2407,460,1
2406,460,1
2405,461,1
2404,461,1
2403,461,1
2402,461,1
2401,462,1
2400,462,1
2399,462,1
2398,462,1
2397,463,1
2396,463,1
2395,463,1
2394,463,1
2393,464,1
2392,464,1
2391,464,1
2390,464,1
2389,464,1
2388,465,1
2387,465,1
2386,465,1
2385,465,1
2384,466,1
2383,466,1
2382,466,1
2381,466,1
2380,467,1
2379,467,1
2378,467,1
2377,467,1
2376,467,1
2375,468,1
2374,468,1
2373,468,1
2372,468,1
2371,469,1
2370,469,1
2369,469,1
2368,469,1
2367,470,1
2366,470,1
2365,470,1
2364,470,1
2363,471,1
2362,471,1
2361,471,1
2360,471,1
2359,471,1
2358,472,1
2357,472,1
2356,472,1
2355,472,1
2354,473,1
2353,473,1
2352,473,1
2351,473,1
2350,474,1
2349,474,1
2348,474,1
2347,474,1
2346,474,1
2345,475,1
2344,475,1
2343,475,1
2342,475,1
2341,476,1
2340,476,1
2339,476,1
2338,476,1
2337,477,1
2336,477,1
2335,477,1
2334,477,1
2333,477,1
2332,478,1
2331,478,1
2330,478,1
2329,478,1
2328,479,1
2327,479,1
2326,479,1
2325,479,1
2324,480,1
2323,480,1
2322,480,1
2321,480,1
2320,480,1
2319,481,1
2318,481,1
2317,481,1
2316,481,1
2315,482,1
2314,482,1
2313,482,1
2312,482,1
2311,482,1
2310,483,1
2309,483,1
2308,483,1
2307,483,1
2306,484,1
2305,484,1
2304,484,1
2303,484,1
2302,484,1
2301,485,1
2300,485,1
2299,485,1
2298,485,1
2297,486,1
2296,486,1
2295,486,1
2294,486,1
2293,486,1
2292,487,1
2291,487,1
2290,487,1
2289,487,1
2288,488,1
2287,488,1
2286,488,1
2285,488,1
2284,489,1
2283,489,1
2282,489,1
2281,489,1
2280,489,1
2279,490,1
2278,490,1
2277,490,1
2276,490,1
2275,491,1
2274,491,1
2273,491,1
2272,491,1
2271,491,1
2270,492,1
2269,492,1
2268,492,1
2267,492,1
2266,493,1
2265,493,1
2264,493,1
2263,493,1
2262,493,1
2261,494,1
2260,494,1
2259,494,1
2258,494,1
2257,495,1
2256,495,1
2255,495,1
2254,495,1
2253,495,1
2252,496,1
2251,496,1
2250,496,1
2249,496,1
2248,497,1
2247,497,1
2246,497,1
2245,497,1
2244,497,1
2243,498,1
2242,498,1
2241,498,1
2240,498,1
2239,499,1
2238,499,1
2237,499,1
2236,499,1
2235,499,1
2234,500,1
2233,500,1
2232,500,1
2231,500,1
2230,501,1
2229,501,1
2228,501,1
2227,501,1
2226,501,1
2225,502,1
2224,502,1
2223,502,1
2222,502,1
2221,503,1
2220,503,1
2219,503,1
2218,503,1
2217,503,1
2216,504,1
2215,504,1
2214,504,1
2213,504,1
2212,504,1
2211,505,1
2210,505,1
2209,505,1
2208,505,1
2207,506,1
2206,506,1
2205,506,1
2204,506,1
2203,506,1
2202,507,1
2201,507,1
2200,507,1
2199,507,1
2198,508,1
2197,508,1
2196,508,1
2195,508,1
2194,508,1
2193,509,1
2192,509,1
2191,509,1
2190,509,1
2189,510,1
2188,510,1
2187,510,1
2186,510,1
2185,510,1
2184,511,1
2183,511,1
2182,511,1
2181,511,1
2180,512,1
2179,512,1
2178,512,1
2177,512,1
2176,512,1
2175,513,1
2174,513,1
2173,513,1
2172,513,1
2171,513,1
2170,514,1
2169,514,1
2168,514,1
2167,514,1
2166,515,1
2165,515,1
2164,515,1
2163,515,1
2162,515,1
2161,516,1
2160,516,1
2159,516,1
2158,516,1
2157,517,1
2156,517,1
2155,517,1
2154,517,1
2153,517,1
2152,518,1
2151,518,1
2150,518,1
2149,518,1
2148,519,1
2147,519,1
2146,519,1
2145,519,1
2144,519,1
2143,520,1
2142,520,1
2141,520,1
2140,520,1
2139,521,1
2138,521,1
2137,521,1
2136,521,1
2135,521,1
2134,522,1
2133,522,1
2132,522,1
2131,522,1
2130,522,1
2129,523,1
2128,523,1
2127,523,1
2126,523,1
2125,524,1
2124,524,1
2123,524,1
2122,524,1
2121,524,1
2120,525,1
2119,525,1
2118,525,1
2117,525,1
2116,526,1
2115,526,1
2114,526,1
2113,526,1
2112,526,1
2111,527,1
2110,527,1
2109,527,1
2108,527,1
2107,528,1
2106,528,1
2105,528,1
2104,528,1
2103,528,1
2102,529,1
2101,529,1
2100,529,1
2099,529,1
2098,529,1
2097,530,1
2096,530,1
2095,530,1
2094,530,1
2093,531,1
2092,531,1
2091,531,1
2090,531,1
2089,531,1
2088,532,1
2087,532,1
2086,532,1
2085,532,1
2084,533,1
2083,533,1
2082,533,1
2081,533,1
2080,533,1
2079,534,1
2078,534,1
2077,534,1
2076,534,1
2075,535,1
2074,535,1
2073,535,1
2072,535,1
2071,535,1
2070,536,1
2069,536,1
2068,536,1
2067,536,1
2066,537,1
2065,537,1
2064,537,1
2063,537,1
2062,537,1
2061,538,1
2060,538,1
2059,538,1
2058,538,1
2057,539,1
2056,539,1
2055,539,1
2054,539,1
2053,539,1
2052,540,1
2051,540,1
2050,540,1
2049,540,1
2048,541,1
2047,541,1
2046,541,1
2045,541,1
2044,542,1
2043,542,1
2042,542,1
2041,542,1
2040,543,1
2039,543,1
2038,543,1
2037,543,1
2036,543,1
2035,544,1
2034,544,1
2033,544,1
2032,544,1
2031,545,1
2030,545,1
2029,545,1
2028,545,1
2027,546,1
2026,546,1
2025,546,1
2024,546,1
2023,546,1
2022,547,1
2021,547,1
2020,547,1
2019,547,1
2018,548,1
2017,548,1
2016,548,1
2015,548,1
2014,548,1
2013,549,1
2012,549,1
2011,549,1
2010,549,1
2009,550,1
2008,550,1
2007,550,1
2006,550,1
2005,550,1
2004,551,1
2003,551,1
2002,551,1
2001,551,1
2000,552,1
1999,552,1
1998,552,1
1997,552,1
1996,552,1
1995,553,1
1994,553,1
1993,553,1
1992,553,1
1991,554,1
1990,554,1
1989,554,1
1988,554,1
1987,554,1
1986,555,1
1985,555,1
1984,555,1
1983,555,1
1982,556,1
1981,556,1
1980,556,1
1979,556,1
1978,557,1
1977,557,1
1976,557,1
1975,557,1
1974,557,1
1973,558,1
1972,558,1
1971,558,1
1970,558,1
1969,559,1
1968,559,1
1967,559,1
1966,560,1
1965,560,1
1964,560,1
1963,560,1
1962,560,1
1961,561,1
1960,561,1
1959,561,1
1958,561,1
1957,562,1
1956,562,1
1955,562,1
1954,562,1
1953,563,1
1952,563,1
1951,563,1
1950,563,1
1949,563,1
1948,564,1
1947,564,1
1946,564,1
1945,564,1
1944,565,1
1943,565,1
1942,565,1
1941,565,1
1940,566,1
1939,566,1
1938,566,1
1937,566,1
1936,566,1
1935,567,1
1934,567,1
1933,567,1
1932,567,1
1931,568,1
1930,568,1
1929,568,1
1928,568,1
1927,569,1
1926,569,1
1925,569,1
1924,569,1
1923,569,1
1922,570,1
1921,570,1
1920,570,1
1919,570,1
1918,571,1
1917,571,1
1916,571,1
1915,571,1
1914,571,1
1913,572,1
1912,572,1
1911,572,1
1910,572,1
1909,573,1
1908,573,1
1907,573,1
1906,573,1
1905,573,1
1904,574,1
1903,574,1
1902,574,1
1901,574,1
1900,575,1
1899,575,1
1898,575,1
1897,575,1
1896,576,1
1895,576,1
1894,576,1
1893,576,1
1892,576,1
1891,577,1
1890,577,1
1889,577,1
1888,577,1
1887,578,1
1886,578,1
1885,578,1
1884,578,1
1883,579,1
1882,579,1
1881,579,1
1880,579,1
1879,579,1
1878,580,1
1877,580,1
1876,580,1
1875,580,1
1874,581,1
1873,581,1
1872,581,1
1871,581,1
1870,582,1
1869,582,1
1868,582,1
1867,582,1
1866,582,1
1865,583,1
1864,583,1
1863,583,1
1862,583,1
1861,584,1
1860,584,1
1859,584,1
1858,584,1
1857,584,1
1856,585,1
1855,585,1
1854,585,1
1853,585,1
1852,586,1
1851,586,1
1850,586,1
1849,587,1
1848,587,1
1847,587,1
1846,587,1
1845,587,1
1844,588,1
1843,588,1
1842,588,1
1841,588,1
1840,589,1
1839,589,1
1838,589,1
1837,589,1
1836,590,1
1835,590,1
1834,590,1
1833,590,1
1832,590,1
1831,591,1
1830,591,1
1829,591,1
1828,591,1
1827,592,1
1826,592,1
1825,592,1
1824,592,1
1823,592,1
1822,593,1
1821,593,1
1820,593,1
1819,593,1
1818,594,1
1817,594,1
1816,594,1
1815,594,1
1814,594,1
1813,595,1
1812,595,1
1811,595,1
1810,595,1
1809,596,1
1808,596,1
1807,596,1
1806,596,1
1805,596,1
1804,597,1
1803,597,1
1802,597,1
1801,597,1
1800,597,1
1799,598,1
1798,598,1
1797,598,1
1796,598,1
1795,599,1
1794,599,1
1793,599,1
1792,599,1
1791,600,1
1790,600,1
1789,600,1
1788,600,1
1787,600,1
1786,601,1
1785,601,1
1784,601,1
1783,601,1
1782,601,1
1781,602,1
1780,602,1
1779,602,1
1778,602,1
1777,603,1
1776,603,1
1775,603,1
1774,603,1
1773,603,1
1772,604,1
1771,604,1
1770,604,1
1769,604,1
1768,605,1
1767,605,1
1766,605,1
1765,605,1
1764,605,1
1763,606,1
1762,606,1
1761,606,1
1760,606,1
1759,607,1
1758,607,1
1757,607,1
1756,607,1
1755,607,1
1754,608,1
1753,608,1
1752,608,1
1751,608,1
1750,609,1
1749,609,1
1748,609,1
1747,609,1
1746,609,1
1745,610,1
1744,610,1
1743,610,1
1742,610,1
1741,610,1
1740,611,1
1739,611,1
1738,611,1
1737,611,1
1736,612,1
1735,612,1
1734,612,1
1733,612,1
1732,612,1
1731,613,1
1730,613,1
1729,613,1
1728,613,1
1727,613,1
1726,614,1
1725,614,1
1724,614,1
1723,614,1
1722,615,1
1721,615,1
1720,615,1
1719,615,1
1718,615,1
1717,616,1
1716,616,1
1715,616,1
1714,616,1
1713,617,1
1712,617,1
1711,617,1
1710,617,1
1709,617,1
1708,618,1
1707,618,1
1706,618,1
1705,618,1
1704,618,1
1703,619,1
1702,619,1
1701,619,1
1700,619,1
1699,620,1
1698,620,1
1697,620,1
1696,620,1
1695,620,1
1694,621,1
1693,621,1
1692,621,1
1691,621,1
1690,621,1
1689,622,1
1688,622,1
1687,622,1
1686,622,1
1685,622,1
1684,623,1
1683,623,1
1682,623,1
1681,623,1
1680,624,1
1679,624,1
1678,624,1
1677,624,1
1676,624,1
1675,625,1
1674,625,1
1673,625,1
1672,625,1
1671,625,1
1670,626,1
1669,626,1
1668,626,1
1667,626,1
1666,626,1
1665,627,1
1664,627,1
1663,627,1
1662,627,1
1661,628,1
1660,628,1
1659,628,1
1658,628,1
1657,628,1
1656,629,1
1655,629,1
1654,629,1
1653,629,1
1652,629,1
1651,630,1
1650,630,1
1649,630,1
1648,630,1
1647,630,1
1646,631,1
1645,631,1
1644,631,1
1643,631,1
1642,632,1
1641,632,1
1640,632,1
1639,632,1
1638,632,1
1637,633,1
1636,633,1
1635,633,1
1634,633,1
1633,633,1
1632,634,1
1631,634,1
1630,634,1
1629,634,1
1628,635,1
1627,635,1
1626,635,1
1625,635,1
1624,635,1
1623,636,1
1622,636,1
1621,636,1
1620,636,1
1619,636,1
1618,637,1
1617,637,1
1616,637,1
1615,637,1
1614,638,1
1613,638,1
1612,638,1
1611,638,1
1610,638,1
1609,639,1
1608,639,1
1607,639,1
1606,639,1
1605,639,1
1604,640,1
1603,640,1
1602,640,1
1601,640,1
1600,640,1
1599,641,1
1598,641,1
1597,641,1
1596,641,1
1595,642,1
1594,642,1
1593,642,1
1592,642,1
1591,643,1
1590,643,1
1589,643,1
1588,643,1
1587,643,1
1586,644,1
1585,644,1
1584,644,1
1583,644,1
1582,644,1
1581,645,1
1580,645,1
1579,645,1
1578,645,1
1577,645,1
1576,646,1
1575,646,1
1574,646,1
1573,646,1
1572,646,1
1571,647,1
1570,647,1
1569,647,1
1568,647,1
1567,648,1
1566,648,1
1565,648,1
1564,648,1
1563,648,1
1562,649,1
1561,649,1
1560,649,1
1559,649,1
1558,649,1
1557,650,1
1556,650,1
1555,650,1
1554,650,1
1553,650,1
1552,651,1
1551,651,1
1550,651,1
1549,651,1
1548,651,1
1547,652,1
1546,652,1
1545,652,1
1544,652,1
1543,652,1
1542,653,1
1541,653,1
1540,653,1
1539,653,1
1538,654,1
1537,654,1
1536,654,1
1535,654,1
1534,654,1
1533,655,1
1532,655,1
1531,655,1
1530,655,1
1529,655,1
1528,656,1
1527,656,1
1526,656,1
1525,656,1
1524,656,1
1523,657,1
1522,657,1
1521,657,1
1520,657,1
1519,658,1
1518,658,1
1517,658,1
1516,658,1
1515,658,1
1514,659,1
1513,659,1
1512,659,1
1511,659,1
1510,659,1
1509,660,1
1508,660,1
1507,660,1
1506,660,1
1505,660,1
1504,661,1
1503,661,1
1502,661,1
1501,661,1
1500,661,1
1499,662,1
1498,662,1
1497,662,1
1496,662,1
1495,662,1
1494,663,1
1493,663,1
1492,663,1
1491,663,1
1490,663,1
1489,664,1
1488,664,1
1487,664,1
1486,664,1
1485,664,1
1484,665,1
1483,665,1
1482,665,1
1481,665,1
1480,665,1
1479,666,1
1478,666,1
1477,666,1
1476,666,1
1475,666,1
1474,667,1
1473,667,1
1472,667,1
1471,667,1
1470,667,1
1469,667,1
1468,668,1
1467,668,1
1466,668,1
1465,668,1
1464,668,1
1463,669,1
1462,669,1
1461,669,1
1460,669,1
1459,669,1
1458,670,1
1457,670,1
1456,670,1
1455,670,1
1454,670,1
1453,671,1
1452,671,1
1451,671,1
1450,671,1
1449,672,1
1448,672,1
1447,672,1
1446,672,1
1445,672,1
1444,673,1
1443,673,1
1442,673,1
1441,673,1
1440,673,1
1439,673,1
1438,674,1
1437,674,1
1436,674,1
1435,674,1
1434,674,1
1433,675,1
1432,675,1
1431,675,1
1430,675,1
1429,675,1
1428,676,1
1427,676,1
1426,676,1
1425,676,1
1424,676,1
1423,676,1
1422,677,1
1421,677,1
1420,677,1
1419,677,1
1418,677,1
1417,677,1
1416,678,1
1415,678,1
1414,678,1
1413,678,1
1412,678,1
1411,679,1
1410,679,1
1409,679,1
1408,679,1
1407,679,1
1406,680,1
1405,680,1
1404,680,1
1403,680,1
1402,680,1
1401,681,1
1400,681,1
1399,681,1
1398,681,1
1397,682,1
1396,682,1
1395,682,1
1394,682,1
1393,682,1
1392,682,1
1391,682,1
1391,682,0
