537,717,1
537,718,1
537,719,1
538,720,1
538,721,1
538,722,1
539,723,1
539,724,1
539,725,1
540,726,1
540,727,1
540,728,1
540,729,1
540,730,1
540,731,1
540,732,1
540,733,1
540,734,1
540,735,1
540,736,1
539,737,1
539,738,1
539,739,1
538,740,1
538,741,1
538,742,1
537,743,1
537,744,1
537,745,1
537,746,1
536,747,1
536,748,1
536,749,1
536,750,1
536,751,1
536,752,1
536,753,1
537,754,1
537,755,1
537,756,1
537,757,1
537,758,1
537,759,1
537,760,1
537,761,1
538,762,1
538,763,1
538,764,1
538,765,1
538,766,1
538,767,1
538,768,1
538,769,1
539,770,1
539,771,1
539,772,1
539,773,1
539,774,1
539,775,1
539,776,1
539,777,1
539,778,1
539,779,1
539,780,1
539,781,1
539,782,1
539,783,1
539,784,1
539,785,1
539,786,1
539,787,1
539,788,1
538,789,1
538,790,1
538,791,1
538,792,1
538,793,1
538,794,1
538,795,1
538,796,1
537,797,1
537,798,1
537,799,1
537,800,1
537,801,1
537,802,1
537,803,1
536,803,1
536,804,1
536,805,1
536,806,1
536,807,1
536,808,1
535,809,1
535,810,1
535,811,1
535,812,1
534,812,1
534,813,1
534,814,1
533,815,1
533,816,1
532,817,1
532,818,1
531,819,1
531,820,1
530,821,1
530,822,1
529,822,1
529,823,1
528,824,1
527,825,1
526,826,1
525,827,1
524,828,1
523,829,1
522,829,1
522,830,1
521,830,1
520,830,1
520,831,1
519,831,1
518,831,1
517,832,1
516,832,1
515,832,1
514,833,1
513,834,1
512,834,1
511,835,1
510,835,1
510,836,1
509,836,1
508,836,1
507,837,1
506,837,1
505,838,1
504,838,1
503,838,1
502,839,1
501,839,1
500,839,1
499,839,1
498,839,1
497,839,1
496,839,1
495,839,1
494,839,1
493,839,1
492,839,1
491,839,1
490,838,1
489,838,1
488,837,1
487,837,1
486,836,1
485,835,1
484,834,1
483,833,1
483,832,1
482,832,1
482,831,1
481,830,1
481,829,1
481,828,1
480,827,1
480,826,1
480,825,1
480,824,1
480,823,1
480,822,1
556,778,0
615,737,1
615,736,1
615,735,1
615,734,1
616,733,1
616,732,1
616,731,1
616,730,1
617,729,1
617,728,1
617,727,1
618,726,1
618,725,1
618,724,1
618,723,1
618,722,1
618,721,1
618,720,1
618,719,1
618,718,1
618,717,1
618,718,1
619,719,1
619,720,1
619,721,1
619,722,1
620,722,1
620,723,1
620,724,1
620,725,1
620,726,1
621,726,1
621,727,1
621,728,1
621,729,1
621,730,1
622,730,1
622,731,1
622,732,1
623,732,1
623,733,1
623,734,1
623,735,1
624,735,1
624,736,1
624,737,1
624,738,1
624,739,1
625,739,1
625,740,1
625,741,1
625,742,1
626,743,1
626,744,1
626,745,1
626,746,1
627,747,1
627,748,1
627,749,1
627,750,1
628,751,1
628,752,1
628,753,1
628,754,1
629,755,1
629,756,1
629,757,1
630,758,1
630,759,1
630,760,1
631,761,1
631,762,1
631,763,1
631,764,1
631,765,1
632,765,1
632,766,1
632,767,1
632,768,1
633,769,1
633,770,1
633,771,1
633,772,1
634,773,1
634,774,1
634,775,1
635,776,1
635,777,1
635,778,1
635,779,1
636,779,1
636,780,1
636,781,1
637,782,1
637,783,1
638,784,1
638,785,1
638,786,1
639,786,1
639,787,1
639,788,1
640,789,1
640,790,1
641,790,1
641,791,1
641,792,1
642,792,1
642,793,1
643,793,1
644,793,1
645,792,1
645,791,1
646,791,1
646,790,1
646,789,1
710,720,0
785,663,1
785,662,1
785,661,1
785,660,1
785,659,1
785,658,1
785,657,1
785,656,1
784,655,1
784,654,1
783,653,1
782,653,1
782,654,1
782,655,1
783,655,1
783,656,1
783,657,1
783,658,1
784,659,1
784,660,1
784,661,1
784,662,1
785,662,1
785,663,1
785,664,1
786,665,1
786,666,1
786,667,1
787,667,1
787,668,1
787,669,1
787,670,1
788,670,1
788,671,1
788,672,1
788,673,1
789,674,1
789,675,1
790,676,1
790,677,1
790,678,1
790,679,1
791,679,1
791,680,1
791,681,1
791,682,1
792,683,1
792,684,1
792,685,1
792,686,1
793,687,1
793,688,1
793,689,1
793,690,1
794,691,1
794,692,1
794,693,1
795,694,1
795,695,1
795,696,1
795,697,1
796,698,1
796,699,1
796,700,1
796,701,1
797,702,1
797,703,1
797,704,1
798,704,1
798,705,1
798,706,1
798,707,1
799,708,1
799,709,1
800,710,1
800,711,1
800,712,1
800,713,1
801,713,1
801,714,1
801,715,1
802,715,1
802,716,1
802,717,1
803,717,1
803,718,1
803,719,1
804,720,1
804,721,1
805,721,1
805,722,1
806,723,1
806,724,1
807,725,1
808,726,1
809,727,1
809,728,1
810,728,1
811,728,1
811,729,1
812,729,1
813,729,1
814,729,1
814,730,1
815,730,1
815,729,1
816,729,1
817,729,1
818,729,1
819,728,1
820,728,1
820,727,1
821,727,1
821,726,1
822,726,1
822,725,1
823,725,1
823,724,1
824,724,1
824,723,1
825,723,1
825,722,1
826,721,1
827,720,1
827,719,1
828,719,1
828,718,1
829,717,1
830,716,1
830,715,1
831,714,1
831,713,1
832,713,1
832,712,1
833,711,1
833,710,1
834,710,1
834,709,1
835,708,1
835,707,1
836,706,1
837,705,1
837,704,1
837,703,1
838,702,1
839,701,1
839,700,1
840,699,1
840,698,1
841,697,1
842,696,1
842,695,1
843,694,1
843,693,1
844,693,1
844,692,1
845,691,1
845,690,1
846,689,1
847,688,1
847,687,1
848,686,1
849,685,1
850,684,1
851,683,1
851,682,1
852,682,1
852,681,1
853,681,1
853,680,1
854,680,1
854,679,1
855,678,1
856,677,1
857,677,1
858,676,1
859,675,1
860,674,1
861,674,1
861,673,1
862,673,1
863,672,1
864,672,1
865,671,1
866,671,1
867,670,1
868,670,1
869,670,1
870,670,1
871,669,1
872,669,1
873,669,1
874,669,1
875,670,1
876,670,1
877,670,1
878,670,1
878,671,1
879,671,1
880,671,1
881,672,1
882,672,1
882,673,1
883,673,1
884,673,1
884,674,1
885,674,1
885,675,1
886,675,1
887,676,1
888,677,1
889,677,1
889,678,1
890,678,1
890,679,1
891,679,1
891,680,1
892,680,1
892,681,1
893,682,1
894,683,1
895,684,1
895,685,1
896,685,1
896,686,1
897,686,1
897,687,1
898,688,1
899,689,1
900,690,1
900,691,1
901,692,1
902,693,1
903,694,1
903,695,1
904,696,1
904,697,1
905,698,1
905,699,1
906,699,1
906,700,1
907,701,1
907,702,1
908,702,1
908,703,1
909,704,1
909,705,1
910,706,1
910,707,1
911,708,1
912,709,1
912,710,1
913,710,1
913,711,1
914,712,1
915,713,1
916,714,1
917,715,1
918,716,1
919,716,1
919,717,1
920,717,1
920,718,1
921,718,1
922,718,1
923,718,1
924,718,1
924,717,1
925,717,1
926,716,1
926,715,1
927,714,1
927,713,1
927,712,1
927,711,1
928,710,1
928,709,1
945,678,0
967,620,1
967,621,1
968,622,1
969,623,1
969,624,1
969,625,1
969,626,1
970,626,1
970,627,1
970,628,1
970,629,1
971,630,1
971,631,1
971,632,1
972,633,1
972,634,1
972,635,1
973,636,1
973,637,1
973,638,1
974,639,1
975,640,1
975,641,1
975,642,1
976,643,1
976,644,1
976,645,1
977,646,1
977,647,1
978,648,1
978,649,1
979,650,1
979,651,1
979,652,1
980,653,1
980,654,1
981,655,1
981,656,1
981,657,1
982,658,1
982,659,1
983,660,1
983,661,1
983,662,1
984,663,1
984,664,1
985,665,1
985,666,1
986,667,1
986,668,1
987,669,1
987,670,1
987,671,1
988,672,1
988,673,1
989,674,1
989,675,1
989,676,1
990,677,1
989,676,1
988,675,1
895,618,0
830,593,1
829,593,1
828,593,1
827,593,1
826,592,1
825,592,1
824,591,1
823,591,1
822,590,1
821,590,1
820,589,1
819,589,1
819,588,1
818,588,1
817,587,1
816,586,1
815,585,1
814,585,1
813,584,1
813,583,1
812,583,1
811,582,1
811,581,1
810,580,1
809,579,1
808,578,1
807,577,1
807,576,1
806,576,1
806,575,1
805,574,1
805,573,1
805,572,1
804,572,1
804,571,1
803,570,1
803,569,1
803,568,1
802,568,1
802,567,1
802,566,1
801,565,1
801,564,1
801,563,1
800,562,1
800,561,1
800,560,1
799,559,1
799,558,1
799,557,1
799,556,1
798,556,1
798,555,1
798,554,1
797,553,1
797,552,1
796,551,1
796,550,1
796,549,1
795,548,1
795,547,1
795,546,1
794,545,1
794,544,1
794,543,1
794,542,1
794,541,1
793,541,1
793,540,1
793,539,1
793,538,1
793,537,1
793,536,1
793,535,1
793,534,1
792,534,1
792,533,1
792,532,1
792,531,1
792,530,1
792,529,1
792,528,1
792,527,1
792,526,1
792,525,1
792,524,1
793,523,1
793,522,1
793,521,1
793,520,1
793,519,1
793,518,1
793,517,1
794,516,1
794,515,1
794,514,1
794,513,1
795,512,1
795,511,1
795,510,1
795,509,1
796,509,1
796,508,1
796,507,1
796,506,1
797,505,1
797,504,1
798,503,1
798,502,1
798,501,1
799,501,1
799,500,1
800,499,1
800,498,1
801,497,1
801,496,1
802,495,1
803,494,1
803,493,1
804,492,1
804,491,1
805,491,1
805,490,1
806,489,1
807,489,1
807,488,1
808,487,1
809,486,1
809,485,1
810,485,1
810,484,1
811,484,1
812,483,1
812,482,1
813,482,1
814,481,1
815,480,1
816,479,1
817,478,1
818,478,1
818,477,1
819,477,1
820,476,1
821,476,1
822,475,1
823,475,1
823,474,1
824,474,1
825,473,1
826,473,1
827,473,1
827,472,1
828,472,1
829,472,1
830,471,1
831,471,1
832,470,1
833,470,1
834,470,1
835,469,1
836,469,1
837,469,1
838,468,1
839,468,1
840,468,1
841,468,1
842,468,1
843,467,1
844,467,1
845,467,1
846,467,1
847,466,1
848,466,1
849,466,1
850,466,1
851,466,1
852,466,1
853,466,1
853,465,1
854,465,1
855,465,1
856,465,1
857,465,1
858,465,1
859,465,1
860,465,1
861,465,1
862,465,1
863,465,1
864,465,1
865,465,1
866,465,1
867,465,1
868,465,1
869,465,1
870,465,1
871,465,1
872,465,1
873,465,1
874,465,1
875,465,1
876,466,1
877,466,1
878,466,1
879,466,1
880,466,1
881,466,1
882,466,1
883,466,1
884,467,1
885,467,1
886,467,1
887,467,1
888,467,1
889,467,1
890,468,1
891,468,1
892,468,1
893,468,1
894,468,1
894,469,1
895,469,1
896,469,1
897,470,1
898,470,1
899,470,1
900,470,1
901,471,1
902,471,1
903,471,1
904,472,1
905,472,1
906,472,1
907,473,1
908,473,1
909,473,1
910,474,1
911,474,1
912,474,1
913,474,1
914,475,1
915,475,1
916,475,1
917,475,1
918,476,1
919,476,1
920,476,1
921,476,1
922,477,1
923,477,1
924,477,1
925,478,1
926,478,1
927,479,1
928,479,1
929,480,1
930,480,1
931,481,1
932,481,1
933,482,1
934,482,1
935,482,1
936,483,1
937,484,1
938,484,1
939,485,1
940,486,1
941,486,1
941,487,1
942,487,1
943,488,1
943,489,1
944,489,1
945,490,1
945,491,1
946,492,1
947,492,1
948,493,1
949,494,1
949,495,1
950,495,1
950,496,1
951,497,1
970,517,0
983,561,1
984,561,1
985,560,1
986,560,1
987,560,1
988,559,1
989,559,1
990,559,1
991,558,1
992,558,1
993,558,1
994,557,1
995,557,1
996,556,1
997,556,1
998,556,1
999,555,1
1000,555,1
1001,554,1
1002,554,1
1003,554,1
1004,554,1
1005,553,1
1006,553,1
1007,553,1
1008,552,1
1009,552,1
1010,551,1
1011,551,1
1012,551,1
1013,550,1
1014,550,1
1015,550,1
1016,549,1
1017,549,1
1018,548,1
1019,548,1
1020,548,1
1021,547,1
1022,547,1
1023,547,1
1024,546,1
1025,546,1
1026,545,1
1027,545,1
1028,545,1
1029,544,1
1030,544,1
1031,544,1
1032,543,1
1033,543,1
1034,543,1
1035,542,1
1036,542,1
1037,541,1
1038,541,1
1039,540,1
1040,540,1
1041,540,1
1042,539,1
1043,539,1
1044,539,1
1045,538,1
1046,538,1
1047,538,1
1048,537,1
1049,537,1
1050,537,1
1050,536,1
1051,536,1
1052,536,1
1053,535,1
1054,535,1
1055,535,1
1056,534,1
1057,534,1
1058,533,1
1059,533,1
1060,533,1
1061,532,1
1062,532,1
1063,531,1
1064,531,1
1065,531,1
1066,530,1
1067,530,1
1068,530,1
1069,529,1
1070,529,1
1071,529,1
1072,528,1
1073,528,1
1074,527,1
1075,527,1
1076,526,1
1077,526,1
1078,526,1
1079,525,1
1080,525,1
1081,525,1
1082,524,1
1083,524,1
1084,523,1
1085,523,1
1086,523,1
1087,522,1
1088,522,1
1089,521,1
1090,521,1
1091,521,1
1092,520,1
1093,520,1
1094,519,1
1095,519,1
1096,518,1
1097,518,1
1098,518,1
1099,517,1
1100,517,1
1101,517,1
1102,516,1
1103,516,1
1104,515,1
1105,515,1
1106,514,1
1107,514,1
1108,514,1
1109,513,1
1110,513,1
1111,512,1
1112,512,1
1113,511,1
1114,511,1
1115,511,1
1116,510,1
1117,510,1
1118,509,1
1119,509,1
1120,509,1
1121,508,1
1122,508,1
1123,507,1
1124,507,1
1125,507,1
1125,506,1
1126,506,1
1127,506,1
1128,505,1
1129,505,1
1130,504,1
1131,504,1
1132,504,1
1132,503,1
1133,503,1
1134,503,1
1135,502,1
1136,502,1
1137,502,1
1138,501,1
1139,501,1
1139,500,1
1140,500,1
1141,500,1
1142,499,1
1143,499,1
1144,498,1
1145,498,1
1146,498,1
1147,497,1
1148,497,1
1149,496,1
1150,496,1
1151,495,1
1152,495,1
1153,494,1
1154,494,1
1155,493,1
1156,493,1
1157,493,1
1158,492,1
1159,491,1
1160,491,1
1161,491,1
1162,490,1
1163,490,1
1164,490,1
1165,489,1
1166,489,1
1167,489,1
1168,488,1
1169,488,1
1169,487,1
1170,487,1
1171,486,1
1233,522,0
1302,541,1
1302,542,1
1302,543,1
1303,544,1
1303,545,1
1304,545,1
1304,546,1
1304,547,1
1305,547,1
1305,548,1
1306,549,1
1306,550,1
1307,550,1
1307,551,1
1308,552,1
1308,553,1
1309,553,1
1309,554,1
1310,555,1
1311,556,1
1312,557,1
1312,558,1
1313,559,1
1313,560,1
1314,560,1
1314,561,1
1315,561,1
1243,550,0
1191,543,1
1190,543,1
1189,543,1
1188,543,1
1187,544,1
1186,545,1
1185,545,1
1184,545,1
1183,546,1
1182,546,1
1181,546,1
1180,547,1
1179,548,1
1178,548,1
1177,549,1
1176,549,1
1175,550,1
1175,551,1
1174,551,1
1173,552,1
1173,553,1
1172,553,1
1171,554,1
1171,555,1
1171,556,1
1170,557,1
1170,558,1
1169,559,1
1169,560,1
1169,561,1
1169,562,1
1169,563,1
1169,564,1
1169,565,1
1169,566,1
1169,567,1
1169,568,1
1169,569,1
1169,570,1
1169,571,1
1169,572,1
1169,573,1
1169,574,1
1169,575,1
1170,575,1
1170,576,1
1170,577,1
1170,578,1
1170,579,1
1170,580,1
1170,581,1
1170,582,1
1170,583,1
1171,584,1
1171,585,1
1171,586,1
1172,587,1
1172,588,1
1173,589,1
1173,590,1
1174,590,1
1174,591,1
1175,592,1
1176,593,1
1176,594,1
1176,595,1
1176,596,1
1177,597,1
1177,598,1
1178,599,1
1179,600,1
1179,601,1
1180,601,1
1180,602,1
1181,602,1
1181,603,1
1182,603,1
1182,604,1
1183,604,1
1183,605,1
1184,605,1
1184,606,1
1185,606,1
1185,607,1
1186,607,1
1187,608,1
1188,608,1
1189,608,1
1190,609,1
1191,609,1
1192,609,1
1193,609,1
1194,610,1
1195,610,1
1196,610,1
1197,610,1
1198,610,1
1199,609,1
1200,609,1
1201,609,1
1202,609,1
1203,609,1
1204,609,1
1205,608,1
1206,608,1
1207,608,1
1208,608,1
1209,608,1
1210,607,1
1211,607,1
1212,607,1
1213,607,1
1308,564,0
1413,498,1
1414,499,1
1414,500,1
1415,501,1
1416,502,1
1417,503,1
1417,504,1
1418,505,1
1418,506,1
1419,507,1
1420,508,1
1420,509,1
1421,510,1
1421,511,1
1422,512,1
1422,513,1
1423,513,1
1424,514,1
1424,515,1
1425,516,1
1426,517,1
1426,518,1
1427,519,1
1428,520,1
1428,521,1
1429,521,1
1429,522,1
1430,523,1
1430,524,1
1431,525,1
1432,525,1
1432,526,1
1433,527,1
1434,528,1
1435,529,1
1435,530,1
1436,531,1
1437,532,1
1437,533,1
1438,534,1
1438,535,1
1439,535,1
1440,536,1
1440,537,1
1441,538,1
1442,539,1
1443,540,1
1444,541,1
1445,542,1
1445,543,1
1446,544,1
1447,545,1
1448,546,1
1449,547,1
1450,548,1
1451,548,1
1452,549,1
1453,549,1
1453,548,1
1454,547,1
1454,546,1
1510,499,0
1559,476,1
1560,476,1
1561,476,1
1562,476,1
1563,476,1
1564,476,1
1565,476,1
1566,476,1
1567,475,1
1568,475,1
1569,475,1
1570,474,1
1571,474,1
1572,473,1
1573,473,1
1574,472,1
1575,471,1
1576,471,1
1577,470,1
1577,469,1
1578,468,1
1579,468,1
1579,467,1
1580,466,1
1581,466,1
1582,465,1
1582,464,1
1583,463,1
1584,462,1
1585,461,1
1585,460,1
1586,459,1
1587,459,1
1587,458,1
1588,457,1
1588,456,1
1589,456,1
1590,455,1
1590,454,1
1591,454,1
1592,453,1
1593,452,1
1594,451,1
1595,450,1
1596,450,1
1597,449,1
1598,449,1
1599,448,1
1600,448,1
1601,447,1
1602,447,1
1603,446,1
1604,446,1
1605,445,1
1606,445,1
1607,445,1
1608,444,1
1609,444,1
1610,443,1
1611,443,1
1612,443,1
1613,443,1
1613,442,1
1614,442,1
1615,442,1
1616,442,1
1617,442,1
1618,442,1
1619,442,1
1620,442,1
1621,442,1
1622,442,1
1623,442,1
1623,443,1
1624,443,1
1625,443,1
1626,443,1
1626,444,1
1627,444,1
1628,444,1
1628,445,1
1629,445,1
1630,446,1
1631,446,1
1631,447,1
1632,447,1
1632,448,1
1633,448,1
1633,449,1
1634,449,1
1635,450,1
1636,451,1
1637,452,1
1638,452,1
1639,453,1
1640,454,1
1641,455,1
1641,456,1
1642,456,1
1642,457,1
1643,458,1
1644,459,1
1644,460,1
1645,461,1
1645,462,1
1646,463,1
1646,464,1
1646,465,1
1647,466,1
1647,467,1
1647,468,1
1648,468,1
1648,469,1
1649,470,1
1649,471,1
1649,472,1
1650,473,1
1650,474,1
1651,475,1
1651,476,1
1652,477,1
1652,478,1
1653,479,1
1653,480,1
1654,481,1
1654,482,1
1655,483,1
1655,484,1
1656,484,1
1656,485,1
1657,486,1
1658,487,1
1658,488,1
1658,489,1
1659,490,1
1659,491,1
1619,464,0
1565,454,1
1566,454,1
1567,454,1
1568,454,1
1569,454,1
1570,454,1
1571,455,1
1572,455,1
1573,456,1
1574,456,1
1575,456,1
1576,457,1
1577,457,1
1578,457,1
1579,457,1
1580,457,1
1581,458,1
1582,458,1
1583,458,1
1584,459,1
1585,459,1
1586,459,1
1587,459,1
1588,459,1
1589,459,1
1590,460,1
1591,460,1
1592,460,1
1593,460,1
1594,461,1
1595,461,1
1596,461,1
1597,461,1
1598,461,1
1599,461,1
1600,462,1
1601,462,1
1602,462,1
1603,462,1
1604,462,1
1605,462,1
1606,463,1
1607,463,1
1608,463,1
1609,463,1
1610,463,1
1611,463,1
1612,463,1
1613,463,1
1614,463,1
1615,463,1
1616,463,1
1617,463,1
1693,438,0
1778,398,1
1779,399,1
1779,400,1
1780,401,1
1781,401,1
1782,402,1
1783,403,1
1784,404,1
1784,405,1
1785,405,1
1786,406,1
1786,407,1
1787,407,1
1788,408,1
1788,409,1
1789,409,1
1789,410,1
1790,411,1
1791,411,1
1791,412,1
1792,413,1
1793,413,1
1793,414,1
1794,415,1
1795,415,1
1796,416,1
1796,417,1
1797,417,1
1798,418,1
1799,419,1
1800,420,1
1801,421,1
1802,422,1
1803,423,1
1804,424,1
1805,425,1
1806,426,1
1807,427,1
1808,427,1
1808,428,1
1809,429,1
1810,429,1
1811,430,1
1811,431,1
1812,431,1
1813,432,1
1814,432,1
1814,433,1
1815,434,1
1816,434,1
1817,434,1
1817,433,1
1735,381,0
1693,333,1
1692,333,1
1691,334,1
1690,334,1
1689,335,1
1688,335,1
1687,335,1
1686,336,1
1685,336,1
1684,336,1
1684,337,1
1683,337,1
1682,337,1
1681,338,1
1680,338,1
1679,338,1
1678,338,1
1677,339,1
1676,339,1
1675,339,1
1674,340,1
1673,340,1
1672,341,1
1671,341,1
1670,341,1
1669,342,1
1668,342,1
1667,342,1
1666,342,1
1665,343,1
1664,343,1
1663,343,1
1662,344,1
1661,344,1
1660,344,1
1659,345,1
1658,345,1
1657,345,1
1656,345,1
1655,346,1
1654,346,1
1653,346,1
1652,347,1
1651,347,1
1650,347,1
1649,347,1
1648,348,1
1647,348,1
1646,348,1
1645,349,1
1644,349,1
1643,349,1
1642,350,1
1641,350,1
1640,350,1
1639,350,1
1638,351,1
1637,351,1
1636,351,1
1635,351,1
1634,352,1
1633,352,1
1632,352,1
1632,353,1
1631,353,1
1630,353,1
1629,353,1
1628,354,1
1627,354,1
1626,354,1
1625,354,1
1624,355,1
1623,355,1
1622,355,1
1621,355,1
1620,356,1
1619,356,1
1618,356,1
1618,357,1
1617,357,1
1616,357,1
1615,357,1
1614,358,1
1613,358,1
1612,358,1
1611,358,1
1610,359,1
1609,359,1
1608,359,1
1607,359,1
1606,360,1
1605,360,1
1604,360,1
1603,361,1
1602,361,1
1601,361,1
1600,361,1
1599,362,1
1598,362,1
1597,362,1
1596,362,1
1595,363,1
1594,363,1
1593,363,1
1592,363,1
1591,363,1
1590,364,1
1589,364,1
1588,364,1
1587,365,1
1586,365,1
1585,365,1
1584,365,1
1583,366,1
1582,366,1
1581,366,1
1580,366,1
1579,367,1
1578,367,1
1577,367,1
1576,367,1
1575,368,1
1574,368,1
1573,368,1
1572,368,1
1571,369,1
1570,369,1
1569,369,1
1568,369,1
1567,370,1
1566,370,1
1565,370,1
1564,370,1
1563,370,1
1562,371,1
1561,371,1
1560,371,1
1559,371,1
1558,372,1
1557,372,1
1556,372,1
1555,372,1
1554,373,1
1553,373,1
1552,373,1
1551,373,1
1550,374,1
1549,374,1
1548,374,1
1547,374,1
1546,374,1
1545,375,1
1544,375,1
1543,375,1
1542,376,1
1541,376,1
1540,376,1
1539,376,1
1538,376,1
1537,377,1
1536,377,1
1535,377,1
1534,377,1
1533,377,1
1532,378,1
1531,378,1
1530,378,1
1529,379,1
1528,379,1
1527,379,1
1526,379,1
1525,379,1
1524,380,1
1523,380,1
1522,380,1
1521,380,1
1520,380,1
1519,381,1
1518,381,1
1517,381,1
1516,381,1
1515,381,1
1514,382,1
1513,382,1
1512,382,1
1511,382,1
1510,383,1
1509,383,1
1508,383,1
1507,383,1
1506,383,1
1505,384,1
1504,384,1
1503,384,1
1502,384,1
1501,385,1
1500,385,1
1499,385,1
1498,385,1
1497,385,1
1496,386,1
1495,386,1
1494,386,1
1493,386,1
1492,387,1
1491,387,1
1490,387,1
1489,387,1
1488,388,1
1487,388,1
1486,388,1
1485,388,1
1484,388,1
1483,389,1
1482,389,1
1481,389,1
1480,389,1
1479,389,1
1478,390,1
1477,390,1
1476,390,1
1475,390,1
1474,391,1
1473,391,1
1472,391,1
1471,391,1
1470,391,1
1469,392,1
1468,392,1
1467,392,1
1466,393,1
1465,393,1
1464,393,1
1463,393,1
1462,393,1
1461,394,1
1460,394,1
1459,394,1
1458,394,1
1457,394,1
1456,395,1
1455,395,1
1454,395,1
1453,395,1
1452,396,1
1451,396,1
1450,396,1
1449,396,1
1448,396,1
1447,397,1
1446,397,1
1445,397,1
1444,398,1
1443,398,1
1442,398,1
1441,398,1
1440,398,1
1439,399,1
1438,399,1
1437,399,1
1436,399,1
1435,400,1
1434,400,1
1433,400,1
1432,400,1
1431,401,1
1430,401,1
1429,401,1
1428,401,1
1427,402,1
1426,402,1
1425,402,1
1424,402,1
1423,403,1
1422,403,1
1421,403,1
1420,403,1
1419,403,1
1418,404,1
1417,404,1
1416,404,1
1415,404,1
1414,405,1
1413,405,1
1412,405,1
1411,406,1
1410,406,1
1409,406,1
1408,406,1
1407,407,1
1406,407,1
1405,407,1
1404,408,1
1403,408,1
1402,408,1
1401,408,1
1400,409,1
1399,409,1
1398,409,1
1397,409,1
1396,410,1
1395,410,1
1394,410,1
1393,411,1
1392,411,1
1391,411,1
1390,411,1
1389,412,1
1388,412,1
1387,412,1
1386,412,1
1385,413,1
1384,413,1
1383,413,1
1382,413,1
1381,413,1
1380,414,1
1379,414,1
1378,415,1
1377,415,1
1376,415,1
1375,415,1
1374,416,1
1373,416,1
1372,416,1
1371,416,1
1370,417,1
1369,417,1
1368,417,1
1367,417,1
1366,418,1
1365,418,1
1364,418,1
1363,419,1
1362,419,1
1361,419,1
1360,419,1
1359,420,1
1358,420,1
1357,420,1
1356,421,1
1355,421,1
1354,421,1
1353,421,1
1352,422,1
1351,422,1
1350,422,1
1349,422,1
1349,423,1
1348,423,1
1347,423,1
1346,423,1
1345,424,1
1344,424,1
1343,424,1
1342,425,1
1341,425,1
1340,425,1
1339,425,1
1338,426,1
1337,426,1
1336,426,1
1335,426,1
1334,427,1
1333,427,1
1332,427,1
1331,428,1
1330,428,1
1329,428,1
1328,428,1
1327,429,1
1326,429,1
1325,429,1
1324,430,1
1323,430,1
1322,430,1
1321,430,1
1320,431,1
1319,431,1
1318,431,1
1317,432,1
1316,432,1
1315,432,1
1314,433,1
1313,433,1
1312,433,1
1311,433,1
1310,434,1
1309,434,1
1308,434,1
1307,435,1
1306,435,1
1305,435,1
1304,435,1
1303,436,1
1302,436,1
1301,436,1
1300,437,1
1299,437,1
1298,437,1
1297,437,1
1296,438,1
1295,438,1
1294,438,1
1293,438,1
1292,439,1
1291,439,1
1290,440,1
1289,440,1
1288,440,1
1287,440,1
1286,441,1
1285,441,1
1284,441,1
1283,441,1
1282,442,1
1281,442,1
1280,442,1
1279,443,1
1278,443,1
1277,443,1
1276,444,1
1275,444,1
1274,444,1
1273,445,1
1272,445,1
1271,445,1
1270,445,1
1269,446,1
1268,446,1
1267,446,1
1266,447,1
1265,447,1
1264,447,1
1263,447,1
1262,448,1
1261,448,1
1260,448,1
1259,449,1
1258,449,1
1257,449,1
1256,450,1
1255,450,1
1254,450,1
1253,450,1
1252,451,1
1251,451,1
1250,451,1
1249,452,1
1248,452,1
1247,452,1
1246,452,1
1245,453,1
1244,453,1
1243,453,1
1242,453,1
1242,454,1
1241,454,1
1240,454,1
1239,455,1
1238,455,1
1237,455,1
1236,455,1
1235,456,1
1234,456,1
1233,456,1
1232,457,1
1231,457,1
1230,457,1
1229,457,1
1228,458,1
1227,458,1
1226,458,1
1225,459,1
1224,459,1
1223,459,1
1222,460,1
1221,460,1
1220,460,1
1219,461,1
1218,461,1
1217,461,1
1216,461,1
1215,462,1
1214,462,1
1213,462,1
1212,463,1
1211,463,1
1210,463,1
1209,463,1
1208,464,1
1207,464,1
1206,464,1
1205,465,1
1204,465,1
1203,465,1
1202,465,1
1202,466,1
1201,466,1
1200,466,1
1199,467,1
1198,467,1
1197,467,1
1196,467,1
1195,468,1
1194,468,1
1193,468,1
1192,469,1
1191,469,1
1190,469,1
1189,469,1
1188,470,1
1187,470,1
1186,471,1
1185,471,1
1184,471,1
1183,471,1
1182,472,1
1181,472,1
1180,472,1
1179,473,1
1178,473,1
1177,473,1
1176,473,1
1175,474,1
1174,474,1
1173,474,1
1172,475,1
1171,475,1
1170,475,1
1169,475,1
1168,476,1
1167,476,1
1166,477,1
1165,477,1
1164,477,1
1163,477,1
1162,478,1
1161,478,1
1160,478,1
1159,479,1
1158,479,1
1157,479,1
1156,479,1
1155,480,1
1154,480,1
1153,480,1
1152,481,1
1151,481,1
1150,481,1
1149,482,1
1148,482,1
1147,482,1
1146,483,1
1145,483,1
1144,483,1
1143,484,1
1142,484,1
1141,484,1
1140,484,1
1139,485,1
1138,485,1
1137,485,1
1136,486,1
1135,486,1
1134,486,1
1133,487,1
1132,487,1
1131,487,1
1130,488,1
1129,488,1
1128,488,1
1127,488,1
1126,489,1
1125,489,1
1124,489,1
1123,490,1
1122,490,1
1121,490,1
1120,490,1
1119,491,1
1118,491,1
1117,492,1
1116,492,1
1115,492,1
1114,493,1
1113,493,1
1112,493,1
1111,493,1
1110,494,1
1109,494,1
1108,494,1
1107,495,1
1106,495,1
1105,496,1
1104,496,1
1103,496,1
1102,496,1
1101,497,1
1100,497,1
1099,497,1
1098,498,1
1097,498,1
1096,498,1
1095,499,1
1094,499,1
1093,499,1
1092,500,1
1091,500,1
1090,500,1
1089,501,1
1088,501,1
1087,501,1
1086,502,1
1085,502,1
1084,502,1
1083,503,1
1082,503,1
1081,503,1
1080,503,1
1079,504,1
1078,504,1
1077,505,1
1076,505,1
1075,505,1
1074,506,1
1073,506,1
1072,506,1
1071,507,1
1070,507,1
1069,507,1
1068,508,1
1067,508,1
1066,508,1
1065,509,1
1064,509,1
1063,509,1
1062,510,1
1061,510,1
1060,510,1
1059,511,1
1058,511,1
1057,511,1
1056,512,1
1055,512,1
1054,512,1
1053,513,1
1052,513,1
1051,513,1
1050,514,1
1049,514,1
1048,514,1
1047,515,1
1046,515,1
1045,516,1
1044,516,1
1043,516,1
1042,517,1
1041,517,1
1040,517,1
1039,518,1
1038,518,1
1037,518,1
1036,519,1
1035,519,1
1034,520,1
1033,520,1
1032,520,1
1031,521,1
1030,521,1
1029,522,1
1028,522,1
1027,522,1
1026,522,1
1025,522,1
1024,523,1
1023,523,1
1022,523,1
1021,523,1
1020,522,0
