485,708,1
486,708,1
487,708,1
488,708,1
489,707,1
490,707,1
491,707,1
492,706,1
493,706,1
494,706,1
495,706,1
496,706,1
497,705,1
498,705,1
499,705,1
500,705,1
501,704,1
502,704,1
503,704,1
504,703,1
505,703,1
506,703,1
507,703,1
508,702,1
509,702,1
510,702,1
511,701,1
512,701,1
513,701,1
514,701,1
515,700,1
516,700,1
517,700,1
518,700,1
519,699,1
520,699,1
521,699,1
522,698,1
523,698,1
524,698,1
525,698,1
526,697,1
527,697,1
528,697,1
529,696,1
530,696,1
531,696,1
532,696,1
533,695,1
534,695,1
535,695,1
536,695,1
537,694,1
538,694,1
539,694,1
540,694,1
541,694,1
542,693,1
543,693,1
544,693,1
545,693,1
546,693,1
547,693,1
548,692,1
549,692,1
550,692,1
551,692,1
552,692,1
553,692,1
554,692,1
555,692,1
556,692,1
557,692,1
558,692,1
559,692,1
560,692,1
561,692,1
562,692,1
563,693,1
564,693,1
565,693,1
566,693,1
567,694,1
568,694,1
569,695,1
570,695,1
571,696,1
572,697,1
573,697,1
573,698,1
574,698,1
574,699,1
575,699,1
576,700,1
576,701,1
577,702,1
577,703,1
578,703,1
578,704,1
578,705,1
579,706,1
579,707,1
580,708,1
580,709,1
580,710,1
580,711,1
581,712,1
581,713,1
581,714,1
582,715,1
582,716,1
582,717,1
582,718,1
582,719,1
582,720,1
583,721,1
583,722,1
583,723,1
583,724,1
583,725,1
583,726,1
583,727,1
584,728,1
584,729,1
584,730,1
584,731,1
584,732,1
584,733,1
584,734,1
584,735,1
584,736,1
584,737,1
584,738,1
584,739,1
584,740,1
585,741,1
585,742,1
585,743,1
585,744,1
585,745,1
585,746,1
585,747,1
585,748,1
585,749,1
585,750,1
586,751,1
586,752,1
586,753,1
586,754,1
586,755,1
586,756,1
586,757,1
586,758,1
587,759,1
587,760,1
587,761,1
587,762,1
587,763,1
587,764,1
587,765,1
587,766,1
587,767,1
587,768,1
587,767,1
586,767,1
586,766,1
585,766,1
585,765,1
584,764,1
584,763,1
583,762,1
583,761,1
582,760,1
582,759,1
581,759,1
581,758,1
581,757,1
580,756,1
580,755,1
579,755,1
578,754,1
578,753,1
577,753,1
577,752,1
576,751,1
575,750,1
574,749,1
573,748,1
572,747,1
571,746,1
570,746,1
569,745,1
569,744,1
568,744,1
567,743,1
566,743,1
565,742,1
564,742,1
563,741,1
562,741,1
561,741,1
560,740,1
559,740,1
558,740,1
557,740,1
556,739,1
555,739,1
554,739,1
553,739,1
552,739,1
551,739,1
550,739,1
549,739,1
548,739,1
547,739,1
546,739,1
545,739,1
544,739,1
543,739,1
542,740,1
541,740,1
540,740,1
539,741,1
538,741,1
537,741,1
536,742,1
535,742,1
534,743,1
533,743,1
532,744,1
531,744,1
530,745,1
530,746,1
529,746,1
528,747,1
527,748,1
526,749,1
525,750,1
524,751,1
523,752,1
523,753,1
522,754,1
522,755,1
522,756,1
521,757,1
521,758,1
521,759,1
521,760,1
521,761,1
521,762,1
521,763,1
521,764,1
522,765,1
523,766,1
524,767,1
525,767,1
525,768,1
526,768,1
527,768,1
528,769,1
529,769,1
530,769,1
531,769,1
532,769,1
533,769,1
534,769,1
535,768,1
536,768,1
537,768,1
538,767,1
539,767,1
540,767,1
541,766,1
542,766,1
543,765,1
544,765,1
545,764,1
546,763,1
547,763,1
548,762,1
549,761,1
550,760,1
551,760,1
551,759,1
552,758,1
553,758,1
554,757,1
555,756,1
556,755,1
557,754,1
558,753,1
558,752,1
559,752,1
560,751,1
561,750,1
561,749,1
562,748,1
563,748,1
563,747,1
564,746,1
565,745,1
565,744,1
566,743,1
567,742,1
568,741,1
569,740,1
570,739,1
570,738,1
571,737,1
572,736,1
573,735,1
573,734,1
574,733,1
575,733,1
576,732,1
576,731,1
577,730,1
578,729,1
578,728,1
579,727,1
580,726,1
581,726,1
581,725,1
582,724,1
583,723,1
584,722,1
585,722,1
585,721,1
586,720,1
587,719,1
588,719,1
588,718,1
589,717,1
590,716,1
591,716,1
592,715,1
593,714,1
594,713,1
595,713,1
596,712,1
597,712,1
598,711,1
599,710,1
600,709,1
601,709,1
602,708,1
603,708,1
604,708,1
605,707,1
606,707,1
607,707,1
607,706,1
608,706,1
609,706,1
610,705,1
611,705,1
612,705,1
613,705,1
614,705,1
615,705,1
616,704,1
617,704,1
618,704,1
619,704,1
620,704,1
621,704,1
622,704,1
623,705,1
624,705,1
625,705,1
626,705,1
627,706,1
628,706,1
629,706,1
630,706,1
630,707,1
631,707,1
632,708,1
633,708,1
634,709,1
635,709,1
635,710,1
636,710,1
637,711,1
638,711,1
639,712,1
639,713,1
640,713,1
641,714,1
641,715,1
642,715,1
643,716,1
644,717,1
644,718,1
645,718,1
645,719,1
646,720,1
647,721,1
647,722,1
648,722,1
648,723,1
649,724,1
650,725,1
650,726,1
651,727,1
651,728,1
652,728,1
652,729,1
653,730,1
653,731,1
653,732,1
654,733,1
654,734,1
655,735,1
655,736,1
656,737,1
656,738,1
656,739,1
657,740,1
657,741,1
657,742,1
658,743,1
658,744,1
659,745,1
659,746,1
659,747,1
659,748,1
660,748,1
660,749,1
660,750,1
661,751,1
661,752,1
661,753,1
661,754,1
662,754,1
662,755,1
662,756,1
662,757,1
662,758,1
663,758,1
663,759,1
664,759,1
664,758,1
664,757,1
664,756,1
664,755,1
660,691,0
647,626,1
648,626,1
649,626,1
650,626,1
651,625,1
652,625,1
653,625,1
654,624,1
655,624,1
656,624,1
657,623,1
658,623,1
659,623,1
660,622,1
661,622,1
662,622,1
663,622,1
664,621,1
665,621,1
666,621,1
667,620,1
668,620,1
669,620,1
670,620,1
671,619,1
672,619,1
673,619,1
674,618,1
675,618,1
676,618,1
677,617,1
678,617,1
679,617,1
680,616,1
681,616,1
682,616,1
683,616,1
684,615,1
685,615,1
686,615,1
687,615,1
688,614,1
689,614,1
690,614,1
691,614,1
692,613,1
693,613,1
694,613,1
695,613,1
696,612,1
697,612,1
698,612,1
699,612,1
700,612,1
701,611,1
702,611,1
703,611,1
704,611,1
705,610,1
706,610,1
707,610,1
708,610,1
709,609,1
710,609,1
711,609,1
712,609,1
713,609,1
714,608,1
715,608,1
716,608,1
717,608,1
718,607,1
719,607,1
720,607,1
721,607,1
722,607,1
723,606,1
724,606,1
725,606,1
726,606,1
727,606,1
728,605,1
729,605,1
730,605,1
731,605,1
732,605,1
733,604,1
734,604,1
735,604,1
736,604,1
737,603,1
738,603,1
739,603,1
740,603,1
741,602,1
742,602,1
743,602,1
744,602,1
745,601,1
746,601,1
747,601,1
748,601,1
749,601,1
750,600,1
751,600,1
752,600,1
753,600,1
754,599,1
755,599,1
756,599,1
757,599,1
758,598,1
759,598,1
760,598,1
761,598,1
762,597,1
763,597,1
764,597,1
765,597,1
766,596,1
767,596,1
768,596,1
769,596,1
770,595,1
771,595,1
772,595,1
773,595,1
774,595,1
775,594,1
776,594,1
777,594,1
778,593,1
779,593,1
780,593,1
781,593,1
782,593,1
783,592,1
784,592,1
785,592,1
786,592,1
787,591,1
788,591,1
789,591,1
790,591,1
791,591,1
792,590,1
793,590,1
794,590,1
795,589,1
796,589,1
797,588,1
784,612,0
772,636,1
773,636,1
774,635,1
775,635,1
776,634,1
777,634,1
778,634,1
779,634,1
780,633,1
781,633,1
782,633,1
783,632,1
784,632,1
785,632,1
786,631,1
787,631,1
788,631,1
789,631,1
790,630,1
791,630,1
792,630,1
793,630,1
794,629,1
795,629,1
796,629,1
797,629,1
798,628,1
799,628,1
800,628,1
801,628,1
802,628,1
803,628,1
804,627,1
805,627,1
806,627,1
807,627,1
808,627,1
809,627,1
810,626,1
811,626,1
812,626,1
813,626,1
814,626,1
815,626,1
816,626,1
817,626,1
818,626,1
819,626,1
820,627,1
821,627,1
822,627,1
823,627,1
824,627,1
824,628,1
825,628,1
826,628,1
826,629,1
827,629,1
828,629,1
828,630,1
829,630,1
830,631,1
830,632,1
831,632,1
831,633,1
832,634,1
832,635,1
833,635,1
833,636,1
833,637,1
834,638,1
834,639,1
834,640,1
834,641,1
834,642,1
835,643,1
835,644,1
835,645,1
835,646,1
835,647,1
835,648,1
835,649,1
835,650,1
835,651,1
835,652,1
835,653,1
835,654,1
835,655,1
835,656,1
835,657,1
835,658,1
835,659,1
836,660,1
836,661,1
836,662,1
837,663,1
837,664,1
838,665,1
838,666,1
839,667,1
840,668,1
841,669,1
842,669,1
842,670,1
843,670,1
844,670,1
844,671,1
845,671,1
846,671,1
847,671,1
848,672,1
849,672,1
850,672,1
851,672,1
852,671,1
853,671,1
854,671,1
855,671,1
856,670,1
857,670,1
858,670,1
859,669,1
860,669,1
861,668,1
862,668,1
863,667,1
864,666,1
865,665,1
866,665,1
866,664,1
867,664,1
868,663,1
868,662,1
869,662,1
870,661,1
870,660,1
871,659,1
872,659,1
872,658,1
873,657,1
874,656,1
874,655,1
875,654,1
876,653,1
877,652,1
877,651,1
878,650,1
878,649,1
878,648,1
879,648,1
879,647,1
880,646,1
880,645,1
881,644,1
881,643,1
881,642,1
882,641,1
882,640,1
882,639,1
883,638,1
883,637,1
884,636,1
884,635,1
884,634,1
884,633,1
885,632,1
885,631,1
885,630,1
885,629,1
885,628,1
886,627,1
886,626,1
886,625,1
886,624,1
886,623,1
886,622,1
886,621,1
886,620,1
886,619,1
886,618,1
886,617,1
886,616,1
886,615,1
886,614,1
885,613,1
885,612,1
885,611,1
885,610,1
884,610,1
884,609,1
884,608,1
883,608,1
883,607,1
882,607,1
882,606,1
881,606,1
881,607,1
880,607,1
880,608,1
879,608,1
879,609,1
879,610,1
878,610,1
878,611,1
878,612,1
878,613,1
878,614,1
877,615,1
877,616,1
877,617,1
877,618,1
877,619,1
877,620,1
877,621,1
877,622,1
877,623,1
877,624,1
878,625,1
878,626,1
878,627,1
878,628,1
878,629,1
878,630,1
878,631,1
878,632,1
878,633,1
878,634,1
878,635,1
878,636,1
879,637,1
879,638,1
879,639,1
879,640,1
879,641,1
879,642,1
880,643,1
880,644,1
880,645,1
880,646,1
880,647,1
881,648,1
881,649,1
881,650,1
881,651,1
881,652,1
882,653,1
882,654,1
882,655,1
882,656,1
883,657,1
883,658,1
883,659,1
883,660,1
884,661,1
884,662,1
884,663,1
885,664,1
885,665,1
885,666,1
885,667,1
886,668,1
886,669,1
886,670,1
887,671,1
887,672,1
887,673,1
888,674,1
888,675,1
888,676,1
889,677,1
889,678,1
889,679,1
890,680,1
890,681,1
890,682,1
891,683,1
892,684,1
892,685,1
893,686,1
893,687,1
894,688,1
894,689,1
894,690,1
895,691,1
895,692,1
896,693,1
897,694,1
898,695,1
899,695,1
900,695,1
900,694,1
900,693,1
900,692,1
900,691,1
892,620,0
877,547,1
878,547,1
879,547,1
880,547,1
881,546,1
882,546,1
883,546,1
884,546,1
885,545,1
886,545,1
887,545,1
888,545,1
889,545,1
890,545,1
891,544,1
892,544,1
893,544,1
894,544,1
895,544,1
896,543,1
897,543,1
898,543,1
899,543,1
900,543,1
901,542,1
902,542,1
903,542,1
904,542,1
905,542,1
906,541,1
907,541,1
908,541,1
909,541,1
910,541,1
911,540,1
912,540,1
913,540,1
914,540,1
915,540,1
916,539,1
917,539,1
918,539,1
919,539,1
920,539,1
921,538,1
922,538,1
923,538,1
924,538,1
925,538,1
926,537,1
927,537,1
928,537,1
929,537,1
930,536,1
931,536,1
932,536,1
933,536,1
934,536,1
935,535,1
936,535,1
937,535,1
938,535,1
939,534,1
940,534,1
941,534,1
942,534,1
943,534,1
944,533,1
945,533,1
946,533,1
947,533,1
948,532,1
949,532,1
950,532,1
951,532,1
952,532,1
953,531,1
954,531,1
955,531,1
956,531,1
957,530,1
958,530,1
959,530,1
960,530,1
961,529,1
962,529,1
963,529,1
964,529,1
965,529,1
966,528,1
967,528,1
968,528,1
969,528,1
970,527,1
971,527,1
972,527,1
973,527,1
974,527,1
975,526,1
976,526,1
977,526,1
978,526,1
979,525,1
980,525,1
981,525,1
982,525,1
983,525,1
984,524,1
985,524,1
986,524,1
987,524,1
988,523,1
989,523,1
990,523,1
991,523,1
992,522,1
993,522,1
994,522,1
995,522,1
996,522,1
997,521,1
998,521,1
999,521,1
1000,521,1
1001,520,1
1002,520,1
1003,520,1
1004,520,1
1005,519,1
1006,519,1
1007,519,1
1008,518,1
1009,518,1
1010,518,1
1011,518,1
1012,517,1
1013,517,1
1014,517,1
1015,517,1
1016,516,1
1017,516,1
1018,516,1
1019,516,1
1020,515,1
1021,515,1
1022,515,1
1023,514,1
1024,514,1
1025,514,1
1026,514,1
1027,513,1
1028,513,1
1029,513,1
1030,512,1
1031,512,1
1032,512,1
1033,512,1
1034,511,1
1035,511,1
1036,511,1
1037,511,1
1038,510,1
1039,510,1
1040,510,1
1041,510,1
1042,509,1
1043,509,1
1044,509,1
1045,509,1
1046,508,1
1047,508,1
1048,508,1
1049,507,1
1050,507,1
1051,507,1
1052,507,1
1053,506,1
1054,506,1
1055,506,1
1056,506,1
1057,505,1
1058,505,1
1059,505,1
1060,504,1
1061,504,1
1062,504,1
1063,504,1
1064,503,1
1065,503,1
1066,503,1
1067,503,1
1068,502,1
1069,502,1
1070,502,1
1071,501,1
1072,501,1
1073,501,1
1074,500,1
1075,500,1
1076,500,1
1077,500,1
1078,499,1
1079,499,1
1080,499,1
1081,498,1
1082,498,1
1083,498,1
1084,498,1
1085,497,1
1086,497,1
1087,497,1
1088,497,1
1089,496,1
1090,496,1
1091,496,1
1092,495,1
1093,495,1
1094,495,1
1095,495,1
1096,494,1
1097,494,1
1098,494,1
1099,494,1
1100,493,1
1101,493,1
1102,493,1
1103,493,1
1104,492,1
1105,492,1
1106,492,1
1107,492,1
1108,491,1
1109,491,1
1110,491,1
1111,491,1
1112,490,1
1113,490,1
1114,490,1
1115,489,1
1116,489,1
1117,489,1
1118,489,1
1119,488,1
1120,488,1
1121,488,1
1122,488,1
1123,487,1
1124,487,1
1125,487,1
1126,487,1
1127,486,1
1128,486,1
1129,486,1
1130,486,1
1131,486,1
1132,485,1
1133,485,1
1134,485,1
1135,485,1
1136,485,1
1137,485,1
1138,485,1
1139,484,1
1140,484,1
1141,484,1
1142,484,1
1143,484,1
1144,484,1
1145,484,1
1146,485,1
1147,485,1
1148,485,1
1149,485,1
1150,485,1
1151,485,1
1152,486,1
1153,486,1
1154,486,1
1155,487,1
1156,487,1
1157,488,1
1158,488,1
1158,489,1
1159,489,1
1160,490,1
1161,491,1
1162,492,1
1163,492,1
1163,493,1
1164,493,1
1164,494,1
1165,495,1
1166,496,1
1166,497,1
1167,498,1
1167,499,1
1168,500,1
1168,501,1
1169,502,1
1169,503,1
1169,504,1
1170,504,1
1170,505,1
1170,506,1
1171,507,1
1171,508,1
1171,509,1
1171,510,1
1172,511,1
1172,512,1
1172,513,1
1172,514,1
1173,514,1
1173,515,1
1173,516,1
1173,517,1
1173,518,1
1173,519,1
1174,520,1
1174,521,1
1174,522,1
1174,523,1
1174,524,1
1174,525,1
1175,526,1
1175,527,1
1175,528,1
1175,529,1
1175,530,1
1175,531,1
1176,532,1
1176,533,1
1176,534,1
1176,535,1
1176,536,1
1176,537,1
1176,538,1
1177,539,1
1177,540,1
1177,541,1
1177,542,1
1177,543,1
1177,544,1
1178,545,1
1178,546,1
1178,547,1
1178,548,1
1178,549,1
1178,550,1
1178,551,1
1179,552,1
1179,553,1
1179,554,1
1179,555,1
1179,556,1
1180,557,1
1180,558,1
1180,559,1
1180,560,1
1180,561,1
1180,562,1
1181,563,1
1181,564,1
1181,565,1
1181,566,1
1181,567,1
1182,568,1
1182,569,1
1182,570,1
1182,571,1
1182,572,1
1182,573,1
1183,574,1
1183,575,1
1183,576,1
1183,577,1
1183,578,1
1184,579,1
1184,580,1
1184,581,1
1184,582,1
1184,583,1
1184,584,1
1185,585,1
1185,586,1
1185,587,1
1185,588,1
1185,589,1
1186,590,1
1186,591,1
1186,592,1
1186,593,1
1186,594,1
1186,595,1
1187,596,1
1187,597,1
1187,598,1
1187,599,1
1187,600,1
1188,601,1
1188,602,1
1188,603,1
1188,604,1
1188,605,1
1188,606,1
1189,607,1
1189,608,1
1189,609,1
1189,610,1
1189,611,1
1189,612,1
1190,613,1
1190,614,1
1190,615,1
1190,616,1
1190,617,1
1191,618,1
1191,619,1
1191,620,1
1191,621,1
1191,622,1
1192,623,1
1192,624,1
1192,625,1
1192,626,1
1192,627,1
1192,628,1
1193,629,1
1193,630,1
1193,631,1
1193,632,1
1194,633,1
1194,634,1
1194,635,1
1194,636,1
1194,637,1
1195,637,1
1195,638,1
1195,639,1
1195,640,1
1196,641,1
1196,642,1
1196,643,1
1197,643,1
1197,642,1
1196,642,1
1196,641,1
1196,640,1
1196,639,1
1196,638,1
1195,637,1
1195,636,1
1195,635,1
1195,634,1
1194,633,1
1194,632,1
1148,608,0
1109,572,1
1108,572,1
1107,573,1
1106,573,1
1105,573,1
1104,574,1
1103,574,1
1102,574,1
1101,574,1
1100,574,1
1099,574,1
1098,575,1
1097,575,1
1096,575,1
1095,575,1
1094,576,1
1093,576,1
1092,576,1
1092,577,1
1091,577,1
1090,577,1
1089,578,1
1088,578,1
1087,578,1
1086,578,1
1085,579,1
1084,579,1
1083,579,1
1082,580,1
1081,580,1
1080,580,1
1079,581,1
1078,581,1
1077,581,1
1076,582,1
1075,582,1
1074,582,1
1074,583,1
1073,583,1
1072,583,1
1071,584,1
1070,584,1
1069,585,1
1068,585,1
1067,585,1
1066,586,1
1065,586,1
1064,586,1
1063,587,1
1062,587,1
1061,588,1
1060,588,1
1059,589,1
1058,589,1
1057,590,1
1056,590,1
1055,590,1
1054,591,1
1053,591,1
1052,592,1
1051,592,1
1050,593,1
1049,594,1
1048,594,1
1047,595,1
1046,596,1
1045,596,1
1044,597,1
1043,597,1
1042,598,1
1041,598,1
1040,599,1
1040,600,1
1039,600,1
1038,601,1
1037,602,1
1036,603,1
1035,604,1
1034,605,1
1033,606,1
1033,607,1
1032,607,1
1032,608,1
1031,609,1
1031,610,1
1030,610,1
1030,611,1
1029,612,1
1029,613,1
1029,614,1
1028,615,1
1028,616,1
1028,617,1
1028,618,1
1028,619,1
1028,620,1
1028,621,1
1029,622,1
1029,623,1
1029,624,1
1030,625,1
1031,626,1
1032,627,1
1033,628,1
1034,629,1
1035,629,1
1036,630,1
1037,630,1
1038,630,1
1039,630,1
1040,631,1
1041,631,1
1042,631,1
1043,631,1
1044,631,1
1045,630,1
1046,630,1
1047,630,1
1048,630,1
1049,630,1
1050,629,1
1051,629,1
1052,629,1
1053,628,1
1054,628,1
1055,627,1
1056,627,1
1056,626,1
1057,626,1
1058,625,1
1059,624,1
1060,623,1
1061,622,1
1062,621,1
1062,620,1
1063,620,1
1063,619,1
1064,618,1
1064,617,1
1065,616,1
1066,615,1
1066,614,1
1066,613,1
1066,612,1
1067,611,1
1067,610,1
1067,609,1
1068,608,1
1068,607,1
1068,606,1
1068,605,1
1068,604,1
1068,603,1
1068,602,1
1068,601,1
1068,600,1
1068,599,1
1068,598,1
1068,597,1
1068,596,1
1067,595,1
1067,594,1
1067,593,1
1067,592,1
1066,591,1
1066,590,1
1065,589,1
1065,588,1
1065,587,1
1064,587,1
1064,586,1
1063,585,1
1063,584,1
1062,584,1
1062,583,1
1061,582,1
1060,581,1
1059,580,1
1059,579,1
1058,579,1
1058,578,1
1057,577,1
1056,577,1
1056,576,1
1055,576,1
1054,575,1
1053,574,1
1052,574,1
1051,574,1
1050,574,1
1049,574,1
1048,573,1
1047,573,1
1047,574,1
1047,574,0
521,526,0
