707,1233,1
708,1233,1
709,1233,1
710,1233,1
711,1233,1
712,1233,1
713,1233,1
714,1233,1
715,1232,1
716,1232,1
717,1232,1
718,1232,1
719,1232,1
720,1232,1
721,1231,1
722,1231,1
723,1231,1
724,1231,1
725,1231,1
726,1230,1
727,1230,1
728,1230,1
729,1230,1
730,1230,1
731,1230,1
732,1229,1
733,1229,1
734,1229,1
735,1229,1
736,1228,1
737,1228,1
738,1228,1
739,1228,1
740,1228,1
740,1227,1
741,1227,1
742,1227,1
743,1227,1
744,1227,1
745,1226,1
746,1226,1
747,1226,1
748,1226,1
749,1226,1
750,1226,1
751,1226,1
752,1225,1
753,1225,1
754,1225,1
755,1225,1
756,1225,1
757,1225,1
758,1225,1
759,1225,1
760,1225,1
761,1226,1
762,1226,1
763,1226,1
764,1226,1
765,1226,1
766,1226,1
767,1226,1
768,1226,1
769,1227,1
770,1227,1
771,1227,1
772,1227,1
773,1227,1
774,1228,1
775,1228,1
776,1228,1
777,1229,1
778,1229,1
779,1229,1
780,1230,1
781,1230,1
782,1230,1
783,1231,1
784,1231,1
785,1232,1
786,1232,1
787,1232,1
788,1232,1
789,1233,1
790,1233,1
791,1233,1
792,1234,1
793,1234,1
794,1234,1
795,1234,1
795,1235,1
796,1235,1
797,1235,1
798,1235,1
798,1236,1
799,1236,1
800,1236,1
801,1237,1
802,1237,1
803,1238,1
804,1238,1
805,1239,1
806,1239,1
806,1240,1
807,1240,1
808,1240,1
808,1241,1
809,1241,1
810,1242,1
811,1242,1
812,1243,1
813,1244,1
814,1244,1
814,1245,1
815,1245,1
816,1246,1
817,1247,1
818,1248,1
819,1248,1
819,1249,1
820,1249,1
820,1250,1
821,1250,1
821,1251,1
822,1251,1
823,1252,1
823,1253,1
824,1253,1
824,1254,1
825,1254,1
825,1255,1
826,1256,1
827,1257,1
828,1258,1
828,1259,1
829,1259,1
829,1260,1
830,1261,1
831,1262,1
831,1263,1
832,1263,1
832,1264,1
833,1265,1
833,1266,1
834,1266,1
834,1267,1
835,1268,1
835,1269,1
836,1269,1
836,1270,1
836,1271,1
837,1272,1
838,1273,1
838,1274,1
838,1275,1
839,1275,1
839,1276,1
840,1277,1
840,1278,1
840,1279,1
841,1279,1
841,1280,1
841,1281,1
842,1282,1
842,1283,1
842,1284,1
843,1284,1
843,1285,1
843,1286,1
844,1287,1
844,1288,1
844,1289,1
845,1290,1
845,1291,1
845,1292,1
846,1293,1
846,1294,1
846,1295,1
846,1296,1
847,1296,1
847,1297,1
847,1298,1
847,1299,1
848,1300,1
848,1301,1
848,1302,1
848,1303,1
849,1304,1
849,1305,1
849,1306,1
849,1307,1
850,1308,1
850,1309,1
850,1310,1
850,1311,1
850,1312,1
851,1313,1
851,1314,1
851,1315,1
851,1316,1
851,1317,1
851,1318,1
852,1319,1
852,1320,1
852,1321,1
852,1322,1
852,1323,1
852,1324,1
853,1325,1
853,1326,1
853,1327,1
853,1328,1
853,1329,1
853,1330,1
853,1331,1
853,1332,1
854,1333,1
854,1334,1
854,1335,1
854,1336,1
854,1337,1
854,1338,1
854,1339,1
854,1340,1
855,1341,1
855,1342,1
855,1343,1
855,1344,1
855,1345,1
855,1346,1
855,1347,1
855,1348,1
855,1349,1
856,1350,1
856,1351,1
856,1352,1
856,1353,1
856,1354,1
856,1355,1
856,1356,1
856,1357,1
856,1358,1
856,1359,1
857,1360,1
857,1361,1
857,1362,1
857,1363,1
857,1364,1
857,1365,1
857,1366,1
857,1367,1
857,1368,1
857,1369,1
857,1370,1
858,1371,1
858,1372,1
858,1373,1
858,1374,1
858,1375,1
858,1376,1
858,1377,1
858,1378,1
858,1379,1
858,1380,1
858,1381,1
859,1382,1
859,1383,1
859,1384,1
859,1385,1
859,1386,1
859,1387,1
859,1388,1
859,1389,1
859,1390,1
860,1391,1
860,1392,1
860,1393,1
860,1394,1
860,1395,1
860,1396,1
860,1397,1
860,1398,1
861,1398,1
861,1399,1
861,1400,1
861,1401,1
861,1402,1
861,1403,1
861,1404,1
862,1405,1
862,1406,1
862,1407,1
862,1408,1
862,1409,1
862,1410,1
862,1411,1
863,1411,1
863,1412,1
863,1413,1
863,1414,1
863,1415,1
863,1416,1
863,1417,1
864,1418,1
864,1419,1
864,1420,1
864,1421,1
864,1422,1
864,1423,1
865,1423,1
865,1424,1
865,1425,1
865,1426,1
865,1427,1
866,1427,1
866,1428,1
866,1429,1
867,1429,1
867,1428,1
867,1427,1
867,1426,1
866,1426,1
866,1425,1
866,1424,1
866,1423,1
866,1422,1
866,1421,1
866,1420,1
865,1420,1
865,1419,1
865,1418,1
865,1417,1
865,1416,1
864,1415,1
864,1414,1
864,1413,1
864,1412,1
863,1411,1
863,1410,1
863,1409,1
862,1408,1
862,1407,1
862,1406,1
861,1405,1
861,1404,1
861,1403,1
861,1402,1
860,1401,1
860,1400,1
860,1399,1
859,1398,1
859,1397,1
859,1396,1
858,1395,1
858,1394,1
857,1393,1
857,1392,1
857,1391,1
856,1390,1
856,1389,1
855,1388,1
855,1387,1
855,1386,1
854,1385,1
854,1384,1
853,1383,1
853,1382,1
852,1381,1
852,1380,1
851,1380,1
851,1379,1
851,1378,1
850,1377,1
850,1376,1
849,1376,1
849,1375,1
848,1374,1
848,1373,1
847,1373,1
847,1372,1
846,1371,1
846,1370,1
845,1370,1
845,1369,1
845,1368,1
844,1368,1
844,1367,1
843,1366,1
842,1366,1
842,1365,1
841,1364,1
840,1363,1
840,1362,1
839,1362,1
839,1361,1
838,1360,1
837,1359,1
836,1359,1
836,1358,1
835,1357,1
834,1356,1
833,1355,1
832,1355,1
832,1354,1
831,1354,1
830,1353,1
829,1352,1
828,1351,1
827,1351,1
827,1350,1
826,1350,1
825,1349,1
824,1349,1
823,1348,1
822,1347,1
821,1347,1
820,1346,1
819,1346,1
819,1345,1
818,1345,1
817,1345,1
816,1344,1
815,1344,1
814,1344,1
814,1343,1
813,1343,1
812,1343,1
811,1342,1
810,1342,1
809,1342,1
808,1341,1
807,1341,1
806,1341,1
805,1341,1
804,1340,1
803,1340,1
802,1340,1
801,1340,1
800,1340,1
799,1339,1
798,1339,1
797,1339,1
796,1339,1
795,1339,1
794,1339,1
793,1339,1
792,1339,1
791,1339,1
790,1339,1
789,1339,1
788,1339,1
787,1339,1
786,1340,1
785,1340,1
784,1340,1
783,1340,1
782,1341,1
781,1341,1
780,1341,1
779,1342,1
778,1342,1
777,1342,1
777,1343,1
776,1343,1
775,1343,1
774,1344,1
773,1344,1
773,1345,1
772,1345,1
771,1345,1
771,1346,1
770,1346,1
770,1347,1
769,1347,1
769,1348,1
769,1349,1
768,1349,1
768,1350,1
768,1351,1
769,1351,1
769,1352,1
769,1353,1
770,1353,1
770,1354,1
771,1354,1
772,1354,1
773,1354,1
773,1355,1
774,1355,1
775,1355,1
776,1355,1
777,1355,1
778,1355,1
779,1355,1
780,1355,1
781,1355,1
782,1355,1
783,1355,1
784,1354,1
785,1354,1
786,1354,1
787,1354,1
788,1354,1
789,1354,1
789,1353,1
790,1353,1
791,1353,1
792,1353,1
793,1353,1
793,1352,1
794,1352,1
795,1352,1
796,1352,1
796,1351,1
797,1351,1
798,1351,1
799,1351,1
800,1350,1
801,1350,1
802,1350,1
803,1349,1
804,1349,1
805,1349,1
805,1348,1
806,1348,1
807,1348,1
808,1347,1
809,1347,1
810,1347,1
811,1346,1
812,1346,1
813,1345,1
814,1345,1
815,1344,1
816,1344,1
817,1344,1
818,1343,1
819,1343,1
820,1342,1
821,1342,1
822,1341,1
823,1341,1
824,1340,1
825,1340,1
826,1339,1
827,1339,1
828,1338,1
829,1338,1
830,1337,1
831,1337,1
832,1336,1
833,1336,1
834,1335,1
835,1335,1
835,1334,1
836,1334,1
837,1333,1
838,1333,1
839,1332,1
840,1332,1
841,1332,1
842,1331,1
843,1331,1
844,1330,1
845,1330,1
846,1329,1
847,1329,1
848,1328,1
849,1328,1
849,1327,1
850,1327,1
851,1326,1
852,1326,1
853,1325,1
854,1325,1
855,1325,1
856,1324,1
857,1324,1
858,1323,1
859,1323,1
860,1322,1
861,1322,1
862,1321,1
863,1321,1
864,1320,1
865,1320,1
866,1319,1
867,1319,1
868,1318,1
869,1318,1
870,1318,1
871,1317,1
872,1317,1
873,1316,1
874,1316,1
875,1316,1
876,1315,1
877,1315,1
878,1314,1
879,1314,1
880,1314,1
881,1313,1
882,1313,1
883,1312,1
884,1312,1
885,1312,1
886,1311,1
887,1311,1
888,1311,1
889,1310,1
890,1310,1
891,1310,1
892,1309,1
893,1309,1
894,1309,1
895,1308,1
896,1308,1
897,1308,1
898,1308,1
899,1307,1
900,1307,1
901,1307,1
902,1307,1
903,1307,1
904,1307,1
905,1306,1
906,1306,1
907,1306,1
908,1306,1
909,1306,1
910,1306,1
911,1306,1
912,1305,1
913,1305,1
914,1305,1
915,1305,1
916,1305,1
917,1305,1
918,1305,1
919,1305,1
920,1305,1
921,1305,1
922,1305,1
923,1305,1
924,1305,1
925,1305,1
926,1305,1
927,1306,1
928,1306,1
929,1306,1
930,1306,1
931,1306,1
932,1306,1
933,1306,1
934,1307,1
935,1307,1
936,1307,1
937,1307,1
938,1308,1
939,1308,1
940,1308,1
941,1309,1
942,1309,1
943,1309,1
944,1310,1
945,1310,1
946,1311,1
947,1311,1
948,1312,1
949,1312,1
950,1313,1
951,1313,1
951,1314,1
952,1314,1
953,1314,1
953,1315,1
954,1315,1
955,1316,1
956,1317,1
957,1318,1
958,1318,1
958,1319,1
959,1319,1
959,1320,1
960,1320,1
961,1321,1
962,1322,1
963,1323,1
964,1324,1
965,1325,1
966,1326,1
967,1327,1
967,1328,1
968,1328,1
968,1329,1
969,1329,1
969,1330,1
969,1331,1
970,1331,1
970,1332,1
971,1333,1
972,1334,1
972,1335,1
973,1336,1
973,1337,1
974,1338,1
975,1339,1
975,1340,1
976,1341,1
976,1342,1
976,1343,1
977,1343,1
977,1344,1
977,1345,1
978,1346,1
978,1347,1
978,1348,1
979,1349,1
979,1350,1
979,1351,1
980,1352,1
980,1353,1
980,1354,1
981,1355,1
981,1356,1
981,1357,1
982,1357,1
982,1358,1
982,1359,1
982,1360,1
983,1361,1
983,1362,1
983,1363,1
984,1364,1
984,1365,1
984,1366,1
984,1367,1
985,1367,1
985,1368,1
985,1369,1
985,1370,1
986,1370,1
986,1371,1
986,1372,1
987,1373,1
987,1374,1
987,1375,1
987,1376,1
987,1377,1
987,1378,1
988,1378,1
988,1379,1
988,1380,1
988,1381,1
988,1382,1
988,1383,1
988,1384,1
988,1385,1
988,1386,1
988,1387,1
989,1387,1
989,1388,1
989,1389,1
988,1390,1
988,1391,1
988,1392,1
988,1393,1
988,1394,1
988,1395,1
988,1396,1
988,1397,1
988,1398,1
988,1399,1
988,1400,1
987,1400,1
987,1401,1
987,1402,1
987,1403,1
986,1403,1
986,1404,1
986,1403,1
986,1402,1
986,1401,1
987,1400,1
987,1399,1
987,1398,1
988,1397,1
988,1396,1
988,1395,1
989,1394,1
989,1393,1
990,1392,1
990,1391,1
990,1390,1
991,1389,1
991,1388,1
992,1387,1
992,1386,1
993,1385,1
993,1384,1
994,1383,1
995,1383,1
995,1382,1
996,1381,1
985,1264,0
944,1130,1
945,1130,1
946,1130,1
947,1130,1
948,1130,1
949,1130,1
950,1130,1
951,1130,1
952,1130,1
953,1130,1
954,1130,1
955,1130,1
956,1130,1
957,1130,1
958,1130,1
959,1129,1
960,1129,1
961,1129,1
962,1129,1
963,1129,1
964,1128,1
965,1128,1
966,1128,1
967,1128,1
968,1128,1
969,1128,1
970,1128,1
971,1128,1
972,1128,1
973,1127,1
974,1127,1
975,1127,1
976,1127,1
977,1127,1
978,1127,1
979,1127,1
980,1126,1
981,1126,1
982,1126,1
983,1126,1
984,1126,1
985,1126,1
986,1126,1
987,1126,1
987,1125,1
988,1125,1
989,1125,1
990,1125,1
991,1125,1
992,1125,1
993,1125,1
994,1125,1
995,1124,1
996,1124,1
997,1124,1
998,1124,1
999,1124,1
1000,1124,1
1001,1124,1
1002,1123,1
1003,1123,1
1004,1123,1
1005,1123,1
1006,1123,1
1007,1123,1
1008,1123,1
1009,1123,1
1010,1122,1
1011,1122,1
1012,1122,1
1013,1122,1
1014,1122,1
1015,1122,1
1016,1121,1
1017,1121,1
1018,1121,1
1019,1121,1
1020,1121,1
1021,1121,1
1022,1121,1
1023,1121,1
1024,1120,1
1025,1120,1
1026,1120,1
1027,1120,1
1028,1120,1
1029,1120,1
1030,1120,1
1031,1119,1
1032,1119,1
1033,1119,1
1034,1119,1
1035,1119,1
1036,1119,1
1037,1119,1
1038,1118,1
1039,1118,1
1040,1118,1
1041,1118,1
1042,1118,1
1043,1118,1
1044,1117,1
1045,1117,1
1046,1117,1
1047,1117,1
1048,1117,1
1049,1117,1
1050,1117,1
1051,1116,1
1052,1116,1
1053,1116,1
1054,1116,1
1055,1116,1
1056,1116,1
1057,1116,1
1058,1115,1
1059,1115,1
1060,1115,1
1061,1115,1
1062,1115,1
1063,1115,1
1064,1115,1
1065,1115,1
1066,1114,1
1067,1114,1
1068,1114,1
1069,1114,1
1070,1114,1
1071,1114,1
1072,1114,1
1073,1113,1
1074,1113,1
1075,1113,1
1076,1113,1
1077,1113,1
1078,1113,1
1079,1113,1
1080,1112,1
1081,1112,1
1082,1112,1
1083,1112,1
1084,1112,1
1085,1112,1
1086,1112,1
1087,1112,1
1088,1111,1
1089,1111,1
1090,1111,1
1091,1111,1
1092,1111,1
1093,1111,1
1094,1111,1
1095,1110,1
1096,1110,1
1097,1110,1
1098,1110,1
1099,1110,1
1100,1110,1
1101,1110,1
1102,1109,1
1103,1109,1
1104,1109,1
1105,1109,1
1106,1109,1
1107,1109,1
1108,1109,1
1109,1109,1
1110,1108,1
1111,1108,1
1112,1108,1
1113,1108,1
1114,1108,1
1115,1108,1
1116,1108,1
1117,1107,1
1118,1107,1
1119,1107,1
1120,1107,1
1121,1107,1
1122,1107,1
1123,1107,1
1124,1107,1
1125,1106,1
1126,1106,1
1127,1106,1
1128,1106,1
1129,1106,1
1130,1106,1
1131,1106,1
1132,1105,1
1133,1105,1
1134,1105,1
1135,1105,1
1136,1105,1
1137,1105,1
1138,1105,1
1139,1105,1
1140,1104,1
1141,1104,1
1142,1104,1
1143,1104,1
1144,1104,1
1145,1104,1
1146,1103,1
1147,1103,1
1148,1103,1
1149,1103,1
1150,1103,1
1151,1103,1
1152,1103,1
1153,1103,1
1154,1102,1
1155,1102,1
1156,1102,1
1157,1102,1
1158,1102,1
1159,1102,1
1160,1102,1
1161,1102,1
1162,1102,1
1163,1101,1
1164,1101,1
1165,1101,1
1166,1101,1
1167,1101,1
1168,1101,1
1169,1101,1
1170,1101,1
1171,1101,1
1171,1100,1
1172,1100,1
1173,1100,1
1174,1100,1
1175,1100,1
1176,1100,1
1177,1100,1
1178,1100,1
1179,1099,1
1180,1099,1
1181,1099,1
1182,1099,1
1183,1099,1
1184,1099,1
1185,1099,1
1186,1099,1
1187,1099,1
1188,1099,1
1189,1098,1
1190,1098,1
1191,1098,1
1192,1098,1
1193,1098,1
1194,1098,1
1195,1098,1
1196,1098,1
1197,1097,1
1198,1097,1
1199,1097,1
1200,1097,1
1201,1097,1
1202,1097,1
1203,1097,1
1204,1097,1
1204,1098,1
1204,1099,1
1204,1100,1
1177,1166,0
1152,1222,1
1153,1222,1
1154,1222,1
1155,1222,1
1156,1222,1
1157,1222,1
1158,1222,1
1159,1222,1
1160,1222,1
1161,1222,1
1162,1222,1
1163,1222,1
1164,1222,1
1165,1222,1
1166,1222,1
1167,1222,1
1168,1222,1
1169,1222,1
1170,1222,1
1171,1222,1
1172,1222,1
1173,1222,1
1174,1222,1
1175,1223,1
1176,1223,1
1177,1223,1
1178,1224,1
1179,1224,1
1180,1224,1
1180,1225,1
1181,1225,1
1182,1226,1
1183,1226,1
1183,1227,1
1184,1227,1
1184,1228,1
1185,1228,1
1185,1229,1
1186,1230,1
1186,1231,1
1187,1232,1
1187,1233,1
1188,1234,1
1188,1235,1
1188,1236,1
1189,1237,1
1189,1238,1
1189,1239,1
1190,1240,1
1190,1241,1
1190,1242,1
1190,1243,1
1190,1244,1
1191,1245,1
1191,1246,1
1191,1247,1
1191,1248,1
1191,1249,1
1191,1250,1
1192,1251,1
1192,1252,1
1192,1253,1
1192,1254,1
1192,1255,1
1192,1256,1
1192,1257,1
1193,1258,1
1193,1259,1
1193,1260,1
1193,1261,1
1193,1262,1
1193,1263,1
1193,1264,1
1194,1264,1
1194,1265,1
1194,1266,1
1195,1267,1
1195,1268,1
1196,1269,1
1197,1270,1
1197,1271,1
1198,1272,1
1198,1273,1
1199,1274,1
1199,1275,1
1200,1275,1
1200,1276,1
1200,1277,1
1201,1277,1
1201,1278,1
1202,1279,1
1202,1280,1
1203,1281,1
1204,1282,1
1204,1283,1
1205,1284,1
1205,1285,1
1206,1285,1
1206,1286,1
1206,1287,1
1207,1287,1
1207,1288,1
1208,1289,1
1208,1290,1
1209,1290,1
1209,1291,1
1209,1292,1
1210,1292,1
1210,1293,1
1211,1293,1
1211,1294,1
1212,1295,1
1212,1296,1
1213,1297,1
1214,1298,1
1214,1299,1
1215,1299,1
1215,1300,1
1216,1300,1
1216,1301,1
1217,1302,1
1218,1303,1
1219,1304,1
1220,1305,1
1221,1305,1
1221,1306,1
1222,1307,1
1223,1307,1
1223,1308,1
1224,1308,1
1225,1309,1
1226,1309,1
1227,1310,1
1228,1310,1
1229,1310,1
1230,1311,1
1231,1311,1
1232,1311,1
1233,1312,1
1234,1312,1
1235,1312,1
1236,1312,1
1237,1312,1
1238,1312,1
1239,1312,1
1240,1312,1
1241,1312,1
1242,1312,1
1243,1312,1
1244,1312,1
1245,1312,1
1246,1312,1
1247,1311,1
1248,1311,1
1249,1311,1
1250,1311,1
1251,1310,1
1252,1310,1
1253,1310,1
1254,1310,1
1254,1309,1
1255,1309,1
1256,1309,1
1257,1309,1
1257,1308,1
1258,1308,1
1259,1308,1
1260,1307,1
1261,1307,1
1262,1306,1
1263,1306,1
1263,1305,1
1264,1305,1
1265,1305,1
1266,1304,1
1267,1303,1
1268,1303,1
1269,1303,1
1270,1302,1
1271,1301,1
1272,1301,1
1273,1300,1
1274,1300,1
1274,1299,1
1275,1299,1
1276,1298,1
1277,1297,1
1278,1297,1
1278,1296,1
1279,1296,1
1280,1295,1
1281,1294,1
1282,1293,1
1283,1293,1
1284,1292,1
1284,1291,1
1285,1291,1
1286,1290,1
1287,1289,1
1288,1288,1
1289,1287,1
1290,1287,1
1290,1286,1
1291,1285,1
1292,1285,1
1293,1284,1
1293,1283,1
1294,1283,1
1295,1282,1
1295,1281,1
1296,1280,1
1297,1280,1
1297,1279,1
1298,1278,1
1299,1278,1
1299,1277,1
1300,1276,1
1301,1275,1
1302,1274,1
1303,1273,1
1303,1272,1
1304,1272,1
1305,1271,1
1305,1270,1
1306,1269,1
1307,1268,1
1308,1267,1
1308,1266,1
1309,1265,1
1310,1265,1
1310,1264,1
1311,1263,1
1311,1262,1
1312,1261,1
1313,1260,1
1314,1259,1
1314,1258,1
1315,1257,1
1316,1256,1
1316,1255,1
1317,1254,1
1317,1253,1
1318,1252,1
1319,1251,1
1320,1250,1
1320,1249,1
1321,1248,1
1321,1247,1
1322,1246,1
1323,1245,1
1323,1244,1
1324,1243,1
1324,1242,1
1324,1241,1
1325,1240,1
1326,1239,1
1326,1238,1
1327,1237,1
1327,1236,1
1328,1235,1
1328,1234,1
1329,1233,1
1329,1232,1
1330,1231,1
1330,1230,1
1331,1229,1
1331,1228,1
1331,1227,1
1332,1227,1
1332,1226,1
1333,1225,1
1333,1224,1
1333,1223,1
1334,1223,1
1334,1222,1
1334,1221,1
1335,1220,1
1335,1219,1
1335,1218,1
1336,1218,1
1336,1217,1
1336,1216,1
1337,1216,1
1337,1215,1
1337,1214,1
1338,1213,1
1338,1212,1
1338,1211,1
1339,1211,1
1339,1210,1
1339,1209,1
1339,1208,1
1340,1208,1
1340,1207,1
1340,1206,1
1341,1205,1
1341,1204,1
1341,1203,1
1342,1203,1
1342,1202,1
1342,1201,1
1343,1201,1
1343,1200,1
1343,1199,1
1344,1199,1
1344,1198,1
1344,1197,1
1345,1197,1
1345,1196,1
1346,1196,1
1346,1197,1
1346,1198,1
1346,1199,1
1346,1200,1
1346,1201,1
1346,1202,1
1346,1203,1
1346,1204,1
1346,1205,1
1346,1206,1
1346,1207,1
1346,1208,1
1346,1209,1
1346,1210,1
1346,1211,1
1346,1212,1
1346,1213,1
1346,1214,1
1346,1215,1
1346,1216,1
1346,1217,1
1346,1218,1
1346,1219,1
1346,1220,1
1346,1221,1
1346,1222,1
1346,1223,1
1346,1224,1
1346,1225,1
1346,1226,1
1346,1227,1
1346,1228,1
1346,1229,1
1346,1230,1
1346,1231,1
1346,1232,1
1346,1233,1
1346,1234,1
1346,1235,1
1346,1236,1
1346,1237,1
1346,1238,1
1346,1239,1
1346,1240,1
1346,1241,1
1346,1242,1
1346,1243,1
1346,1244,1
1346,1245,1
1346,1246,1
1346,1247,1
1346,1248,1
1346,1249,1
1346,1250,1
1346,1251,1
1346,1252,1
1346,1253,1
1346,1254,1
1347,1255,1
1347,1256,1
1347,1257,1
1347,1258,1
1347,1259,1
1347,1260,1
1347,1261,1
1347,1262,1
1347,1263,1
1347,1264,1
1347,1265,1
1348,1265,1
1348,1266,1
1348,1267,1
1348,1268,1
1348,1269,1
1348,1270,1
1348,1271,1
1348,1272,1
1348,1273,1
1348,1274,1
1348,1275,1
1349,1276,1
1349,1277,1
1349,1278,1
1349,1279,1
1349,1280,1
1349,1281,1
1349,1282,1
1349,1283,1
1349,1284,1
1349,1285,1
1349,1286,1
1349,1287,1
1350,1288,1
1350,1289,1
1350,1290,1
1350,1291,1
1350,1292,1
1350,1293,1
1350,1294,1
1350,1295,1
1350,1296,1
1351,1296,1
1351,1297,1
1351,1298,1
1351,1299,1
1351,1300,1
1351,1301,1
1352,1302,1
1352,1303,1
1352,1304,1
1352,1305,1
1352,1306,1
1352,1307,1
1353,1308,1
1353,1309,1
1353,1310,1
1353,1311,1
1353,1312,1
1354,1313,1
1354,1314,1
1354,1315,1
1355,1315,1
1355,1316,1
1355,1317,1
1356,1317,1
1357,1317,1
1357,1316,1
1357,1315,1
1357,1314,1
1357,1313,1
1358,1313,1
1358,1312,1
1358,1311,1
1358,1310,1
1359,1309,1
1359,1308,1
1359,1307,1
1359,1306,1
1359,1305,1
1359,1304,1
1372,1165,0
1352,1030,1
1353,1030,1
1354,1030,1
1355,1030,1
1356,1030,1
1357,1030,1
1358,1030,1
1359,1030,1
1360,1029,1
1361,1029,1
1362,1029,1
1363,1028,1
1364,1028,1
1365,1028,1
1366,1028,1
1367,1028,1
1368,1028,1
1369,1028,1
1370,1027,1
1371,1027,1
1372,1027,1
1373,1027,1
1374,1027,1
1375,1027,1
1376,1026,1
1377,1026,1
1378,1026,1
1379,1026,1
1380,1026,1
1381,1026,1
1382,1025,1
1383,1025,1
1384,1025,1
1385,1025,1
1386,1025,1
1387,1025,1
1388,1025,1
1389,1024,1
1390,1024,1
1391,1024,1
1392,1024,1
1393,1024,1
1394,1024,1
1395,1024,1
1396,1024,1
1397,1023,1
1398,1023,1
1399,1023,1
1400,1023,1
1401,1023,1
1402,1023,1
1403,1022,1
1404,1022,1
1405,1022,1
1406,1022,1
1407,1022,1
1408,1022,1
1409,1021,1
1410,1021,1
1411,1021,1
1412,1021,1
1413,1021,1
1414,1021,1
1415,1020,1
1416,1020,1
1417,1020,1
1418,1020,1
1419,1020,1
1420,1020,1
1421,1019,1
1422,1019,1
1423,1019,1
1424,1019,1
1425,1019,1
1426,1019,1
1427,1018,1
1428,1018,1
1429,1018,1
1430,1018,1
1431,1018,1
1432,1018,1
1433,1018,1
1434,1017,1
1435,1017,1
1436,1017,1
1437,1017,1
1438,1017,1
1439,1017,1
1440,1016,1
1441,1016,1
1442,1016,1
1443,1016,1
1444,1016,1
1445,1016,1
1446,1016,1
1447,1015,1
1448,1015,1
1449,1015,1
1450,1015,1
1451,1015,1
1452,1015,1
1453,1015,1
1454,1014,1
1455,1014,1
1456,1014,1
1457,1014,1
1458,1014,1
1459,1014,1
1460,1013,1
1461,1013,1
1462,1013,1
1463,1013,1
1464,1013,1
1465,1013,1
1466,1013,1
1467,1012,1
1468,1012,1
1469,1012,1
1470,1012,1
1471,1012,1
1472,1012,1
1473,1011,1
1474,1011,1
1475,1011,1
1476,1011,1
1477,1011,1
1478,1011,1
1479,1011,1
1480,1010,1
1481,1010,1
1482,1010,1
1483,1010,1
1484,1010,1
1485,1010,1
1486,1010,1
1487,1009,1
1488,1009,1
1489,1009,1
1490,1009,1
1491,1009,1
1492,1008,1
1493,1008,1
1494,1008,1
1495,1008,1
1496,1008,1
1497,1008,1
1498,1007,1
1499,1007,1
1500,1007,1
1501,1007,1
1502,1007,1
1503,1007,1
1504,1007,1
1505,1006,1
1506,1006,1
1507,1006,1
1508,1006,1
1509,1006,1
1510,1006,1
1511,1005,1
1512,1005,1
1513,1005,1
1514,1005,1
1515,1005,1
1516,1005,1
1517,1004,1
1518,1004,1
1519,1004,1
1520,1004,1
1521,1004,1
1522,1004,1
1523,1004,1
1524,1003,1
1525,1003,1
1526,1003,1
1527,1003,1
1528,1003,1
1529,1003,1
1530,1002,1
1531,1002,1
1532,1002,1
1533,1002,1
1534,1002,1
1535,1002,1
1536,1002,1
1537,1001,1
1538,1001,1
1539,1001,1
1540,1001,1
1541,1001,1
1542,1001,1
1543,1000,1
1544,1000,1
1545,1000,1
1546,1000,1
1547,1000,1
1548,999,1
1549,999,1
1550,999,1
1551,999,1
1552,999,1
1553,999,1
1554,999,1
1555,998,1
1556,998,1
1557,998,1
1558,998,1
1559,998,1
1560,998,1
1561,997,1
1562,997,1
1563,997,1
1564,997,1
1565,997,1
1566,997,1
1567,997,1
1568,996,1
1569,996,1
1570,996,1
1571,996,1
1572,996,1
1573,996,1
1574,995,1
1575,995,1
1576,995,1
1577,995,1
1578,995,1
1579,995,1
1580,994,1
1581,994,1
1582,994,1
1583,994,1
1584,994,1
1585,994,1
1586,994,1
1587,993,1
1588,993,1
1589,993,1
1590,993,1
1591,993,1
1592,993,1
1593,992,1
1594,992,1
1595,992,1
1596,992,1
1597,992,1
1598,991,1
1599,991,1
1600,991,1
1601,991,1
1602,991,1
1603,991,1
1604,990,1
1605,990,1
1606,990,1
1607,990,1
1608,990,1
1609,990,1
1610,990,1
1611,989,1
1612,989,1
1613,989,1
1614,989,1
1615,989,1
1616,989,1
1617,988,1
1618,988,1
1619,988,1
1620,988,1
1621,988,1
1622,988,1
1623,988,1
1624,987,1
1625,987,1
1626,987,1
1627,987,1
1628,987,1
1629,987,1
1630,986,1
1631,986,1
1632,986,1
1633,986,1
1634,986,1
1635,986,1
1636,985,1
1637,985,1
1638,985,1
1639,985,1
1640,985,1
1641,985,1
1642,985,1
1643,984,1
1644,984,1
1645,984,1
1646,984,1
1647,984,1
1648,984,1
1649,983,1
1650,983,1
1651,983,1
1652,983,1
1653,983,1
1654,982,1
1655,982,1
1656,982,1
1657,982,1
1658,982,1
1659,982,1
1660,982,1
1661,981,1
1662,981,1
1663,981,1
1664,981,1
1665,981,1
1666,981,1
1667,980,1
1668,980,1
1669,980,1
1670,980,1
1671,980,1
1672,980,1
1673,980,1
1674,979,1
1675,979,1
1676,979,1
1677,979,1
1678,979,1
1679,979,1
1680,978,1
1681,978,1
1682,978,1
1683,978,1
1684,978,1
1685,978,1
1686,978,1
1687,977,1
1688,977,1
1689,977,1
1690,977,1
1691,977,1
1692,977,1
1693,977,1
1694,976,1
1695,976,1
1696,976,1
1697,976,1
1698,976,1
1699,976,1
1700,976,1
1701,976,1
1702,975,1
1703,975,1
1704,975,1
1705,975,1
1706,975,1
1707,975,1
1708,975,1
1709,974,1
1710,974,1
1711,974,1
1712,974,1
1713,974,1
1714,974,1
1715,974,1
1716,974,1
1717,974,1
1718,974,1
1719,974,1
1720,973,1
1721,973,1
1722,973,1
1723,973,1
1724,973,1
1725,973,1
1726,973,1
1727,973,1
1728,973,1
1729,973,1
1730,973,1
1731,973,1
1732,973,1
1733,973,1
1734,973,1
1735,973,1
1736,973,1
1737,973,1
1738,973,1
1739,973,1
1740,973,1
1741,973,1
1742,973,1
1743,973,1
1744,973,1
1745,973,1
1746,973,1
1747,973,1
1748,973,1
1749,973,1
1750,973,1
1751,973,1
1752,973,1
1753,973,1
1754,973,1
1755,973,1
1756,974,1
1757,974,1
1758,974,1
1759,974,1
1760,974,1
1761,974,1
1762,974,1
1763,975,1
1764,975,1
1765,975,1
1766,975,1
1767,975,1
1767,976,1
1768,976,1
1769,976,1
1770,976,1
1771,977,1
1772,977,1
1773,977,1
1774,978,1
1775,978,1
1776,979,1
1777,979,1
1778,979,1
1778,980,1
1779,980,1
1780,980,1
1780,981,1
1781,981,1
1782,982,1
1783,982,1
1784,983,1
1785,984,1
1786,984,1
1786,985,1
1787,985,1
1787,986,1
1788,986,1
1789,987,1
1790,988,1
1791,989,1
1792,990,1
1793,991,1
1794,992,1
1794,993,1
1795,993,1
1795,994,1
1796,994,1
1796,995,1
1797,996,1
1797,997,1
1798,998,1
1799,999,1
1799,1000,1
1799,1001,1
1800,1001,1
1800,1002,1
1800,1003,1
1801,1003,1
1801,1004,1
1801,1005,1
1802,1006,1
1802,1007,1
1802,1008,1
1803,1008,1
1803,1009,1
1803,1010,1
1803,1011,1
1804,1012,1
1804,1013,1
1804,1014,1
1804,1015,1
1804,1016,1
1805,1016,1
1805,1017,1
1805,1018,1
1805,1019,1
1805,1020,1
1805,1021,1
1805,1022,1
1805,1023,1
1806,1024,1
1806,1025,1
1806,1026,1
1806,1027,1
1806,1028,1
1806,1029,1
1806,1030,1
1806,1031,1
1806,1032,1
1806,1033,1
1806,1034,1
1806,1035,1
1806,1036,1
1806,1037,1
1806,1038,1
1806,1039,1
1806,1040,1
1806,1041,1
1806,1042,1
1806,1043,1
1806,1044,1
1806,1045,1
1806,1046,1
1806,1047,1
1806,1048,1
1805,1049,1
1805,1050,1
1805,1051,1
1805,1052,1
1805,1053,1
1805,1054,1
1805,1055,1
1805,1056,1
1805,1057,1
1805,1058,1
1804,1059,1
1804,1060,1
1804,1061,1
1804,1062,1
1804,1063,1
1804,1064,1
1804,1065,1
1804,1066,1
1804,1067,1
1803,1068,1
1803,1069,1
1803,1070,1
1803,1071,1
1803,1072,1
1803,1073,1
1803,1074,1
1802,1075,1
1802,1076,1
1802,1077,1
1802,1078,1
1802,1079,1
1802,1080,1
1802,1081,1
1802,1082,1
1801,1083,1
1801,1084,1
1801,1085,1
1801,1086,1
1801,1087,1
1801,1088,1
1801,1089,1
1800,1090,1
1800,1091,1
1800,1092,1
1800,1093,1
1800,1094,1
1800,1095,1
1800,1096,1
1800,1097,1
1799,1098,1
1799,1099,1
1799,1100,1
1799,1101,1
1799,1102,1
1799,1103,1
1799,1104,1
1799,1105,1
1799,1106,1
1798,1107,1
1798,1108,1
1798,1109,1
1798,1110,1
1798,1111,1
1798,1112,1
1798,1113,1
1798,1114,1
1798,1115,1
1798,1116,1
1798,1117,1
1797,1118,1
1797,1119,1
1797,1120,1
1797,1121,1
1797,1122,1
1797,1123,1
1797,1124,1
1797,1125,1
1797,1126,1
1797,1127,1
1797,1128,1
1797,1129,1
1797,1130,1
1796,1131,1
1796,1132,1
1796,1133,1
1796,1134,1
1796,1135,1
1796,1136,1
1796,1137,1
1796,1138,1
1796,1139,1
1796,1140,1
1796,1141,1
1796,1142,1
1796,1143,1
1796,1144,1
1796,1145,1
1796,1146,1
1796,1147,1
1796,1148,1
1796,1149,1
1796,1150,1
1796,1151,1
1796,1152,1
1796,1153,1
1796,1154,1
1796,1155,1
1796,1156,1
1796,1157,1
1796,1158,1
1796,1159,1
1796,1160,1
1796,1161,1
1796,1162,1
1796,1163,1
1796,1164,1
1796,1165,1
1796,1166,1
1796,1167,1
1796,1168,1
1796,1169,1
1796,1170,1
1796,1171,1
1796,1172,1
1796,1173,1
1796,1174,1
1796,1175,1
1796,1176,1
1796,1177,1
1796,1178,1
1796,1179,1
1796,1180,1
1796,1181,1
1796,1182,1
1796,1183,1
1796,1184,1
1796,1185,1
1796,1186,1
1796,1187,1
1796,1188,1
1797,1189,1
1797,1190,1
1797,1191,1
1797,1192,1
1797,1193,1
1797,1194,1
1797,1195,1
1797,1196,1
1797,1197,1
1797,1198,1
1797,1199,1
1797,1200,1
1797,1201,1
1797,1202,1
1797,1203,1
1797,1204,1
1797,1205,1
1797,1206,1
1797,1207,1
1797,1208,1
1798,1209,1
1798,1210,1
1798,1211,1
1798,1212,1
1798,1213,1
1798,1214,1
1798,1215,1
1798,1216,1
1798,1217,1
1798,1218,1
1798,1219,1
1798,1220,1
1798,1221,1
1799,1222,1
1799,1223,1
1799,1224,1
1799,1225,1
1799,1226,1
1799,1227,1
1799,1228,1
1799,1229,1
1799,1230,1
1799,1231,1
1799,1232,1
1800,1233,1
1800,1234,1
1800,1235,1
1800,1236,1
1800,1237,1
1800,1238,1
1800,1239,1
1800,1240,1
1800,1241,1
1800,1242,1
1801,1243,1
1801,1244,1
1801,1245,1
1801,1246,1
1801,1247,1
1801,1248,1
1801,1249,1
1801,1250,1
1801,1251,1
1802,1252,1
1802,1253,1
1802,1254,1
1802,1255,1
1802,1256,1
1802,1257,1
1802,1258,1
1802,1259,1
1802,1260,1
1802,1261,1
1802,1262,1
1802,1263,1
1803,1264,1
1803,1265,1
1803,1266,1
1803,1267,1
1803,1268,1
1803,1269,1
1803,1270,1
1803,1271,1
1804,1271,1
1804,1272,1
1804,1273,1
1804,1274,1
1804,1275,1
1804,1276,1
1804,1277,1
1804,1278,1
1804,1279,1
1804,1280,1
1805,1281,1
1805,1282,1
1805,1283,1
1805,1284,1
1805,1285,1
1805,1286,1
1805,1287,1
1806,1287,1
1806,1288,1
1806,1289,1
1806,1290,1
1806,1291,1
1806,1292,1
1806,1293,1
1806,1294,1
1806,1295,1
1806,1296,1
1807,1296,1
1807,1295,1
1807,1294,1
1807,1293,1
1807,1292,1
1807,1291,1
1807,1290,1
1807,1289,1
1807,1288,1
1807,1287,1
1807,1286,1
1807,1285,1
1807,1284,1
1807,1283,1
1807,1282,1
1807,1281,1
1732,1213,0
1696,1126,1
1695,1126,1
1694,1126,1
1693,1127,1
1692,1128,1
1691,1128,1
1690,1128,1
1689,1129,1
1688,1129,1
1687,1129,1
1686,1130,1
1685,1130,1
1684,1130,1
1683,1130,1
1682,1131,1
1681,1131,1
1680,1131,1
1679,1132,1
1678,1132,1
1677,1132,1
1676,1133,1
1675,1133,1
1674,1133,1
1673,1134,1
1672,1134,1
1671,1134,1
1670,1135,1
1669,1135,1
1668,1136,1
1667,1136,1
1666,1136,1
1665,1137,1
1664,1137,1
1664,1138,1
1663,1138,1
1662,1138,1
1661,1139,1
1660,1139,1
1659,1140,1
1658,1140,1
1658,1141,1
1657,1141,1
1656,1142,1
1655,1142,1
1654,1142,1
1653,1143,1
1652,1144,1
1651,1144,1
1650,1145,1
1649,1146,1
1648,1146,1
1647,1147,1
1646,1148,1
1645,1148,1
1644,1149,1
1643,1150,1
1642,1151,1
1641,1152,1
1640,1152,1
1639,1153,1
1638,1154,1
1637,1155,1
1636,1156,1
1635,1156,1
1635,1157,1
1634,1157,1
1633,1158,1
1633,1159,1
1632,1159,1
1632,1160,1
1631,1160,1
1631,1161,1
1630,1161,1
1630,1162,1
1629,1162,1
1628,1163,1
1627,1163,1
1627,1164,1
1626,1164,1
1625,1165,1
1624,1165,1
1624,1166,1
1623,1166,1
1623,1167,1
1622,1167,1
1621,1168,1
1620,1168,1
1620,1169,1
1619,1169,1
1619,1170,1
1618,1170,1
1617,1171,1
1616,1171,1
1616,1172,1
1615,1172,1
1615,1173,1
1614,1173,1
1614,1174,1
1613,1174,1
1612,1175,1
1611,1175,1
1611,1176,1
1610,1176,1
1610,1177,1
1609,1177,1
1609,1178,1
1608,1178,1
1608,1177,1
1608,1176,1
1608,1175,1
1609,1175,1
1609,1174,1
1609,1173,1
1610,1172,1
1610,1171,1
1610,1170,1
1611,1170,1
1611,1169,1
1611,1168,1
1611,1167,1
1612,1167,1
1612,1166,1
1613,1166,1
1613,1165,1
1614,1164,1
1615,1163,1
1616,1162,1
1616,1161,1
1617,1161,1
1617,1160,1
1618,1159,1
1619,1158,1
1619,1157,1
1619,1156,1
1620,1156,1
1620,1155,1
1621,1154,1
1621,1153,1
1622,1153,1
1622,1152,1
1623,1151,1
1623,1150,1
1624,1150,1
1624,1149,1
1624,1148,1
1625,1147,1
1625,1146,1
1626,1145,1
1626,1144,1
1627,1143,1
1627,1142,1
1628,1141,1
1628,1140,1
1628,1139,1
1629,1138,1
1629,1137,1
1629,1136,1
1629,1135,1
1630,1134,1
1630,1133,1
1630,1132,1
1631,1132,1
1631,1131,1
1631,1130,1
1631,1129,1
1631,1128,1
1632,1127,1
1632,1126,1
1632,1125,1
1632,1124,1
1632,1123,1
1632,1122,1
1633,1121,1
1633,1120,1
1633,1119,1
1633,1118,1
1633,1117,1
1633,1116,1
1633,1115,1
1633,1114,1
1633,1113,1
1633,1112,1
1633,1111,1
1633,1110,1
1632,1109,1
1632,1108,1
1632,1107,1
1632,1106,1
1631,1105,1
1630,1104,1
1972,1039,0
2289,944,1
2290,944,1
2291,944,1
2292,944,1
2293,944,1
2294,944,1
2295,943,1
2296,943,1
2297,943,1
2298,943,1
2298,942,1
2299,942,1
2300,942,1
2301,942,1
2302,942,1
2303,941,1
2304,941,1
2305,941,1
2306,941,1
2307,941,1
2308,941,1
2309,941,1
2310,941,1
2311,941,1
2312,941,1
2313,941,1
2313,942,1
2314,942,1
2314,943,1
2315,943,1
2316,943,1
2317,943,1
2318,943,1
2319,943,1
2320,943,1
2321,943,1
2322,943,1
2323,943,1
2324,943,1
2324,944,1
2325,944,1
2325,945,1
2326,945,1
2326,946,1
2326,947,1
2326,948,1
2325,949,1
2325,950,1
2325,951,1
2325,952,1
2324,952,1
2323,952,1
2322,952,1
2322,952,0
719,830,0
