605,540,1
606,540,1
607,540,1
608,540,1
609,540,1
610,540,1
611,540,1
612,540,1
613,540,1
614,540,1
615,540,1
616,540,1
617,540,1
618,540,1
619,540,1
620,540,1
621,540,1
622,541,1
623,541,1
624,541,1
625,541,1
626,541,1
627,541,1
628,541,1
629,541,1
630,541,1
631,541,1
632,542,1
633,542,1
634,542,1
635,542,1
636,542,1
637,542,1
638,542,1
639,542,1
640,542,1
641,542,1
642,542,1
643,542,1
644,542,1
645,543,1
646,543,1
647,543,1
648,543,1
649,543,1
650,543,1
651,543,1
652,543,1
653,543,1
654,543,1
655,543,1
656,543,1
657,544,1
658,544,1
659,544,1
660,544,1
661,544,1
662,544,1
663,544,1
664,544,1
665,544,1
666,544,1
667,544,1
668,545,1
669,545,1
670,545,1
671,545,1
672,545,1
673,545,1
674,545,1
675,545,1
676,545,1
677,545,1
678,545,1
679,545,1
680,545,1
681,546,1
682,546,1
683,546,1
684,546,1
685,546,1
686,546,1
687,546,1
688,546,1
689,546,1
690,546,1
691,547,1
692,547,1
693,547,1
694,547,1
695,547,1
696,547,1
697,547,1
698,547,1
699,547,1
700,547,1
701,547,1
702,548,1
703,548,1
704,548,1
705,548,1
706,548,1
707,548,1
708,548,1
709,548,1
710,548,1
711,548,1
712,549,1
713,549,1
714,549,1
715,549,1
716,549,1
717,549,1
718,549,1
719,549,1
720,550,1
721,550,1
722,550,1
723,550,1
724,550,1
725,550,1
726,550,1
727,550,1
728,551,1
729,551,1
730,551,1
731,551,1
732,551,1
733,551,1
734,551,1
735,551,1
736,551,1
737,552,1
738,552,1
739,552,1
740,552,1
741,552,1
742,552,1
743,553,1
744,553,1
745,553,1
746,553,1
747,553,1
748,553,1
749,553,1
750,553,1
751,554,1
752,554,1
753,554,1
754,554,1
755,554,1
756,554,1
757,555,1
758,555,1
759,555,1
760,555,1
761,555,1
762,555,1
763,556,1
764,556,1
765,556,1
766,556,1
767,556,1
768,557,1
769,557,1
770,557,1
771,557,1
772,557,1
773,557,1
774,558,1
775,558,1
776,558,1
777,558,1
778,558,1
779,559,1
780,559,1
781,559,1
782,559,1
783,559,1
784,559,1
785,560,1
786,560,1
787,560,1
788,560,1
789,560,1
790,561,1
791,561,1
792,561,1
793,561,1
794,561,1
795,562,1
796,562,1
797,562,1
798,562,1
799,562,1
800,563,1
801,563,1
802,563,1
803,563,1
804,563,1
805,564,1
806,564,1
807,564,1
808,564,1
809,564,1
810,565,1
811,565,1
812,565,1
813,565,1
814,565,1
815,565,1
816,566,1
817,566,1
818,566,1
819,566,1
820,566,1
821,567,1
822,567,1
823,567,1
824,567,1
825,567,1
826,567,1
826,568,1
827,568,1
828,568,1
829,568,1
830,568,1
831,569,1
832,569,1
833,569,1
834,569,1
835,569,1
836,569,1
837,570,1
838,570,1
839,570,1
840,570,1
841,570,1
842,571,1
843,571,1
844,571,1
845,571,1
846,572,1
847,572,1
848,572,1
849,572,1
850,572,1
851,572,1
852,572,1
853,573,1
854,573,1
855,573,1
856,573,1
857,574,1
858,574,1
859,574,1
860,574,1
861,574,1
862,574,1
863,574,1
864,575,1
865,575,1
866,575,1
867,575,1
868,576,1
869,576,1
870,576,1
871,576,1
872,576,1
873,576,1
874,576,1
875,577,1
876,577,1
877,577,1
878,577,1
879,577,1
880,578,1
881,578,1
882,578,1
883,578,1
884,578,1
885,578,1
886,578,1
887,579,1
888,579,1
889,579,1
890,579,1
891,579,1
892,579,1
893,580,1
894,580,1
895,580,1
896,580,1
897,580,1
898,580,1
899,580,1
900,581,1
901,581,1
902,581,1
903,581,1
904,581,1
905,582,1
906,582,1
907,582,1
908,582,1
909,582,1
910,582,1
911,582,1
912,583,1
913,583,1
914,583,1
915,583,1
916,583,1
917,583,1
918,583,1
918,584,1
919,584,1
920,584,1
921,584,1
922,584,1
923,584,1
924,584,1
925,585,1
926,585,1
927,585,1
928,585,1
929,585,1
930,585,1
931,585,1
932,585,1
933,585,1
933,586,1
934,586,1
935,586,1
936,586,1
937,586,1
938,586,1
939,586,1
940,586,1
941,587,1
942,587,1
943,587,1
944,587,1
945,587,1
946,587,1
947,587,1
948,587,1
949,587,1
950,588,1
951,588,1
952,588,1
953,588,1
954,588,1
955,588,1
956,588,1
957,588,1
958,588,1
959,589,1
960,589,1
961,589,1
962,589,1
963,589,1
964,589,1
965,589,1
966,589,1
967,589,1
968,589,1
969,590,1
970,590,1
971,590,1
972,590,1
973,590,1
974,590,1
975,590,1
976,590,1
977,590,1
978,590,1
979,591,1
980,591,1
981,591,1
982,591,1
983,591,1
984,591,1
985,591,1
986,591,1
987,591,1
988,591,1
989,591,1
990,591,1
991,592,1
992,592,1
993,592,1
994,592,1
995,592,1
996,592,1
997,592,1
998,592,1
999,592,1
1000,592,1
1001,592,1
1002,592,1
1003,592,1
1004,593,1
1005,593,1
1006,593,1
1007,593,1
1008,593,1
1009,593,1
1010,593,1
1011,593,1
1012,593,1
1013,593,1
1014,593,1
1015,593,1
1016,594,1
1017,594,1
1018,594,1
1019,594,1
1020,594,1
1021,594,1
1022,594,1
1023,594,1
1024,594,1
1025,594,1
1026,594,1
1027,594,1
1028,594,1
1029,594,1
1030,594,1
1031,594,1
1032,594,1
1033,594,1
1034,594,1
1035,594,1
1036,594,1
1037,594,1
1038,594,1
1039,594,1
1040,595,1
1041,595,1
1042,595,1
1043,595,1
1044,595,1
1045,595,1
1046,595,1
1047,595,1
1048,595,1
1049,595,1
1050,595,1
1051,595,1
1052,595,1
1053,596,1
1054,596,1
1055,596,1
1056,596,1
1057,596,1
1058,596,1
1059,596,1
1060,596,1
1061,596,1
1062,596,1
1063,596,1
1064,596,1
1065,596,1
1066,596,1
1067,596,1
1068,596,1
1069,596,1
1070,597,1
1071,597,1
1072,597,1
1073,597,1
1074,597,1
1075,597,1
1076,597,1
1077,597,1
1078,597,1
1079,597,1
1080,597,1
1081,597,1
1082,597,1
1083,597,1
1084,597,1
1085,597,1
1086,597,1
1087,597,1
1088,597,1
1089,597,1
1090,598,1
1091,598,1
1092,598,1
1093,598,1
1094,598,1
1095,598,1
1096,598,1
1097,598,1
1098,598,1
1099,598,1
1100,598,1
1101,598,1
1102,598,1
1103,598,1
1104,598,1
1105,599,1
1106,599,1
1107,599,1
1108,599,1
1109,599,1
1110,599,1
1111,599,1
1112,599,1
1113,599,1
1114,599,1
1115,599,1
1116,599,1
1117,599,1
1118,599,1
1119,599,1
1120,599,1
1121,599,1
1122,599,1
1123,599,1
1124,599,1
1125,599,1
1126,599,1
1127,599,1
1128,599,1
1129,599,1
1130,599,1
1131,599,1
1132,599,1
1133,599,1
1134,599,1
1135,599,1
1136,600,1
1137,600,1
1138,600,1
1139,600,1
1140,600,1
1141,600,1
1142,600,1
1143,600,1
1144,600,1
1145,600,1
1146,600,1
1147,600,1
1148,600,1
1149,600,1
1150,600,1
1151,600,1
1152,600,1
1153,600,1
1154,600,1
1155,600,1
1156,600,1
1157,600,1
1158,600,1
1159,600,1
1160,600,1
1161,600,1
1162,600,1
1163,600,1
1164,600,1
1165,600,1
1166,600,1
1167,601,1
1168,601,1
1169,601,1
1170,601,1
1171,601,1
1172,601,1
1173,601,1
1174,601,1
1175,601,1
1176,601,1
1177,601,1
1178,601,1
1179,601,1
1180,601,1
1181,601,1
1182,601,1
1183,601,1
1184,601,1
1185,601,1
1186,601,1
1187,601,1
1188,601,1
1189,601,1
1190,601,1
1191,601,1
1192,601,1
1193,601,1
1194,601,1
1195,601,1
1196,601,1
1197,601,1
1198,602,1
1199,602,1
1200,602,1
1201,602,1
1202,602,1
1203,602,1
1204,602,1
1205,602,1
1206,602,1
1207,602,1
1208,602,1
1209,602,1
1210,602,1
1211,602,1
1212,602,1
1213,602,1
1214,602,1
1215,602,1
1216,602,1
1217,602,1
1218,602,1
1219,603,1
1220,603,1
1221,603,1
1222,603,1
1223,603,1
1224,603,1
1225,603,1
1226,603,1
1227,603,1
1228,603,1
1229,603,1
1230,603,1
1231,603,1
1232,603,1
1233,603,1
1234,603,1
1235,603,1
1236,603,1
1237,603,1
1238,603,1
1239,604,1
1240,604,1
1241,604,1
1242,604,1
1243,604,1
1244,604,1
1245,604,1
1246,604,1
1247,604,1
1248,604,1
1249,604,1
1250,604,1
1251,604,1
1252,604,1
1253,604,1
1254,604,1
1255,604,1
1255,605,1
1256,605,1
1257,605,1
1258,605,1
1259,605,1
1260,605,1
1261,605,1
1262,605,1
1263,605,1
1264,605,1
1265,605,1
1266,605,1
1267,605,1
1268,606,1
1269,606,1
1270,606,1
1271,606,1
1272,606,1
1273,606,1
1274,606,1
1275,606,1
1276,606,1
1277,606,1
1278,606,1
1279,606,1
1280,606,1
1281,606,1
1282,606,1
1283,606,1
1284,607,1
1285,607,1
1286,607,1
1287,607,1
1288,607,1
1289,607,1
1290,607,1
1291,607,1
1292,607,1
1293,607,1
1294,607,1
1295,607,1
1296,608,1
1297,608,1
1298,608,1
1299,608,1
1300,608,1
1301,608,1
1302,608,1
1303,608,1
1304,608,1
1305,608,1
1306,609,1
1307,609,1
1308,609,1
1309,609,1
1310,609,1
1311,609,1
1312,609,1
1313,609,1
1314,609,1
1315,609,1
1316,610,1
1317,610,1
1318,610,1
1319,610,1
1320,610,1
1321,610,1
1322,610,1
1323,610,1
1324,610,1
1325,610,1
1326,611,1
1327,611,1
1328,611,1
1329,611,1
1330,611,1
1331,611,1
1332,611,1
1333,611,1
1334,611,1
1335,612,1
1336,612,1
1337,612,1
1338,612,1
1339,612,1
1340,612,1
1341,612,1
1342,612,1
1343,612,1
1344,612,1
1345,612,1
1346,612,1
1347,613,1
1348,613,1
1349,613,1
1350,613,1
1351,613,1
1352,613,1
1353,613,1
1354,613,1
1355,613,1
1356,614,1
1357,614,1
1358,614,1
1359,614,1
1360,614,1
1361,614,1
1362,614,1
1363,614,1
1364,614,1
1365,615,1
1366,615,1
1367,615,1
1368,615,1
1369,615,1
1370,615,1
1371,615,1
1372,615,1
1373,615,1
1374,615,1
1375,615,1
1376,616,1
1377,616,1
1378,616,1
1379,616,1
1380,616,1
1381,616,1
1382,616,1
1383,616,1
1384,616,1
1385,616,1
1386,617,1
1387,617,1
1388,617,1
1389,617,1
1390,617,1
1391,617,1
1392,617,1
1393,617,1
1394,617,1
1395,617,1
1396,617,1
1397,617,1
1398,618,1
1399,618,1
1400,618,1
1401,618,1
1402,618,1
1403,618,1
1404,618,1
1405,618,1
1406,618,1
1407,618,1
1408,618,1
1409,618,1
1410,619,1
1411,619,1
1412,619,1
1413,619,1
1414,619,1
1415,619,1
1416,619,1
1417,619,1
1418,619,1
1419,619,1
1420,619,1
1421,619,1
1422,619,1
1423,619,1
1424,619,1
1425,619,1
1426,620,1
1427,620,1
1428,620,1
1429,620,1
1430,620,1
1431,620,1
1432,620,1
1433,620,1
1434,620,1
1435,620,1
1436,620,1
1437,620,1
1438,620,1
1439,620,1
1440,620,1
1441,620,1
1442,620,1
1443,620,1
1444,620,1
1445,620,1
1446,620,1
1447,620,1
1448,620,1
1449,620,1
1450,621,1
1451,621,1
1452,621,1
1453,621,1
1454,621,1
1455,621,1
1456,621,1
1457,621,1
1458,621,1
1459,621,1
1460,621,1
1461,621,1
1462,621,1
1463,621,1
1464,622,1
1465,622,1
1466,622,1
1467,622,1
1468,622,1
1469,622,1
1470,622,1
1471,622,1
1472,622,1
1473,622,1
1474,622,1
1475,622,1
1476,622,1
1477,622,1
1478,622,1
1479,622,1
1480,622,1
1481,622,1
1482,623,1
1483,623,1
1484,623,1
1485,623,1
1486,623,1
1487,623,1
1488,623,1
1489,623,1
1490,623,1
1491,623,1
1492,623,1
1493,623,1
1494,623,1
1495,623,1
1496,623,1
1497,623,1
1498,623,1
1499,623,1
1500,623,1
1501,623,1
1502,624,1
1503,624,1
1504,624,1
1505,624,1
1506,624,1
1507,624,1
1508,624,1
1509,624,1
1510,624,1
1511,624,1
1512,624,1
1513,624,1
1514,624,1
1515,624,1
1516,624,1
1517,624,1
1518,624,1
1519,624,1
1520,624,1
1521,624,1
1522,624,1
1523,624,1
1524,624,1
1525,624,1
1526,624,1
1527,624,1
1528,624,1
1529,624,1
1530,624,1
1531,624,1
1532,624,1
1533,624,1
1534,624,1
1535,624,1
1536,624,1
1537,624,1
1538,624,1
1539,624,1
1540,624,1
1541,624,1
1542,624,1
1543,624,1
1544,624,1
1545,624,1
1546,624,1
1547,624,1
1548,624,1
1549,624,1
1550,624,1
1551,624,1
1552,624,1
1553,625,1
1554,625,1
1555,625,1
1556,625,1
1557,625,1
1558,625,1
1559,625,1
1560,625,1
1561,625,1
1562,625,1
1563,625,1
1564,625,1
1565,625,1
1566,625,1
1567,625,1
1568,625,1
1569,625,1
1570,625,1
1571,625,1
1572,625,1
1573,625,1
1574,625,1
1575,625,1
1576,625,1
1577,626,1
1578,626,1
1579,626,1
1580,626,1
1581,626,1
1582,626,1
1583,626,1
1584,626,1
1585,626,1
1586,626,1
1587,626,1
1588,626,1
1589,626,1
1590,627,1
1591,627,1
1592,627,1
1593,627,1
1594,627,1
1595,627,1
1596,627,1
1597,627,1
1598,627,1
1599,627,1
1600,628,1
1601,628,1
1602,628,1
1603,628,1
1604,628,1
1605,628,1
1606,628,1
1607,628,1
1608,628,1
1609,628,1
1610,628,1
1611,628,1
1612,629,1
1613,629,1
1614,629,1
1615,629,1
1616,629,1
1617,629,1
1618,629,1
1619,629,1
1620,629,1
1621,630,1
1622,630,1
1623,630,1
1624,630,1
1625,630,1
1626,630,1
1627,630,1
1628,630,1
1629,630,1
1630,631,1
1631,631,1
1632,631,1
1633,631,1
1634,631,1
1635,631,1
1636,632,1
1637,632,1
1638,632,1
1639,632,1
1640,632,1
1641,632,1
1642,632,1
1643,632,1
1644,632,1
1645,633,1
1646,633,1
1647,633,1
1648,633,1
1649,633,1
1650,633,1
1651,633,1
1652,633,1
1653,634,1
1654,634,1
1655,634,1
1656,634,1
1657,634,1
1658,634,1
1659,634,1
1660,635,1
1661,635,1
1662,635,1
1663,635,1
1664,635,1
1665,635,1
1666,635,1
1667,635,1
1668,636,1
1669,636,1
1670,636,1
1671,636,1
1672,636,1
1673,636,1
1674,636,1
1675,637,1
1676,637,1
1677,637,1
1678,637,1
1679,637,1
1680,637,1
1681,637,1
1682,637,1
1683,637,1
1684,637,1
1685,638,1
1686,638,1
1687,638,1
1688,638,1
1689,638,1
1690,638,1
1691,638,1
1692,638,1
1693,638,1
1694,638,1
1695,639,1
1696,639,1
1697,639,1
1698,639,1
1699,639,1
1700,639,1
1701,639,1
1702,639,1
1703,639,1
1704,639,1
1705,639,1
1706,639,1
1707,639,1
1708,639,1
1709,639,1
1710,639,1
1711,639,1
1712,639,1
1712,638,1
1713,638,1
1713,637,1
1714,637,1
1714,636,1
1140,615,0
562,593,1
563,593,1
564,593,1
565,593,1
566,593,1
567,593,1
568,593,1
569,593,1
570,593,1
571,592,1
572,592,1
573,592,1
574,592,1
575,591,1
576,591,1
577,591,1
578,591,1
579,591,1
580,591,1
581,591,1
582,591,1
583,591,1
584,591,1
585,591,1
586,591,1
587,592,1
588,592,1
589,592,1
590,592,1
591,592,1
592,592,1
593,593,1
594,593,1
595,593,1
596,593,1
597,593,1
598,593,1
599,593,1
600,594,1
601,594,1
602,594,1
603,594,1
604,594,1
605,595,1
606,595,1
607,595,1
608,596,1
609,596,1
610,596,1
611,597,1
612,597,1
613,597,1
613,598,1
614,598,1
615,599,1
616,599,1
617,600,1
618,601,1
619,601,1
619,602,1
620,602,1
621,603,1
622,604,1
623,605,1
624,606,1
625,607,1
626,608,1
626,609,1
627,610,1
628,611,1
628,612,1
629,613,1
629,614,1
629,615,1
630,615,1
630,616,1
630,617,1
630,618,1
631,618,1
631,619,1
631,620,1
631,621,1
631,622,1
631,623,1
632,624,1
632,625,1
632,626,1
632,627,1
632,628,1
632,629,1
632,630,1
632,631,1
631,632,1
631,633,1
631,634,1
631,635,1
631,636,1
631,637,1
630,638,1
630,639,1
630,640,1
630,641,1
629,641,1
629,642,1
629,643,1
629,644,1
628,645,1
628,646,1
627,646,1
627,647,1
627,648,1
626,649,1
626,650,1
625,650,1
625,651,1
624,652,1
624,653,1
623,654,1
622,655,1
622,656,1
621,657,1
620,657,1
620,658,1
619,659,1
619,660,1
618,660,1
618,661,1
617,662,1
616,662,1
616,663,1
615,664,1
614,665,1
613,666,1
612,667,1
611,668,1
610,669,1
609,670,1
608,671,1
607,672,1
606,672,1
606,673,1
605,673,1
604,674,1
603,675,1
602,676,1
601,676,1
601,677,1
600,678,1
599,678,1
598,679,1
598,680,1
597,680,1
596,681,1
595,681,1
595,682,1
594,682,1
593,683,1
592,684,1
591,685,1
590,685,1
590,686,1
589,686,1
588,687,1
587,687,1
587,688,1
586,689,1
585,689,1
585,690,1
584,690,1
583,691,1
582,692,1
581,692,1
581,693,1
580,693,1
580,694,1
579,694,1
579,695,1
578,695,1
578,696,1
577,696,1
577,697,1
576,697,1
576,698,1
575,698,1
575,699,1
574,700,1
574,701,1
574,702,1
573,702,1
573,703,1
573,704,1
574,704,1
574,705,1
574,706,1
575,706,1
575,707,1
576,707,1
576,708,1
577,708,1
578,709,1
579,709,1
580,710,1
581,710,1
582,710,1
582,711,1
583,711,1
584,711,1
585,711,1
586,711,1
587,712,1
588,712,1
589,712,1
590,712,1
591,712,1
592,712,1
593,712,1
594,713,1
595,713,1
596,713,1
597,713,1
598,713,1
599,713,1
600,713,1
601,713,1
602,713,1
603,713,1
604,713,1
605,714,1
606,714,1
607,714,1
608,714,1
609,714,1
610,714,1
611,714,1
612,714,1
613,714,1
614,714,1
615,714,1
616,715,1
617,715,1
618,715,1
619,715,1
620,715,1
621,715,1
622,715,1
623,715,1
624,716,1
625,716,1
626,716,1
627,716,1
628,716,1
628,717,1
629,717,1
630,717,1
631,717,1
632,717,1
633,718,1
634,718,1
635,718,1
636,718,1
637,719,1
638,719,1
639,719,1
640,720,1
641,720,1
642,720,1
643,720,1
644,721,1
645,721,1
646,721,1
646,722,1
647,722,1
648,722,1
649,723,1
650,723,1
650,724,1
651,724,1
652,724,1
653,725,1
654,725,1
654,726,1
655,726,1
656,727,1
657,727,1
657,728,1
658,728,1
659,729,1
660,730,1
661,730,1
661,731,1
662,731,1
662,732,1
663,733,1
664,733,1
664,734,1
665,734,1
665,735,1
666,736,1
667,737,1
667,738,1
668,739,1
668,740,1
669,741,1
669,742,1
670,742,1
670,743,1
670,744,1
671,745,1
671,746,1
671,747,1
671,748,1
672,749,1
672,750,1
672,751,1
672,752,1
672,753,1
672,754,1
672,755,1
672,756,1
672,757,1
672,758,1
672,759,1
672,760,1
672,761,1
672,762,1
672,763,1
672,764,1
671,765,1
671,766,1
671,767,1
671,768,1
670,769,1
670,770,1
670,771,1
669,771,1
669,772,1
669,773,1
668,774,1
668,775,1
667,776,1
667,777,1
666,778,1
666,779,1
665,780,1
665,781,1
664,781,1
664,782,1
663,783,1
662,784,1
662,785,1
661,785,1
661,786,1
660,787,1
659,788,1
658,789,1
657,790,1
657,791,1
656,791,1
655,792,1
655,793,1
654,793,1
653,794,1
653,795,1
652,795,1
651,796,1
650,796,1
650,797,1
649,798,1
648,798,1
647,799,1
646,800,1
645,801,1
644,801,1
643,802,1
642,802,1
642,803,1
641,803,1
640,804,1
639,804,1
638,805,1
637,805,1
636,806,1
635,807,1
634,807,1
633,807,1
632,808,1
631,808,1
630,809,1
629,809,1
628,809,1
628,810,1
627,810,1
626,810,1
625,811,1
624,811,1
623,811,1
622,812,1
621,812,1
620,812,1
619,812,1
618,813,1
617,813,1
616,813,1
615,814,1
614,814,1
613,814,1
612,814,1
611,815,1
610,815,1
609,815,1
608,815,1
607,815,1
606,815,1
605,815,1
604,816,1
603,816,1
602,816,1
601,816,1
600,816,1
599,816,1
598,816,1
597,816,1
596,816,1
595,816,1
594,816,1
593,816,1
592,816,1
591,816,1
590,816,1
589,816,1
588,816,1
587,816,1
586,816,1
585,816,1
584,816,1
583,816,1
582,816,1
581,816,1
580,816,1
579,816,1
578,816,1
577,815,1
576,815,1
575,815,1
574,815,1
573,815,1
572,815,1
571,815,1
570,814,1
569,814,1
568,814,1
567,814,1
566,814,1
565,813,1
564,813,1
563,813,1
562,813,1
561,813,1
560,812,1
559,812,1
558,812,1
557,812,1
556,811,1
555,811,1
554,811,1
553,811,1
552,810,1
551,810,1
550,810,1
549,809,1
548,809,1
547,809,1
546,808,1
545,808,1
544,808,1
543,807,1
542,807,1
541,806,1
540,806,1
539,805,1
538,805,1
537,805,1
536,804,1
535,804,1
534,803,1
533,802,1
532,801,1
643,741,0
724,674,1
725,674,1
726,674,1
727,674,1
728,674,1
729,674,1
730,674,1
731,674,1
732,674,1
733,674,1
734,674,1
735,674,1
736,674,1
737,674,1
738,674,1
739,674,1
740,674,1
741,673,1
742,673,1
743,673,1
744,673,1
745,673,1
746,673,1
747,673,1
748,672,1
749,672,1
750,672,1
751,672,1
752,671,1
753,671,1
754,671,1
755,671,1
756,670,1
757,670,1
758,670,1
759,670,1
760,669,1
761,669,1
762,669,1
763,668,1
764,668,1
765,668,1
766,668,1
767,667,1
768,667,1
769,666,1
770,666,1
771,666,1
772,665,1
773,664,1
774,664,1
775,664,1
775,663,1
776,663,1
777,662,1
778,662,1
779,662,1
779,661,1
780,661,1
781,660,1
782,659,1
783,659,1
784,658,1
785,657,1
786,657,1
786,656,1
787,656,1
788,655,1
789,654,1
790,653,1
791,652,1
792,651,1
792,650,1
793,650,1
794,649,1
795,648,1
795,647,1
796,646,1
797,645,1
797,644,1
798,644,1
798,643,1
799,642,1
799,641,1
800,640,1
800,639,1
801,638,1
802,637,1
802,636,1
802,635,1
803,634,1
803,633,1
804,632,1
804,631,1
804,630,1
805,630,1
805,629,1
805,628,1
806,627,1
806,626,1
806,625,1
807,624,1
807,623,1
808,622,1
808,621,1
808,620,1
809,620,1
809,619,1
809,618,1
810,618,1
810,617,1
811,617,1
811,618,1
812,618,1
812,619,1
812,620,1
812,621,1
812,622,1
812,623,1
812,624,1
812,625,1
813,626,1
813,627,1
813,628,1
813,629,1
813,630,1
813,631,1
813,632,1
813,633,1
813,634,1
813,635,1
813,636,1
813,637,1
813,638,1
813,639,1
813,640,1
813,641,1
813,642,1
813,643,1
813,644,1
813,645,1
813,646,1
813,647,1
813,648,1
813,649,1
813,650,1
813,651,1
813,652,1
814,653,1
814,654,1
814,655,1
814,656,1
814,657,1
814,658,1
814,659,1
814,660,1
814,661,1
814,662,1
814,663,1
814,664,1
814,665,1
814,666,1
814,667,1
814,668,1
815,669,1
815,670,1
815,671,1
815,672,1
815,673,1
815,674,1
815,675,1
815,676,1
815,677,1
815,678,1
815,679,1
815,680,1
815,681,1
815,682,1
815,683,1
815,684,1
815,685,1
815,686,1
815,687,1
815,688,1
816,689,1
816,690,1
816,691,1
816,692,1
816,693,1
816,694,1
816,695,1
816,696,1
816,697,1
816,698,1
816,699,1
816,700,1
816,701,1
816,702,1
816,703,1
816,704,1
816,705,1
816,706,1
816,707,1
816,708,1
817,709,1
817,710,1
817,711,1
817,712,1
817,713,1
817,714,1
817,715,1
817,716,1
817,717,1
817,718,1
817,719,1
817,720,1
817,721,1
817,722,1
817,723,1
817,724,1
817,725,1
817,726,1
817,727,1
817,728,1
817,729,1
817,730,1
817,731,1
817,732,1
817,733,1
817,734,1
817,735,1
817,736,1
817,737,1
817,738,1
817,739,1
817,740,1
817,741,1
817,742,1
817,743,1
817,744,1
817,745,1
817,746,1
817,747,1
817,748,1
817,749,1
817,750,1
817,751,1
817,752,1
817,753,1
817,754,1
817,755,1
817,756,1
817,757,1
817,758,1
817,759,1
817,760,1
817,761,1
817,762,1
817,763,1
816,764,1
816,765,1
816,766,1
816,767,1
816,768,1
816,769,1
816,770,1
816,771,1
816,772,1
816,773,1
816,774,1
816,775,1
816,776,1
816,777,1
816,778,1
816,779,1
816,780,1
816,781,1
816,782,1
816,783,1
816,784,1
815,785,1
815,786,1
815,787,1
815,788,1
815,789,1
815,790,1
815,791,1
815,792,1
815,793,1
815,794,1
815,795,1
815,796,1
815,797,1
815,798,1
815,799,1
814,800,1
814,801,1
814,802,1
814,803,1
814,804,1
814,805,1
814,806,1
814,807,1
814,808,1
814,809,1
814,810,1
814,811,1
813,812,1
813,813,1
813,814,1
813,815,1
813,816,1
813,817,1
813,818,1
813,819,1
813,820,1
813,821,1
813,822,1
813,823,1
812,824,1
812,825,1
812,826,1
812,827,1
812,828,1
812,829,1
812,830,1
812,831,1
812,832,1
811,833,1
811,834,1
811,835,1
811,836,1
811,837,1
811,838,1
811,839,1
811,840,1
810,840,1
810,841,1
810,842,1
809,842,1
809,843,1
808,843,1
807,843,1
876,748,0
943,650,1
943,651,1
943,652,1
943,653,1
942,654,1
942,655,1
941,656,1
941,657,1
941,658,1
941,659,1
941,660,1
941,661,1
940,662,1
940,663,1
940,664,1
940,665,1
940,666,1
939,667,1
939,668,1
939,669,1
939,670,1
939,671,1
939,672,1
939,673,1
938,674,1
938,675,1
938,676,1
938,677,1
938,678,1
937,679,1
937,680,1
937,681,1
937,682,1
937,683,1
937,684,1
936,685,1
936,686,1
936,687,1
936,688,1
936,689,1
936,690,1
935,691,1
935,692,1
935,693,1
935,694,1
935,695,1
935,696,1
934,697,1
934,698,1
934,699,1
934,700,1
934,701,1
934,702,1
933,703,1
933,704,1
933,705,1
933,706,1
933,707,1
933,708,1
933,709,1
932,710,1
932,711,1
932,712,1
932,713,1
932,714,1
931,714,1
931,715,1
931,716,1
931,717,1
931,718,1
931,719,1
931,720,1
930,721,1
930,722,1
930,723,1
930,724,1
930,725,1
930,726,1
929,727,1
929,728,1
929,729,1
929,730,1
929,731,1
929,732,1
929,733,1
928,734,1
928,735,1
928,736,1
928,737,1
928,738,1
927,739,1
927,740,1
927,741,1
927,742,1
927,743,1
927,744,1
926,745,1
926,746,1
926,747,1
926,748,1
926,749,1
926,750,1
925,751,1
925,752,1
925,753,1
925,754,1
925,755,1
925,756,1
925,757,1
924,758,1
924,759,1
924,760,1
924,761,1
924,762,1
924,763,1
923,764,1
923,765,1
923,766,1
923,767,1
923,768,1
923,769,1
923,770,1
922,771,1
922,772,1
922,773,1
922,774,1
922,775,1
921,776,1
921,777,1
921,778,1
921,779,1
921,780,1
922,781,1
922,780,1
923,780,1
923,779,1
1024,671,0
1138,560,1
1137,561,1
1136,561,1
1135,562,1
1134,562,1
1133,563,1
1132,564,1
1131,565,1
1130,566,1
1129,566,1
1129,567,1
1128,567,1
1127,568,1
1127,569,1
1126,569,1
1126,570,1
1125,571,1
1125,572,1
1124,573,1
1124,574,1
1123,575,1
1123,576,1
1123,577,1
1123,578,1
1123,579,1
1123,580,1
1123,581,1
1123,582,1
1123,583,1
1123,584,1
1123,585,1
1122,586,1
1122,587,1
1122,588,1
1122,589,1
1122,590,1
1122,591,1
1122,592,1
1122,593,1
1123,593,1
1123,594,1
1123,595,1
1123,596,1
1123,597,1
1124,598,1
1124,599,1
1125,600,1
1125,601,1
1126,601,1
1126,602,1
1127,603,1
1128,604,1
1129,605,1
1130,606,1
1131,607,1
1132,607,1
1133,608,1
1134,608,1
1134,609,1
1135,609,1
1136,609,1
1136,610,1
1137,610,1
1138,610,1
1139,611,1
1140,611,1
1141,611,1
1141,612,1
1142,612,1
1143,612,1
1144,612,1
1144,613,1
1145,613,1
1146,613,1
1146,614,1
1147,614,1
1148,614,1
1149,614,1
1149,615,1
1150,615,1
1151,615,1
1151,616,1
1152,616,1
1153,616,1
1153,617,1
1154,617,1
1155,617,1
1155,618,1
1156,618,1
1157,619,1
1158,620,1
1159,620,1
1159,621,1
1160,621,1
1160,622,1
1161,622,1
1161,623,1
1162,623,1
1162,624,1
1163,624,1
1163,625,1
1164,626,1
1164,627,1
1164,628,1
1165,628,1
1165,629,1
1165,630,1
1165,631,1
1166,632,1
1166,633,1
1166,634,1
1166,635,1
1166,636,1
1166,637,1
1166,638,1
1166,639,1
1166,640,1
1166,641,1
1166,642,1
1166,643,1
1166,644,1
1166,645,1
1166,646,1
1166,647,1
1166,648,1
1165,649,1
1165,650,1
1165,651,1
1165,652,1
1165,653,1
1165,654,1
1164,655,1
1164,656,1
1164,657,1
1164,658,1
1164,659,1
1164,660,1
1163,661,1
1163,662,1
1163,663,1
1163,664,1
1163,665,1
1163,666,1
1162,667,1
1162,668,1
1162,669,1
1162,670,1
1162,671,1
1162,672,1
1161,673,1
1161,674,1
1161,675,1
1161,676,1
1161,677,1
1161,678,1
1160,679,1
1160,680,1
1160,681,1
1160,682,1
1160,683,1
1160,684,1
1159,685,1
1159,686,1
1159,687,1
1159,688,1
1159,689,1
1159,690,1
1159,691,1
1158,692,1
1158,693,1
1158,694,1
1158,695,1
1158,696,1
1158,697,1
1157,698,1
1157,699,1
1157,700,1
1157,701,1
1157,702,1
1157,703,1
1156,704,1
1156,705,1
1156,706,1
1156,707,1
1156,708,1
1156,709,1
1155,710,1
1155,711,1
1155,712,1
1155,713,1
1155,714,1
1155,715,1
1154,716,1
1154,717,1
1154,718,1
1154,719,1
1154,720,1
1154,721,1
1153,722,1
1153,723,1
1153,724,1
1153,725,1
1153,726,1
1153,727,1
1152,728,1
1152,729,1
1152,730,1
1152,731,1
1152,732,1
1152,733,1
1151,734,1
1151,735,1
1151,736,1
1151,737,1
1151,738,1
1150,739,1
1150,740,1
1150,741,1
1150,742,1
1150,743,1
1149,743,1
1149,744,1
1149,745,1
1149,746,1
1149,747,1
1148,748,1
1148,749,1
1148,750,1
1148,751,1
1147,752,1
1147,753,1
1146,754,1
1146,755,1
1146,756,1
1146,757,1
1145,758,1
1145,759,1
1144,760,1
1144,761,1
1144,762,1
1143,763,1
1142,764,1
1142,765,1
1142,766,1
1141,766,1
1141,767,1
1140,768,1
1139,769,1
1138,770,1
1137,771,1
1136,772,1
1135,772,1
1135,773,1
1134,773,1
1134,774,1
1133,774,1
1132,774,1
1132,775,1
1131,775,1
1130,775,1
1129,775,1
1128,775,1
1127,775,1
1126,775,1
1125,775,1
1124,775,1
1123,775,1
1122,775,1
1122,774,1
1121,774,1
1120,773,1
1119,773,1
1119,772,1
1118,772,1
1117,771,1
1116,770,1
1116,769,1
1115,769,1
1115,768,1
1114,767,1
1114,766,1
1113,766,1
1113,765,1
1113,764,1
1113,763,1
1112,763,1
1112,762,1
1112,761,1
1112,760,1
1112,759,1
1111,759,1
1111,758,1
1111,757,1
1111,756,1
1111,755,1
1111,754,1
1111,753,1
1111,752,1
1111,751,1
1111,750,1
1111,749,1
1111,748,1
1111,747,1
1112,746,1
1112,745,1
1112,744,1
1112,743,1
1113,742,1
1113,741,1
1113,740,1
1113,739,1
1114,739,1
1114,738,1
1114,737,1
1115,736,1
1115,735,1
1115,734,1
1116,734,1
1116,733,1
1117,732,1
1117,731,1
1118,730,1
1119,729,1
1119,728,1
1120,727,1
1121,726,1
1121,725,1
1122,725,1
1122,724,1
1123,723,1
1124,722,1
1125,721,1
1126,720,1
1127,719,1
1128,718,1
1129,717,1
1130,717,1
1130,716,1
1131,715,1
1132,715,1
1132,714,1
1133,714,1
1134,713,1
1135,713,1
1136,712,1
1137,711,1
1138,711,1
1139,710,1
1140,709,1
1141,709,1
1142,708,1
1143,708,1
1144,707,1
1145,706,1
1146,706,1
1147,706,1
1148,705,1
1149,705,1
1149,704,1
1150,704,1
1151,703,1
1152,703,1
1153,703,1
1154,702,1
1155,702,1
1156,701,1
1157,701,1
1158,701,1
1159,700,1
1160,700,1
1161,700,1
1162,699,1
1163,699,1
1164,698,1
1165,698,1
1166,698,1
1167,697,1
1168,697,1
1169,697,1
1170,696,1
1171,696,1
1172,696,1
1173,695,1
1174,695,1
1175,695,1
1176,695,1
1177,694,1
1178,694,1
1179,694,1
1180,693,1
1181,693,1
1182,693,1
1183,693,1
1184,693,1
1185,692,1
1186,692,1
1187,692,1
1188,691,1
1189,691,1
1190,691,1
1191,691,1
1192,690,1
1193,690,1
1194,690,1
1195,690,1
1195,689,1
1196,689,1
1197,689,1
1198,689,1
1199,688,1
1200,688,1
1201,688,1
1202,688,1
1203,687,1
1204,687,1
1205,687,1
1206,687,1
1206,686,1
1207,686,1
1208,686,1
1209,686,1
1210,685,1
1211,685,1
1212,685,1
1213,685,1
1214,684,1
1215,684,1
1216,684,1
1216,683,1
1217,683,1
1218,683,1
1219,683,1
1220,682,1
1221,682,1
1222,682,1
1223,681,1
1224,681,1
1225,681,1
1226,680,1
1227,680,1
1228,679,1
1229,679,1
1230,679,1
1231,678,1
1232,678,1
1233,678,1
1234,677,1
1235,677,1
1236,676,1
1237,676,1
1238,676,1
1238,675,1
1239,675,1
1240,674,1
1241,674,1
1242,673,1
1243,673,1
1244,673,1
1245,672,1
1246,671,1
1247,671,1
1248,671,1
1249,670,1
1250,670,1
1250,669,1
1251,669,1
1252,668,1
1253,668,1
1254,668,1
1255,667,1
1256,666,1
1257,666,1
1258,666,1
1258,665,1
1259,665,1
1260,665,1
1261,665,1
1261,664,1
1262,664,1
1263,664,1
1264,664,1
1264,663,1
1265,663,1
1266,663,1
1267,663,1
1268,663,1
1269,663,1
1270,663,1
1271,664,1
1272,665,1
1272,666,1
1273,666,1
1273,667,1
1273,668,1
1273,669,1
1273,670,1
1273,671,1
1273,672,1
1273,673,1
1273,674,1
1273,675,1
1273,676,1
1272,677,1
1272,678,1
1272,679,1
1272,680,1
1271,681,1
1271,682,1
1271,683,1
1270,684,1
1270,685,1
1270,686,1
1269,687,1
1269,688,1
1269,689,1
1268,690,1
1268,691,1
1268,692,1
1267,693,1
1267,694,1
1266,695,1
1266,696,1
1266,697,1
1265,698,1
1265,699,1
1265,700,1
1264,701,1
1264,702,1
1264,703,1
1263,704,1
1263,705,1
1263,706,1
1262,707,1
1262,708,1
1262,709,1
1261,709,1
1261,710,1
1261,711,1
1261,712,1
1260,713,1
1260,714,1
1260,715,1
1259,716,1
1259,717,1
1258,718,1
1258,719,1
1258,720,1
1257,721,1
1257,722,1
1257,723,1
1256,724,1
1256,725,1
1256,726,1
1255,727,1
1255,728,1
1255,729,1
1254,729,1
1254,730,1
1254,731,1
1253,732,1
1253,733,1
1253,734,1
1253,735,1
1252,736,1
1251,737,1
1251,738,1
1251,739,1
1251,740,1
1250,741,1
1250,742,1
1250,743,1
1124,597,0
986,476,1
987,475,1
987,474,1
988,473,1
989,472,1
989,471,1
990,471,1
990,470,1
991,469,1
991,468,1
992,468,1
992,467,1
993,466,1
994,465,1
994,464,1
995,464,1
995,463,1
996,462,1
996,461,1
997,461,1
997,460,1
998,459,1
999,458,1
999,457,1
1000,456,1
1001,455,1
1001,454,1
1002,453,1
1003,452,1
1003,451,1
1004,451,1
1004,450,1
1005,449,1
1005,448,1
1006,448,1
1007,447,1
1007,446,1
1008,445,1
1009,444,1
1009,443,1
1010,442,1
1011,441,1
1011,440,1
1012,440,1
1013,439,1
1013,438,1
1014,437,1
1015,436,1
1015,435,1
1016,434,1
1017,433,1
1017,432,1
1018,432,1
1019,431,1
1019,430,1
1020,429,1
1021,428,1
1022,427,1
1023,426,1
1023,425,1
1024,424,1
1025,424,1
1025,423,1
1026,422,1
1026,421,1
1027,421,1
1028,420,1
1028,419,1
1029,418,1
1030,418,1
1030,417,1
1031,416,1
1031,415,1
1032,415,1
1033,414,1
1033,413,1
1034,412,1
1035,412,1
1035,411,1
1036,410,1
1037,410,1
1037,409,1
1038,408,1
1039,407,1
1040,406,1
1041,405,1
1041,404,1
1042,404,1
1043,403,1
1043,402,1
1044,402,1
1045,401,1
1046,400,1
1046,399,1
1047,399,1
1048,398,1
1048,397,1
1049,397,1
1050,396,1
1051,395,1
1051,394,1
1052,394,1
1053,393,1
1053,392,1
1054,392,1
1055,391,1
1056,390,1
1057,389,1
1058,388,1
1059,387,1
1060,386,1
1061,386,1
1061,385,1
1062,384,1
1063,384,1
1064,383,1
1064,382,1
1065,382,1
1066,381,1
1067,380,1
1068,379,1
1069,378,1
1070,378,1
1070,377,1
1071,376,1
1072,376,1
1073,375,1
1074,374,1
1075,373,1
1076,373,1
1077,372,1
1078,371,1
1079,370,1
1080,370,1
1080,369,1
1081,369,1
1082,368,1
1083,368,1
1084,367,1
1084,366,1
1085,366,1
1086,365,1
1087,365,1
1088,364,1
1089,363,1
1090,363,1
1091,362,1
1092,362,1
1092,361,1
1093,361,1
1094,360,1
1095,360,1
1096,359,1
1097,358,1
1098,358,1
1099,357,1
1100,357,1
1101,356,1
1101,355,1
1102,355,1
1103,354,1
1104,354,1
1105,353,1
1106,353,1
1107,353,1
1107,352,1
1108,352,1
1109,351,1
1110,351,1
1111,350,1
1112,350,1
1113,349,1
1114,349,1
1115,348,1
1116,348,1
1117,347,1
1118,347,1
1119,347,1
1120,346,1
1121,346,1
1121,345,1
1122,345,1
1123,345,1
1124,344,1
1125,344,1
1126,344,1
1127,343,1
1128,343,1
1129,343,1
1130,342,1
1131,342,1
1132,341,1
1133,341,1
1134,341,1
1135,340,1
1136,340,1
1137,340,1
1138,339,1
1139,339,1
1140,339,1
1141,339,1
1142,338,1
1143,338,1
1144,338,1
1145,337,1
1146,337,1
1147,337,1
1148,336,1
1149,336,1
1150,336,1
1151,336,1
1152,336,1
1153,335,1
1154,335,1
1155,335,1
1156,335,1
1157,335,1
1158,334,1
1159,334,1
1160,334,1
1161,334,1
1162,334,1
1163,334,1
1164,334,1
1165,333,1
1166,333,1
1167,333,1
1168,333,1
1169,333,1
1170,333,1
1171,333,1
1172,333,1
1173,332,1
1174,332,1
1175,332,1
1176,332,1
1177,332,1
1178,332,1
1179,332,1
1180,332,1
1181,332,1
1182,332,1
1183,332,1
1184,332,1
1185,332,1
1186,332,1
1187,332,1
1188,332,1
1189,332,1
1190,332,1
1191,332,1
1192,332,1
1193,332,1
1194,332,1
1195,332,1
1196,332,1
1197,332,1
1198,332,1
1199,332,1
1200,332,1
1201,332,1
1202,332,1
1203,332,1
1204,333,1
1205,333,1
1206,333,1
1207,333,1
1208,333,1
1209,333,1
1210,333,1
1211,333,1
1212,334,1
1213,334,1
1214,334,1
1215,334,1
1216,335,1
1217,335,1
1218,335,1
1219,335,1
1220,335,1
1221,336,1
1222,336,1
1223,336,1
1224,337,1
1225,337,1
1226,337,1
1227,338,1
1228,338,1
1229,338,1
1230,339,1
1231,339,1
1232,339,1
1233,340,1
1234,341,1
1235,341,1
1236,341,1
1237,342,1
1238,343,1
1239,343,1
1240,344,1
1241,344,1
1242,345,1
1243,345,1
1244,346,1
1245,347,1
1246,347,1
1246,348,1
1247,349,1
1248,349,1
1248,350,1
1249,350,1
1250,351,1
1251,352,1
1252,352,1
1252,353,1
1253,354,1
1254,355,1
1255,355,1
1255,356,1
1256,357,1
1257,358,1
1258,359,1
1259,360,1
1259,361,1
1260,361,1
1260,362,1
1261,363,1
1261,364,1
1262,365,1
1263,366,1
1263,367,1
1264,368,1
1264,369,1
1265,370,1
1265,371,1
1266,371,1
1266,372,1
1266,373,1
1267,374,1
1267,375,1
1268,376,1
1268,377,1
1268,378,1
1268,379,1
1269,379,1
1269,380,1
1269,381,1
1269,382,1
1270,383,1
1270,384,1
1270,385,1
1271,386,1
1271,387,1
1271,388,1
1271,389,1
1271,390,1
1272,391,1
1272,392,1
1272,393,1
1272,394,1
1272,395,1
1272,396,1
1273,397,1
1273,398,1
1273,399,1
1273,400,1
1273,401,1
1273,402,1
1273,403,1
1273,404,1
1273,405,1
1273,406,1
1274,407,1
1274,408,1
1274,409,1
1274,410,1
1274,411,1
1274,412,1
1274,413,1
1274,414,1
1274,415,1
1274,416,1
1274,417,1
1274,418,1
1274,419,1
1274,420,1
1274,421,1
1274,422,1
1274,423,1
1274,424,1
1274,425,1
1274,426,1
1274,427,1
1274,428,1
1274,429,1
1274,430,1
1274,431,1
1274,432,1
1274,433,1
1274,434,1
1274,435,1
1273,436,1
1273,437,1
1273,438,1
1273,439,1
1273,440,1
1273,441,1
1273,442,1
1273,443,1
1273,444,1
1273,445,1
1273,446,1
1273,447,1
1273,448,1
1273,449,1
1273,450,1
1273,451,1
1273,452,1
1272,453,1
1272,454,1
1272,455,1
1272,456,1
1272,457,1
1272,458,1
1272,459,1
1272,460,1
1272,461,1
1272,462,1
1272,463,1
1272,464,1
1271,464,1
1271,465,1
1271,466,1
1271,467,1
1271,468,1
1271,469,1
1271,470,1
1271,471,1
1271,472,1
1271,473,1
1270,474,1
1270,475,1
1270,476,1
1270,477,1
1270,478,1
1270,479,1
1270,480,1
1270,481,1
1269,482,1
1269,483,1
1269,484,1
1269,485,1
1269,486,1
1269,487,1
1269,488,1
1268,489,1
1268,490,1
1268,491,1
1268,492,1
1268,493,1
1268,494,1
1268,495,1
1268,496,1
1267,497,1
1267,498,1
1267,499,1
1267,500,1
1267,501,1
1267,502,1
1267,503,1
1266,504,1
1266,505,1
1266,506,1
1266,507,1
1266,508,1
1266,509,1
1265,510,1
1265,511,1
1265,512,1
1265,513,1
1265,514,1
1265,515,1
1265,516,1
1264,517,1
1264,518,1
1264,519,1
1264,520,1
1264,521,1
1264,522,1
1263,523,1
1263,524,1
1263,525,1
1263,526,1
1263,527,1
1262,528,1
1262,529,1
1262,530,1
1262,531,1
1262,532,1
1261,533,1
1261,534,1
1261,535,1
1261,536,1
1260,537,1
1260,538,1
1260,539,1
1260,540,1
1260,541,1
1260,542,1
1259,543,1
1259,544,1
1259,545,1
1259,546,1
1259,547,1
1258,548,1
1258,549,1
1258,550,1
1258,551,1
1257,552,1
1257,553,1
1257,554,1
1257,555,1
1257,556,1
1256,557,1
1256,558,1
1256,559,1
1256,560,1
1255,561,1
1255,562,1
1255,563,1
1255,564,1
1255,565,1
1254,566,1
1254,567,1
1254,568,1
1254,569,1
1254,570,1
1253,571,1
1253,572,1
1253,573,1
1252,574,1
1252,575,1
1252,576,1
1252,577,1
1252,578,1
1251,579,1
1251,580,1
1251,581,1
1250,582,1
1250,583,1
1250,584,1
1250,585,1
1250,586,1
1249,587,1
1249,588,1
1249,589,1
1249,590,1
1248,591,1
1248,592,1
1248,593,1
1248,594,1
1247,595,1
1247,596,1
1247,597,1
1247,598,1
1246,598,1
1246,599,1
1246,600,1
1246,601,1
1245,602,1
1245,603,1
1245,604,1
1245,605,1
1245,606,1
1244,607,1
1244,608,1
1244,609,1
1243,610,1
1243,611,1
1243,612,1
1243,613,1
1242,614,1
1242,615,1
1242,616,1
1242,617,1
1241,618,1
1241,619,1
1241,620,1
1241,621,1
1240,622,1
1240,623,1
1240,624,1
1240,625,1
1239,625,1
1239,626,1
1239,627,1
1239,628,1
1238,629,1
1238,630,1
1238,631,1
1238,632,1
1237,633,1
1237,634,1
1237,635,1
1237,636,1
1236,637,1
1236,638,1
1236,639,1
1235,640,1
1235,641,1
1235,642,1
1235,643,1
1234,644,1
1234,645,1
1234,646,1
1234,647,1
1234,648,1
1233,648,1
1233,649,1
1233,650,1
1233,651,1
1232,652,1
1232,653,1
1232,654,1
1232,655,1
1231,656,1
1231,657,1
1231,658,1
1231,659,1
1231,660,1
1231,661,1
1230,661,1
1230,662,1
1229,662,1
1428,688,0
1626,712,1
1626,713,1
1626,714,1
1626,715,1
1626,716,1
1626,717,1
1625,718,1
1625,719,1
1625,720,1
1625,721,1
1625,722,1
1624,723,1
1624,724,1
1624,725,1
1623,726,1
1623,727,1
1623,728,1
1622,729,1
1622,730,1
1622,731,1
1622,732,1
1621,733,1
1620,734,1
1620,735,1
1619,735,1
1619,736,1
1618,736,1
1618,737,1
1617,737,1
1616,738,1
1616,739,1
1615,740,1
1614,741,1
1613,742,1
1612,742,1
1612,743,1
1611,743,1
1610,744,1
1609,744,1
1609,745,1
1608,745,1
1607,745,1
1607,746,1
1606,746,1
1605,746,1
1604,746,1
1603,746,1
1603,747,1
1602,747,1
1601,747,1
1600,747,1
1599,746,1
1598,746,1
1597,746,1
1596,746,1
1595,745,1
1594,745,1
1593,745,1
1593,744,1
1592,744,1
1591,744,1
1591,743,1
1590,743,1
1589,742,1
1588,742,1
1587,741,1
1586,740,1
1585,739,1
1584,739,1
1584,738,1
1583,737,1
1582,736,1
1582,735,1
1581,735,1
1580,734,1
1579,733,1
1579,732,1
1578,732,1
1578,731,1
1577,730,1
1577,729,1
1576,729,1
1576,728,1
1575,727,1
1574,726,1
1574,725,1
1573,724,1
1572,723,1
1572,722,1
1571,721,1
1570,720,1
1570,719,1
1569,718,1
1568,717,1
1568,716,1
1567,715,1
1567,714,1
1566,714,1
1566,713,1
1566,712,1
1565,711,1
1564,710,1
1564,709,1
1563,708,1
1562,707,1
1561,706,1
1561,705,1
1560,704,1
1559,703,1
1559,702,1
1558,701,1
1558,700,1
1557,699,1
1556,698,1
1556,697,1
1555,696,1
1554,695,1
1553,694,1
1553,693,1
1552,692,1
1552,691,1
1551,691,1
1550,690,1
1550,689,1
1549,688,1
1548,687,1
1547,686,1
1547,685,1
1546,684,1
1545,683,1
1544,682,1
1543,681,1
1542,680,1
1542,679,1
1541,679,1
1541,678,1
1540,677,1
1539,676,1
1538,675,1
1537,674,1
1536,673,1
1535,672,1
1534,671,1
1533,670,1
1532,669,1
1531,668,1
1530,668,1
1530,667,1
1529,666,1
1528,666,1
1528,665,1
1527,664,1
1526,664,1
1525,663,1
1524,662,1
1523,661,1
1522,661,1
1521,660,1
1521,659,1
1520,659,1
1519,658,1
1518,658,1
1518,657,1
1517,657,1
1516,656,1
1515,656,1
1515,655,1
1514,655,1
1513,654,1
1512,654,1
1511,653,1
1510,652,1
1509,652,1
1508,651,1
1507,651,1
1506,650,1
1505,650,1
1504,649,1
1503,649,1
1502,648,1
1501,648,1
1500,647,1
1499,647,1
1498,647,1
1498,646,1
1497,646,1
1496,646,1
1495,645,1
1494,645,1
1493,645,1
1492,645,1
1491,644,1
1490,644,1
1489,644,1
1488,643,1
1487,643,1
1486,643,1
1485,643,1
1484,643,1
1483,643,1
1482,642,1
1481,642,1
1480,642,1
1479,642,1
1478,642,1
1477,642,1
1476,642,1
1475,642,1
1474,641,1
1473,641,1
1472,641,1
1471,641,1
1470,641,1
1469,641,1
1468,641,1
1467,641,1
1466,641,1
1465,642,1
1464,642,1
1463,642,1
1462,642,1
1461,642,1
1460,642,1
1459,642,1
1458,642,1
1457,642,1
1456,643,1
1455,643,1
1454,643,1
1453,643,1
1452,644,1
1451,644,1
1450,644,1
1449,644,1
1448,645,1
1447,645,1
1446,645,1
1445,645,1
1445,646,1
1444,646,1
1443,646,1
1442,647,1
1441,647,1
1440,647,1
1439,648,1
1438,648,1
1437,649,1
1436,649,1
1435,649,1
1434,650,1
1433,650,1
1433,651,1
1432,651,1
1431,651,1
1430,652,1
1429,652,1
1429,653,1
1428,653,1
1427,654,1
1426,654,1
1425,655,1
1424,656,1
1423,656,1
1422,657,1
1421,657,1
1421,658,1
1420,658,1
1419,659,1
1418,660,1
1417,661,1
1416,661,1
1416,662,1
1415,662,1
1414,663,1
1413,663,1
1413,664,1
1412,665,1
1411,665,1
1411,666,1
1410,666,1
1409,667,1
1409,668,1
1408,668,1
1407,669,1
1407,670,1
1406,670,1
1405,671,1
1405,672,1
1404,672,1
1403,673,1
1403,674,1
1402,674,1
1402,675,1
1401,676,1
1400,676,1
1400,677,1
1399,678,1
1399,679,1
1398,679,1
1398,680,1
1397,681,1
1396,681,1
1396,682,1
1395,683,1
1395,684,1
1394,684,1
1394,685,1
1393,686,1
1393,687,1
1392,687,1
1392,688,1
1391,689,1
1391,690,1
1391,691,1
1390,691,1
1390,692,1
1389,693,1
1389,694,1
1389,695,1
1388,695,1
1388,696,1
1388,697,1
1387,698,1
1387,699,1
1387,700,1
1386,700,1
1386,701,1
1386,702,1
1386,703,1
1385,704,1
1385,705,1
1385,706,1
1385,707,1
1385,708,1
1384,709,1
1384,710,1
1384,711,1
1384,712,1
1384,713,1
1384,714,1
1384,715,1
1384,716,1
1384,717,1
1384,718,1
1384,719,1
1385,719,1
1385,720,1
1385,721,1
1385,722,1
1385,723,1
1386,724,1
1386,725,1
1387,726,1
1387,727,1
1387,728,1
1388,728,1
1388,729,1
1389,730,1
1389,731,1
1390,731,1
1390,732,1
1391,732,1
1391,733,1
1392,734,1
1393,734,1
1394,735,1
1395,736,1
1396,737,1
1397,737,1
1398,738,1
1399,738,1
1400,738,1
1401,739,1
1402,739,1
1403,739,1
1404,739,1
1405,739,1
1406,739,1
1407,739,1
1408,739,1
1409,739,1
1410,739,1
1411,739,1
1412,739,1
1413,739,1
1414,738,1
1415,738,1
1416,738,1
1417,738,1
1418,737,1
1419,737,1
1420,736,1
1421,736,1
1422,735,1
1423,735,1
1424,735,1
1424,734,1
1425,734,1
1426,733,1
1427,732,1
1428,732,1
1428,731,1
1429,731,1
1430,730,1
1431,729,1
1432,728,1
1432,727,1
1433,727,1
1433,726,1
1434,725,1
1435,724,1
1435,723,1
1436,723,1
1436,722,1
1437,721,1
1438,720,1
1438,719,1
1438,718,1
1439,718,1
1439,717,1
1439,716,1
1440,715,1
1440,714,1
1440,713,1
1440,712,1
1441,711,1
1441,710,1
1441,709,1
1441,708,1
1441,707,1
1442,706,1
1442,705,1
1442,704,1
1442,703,1
1442,702,1
1442,701,1
1442,700,1
1442,699,1
1442,698,1
1442,697,1
1442,696,1
1442,695,1
1442,694,1
1441,694,1
1441,693,1
1441,692,1
1441,691,1
1441,690,1
1440,689,1
1440,688,1
1440,687,1
1440,686,1
1439,685,1
1439,684,1
1439,683,1
1438,682,1
1437,681,1
1437,680,1
1436,679,1
1436,678,1
1435,678,1
1435,677,1
1434,676,1
1433,675,1
1432,674,1
1431,673,1
1430,672,1
1430,671,1
1429,671,1
1429,670,1
1429,669,1
1428,669,1
1428,668,1
1427,668,1
1426,667,1
1426,666,1
1425,666,1
1425,665,1
1424,665,1
1423,665,1
1422,664,1
1421,663,1
1420,663,1
1419,663,1
1418,663,1
1417,663,1
1416,663,1
1415,663,1
1414,663,1
1413,663,1
1412,664,1
1411,665,1
1411,666,1
1410,666,1
1678,715,0
1936,752,1
1936,753,1
1936,754,1
1936,755,1
1936,756,1
1936,757,1
1935,758,1
1935,759,1
1935,760,1
1934,761,1
1934,762,1
1934,763,1
1934,764,1
1934,765,1
1933,765,1
1933,766,1
1933,767,1
1933,768,1
1933,769,1
1933,770,1
1932,770,1
1932,771,1
1932,772,1
1931,772,1
1931,773,1
1930,773,1
1930,772,1
1930,773,1
1929,773,1
1929,774,1
1928,774,1
1927,774,1
1926,773,1
1925,772,1
1925,771,1
1924,771,1
1924,770,1
1924,769,1
1923,768,1
1923,767,1
1922,766,1
1922,765,1
1922,764,1
1921,763,1
1921,762,1
1921,761,1
1920,760,1
1920,759,1
1920,758,1
1920,757,1
1919,757,1
1919,756,1
1919,755,1
1919,754,1
1918,753,1
1918,752,1
1918,751,1
1917,750,1
1917,749,1
1917,748,1
1916,747,1
1916,746,1
1916,745,1
1915,744,1
1915,743,1
1914,742,1
1914,741,1
1914,740,1
1913,739,1
1913,738,1
1912,737,1
1912,736,1
1912,735,1
1911,735,1
1911,734,1
1910,733,1
1910,732,1
1909,731,1
1909,730,1
1908,729,1
1908,728,1
1907,728,1
1907,727,1
1906,726,1
1905,725,1
1905,724,1
1904,724,1
1904,723,1
1903,722,1
1902,722,1
1902,721,1
1901,720,1
1901,719,1
1900,719,1
1899,718,1
1899,717,1
1898,717,1
1897,716,1
1896,716,1
1896,715,1
1895,714,1
1894,714,1
1894,713,1
1893,713,1
1892,712,1
1891,711,1
1890,710,1
1889,710,1
1888,709,1
1887,709,1
1887,708,1
1886,708,1
1885,708,1
1884,707,1
1883,707,1
1882,706,1
1881,706,1
1881,705,1
1880,705,1
1879,705,1
1878,704,1
1877,704,1
1876,704,1
1875,704,1
1874,703,1
1873,703,1
1872,703,1
1872,702,1
1871,702,1
1870,702,1
1869,702,1
1868,702,1
1867,701,1
1866,701,1
1865,701,1
1864,701,1
1863,701,1
1862,701,1
1861,701,1
1860,701,1
1859,701,1
1858,701,1
1857,701,1
1856,701,1
1855,701,1
1854,701,1
1853,701,1
1852,701,1
1851,701,1
1850,701,1
1849,701,1
1848,702,1
1847,702,1
1846,702,1
1845,702,1
1844,703,1
1843,703,1
1842,703,1
1841,703,1
1840,703,1
1839,704,1
1838,704,1
1837,704,1
1837,705,1
1836,705,1
1835,705,1
1834,706,1
1833,706,1
1832,706,1
1831,707,1
1830,708,1
1829,708,1
1828,708,1
1827,709,1
1826,709,1
1826,710,1
1825,710,1
1824,711,1
1823,711,1
1822,712,1
1821,713,1
1820,713,1
1819,714,1
1818,715,1
1817,716,1
1816,717,1
1815,717,1
1814,718,1
1814,719,1
1813,719,1
1812,720,1
1812,721,1
1811,721,1
1811,722,1
1810,722,1
1809,723,1
1809,724,1
1808,724,1
1808,725,1
1807,726,1
1807,727,1
1806,727,1
1806,728,1
1805,729,1
1805,730,1
1804,730,1
1804,731,1
1803,732,1
1803,733,1
1802,733,1
1802,734,1
1801,735,1
1801,736,1
1800,737,1
1800,738,1
1799,739,1
1799,740,1
1799,741,1
1799,742,1
1798,743,1
1798,744,1
1798,745,1
1797,746,1
1797,747,1
1797,748,1
1797,749,1
1797,750,1
1797,751,1
1797,752,1
1797,753,1
1797,754,1
1797,755,1
1797,756,1
1797,757,1
1797,758,1
1797,759,1
1797,760,1
1798,760,1
1798,761,1
1798,762,1
1798,763,1
1798,764,1
1799,764,1
1799,765,1
1799,766,1
1799,767,1
1800,767,1
1800,768,1
1801,769,1
1801,770,1
1802,771,1
1802,772,1
1803,772,1
1803,773,1
1804,774,1
1805,775,1
1805,776,1
1806,776,1
1807,777,1
1808,778,1
1809,778,1
1809,779,1
1810,779,1
1811,780,1
1812,781,1
1813,781,1
1814,782,1
1815,782,1
1816,783,1
1817,783,1
1818,783,1
1818,784,1
1819,784,1
1820,784,1
1821,785,1
1822,785,1
1823,785,1
1824,785,1
1824,786,1
1825,786,1
1826,786,1
1827,786,1
1828,786,1
1829,786,1
1830,786,1
1831,786,1
1832,787,1
1833,787,1
1834,787,1
1835,787,1
1836,787,1
1837,787,1
1838,787,1
1839,787,1
1840,787,1
1841,787,1
1842,787,1
1843,787,1
1844,787,1
1845,787,1
1846,787,1
1847,787,1
1848,787,1
1849,787,1
1850,786,1
1851,786,1
1852,786,1
1853,786,1
1854,786,1
1855,786,1
1856,786,1
1857,786,1
1858,786,1
1859,785,1
1860,785,1
1861,785,1
1862,785,1
1863,785,1
1864,785,1
1865,785,1
1866,785,1
1867,784,1
1868,784,1
1869,784,1
1870,784,1
1871,784,1
1872,784,1
1872,783,1
1873,783,1
1874,783,1
1875,783,1
1876,782,1
1877,782,1
1878,782,1
1879,782,1
1879,781,1
1880,781,1
1881,781,1
1882,781,1
1883,781,1
1884,780,1
1885,780,1
1886,780,1
1887,780,1
1888,780,1
1889,779,1
1890,779,1
1890,779,0
