171,159,1
172,159,1
172,158,1
173,158,1
174,158,1
175,157,1
176,157,1
177,156,1
178,156,1
179,155,1
180,155,1
181,155,1
181,154,1
182,154,1
183,154,1
184,153,1
185,153,1
186,152,1
187,152,1
188,151,1
189,151,1
190,151,1
191,150,1
192,150,1
193,150,1
194,149,1
195,149,1
196,149,1
196,148,1
197,148,1
198,148,1
199,148,1
199,147,1
200,147,1
201,147,1
202,146,1
203,146,1
204,146,1
205,146,1
206,145,1
207,145,1
208,145,1
209,145,1
210,145,1
210,144,1
211,144,1
212,144,1
213,144,1
214,144,1
215,143,1
216,143,1
217,143,1
218,143,1
219,143,1
220,143,1
221,143,1
222,143,1
223,143,1
224,143,1
225,142,1
226,142,1
227,142,1
228,142,1
229,142,1
230,142,1
231,142,1
232,143,1
233,143,1
234,143,1
235,143,1
236,143,1
237,143,1
238,143,1
239,143,1
240,144,1
241,144,1
242,144,1
243,144,1
244,145,1
245,145,1
246,146,1
247,146,1
248,147,1
249,147,1
250,148,1
251,149,1
252,149,1
252,150,1
253,150,1
254,151,1
255,152,1
256,153,1
256,154,1
257,154,1
257,155,1
258,156,1
258,157,1
259,158,1
259,159,1
260,160,1
260,161,1
260,162,1
260,163,1
260,164,1
261,164,1
261,165,1
261,166,1
261,167,1
260,168,1
260,169,1
260,170,1
260,171,1
260,172,1
259,172,1
259,173,1
259,174,1
259,175,1
258,175,1
258,176,1
258,177,1
257,177,1
257,178,1
256,179,1
256,180,1
255,181,1
254,182,1
253,183,1
252,184,1
251,184,1
251,185,1
250,185,1
250,186,1
249,186,1
249,187,1
248,187,1
247,188,1
246,189,1
245,189,1
244,190,1
243,190,1
242,191,1
241,192,1
240,192,1
239,192,1
239,193,1
238,193,1
237,193,1
236,194,1
235,194,1
234,195,1
233,195,1
232,195,1
231,196,1
230,196,1
229,197,1
228,197,1
227,198,1
227,199,1
228,199,1
229,199,1
230,199,1
231,199,1
232,199,1
233,199,1
234,199,1
235,199,1
236,199,1
237,199,1
238,199,1
239,199,1
240,199,1
241,199,1
242,199,1
243,199,1
244,199,1
245,199,1
246,199,1
247,199,1
248,199,1
249,199,1
250,199,1
251,199,1
252,200,1
253,200,1
254,200,1
255,200,1
256,200,1
257,200,1
258,201,1
259,201,1
260,201,1
261,201,1
262,201,1
262,202,1
263,202,1
264,202,1
265,202,1
266,202,1
267,203,1
268,203,1
269,204,1
270,204,1
271,204,1
272,205,1
273,205,1
274,206,1
275,206,1
276,207,1
277,208,1
278,208,1
278,209,1
279,209,1
280,210,1
281,211,1
282,212,1
282,213,1
283,213,1
283,214,1
284,215,1
285,216,1
285,217,1
285,218,1
286,219,1
286,220,1
286,221,1
286,222,1
286,223,1
286,224,1
286,225,1
286,226,1
286,227,1
285,227,1
285,228,1
285,229,1
284,230,1
284,231,1
283,232,1
282,233,1
281,234,1
280,235,1
279,236,1
278,237,1
277,237,1
276,238,1
275,238,1
274,239,1
273,240,1
272,240,1
271,240,1
271,241,1
270,241,1
269,241,1
268,241,1
267,242,1
266,242,1
265,242,1
264,242,1
263,242,1
262,242,1
261,243,1
260,243,1
259,243,1
258,243,1
257,243,1
256,243,1
255,243,1
254,243,1
253,243,1
252,243,1
251,243,1
250,243,1
249,243,1
248,243,1
247,243,1
246,243,1
245,243,1
244,243,1
243,243,1
242,242,1
241,242,1
240,242,1
239,242,1
238,242,1
237,242,1
236,242,1
235,242,1
234,242,1
233,242,1
232,242,1
231,242,1
230,242,1
230,241,1
229,241,1
228,241,1
227,241,1
226,241,1
225,241,1
225,240,1
224,240,1
223,240,1
222,240,1
221,240,1
220,239,1
219,239,1
218,239,1
217,239,1
216,239,1
215,239,1
214,239,1
213,238,1
264,219,0
310,199,1
311,199,1
312,199,1
313,199,1
314,199,1
315,199,1
316,198,1
317,198,1
318,198,1
319,197,1
320,197,1
320,196,1
321,196,1
321,195,1
322,195,1
322,194,1
322,193,1
323,193,1
323,192,1
324,192,1
324,191,1
324,190,1
325,189,1
325,188,1
325,187,1
326,187,1
326,186,1
326,185,1
327,184,1
327,183,1
328,182,1
328,181,1
328,180,1
328,179,1
328,178,1
329,178,1
329,177,1
329,176,1
329,175,1
329,174,1
329,173,1
329,172,1
329,171,1
329,170,1
329,169,1
329,168,1
329,167,1
329,168,1
329,169,1
329,170,1
329,171,1
329,172,1
329,173,1
329,174,1
329,175,1
329,176,1
329,177,1
329,178,1
329,179,1
329,180,1
329,181,1
329,182,1
329,183,1
329,184,1
329,185,1
329,186,1
329,187,1
329,188,1
329,189,1
329,190,1
329,191,1
329,192,1
329,193,1
329,194,1
329,195,1
329,196,1
329,197,1
329,198,1
329,199,1
329,200,1
329,201,1
329,202,1
329,203,1
329,204,1
329,205,1
329,206,1
329,207,1
329,208,1
329,209,1
329,210,1
329,211,1
329,212,1
329,213,1
329,214,1
329,215,1
329,216,1
329,217,1
329,218,1
329,219,1
329,220,1
329,221,1
329,222,1
329,223,1
329,224,1
329,225,1
329,226,1
329,227,1
329,228,1
330,228,1
330,229,1
330,230,1
330,231,1
330,232,1
330,233,1
331,233,1
331,234,1
331,235,1
331,236,1
331,237,1
332,238,1
332,239,1
360,207,0
388,175,1
388,176,1
388,177,1
388,178,1
388,179,1
388,180,1
388,181,1
388,182,1
388,183,1
388,184,1
388,185,1
388,186,1
388,187,1
388,188,1
388,189,1
387,190,1
387,191,1
387,192,1
387,193,1
387,194,1
387,195,1
387,196,1
387,197,1
387,198,1
387,199,1
387,200,1
387,201,1
387,202,1
387,203,1
387,204,1
387,205,1
387,206,1
387,207,1
387,208,1
387,209,1
387,210,1
387,211,1
387,212,1
387,213,1
387,214,1
387,215,1
387,216,1
387,217,1
387,218,1
387,219,1
386,219,1
386,220,1
386,221,1
386,222,1
386,223,1
386,224,1
386,225,1
386,226,1
386,227,1
387,227,1
423,183,0
462,141,1
461,141,1
460,140,1
459,140,1
459,141,1
458,141,1
457,141,1
456,141,1
455,141,1
454,141,1
454,142,1
453,142,1
452,143,1
451,143,1
450,144,1
449,145,1
448,145,1
448,146,1
447,146,1
447,147,1
446,148,1
445,149,1
444,150,1
443,151,1
443,152,1
442,152,1
442,153,1
441,154,1
441,155,1
440,155,1
440,156,1
439,157,1
439,158,1
439,159,1
438,160,1
438,161,1
438,162,1
438,163,1
437,164,1
437,165,1
437,166,1
437,167,1
437,168,1
438,169,1
438,170,1
438,171,1
438,172,1
439,172,1
439,173,1
439,174,1
440,174,1
440,175,1
441,175,1
441,176,1
442,177,1
443,178,1
444,178,1
445,179,1
446,179,1
446,180,1
447,180,1
448,180,1
449,180,1
450,180,1
451,181,1
452,181,1
453,180,1
454,180,1
455,180,1
456,180,1
457,179,1
458,179,1
459,179,1
460,178,1
461,178,1
461,177,1
462,177,1
463,176,1
464,176,1
465,175,1
466,175,1
466,174,1
467,174,1
468,173,1
469,173,1
470,172,1
471,172,1
472,172,1
473,172,1
474,172,1
475,172,1
476,172,1
477,172,1
477,173,1
478,173,1
479,174,1
479,175,1
480,176,1
480,177,1
480,178,1
481,178,1
481,179,1
481,180,1
481,181,1
481,182,1
482,182,1
482,183,1
482,184,1
482,185,1
482,186,1
483,187,1
483,188,1
483,189,1
483,190,1
483,191,1
483,192,1
483,193,1
483,194,1
483,195,1
483,196,1
483,197,1
483,198,1
483,199,1
483,200,1
483,201,1
483,202,1
483,203,1
483,204,1
484,205,1
484,206,1
484,207,1
484,208,1
484,209,1
484,210,1
484,211,1
483,212,1
483,213,1
483,214,1
483,215,1
483,216,1
483,217,1
483,218,1
483,219,1
483,220,1
483,221,1
482,222,1
482,223,1
482,224,1
482,225,1
481,225,1
481,226,1
481,227,1
480,227,1
480,228,1
480,229,1
479,229,1
479,230,1
478,231,1
478,232,1
477,232,1
477,233,1
476,233,1
475,234,1
474,234,1
474,235,1
473,235,1
472,235,1
471,235,1
470,235,1
469,235,1
468,235,1
467,235,1
466,235,1
465,234,1
464,234,1
463,233,1
462,232,1
461,232,1
461,231,1
460,231,1
460,230,1
459,230,1
459,229,1
458,229,1
458,228,1
458,227,1
457,227,1
457,226,1
457,225,1
456,225,1
456,224,1
456,223,1
456,222,1
456,221,1
456,220,1
456,219,1
456,218,1
456,217,1
456,216,1
456,215,1
457,214,1
457,213,1
458,212,1
458,211,1
459,211,1
459,210,1
460,209,1
461,208,1
462,207,1
463,207,1
464,206,1
465,206,1
465,205,1
466,205,1
467,205,1
468,205,1
468,204,1
469,204,1
470,204,1
471,204,1
471,203,1
472,203,1
473,203,1
474,203,1
475,203,1
476,202,1
477,202,1
478,202,1
479,202,1
480,202,1
480,201,1
481,201,1
482,201,1
483,201,1
484,201,1
485,201,1
486,201,1
487,201,1
488,201,1
489,201,1
490,201,1
491,201,1
492,201,1
493,201,1
494,201,1
494,200,1
495,200,1
496,200,1
497,200,1
498,200,1
499,200,1
500,200,1
501,199,1
502,199,1
503,199,1
504,199,1
505,199,1
506,199,1
507,199,1
508,199,1
509,199,1
510,199,1
511,199,1
512,198,1
513,198,1
514,198,1
515,198,1
516,197,1
517,197,1
518,197,1
519,197,1
520,196,1
521,196,1
522,196,1
523,195,1
524,195,1
525,195,1
526,194,1
527,194,1
528,193,1
529,193,1
530,192,1
531,192,1
532,191,1
533,190,1
534,190,1
535,189,1
536,188,1
537,188,1
538,187,1
538,186,1
539,186,1
540,185,1
541,184,1
541,183,1
542,182,1
543,181,1
544,180,1
544,179,1
545,178,1
545,177,1
545,176,1
546,175,1
546,174,1
547,173,1
547,172,1
547,171,1
547,170,1
547,169,1
547,168,1
547,167,1
547,166,1
546,166,1
546,167,1
545,167,1
545,168,1
544,169,1
544,170,1
544,171,1
544,172,1
543,173,1
543,174,1
543,175,1
543,176,1
543,177,1
543,178,1
543,179,1
543,180,1
542,181,1
542,182,1
542,183,1
542,184,1
542,185,1
542,186,1
541,187,1
541,188,1
541,189,1
541,190,1
541,191,1
541,192,1
541,193,1
541,194,1
541,195,1
541,196,1
541,197,1
541,198,1
541,199,1
540,199,1
540,200,1
540,201,1
540,202,1
540,203,1
540,204,1
540,205,1
539,206,1
539,207,1
539,208,1
539,209,1
539,210,1
539,211,1
538,212,1
538,213,1
538,214,1
538,215,1
538,216,1
538,217,1
538,218,1
538,219,1
537,220,1
537,221,1
537,222,1
537,223,1
537,224,1
536,225,1
536,226,1
536,227,1
536,228,1
536,229,1
535,230,1
535,231,1
535,232,1
534,233,1
534,234,1
534,235,1
533,236,1
533,237,1
532,238,1
532,239,1
532,240,1
531,241,1
465,195,0
397,155,1
397,154,1
397,153,1
398,152,1
398,151,1
398,150,1
399,149,1
399,148,1
399,147,1
400,146,1
400,145,1
400,144,1
401,143,1
401,142,1
402,141,1
403,140,1
403,139,1
404,138,1
405,137,1
405,136,1
406,136,1
406,135,1
407,134,1
407,133,1
408,132,1
409,131,1
409,130,1
410,130,1
410,129,1
411,128,1
412,128,1
412,127,1
413,127,1
413,126,1
414,125,1
415,124,1
416,123,1
417,122,1
418,122,1
418,121,1
419,121,1
420,120,1
420,119,1
421,119,1
422,118,1
423,117,1
424,116,1
425,116,1
426,115,1
427,115,1
428,114,1
429,113,1
430,113,1
430,112,1
431,112,1
432,111,1
433,111,1
433,110,1
434,110,1
435,109,1
436,109,1
437,108,1
438,108,1
439,107,1
440,107,1
441,106,1
442,106,1
442,105,1
443,105,1
444,105,1
445,104,1
446,104,1
447,103,1
448,103,1
448,102,1
449,102,1
450,102,1
451,101,1
452,101,1
453,101,1
454,100,1
455,99,1
456,99,1
457,99,1
458,98,1
459,98,1
460,97,1
461,97,1
462,97,1
463,96,1
464,96,1
465,96,1
465,95,1
466,95,1
467,95,1
468,95,1
468,94,1
469,94,1
470,94,1
471,94,1
471,93,1
472,93,1
473,93,1
474,93,1
474,92,1
475,92,1
476,92,1
477,92,1
478,92,1
479,91,1
480,91,1
481,91,1
482,91,1
483,91,1
484,90,1
485,90,1
486,90,1
487,90,1
488,90,1
489,89,1
490,89,1
491,89,1
492,89,1
493,89,1
494,89,1
495,89,1
496,89,1
497,89,1
498,89,1
499,89,1
500,89,1
501,89,1
502,89,1
503,89,1
504,90,1
505,90,1
506,90,1
507,90,1
508,90,1
509,90,1
509,91,1
510,91,1
511,91,1
512,92,1
513,92,1
514,92,1
515,93,1
516,93,1
517,93,1
518,94,1
519,95,1
520,95,1
521,96,1
522,96,1
522,97,1
523,97,1
523,98,1
524,98,1
525,98,1
525,99,1
526,99,1
527,100,1
527,101,1
528,101,1
528,102,1
529,102,1
530,103,1
530,104,1
531,104,1
531,105,1
532,105,1
533,106,1
533,107,1
534,107,1
534,108,1
535,109,1
536,110,1
536,111,1
537,111,1
537,112,1
538,113,1
539,114,1
539,115,1
540,115,1
540,116,1
540,117,1
541,117,1
541,118,1
542,119,1
542,120,1
543,121,1
543,122,1
544,123,1
544,124,1
544,125,1
545,125,1
545,126,1
545,127,1
546,128,1
546,129,1
547,130,1
547,131,1
547,132,1
548,132,1
548,133,1
548,134,1
548,135,1
548,136,1
549,137,1
549,138,1
549,139,1
549,140,1
549,141,1
550,142,1
550,143,1
550,144,1
550,145,1
550,146,1
550,147,1
551,148,1
551,149,1
551,150,1
551,151,1
551,152,1
551,153,1
551,154,1
551,155,1
550,155,1
550,156,1
550,157,1
550,158,1
550,159,1
550,160,1
549,161,1
549,162,1
549,163,1
549,164,1
621,175,0
693,187,1
692,188,1
692,189,1
692,190,1
692,191,1
691,192,1
691,193,1
691,194,1
690,195,1
690,196,1
690,197,1
689,198,1
689,199,1
689,200,1
688,201,1
688,202,1
687,203,1
687,204,1
687,205,1
687,206,1
686,206,1
686,207,1
686,208,1
686,209,1
685,209,1
685,210,1
685,211,1
684,212,1
684,213,1
684,214,1
683,215,1
683,216,1
682,217,1
682,218,1
681,219,1
681,220,1
680,220,1
680,221,1
679,221,1
678,221,1
677,220,1
677,219,1
676,219,1
676,218,1
676,217,1
676,216,1
675,215,1
675,214,1
675,213,1
675,212,1
675,211,1
674,210,1
674,209,1
674,208,1
674,207,1
673,207,1
673,206,1
673,205,1
673,204,1
672,203,1
672,202,1
672,201,1
671,201,1
671,200,1
671,199,1
670,199,1
670,198,1
669,197,1
669,196,1
668,196,1
668,195,1
668,194,1
667,194,1
667,193,1
666,192,1
665,191,1
664,190,1
664,189,1
663,189,1
662,188,1
661,187,1
660,186,1
659,185,1
658,184,1
657,184,1
657,183,1
656,183,1
655,183,1
654,182,1
653,181,1
652,181,1
651,180,1
650,180,1
649,180,1
648,179,1
647,179,1
646,179,1
645,178,1
644,178,1
643,178,1
642,178,1
641,178,1
640,177,1
639,177,1
638,177,1
637,177,1
636,177,1
635,177,1
634,177,1
633,177,1
632,177,1
631,177,1
630,177,1
629,177,1
628,177,1
627,177,1
626,178,1
625,178,1
624,178,1
623,178,1
622,178,1
621,179,1
620,179,1
619,179,1
618,179,1
617,179,1
616,180,1
615,180,1
614,180,1
613,181,1
612,181,1
611,182,1
610,182,1
609,183,1
608,183,1
607,183,1
606,184,1
605,185,1
604,185,1
603,186,1
602,186,1
601,187,1
600,188,1
599,188,1
598,189,1
597,189,1
597,190,1
596,191,1
595,191,1
595,192,1
594,192,1
593,193,1
592,194,1
592,195,1
591,195,1
590,196,1
590,197,1
589,197,1
589,198,1
588,199,1
588,200,1
587,201,1
587,202,1
586,203,1
586,204,1
586,205,1
586,206,1
586,207,1
586,208,1
586,209,1
586,210,1
587,211,1
587,212,1
588,212,1
588,213,1
589,213,1
590,214,1
591,214,1
592,214,1
593,215,1
594,215,1
595,214,1
596,214,1
597,214,1
598,214,1
599,213,1
600,213,1
601,212,1
602,211,1
603,211,1
603,210,1
604,210,1
604,209,1
605,209,1
605,208,1
606,207,1
606,206,1
607,206,1
607,205,1
608,204,1
609,203,1
609,202,1
609,201,1
610,200,1
610,199,1
611,198,1
611,197,1
611,196,1
611,195,1
611,194,1
611,193,1
611,192,1
611,191,1
611,190,1
610,189,1
610,188,1
609,188,1
609,187,1
608,186,1
607,185,1
606,184,1
605,184,1
604,183,1
703,188,0
800,187,1
800,188,1
800,189,1
799,190,1
799,191,1
799,192,1
799,193,1
799,194,1
799,195,1
799,196,1
798,196,1
798,197,1
798,198,1
798,199,1
798,200,1
797,201,1
797,202,1
797,203,1
797,204,1
797,205,1
796,206,1
796,207,1
796,208,1
796,209,1
796,210,1
796,211,1
796,212,1
795,213,1
795,214,1
795,215,1
795,216,1
794,217,1
794,218,1
794,219,1
794,220,1
794,221,1
794,222,1
793,222,1
793,223,1
793,224,1
793,225,1
793,226,1
793,227,1
793,228,1
793,229,1
793,230,1
793,231,1
792,232,1
792,233,1
792,234,1
792,235,1
792,236,1
792,237,1
791,238,1
791,239,1
791,240,1
791,241,1
791,242,1
791,243,1
791,244,1
791,245,1
791,246,1
791,247,1
791,248,1
792,248,1
792,247,1
793,247,1
793,246,1
793,245,1
793,244,1
794,243,1
794,242,1
794,241,1
794,240,1
794,239,1
795,239,1
795,238,1
795,237,1
795,236,1
795,235,1
795,234,1
796,233,1
796,232,1
796,231,1
796,230,1
796,229,1
796,228,1
796,227,1
796,226,1
796,225,1
796,224,1
796,223,1
796,222,1
796,221,1
796,220,1
796,219,1
796,218,1
796,217,1
796,216,1
796,215,1
796,214,1
795,213,1
795,212,1
795,211,1
795,210,1
794,209,1
794,208,1
793,207,1
793,206,1
793,205,1
792,204,1
792,203,1
791,202,1
791,201,1
790,201,1
790,200,1
789,200,1
789,199,1
789,198,1
788,198,1
788,197,1
787,197,1
786,196,1
785,195,1
784,194,1
783,193,1
782,193,1
782,192,1
781,192,1
780,192,1
780,191,1
779,191,1
778,191,1
777,190,1
776,190,1
775,190,1
774,189,1
773,189,1
772,189,1
771,189,1
770,189,1
769,189,1
768,189,1
767,189,1
766,189,1
765,190,1
764,190,1
763,190,1
762,190,1
761,191,1
760,191,1
759,191,1
759,192,1
758,192,1
757,193,1
756,193,1
755,194,1
754,194,1
754,195,1
753,195,1
753,196,1
752,196,1
751,196,1
751,197,1
750,198,1
749,199,1
748,200,1
747,200,1
747,201,1
746,202,1
745,203,1
745,204,1
744,204,1
744,205,1
743,206,1
743,207,1
742,208,1
742,209,1
742,210,1
741,210,1
741,211,1
741,212,1
741,213,1
740,214,1
740,215,1
740,216,1
740,217,1
740,218,1
740,219,1
740,220,1
741,221,1
741,222,1
741,223,1
741,224,1
742,224,1
742,225,1
743,226,1
743,227,1
744,228,1
745,228,1
745,229,1
746,229,1
747,230,1
748,231,1
749,231,1
750,232,1
751,232,1
752,232,1
752,233,1
753,233,1
754,233,1
754,234,1
755,234,1
756,234,1
757,234,1
758,234,1
759,235,1
760,235,1
761,235,1
762,235,1
763,236,1
764,236,1
765,236,1
766,236,1
767,236,1
768,236,1
769,236,1
770,236,1
771,236,1
772,236,1
773,236,1
774,236,1
775,236,1
776,237,1
777,237,1
778,237,1
779,237,1
780,237,1
781,237,1
782,237,1
783,237,1
784,237,1
785,237,1
786,237,1
787,237,1
787,238,1
788,238,1
789,238,1
790,238,1
791,238,1
792,238,1
793,238,1
794,238,1
795,238,1
796,238,1
797,238,1
798,238,1
799,238,1
800,238,1
801,238,1
802,238,1
803,238,1
803,238,0
