147,257,1
148,257,1
149,256,1
150,256,1
151,256,1
152,256,1
153,256,1
154,256,1
155,256,1
156,256,1
157,256,1
158,256,1
159,256,1
159,257,1
160,257,1
161,258,1
162,259,1
163,259,1
164,259,1
164,260,1
165,260,1
166,261,1
167,262,1
168,263,1
169,263,1
169,264,1
170,265,1
171,266,1
171,267,1
172,267,1
172,268,1
172,269,1
173,270,1
174,271,1
174,272,1
174,273,1
175,273,1
175,274,1
175,275,1
176,276,1
176,277,1
177,277,1
177,278,1
177,279,1
178,280,1
178,281,1
179,282,1
180,283,1
180,284,1
180,285,1
181,286,1
181,287,1
182,287,1
182,288,1
183,289,1
183,290,1
183,291,1
184,292,1
185,293,1
185,294,1
186,295,1
186,296,1
187,297,1
187,298,1
188,298,1
188,299,1
189,300,1
189,301,1
190,302,1
190,303,1
191,303,1
191,304,1
192,305,1
193,306,1
193,307,1
194,307,1
195,308,1
195,309,1
196,310,1
197,310,1
197,311,1
198,312,1
199,313,1
200,314,1
201,315,1
201,316,1
202,316,1
203,317,1
203,318,1
204,319,1
205,320,1
206,320,1
206,321,1
207,322,1
208,323,1
209,324,1
210,325,1
210,326,1
211,326,1
212,327,1
212,328,1
213,329,1
214,330,1
215,331,1
215,332,1
216,333,1
217,334,1
217,335,1
218,336,1
218,337,1
218,338,1
219,338,1
219,339,1
219,340,1
220,341,1
220,342,1
220,343,1
220,344,1
220,345,1
220,346,1
221,346,1
221,347,1
221,348,1
221,349,1
221,350,1
221,351,1
220,352,1
220,353,1
220,354,1
220,355,1
220,356,1
219,357,1
219,358,1
219,359,1
218,360,1
217,361,1
217,362,1
217,363,1
216,364,1
216,365,1
215,365,1
215,366,1
214,367,1
213,368,1
213,369,1
212,369,1
211,370,1
211,371,1
210,371,1
209,372,1
209,373,1
208,374,1
207,374,1
206,375,1
205,376,1
204,377,1
203,378,1
202,379,1
201,379,1
201,380,1
200,381,1
199,381,1
198,382,1
197,382,1
196,383,1
195,384,1
194,384,1
194,385,1
193,385,1
192,386,1
191,387,1
190,387,1
189,388,1
188,388,1
187,389,1
186,389,1
185,390,1
184,391,1
183,391,1
182,392,1
181,392,1
181,393,1
180,393,1
179,394,1
178,394,1
177,395,1
176,395,1
175,396,1
174,396,1
173,397,1
172,397,1
171,398,1
170,398,1
169,399,1
168,399,1
167,400,1
166,401,1
165,401,1
164,402,1
163,402,1
162,403,1
161,403,1
160,404,1
159,404,1
158,405,1
157,405,1
156,406,1
155,406,1
154,406,1
153,407,1
152,407,1
151,407,1
150,408,1
149,408,1
148,408,1
191,353,0
219,303,1
220,303,1
221,302,1
222,302,1
223,301,1
224,301,1
225,301,1
226,300,1
227,300,1
228,299,1
229,299,1
230,298,1
231,298,1
232,297,1
233,296,1
234,296,1
234,295,1
235,295,1
236,294,1
237,293,1
238,293,1
239,292,1
240,291,1
241,290,1
242,289,1
243,289,1
244,288,1
245,287,1
245,286,1
246,286,1
247,285,1
248,284,1
248,283,1
249,282,1
250,282,1
250,281,1
251,280,1
252,279,1
252,278,1
253,277,1
254,277,1
254,276,1
255,275,1
256,274,1
257,273,1
257,272,1
258,271,1
259,271,1
259,270,1
260,270,1
260,269,1
261,269,1
262,268,1
263,268,1
263,267,1
264,267,1
265,267,1
266,267,1
267,267,1
268,267,1
269,267,1
269,268,1
270,268,1
270,269,1
271,269,1
271,270,1
272,270,1
272,271,1
272,272,1
273,272,1
273,273,1
273,274,1
274,275,1
274,276,1
275,277,1
275,278,1
275,279,1
275,280,1
276,281,1
276,282,1
277,283,1
277,284,1
277,285,1
278,286,1
278,287,1
278,288,1
279,288,1
279,289,1
279,290,1
280,291,1
280,292,1
280,293,1
281,294,1
281,295,1
282,296,1
282,297,1
283,298,1
283,299,1
284,300,1
284,301,1
285,302,1
285,303,1
285,304,1
286,305,1
286,306,1
287,307,1
287,308,1
288,309,1
289,310,1
289,311,1
290,312,1
290,313,1
291,314,1
291,315,1
292,316,1
292,317,1
293,317,1
293,318,1
294,319,1
294,320,1
295,321,1
295,322,1
296,323,1
296,324,1
297,325,1
297,326,1
298,327,1
299,328,1
299,329,1
300,330,1
301,331,1
301,332,1
302,333,1
303,334,1
303,335,1
304,336,1
304,337,1
305,338,1
305,339,1
306,339,1
307,340,1
307,341,1
308,342,1
308,343,1
309,344,1
309,345,1
310,346,1
311,347,1
311,348,1
312,349,1
313,349,1
313,350,1
314,351,1
314,352,1
315,353,1
315,354,1
316,355,1
317,355,1
317,356,1
318,357,1
318,358,1
319,359,1
320,360,1
321,361,1
321,362,1
322,363,1
322,364,1
323,365,1
324,366,1
324,367,1
325,367,1
325,368,1
326,369,1
327,370,1
327,371,1
328,372,1
329,373,1
354,301,0
389,229,1
389,230,1
388,231,1
387,232,1
386,233,1
386,234,1
385,234,1
385,235,1
384,236,1
383,237,1
383,238,1
382,239,1
382,240,1
381,241,1
381,242,1
381,243,1
380,243,1
380,244,1
379,245,1
379,246,1
378,247,1
378,248,1
377,249,1
377,250,1
377,251,1
376,252,1
376,253,1
376,254,1
375,255,1
375,256,1
375,257,1
374,258,1
374,259,1
374,260,1
374,261,1
374,262,1
373,263,1
373,264,1
373,265,1
373,266,1
373,267,1
373,268,1
373,269,1
373,270,1
373,271,1
373,272,1
373,273,1
373,274,1
373,275,1
373,276,1
374,276,1
374,277,1
374,278,1
374,279,1
375,280,1
375,281,1
375,282,1
376,283,1
377,284,1
377,285,1
378,286,1
378,287,1
379,287,1
379,288,1
380,289,1
381,290,1
382,290,1
382,291,1
383,291,1
384,292,1
385,292,1
386,293,1
387,293,1
388,293,1
389,293,1
390,294,1
391,294,1
392,294,1
393,294,1
394,294,1
395,294,1
396,293,1
397,293,1
398,293,1
399,292,1
400,292,1
401,291,1
402,291,1
402,290,1
403,290,1
404,289,1
405,289,1
406,288,1
406,287,1
407,287,1
408,286,1
409,286,1
409,285,1
410,284,1
411,283,1
412,282,1
413,281,1
413,280,1
414,279,1
415,278,1
416,277,1
416,276,1
417,275,1
417,274,1
418,273,1
418,272,1
419,271,1
419,270,1
420,269,1
421,268,1
421,267,1
421,266,1
422,265,1
422,264,1
423,263,1
423,262,1
423,261,1
424,260,1
424,259,1
424,258,1
425,257,1
425,256,1
426,255,1
426,254,1
426,253,1
426,252,1
427,251,1
427,250,1
427,249,1
428,248,1
428,247,1
428,246,1
429,245,1
429,244,1
429,243,1
430,243,1
430,242,1
430,241,1
431,241,1
431,240,1
432,240,1
432,239,1
433,239,1
434,239,1
435,239,1
436,240,1
437,240,1
437,241,1
438,242,1
438,243,1
439,244,1
440,245,1
440,246,1
440,247,1
441,248,1
441,249,1
442,250,1
442,251,1
442,252,1
443,253,1
443,254,1
443,255,1
444,256,1
444,257,1
445,258,1
445,259,1
445,260,1
446,261,1
446,262,1
446,263,1
447,264,1
447,265,1
447,266,1
447,267,1
448,268,1
448,269,1
448,270,1
449,271,1
449,272,1
449,273,1
450,274,1
450,275,1
451,276,1
451,277,1
451,278,1
452,279,1
452,280,1
452,281,1
453,282,1
453,283,1
453,284,1
453,285,1
454,286,1
454,287,1
454,288,1
455,288,1
455,289,1
455,290,1
456,291,1
456,292,1
456,293,1
457,294,1
457,295,1
457,296,1
458,297,1
458,298,1
458,299,1
459,299,1
459,300,1
459,301,1
460,302,1
460,303,1
460,304,1
461,305,1
461,306,1
461,307,1
462,308,1
462,309,1
462,310,1
463,311,1
464,312,1
464,313,1
464,314,1
465,315,1
465,316,1
466,317,1
466,318,1
466,319,1
467,320,1
467,321,1
467,322,1
447,292,0
422,268,1
423,268,1
424,268,1
425,268,1
426,268,1
427,268,1
428,268,1
429,269,1
430,269,1
431,269,1
432,269,1
433,269,1
434,269,1
435,269,1
436,270,1
437,270,1
438,270,1
439,270,1
440,270,1
441,270,1
442,270,1
443,271,1
444,271,1
445,271,1
469,306,0
499,335,1
499,336,1
500,337,1
500,338,1
500,339,1
500,340,1
500,341,1
500,342,1
500,343,1
500,344,1
500,345,1
500,346,1
500,347,1
500,348,1
499,349,1
499,350,1
499,351,1
499,352,1
499,353,1
499,354,1
498,355,1
498,356,1
498,357,1
497,358,1
497,359,1
497,360,1
497,361,1
496,362,1
496,363,1
495,363,1
495,364,1
495,365,1
494,366,1
494,367,1
493,368,1
493,369,1
492,370,1
492,371,1
491,372,1
490,372,1
490,373,1
489,374,1
489,375,1
488,376,1
487,377,1
487,378,1
486,379,1
485,379,1
485,380,1
484,381,1
483,382,1
483,383,1
482,384,1
481,385,1
480,386,1
479,387,1
478,388,1
477,389,1
476,390,1
476,391,1
475,391,1
474,392,1
473,393,1
472,394,1
471,394,1
470,395,1
470,396,1
469,397,1
468,397,1
467,398,1
466,399,1
465,399,1
464,400,1
464,401,1
463,401,1
462,402,1
461,403,1
460,403,1
459,404,1
458,405,1
457,405,1
457,406,1
456,406,1
455,407,1
454,408,1
453,408,1
452,409,1
451,409,1
450,410,1
449,410,1
448,411,1
447,412,1
446,413,1
445,413,1
444,414,1
443,414,1
442,415,1
441,415,1
440,416,1
439,416,1
438,417,1
437,417,1
436,418,1
435,418,1
434,419,1
433,419,1
433,420,1
432,421,1
431,421,1
430,422,1
429,422,1
428,422,1
427,423,1
426,423,1
425,424,1
424,424,1
423,425,1
422,425,1
421,426,1
420,426,1
419,427,1
418,427,1
417,428,1
416,428,1
415,428,1
414,428,1
413,429,1
412,428,1
430,403,0
441,375,1
442,376,1
443,376,1
443,377,1
444,377,1
445,378,1
446,378,1
447,379,1
448,380,1
482,310,0
518,238,1
518,239,1
519,240,1
519,241,1
520,242,1
520,243,1
520,244,1
521,244,1
521,245,1
522,246,1
522,247,1
523,248,1
523,249,1
524,250,1
525,251,1
526,252,1
527,253,1
527,254,1
528,255,1
529,255,1
530,256,1
530,257,1
531,258,1
532,258,1
532,259,1
533,260,1
534,261,1
535,261,1
535,262,1
536,263,1
537,263,1
538,264,1
539,264,1
540,265,1
541,266,1
542,266,1
543,267,1
544,267,1
545,268,1
546,268,1
547,269,1
548,269,1
549,269,1
550,270,1
551,270,1
552,270,1
553,271,1
554,271,1
555,271,1
556,271,1
557,271,1
558,271,1
559,271,1
560,270,1
561,270,1
562,270,1
563,269,1
564,269,1
565,268,1
566,267,1
567,266,1
568,265,1
568,264,1
569,264,1
569,263,1
570,262,1
570,261,1
571,260,1
571,259,1
571,258,1
572,257,1
572,256,1
572,255,1
572,254,1
572,253,1
573,252,1
573,251,1
573,250,1
573,249,1
573,248,1
573,247,1
573,246,1
574,245,1
574,244,1
574,243,1
574,242,1
574,241,1
575,240,1
575,239,1
575,238,1
576,237,1
576,236,1
576,235,1
577,234,1
578,233,1
578,232,1
578,231,1
579,231,1
579,230,1
580,229,1
581,228,1
582,227,1
582,226,1
583,226,1
584,225,1
585,224,1
586,224,1
586,223,1
587,223,1
588,222,1
589,222,1
590,221,1
591,220,1
592,220,1
593,220,1
594,219,1
595,219,1
596,219,1
597,218,1
598,218,1
599,217,1
600,217,1
601,217,1
602,216,1
603,216,1
604,216,1
605,216,1
606,215,1
607,215,1
608,215,1
609,215,1
610,214,1
611,214,1
612,214,1
613,214,1
614,214,1
615,214,1
616,213,1
617,213,1
618,213,1
619,213,1
620,213,1
621,213,1
622,213,1
623,213,1
624,214,1
625,214,1
626,214,1
627,214,1
628,214,1
629,215,1
630,215,1
631,215,1
631,216,1
632,216,1
633,217,1
634,218,1
635,218,1
635,219,1
636,219,1
636,220,1
637,220,1
637,221,1
638,222,1
639,223,1
639,224,1
640,225,1
640,226,1
640,227,1
641,228,1
641,229,1
642,230,1
642,231,1
642,232,1
642,233,1
643,234,1
643,235,1
643,236,1
643,237,1
643,238,1
644,239,1
644,240,1
644,241,1
644,242,1
644,243,1
644,244,1
644,245,1
644,246,1
644,247,1
645,248,1
645,249,1
645,250,1
645,251,1
645,252,1
645,253,1
645,254,1
645,255,1
645,256,1
646,256,1
646,257,1
646,258,1
646,259,1
646,260,1
646,261,1
646,262,1
646,263,1
647,264,1
647,265,1
647,266,1
647,267,1
647,268,1
647,269,1
648,270,1
648,271,1
648,272,1
648,273,1
648,274,1
648,275,1
649,276,1
649,277,1
649,278,1
649,279,1
650,280,1
650,281,1
650,282,1
650,283,1
650,284,1
651,285,1
651,286,1
651,287,1
651,288,1
652,289,1
652,290,1
652,291,1
652,292,1
653,293,1
653,294,1
653,295,1
653,296,1
653,297,1
654,298,1
654,299,1
654,300,1
655,301,1
655,302,1
655,303,1
656,304,1
656,305,1
656,306,1
656,307,1
657,308,1
657,309,1
657,310,1
657,311,1
658,312,1
658,313,1
658,314,1
659,315,1
659,316,1
660,316,1
701,261,0
747,205,1
747,206,1
747,207,1
747,208,1
747,209,1
747,210,1
746,211,1
746,212,1
745,213,1
745,214,1
744,215,1
744,216,1
743,217,1
743,218,1
742,219,1
742,220,1
741,221,1
741,222,1
741,223,1
740,223,1
740,224,1
739,225,1
739,226,1
739,227,1
738,228,1
738,229,1
737,230,1
737,231,1
737,232,1
736,233,1
736,234,1
736,235,1
735,236,1
735,237,1
735,238,1
735,239,1
734,240,1
734,241,1
734,242,1
734,243,1
734,244,1
734,245,1
734,246,1
734,247,1
734,248,1
734,249,1
735,250,1
735,251,1
735,252,1
735,253,1
735,254,1
736,254,1
736,255,1
736,256,1
737,257,1
737,258,1
737,259,1
738,260,1
738,261,1
739,262,1
739,263,1
740,264,1
741,265,1
741,266,1
742,267,1
743,267,1
743,268,1
744,269,1
745,270,1
746,271,1
747,272,1
748,273,1
749,274,1
750,275,1
751,276,1
752,277,1
753,277,1
754,278,1
754,279,1
755,279,1
756,280,1
757,281,1
758,282,1
759,283,1
760,283,1
761,284,1
762,285,1
763,285,1
764,286,1
764,287,1
765,287,1
766,288,1
767,289,1
768,289,1
769,290,1
770,291,1
771,292,1
772,293,1
773,293,1
774,294,1
775,294,1
776,295,1
777,296,1
778,297,1
779,298,1
780,298,1
781,299,1
782,299,1
783,300,1
784,301,1
785,301,1
785,302,1
786,302,1
787,303,1
788,304,1
789,304,1
790,305,1
791,305,1
792,306,1
793,306,1
793,307,1
794,307,1
795,308,1
796,308,1
797,309,1
798,309,1
799,310,1
800,310,1
800,311,1
801,311,1
802,312,1
803,312,1
804,313,1
805,313,1
806,314,1
807,315,1
808,315,1
809,316,1
810,316,1
811,317,1
812,317,1
813,318,1
814,318,1
815,319,1
816,319,1
817,320,1
818,320,1
819,320,1
820,321,1
821,321,1
822,321,1
822,322,1
823,322,1
824,323,1
825,323,1
826,323,1
827,324,1
828,324,1
829,324,1
830,325,1
831,325,1
832,325,1
833,326,1
834,326,1
835,326,1
835,327,1
836,327,1
837,327,1
838,328,1
839,328,1
840,328,1
841,329,1
842,329,1
843,329,1
844,330,1
845,330,1
846,330,1
847,331,1
848,331,1
849,331,1
850,331,1
851,332,1
852,332,1
853,332,1
854,332,1
855,333,1
856,333,1
857,333,1
858,334,1
859,334,1
860,334,1
861,334,1
862,335,1
863,335,1
864,335,1
865,335,1
866,335,1
867,335,1
868,335,1
869,335,1
870,336,1
871,335,1
872,335,1
873,335,1
561,285,0
249,236,1
250,236,1
251,236,1
252,235,1
253,235,1
254,235,1
255,235,1
256,234,1
257,234,1
258,234,1
259,234,1
260,234,1
261,233,1
262,233,1
263,233,1
264,233,1
265,232,1
266,232,1
267,232,1
268,232,1
269,232,1
270,231,1
271,231,1
272,231,1
273,231,1
274,230,1
275,230,1
276,230,1
277,230,1
278,230,1
278,229,1
279,229,1
280,229,1
281,229,1
282,228,1
283,228,1
284,228,1
285,228,1
286,227,1
287,227,1
288,227,1
289,227,1
290,226,1
291,226,1
292,226,1
293,226,1
294,225,1
295,225,1
296,225,1
297,225,1
298,224,1
299,224,1
300,224,1
301,223,1
302,223,1
303,223,1
304,223,1
305,222,1
306,222,1
307,222,1
308,222,1
309,221,1
310,221,1
311,221,1
312,221,1
313,220,1
314,220,1
315,220,1
316,220,1
317,219,1
318,219,1
319,219,1
320,219,1
321,218,1
322,218,1
323,218,1
324,217,1
325,217,1
326,217,1
327,217,1
328,216,1
329,216,1
330,216,1
331,216,1
332,216,1
333,215,1
334,215,1
335,215,1
336,215,1
337,214,1
338,214,1
339,214,1
340,214,1
341,214,1
342,213,1
343,213,1
344,213,1
345,213,1
346,212,1
347,212,1
348,212,1
349,212,1
350,212,1
351,211,1
352,211,1
353,211,1
354,211,1
355,211,1
356,210,1
357,210,1
358,210,1
359,210,1
360,210,1
361,210,1
362,209,1
363,209,1
364,209,1
365,209,1
366,209,1
367,208,1
368,208,1
369,208,1
370,208,1
371,208,1
372,207,1
373,207,1
374,207,1
375,207,1
376,207,1
377,206,1
378,206,1
379,206,1
380,206,1
381,206,1
382,205,1
383,205,1
384,205,1
385,205,1
386,205,1
387,204,1
388,204,1
389,204,1
390,204,1
391,203,1
392,203,1
393,203,1
394,203,1
395,203,1
396,202,1
397,202,1
398,202,1
399,202,1
400,202,1
401,202,1
402,201,1
403,201,1
404,201,1
405,201,1
406,201,1
407,200,1
408,200,1
409,200,1
410,200,1
411,200,1
412,199,1
413,199,1
414,199,1
415,199,1
416,199,1
417,198,1
418,198,1
419,198,1
420,198,1
421,198,1
422,198,1
422,197,1
423,197,1
424,197,1
425,197,1
426,197,1
427,196,1
428,196,1
429,196,1
430,196,1
431,196,1
432,196,1
433,195,1
434,195,1
435,195,1
436,195,1
437,195,1
438,194,1
439,194,1
440,194,1
441,194,1
442,194,1
443,194,1
444,193,1
445,193,1
446,193,1
447,193,1
448,193,1
449,192,1
450,192,1
451,192,1
452,192,1
453,192,1
454,192,1
455,191,1
456,191,1
457,191,1
458,191,1
459,191,1
460,191,1
461,190,1
462,190,1
463,190,1
464,190,1
465,190,1
466,190,1
467,190,1
468,189,1
469,189,1
470,189,1
471,189,1
472,189,1
473,189,1
474,189,1
475,189,1
476,188,1
477,188,1
478,188,1
479,188,1
480,188,1
481,188,1
482,187,1
483,187,1
484,187,1
485,187,1
486,187,1
487,187,1
488,187,1
489,186,1
490,186,1
491,186,1
492,186,1
493,186,1
494,186,1
495,186,1
496,185,1
497,185,1
498,185,1
499,185,1
500,185,1
501,184,1
502,184,1
503,184,1
504,184,1
505,184,1
506,184,1
507,184,1
508,183,1
509,183,1
510,183,1
511,183,1
512,183,1
513,183,1
514,183,1
515,182,1
516,182,1
517,182,1
518,182,1
519,182,1
520,182,1
521,182,1
522,181,1
523,181,1
524,181,1
525,181,1
526,181,1
527,181,1
528,180,1
529,180,1
530,180,1
531,180,1
532,180,1
533,180,1
534,180,1
535,179,1
536,179,1
537,179,1
538,179,1
539,179,1
540,179,1
541,179,1
542,178,1
543,178,1
544,178,1
545,178,1
546,178,1
547,178,1
548,178,1
549,177,1
550,177,1
551,177,1
552,177,1
553,177,1
554,177,1
555,177,1
556,176,1
557,176,1
558,176,1
559,176,1
560,176,1
561,176,1
562,176,1
563,175,1
564,175,1
565,175,1
566,175,1
567,175,1
568,175,1
569,174,1
570,174,1
571,174,1
572,174,1
573,174,1
574,174,1
575,174,1
576,173,1
577,173,1
578,173,1
579,173,1
580,173,1
581,173,1
582,173,1
583,172,1
584,172,1
585,172,1
586,172,1
587,172,1
588,172,1
589,172,1
589,171,1
590,171,1
591,171,1
592,171,1
593,171,1
594,171,1
595,171,1
596,170,1
597,170,1
598,170,1
599,170,1
600,170,1
601,170,1
602,170,1
603,169,1
604,169,1
605,169,1
606,169,1
607,169,1
608,169,1
609,169,1
610,168,1
611,168,1
612,168,1
613,168,1
614,168,1
615,168,1
616,168,1
617,168,1
618,167,1
619,167,1
620,167,1
621,167,1
622,167,1
623,167,1
624,167,1
625,167,1
626,167,1
627,166,1
628,166,1
629,166,1
630,166,1
631,166,1
632,166,1
633,166,1
634,165,1
635,165,1
636,165,1
637,165,1
638,165,1
639,165,1
640,165,1
641,165,1
642,164,1
643,164,1
644,164,1
645,164,1
646,164,1
647,164,1
648,164,1
649,163,1
650,163,1
651,163,1
652,163,1
653,163,1
654,163,1
655,163,1
656,162,1
657,162,1
658,162,1
659,162,1
660,162,1
661,162,1
662,161,1
663,161,1
664,161,1
665,161,1
666,161,1
667,161,1
668,161,1
669,160,1
670,160,1
671,160,1
672,160,1
673,160,1
674,160,1
675,160,1
676,159,1
677,159,1
678,159,1
679,159,1
680,159,1
681,159,1
682,158,1
683,158,1
684,158,1
685,158,1
686,158,1
687,158,1
688,157,1
689,157,1
690,157,1
691,157,1
692,157,1
693,157,1
694,157,1
695,156,1
696,156,1
697,156,1
698,156,1
699,156,1
700,156,1
701,155,1
702,155,1
703,155,1
704,155,1
705,155,1
706,155,1
707,154,1
708,154,1
709,154,1
710,154,1
711,154,1
712,154,1
713,154,1
714,153,1
715,153,1
716,153,1
717,153,1
718,153,1
719,153,1
720,152,1
721,152,1
722,152,1
723,152,1
724,152,1
725,151,1
726,151,1
727,151,1
728,151,1
729,151,1
730,150,1
731,150,1
732,150,1
733,150,1
734,150,1
735,150,1
736,149,1
737,149,1
738,149,1
739,149,1
740,149,1
741,148,1
742,148,1
743,148,1
744,148,1
745,147,1
746,147,1
747,147,1
748,147,1
749,147,1
750,147,1
751,146,1
752,146,1
753,146,1
754,146,1
755,146,1
756,146,1
757,145,1
758,145,1
759,145,1
760,145,1
761,145,1
762,145,1
763,144,1
764,144,1
765,144,1
766,144,1
767,144,1
767,143,1
768,143,1
769,143,1
770,143,1
771,143,1
772,143,1
773,142,1
774,142,1
775,142,1
776,142,1
777,142,1
778,141,1
779,141,1
780,141,1
781,141,1
782,140,1
783,140,1
784,140,1
785,140,1
786,139,1
787,139,1
788,139,1
789,139,1
789,138,1
790,138,1
791,138,1
792,138,1
793,137,1
794,137,1
795,137,1
796,137,1
797,136,1
798,136,1
799,136,1
800,136,1
801,135,1
802,135,1
803,135,1
804,134,1
805,134,1
806,134,1
807,134,1
808,133,1
809,133,1
810,133,1
811,132,1
812,132,1
813,132,1
814,131,1
815,131,1
816,131,1
817,130,1
818,130,1
819,130,1
820,130,1
821,129,1
822,129,1
823,129,1
824,128,1
825,128,1
826,128,1
827,127,1
828,127,1
829,127,1
830,126,1
831,126,1
832,126,1
833,126,1
833,125,1
834,125,1
835,125,1
836,124,1
837,124,1
838,124,1
839,124,1
840,123,1
841,123,1
842,123,1
843,122,1
844,122,1
845,122,1
846,122,1
847,122,1
848,123,1
848,123,0
