320,648,1
321,648,1
322,647,1
323,647,1
324,646,1
325,646,1
326,645,1
327,645,1
328,644,1
329,644,1
330,643,1
331,643,1
332,643,1
333,642,1
334,642,1
335,641,1
336,641,1
337,640,1
338,640,1
339,640,1
340,639,1
341,639,1
342,639,1
343,638,1
344,638,1
345,638,1
346,637,1
347,637,1
348,637,1
349,636,1
350,636,1
351,636,1
352,636,1
353,635,1
354,635,1
355,635,1
356,635,1
357,635,1
358,635,1
359,634,1
360,634,1
361,634,1
362,634,1
363,634,1
364,634,1
365,634,1
366,634,1
367,634,1
368,634,1
369,634,1
370,634,1
371,634,1
372,633,1
373,633,1
374,633,1
375,633,1
376,633,1
377,633,1
378,633,1
379,633,1
380,633,1
381,633,1
382,633,1
383,633,1
384,633,1
385,633,1
386,633,1
387,633,1
388,633,1
389,633,1
390,633,1
391,633,1
392,633,1
393,633,1
394,633,1
395,634,1
396,634,1
397,634,1
398,634,1
399,634,1
400,634,1
401,634,1
402,635,1
403,635,1
404,635,1
405,636,1
406,636,1
407,636,1
408,636,1
409,636,1
410,637,1
411,637,1
412,638,1
413,638,1
414,638,1
415,639,1
416,639,1
417,640,1
418,640,1
419,640,1
420,641,1
421,641,1
421,642,1
422,642,1
423,642,1
424,643,1
425,643,1
426,644,1
427,645,1
428,645,1
429,646,1
430,646,1
431,647,1
432,647,1
432,648,1
433,648,1
434,649,1
435,649,1
436,650,1
437,650,1
437,651,1
438,652,1
439,652,1
440,653,1
441,653,1
441,654,1
442,655,1
443,655,1
444,656,1
445,657,1
446,657,1
446,658,1
447,658,1
448,659,1
449,660,1
450,660,1
450,661,1
451,662,1
452,662,1
453,663,1
454,664,1
455,665,1
456,666,1
457,666,1
458,667,1
459,668,1
460,669,1
461,670,1
462,670,1
463,671,1
463,672,1
464,673,1
465,673,1
466,674,1
467,675,1
468,676,1
469,677,1
470,677,1
471,678,1
471,679,1
472,679,1
473,680,1
474,681,1
475,681,1
476,682,1
476,683,1
477,683,1
478,684,1
479,685,1
480,685,1
480,686,1
481,687,1
482,687,1
483,688,1
484,689,1
485,689,1
485,690,1
486,690,1
487,691,1
488,692,1
489,692,1
490,693,1
491,694,1
492,695,1
493,695,1
494,696,1
495,697,1
496,697,1
496,698,1
497,698,1
498,699,1
499,700,1
500,700,1
501,701,1
502,701,1
503,702,1
504,703,1
505,704,1
506,704,1
507,705,1
508,705,1
509,706,1
510,706,1
511,707,1
512,708,1
513,708,1
514,709,1
515,709,1
516,710,1
517,710,1
518,711,1
519,712,1
520,712,1
521,713,1
522,713,1
523,714,1
524,714,1
524,715,1
525,715,1
526,716,1
527,716,1
528,716,1
529,717,1
530,717,1
531,718,1
532,718,1
532,719,1
533,719,1
534,720,1
535,720,1
536,721,1
537,721,1
537,722,1
538,722,1
539,723,1
540,723,1
541,724,1
542,724,1
542,725,1
543,725,1
544,726,1
545,726,1
546,727,1
547,727,1
547,728,1
548,728,1
549,729,1
550,729,1
550,730,1
551,730,1
552,731,1
553,731,1
553,732,1
554,732,1
555,733,1
556,734,1
557,735,1
558,736,1
559,736,1
559,737,1
560,738,1
561,739,1
562,739,1
562,740,1
563,741,1
564,742,1
564,743,1
565,743,1
565,744,1
565,745,1
566,745,1
566,746,1
567,747,1
567,748,1
568,749,1
568,750,1
569,751,1
569,752,1
569,753,1
570,754,1
570,755,1
570,756,1
570,757,1
571,758,1
571,759,1
571,760,1
571,761,1
571,762,1
571,763,1
571,764,1
571,765,1
571,766,1
571,767,1
571,768,1
571,769,1
570,770,1
570,771,1
570,772,1
570,773,1
569,773,1
569,774,1
569,775,1
569,776,1
568,777,1
568,778,1
567,779,1
567,780,1
566,781,1
566,782,1
565,783,1
565,784,1
564,784,1
564,785,1
563,786,1
563,787,1
562,787,1
562,788,1
561,789,1
561,790,1
560,790,1
560,791,1
559,792,1
558,793,1
557,794,1
557,795,1
556,796,1
555,796,1
555,797,1
554,798,1
553,799,1
552,799,1
552,800,1
551,801,1
550,802,1
549,802,1
549,803,1
548,804,1
547,804,1
546,805,1
546,806,1
545,806,1
544,807,1
543,808,1
542,808,1
542,809,1
541,810,1
540,810,1
539,811,1
538,812,1
537,812,1
537,813,1
536,814,1
535,814,1
534,815,1
533,816,1
532,816,1
531,817,1
530,818,1
529,819,1
528,819,1
527,820,1
526,820,1
525,821,1
524,822,1
523,822,1
522,823,1
522,824,1
521,824,1
520,825,1
519,825,1
518,826,1
517,827,1
516,827,1
515,828,1
514,828,1
513,829,1
512,830,1
511,830,1
510,831,1
509,832,1
508,832,1
508,833,1
507,833,1
506,834,1
505,835,1
504,835,1
503,836,1
502,836,1
501,837,1
500,838,1
499,838,1
498,839,1
497,839,1
496,840,1
495,840,1
494,841,1
493,842,1
492,843,1
491,843,1
490,844,1
489,844,1
488,845,1
487,846,1
486,846,1
485,847,1
484,847,1
483,848,1
482,849,1
481,849,1
480,850,1
479,850,1
478,851,1
477,852,1
476,852,1
475,853,1
474,854,1
473,854,1
472,855,1
471,856,1
470,856,1
469,857,1
468,858,1
467,859,1
466,860,1
465,861,1
464,861,1
463,862,1
462,862,1
528,787,0
546,736,1
547,736,1
548,735,1
549,735,1
550,735,1
551,734,1
552,734,1
553,734,1
554,733,1
555,733,1
556,733,1
557,732,1
558,732,1
559,732,1
560,731,1
561,731,1
562,731,1
563,730,1
564,730,1
565,730,1
566,729,1
567,729,1
568,729,1
569,728,1
570,728,1
571,728,1
572,727,1
573,727,1
574,727,1
575,726,1
576,726,1
577,725,1
578,725,1
579,725,1
580,724,1
581,724,1
582,723,1
583,723,1
584,723,1
585,722,1
586,722,1
587,721,1
588,721,1
589,720,1
590,720,1
591,719,1
592,719,1
593,718,1
594,718,1
595,717,1
596,717,1
597,716,1
598,716,1
599,715,1
600,715,1
601,714,1
602,714,1
603,713,1
604,713,1
605,712,1
606,712,1
607,711,1
608,711,1
609,710,1
610,710,1
611,709,1
612,709,1
613,708,1
614,708,1
615,707,1
616,706,1
617,705,1
618,705,1
619,704,1
620,704,1
621,703,1
622,703,1
623,702,1
624,701,1
625,700,1
626,699,1
627,699,1
628,698,1
629,698,1
630,697,1
630,696,1
631,696,1
632,695,1
633,694,1
634,693,1
635,692,1
636,691,1
637,691,1
638,690,1
638,689,1
639,688,1
640,688,1
641,687,1
641,686,1
642,685,1
643,685,1
643,684,1
644,683,1
645,682,1
646,681,1
647,680,1
647,679,1
648,679,1
648,678,1
649,677,1
650,676,1
651,675,1
651,674,1
652,674,1
652,673,1
653,672,1
654,671,1
654,670,1
655,670,1
655,669,1
656,669,1
656,668,1
657,667,1
658,666,1
659,665,1
660,664,1
661,663,1
662,662,1
663,662,1
664,662,1
664,661,1
664,662,1
665,662,1
666,662,1
666,663,1
667,663,1
667,664,1
667,665,1
668,665,1
668,666,1
668,667,1
669,667,1
669,668,1
669,669,1
669,670,1
670,670,1
670,671,1
670,672,1
670,673,1
671,673,1
671,674,1
671,675,1
671,676,1
672,677,1
672,678,1
672,679,1
672,680,1
673,680,1
673,681,1
673,682,1
673,683,1
673,684,1
674,685,1
674,686,1
674,687,1
675,688,1
675,689,1
675,690,1
675,691,1
676,692,1
676,693,1
676,694,1
677,695,1
677,696,1
678,697,1
678,698,1
678,699,1
679,700,1
679,701,1
679,702,1
680,703,1
680,704,1
681,705,1
681,706,1
681,707,1
682,708,1
682,709,1
683,710,1
683,711,1
683,712,1
684,713,1
684,714,1
685,715,1
685,716,1
686,717,1
686,718,1
687,719,1
687,720,1
688,721,1
688,722,1
688,723,1
689,724,1
689,725,1
690,726,1
690,727,1
691,728,1
691,729,1
692,729,1
692,730,1
693,731,1
693,732,1
694,733,1
694,734,1
695,735,1
695,736,1
696,737,1
696,738,1
697,739,1
698,740,1
698,741,1
699,742,1
699,743,1
700,744,1
700,745,1
701,746,1
702,747,1
702,748,1
703,749,1
703,750,1
704,751,1
704,752,1
705,753,1
705,754,1
706,755,1
706,756,1
707,757,1
708,758,1
708,759,1
709,760,1
709,761,1
710,762,1
710,763,1
711,763,1
712,764,1
712,765,1
713,766,1
713,767,1
714,768,1
714,769,1
715,770,1
716,770,1
716,771,1
717,772,1
718,773,1
718,774,1
719,774,1
720,775,1
720,776,1
721,777,1
722,777,1
722,778,1
723,779,1
724,779,1
725,780,1
726,781,1
727,782,1
728,782,1
729,782,1
730,782,1
815,677,0
940,578,1
939,578,1
938,579,1
937,579,1
936,580,1
935,580,1
934,581,1
933,581,1
932,582,1
931,582,1
930,583,1
929,583,1
928,584,1
927,584,1
926,584,1
925,585,1
924,585,1
923,586,1
922,586,1
921,587,1
920,588,1
919,588,1
919,589,1
918,589,1
917,590,1
916,591,1
915,591,1
914,592,1
913,593,1
912,593,1
912,594,1
911,595,1
910,596,1
910,597,1
909,597,1
909,598,1
908,599,1
908,600,1
907,600,1
907,601,1
906,602,1
906,603,1
905,604,1
905,605,1
905,606,1
905,607,1
905,608,1
905,609,1
904,609,1
904,610,1
904,611,1
903,611,1
903,612,1
903,613,1
902,614,1
902,615,1
902,616,1
901,617,1
901,618,1
901,619,1
901,620,1
901,621,1
901,622,1
901,623,1
901,624,1
901,625,1
902,626,1
902,627,1
902,628,1
903,628,1
903,629,1
904,629,1
904,630,1
905,631,1
906,632,1
907,633,1
908,633,1
908,634,1
909,634,1
910,634,1
911,635,1
912,635,1
913,635,1
914,635,1
915,636,1
916,636,1
917,636,1
918,636,1
919,636,1
920,636,1
921,636,1
922,636,1
923,636,1
924,636,1
925,636,1
926,636,1
927,636,1
928,636,1
929,635,1
930,635,1
931,635,1
932,635,1
933,635,1
934,634,1
935,634,1
936,634,1
937,634,1
938,633,1
939,633,1
940,632,1
941,632,1
942,632,1
943,631,1
944,631,1
945,631,1
946,630,1
947,630,1
948,630,1
949,629,1
950,629,1
951,628,1
952,628,1
953,628,1
953,627,1
954,627,1
955,627,1
956,626,1
957,626,1
958,625,1
959,625,1
960,625,1
961,624,1
962,624,1
963,624,1
964,623,1
965,623,1
966,623,1
967,622,1
968,622,1
969,622,1
970,621,1
971,621,1
972,621,1
973,621,1
974,621,1
974,620,1
975,620,1
976,620,1
977,620,1
978,620,1
979,620,1
980,619,1
981,619,1
982,619,1
983,619,1
984,619,1
985,619,1
986,619,1
987,619,1
988,619,1
989,619,1
990,619,1
991,620,1
992,620,1
993,620,1
994,620,1
995,621,1
996,621,1
997,621,1
998,622,1
999,622,1
999,623,1
1000,623,1
1001,623,1
1001,624,1
1002,624,1
1003,625,1
1004,625,1
1004,626,1
1005,626,1
1006,627,1
1007,628,1
1008,629,1
1009,630,1
1010,631,1
1011,632,1
1011,633,1
1012,633,1
1012,634,1
1013,634,1
1014,635,1
1015,636,1
1015,637,1
1016,637,1
1017,638,1
1017,639,1
1017,640,1
1018,641,1
1019,642,1
1019,643,1
1020,644,1
1020,645,1
1020,646,1
1021,647,1
1021,648,1
1021,649,1
1022,650,1
1022,651,1
1022,652,1
1022,653,1
1023,654,1
1023,655,1
1023,656,1
1024,657,1
1024,658,1
1024,659,1
1025,660,1
1025,661,1
1025,662,1
1026,663,1
1026,664,1
1026,665,1
1027,666,1
1027,667,1
1028,668,1
1028,669,1
1028,670,1
1029,671,1
1029,672,1
1030,673,1
1030,674,1
1031,675,1
1031,676,1
1032,677,1
1032,678,1
1011,656,0
982,640,1
983,641,1
984,641,1
985,642,1
986,643,1
987,644,1
988,644,1
988,645,1
989,646,1
990,646,1
991,647,1
992,648,1
993,648,1
993,649,1
994,650,1
995,650,1
996,651,1
997,652,1
998,653,1
999,653,1
999,654,1
1000,655,1
1001,655,1
1002,656,1
1003,657,1
1004,657,1
1005,658,1
1006,659,1
1006,660,1
1007,661,1
1008,661,1
1009,662,1
1010,663,1
1011,663,1
1011,664,1
1012,664,1
1013,665,1
1038,733,0
1098,800,1
1097,801,1
1096,802,1
1095,803,1
1094,804,1
1093,805,1
1092,806,1
1091,807,1
1090,808,1
1089,808,1
1088,809,1
1087,810,1
1086,811,1
1085,811,1
1084,812,1
1083,813,1
1082,813,1
1081,814,1
1080,814,1
1079,815,1
1078,816,1
1077,816,1
1076,817,1
1075,817,1
1074,818,1
1073,818,1
1072,818,1
1071,819,1
1070,819,1
1070,820,1
1069,820,1
1068,820,1
1067,821,1
1066,821,1
1065,822,1
1064,822,1
1063,822,1
1062,823,1
1061,823,1
1060,824,1
1059,824,1
1058,824,1
1057,825,1
1056,825,1
1055,825,1
1054,826,1
1053,826,1
1052,826,1
1051,827,1
1050,827,1
1049,828,1
1048,828,1
1047,828,1
1046,829,1
1045,829,1
1044,830,1
1043,830,1
1042,831,1
1041,831,1
1040,831,1
1039,832,1
1038,832,1
1037,832,1
1036,833,1
1035,833,1
1034,834,1
1033,834,1
1032,834,1
1032,835,1
1031,835,1
1030,835,1
1029,836,1
1028,836,1
1027,836,1
1026,836,1
1025,837,1
1024,837,1
1023,837,1
1022,838,1
1021,838,1
1020,838,1
1019,839,1
1018,839,1
1017,839,1
1016,840,1
1015,840,1
1014,840,1
1013,840,1
1012,841,1
1011,841,1
1010,841,1
1009,842,1
1008,842,1
1007,842,1
1006,842,1
1005,843,1
1004,843,1
1003,843,1
1002,843,1
1001,844,1
1000,844,1
999,844,1
998,845,1
997,845,1
996,845,1
995,845,1
994,846,1
993,846,1
992,846,1
991,846,1
990,847,1
989,847,1
988,847,1
987,848,1
986,848,1
985,848,1
984,848,1
983,849,1
982,849,1
981,849,1
980,849,1
979,850,1
978,850,1
977,850,1
976,850,1
975,851,1
974,851,1
973,851,1
972,851,1
971,852,1
970,852,1
969,852,1
968,852,1
967,852,1
966,853,1
965,853,1
964,853,1
963,853,1
962,853,1
961,854,1
960,854,1
959,854,1
958,854,1
957,855,1
956,855,1
955,855,1
954,855,1
953,855,1
952,856,1
951,856,1
950,856,1
949,856,1
948,856,1
947,857,1
946,857,1
945,857,1
944,857,1
943,858,1
942,858,1
941,858,1
940,858,1
939,858,1
938,858,1
937,859,1
936,859,1
935,859,1
934,859,1
933,859,1
932,860,1
931,860,1
930,860,1
929,860,1
928,860,1
927,860,1
926,860,1
925,861,1
924,861,1
923,861,1
922,861,1
921,861,1
920,861,1
919,861,1
918,861,1
917,861,1
916,861,1
915,860,1
914,860,1
913,860,1
912,860,1
912,860,0
1104,780,0
1168,572,1
1169,573,1
1169,574,1
1170,575,1
1171,575,1
1171,576,1
1172,577,1
1173,578,1
1174,578,1
1174,579,1
1175,580,1
1176,580,1
1176,581,1
1177,582,1
1178,582,1
1179,583,1
1180,584,1
1181,584,1
1182,585,1
1183,585,1
1183,586,1
1184,587,1
1185,587,1
1186,588,1
1187,588,1
1188,589,1
1189,589,1
1190,589,1
1191,590,1
1192,590,1
1193,590,1
1194,591,1
1195,591,1
1196,591,1
1197,592,1
1198,592,1
1199,592,1
1200,592,1
1201,592,1
1202,593,1
1203,593,1
1204,593,1
1205,593,1
1206,593,1
1207,593,1
1208,594,1
1209,594,1
1210,594,1
1211,594,1
1212,594,1
1213,594,1
1214,595,1
1215,595,1
1216,595,1
1217,595,1
1218,595,1
1219,595,1
1220,596,1
1221,596,1
1222,596,1
1223,596,1
1224,596,1
1225,596,1
1226,596,1
1227,596,1
1228,596,1
1229,596,1
1230,597,1
1231,596,1
1232,596,1
1233,596,1
1234,596,1
1235,596,1
1236,596,1
1237,596,1
1238,596,1
1239,596,1
1240,596,1
1241,595,1
1242,595,1
1243,595,1
1244,595,1
1245,595,1
1246,595,1
1246,594,1
1247,594,1
1248,594,1
1249,594,1
1250,593,1
1251,593,1
1252,593,1
1253,592,1
1254,592,1
1255,591,1
1256,591,1
1257,591,1
1258,590,1
1259,590,1
1260,589,1
1261,589,1
1262,588,1
1263,588,1
1264,587,1
1265,586,1
1266,586,1
1267,585,1
1268,585,1
1269,584,1
1270,583,1
1271,583,1
1272,582,1
1273,581,1
1274,581,1
1275,580,1
1276,580,1
1276,579,1
1277,579,1
1278,578,1
1279,578,1
1279,577,1
1280,576,1
1281,576,1
1281,575,1
1282,575,1
1283,574,1
1284,574,1
1284,573,1
1285,572,1
1286,572,1
1287,571,1
1287,570,1
1288,570,1
1289,569,1
1290,568,1
1291,567,1
1292,567,1
1292,566,1
1293,565,1
1294,565,1
1294,564,1
1295,563,1
1296,563,1
1297,562,1
1297,561,1
1298,561,1
1299,560,1
1300,559,1
1301,558,1
1302,558,1
1302,557,1
1303,556,1
1304,556,1
1304,555,1
1305,554,1
1306,554,1
1307,553,1
1308,552,1
1309,551,1
1310,550,1
1311,550,1
1312,549,1
1313,548,1
1314,548,1
1314,547,1
1315,547,1
1316,546,1
1317,546,1
1317,545,1
1318,545,1
1319,544,1
1320,544,1
1320,543,1
1321,543,1
1322,542,1
1323,542,1
1324,541,1
1325,540,1
1326,540,1
1327,539,1
1328,539,1
1329,538,1
1330,538,1
1331,537,1
1332,537,1
1333,536,1
1334,536,1
1335,536,1
1335,535,1
1336,535,1
1337,534,1
1338,534,1
1339,534,1
1339,533,1
1340,533,1
1341,533,1
1342,532,1
1343,532,1
1344,532,1
1345,532,1
1345,531,1
1346,531,1
1347,531,1
1348,530,1
1349,530,1
1350,530,1
1351,530,1
1351,529,1
1352,529,1
1353,529,1
1354,529,1
1355,529,1
1356,528,1
1357,528,1
1358,528,1
1359,528,1
1360,527,1
1361,527,1
1362,527,1
1363,527,1
1364,527,1
1365,527,1
1366,527,1
1367,526,1
1368,526,1
1369,526,1
1370,526,1
1371,526,1
1372,526,1
1373,526,1
1374,526,1
1375,526,1
1376,526,1
1377,526,1
1378,526,1
1379,526,1
1380,526,1
1381,526,1
1382,526,1
1383,526,1
1384,527,1
1385,527,1
1386,527,1
1387,527,1
1388,527,1
1389,527,1
1390,527,1
1391,528,1
1392,528,1
1393,528,1
1394,528,1
1394,529,1
1395,529,1
1396,529,1
1397,530,1
1398,530,1
1399,531,1
1400,531,1
1401,532,1
1402,532,1
1403,533,1
1404,533,1
1404,534,1
1405,534,1
1406,535,1
1407,536,1
1408,536,1
1408,537,1
1409,537,1
1409,538,1
1410,538,1
1410,539,1
1411,539,1
1411,540,1
1412,540,1
1412,541,1
1413,542,1
1414,543,1
1414,544,1
1415,545,1
1415,546,1
1416,546,1
1416,547,1
1416,548,1
1417,548,1
1417,549,1
1418,550,1
1418,551,1
1419,552,1
1419,553,1
1419,554,1
1420,555,1
1420,556,1
1420,557,1
1421,558,1
1421,559,1
1421,560,1
1422,561,1
1422,562,1
1422,563,1
1422,564,1
1423,565,1
1423,566,1
1423,567,1
1423,568,1
1424,569,1
1424,570,1
1424,571,1
1424,572,1
1424,573,1
1424,574,1
1425,574,1
1425,575,1
1425,576,1
1425,577,1
1425,578,1
1425,579,1
1425,580,1
1425,581,1
1426,582,1
1426,583,1
1426,584,1
1426,585,1
1426,586,1
1426,587,1
1426,588,1
1426,589,1
1426,590,1
1426,591,1
1426,592,1
1427,593,1
1427,594,1
1427,595,1
1427,596,1
1427,597,1
1427,598,1
1427,599,1
1427,600,1
1427,601,1
1427,602,1
1427,603,1
1427,604,1
1427,605,1
1428,606,1
1428,607,1
1428,608,1
1428,609,1
1428,610,1
1428,611,1
1428,612,1
1428,613,1
1428,614,1
1428,615,1
1428,616,1
1428,617,1
1429,618,1
1429,619,1
1429,620,1
1429,621,1
1429,622,1
1429,623,1
1429,624,1
1429,625,1
1429,626,1
1430,627,1
1430,628,1
1430,629,1
1430,630,1
1430,631,1
1430,632,1
1430,633,1
1430,634,1
1431,635,1
1431,636,1
1431,637,1
1431,638,1
1431,639,1
1431,640,1
1431,641,1
1431,642,1
1432,642,1
1432,643,1
1432,644,1
1432,645,1
1432,646,1
1432,647,1
1432,648,1
1432,649,1
1432,650,1
1433,651,1
1433,652,1
1433,653,1
1433,654,1
1433,655,1
1433,656,1
1434,656,1
1434,657,1
1434,658,1
1434,659,1
1434,660,1
1434,661,1
1435,662,1
1435,663,1
1435,664,1
1436,665,1
1436,666,1
1436,667,1
1437,668,1
1437,669,1
1438,670,1
1439,670,1
1440,671,1
1441,671,1
1442,671,1
1443,670,1
1444,670,1
1541,573,0
1650,468,1
1650,469,1
1651,470,1
1651,471,1
1652,472,1
1652,473,1
1652,474,1
1653,475,1
1653,476,1
1653,477,1
1653,478,1
1653,479,1
1653,480,1
1653,481,1
1653,482,1
1653,483,1
1652,484,1
1652,485,1
1652,486,1
1651,487,1
1651,488,1
1650,488,1
1650,489,1
1650,490,1
1649,491,1
1648,492,1
1648,493,1
1647,494,1
1647,495,1
1646,495,1
1646,496,1
1645,497,1
1644,498,1
1644,499,1
1643,499,1
1642,500,1
1642,501,1
1641,502,1
1641,503,1
1640,503,1
1639,504,1
1639,505,1
1638,506,1
1637,507,1
1636,508,1
1636,509,1
1635,510,1
1634,511,1
1633,512,1
1633,513,1
1632,514,1
1632,515,1
1631,515,1
1631,516,1
1630,517,1
1630,518,1
1629,519,1
1628,520,1
1628,521,1
1627,522,1
1627,523,1
1626,523,1
1626,524,1
1625,525,1
1625,526,1
1624,527,1
1623,528,1
1623,529,1
1622,530,1
1622,531,1
1621,531,1
1621,532,1
1620,533,1
1620,534,1
1619,535,1
1618,536,1
1618,537,1
1618,538,1
1617,538,1
1617,539,1
1616,540,1
1616,541,1
1616,542,1
1615,542,1
1615,543,1
1615,544,1
1615,545,1
1614,545,1
1614,546,1
1614,547,1
1614,548,1
1613,548,1
1613,549,1
1613,550,1
1613,551,1
1613,552,1
1612,553,1
1612,554,1
1612,555,1
1612,556,1
1612,557,1
1612,558,1
1612,559,1
1612,560,1
1612,561,1
1613,562,1
1613,563,1
1613,564,1
1613,565,1
1613,566,1
1614,566,1
1614,567,1
1614,568,1
1615,569,1
1615,570,1
1616,571,1
1616,572,1
1617,573,1
1617,574,1
1618,575,1
1619,576,1
1619,577,1
1620,577,1
1620,578,1
1621,579,1
1622,580,1
1622,581,1
1623,581,1
1623,582,1
1624,583,1
1625,583,1
1625,584,1
1626,584,1
1627,585,1
1627,586,1
1628,586,1
1628,587,1
1629,588,1
1630,588,1
1631,589,1
1631,590,1
1632,590,1
1633,591,1
1634,591,1
1634,592,1
1635,593,1
1636,593,1
1637,594,1
1638,595,1
1639,596,1
1640,596,1
1641,597,1
1642,598,1
1643,599,1
1644,599,1
1645,600,1
1646,601,1
1647,601,1
1648,602,1
1649,602,1
1649,603,1
1650,603,1
1651,604,1
1652,605,1
1653,605,1
1654,606,1
1655,606,1
1656,607,1
1656,608,1
1657,608,1
1658,609,1
1659,610,1
1660,610,1
1661,611,1
1662,611,1
1663,612,1
1664,613,1
1665,613,1
1666,614,1
1666,615,1
1667,615,1
1668,616,1
1669,617,1
1670,617,1
1671,618,1
1672,619,1
1673,619,1
1674,620,1
1675,620,1
1676,621,1
1677,622,1
1677,623,1
1678,623,1
1679,624,1
1680,625,1
1681,625,1
1682,626,1
1683,627,1
1684,627,1
1685,628,1
1686,629,1
1687,629,1
1688,630,1
1688,631,1
1689,632,1
1690,632,1
1691,633,1
1692,634,1
1693,635,1
1694,635,1
1695,636,1
1696,637,1
1697,638,1
1698,638,1
1699,639,1
1700,640,1
1700,641,1
1701,641,1
1702,642,1
1703,643,1
1704,644,1
1705,644,1
1706,645,1
1707,646,1
1708,647,1
1709,647,1
1710,648,1
1710,649,1
1711,650,1
1712,651,1
1713,651,1
1714,652,1
1715,653,1
1716,654,1
1717,654,1
1718,655,1
1719,656,1
1720,657,1
1720,658,1
1721,658,1
1722,659,1
1723,660,1
1724,661,1
1725,661,1
1726,662,1
1727,663,1
1728,664,1
1729,665,1
1730,665,1
1731,666,1
1732,667,1
1732,668,1
1733,669,1
1734,669,1
1735,670,1
1736,671,1
1737,672,1
1738,672,1
1739,673,1
1740,674,1
1741,675,1
1742,676,1
1743,676,1
1744,677,1
1745,678,1
1746,679,1
1747,679,1
1747,680,1
1748,681,1
1749,682,1
1750,682,1
1751,683,1
1752,684,1
1753,685,1
1754,685,1
1755,686,1
1756,687,1
1757,688,1
1758,688,1
1759,689,1
1760,690,1
1761,691,1
1762,691,1
1763,692,1
1764,693,1
1765,694,1
1766,695,1
1767,696,1
1768,696,1
1769,697,1
1770,698,1
1771,698,1
1772,699,1
1773,700,1
1774,700,1
1775,701,1
1776,702,1
1777,702,1
1778,703,1
1779,704,1
1780,704,1
1781,705,1
1782,706,1
1783,706,1
1784,707,1
1785,707,1
1786,708,1
1787,709,1
1788,710,1
1789,710,1
1790,711,1
1791,712,1
1792,712,1
1793,713,1
1794,713,1
1795,714,1
1796,715,1
1797,715,1
1798,716,1
1799,716,1
1800,717,1
1801,717,1
1802,718,1
1803,718,1
1804,719,1
1805,719,1
1806,720,1
1807,720,1
1808,721,1
1809,722,1
1810,722,1
1811,723,1
1812,723,1
1813,723,1
1814,724,1
1815,724,1
1816,725,1
1817,725,1
1818,726,1
1819,726,1
1820,727,1
1821,727,1
1822,728,1
1823,728,1
1824,728,1
1824,729,1
1825,729,1
1826,730,1
1827,730,1
1828,730,1
1829,731,1
1830,731,1
1831,732,1
1832,732,1
1833,732,1
1834,733,1
1835,733,1
1836,733,1
1837,734,1
1838,734,1
1839,734,1
1840,735,1
1841,735,1
1842,735,1
1843,736,1
1844,736,1
1845,736,1
1846,736,1
1847,737,1
1848,737,1
1849,737,1
1850,738,1
1851,738,1
1852,738,1
1853,738,1
1854,739,1
1855,739,1
1856,739,1
1857,739,1
1858,739,1
1859,740,1
1860,740,1
1861,740,1
1862,740,1
1863,741,1
1864,741,1
1865,741,1
1866,741,1
1867,741,1
1868,741,1
1869,742,1
1870,742,1
1871,742,1
1872,742,1
1873,742,1
1874,742,1
1875,743,1
1876,743,1
1877,743,1
1878,743,1
1879,743,1
1880,743,1
1881,743,1
1882,743,1
1883,743,1
1884,744,1
1885,744,1
1886,744,1
1887,744,1
1888,744,1
1889,744,1
1890,744,1
1891,744,1
1892,744,1
1893,744,1
1894,744,1
1895,744,1
1896,744,1
1897,744,1
1898,744,1
1899,744,1
1900,744,1
1901,744,1
1902,744,1
1903,744,1
1904,744,1
1905,744,1
1906,744,1
1907,744,1
1908,744,1
1909,744,1
1910,743,1
1911,743,1
1912,743,1
1913,743,1
1914,743,1
1915,743,1
1916,743,1
1917,742,1
1918,742,1
1919,742,1
1920,742,1
1921,742,1
1922,742,1
1923,742,1
1924,742,1
1925,741,1
1926,741,1
1927,741,1
1928,741,1
1929,741,1
1930,741,1
1931,741,1
1932,741,1
1933,740,1
1934,740,1
1935,740,1
1936,740,1
1937,740,1
1938,740,1
1939,739,1
1940,739,1
1941,739,1
1942,739,1
1943,738,1
1944,738,1
1945,738,1
1946,737,1
1947,737,1
1948,737,1
1949,736,1
1950,736,1
1951,736,1
1951,735,1
1952,735,1
1953,734,1
1954,734,1
1955,733,1
1956,732,1
1957,732,1
1958,731,1
1959,730,1
1960,730,1
1961,729,1
1962,728,1
1963,727,1
1963,726,1
1964,725,1
1964,724,1
1965,723,1
1791,553,0
1662,366,1
1661,366,1
1660,366,1
1659,366,1
1658,366,1
1657,366,1
1656,366,1
1655,366,1
1654,366,1
1653,366,1
1652,366,1
1651,366,1
1650,366,1
1649,367,1
1648,367,1
1647,367,1
1646,367,1
1645,367,1
1644,367,1
1643,367,1
1642,367,1
1641,367,1
1640,367,1
1639,367,1
1638,367,1
1637,367,1
1636,367,1
1635,367,1
1634,368,1
1633,368,1
1632,368,1
1631,368,1
1630,368,1
1629,368,1
1628,368,1
1627,368,1
1626,368,1
1625,368,1
1624,368,1
1623,368,1
1622,368,1
1621,369,1
1620,369,1
1619,369,1
1618,369,1
1617,369,1
1616,369,1
1615,369,1
1614,369,1
1613,369,1
1612,369,1
1611,369,1
1610,369,1
1609,369,1
1608,370,1
1607,370,1
1606,370,1
1605,370,1
1604,370,1
1603,370,1
1602,370,1
1601,370,1
1600,370,1
1599,370,1
1598,370,1
1597,370,1
1596,371,1
1595,371,1
1594,371,1
1593,371,1
1592,371,1
1591,371,1
1590,371,1
1589,371,1
1588,371,1
1587,371,1
1586,371,1
1585,371,1
1584,371,1
1583,372,1
1582,372,1
1581,372,1
1580,372,1
1579,372,1
1578,372,1
1577,372,1
1576,372,1
1575,372,1
1574,372,1
1573,372,1
1572,372,1
1571,372,1
1570,373,1
1569,373,1
1568,373,1
1567,373,1
1566,373,1
1565,373,1
1564,373,1
1563,373,1
1562,373,1
1561,373,1
1560,373,1
1559,374,1
1558,374,1
1557,374,1
1556,374,1
1555,374,1
1554,374,1
1553,374,1
1552,374,1
1551,374,1
1550,374,1
1549,374,1
1548,374,1
1547,374,1
1546,375,1
1545,375,1
1544,375,1
1543,375,1
1542,375,1
1541,375,1
1540,375,1
1539,375,1
1538,375,1
1537,375,1
1536,375,1
1535,376,1
1534,376,1
1533,376,1
1532,376,1
1531,376,1
1530,376,1
1529,376,1
1528,376,1
1527,376,1
1526,376,1
1525,376,1
1524,376,1
1523,376,1
1522,377,1
1521,377,1
1520,377,1
1519,377,1
1518,377,1
1517,377,1
1516,377,1
1515,377,1
1514,377,1
1513,377,1
1512,377,1
1511,378,1
1510,378,1
1509,378,1
1508,378,1
1507,378,1
1506,378,1
1505,378,1
1504,378,1
1503,378,1
1502,378,1
1501,378,1
1500,378,1
1499,378,1
1498,379,1
1497,379,1
1496,379,1
1495,379,1
1494,379,1
1493,379,1
1492,379,1
1491,379,1
1490,379,1
1489,379,1
1488,379,1
1487,379,1
1486,380,1
1485,380,1
1484,380,1
1483,380,1
1482,380,1
1481,380,1
1480,380,1
1479,380,1
1478,380,1
1477,380,1
1476,380,1
1475,380,1
1474,381,1
1473,381,1
1472,381,1
1471,381,1
1470,381,1
1469,381,1
1468,381,1
1467,381,1
1466,381,1
1465,381,1
1464,381,1
1463,381,1
1462,381,1
1461,382,1
1460,382,1
1459,382,1
1458,382,1
1457,382,1
1456,382,1
1455,382,1
1454,382,1
1453,382,1
1452,382,1
1451,382,1
1450,382,1
1449,383,1
1448,383,1
1447,383,1
1446,383,1
1445,383,1
1444,383,1
1443,383,1
1442,383,1
1441,383,1
1440,383,1
1439,383,1
1438,383,1
1437,383,1
1436,384,1
1435,384,1
1434,384,1
1433,384,1
1432,384,1
1431,384,1
1430,384,1
1429,384,1
1428,384,1
1427,384,1
1426,384,1
1425,384,1
1424,384,1
1423,385,1
1422,385,1
1421,385,1
1420,385,1
1419,385,1
1418,385,1
1417,385,1
1416,385,1
1415,385,1
1414,385,1
1413,385,1
1412,385,1
1411,385,1
1410,386,1
1409,386,1
1408,386,1
1407,386,1
1406,386,1
1405,386,1
1404,386,1
1403,386,1
1402,386,1
1401,386,1
1400,386,1
1399,386,1
1398,387,1
1397,387,1
1396,387,1
1395,387,1
1394,387,1
1393,387,1
1392,387,1
1391,387,1
1390,387,1
1389,387,1
1388,387,1
1387,387,1
1386,387,1
1385,388,1
1384,388,1
1383,388,1
1382,388,1
1381,388,1
1380,388,1
1379,388,1
1378,388,1
1377,388,1
1376,388,1
1375,388,1
1374,388,1
1373,388,1
1372,389,1
1371,389,1
1370,389,1
1369,389,1
1368,389,1
1367,389,1
1366,389,1
1365,389,1
1364,389,1
1363,389,1
1362,389,1
1361,389,1
1360,389,1
1359,390,1
1358,390,1
1357,390,1
1356,390,1
1355,390,1
1354,390,1
1353,390,1
1352,390,1
1351,390,1
1350,390,1
1349,390,1
1348,390,1
1347,391,1
1346,391,1
1345,391,1
1344,391,1
1343,391,1
1342,391,1
1341,391,1
1340,391,1
1339,391,1
1338,391,1
1337,391,1
1336,391,1
1335,391,1
1334,392,1
1333,392,1
1332,392,1
1331,392,1
1330,392,1
1329,392,1
1328,392,1
1327,392,1
1326,392,1
1325,392,1
1324,392,1
1323,392,1
1322,393,1
1321,393,1
1320,393,1
1319,393,1
1318,393,1
1317,393,1
1316,393,1
1315,393,1
1314,393,1
1313,393,1
1312,393,1
1311,393,1
1310,394,1
1309,394,1
1308,394,1
1307,394,1
1306,394,1
1305,394,1
1304,394,1
1303,394,1
1302,394,1
1301,394,1
1300,394,1
1299,394,1
1298,394,1
1297,395,1
1296,395,1
1295,395,1
1294,395,1
1293,395,1
1292,395,1
1291,395,1
1290,395,1
1289,395,1
1288,395,1
1287,395,1
1286,396,1
1285,396,1
1284,396,1
1283,396,1
1282,396,1
1281,396,1
1280,396,1
1279,396,1
1278,396,1
1277,396,1
1276,396,1
1275,396,1
1274,396,1
1273,397,1
1272,397,1
1271,397,1
1270,397,1
1269,397,1
1268,397,1
1267,397,1
1266,397,1
1265,397,1
1264,397,1
1263,398,1
1262,398,1
1261,398,1
1260,398,1
1259,398,1
1258,398,1
1257,398,1
1256,398,1
1255,398,1
1254,398,1
1253,398,1
1252,398,1
1251,399,1
1250,399,1
1249,399,1
1248,399,1
1247,399,1
1246,399,1
1245,399,1
1244,399,1
1243,399,1
1242,400,1
1241,400,1
1240,400,1
1239,400,1
1238,400,1
1237,400,1
1236,400,1
1235,400,1
1234,400,1
1233,400,1
1232,400,1
1231,401,1
1230,401,1
1229,401,1
1228,401,1
1227,401,1
1226,401,1
1225,401,1
1224,401,1
1223,401,1
1222,401,1
1221,402,1
1220,402,1
1219,402,1
1218,402,1
1217,402,1
1216,402,1
1215,402,1
1214,402,1
1213,402,1
1212,402,1
1211,403,1
1210,403,1
1209,403,1
1208,403,1
1207,403,1
1206,403,1
1205,403,1
1204,403,1
1203,403,1
1202,403,1
1201,404,1
1200,404,1
1199,404,1
1198,404,1
1197,404,1
1196,404,1
1195,404,1
1194,404,1
1193,404,1
1192,405,1
1191,405,1
1190,405,1
1189,405,1
1188,405,1
1187,405,1
1186,405,1
1185,405,1
1184,405,1
1183,406,1
1182,406,1
1181,406,1
1180,406,1
1179,406,1
1178,406,1
1177,406,1
1176,406,1
1175,407,1
1174,407,1
1173,407,1
1172,407,1
1171,407,1
1170,407,1
1169,407,1
1168,407,1
1167,407,1
1166,408,1
1165,408,1
1164,408,1
1163,408,1
1162,408,1
1161,408,1
1160,408,1
1159,408,1
1158,408,1
1157,409,1
1156,409,1
1155,409,1
1154,409,1
1153,409,1
1152,409,1
1151,409,1
1150,409,1
1149,410,1
1148,410,1
1147,410,1
1146,410,1
1145,410,1
1144,410,1
1143,410,1
1142,410,1
1141,411,1
1140,411,1
1139,411,1
1138,411,1
1137,411,1
1136,411,1
1135,411,1
1134,411,1
1133,412,1
1132,412,1
1131,412,1
1130,412,1
1129,412,1
1128,412,1
1127,412,1
1126,412,1
1125,413,1
1124,413,1
1123,413,1
1122,413,1
1121,413,1
1120,413,1
1119,413,1
1118,414,1
1117,414,1
1116,414,1
1115,414,1
1114,414,1
1113,414,1
1112,414,1
1111,414,1
1110,415,1
1109,415,1
1108,415,1
1107,415,1
1106,415,1
1105,415,1
1104,415,1
1103,416,1
1102,416,1
1101,416,1
1100,416,1
1099,416,1
1098,416,1
1097,416,1
1096,416,1
1095,417,1
1094,417,1
1093,417,1
1092,417,1
1091,417,1
1090,417,1
1089,417,1
1088,418,1
1087,418,1
1086,418,1
1085,418,1
1084,418,1
1083,418,1
1082,418,1
1081,419,1
1080,419,1
1079,419,1
1078,419,1
1077,419,1
1076,419,1
1075,419,1
1074,420,1
1073,420,1
1072,420,1
1071,420,1
1070,420,1
1069,420,1
1068,420,1
1067,421,1
1066,421,1
1065,421,1
1064,421,1
1063,421,1
1062,421,1
1061,421,1
1060,422,1
1059,422,1
1058,422,1
1057,422,1
1056,422,1
1055,422,1
1054,422,1
1053,423,1
1052,423,1
1051,423,1
1050,423,1
1049,423,1
1048,423,1
1047,423,1
1046,424,1
1045,424,1
1044,424,1
1043,424,1
1042,424,1
1041,424,1
1040,425,1
1039,425,1
1038,425,1
1037,425,1
1036,425,1
1035,425,1
1034,425,1
1033,426,1
1032,426,1
1031,426,1
1030,426,1
1029,426,1
1028,426,1
1027,427,1
1026,427,1
1025,427,1
1024,427,1
1023,427,1
1022,427,1
1021,428,1
1020,428,1
1019,428,1
1018,428,1
1017,428,1
1016,428,1
1015,428,1
1014,429,1
1013,429,1
1012,429,1
1011,429,1
1010,429,1
1009,429,1
1008,430,1
1007,430,1
1006,430,1
1005,430,1
1004,430,1
1003,430,1
1002,431,1
1001,431,1
1000,431,1
999,431,1
998,431,1
997,431,1
996,431,1
995,432,1
994,432,1
993,432,1
992,432,1
991,432,1
990,432,1
989,433,1
988,433,1
987,433,1
986,433,1
985,433,1
984,433,1
983,434,1
982,434,1
981,434,1
980,434,1
979,434,1
978,434,1
977,435,1
976,435,1
975,435,1
974,435,1
973,435,1
972,435,1
971,436,1
970,436,1
969,436,1
968,436,1
967,436,1
966,436,1
965,436,1
964,437,1
963,437,1
962,437,1
961,437,1
960,437,1
959,437,1
958,438,1
957,438,1
956,438,1
955,438,1
954,438,1
953,438,1
952,439,1
951,439,1
950,439,1
949,439,1
948,439,1
947,439,1
946,440,1
945,440,1
944,440,1
943,440,1
942,440,1
941,440,1
940,440,1
939,441,1
938,441,1
937,441,1
936,441,1
935,441,1
934,441,1
933,442,1
932,442,1
931,442,1
930,442,1
929,442,1
928,442,1
927,443,1
926,443,1
925,443,1
924,443,1
923,443,1
922,444,1
921,444,1
920,444,1
919,444,1
918,444,1
917,444,1
916,445,1
915,445,1
914,445,1
913,445,1
912,445,1
911,445,1
910,446,1
909,446,1
908,446,1
907,446,1
906,446,1
905,446,1
904,447,1
903,447,1
902,447,1
901,447,1
900,447,1
899,447,1
898,448,1
897,448,1
896,448,1
895,448,1
894,448,1
893,448,1
892,449,1
891,449,1
890,449,1
889,449,1
888,449,1
887,450,1
886,450,1
885,450,1
884,450,1
883,450,1
882,450,1
881,450,1
880,451,1
879,451,1
878,451,1
877,451,1
876,451,1
876,452,1
875,452,1
874,452,1
873,452,1
872,452,1
871,452,1
870,453,1
869,453,1
868,453,1
867,453,1
866,453,1
865,453,1
864,454,1
863,454,1
862,454,1
861,454,1
860,454,1
859,455,1
858,455,1
857,455,1
856,455,1
855,455,1
854,455,1
853,456,1
852,456,1
851,456,1
850,456,1
849,456,1
848,456,1
847,457,1
846,457,1
845,457,1
844,457,1
843,457,1
842,458,1
841,458,1
840,458,1
839,458,1
838,458,1
837,458,1
836,459,1
835,459,1
834,459,1
833,459,1
832,459,1
831,459,1
830,460,1
829,460,1
828,460,1
827,460,1
826,460,1
825,461,1
824,461,1
823,461,1
822,461,1
821,461,1
820,461,1
819,462,1
818,462,1
817,462,1
816,462,1
815,462,1
814,462,1
813,463,1
812,463,1
811,463,1
810,463,1
809,463,1
808,464,1
807,464,1
806,464,1
805,464,1
804,464,1
803,464,1
802,465,1
801,465,1
800,465,1
799,465,1
798,465,1
797,465,1
796,466,1
795,466,1
794,466,1
793,466,1
792,466,1
791,466,1
790,467,1
789,467,1
788,467,1
787,467,1
786,467,1
785,468,1
784,468,1
783,468,1
782,468,1
781,468,1
780,468,1
779,469,1
778,469,1
777,469,1
776,469,1
775,469,1
774,469,1
773,470,1
772,470,1
771,470,1
770,470,1
769,470,1
768,470,1
767,471,1
766,471,1
765,471,1
764,471,1
763,471,1
762,471,1
761,472,1
760,472,1
759,472,1
758,472,1
757,472,1
756,472,1
755,473,1
754,473,1
753,473,1
752,473,1
751,473,1
750,473,1
749,474,1
748,474,1
747,474,1
746,474,1
745,474,1
744,474,1
743,475,1
742,475,1
741,475,1
740,475,1
739,475,1
738,475,1
737,475,1
736,476,1
735,476,1
734,476,1
733,476,1
732,476,1
731,476,1
730,476,1
729,477,1
728,477,1
727,477,1
726,477,1
725,477,1
724,477,1
723,478,1
722,478,1
721,478,1
720,478,1
719,478,1
718,478,1
717,478,1
716,479,1
715,479,1
714,479,1
713,479,1
712,479,1
711,479,1
710,479,1
709,479,1
708,479,1
707,480,1
706,480,1
705,480,1
704,480,1
703,480,1
702,480,1
701,480,1
700,480,1
699,481,1
698,481,1
697,481,1
696,481,1
695,481,1
694,481,1
693,481,1
692,481,1
691,482,1
690,482,1
689,482,1
688,482,1
687,482,1
686,482,1
685,482,1
684,482,1
683,482,1
682,482,1
681,483,1
680,483,1
679,483,1
678,483,1
677,483,1
676,483,1
675,483,1
674,483,1
673,483,1
672,483,1
671,484,1
670,484,1
669,484,1
668,484,1
667,484,1
666,484,1
665,484,1
664,484,1
663,484,1
662,484,1
661,484,1
660,484,1
659,484,1
658,484,1
657,484,1
656,485,1
655,485,1
654,485,1
653,485,1
652,485,1
651,485,1
650,485,1
649,485,1
648,485,1
647,485,1
646,485,1
645,485,1
644,485,1
643,485,1
642,485,1
641,485,1
640,485,1
639,485,1
638,485,1
637,485,1
636,485,1
635,485,1
634,485,1
633,486,1
632,486,1
631,486,1
630,486,1
629,486,1
628,486,1
627,486,1
626,486,1
625,486,1
624,486,1
623,486,1
622,486,1
621,486,1
620,486,1
619,486,1
618,486,1
617,486,1
616,486,1
615,486,1
614,486,1
613,486,1
612,486,1
611,486,1
610,486,1
609,486,1
608,486,1
607,486,1
606,485,1
605,485,1
604,485,1
603,485,1
602,485,1
601,485,1
600,485,1
599,485,1
598,484,1
597,484,1
598,484,1
599,483,1
600,482,0
