187,287,1
188,287,1
189,286,1
190,286,1
190,285,1
191,285,1
192,284,1
193,284,1
194,284,1
195,283,1
196,283,1
197,283,1
198,283,1
199,283,1
200,283,1
201,283,1
202,283,1
203,283,1
204,283,1
205,283,1
206,283,1
207,283,1
208,283,1
209,283,1
210,284,1
211,284,1
212,284,1
213,285,1
214,285,1
215,286,1
216,286,1
216,287,1
217,287,1
218,288,1
219,288,1
219,289,1
220,290,1
221,290,1
221,291,1
222,291,1
222,292,1
223,293,1
224,293,1
224,294,1
225,295,1
226,296,1
227,297,1
228,298,1
228,299,1
229,299,1
230,300,1
230,301,1
231,302,1
232,303,1
233,304,1
233,305,1
234,305,1
234,306,1
235,307,1
236,308,1
236,309,1
237,310,1
238,311,1
239,312,1
240,313,1
241,314,1
242,315,1
243,316,1
243,317,1
244,317,1
245,318,1
246,319,1
247,319,1
247,320,1
248,320,1
249,321,1
250,322,1
251,323,1
252,323,1
253,324,1
254,324,1
255,325,1
256,325,1
257,326,1
258,327,1
259,327,1
260,328,1
261,328,1
262,328,1
262,329,1
263,329,1
264,330,1
265,330,1
266,331,1
267,331,1
267,332,1
268,332,1
269,333,1
270,333,1
271,334,1
272,335,1
273,335,1
273,336,1
274,336,1
275,337,1
275,338,1
276,338,1
276,339,1
277,340,1
277,341,1
278,341,1
278,342,1
279,343,1
279,344,1
279,345,1
280,346,1
280,347,1
280,348,1
280,349,1
280,350,1
280,351,1
280,352,1
280,353,1
280,354,1
279,355,1
279,356,1
279,357,1
278,358,1
278,359,1
277,360,1
277,361,1
276,362,1
276,363,1
275,364,1
274,364,1
274,365,1
273,366,1
272,367,1
271,368,1
271,369,1
270,369,1
269,370,1
269,371,1
268,372,1
267,372,1
266,373,1
266,374,1
265,374,1
264,375,1
263,376,1
262,376,1
261,377,1
261,378,1
260,378,1
259,379,1
258,380,1
257,380,1
256,381,1
255,382,1
254,383,1
253,384,1
252,384,1
251,385,1
250,385,1
249,386,1
248,386,1
247,387,1
246,388,1
245,388,1
244,389,1
243,390,1
242,390,1
241,391,1
240,391,1
239,391,1
238,392,1
237,392,1
236,393,1
235,393,1
234,394,1
268,350,0
288,310,1
289,310,1
290,310,1
291,310,1
292,310,1
293,309,1
294,309,1
295,309,1
296,309,1
297,308,1
298,308,1
299,308,1
300,308,1
301,308,1
302,307,1
303,307,1
304,307,1
305,307,1
306,306,1
307,306,1
308,306,1
309,305,1
310,305,1
311,305,1
312,304,1
313,304,1
314,304,1
315,303,1
316,303,1
317,303,1
318,302,1
319,302,1
320,302,1
321,301,1
322,301,1
323,301,1
324,300,1
325,300,1
326,300,1
327,299,1
328,299,1
329,298,1
330,298,1
331,297,1
332,297,1
333,296,1
334,296,1
335,295,1
336,295,1
337,294,1
338,294,1
339,293,1
340,293,1
340,292,1
341,292,1
342,291,1
343,291,1
344,290,1
345,290,1
345,289,1
346,289,1
347,288,1
348,287,1
349,287,1
349,286,1
350,285,1
351,284,1
352,283,1
353,282,1
354,281,1
355,280,1
355,279,1
356,278,1
357,277,1
357,276,1
358,275,1
358,274,1
359,273,1
359,272,1
359,271,1
360,271,1
360,270,1
360,269,1
360,268,1
361,267,1
361,266,1
361,265,1
361,264,1
360,264,1
360,265,1
360,266,1
360,267,1
360,268,1
359,269,1
359,270,1
359,271,1
359,272,1
359,273,1
359,274,1
359,275,1
359,276,1
359,277,1
360,278,1
360,279,1
360,280,1
360,281,1
360,282,1
360,283,1
360,284,1
360,285,1
361,286,1
361,287,1
361,288,1
361,289,1
361,290,1
362,291,1
362,292,1
362,293,1
362,294,1
363,295,1
363,296,1
363,297,1
363,298,1
363,299,1
364,300,1
364,301,1
364,302,1
364,303,1
365,304,1
365,305,1
365,306,1
365,307,1
366,308,1
366,309,1
366,310,1
367,311,1
367,312,1
367,313,1
367,314,1
368,315,1
368,316,1
368,317,1
369,318,1
369,319,1
369,320,1
369,321,1
370,322,1
370,323,1
370,324,1
371,325,1
371,326,1
371,327,1
372,328,1
372,329,1
372,330,1
373,330,1
373,331,1
373,332,1
374,333,1
374,334,1
374,335,1
375,336,1
375,337,1
375,338,1
376,339,1
376,340,1
377,341,1
377,342,1
378,343,1
378,344,1
379,345,1
379,346,1
380,347,1
380,348,1
380,349,1
381,350,1
381,351,1
382,352,1
382,353,1
383,354,1
383,355,1
384,356,1
384,357,1
385,358,1
385,359,1
386,360,1
386,361,1
387,362,1
387,363,1
387,364,1
388,365,1
388,366,1
389,367,1
389,368,1
390,369,1
391,370,1
391,371,1
392,372,1
392,373,1
393,374,1
393,375,1
394,376,1
394,377,1
394,378,1
395,379,1
395,380,1
396,381,1
397,382,1
397,383,1
398,384,1
398,385,1
399,386,1
400,387,1
400,388,1
401,389,1
401,390,1
402,391,1
403,392,1
403,393,1
404,394,1
404,395,1
405,396,1
406,397,1
406,398,1
407,399,1
407,400,1
408,401,1
455,313,0
514,231,1
513,231,1
512,231,1
511,231,1
510,231,1
509,231,1
508,231,1
507,232,1
506,232,1
505,232,1
504,232,1
503,232,1
502,233,1
501,233,1
500,233,1
499,234,1
498,234,1
497,234,1
496,235,1
495,235,1
494,235,1
493,236,1
492,236,1
491,237,1
490,237,1
489,238,1
488,238,1
487,239,1
486,239,1
485,240,1
484,241,1
483,241,1
482,242,1
481,242,1
481,243,1
480,243,1
479,244,1
478,245,1
477,245,1
476,246,1
476,247,1
475,247,1
474,248,1
473,249,1
472,249,1
472,250,1
471,251,1
470,252,1
469,253,1
468,254,1
468,255,1
467,256,1
466,256,1
466,257,1
465,258,1
465,259,1
464,260,1
463,261,1
463,262,1
462,263,1
462,264,1
462,265,1
461,266,1
460,267,1
460,268,1
460,269,1
460,270,1
460,271,1
459,272,1
459,273,1
459,274,1
459,275,1
459,276,1
459,277,1
459,278,1
459,279,1
459,280,1
459,281,1
459,282,1
460,283,1
460,284,1
460,285,1
460,286,1
461,287,1
461,288,1
461,289,1
462,290,1
463,291,1
463,292,1
464,293,1
464,294,1
465,294,1
465,295,1
466,296,1
467,297,1
468,298,1
469,299,1
470,300,1
471,300,1
472,301,1
472,302,1
473,302,1
474,302,1
475,303,1
476,303,1
476,304,1
477,304,1
478,304,1
479,304,1
480,305,1
481,305,1
482,305,1
483,305,1
484,305,1
485,306,1
486,306,1
487,306,1
488,306,1
488,305,1
489,305,1
490,305,1
491,305,1
492,305,1
493,305,1
494,305,1
495,304,1
496,304,1
497,303,1
498,303,1
499,303,1
499,302,1
500,302,1
501,301,1
502,301,1
502,300,1
503,300,1
504,299,1
505,299,1
505,298,1
506,298,1
507,297,1
507,296,1
508,296,1
509,295,1
510,294,1
511,293,1
511,292,1
512,292,1
512,291,1
513,290,1
513,289,1
514,288,1
515,287,1
515,286,1
516,285,1
516,284,1
517,284,1
517,283,1
517,282,1
518,281,1
518,280,1
519,279,1
519,278,1
520,277,1
520,276,1
520,275,1
521,274,1
521,273,1
521,272,1
521,271,1
521,270,1
522,269,1
522,268,1
522,267,1
522,266,1
522,265,1
523,264,1
523,263,1
523,262,1
523,261,1
523,260,1
523,259,1
523,258,1
523,257,1
523,256,1
522,255,1
522,256,1
522,257,1
521,258,1
521,259,1
521,260,1
521,261,1
521,262,1
521,263,1
521,264,1
521,265,1
521,266,1
521,267,1
521,268,1
521,269,1
521,270,1
522,271,1
522,272,1
522,273,1
522,274,1
522,275,1
522,276,1
522,277,1
522,278,1
522,279,1
522,280,1
523,281,1
523,282,1
523,283,1
523,284,1
523,285,1
523,286,1
524,287,1
524,288,1
524,289,1
524,290,1
525,291,1
525,292,1
525,293,1
525,294,1
525,295,1
526,296,1
526,297,1
526,298,1
526,299,1
527,300,1
527,301,1
527,302,1
527,303,1
527,304,1
528,305,1
528,306,1
528,307,1
528,308,1
529,309,1
529,310,1
529,311,1
530,312,1
530,313,1
530,314,1
530,315,1
531,316,1
531,317,1
531,318,1
532,319,1
532,320,1
532,321,1
532,322,1
533,323,1
533,324,1
533,325,1
534,326,1
534,327,1
534,328,1
535,329,1
535,330,1
536,331,1
536,332,1
536,333,1
537,334,1
537,335,1
538,336,1
538,337,1
538,338,1
539,339,1
539,340,1
540,341,1
540,342,1
540,343,1
524,319,0
507,296,1
508,297,1
509,297,1
509,298,1
510,298,1
511,299,1
512,300,1
513,301,1
527,335,0
546,369,1
546,370,1
545,370,1
545,371,1
545,372,1
544,373,1
544,374,1
543,375,1
543,376,1
542,376,1
542,377,1
541,378,1
540,379,1
540,380,1
539,380,1
538,381,1
538,382,1
537,383,1
536,383,1
536,384,1
535,385,1
534,385,1
533,386,1
533,387,1
532,387,1
531,388,1
530,389,1
529,389,1
529,390,1
528,391,1
527,391,1
526,392,1
525,392,1
524,393,1
523,394,1
522,395,1
521,395,1
520,396,1
519,397,1
518,397,1
517,398,1
516,399,1
515,399,1
514,400,1
513,401,1
512,401,1
511,402,1
510,402,1
509,403,1
508,403,1
507,404,1
506,404,1
505,405,1
504,406,1
503,406,1
502,407,1
501,407,1
500,408,1
499,408,1
498,408,1
497,409,1
496,409,1
495,409,1
494,410,1
493,410,1
492,410,1
491,411,1
490,411,1
489,411,1
488,411,1
487,412,1
486,412,1
485,412,1
484,412,1
483,412,1
482,412,1
506,398,0
517,386,1
518,386,1
519,385,1
520,385,1
521,385,1
522,385,1
523,384,1
524,384,1
525,384,1
526,384,1
527,383,1
528,383,1
529,383,1
530,383,1
530,382,1
559,330,0
588,270,1
589,271,1
590,272,1
590,273,1
591,273,1
592,274,1
593,275,1
594,275,1
595,276,1
596,276,1
597,277,1
598,277,1
599,277,1
600,277,1
601,277,1
602,277,1
603,278,1
604,278,1
605,278,1
606,278,1
607,278,1
608,278,1
609,278,1
610,278,1
611,278,1
612,278,1
613,277,1
614,277,1
615,277,1
616,277,1
617,276,1
618,275,1
619,275,1
620,275,1
620,274,1
621,273,1
622,273,1
623,272,1
624,271,1
625,271,1
625,270,1
626,269,1
627,268,1
628,267,1
629,266,1
629,265,1
630,265,1
630,264,1
631,263,1
632,262,1
632,261,1
633,260,1
634,259,1
634,258,1
635,257,1
636,256,1
636,255,1
637,254,1
637,253,1
638,252,1
639,252,1
639,251,1
640,250,1
641,249,1
641,248,1
642,248,1
642,247,1
643,246,1
644,245,1
645,244,1
646,243,1
647,243,1
647,242,1
648,241,1
649,241,1
649,240,1
650,240,1
651,239,1
652,239,1
652,238,1
653,238,1
654,238,1
655,237,1
656,237,1
657,236,1
658,236,1
659,236,1
660,236,1
661,236,1
662,236,1
663,236,1
664,236,1
665,236,1
666,236,1
667,236,1
668,236,1
669,236,1
670,237,1
671,237,1
672,237,1
672,238,1
673,238,1
674,238,1
674,239,1
675,239,1
676,240,1
677,241,1
678,242,1
679,243,1
680,244,1
680,245,1
681,245,1
681,246,1
681,247,1
682,248,1
682,249,1
683,250,1
683,251,1
683,252,1
683,253,1
684,254,1
684,255,1
684,256,1
684,257,1
685,258,1
685,259,1
685,260,1
685,261,1
685,262,1
685,263,1
685,264,1
685,265,1
685,266,1
686,267,1
686,268,1
686,269,1
686,270,1
686,271,1
686,272,1
686,273,1
686,274,1
686,275,1
687,276,1
687,277,1
687,278,1
687,279,1
687,280,1
687,281,1
687,282,1
688,283,1
688,284,1
688,285,1
688,286,1
688,287,1
688,288,1
688,289,1
689,290,1
689,291,1
689,292,1
689,293,1
689,294,1
689,295,1
690,296,1
690,297,1
690,298,1
690,299,1
690,300,1
691,301,1
691,302,1
691,303,1
691,304,1
691,305,1
692,306,1
692,307,1
692,308,1
692,309,1
693,310,1
693,311,1
693,312,1
693,313,1
694,314,1
694,315,1
694,316,1
695,317,1
695,318,1
695,319,1
695,320,1
696,321,1
696,322,1
696,323,1
697,324,1
697,325,1
697,326,1
698,327,1
698,328,1
699,329,1
699,330,1
699,331,1
700,332,1
700,333,1
700,334,1
735,288,0
776,241,1
775,242,1
774,243,1
773,244,1
773,245,1
772,245,1
772,246,1
771,247,1
770,248,1
769,249,1
769,250,1
768,251,1
767,251,1
767,252,1
766,253,1
766,254,1
765,255,1
765,256,1
765,257,1
764,258,1
764,259,1
763,260,1
763,261,1
763,262,1
762,263,1
762,264,1
762,265,1
762,266,1
762,267,1
762,268,1
762,269,1
762,270,1
762,271,1
762,272,1
762,273,1
762,274,1
762,275,1
763,276,1
763,277,1
763,278,1
764,278,1
764,279,1
764,280,1
765,281,1
766,282,1
766,283,1
767,284,1
768,285,1
769,286,1
770,287,1
771,288,1
772,289,1
773,290,1
774,290,1
774,291,1
775,291,1
776,292,1
777,292,1
778,293,1
779,293,1
779,294,1
780,294,1
781,294,1
782,295,1
783,295,1
784,296,1
785,296,1
786,296,1
787,297,1
788,297,1
789,298,1
790,298,1
791,299,1
792,299,1
793,299,1
794,300,1
795,300,1
796,300,1
797,301,1
798,301,1
799,301,1
800,302,1
801,302,1
802,303,1
803,303,1
804,303,1
805,304,1
806,304,1
807,304,1
808,305,1
809,305,1
810,305,1
810,306,1
811,306,1
812,306,1
813,307,1
814,307,1
815,307,1
816,308,1
817,308,1
818,308,1
819,309,1
820,309,1
821,310,1
822,310,1
823,310,1
824,311,1
825,311,1
826,312,1
827,312,1
828,312,1
828,313,1
829,313,1
830,314,1
831,314,1
832,315,1
833,315,1
834,316,1
835,316,1
836,316,1
837,317,1
838,317,1
839,318,1
840,318,1
840,319,1
841,320,1
842,320,1
843,321,1
844,321,1
845,322,1
846,322,1
847,323,1
848,323,1
848,324,1
849,324,1
850,325,1
851,326,1
852,326,1
853,327,1
854,327,1
855,328,1
856,328,1
857,329,1
858,330,1
859,331,1
860,331,1
861,332,1
862,333,1
863,333,1
864,334,1
865,334,1
865,335,1
866,336,1
867,336,1
868,337,1
869,337,1
870,338,1
871,339,1
872,339,1
873,340,1
874,341,1
875,341,1
876,342,1
877,342,1
877,343,1
878,344,1
879,344,1
880,345,1
881,345,1
882,346,1
883,347,1
884,347,1
884,348,1
885,348,1
886,349,1
887,350,1
888,350,1
889,351,1
890,351,1
891,352,1
892,352,1
893,353,1
894,353,1
895,354,1
896,355,1
897,355,1
898,356,1
899,356,1
900,357,1
901,357,1
902,358,1
903,358,1
904,359,1
905,359,1
906,359,1
907,360,1
908,360,1
909,361,1
910,361,1
911,361,1
912,362,1
913,362,1
914,362,1
915,362,1
916,362,1
917,362,1
918,362,1
919,362,1
919,361,1
920,360,1
618,303,0
314,246,1
315,246,1
316,245,1
317,245,1
318,245,1
319,245,1
320,244,1
321,244,1
322,244,1
323,244,1
324,243,1
325,243,1
326,243,1
327,243,1
328,242,1
329,242,1
330,242,1
330,241,1
331,241,1
332,241,1
333,241,1
334,240,1
335,240,1
336,240,1
337,240,1
338,239,1
339,239,1
340,239,1
341,239,1
342,238,1
343,238,1
344,238,1
345,238,1
346,238,1
347,237,1
348,237,1
349,237,1
350,237,1
350,236,1
351,236,1
352,236,1
353,236,1
354,235,1
355,235,1
356,235,1
357,235,1
358,235,1
359,234,1
360,234,1
361,234,1
362,234,1
363,233,1
364,233,1
365,233,1
366,233,1
367,233,1
368,232,1
369,232,1
370,232,1
371,232,1
372,231,1
373,231,1
374,231,1
375,231,1
376,231,1
377,230,1
378,230,1
379,230,1
380,230,1
381,230,1
382,230,1
383,229,1
384,229,1
385,229,1
386,229,1
387,229,1
388,228,1
389,228,1
390,228,1
391,228,1
392,228,1
393,227,1
394,227,1
395,227,1
396,227,1
397,227,1
398,226,1
399,226,1
400,226,1
401,226,1
402,226,1
403,225,1
404,225,1
405,225,1
406,225,1
407,224,1
408,224,1
409,224,1
410,224,1
411,223,1
412,223,1
413,223,1
414,223,1
415,223,1
416,222,1
417,222,1
418,222,1
419,222,1
420,222,1
421,221,1
422,221,1
423,221,1
424,221,1
425,220,1
426,220,1
427,220,1
428,220,1
429,220,1
430,219,1
431,219,1
432,219,1
433,219,1
434,218,1
435,218,1
436,218,1
437,218,1
438,218,1
439,217,1
440,217,1
441,217,1
442,217,1
443,217,1
444,216,1
445,216,1
446,216,1
447,216,1
448,216,1
449,215,1
450,215,1
451,215,1
452,214,1
453,214,1
454,214,1
455,214,1
456,214,1
457,213,1
458,213,1
459,213,1
460,213,1
461,213,1
462,212,1
463,212,1
464,212,1
465,212,1
466,212,1
467,212,1
468,211,1
469,211,1
470,211,1
471,211,1
472,210,1
473,210,1
474,210,1
475,210,1
476,210,1
477,210,1
478,209,1
479,209,1
480,209,1
481,209,1
482,209,1
483,209,1
484,208,1
485,208,1
486,208,1
487,208,1
488,208,1
489,207,1
490,207,1
491,207,1
492,207,1
493,206,1
494,206,1
495,206,1
496,206,1
497,206,1
498,205,1
499,205,1
500,205,1
501,205,1
502,205,1
503,204,1
504,204,1
505,204,1
506,204,1
507,203,1
508,203,1
509,203,1
510,203,1
511,202,1
512,202,1
513,202,1
514,202,1
515,202,1
516,201,1
517,201,1
518,201,1
519,201,1
520,201,1
521,200,1
522,200,1
523,200,1
524,200,1
525,199,1
526,199,1
527,199,1
528,199,1
529,199,1
530,198,1
531,198,1
532,198,1
533,198,1
534,197,1
535,197,1
536,197,1
537,197,1
538,197,1
539,196,1
540,196,1
541,196,1
542,196,1
543,196,1
544,196,1
545,195,1
546,195,1
547,195,1
548,195,1
549,195,1
550,194,1
551,194,1
552,194,1
553,194,1
554,193,1
555,193,1
556,193,1
557,193,1
558,193,1
559,192,1
560,192,1
561,192,1
562,192,1
563,192,1
564,192,1
565,191,1
566,191,1
567,191,1
568,191,1
569,191,1
570,191,1
571,190,1
572,190,1
573,190,1
574,190,1
575,190,1
576,190,1
576,189,1
577,189,1
578,189,1
579,189,1
580,189,1
581,189,1
582,189,1
583,188,1
584,188,1
585,188,1
586,188,1
587,188,1
588,188,1
589,187,1
590,187,1
591,187,1
592,187,1
593,186,1
594,186,1
595,186,1
596,186,1
597,186,1
598,186,1
599,185,1
600,185,1
601,185,1
602,185,1
603,185,1
604,184,1
605,184,1
606,184,1
607,184,1
608,184,1
609,183,1
610,183,1
611,183,1
612,183,1
613,182,1
614,182,1
615,182,1
616,182,1
617,182,1
618,181,1
619,181,1
620,181,1
621,181,1
622,181,1
623,180,1
624,180,1
625,180,1
626,180,1
627,179,1
628,179,1
629,179,1
630,179,1
631,178,1
632,178,1
633,178,1
634,178,1
635,178,1
636,177,1
637,177,1
638,177,1
639,177,1
640,176,1
641,176,1
642,176,1
643,176,1
644,176,1
645,175,1
646,175,1
647,175,1
648,175,1
649,175,1
650,174,1
651,174,1
652,174,1
653,173,1
654,173,1
655,173,1
656,173,1
657,173,1
658,172,1
659,172,1
660,172,1
661,172,1
662,172,1
663,172,1
664,171,1
665,171,1
666,171,1
667,171,1
668,171,1
669,170,1
670,170,1
671,170,1
672,170,1
673,170,1
674,169,1
675,169,1
676,169,1
677,169,1
678,169,1
679,168,1
680,168,1
681,168,1
682,168,1
683,168,1
684,167,1
685,167,1
686,167,1
687,167,1
688,167,1
689,166,1
690,166,1
691,166,1
692,166,1
693,165,1
694,165,1
695,165,1
696,165,1
697,164,1
698,164,1
699,164,1
700,164,1
701,164,1
702,163,1
703,163,1
704,163,1
705,163,1
706,162,1
707,162,1
708,162,1
709,162,1
710,161,1
711,161,1
712,161,1
713,160,1
714,160,1
715,160,1
716,160,1
717,160,1
718,159,1
719,159,1
720,159,1
721,159,1
722,158,1
723,158,1
724,158,1
725,158,1
726,157,1
727,157,1
728,157,1
729,157,1
730,157,1
730,156,1
731,156,1
732,156,1
733,156,1
734,155,1
735,155,1
736,155,1
737,155,1
738,154,1
739,154,1
740,154,1
741,154,1
742,154,1
743,153,1
744,153,1
745,153,1
746,153,1
747,152,1
748,152,1
749,152,1
750,152,1
751,151,1
752,151,1
753,151,1
754,151,1
755,151,1
756,150,1
757,150,1
758,150,1
759,150,1
760,150,1
761,149,1
762,149,1
763,149,1
764,149,1
765,149,1
766,149,1
767,148,1
768,148,1
769,148,1
770,148,1
771,147,1
772,147,1
773,147,1
774,147,1
774,146,1
774,146,0
