121,169,1
122,169,1
123,169,1
124,169,1
125,169,1
126,168,1
127,168,1
128,168,1
129,168,1
130,168,1
131,168,1
132,168,1
133,168,1
134,168,1
135,168,1
136,168,1
137,168,1
138,168,1
139,168,1
140,168,1
141,168,1
142,168,1
143,168,1
144,168,1
145,168,1
146,168,1
147,167,1
148,167,1
149,167,1
150,167,1
151,167,1
152,167,1
153,167,1
154,167,1
155,167,1
156,167,1
157,167,1
158,167,1
159,166,1
160,166,1
161,166,1
162,166,1
163,166,1
164,166,1
165,166,1
166,166,1
167,166,1
168,166,1
169,166,1
170,166,1
171,165,1
172,165,1
173,165,1
174,165,1
175,165,1
176,165,1
177,165,1
178,165,1
179,165,1
180,165,1
181,165,1
182,165,1
183,164,1
184,164,1
185,164,1
186,164,1
187,164,1
188,164,1
189,164,1
190,164,1
191,164,1
192,164,1
193,164,1
194,163,1
195,163,1
196,163,1
197,163,1
198,163,1
199,163,1
200,163,1
201,163,1
202,163,1
203,163,1
204,163,1
205,162,1
206,162,1
207,162,1
208,162,1
209,162,1
210,162,1
211,162,1
212,162,1
213,162,1
214,162,1
215,162,1
216,161,1
217,161,1
218,161,1
219,161,1
220,161,1
221,161,1
222,161,1
223,161,1
224,161,1
225,161,1
226,161,1
227,161,1
228,161,1
229,161,1
230,161,1
231,161,1
232,161,1
233,161,1
234,161,1
235,161,1
236,161,1
237,161,1
238,161,1
239,161,1
240,160,1
241,160,1
242,160,1
243,160,1
244,160,1
245,160,1
246,160,1
247,160,1
248,160,1
249,160,1
250,160,1
251,160,1
252,160,1
253,160,1
254,160,1
255,159,1
256,159,1
257,159,1
258,159,1
259,159,1
260,159,1
261,159,1
262,159,1
263,159,1
264,159,1
265,159,1
266,159,1
267,159,1
268,159,1
269,159,1
270,159,1
271,158,1
272,158,1
273,158,1
274,158,1
275,158,1
276,158,1
277,158,1
278,158,1
279,158,1
280,158,1
281,158,1
282,158,1
283,158,1
284,158,1
285,158,1
286,158,1
287,158,1
288,158,1
289,157,1
290,157,1
291,157,1
292,157,1
293,157,1
294,157,1
295,157,1
296,157,1
297,157,1
298,157,1
299,157,1
300,157,1
301,157,1
302,157,1
303,157,1
304,157,1
305,156,1
306,156,1
307,156,1
308,156,1
309,156,1
310,156,1
311,156,1
312,156,1
313,156,1
314,156,1
315,156,1
316,156,1
317,156,1
318,156,1
319,156,1
320,156,1
321,156,1
322,156,1
323,156,1
324,156,1
325,156,1
325,155,1
326,155,1
327,155,1
328,155,1
329,155,1
330,155,1
331,155,1
332,155,1
333,155,1
334,155,1
335,155,1
336,155,1
337,155,1
338,155,1
339,155,1
340,155,1
341,155,1
342,155,1
343,155,1
344,155,1
345,155,1
346,155,1
347,155,1
348,155,1
349,155,1
350,155,1
351,155,1
352,155,1
353,155,1
354,155,1
354,154,1
355,154,1
356,154,1
357,154,1
358,154,1
359,154,1
360,154,1
361,154,1
362,154,1
363,154,1
364,154,1
365,154,1
366,154,1
367,154,1
368,154,1
369,154,1
370,154,1
371,154,1
372,154,1
373,154,1
374,154,1
375,154,1
376,154,1
377,154,1
378,154,1
379,154,1
380,154,1
381,154,1
382,154,1
383,154,1
384,154,1
385,154,1
386,154,1
387,154,1
388,154,1
389,154,1
390,154,1
391,154,1
392,154,1
393,154,1
394,154,1
395,154,1
396,154,1
397,154,1
398,154,1
399,154,1
400,154,1
401,154,1
402,154,1
403,154,1
404,154,1
283,168,0
162,182,1
163,182,1
164,182,1
165,182,1
166,182,1
167,182,1
168,182,1
169,182,1
170,182,1
171,182,1
172,182,1
173,182,1
174,182,1
175,182,1
176,182,1
177,182,1
178,183,1
179,183,1
180,183,1
181,183,1
182,183,1
183,184,1
184,184,1
185,184,1
186,184,1
187,185,1
188,186,1
189,186,1
190,186,1
191,187,1
192,187,1
193,188,1
194,188,1
194,189,1
195,189,1
196,190,1
197,190,1
197,191,1
198,192,1
199,192,1
199,193,1
200,194,1
201,195,1
201,196,1
202,197,1
202,198,1
203,199,1
203,200,1
203,201,1
203,202,1
203,203,1
204,204,1
204,205,1
203,206,1
203,207,1
203,208,1
203,209,1
202,210,1
202,211,1
202,212,1
201,213,1
201,214,1
200,215,1
200,216,1
199,216,1
199,217,1
198,218,1
197,219,1
196,220,1
195,221,1
195,222,1
194,222,1
193,223,1
192,224,1
191,225,1
190,226,1
189,226,1
189,227,1
188,228,1
187,228,1
186,229,1
185,229,1
185,230,1
184,231,1
183,231,1
182,232,1
181,232,1
180,233,1
179,234,1
178,234,1
177,235,1
176,235,1
175,236,1
174,237,1
173,237,1
172,238,1
171,238,1
170,238,1
169,239,1
168,239,1
168,240,1
167,240,1
166,240,1
165,241,1
164,241,1
163,241,1
162,241,1
161,242,1
160,242,1
159,242,1
158,242,1
157,242,1
156,241,1
156,240,1
157,239,1
158,238,1
159,238,1
160,237,1
161,236,1
162,236,1
163,235,1
164,235,1
165,234,1
166,234,1
167,234,1
168,233,1
169,233,1
170,232,1
171,232,1
172,232,1
173,232,1
174,231,1
175,231,1
176,231,1
177,230,1
178,230,1
179,230,1
180,230,1
181,230,1
182,229,1
183,229,1
184,229,1
185,229,1
186,228,1
187,228,1
188,228,1
189,228,1
190,228,1
191,228,1
192,227,1
193,227,1
194,227,1
195,227,1
196,227,1
197,227,1
198,227,1
199,227,1
200,227,1
201,227,1
202,227,1
203,227,1
204,227,1
205,227,1
206,227,1
207,227,1
208,227,1
209,227,1
210,227,1
211,228,1
212,228,1
213,228,1
214,228,1
215,228,1
216,228,1
217,229,1
218,229,1
219,229,1
220,230,1
221,230,1
222,230,1
223,230,1
224,230,1
225,231,1
226,231,1
227,232,1
228,232,1
229,232,1
230,233,1
231,233,1
231,234,1
232,234,1
233,235,1
234,235,1
235,236,1
236,237,1
237,237,1
238,238,1
239,239,1
240,240,1
241,240,1
241,241,1
242,242,1
243,242,1
243,243,1
244,244,1
244,245,1
245,245,1
245,246,1
246,247,1
246,248,1
247,249,1
248,250,1
248,251,1
248,252,1
249,253,1
249,254,1
249,255,1
250,256,1
250,257,1
250,258,1
250,259,1
250,260,1
250,261,1
250,262,1
250,263,1
250,264,1
250,265,1
250,266,1
249,267,1
249,268,1
249,269,1
248,270,1
248,271,1
248,272,1
247,273,1
247,274,1
247,275,1
246,275,1
246,276,1
245,277,1
245,278,1
244,278,1
244,279,1
243,280,1
242,281,1
242,282,1
241,283,1
240,284,1
239,285,1
238,286,1
237,287,1
236,288,1
235,289,1
234,290,1
233,291,1
232,291,1
231,292,1
230,293,1
229,294,1
228,294,1
227,295,1
226,295,1
225,296,1
224,297,1
223,298,1
222,298,1
221,299,1
220,299,1
219,299,1
218,300,1
217,301,1
216,301,1
215,302,1
214,302,1
213,302,1
212,303,1
211,303,1
210,304,1
209,304,1
208,304,1
207,305,1
206,305,1
205,305,1
204,306,1
203,306,1
202,306,1
201,307,1
200,307,1
199,307,1
198,307,1
197,308,1
196,308,1
195,308,1
194,309,1
193,309,1
192,309,1
191,309,1
190,309,1
189,310,1
188,310,1
187,310,1
186,310,1
185,310,1
184,310,1
183,310,1
182,311,1
181,311,1
180,311,1
179,311,1
178,311,1
177,311,1
176,311,1
175,311,1
174,311,1
173,311,1
172,311,1
171,311,1
170,311,1
169,311,1
168,311,1
167,311,1
166,311,1
165,311,1
164,311,1
163,311,1
162,311,1
161,311,1
160,311,1
159,311,1
158,311,1
157,311,1
156,310,1
155,310,1
154,310,1
153,310,1
152,310,1
151,310,1
150,309,1
149,309,1
148,309,1
147,309,1
146,308,1
145,308,1
144,307,1
143,307,1
142,307,1
141,307,1
140,306,1
139,306,1
138,305,1
137,305,1
136,304,1
135,304,1
134,303,1
133,303,1
132,302,1
131,302,1
130,301,1
129,301,1
129,300,1
128,299,1
127,299,1
126,298,1
125,298,1
124,297,1
124,296,1
123,296,1
122,295,1
121,294,1
120,294,1
120,293,1
119,292,1
118,292,1
117,291,1
117,290,1
116,289,1
115,289,1
115,288,1
114,287,1
113,286,1
112,285,1
112,284,1
111,283,1
111,282,1
110,282,1
110,281,1
109,280,1
109,279,1
109,278,1
109,277,1
108,276,1
109,275,1
188,247,0
264,215,1
265,215,1
266,215,1
267,215,1
268,215,1
269,215,1
270,215,1
271,215,1
272,214,1
273,214,1
274,214,1
275,214,1
276,214,1
277,214,1
278,214,1
279,213,1
280,213,1
281,213,1
282,213,1
283,213,1
284,212,1
285,212,1
286,212,1
287,212,1
288,212,1
289,211,1
290,211,1
291,210,1
292,210,1
293,210,1
293,209,1
294,209,1
295,209,1
296,208,1
297,207,1
298,207,1
299,207,1
299,206,1
300,205,1
301,205,1
301,204,1
302,204,1
302,203,1
303,202,1
304,201,1
304,200,1
305,200,1
305,199,1
306,198,1
306,197,1
307,196,1
307,195,1
308,194,1
308,193,1
308,192,1
308,191,1
308,190,1
309,189,1
309,188,1
309,187,1
309,186,1
309,185,1
309,184,1
309,183,1
309,182,1
308,182,1
308,181,1
308,180,1
308,179,1
307,179,1
306,179,1
306,180,1
305,181,1
305,182,1
305,183,1
305,184,1
305,185,1
305,186,1
305,187,1
305,188,1
305,189,1
305,190,1
305,191,1
306,192,1
306,193,1
306,194,1
306,195,1
306,196,1
306,197,1
306,198,1
306,199,1
306,200,1
306,201,1
306,202,1
306,203,1
306,204,1
307,204,1
307,205,1
307,206,1
307,207,1
307,208,1
307,209,1
307,210,1
307,211,1
307,212,1
307,213,1
307,214,1
307,215,1
308,216,1
308,217,1
308,218,1
308,219,1
308,220,1
308,221,1
308,222,1
308,223,1
308,224,1
308,225,1
308,226,1
309,227,1
309,228,1
309,229,1
309,230,1
309,231,1
309,232,1
309,233,1
309,234,1
309,235,1
309,236,1
309,237,1
310,238,1
310,239,1
310,240,1
310,241,1
310,242,1
310,243,1
310,244,1
310,245,1
310,246,1
311,247,1
311,248,1
311,249,1
311,250,1
311,251,1
311,252,1
311,253,1
311,254,1
311,255,1
311,256,1
311,257,1
311,258,1
311,259,1
311,260,1
312,261,1
312,262,1
312,263,1
312,264,1
312,265,1
312,266,1
312,267,1
313,268,1
313,269,1
313,270,1
313,271,1
313,272,1
314,273,1
314,274,1
314,275,1
314,276,1
315,276,1
315,277,1
315,278,1
316,278,1
316,277,1
359,213,0
400,149,1
401,149,1
402,149,1
403,149,1
404,149,1
405,149,1
406,149,1
407,149,1
408,149,1
409,148,1
410,148,1
411,148,1
412,148,1
413,148,1
414,148,1
415,148,1
416,148,1
417,148,1
418,148,1
419,148,1
420,148,1
421,147,1
422,147,1
423,147,1
424,147,1
425,147,1
426,147,1
427,147,1
428,147,1
429,147,1
430,146,1
431,146,1
432,146,1
433,146,1
434,146,1
435,146,1
436,146,1
437,146,1
438,146,1
439,146,1
440,146,1
441,146,1
442,146,1
443,146,1
444,145,1
445,145,1
446,145,1
447,145,1
448,145,1
449,145,1
450,145,1
451,145,1
452,145,1
453,146,1
454,146,1
455,146,1
456,146,1
457,147,1
458,147,1
459,148,1
460,148,1
460,149,1
461,149,1
461,150,1
462,150,1
462,151,1
463,152,1
464,153,1
464,154,1
464,155,1
464,156,1
465,156,1
465,157,1
465,158,1
465,159,1
465,160,1
466,161,1
466,162,1
466,163,1
466,164,1
466,165,1
466,166,1
466,167,1
466,168,1
466,169,1
466,170,1
466,171,1
465,172,1
465,173,1
465,174,1
465,175,1
465,176,1
465,177,1
465,178,1
465,179,1
465,180,1
465,181,1
465,182,1
465,183,1
465,184,1
465,185,1
465,186,1
465,187,1
465,188,1
465,189,1
465,190,1
465,191,1
465,192,1
465,193,1
465,194,1
465,195,1
465,196,1
465,197,1
465,198,1
465,199,1
465,200,1
465,201,1
465,202,1
465,203,1
465,204,1
466,205,1
466,206,1
466,207,1
466,208,1
466,209,1
466,210,1
466,211,1
466,212,1
466,213,1
466,214,1
466,215,1
466,216,1
466,217,1
466,218,1
467,219,1
467,220,1
467,221,1
467,222,1
467,223,1
467,224,1
467,225,1
467,226,1
467,227,1
467,228,1
468,229,1
468,230,1
468,231,1
468,232,1
468,233,1
468,234,1
468,235,1
468,236,1
468,237,1
468,238,1
468,239,1
468,240,1
468,241,1
468,242,1
468,243,1
468,244,1
468,245,1
468,246,1
469,246,1
469,247,1
469,248,1
469,249,1
469,250,1
469,251,1
469,252,1
469,253,1
469,254,1
469,255,1
469,256,1
469,257,1
469,258,1
470,259,1
469,260,1
469,261,1
468,261,1
461,217,0
456,177,1
455,177,1
454,176,1
453,176,1
452,176,1
451,175,1
450,175,1
449,175,1
448,175,1
447,175,1
446,175,1
445,175,1
444,175,1
443,175,1
442,175,1
441,175,1
440,175,1
439,175,1
438,175,1
437,175,1
436,175,1
435,175,1
434,176,1
433,176,1
432,176,1
431,176,1
430,176,1
429,177,1
428,177,1
427,177,1
426,177,1
425,178,1
424,178,1
423,179,1
422,179,1
421,179,1
420,180,1
419,180,1
419,181,1
418,181,1
417,181,1
416,182,1
415,182,1
415,183,1
414,183,1
413,184,1
412,184,1
412,185,1
411,185,1
410,186,1
409,186,1
409,187,1
408,187,1
407,188,1
407,189,1
406,189,1
405,190,1
405,191,1
404,191,1
403,192,1
403,193,1
402,194,1
401,194,1
401,195,1
400,196,1
400,197,1
399,197,1
398,198,1
398,199,1
397,200,1
396,201,1
396,202,1
396,203,1
395,204,1
395,205,1
394,206,1
394,207,1
394,208,1
394,209,1
393,210,1
393,211,1
393,212,1
393,213,1
393,214,1
393,215,1
393,216,1
393,217,1
393,218,1
394,218,1
394,219,1
394,220,1
394,221,1
395,222,1
396,223,1
396,224,1
397,224,1
398,225,1
399,226,1
400,226,1
401,226,1
402,226,1
402,227,1
403,226,1
404,226,1
405,226,1
406,226,1
406,225,1
407,225,1
407,224,1
408,224,1
408,223,1
409,222,1
409,221,1
409,220,1
410,219,1
410,218,1
410,217,1
410,216,1
410,215,1
410,214,1
409,213,1
409,212,1
409,211,1
409,210,1
408,209,1
408,208,1
407,207,1
407,206,1
406,206,1
406,205,1
405,204,1
404,203,1
403,202,1
402,201,1
401,201,1
401,200,1
400,199,1
399,199,1
398,199,1
397,198,1
417,154,0
430,112,1
431,111,1
432,111,1
432,110,1
433,109,1
434,108,1
435,107,1
436,107,1
437,106,1
438,105,1
439,105,1
439,104,1
440,103,1
441,103,1
442,102,1
443,101,1
444,101,1
444,100,1
445,100,1
446,99,1
447,99,1
448,98,1
449,98,1
449,97,1
450,97,1
451,96,1
452,96,1
453,95,1
454,95,1
454,94,1
455,94,1
456,94,1
457,93,1
458,93,1
459,92,1
460,92,1
461,92,1
461,91,1
462,91,1
463,90,1
464,90,1
465,90,1
466,89,1
467,89,1
468,88,1
469,88,1
470,88,1
471,87,1
472,87,1
473,87,1
474,87,1
475,86,1
476,86,1
477,85,1
478,85,1
479,85,1
480,85,1
481,85,1
482,84,1
483,84,1
484,84,1
485,84,1
486,84,1
487,83,1
488,83,1
489,83,1
490,83,1
491,83,1
492,83,1
493,83,1
494,83,1
495,83,1
496,83,1
497,83,1
498,83,1
499,83,1
500,83,1
501,83,1
502,84,1
503,84,1
504,84,1
505,84,1
506,85,1
507,85,1
508,85,1
509,85,1
510,86,1
511,86,1
512,87,1
513,87,1
514,88,1
515,88,1
516,89,1
517,89,1
517,90,1
518,90,1
519,91,1
520,91,1
520,92,1
521,92,1
522,93,1
523,94,1
524,95,1
525,96,1
526,97,1
527,98,1
527,99,1
528,99,1
528,100,1
529,101,1
530,102,1
530,103,1
531,104,1
531,105,1
532,105,1
532,106,1
532,107,1
533,108,1
533,109,1
534,110,1
534,111,1
535,112,1
535,113,1
535,114,1
535,115,1
536,116,1
536,117,1
536,118,1
537,119,1
537,120,1
537,121,1
537,122,1
537,123,1
538,124,1
538,125,1
538,126,1
538,127,1
538,128,1
538,129,1
539,130,1
539,131,1
539,132,1
539,133,1
539,134,1
539,135,1
539,136,1
539,137,1
539,138,1
539,139,1
539,140,1
539,141,1
539,142,1
539,143,1
539,144,1
539,145,1
539,146,1
539,147,1
539,148,1
539,149,1
539,150,1
539,151,1
539,152,1
539,153,1
539,154,1
539,155,1
538,156,1
538,157,1
538,158,1
538,159,1
538,160,1
538,161,1
538,162,1
538,163,1
538,164,1
537,165,1
537,166,1
537,167,1
537,168,1
537,169,1
537,170,1
537,171,1
537,172,1
536,173,1
536,174,1
536,175,1
536,176,1
536,177,1
536,178,1
535,179,1
535,180,1
535,181,1
535,182,1
535,183,1
534,184,1
534,185,1
534,186,1
534,187,1
534,188,1
534,189,1
533,189,1
533,190,1
533,191,1
533,192,1
533,193,1
533,194,1
533,195,1
532,196,1
532,197,1
532,198,1
532,199,1
532,200,1
532,201,1
531,202,1
531,203,1
531,204,1
531,205,1
531,206,1
531,207,1
531,208,1
530,209,1
530,210,1
530,211,1
530,212,1
529,213,1
529,214,1
529,215,1
529,216,1
529,217,1
529,218,1
528,218,1
528,219,1
528,220,1
528,221,1
528,222,1
527,223,1
527,224,1
527,225,1
527,226,1
527,227,1
526,228,1
526,229,1
526,230,1
526,231,1
526,232,1
526,233,1
526,234,1
525,235,1
525,236,1
525,237,1
525,238,1
525,239,1
525,240,1
525,241,1
525,242,1
525,243,1
524,244,1
524,245,1
524,246,1
524,247,1
524,248,1
524,249,1
524,250,1
523,251,1
523,252,1
523,253,1
523,254,1
523,255,1
523,256,1
522,257,1
522,258,1
522,259,1
522,260,1
522,261,1
522,262,1
522,263,1
521,264,1
521,265,1
521,266,1
521,267,1
521,268,1
521,269,1
521,270,1
520,271,1
520,272,1
520,273,1
520,274,1
520,275,1
520,276,1
520,277,1
519,278,1
519,279,1
519,280,1
519,281,1
519,282,1
519,283,1
518,284,1
518,285,1
518,286,1
518,287,1
518,288,1
518,289,1
517,290,1
517,291,1
517,292,1
516,292,1
515,293,1
514,293,1
513,293,1
513,292,1
512,291,1
512,290,1
511,289,1
511,288,1
533,213,0
550,134,1
551,134,1
552,134,1
553,134,1
554,134,1
555,134,1
556,134,1
557,134,1
558,134,1
559,134,1
560,134,1
561,134,1
562,134,1
563,134,1
564,134,1
565,134,1
566,134,1
567,134,1
568,134,1
569,134,1
570,134,1
571,134,1
572,134,1
573,134,1
574,134,1
575,134,1
576,134,1
577,134,1
578,134,1
579,134,1
580,134,1
581,134,1
582,134,1
583,134,1
584,135,1
585,135,1
586,135,1
587,135,1
588,135,1
589,135,1
590,135,1
591,135,1
592,135,1
593,135,1
594,135,1
595,135,1
596,135,1
597,135,1
598,135,1
599,135,1
600,135,1
601,135,1
602,135,1
603,135,1
604,135,1
605,135,1
606,135,1
607,135,1
608,135,1
609,135,1
610,135,1
611,135,1
612,135,1
613,135,1
614,135,1
615,135,1
616,135,1
617,135,1
618,135,1
619,135,1
620,135,1
621,135,1
622,135,1
623,135,1
624,135,1
625,135,1
626,135,1
627,135,1
628,136,1
629,136,1
630,136,1
631,136,1
632,136,1
633,136,1
634,136,1
635,136,1
636,136,1
637,136,1
638,136,1
639,136,1
640,136,1
641,136,1
642,136,1
643,136,1
644,136,1
645,136,1
646,136,1
647,136,1
648,136,1
649,136,1
650,137,1
651,137,1
652,137,1
653,137,1
654,137,1
655,137,1
656,137,1
657,137,1
658,137,1
659,137,1
660,137,1
661,137,1
662,137,1
663,137,1
664,137,1
665,137,1
666,137,1
667,137,1
668,137,1
669,138,1
670,138,1
671,138,1
672,138,1
673,138,1
674,138,1
675,138,1
676,138,1
677,138,1
678,138,1
679,138,1
680,138,1
681,138,1
682,138,1
683,138,1
684,138,1
685,138,1
686,139,1
687,139,1
688,139,1
689,139,1
690,139,1
691,139,1
692,139,1
693,139,1
694,139,1
695,139,1
696,139,1
697,139,1
698,139,1
699,139,1
700,139,1
701,139,1
702,139,1
703,139,1
704,139,1
705,139,1
706,139,1
707,139,1
708,139,1
709,139,1
710,139,1
711,139,1
712,139,1
713,139,1
714,139,1
715,139,1
716,139,1
716,138,1
715,138,1
714,137,1
713,137,1
674,153,0
635,168,1
634,168,1
633,168,1
632,168,1
631,167,1
630,167,1
629,166,1
628,166,1
627,165,1
626,165,1
625,164,1
624,164,1
623,163,1
623,162,1
622,162,1
621,161,1
621,160,1
620,160,1
620,159,1
619,158,1
618,157,1
618,156,1
618,155,1
618,154,1
617,153,1
617,152,1
617,151,1
618,150,1
618,149,1
618,148,1
618,147,1
619,146,1
619,145,1
620,145,1
620,144,1
621,143,1
622,143,1
622,142,1
623,142,1
624,142,1
624,141,1
625,141,1
626,141,1
627,140,1
628,140,1
629,140,1
630,140,1
631,139,1
632,139,1
633,139,1
634,139,1
635,139,1
636,139,1
637,139,1
638,139,1
639,140,1
640,140,1
641,140,1
642,140,1
643,140,1
644,141,1
645,141,1
646,141,1
646,142,1
647,142,1
648,142,1
649,143,1
650,143,1
651,143,1
652,144,1
653,144,1
653,145,1
654,145,1
655,146,1
656,146,1
657,147,1
658,148,1
659,149,1
660,149,1
660,150,1
661,150,1
662,151,1
663,151,1
663,152,1
664,153,1
664,154,1
665,154,1
666,155,1
666,156,1
667,157,1
668,158,1
668,159,1
669,160,1
669,161,1
670,162,1
670,163,1
670,164,1
671,165,1
671,166,1
671,167,1
672,168,1
672,169,1
672,170,1
672,171,1
672,172,1
672,173,1
673,174,1
673,175,1
672,176,1
672,177,1
672,178,1
672,179,1
672,180,1
672,181,1
672,182,1
671,183,1
671,184,1
671,185,1
671,186,1
670,186,1
670,187,1
670,188,1
669,189,1
669,190,1
669,191,1
668,191,1
668,192,1
668,193,1
667,194,1
667,195,1
666,195,1
666,196,1
665,197,1
665,198,1
664,199,1
663,200,1
663,201,1
662,202,1
661,203,1
660,204,1
659,205,1
659,206,1
658,206,1
657,207,1
657,208,1
656,208,1
655,209,1
655,210,1
654,210,1
653,211,1
652,212,1
651,213,1
650,213,1
649,214,1
649,215,1
648,215,1
647,216,1
646,216,1
646,217,1
645,217,1
644,218,1
643,218,1
643,219,1
642,219,1
641,220,1
640,220,1
639,221,1
638,221,1
637,222,1
636,222,1
635,222,1
634,223,1
633,223,1
632,223,1
632,224,1
631,224,1
630,224,1
629,224,1
628,224,1
627,225,1
626,225,1
625,225,1
624,225,1
623,225,1
622,225,1
621,225,1
620,224,1
619,224,1
618,224,1
617,224,1
616,223,1
615,223,1
614,222,1
613,222,1
613,221,1
612,221,1
613,221,1
614,221,1
615,222,1
616,222,1
617,223,1
618,224,1
619,225,1
620,226,1
621,227,1
622,227,1
622,228,1
623,229,1
624,230,1
625,231,1
626,232,1
626,233,1
627,234,1
628,234,1
628,235,1
629,236,1
629,237,1
630,238,1
631,238,1
631,239,1
632,240,1
633,241,1
633,242,1
634,242,1
634,243,1
635,244,1
636,245,1
636,246,1
637,246,1
637,247,1
638,248,1
639,249,1
639,250,1
640,250,1
641,251,1
641,252,1
642,253,1
643,254,1
644,255,1
644,256,1
645,257,1
646,257,1
646,258,1
647,259,1
648,259,1
649,260,1
649,261,1
650,262,1
651,262,1
652,263,1
652,264,1
653,265,1
654,265,1
655,266,1
655,267,1
656,267,1
657,268,1
658,269,1
659,269,1
659,270,1
660,271,1
661,271,1
662,272,1
663,272,1
663,273,1
664,273,1
665,273,1
666,274,1
667,274,1
668,274,1
668,275,1
669,275,1
670,275,1
671,275,1
672,274,1
673,274,1
708,228,0
748,178,1
748,179,1
748,180,1
748,181,1
748,182,1
748,183,1
748,184,1
748,185,1
748,186,1
748,187,1
748,188,1
749,189,1
749,190,1
749,191,1
749,192,1
749,193,1
749,194,1
749,195,1
749,196,1
749,197,1
749,198,1
749,199,1
749,200,1
749,201,1
749,202,1
749,203,1
749,204,1
749,205,1
749,206,1
749,207,1
749,208,1
749,209,1
749,210,1
749,211,1
749,212,1
749,213,1
749,214,1
749,215,1
749,216,1
749,217,1
749,218,1
748,218,1
748,219,1
748,220,1
748,221,1
748,222,1
748,223,1
748,224,1
748,225,1
748,226,1
748,227,1
748,228,1
748,229,1
748,230,1
748,231,1
748,232,1
747,233,1
747,234,1
747,235,1
747,236,1
747,237,1
747,238,1
747,239,1
747,240,1
747,241,1
747,242,1
746,243,1
746,244,1
746,245,1
746,246,1
746,247,1
746,248,1
746,249,1
746,250,1
746,251,1
746,252,1
746,253,1
746,254,1
746,255,1
746,256,1
746,257,1
746,258,1
746,259,1
745,260,1
745,261,1
745,262,1
745,263,1
745,264,1
745,265,1
745,266,1
745,267,1
744,268,1
744,269,1
744,270,1
744,271,1
744,272,1
744,273,1
744,274,1
743,275,1
743,276,1
743,277,1
743,278,1
743,279,1
743,280,1
742,281,1
742,282,1
742,283,1
742,284,1
742,285,1
742,286,1
741,287,1
741,288,1
741,289,1
741,290,1
741,291,1
741,292,1
740,293,1
740,294,1
740,295,1
740,296,1
740,297,1
740,298,1
740,299,1
739,300,1
739,301,1
739,302,1
739,303,1
739,304,1
739,305,1
739,306,1
739,307,1
739,308,1
739,309,1
739,310,1
739,311,1
738,312,1
738,313,1
739,313,1
739,312,1
739,311,1
739,310,1
739,310,0
