105,202,1
106,202,1
107,202,1
108,202,1
109,202,1
110,202,1
111,202,1
112,202,1
113,202,1
114,202,1
115,202,1
115,201,1
116,201,1
117,201,1
118,201,1
119,201,1
120,201,1
121,201,1
122,201,1
123,201,1
124,201,1
125,201,1
126,201,1
127,201,1
128,201,1
129,201,1
130,201,1
131,200,1
132,200,1
133,200,1
134,200,1
135,200,1
136,200,1
137,200,1
138,200,1
139,200,1
140,200,1
141,200,1
142,200,1
143,200,1
144,200,1
145,200,1
146,199,1
147,199,1
148,199,1
149,199,1
150,199,1
151,199,1
152,199,1
153,199,1
154,199,1
155,199,1
156,199,1
157,199,1
158,198,1
159,198,1
160,198,1
161,198,1
162,198,1
163,198,1
164,198,1
165,198,1
166,198,1
167,198,1
168,198,1
169,198,1
170,198,1
171,198,1
172,198,1
173,198,1
174,198,1
175,198,1
176,198,1
177,198,1
178,198,1
179,198,1
180,197,1
181,197,1
182,197,1
183,197,1
184,197,1
185,197,1
186,197,1
187,197,1
188,197,1
189,197,1
190,197,1
191,197,1
192,196,1
193,196,1
194,196,1
195,196,1
196,196,1
197,196,1
198,196,1
199,196,1
200,196,1
201,196,1
202,196,1
203,196,1
204,195,1
205,195,1
206,195,1
207,195,1
208,195,1
209,195,1
210,195,1
211,195,1
212,195,1
213,195,1
214,195,1
215,195,1
216,195,1
217,195,1
217,194,1
218,194,1
219,194,1
220,194,1
221,194,1
222,194,1
223,194,1
224,194,1
225,194,1
226,194,1
227,194,1
228,194,1
229,194,1
230,194,1
231,194,1
232,194,1
233,193,1
234,193,1
235,193,1
236,193,1
237,193,1
238,193,1
239,193,1
240,193,1
241,193,1
242,193,1
243,193,1
244,193,1
245,193,1
246,193,1
247,193,1
248,193,1
249,193,1
250,193,1
251,193,1
252,193,1
253,193,1
254,193,1
255,193,1
256,193,1
257,193,1
258,193,1
259,193,1
260,193,1
261,193,1
262,193,1
263,193,1
264,193,1
265,192,1
266,192,1
267,192,1
268,192,1
269,192,1
270,192,1
271,192,1
272,192,1
273,192,1
274,192,1
275,192,1
276,192,1
277,192,1
278,191,1
279,191,1
280,191,1
281,191,1
282,191,1
283,191,1
284,191,1
285,191,1
286,191,1
287,191,1
288,191,1
289,191,1
290,191,1
290,190,1
291,190,1
292,190,1
293,190,1
294,190,1
295,190,1
296,190,1
297,190,1
298,190,1
299,190,1
300,190,1
301,190,1
302,190,1
303,190,1
304,189,1
305,189,1
306,189,1
307,189,1
308,189,1
309,189,1
310,189,1
311,189,1
312,189,1
313,189,1
314,189,1
315,189,1
316,189,1
317,189,1
318,189,1
319,189,1
320,189,1
321,188,1
322,188,1
323,188,1
324,188,1
325,188,1
326,188,1
327,188,1
328,188,1
329,188,1
330,188,1
331,188,1
332,188,1
333,188,1
334,188,1
335,188,1
336,188,1
337,188,1
338,188,1
339,188,1
340,188,1
341,188,1
342,188,1
343,188,1
344,188,1
345,188,1
346,188,1
347,188,1
348,188,1
349,188,1
350,188,1
351,188,1
352,188,1
353,188,1
354,188,1
355,188,1
356,188,1
357,188,1
358,188,1
359,188,1
360,188,1
361,188,1
362,188,1
363,188,1
363,187,1
364,187,1
365,187,1
366,187,1
367,187,1
368,187,1
369,187,1
370,187,1
371,187,1
372,187,1
373,187,1
374,187,1
375,187,1
376,187,1
377,187,1
378,187,1
379,187,1
380,187,1
381,187,1
382,187,1
383,187,1
384,187,1
385,187,1
386,187,1
387,187,1
388,187,1
389,187,1
390,187,1
391,187,1
392,187,1
393,187,1
394,187,1
395,187,1
396,187,1
397,187,1
398,187,1
399,187,1
400,187,1
401,187,1
402,187,1
403,187,1
404,187,1
405,187,1
406,187,1
407,187,1
408,187,1
409,187,1
410,187,1
411,187,1
410,187,1
409,187,1
408,187,1
274,199,0
134,212,1
135,212,1
136,212,1
137,212,1
138,212,1
139,212,1
140,212,1
141,212,1
142,212,1
143,212,1
144,212,1
145,212,1
146,212,1
147,212,1
148,212,1
149,212,1
150,212,1
151,212,1
152,212,1
153,212,1
154,212,1
155,212,1
156,212,1
157,212,1
158,212,1
159,212,1
160,212,1
161,212,1
162,212,1
163,212,1
164,212,1
165,212,1
166,212,1
167,213,1
168,213,1
169,213,1
170,213,1
171,213,1
172,214,1
173,214,1
174,214,1
175,215,1
176,215,1
177,215,1
178,215,1
178,216,1
179,216,1
180,216,1
181,217,1
182,218,1
183,218,1
184,219,1
185,219,1
185,220,1
186,220,1
187,221,1
188,222,1
189,223,1
189,224,1
190,224,1
190,225,1
190,226,1
191,226,1
191,227,1
191,228,1
192,229,1
192,230,1
192,231,1
192,232,1
192,233,1
192,234,1
192,235,1
191,236,1
191,237,1
191,238,1
190,239,1
190,240,1
189,240,1
189,241,1
189,242,1
188,242,1
188,243,1
187,244,1
187,245,1
186,245,1
185,246,1
185,247,1
184,247,1
183,248,1
182,249,1
182,250,1
181,250,1
180,251,1
179,251,1
179,252,1
178,253,1
177,253,1
176,254,1
175,255,1
174,255,1
173,256,1
172,257,1
171,257,1
170,257,1
169,258,1
168,258,1
168,259,1
167,259,1
166,259,1
165,260,1
164,260,1
163,260,1
163,261,1
162,261,1
161,261,1
160,261,1
159,261,1
158,262,1
157,262,1
156,262,1
155,262,1
155,261,1
154,261,1
153,261,1
153,260,1
154,260,1
154,259,1
155,259,1
156,258,1
157,258,1
158,258,1
159,257,1
160,257,1
161,257,1
162,256,1
163,256,1
164,256,1
165,256,1
166,255,1
167,255,1
168,255,1
169,255,1
170,255,1
171,255,1
172,255,1
173,255,1
173,254,1
174,254,1
175,254,1
176,254,1
177,254,1
178,254,1
179,254,1
180,254,1
181,254,1
182,254,1
183,254,1
184,254,1
185,254,1
186,254,1
187,254,1
188,254,1
188,255,1
189,255,1
190,255,1
191,255,1
192,255,1
193,255,1
194,255,1
195,256,1
196,256,1
197,256,1
198,256,1
199,256,1
200,256,1
201,256,1
202,257,1
203,257,1
204,257,1
205,257,1
206,258,1
207,258,1
208,258,1
209,259,1
210,259,1
211,260,1
212,260,1
213,260,1
214,261,1
215,261,1
216,262,1
217,262,1
217,263,1
218,263,1
219,263,1
219,264,1
220,264,1
221,265,1
222,265,1
222,266,1
223,266,1
224,267,1
225,268,1
226,268,1
226,269,1
227,269,1
227,270,1
228,270,1
229,271,1
229,272,1
230,272,1
230,273,1
231,274,1
232,275,1
232,276,1
233,276,1
233,277,1
233,278,1
234,279,1
234,280,1
235,281,1
235,282,1
236,283,1
236,284,1
236,285,1
236,286,1
236,287,1
236,288,1
237,289,1
236,290,1
236,291,1
236,292,1
236,293,1
236,294,1
235,295,1
235,296,1
235,297,1
234,298,1
234,299,1
233,300,1
232,301,1
232,302,1
231,302,1
231,303,1
230,304,1
229,305,1
228,306,1
227,307,1
226,308,1
225,308,1
224,309,1
223,309,1
222,310,1
221,311,1
220,311,1
219,312,1
218,313,1
217,313,1
216,313,1
215,314,1
214,314,1
213,315,1
212,315,1
211,316,1
210,316,1
209,316,1
208,316,1
207,317,1
206,317,1
205,317,1
204,318,1
203,318,1
202,318,1
202,319,1
201,319,1
200,319,1
199,319,1
198,319,1
197,320,1
196,320,1
195,320,1
194,320,1
193,320,1
192,321,1
191,321,1
190,321,1
189,321,1
188,321,1
187,321,1
186,321,1
185,321,1
184,322,1
183,322,1
182,322,1
181,322,1
180,322,1
179,322,1
178,322,1
177,322,1
176,323,1
175,323,1
174,323,1
173,323,1
172,323,1
171,323,1
170,323,1
169,323,1
168,323,1
167,323,1
166,323,1
165,323,1
164,323,1
163,323,1
162,323,1
161,323,1
160,322,1
159,322,1
158,322,1
157,322,1
156,322,1
155,322,1
154,322,1
153,322,1
152,321,1
151,321,1
150,321,1
149,321,1
148,321,1
147,321,1
146,321,1
145,321,1
144,320,1
143,320,1
142,320,1
141,320,1
140,320,1
139,319,1
138,319,1
137,319,1
136,319,1
135,318,1
134,318,1
133,318,1
132,317,1
131,317,1
130,317,1
129,316,1
128,316,1
127,315,1
126,315,1
125,314,1
124,313,1
123,313,1
122,313,1
121,312,1
120,311,1
119,311,1
118,310,1
117,309,1
116,309,1
115,308,1
114,307,1
113,307,1
113,306,1
112,306,1
112,305,1
111,305,1
111,304,1
110,303,1
109,302,1
109,301,1
108,300,1
108,299,1
108,298,1
108,297,1
109,297,1
174,270,0
237,241,1
238,241,1
239,241,1
240,241,1
241,241,1
242,241,1
243,240,1
244,240,1
245,240,1
246,240,1
247,240,1
248,240,1
249,240,1
250,239,1
251,239,1
252,239,1
253,239,1
254,239,1
255,238,1
256,238,1
257,238,1
258,238,1
259,238,1
260,237,1
261,237,1
262,237,1
263,237,1
264,237,1
265,236,1
266,236,1
267,236,1
268,235,1
269,235,1
270,235,1
271,235,1
271,234,1
272,234,1
273,234,1
274,233,1
275,233,1
275,232,1
276,232,1
277,232,1
278,231,1
279,231,1
279,230,1
280,230,1
281,230,1
282,229,1
283,228,1
284,227,1
285,227,1
285,226,1
286,226,1
287,225,1
288,224,1
289,223,1
290,223,1
290,222,1
291,221,1
292,221,1
292,220,1
293,219,1
294,218,1
294,217,1
295,217,1
295,216,1
296,215,1
297,214,1
297,213,1
298,212,1
298,211,1
299,210,1
299,209,1
300,208,1
300,207,1
301,206,1
301,205,1
301,204,1
302,204,1
302,203,1
302,202,1
303,202,1
303,201,1
303,200,1
304,200,1
304,199,1
305,199,1
305,198,1
306,198,1
306,199,1
307,199,1
307,200,1
307,201,1
307,202,1
307,203,1
308,203,1
308,204,1
308,205,1
308,206,1
308,207,1
308,208,1
308,209,1
309,210,1
309,211,1
309,212,1
309,213,1
309,214,1
309,215,1
309,216,1
309,217,1
309,218,1
310,219,1
310,220,1
310,221,1
310,222,1
310,223,1
310,224,1
310,225,1
310,226,1
310,227,1
310,228,1
310,229,1
310,230,1
310,231,1
310,232,1
310,233,1
310,234,1
311,235,1
311,236,1
311,237,1
311,238,1
311,239,1
311,240,1
311,241,1
311,242,1
312,243,1
312,244,1
312,245,1
312,246,1
312,247,1
312,248,1
312,249,1
312,250,1
312,251,1
313,252,1
313,253,1
313,254,1
313,255,1
313,256,1
313,257,1
313,258,1
313,259,1
313,260,1
313,261,1
314,261,1
314,262,1
314,263,1
314,264,1
314,265,1
314,266,1
314,267,1
314,268,1
314,269,1
314,270,1
315,271,1
315,272,1
315,273,1
315,274,1
315,275,1
315,276,1
315,277,1
315,278,1
315,279,1
315,280,1
315,281,1
315,282,1
315,283,1
315,284,1
315,285,1
316,286,1
316,287,1
316,288,1
316,289,1
316,290,1
316,291,1
316,292,1
317,293,1
317,294,1
317,295,1
317,296,1
318,297,1
318,298,1
318,299,1
319,299,1
319,298,1
356,236,0
391,175,1
392,175,1
393,175,1
394,175,1
395,175,1
396,175,1
397,175,1
398,175,1
398,174,1
399,174,1
400,174,1
401,174,1
402,174,1
403,174,1
404,174,1
405,174,1
406,174,1
407,174,1
408,174,1
409,174,1
410,174,1
411,174,1
412,173,1
413,173,1
414,173,1
415,173,1
416,173,1
417,173,1
418,173,1
419,173,1
420,173,1
421,173,1
422,173,1
423,173,1
424,173,1
425,173,1
426,173,1
427,173,1
428,173,1
429,173,1
430,173,1
431,173,1
432,173,1
432,172,1
433,172,1
434,172,1
435,172,1
436,172,1
437,172,1
438,172,1
439,172,1
440,172,1
441,172,1
442,172,1
443,171,1
444,171,1
445,171,1
446,171,1
447,171,1
448,171,1
449,171,1
450,171,1
451,171,1
452,171,1
453,171,1
454,171,1
455,170,1
456,170,1
457,170,1
458,170,1
459,170,1
460,170,1
461,170,1
462,170,1
463,170,1
464,170,1
465,170,1
466,170,1
466,169,1
467,169,1
468,169,1
469,169,1
470,169,1
471,169,1
472,169,1
473,169,1
474,169,1
475,169,1
476,169,1
477,170,1
478,170,1
479,170,1
480,170,1
480,171,1
481,171,1
482,171,1
483,172,1
484,172,1
485,173,1
486,174,1
486,175,1
487,175,1
487,176,1
488,177,1
489,178,1
489,179,1
489,180,1
489,181,1
490,182,1
490,183,1
490,184,1
490,185,1
490,186,1
490,187,1
490,188,1
490,189,1
490,190,1
490,191,1
490,192,1
490,193,1
490,194,1
490,195,1
490,196,1
490,197,1
490,198,1
490,199,1
490,200,1
490,201,1
490,202,1
490,203,1
490,204,1
490,205,1
490,206,1
490,207,1
491,207,1
491,208,1
491,209,1
491,210,1
491,211,1
491,212,1
491,213,1
491,214,1
491,215,1
491,216,1
491,217,1
491,218,1
492,219,1
492,220,1
492,221,1
492,222,1
492,223,1
492,224,1
492,225,1
493,226,1
493,227,1
493,228,1
493,229,1
493,230,1
493,231,1
493,232,1
494,232,1
494,233,1
494,234,1
494,235,1
494,236,1
494,237,1
494,238,1
495,239,1
495,240,1
495,241,1
495,242,1
495,243,1
495,244,1
495,245,1
495,246,1
495,247,1
495,248,1
495,249,1
495,250,1
495,251,1
496,252,1
496,253,1
496,254,1
496,255,1
496,256,1
496,257,1
496,258,1
497,259,1
497,260,1
497,261,1
497,262,1
497,263,1
497,264,1
497,265,1
497,266,1
497,267,1
497,268,1
496,269,1
496,270,1
495,271,1
473,238,0
453,208,1
452,208,1
451,208,1
450,209,1
449,209,1
448,209,1
447,209,1
446,209,1
446,210,1
445,210,1
444,210,1
443,210,1
442,210,1
441,211,1
440,211,1
439,211,1
438,212,1
437,212,1
436,212,1
435,213,1
434,213,1
433,213,1
432,214,1
431,214,1
430,215,1
429,215,1
428,215,1
427,216,1
426,216,1
425,217,1
424,217,1
423,218,1
422,218,1
421,219,1
420,219,1
419,220,1
418,220,1
418,221,1
417,221,1
416,222,1
415,222,1
414,223,1
413,224,1
412,225,1
411,226,1
410,226,1
410,227,1
409,228,1
408,228,1
408,229,1
407,230,1
406,231,1
405,232,1
405,233,1
404,234,1
404,235,1
404,236,1
403,237,1
403,238,1
402,239,1
402,240,1
402,241,1
402,242,1
402,243,1
402,244,1
402,245,1
402,246,1
403,247,1
403,248,1
403,249,1
404,250,1
405,251,1
406,252,1
407,253,1
408,253,1
409,254,1
410,254,1
411,254,1
412,254,1
413,254,1
414,254,1
415,253,1
416,253,1
416,252,1
417,252,1
417,251,1
417,250,1
418,250,1
418,249,1
418,248,1
418,247,1
418,246,1
417,245,1
417,244,1
416,243,1
416,242,1
415,241,1
414,240,1
413,239,1
412,239,1
412,238,1
411,238,1
410,237,1
409,236,1
408,236,1
408,235,1
407,235,1
406,234,1
405,234,1
404,233,1
403,233,1
402,232,1
401,232,1
400,231,1
399,231,1
398,230,1
397,230,1
396,230,1
395,229,1
394,229,1
393,228,1
392,228,1
391,228,1
390,227,1
441,179,0
486,130,1
487,130,1
488,130,1
489,130,1
490,130,1
491,130,1
492,130,1
493,130,1
494,130,1
495,131,1
496,131,1
497,131,1
498,132,1
499,132,1
500,132,1
501,133,1
502,133,1
503,134,1
504,134,1
505,135,1
506,136,1
507,136,1
508,137,1
509,137,1
509,138,1
510,138,1
511,139,1
512,139,1
512,140,1
513,141,1
514,141,1
515,142,1
516,143,1
516,144,1
517,144,1
518,145,1
519,146,1
519,147,1
520,148,1
521,149,1
521,150,1
522,150,1
522,151,1
522,152,1
523,153,1
524,154,1
524,155,1
525,155,1
525,156,1
525,157,1
526,158,1
527,159,1
527,160,1
527,161,1
527,162,1
528,162,1
528,163,1
528,164,1
529,165,1
529,166,1
530,167,1
530,168,1
530,169,1
531,170,1
531,171,1
531,172,1
531,173,1
532,173,1
532,174,1
532,175,1
532,176,1
533,177,1
533,178,1
533,179,1
533,180,1
534,181,1
534,182,1
534,183,1
534,184,1
534,185,1
535,186,1
535,187,1
535,188,1
535,189,1
535,190,1
535,191,1
535,192,1
536,193,1
536,194,1
536,195,1
536,196,1
536,197,1
537,198,1
537,199,1
537,200,1
537,201,1
537,202,1
537,203,1
538,204,1
538,205,1
538,206,1
538,207,1
538,208,1
538,209,1
538,210,1
538,211,1
539,212,1
539,213,1
539,214,1
539,215,1
539,216,1
539,217,1
539,218,1
539,219,1
539,220,1
539,221,1
539,222,1
539,223,1
539,224,1
539,225,1
539,226,1
539,227,1
539,228,1
539,229,1
539,230,1
539,231,1
539,232,1
539,233,1
539,234,1
539,235,1
539,236,1
539,237,1
539,238,1
539,239,1
540,240,1
540,241,1
540,242,1
540,243,1
540,244,1
540,245,1
540,246,1
540,247,1
540,248,1
540,249,1
540,250,1
540,251,1
540,252,1
540,253,1
540,254,1
540,255,1
540,256,1
540,257,1
540,258,1
540,259,1
540,260,1
540,261,1
540,262,1
540,263,1
540,264,1
540,265,1
540,266,1
540,267,1
540,268,1
540,269,1
541,270,1
541,271,1
541,272,1
541,273,1
541,274,1
541,275,1
541,276,1
541,277,1
541,278,1
541,279,1
541,280,1
541,281,1
541,282,1
541,283,1
541,284,1
541,285,1
541,286,1
541,287,1
541,288,1
541,289,1
541,290,1
541,291,1
541,292,1
541,293,1
541,294,1
541,295,1
541,296,1
541,297,1
541,298,1
541,299,1
541,300,1
540,300,1
540,301,1
540,302,1
540,303,1
540,304,1
539,304,1
539,305,1
538,305,1
538,304,1
554,228,0
566,152,1
567,152,1
568,152,1
569,152,1
570,152,1
571,151,1
572,151,1
573,151,1
574,151,1
575,151,1
576,151,1
577,151,1
578,151,1
579,151,1
580,151,1
581,151,1
582,150,1
583,150,1
584,150,1
585,150,1
586,150,1
587,150,1
588,150,1
589,150,1
590,150,1
591,150,1
592,150,1
593,150,1
593,149,1
594,149,1
595,149,1
596,149,1
597,149,1
598,149,1
599,149,1
600,149,1
601,149,1
602,149,1
603,149,1
604,149,1
605,149,1
606,149,1
607,149,1
608,149,1
609,149,1
610,149,1
611,149,1
612,149,1
613,149,1
614,149,1
615,149,1
616,149,1
617,149,1
618,149,1
619,149,1
620,149,1
621,149,1
622,149,1
623,149,1
624,149,1
625,149,1
626,149,1
627,149,1
627,148,1
628,148,1
629,148,1
630,148,1
631,148,1
632,148,1
633,148,1
634,148,1
635,148,1
636,148,1
637,148,1
638,148,1
639,148,1
640,148,1
641,148,1
642,148,1
643,148,1
644,148,1
645,148,1
646,148,1
647,148,1
648,148,1
649,148,1
650,148,1
651,148,1
652,148,1
653,148,1
654,148,1
655,148,1
656,147,1
657,147,1
658,147,1
659,147,1
660,147,1
661,147,1
662,147,1
663,147,1
664,147,1
665,147,1
666,147,1
667,147,1
668,147,1
669,147,1
670,147,1
671,147,1
672,147,1
673,147,1
674,147,1
675,147,1
676,147,1
677,147,1
678,147,1
679,147,1
680,147,1
681,147,1
682,147,1
683,146,1
684,146,1
685,146,1
686,146,1
687,146,1
688,146,1
689,146,1
690,146,1
691,146,1
692,146,1
693,146,1
694,146,1
695,146,1
696,146,1
697,146,1
698,146,1
699,146,1
700,146,1
701,146,1
702,146,1
703,146,1
704,146,1
705,146,1
706,146,1
707,146,1
708,146,1
709,146,1
710,146,1
711,146,1
712,146,1
713,146,1
714,146,1
715,146,1
716,146,1
717,146,1
718,146,1
719,146,1
720,146,1
721,146,1
722,146,1
723,146,1
724,146,1
725,146,1
726,146,1
727,146,1
728,146,1
729,146,1
730,146,1
731,146,1
732,146,1
733,146,1
734,146,1
735,146,1
736,146,1
737,146,1
738,146,1
739,146,1
740,146,1
741,146,1
742,146,1
743,146,1
744,146,1
745,146,1
746,146,1
747,146,1
748,145,1
749,145,1
750,145,1
751,145,1
752,145,1
753,145,1
754,145,1
755,145,1
756,145,1
757,145,1
758,145,1
759,145,1
760,145,1
761,145,1
762,145,1
763,145,1
764,145,1
765,145,1
766,145,1
767,145,1
768,145,1
769,145,1
770,145,1
771,145,1
772,145,1
773,145,1
774,144,1
773,144,1
772,144,1
708,160,0
645,178,1
644,178,1
643,177,1
642,177,1
641,177,1
641,176,1
640,175,1
639,175,1
639,174,1
638,173,1
637,173,1
637,172,1
637,171,1
636,171,1
636,170,1
636,169,1
636,168,1
636,167,1
636,166,1
636,165,1
636,164,1
636,163,1
637,162,1
637,161,1
638,161,1
638,160,1
638,159,1
639,159,1
639,158,1
640,158,1
640,157,1
641,157,1
641,156,1
642,156,1
643,156,1
643,155,1
644,155,1
645,154,1
646,154,1
647,154,1
647,153,1
648,153,1
649,153,1
650,153,1
651,153,1
651,152,1
652,152,1
653,152,1
654,152,1
655,152,1
656,152,1
657,152,1
658,152,1
659,152,1
660,152,1
661,152,1
662,152,1
663,152,1
664,152,1
665,152,1
666,152,1
667,153,1
668,153,1
669,153,1
670,153,1
671,153,1
671,154,1
672,154,1
673,154,1
674,155,1
675,155,1
676,155,1
676,156,1
677,156,1
678,156,1
679,157,1
680,157,1
681,158,1
682,158,1
682,159,1
683,159,1
684,160,1
685,160,1
685,161,1
686,161,1
687,162,1
688,162,1
688,163,1
689,163,1
690,164,1
691,165,1
692,166,1
693,167,1
694,168,1
695,169,1
696,170,1
697,171,1
697,172,1
698,173,1
699,173,1
699,174,1
700,175,1
700,176,1
701,177,1
701,178,1
702,178,1
702,179,1
703,180,1
703,181,1
704,182,1
704,183,1
705,184,1
705,185,1
706,186,1
706,187,1
706,188,1
707,189,1
707,190,1
707,191,1
707,192,1
708,193,1
708,194,1
708,195,1
708,196,1
708,197,1
709,198,1
709,199,1
709,200,1
709,201,1
709,202,1
709,203,1
709,204,1
709,205,1
709,206,1
709,207,1
709,208,1
709,209,1
709,210,1
709,211,1
709,212,1
708,213,1
708,214,1
708,215,1
708,216,1
708,217,1
707,218,1
707,219,1
707,220,1
707,221,1
706,222,1
706,223,1
706,224,1
705,225,1
705,226,1
705,227,1
704,227,1
704,228,1
704,229,1
703,230,1
703,231,1
702,232,1
702,233,1
701,234,1
701,235,1
700,236,1
699,237,1
699,238,1
698,239,1
697,240,1
697,241,1
696,242,1
695,243,1
694,244,1
693,245,1
693,246,1
692,246,1
692,247,1
691,248,1
690,248,1
690,249,1
689,250,1
688,250,1
688,251,1
687,252,1
686,252,1
685,253,1
685,254,1
684,254,1
683,255,1
682,256,1
681,256,1
680,257,1
679,258,1
678,258,1
677,259,1
676,259,1
676,260,1
675,260,1
674,261,1
673,261,1
672,262,1
671,262,1
671,263,1
670,263,1
669,264,1
668,264,1
667,264,1
666,265,1
665,265,1
664,265,1
663,266,1
662,266,1
661,266,1
661,267,1
660,267,1
659,267,1
658,267,1
657,267,1
656,267,1
656,268,1
655,268,1
654,268,1
653,268,1
652,268,1
651,268,1
650,268,1
649,268,1
648,268,1
647,268,1
646,268,1
645,268,1
644,268,1
643,267,1
642,267,1
641,267,1
640,266,1
639,266,1
638,266,1
637,265,1
636,264,1
635,264,1
634,263,1
633,262,1
632,262,1
632,261,1
631,261,1
631,260,1
630,259,1
629,258,1
629,257,1
628,257,1
628,256,1
628,255,1
627,255,1
627,254,1
627,253,1
627,252,1
627,251,1
627,250,1
627,249,1
628,249,1
628,248,1
629,248,1
629,247,1
630,247,1
631,247,1
632,247,1
633,248,1
634,248,1
635,248,1
636,249,1
637,249,1
638,250,1
639,250,1
639,251,1
640,251,1
641,252,1
642,252,1
642,253,1
643,253,1
644,254,1
645,255,1
646,256,1
647,257,1
648,257,1
648,258,1
649,258,1
650,259,1
651,259,1
651,260,1
652,260,1
653,261,1
653,262,1
654,262,1
655,263,1
656,263,1
657,264,1
658,265,1
659,265,1
660,266,1
661,266,1
661,267,1
662,267,1
663,268,1
664,268,1
665,269,1
666,269,1
666,270,1
667,270,1
668,271,1
669,271,1
670,272,1
671,272,1
672,273,1
673,273,1
674,273,1
675,274,1
676,274,1
677,275,1
678,275,1
679,275,1
680,275,1
681,276,1
682,276,1
683,276,1
684,276,1
685,276,1
686,277,1
687,277,1
688,277,1
689,277,1
690,277,1
691,277,1
692,277,1
693,277,1
694,277,1
695,277,1
696,277,1
697,277,1
698,277,1
699,277,1
700,277,1
701,277,1
702,277,1
703,277,1
704,277,1
705,277,1
706,277,1
707,277,1
708,277,1
709,276,1
710,276,1
711,276,1
712,276,1
713,275,1
714,275,1
715,275,1
716,274,1
717,274,1
718,273,1
744,235,0
773,193,1
773,194,1
773,195,1
773,196,1
773,197,1
773,198,1
773,199,1
773,200,1
773,201,1
774,202,1
774,203,1
774,204,1
774,205,1
774,206,1
774,207,1
775,208,1
775,209,1
775,210,1
775,211,1
775,212,1
775,213,1
775,214,1
776,215,1
776,216,1
776,217,1
776,218,1
776,219,1
776,220,1
777,221,1
777,222,1
777,223,1
777,224,1
777,225,1
777,226,1
777,227,1
778,227,1
778,228,1
778,229,1
778,230,1
778,231,1
778,232,1
778,233,1
778,234,1
778,235,1
778,236,1
778,237,1
778,238,1
779,239,1
779,240,1
779,241,1
779,242,1
779,243,1
779,244,1
779,245,1
780,246,1
780,247,1
780,248,1
780,249,1
780,250,1
781,251,1
781,252,1
781,253,1
781,254,1
781,255,1
782,256,1
782,257,1
782,258,1
782,259,1
782,260,1
782,261,1
783,261,1
783,262,1
783,263,1
783,264,1
783,265,1
783,266,1
784,267,1
784,268,1
784,269,1
784,270,1
784,271,1
784,272,1
785,273,1
785,274,1
785,275,1
785,276,1
786,276,1
786,277,1
786,278,1
786,279,1
786,280,1
787,280,1
787,281,1
787,282,1
787,283,1
787,284,1
787,285,1
788,286,1
788,287,1
788,288,1
788,289,1
788,290,1
788,291,1
788,292,1
789,292,1
789,292,0
