535,726,1
536,726,1
537,725,1
538,725,1
539,724,1
540,724,1
541,723,1
542,723,1
542,722,1
543,722,1
544,721,1
545,721,1
546,720,1
547,720,1
548,720,1
549,719,1
550,719,1
551,718,1
552,718,1
553,718,1
554,717,1
555,717,1
556,717,1
557,717,1
557,716,1
558,716,1
559,716,1
560,716,1
561,716,1
562,716,1
563,716,1
564,716,1
565,716,1
566,716,1
567,716,1
568,716,1
569,717,1
570,717,1
571,717,1
572,717,1
573,717,1
574,717,1
575,717,1
576,717,1
577,717,1
578,717,1
579,718,1
580,718,1
581,718,1
582,718,1
583,718,1
584,718,1
585,719,1
586,719,1
587,719,1
588,720,1
589,720,1
590,721,1
591,721,1
592,721,1
592,722,1
593,722,1
594,722,1
594,723,1
595,723,1
596,724,1
597,725,1
598,725,1
598,726,1
599,726,1
600,727,1
601,728,1
602,729,1
602,730,1
603,730,1
603,731,1
604,731,1
604,732,1
605,733,1
606,734,1
606,735,1
607,736,1
607,737,1
608,738,1
608,739,1
609,739,1
609,740,1
609,741,1
609,742,1
610,742,1
610,743,1
610,744,1
610,745,1
611,746,1
611,747,1
611,748,1
611,749,1
612,750,1
612,751,1
612,752,1
612,753,1
612,754,1
612,755,1
612,756,1
612,757,1
612,758,1
612,759,1
612,760,1
612,761,1
612,762,1
612,763,1
612,764,1
612,765,1
612,766,1
611,767,1
611,768,1
611,769,1
611,770,1
611,771,1
611,772,1
610,773,1
610,774,1
610,775,1
609,776,1
609,777,1
609,778,1
609,779,1
608,780,1
608,781,1
608,782,1
608,783,1
607,783,1
607,784,1
607,785,1
606,786,1
606,787,1
606,788,1
606,789,1
605,790,1
605,791,1
605,792,1
604,793,1
604,794,1
604,795,1
604,796,1
603,797,1
603,798,1
603,799,1
603,800,1
603,801,1
603,802,1
603,803,1
603,804,1
603,805,1
603,806,1
603,807,1
603,808,1
603,809,1
603,810,1
603,811,1
604,811,1
604,812,1
604,813,1
605,813,1
605,814,1
606,814,1
606,815,1
607,815,1
607,816,1
608,816,1
609,817,1
610,817,1
611,817,1
611,818,1
612,818,1
613,818,1
614,819,1
615,819,1
616,819,1
617,819,1
618,819,1
618,820,1
619,820,1
620,820,1
621,820,1
622,820,1
623,820,1
624,820,1
625,820,1
625,821,1
626,821,1
627,821,1
628,821,1
629,821,1
630,821,1
631,821,1
632,821,1
633,821,1
634,821,1
635,821,1
636,821,1
637,821,1
638,821,1
639,822,1
640,822,1
641,822,1
642,822,1
643,822,1
644,822,1
645,822,1
646,822,1
646,823,1
647,823,1
648,823,1
649,823,1
650,823,1
651,824,1
652,824,1
653,824,1
654,824,1
655,825,1
656,825,1
657,825,1
658,826,1
659,826,1
660,827,1
661,827,1
662,828,1
663,828,1
664,829,1
665,829,1
665,830,1
666,830,1
667,830,1
667,831,1
668,831,1
669,832,1
670,833,1
671,833,1
671,834,1
672,835,1
673,836,1
674,837,1
675,838,1
675,839,1
676,839,1
676,840,1
677,841,1
678,842,1
678,843,1
679,844,1
679,845,1
680,845,1
680,846,1
680,847,1
681,848,1
681,849,1
681,850,1
682,851,1
682,852,1
682,853,1
682,854,1
683,855,1
683,856,1
683,857,1
683,858,1
683,859,1
683,860,1
683,861,1
683,862,1
683,863,1
683,864,1
683,865,1
683,866,1
683,867,1
683,868,1
683,869,1
683,870,1
682,871,1
682,872,1
682,873,1
682,874,1
682,875,1
681,876,1
681,877,1
681,878,1
680,879,1
680,880,1
680,881,1
680,882,1
679,883,1
679,884,1
678,885,1
678,886,1
678,887,1
677,888,1
676,889,1
676,890,1
675,891,1
675,892,1
675,893,1
674,893,1
674,894,1
673,895,1
673,896,1
672,896,1
672,897,1
671,898,1
670,899,1
670,900,1
669,900,1
669,901,1
668,902,1
667,903,1
666,904,1
666,905,1
665,905,1
664,906,1
664,907,1
663,907,1
662,908,1
662,909,1
661,909,1
660,910,1
660,911,1
659,911,1
658,912,1
657,912,1
657,913,1
656,913,1
655,914,1
654,915,1
653,915,1
652,916,1
651,917,1
650,918,1
649,919,1
648,920,1
647,920,1
647,921,1
646,921,1
645,922,1
644,923,1
643,924,1
642,924,1
641,925,1
640,925,1
640,926,1
639,926,1
638,927,1
637,927,1
636,928,1
635,928,1
634,929,1
633,929,1
632,929,1
631,930,1
630,930,1
629,931,1
628,931,1
627,931,1
626,931,1
625,931,1
624,931,1
623,931,1
622,931,1
621,931,1
620,931,1
620,930,1
619,930,1
618,930,1
617,930,1
616,929,1
677,844,0
702,772,1
703,771,1
704,771,1
705,770,1
706,770,1
706,769,1
707,769,1
708,768,1
709,767,1
710,767,1
711,766,1
712,765,1
713,765,1
714,764,1
715,764,1
715,763,1
716,763,1
717,762,1
718,762,1
719,761,1
720,760,1
721,759,1
722,759,1
723,758,1
723,757,1
724,757,1
725,756,1
726,755,1
727,754,1
728,754,1
728,753,1
729,752,1
730,751,1
731,750,1
731,749,1
732,749,1
733,748,1
733,747,1
734,747,1
734,746,1
735,745,1
736,745,1
736,744,1
737,743,1
738,743,1
738,742,1
739,742,1
740,741,1
740,740,1
741,740,1
742,739,1
743,738,1
744,737,1
745,736,1
746,735,1
747,735,1
747,734,1
748,733,1
749,733,1
749,732,1
750,731,1
751,731,1
751,730,1
752,730,1
753,729,1
753,728,1
754,728,1
754,727,1
755,727,1
756,726,1
757,725,1
758,725,1
758,724,1
759,724,1
760,723,1
761,723,1
762,722,1
763,722,1
763,721,1
764,721,1
765,721,1
765,720,1
766,720,1
767,720,1
768,719,1
769,719,1
770,719,1
771,719,1
772,718,1
773,718,1
774,718,1
775,718,1
776,718,1
777,719,1
778,719,1
779,719,1
780,719,1
781,720,1
782,720,1
782,721,1
783,721,1
784,722,1
785,722,1
785,723,1
786,723,1
786,724,1
787,724,1
787,725,1
788,725,1
788,726,1
789,726,1
789,727,1
790,727,1
790,728,1
791,728,1
791,729,1
792,729,1
792,730,1
793,731,1
793,732,1
794,733,1
794,734,1
795,734,1
795,735,1
796,736,1
796,737,1
797,737,1
797,738,1
797,739,1
798,740,1
798,741,1
799,741,1
799,742,1
799,743,1
800,744,1
800,745,1
800,746,1
801,747,1
801,748,1
802,749,1
802,750,1
803,751,1
803,752,1
803,753,1
804,754,1
804,755,1
804,756,1
805,757,1
805,758,1
806,759,1
806,760,1
806,761,1
807,762,1
807,763,1
807,764,1
808,765,1
808,766,1
809,766,1
809,767,1
809,768,1
810,769,1
810,770,1
810,771,1
811,772,1
811,773,1
811,774,1
812,774,1
812,775,1
812,776,1
813,777,1
813,778,1
813,779,1
814,780,1
814,781,1
815,782,1
815,783,1
816,784,1
816,785,1
816,786,1
817,787,1
817,788,1
818,789,1
818,790,1
819,791,1
819,792,1
820,793,1
820,794,1
820,795,1
821,796,1
821,797,1
822,798,1
822,799,1
822,800,1
823,801,1
823,802,1
824,803,1
824,804,1
824,805,1
825,805,1
825,806,1
825,807,1
826,808,1
826,809,1
827,810,1
827,811,1
828,812,1
828,813,1
829,814,1
829,815,1
829,816,1
830,816,1
830,817,1
831,818,1
831,819,1
831,820,1
832,821,1
832,822,1
833,823,1
833,824,1
834,825,1
834,826,1
835,827,1
835,828,1
836,829,1
836,830,1
837,831,1
837,832,1
838,832,1
838,833,1
839,833,1
839,833,0
733,591,0
943,633,1
943,634,1
944,635,1
945,636,1
945,637,1
945,638,1
946,639,1
946,640,1
947,641,1
947,642,1
947,643,1
948,644,1
948,645,1
949,646,1
949,647,1
949,648,1
950,649,1
950,650,1
950,651,1
951,652,1
951,653,1
952,654,1
952,655,1
952,656,1
953,657,1
953,658,1
953,659,1
954,660,1
954,661,1
955,662,1
955,663,1
956,664,1
956,665,1
957,666,1
957,667,1
957,668,1
958,669,1
958,670,1
959,671,1
959,672,1
959,673,1
960,674,1
961,675,1
961,676,1
961,677,1
962,678,1
962,679,1
962,680,1
963,681,1
963,682,1
964,683,1
964,684,1
965,685,1
965,686,1
966,687,1
966,688,1
966,689,1
967,690,1
967,691,1
968,692,1
969,693,1
969,694,1
969,695,1
970,696,1
970,697,1
971,697,1
971,698,1
972,699,1
972,700,1
973,701,1
974,702,1
974,703,1
975,704,1
975,705,1
976,706,1
976,707,1
977,708,1
977,709,1
978,710,1
978,711,1
979,711,1
979,712,1
980,713,1
980,714,1
981,715,1
981,716,1
982,716,1
982,717,1
982,718,1
983,719,1
983,720,1
984,720,1
984,721,1
985,722,1
985,723,1
986,723,1
986,724,1
987,725,1
988,725,1
988,726,1
989,726,1
990,727,1
991,727,1
992,728,1
993,728,1
994,728,1
995,728,1
996,728,1
996,727,1
997,727,1
997,726,1
998,726,1
993,655,0
1002,567,1
1002,568,1
1002,569,1
1002,570,1
1002,571,1
1002,572,1
1002,573,1
1001,574,1
1001,575,1
1001,576,1
1001,577,1
1001,578,1
1001,579,1
1001,580,1
1001,581,1
1001,582,1
1001,583,1
1001,584,1
1001,585,1
1001,586,1
1001,587,1
1001,588,1
1001,589,1
1001,590,1
1002,591,1
1002,592,1
1002,593,1
1003,593,1
1003,594,1
1004,594,1
1004,595,1
1005,595,1
1005,596,1
1006,596,1
1006,597,1
1007,597,1
1008,598,1
1009,598,1
1010,598,1
1011,599,1
1012,599,1
1012,600,1
1013,600,1
1013,601,1
1014,601,1
1015,602,1
1016,602,1
1017,603,1
1018,603,1
1018,604,1
1019,604,1
1020,604,1
1021,604,1
1022,605,1
1023,605,1
1024,605,1
1025,605,1
1026,605,1
1027,605,1
1028,606,1
1029,606,1
1030,606,1
1031,606,1
1032,606,1
1033,606,1
1034,606,1
1035,606,1
1036,606,1
1037,606,1
1038,606,1
1039,606,1
1040,605,1
1041,605,1
1042,605,1
1043,605,1
1044,605,1
1045,605,1
1046,605,1
1047,605,1
1048,605,1
1049,605,1
1050,605,1
1051,605,1
1052,605,1
1053,605,1
1054,605,1
1055,605,1
1056,605,1
1057,604,1
1058,604,1
1059,604,1
1060,604,1
1061,604,1
1062,604,1
1063,604,1
1064,604,1
1065,604,1
1066,604,1
1067,604,1
1067,603,1
1068,603,1
1069,603,1
1070,603,1
1071,603,1
1072,603,1
1073,603,1
1074,603,1
1075,603,1
1076,603,1
1077,602,1
1078,602,1
1079,602,1
1080,602,1
1081,602,1
1082,602,1
1083,602,1
1084,601,1
1085,601,1
1086,601,1
1087,601,1
1088,601,1
1089,601,1
1090,600,1
1091,600,1
1092,600,1
1093,600,1
1094,600,1
1095,600,1
1096,599,1
1097,599,1
1098,599,1
1099,599,1
1100,599,1
1100,598,1
1101,598,1
1102,598,1
1103,598,1
1104,598,1
1105,598,1
1106,597,1
1107,597,1
1108,597,1
1109,597,1
1110,597,1
1111,596,1
1112,596,1
1113,596,1
1114,596,1
1115,596,1
1116,596,1
1117,596,1
1117,595,1
1118,595,1
1119,595,1
1120,595,1
1121,595,1
1122,595,1
1123,595,1
1124,595,1
1125,595,1
1126,595,1
1127,595,1
1128,595,1
1129,595,1
1130,595,1
1131,595,1
1132,595,1
1132,596,1
1133,596,1
1134,596,1
1135,596,1
1136,596,1
1136,597,1
1137,597,1
1138,597,1
1139,598,1
1140,598,1
1141,599,1
1142,599,1
1142,600,1
1143,600,1
1144,601,1
1145,602,1
1146,602,1
1146,603,1
1147,603,1
1147,604,1
1148,605,1
1149,606,1
1150,607,1
1150,608,1
1151,608,1
1151,609,1
1152,610,1
1152,611,1
1153,612,1
1154,613,1
1154,614,1
1154,615,1
1155,616,1
1155,617,1
1155,618,1
1156,618,1
1156,619,1
1156,620,1
1156,621,1
1156,622,1
1157,622,1
1157,623,1
1157,624,1
1157,625,1
1157,626,1
1157,627,1
1157,628,1
1157,629,1
1157,630,1
1157,631,1
1157,632,1
1157,633,1
1157,634,1
1157,635,1
1157,636,1
1157,637,1
1157,638,1
1157,639,1
1157,640,1
1157,641,1
1157,642,1
1157,643,1
1157,644,1
1157,645,1
1157,646,1
1157,647,1
1157,648,1
1157,649,1
1157,650,1
1157,651,1
1156,652,1
1156,653,1
1156,654,1
1155,654,1
1155,655,1
1155,656,1
1154,657,1
1154,658,1
1153,659,1
1152,659,1
1152,660,1
1151,661,1
1150,662,1
1149,663,1
1148,664,1
1147,664,1
1146,665,1
1146,666,1
1145,666,1
1144,667,1
1143,667,1
1142,668,1
1142,669,1
1141,669,1
995,559,0
835,485,1
835,484,1
835,483,1
835,482,1
835,481,1
835,480,1
835,479,1
835,478,1
835,477,1
835,476,1
835,475,1
835,474,1
835,473,1
835,472,1
835,471,1
835,470,1
835,469,1
835,468,1
835,467,1
835,466,1
835,465,1
835,464,1
836,463,1
836,462,1
836,461,1
836,460,1
836,459,1
836,458,1
837,457,1
837,456,1
837,455,1
837,454,1
837,453,1
838,452,1
838,451,1
838,450,1
838,449,1
839,448,1
839,447,1
839,446,1
840,446,1
840,445,1
840,444,1
841,443,1
841,442,1
841,441,1
841,440,1
842,439,1
842,438,1
842,437,1
843,436,1
843,435,1
843,434,1
843,433,1
844,433,1
844,432,1
844,431,1
845,430,1
845,429,1
845,428,1
846,427,1
846,426,1
846,425,1
847,425,1
847,424,1
847,423,1
848,422,1
848,421,1
849,420,1
849,419,1
850,419,1
850,418,1
850,417,1
851,416,1
851,415,1
852,414,1
853,413,1
853,412,1
854,411,1
855,410,1
856,409,1
856,408,1
857,407,1
858,406,1
858,405,1
859,404,1
860,404,1
860,403,1
861,402,1
862,402,1
862,401,1
863,400,1
864,400,1
864,399,1
865,398,1
866,398,1
866,397,1
867,397,1
868,396,1
869,395,1
870,394,1
871,394,1
871,393,1
872,393,1
873,392,1
874,392,1
874,391,1
875,391,1
876,390,1
877,390,1
878,390,1
878,389,1
879,389,1
880,388,1
881,388,1
882,388,1
882,387,1
883,387,1
884,387,1
885,386,1
886,386,1
887,385,1
888,385,1
889,385,1
890,385,1
891,385,1
892,384,1
893,384,1
894,384,1
895,384,1
896,384,1
897,383,1
898,383,1
899,383,1
900,383,1
901,383,1
902,383,1
903,383,1
904,383,1
905,383,1
906,383,1
907,383,1
908,383,1
909,383,1
910,383,1
911,383,1
912,383,1
913,384,1
914,384,1
915,384,1
916,384,1
917,384,1
918,385,1
919,385,1
920,385,1
921,385,1
922,386,1
923,386,1
924,386,1
925,387,1
926,387,1
927,387,1
928,388,1
929,388,1
930,389,1
931,389,1
932,390,1
933,390,1
934,391,1
935,391,1
936,392,1
937,392,1
938,393,1
939,393,1
940,394,1
941,394,1
941,395,1
942,395,1
943,396,1
944,396,1
945,397,1
946,398,1
947,399,1
948,399,1
948,400,1
949,400,1
950,401,1
951,401,1
952,402,1
952,403,1
953,403,1
954,404,1
955,405,1
956,406,1
957,406,1
957,407,1
958,408,1
959,408,1
960,409,1
960,410,1
961,410,1
962,411,1
963,412,1
964,413,1
965,414,1
966,415,1
967,416,1
968,416,1
968,417,1
969,418,1
970,419,1
971,420,1
972,421,1
973,422,1
974,423,1
974,424,1
975,424,1
976,425,1
976,426,1
977,427,1
978,427,1
978,428,1
979,429,1
980,430,1
981,430,1
981,431,1
982,432,1
983,433,1
984,434,1
985,435,1
985,436,1
986,436,1
986,437,1
987,438,1
988,439,1
989,440,1
990,441,1
990,442,1
991,443,1
992,444,1
993,445,1
993,446,1
994,446,1
994,447,1
995,448,1
995,449,1
996,450,1
996,451,1
997,452,1
998,453,1
998,454,1
999,455,1
999,456,1
1000,456,1
1000,457,1
1001,458,1
1001,459,1
1002,460,1
1002,461,1
1003,462,1
942,492,0
872,548,1
873,548,1
874,547,1
875,547,1
876,546,1
877,546,1
877,545,1
878,545,1
879,545,1
880,544,1
881,544,1
882,543,1
883,543,1
884,542,1
885,542,1
886,542,1
887,541,1
888,541,1
888,540,1
889,540,1
890,540,1
891,539,1
892,539,1
893,538,1
894,538,1
895,538,1
896,537,1
897,537,1
898,536,1
899,536,1
900,536,1
901,535,1
902,535,1
903,534,1
904,534,1
905,533,1
906,533,1
907,532,1
908,532,1
909,532,1
910,531,1
911,531,1
912,531,1
913,530,1
914,530,1
915,529,1
916,529,1
917,529,1
917,528,1
918,528,1
919,527,1
920,527,1
921,527,1
922,526,1
923,526,1
924,526,1
925,525,1
926,525,1
927,524,1
928,524,1
929,524,1
930,523,1
931,523,1
932,522,1
933,522,1
934,522,1
934,521,1
935,521,1
936,521,1
937,520,1
938,520,1
939,519,1
940,519,1
941,519,1
942,518,1
943,518,1
944,518,1
945,517,1
946,516,1
947,516,1
948,516,1
949,515,1
950,515,1
951,515,1
952,514,1
953,514,1
954,513,1
955,513,1
956,513,1
957,512,1
958,512,1
959,512,1
959,511,1
960,511,1
961,510,1
962,510,1
963,510,1
964,509,1
965,509,1
966,509,1
967,508,1
968,508,1
969,507,1
970,507,1
971,507,1
971,506,1
972,506,1
973,506,1
974,505,1
975,505,1
976,505,1
977,504,1
978,504,1
979,503,1
980,503,1
981,503,1
982,502,1
983,502,1
984,501,1
985,501,1
986,501,1
987,500,1
988,500,1
989,500,1
990,499,1
991,499,1
992,498,1
993,498,1
994,498,1
995,497,1
996,497,1
997,496,1
998,496,1
999,495,1
1000,495,1
1001,495,1
1002,494,1
1003,494,1
1004,494,1
1005,493,1
1006,493,1
1006,492,1
1007,492,1
1008,492,1
1009,491,1
1010,491,1
1011,491,1
1012,490,1
1013,490,1
1014,490,1
1015,489,1
1016,489,1
1016,488,1
1017,488,1
1018,488,1
1019,487,1
1020,487,1
1021,487,1
1022,486,1
1023,486,1
1024,486,1
1025,485,1
1026,485,1
1027,485,1
1027,484,1
1028,484,1
1029,483,1
1030,483,1
1031,483,1
1032,482,1
1033,482,1
1034,482,1
1035,481,1
1036,481,1
1037,480,1
1038,480,1
1039,479,1
1040,479,1
1041,479,1
1042,478,1
1043,478,1
1044,478,1
1045,477,1
1046,477,1
1047,476,1
1048,476,1
1049,476,1
1050,475,1
1051,475,1
1052,474,1
1053,474,1
1054,474,1
1055,473,1
1056,473,1
1057,473,1
1057,472,1
1058,472,1
1059,472,1
1060,471,1
1061,471,1
1062,470,1
1063,470,1
1064,470,1
1065,469,1
1066,469,1
1067,469,1
1067,468,1
1068,468,1
1069,468,1
1070,467,1
1071,467,1
1072,467,1
1073,466,1
1074,466,1
1075,466,1
1076,465,1
1077,464,1
1078,464,1
1079,464,1
1080,463,1
1081,463,1
1082,463,1
1083,462,1
1084,462,1
1085,462,1
1086,461,1
1087,461,1
1088,460,1
1089,460,1
1090,460,1
1091,459,1
1092,459,1
1093,459,1
1094,458,1
1095,458,1
1096,458,1
1096,457,1
1097,457,1
1098,457,1
1099,456,1
1100,456,1
1101,455,1
1102,455,1
1103,455,1
1104,454,1
1105,454,1
1106,454,1
1106,453,1
1107,453,1
1108,453,1
1109,452,1
1110,452,1
1111,452,1
1112,451,1
1113,451,1
1114,451,1
1115,450,1
1116,450,1
1117,450,1
1118,449,1
1119,449,1
1120,448,1
1121,448,1
1122,447,1
1123,447,1
1124,447,1
1125,446,1
1126,446,1
1127,446,1
1128,445,1
1129,445,1
1130,445,1
1131,444,1
1132,444,1
1133,443,1
1134,443,1
1135,443,1
1136,442,1
1137,442,1
1138,442,1
1139,441,1
1140,441,1
1141,441,1
1142,440,1
1143,440,1
1144,439,1
1145,439,1
1146,438,1
1147,438,1
1148,438,1
1149,437,1
1150,437,1
1151,437,1
1152,436,1
1153,436,1
1154,435,1
1155,435,1
1156,435,1
1157,434,1
1158,434,1
1159,434,1
1160,433,1
1161,433,1
1162,433,1
1163,432,1
1164,432,1
1165,431,1
1166,431,1
1167,430,1
1168,430,1
1169,430,1
1170,429,1
1171,429,1
1172,429,1
1173,428,1
1174,428,1
1175,427,1
1176,427,1
1177,427,1
1178,426,1
1179,426,1
1180,426,1
1181,425,1
1182,425,1
1183,425,1
1184,424,1
1185,424,1
1186,424,1
1186,423,1
1187,423,1
1188,423,1
1189,422,1
1190,422,1
1191,422,1
1192,421,1
1193,421,1
1194,421,1
1195,420,1
1196,420,1
1197,420,1
1197,419,1
1198,419,1
1199,419,1
1200,418,1
1201,418,1
1202,418,1
1203,417,1
1204,417,1
1205,417,1
1206,416,1
1207,416,1
1208,415,1
1209,415,1
1210,415,1
1211,414,1
1212,414,1
1213,414,1
1214,413,1
1215,413,1
1216,413,1
1217,412,1
1218,412,1
1219,411,1
1220,411,1
1221,411,1
1222,410,1
1223,410,1
1224,410,1
1225,409,1
1226,409,1
1227,409,1
1228,408,1
1229,408,1
1230,408,1
1230,407,1
1231,407,1
1232,407,1
1233,406,1
1234,406,1
1235,406,1
1236,405,1
1237,405,1
1238,405,1
1239,404,1
1240,404,1
1241,404,1
1242,403,1
1243,403,1
1244,402,1
1245,402,1
1246,402,1
1247,401,1
1248,401,1
1249,401,1
1250,400,1
1251,400,1
1252,400,1
1253,399,1
1254,399,1
1255,399,1
1256,398,1
1257,398,1
1258,398,1
1259,397,1
1260,397,1
1261,397,1
1262,396,1
1263,396,1
1264,395,1
1265,395,1
1266,395,1
1267,394,1
1268,394,1
1269,394,1
1270,393,1
1271,393,1
1272,393,1
1273,392,1
1274,392,1
1275,392,1
1276,391,1
1277,391,1
1278,390,1
1279,390,1
1280,390,1
1281,389,1
1282,389,1
1283,389,1
1284,388,1
1285,388,1
1286,388,1
1287,387,1
1288,387,1
1289,387,1
1290,386,1
1291,386,1
1292,386,1
1293,385,1
1294,385,1
1295,385,1
1295,384,1
1296,384,1
1297,384,1
1298,383,1
1299,383,1
1300,383,1
1301,382,1
1302,382,1
1303,382,1
1304,381,1
1305,381,1
1306,381,1
1307,380,1
1308,380,1
1309,380,1
1310,380,1
1311,379,1
1312,379,1
1313,379,1
1313,378,1
1314,378,1
1315,378,1
1316,377,1
1317,377,1
1318,377,1
1319,376,1
1320,376,1
1321,376,1
1322,375,1
1323,375,1
1324,375,1
1325,375,1
1326,374,1
1327,374,1
1328,374,1
1329,373,1
1330,373,1
1331,373,1
1332,373,1
1333,372,1
1334,372,1
1335,372,1
1336,371,1
1337,371,1
1338,371,1
1339,371,1
1340,370,1
1341,370,1
1342,370,1
1343,370,1
1344,369,1
1345,369,1
1346,369,1
1347,369,1
1348,369,1
1349,368,1
1350,368,1
1351,368,1
1352,368,1
1353,368,1
1354,368,1
1355,367,1
1356,367,1
1357,367,1
1358,367,1
1359,367,1
1360,367,1
1361,367,1
1362,367,1
1363,367,1
1364,367,1
1365,366,1
1366,366,1
1367,366,1
1368,366,1
1369,366,1
1370,366,1
1371,366,1
1372,366,1
1373,366,1
1374,366,1
1375,366,1
1376,367,1
1377,367,1
1378,367,1
1379,367,1
1380,367,1
1381,367,1
1382,367,1
1383,367,1
1384,368,1
1385,368,1
1386,368,1
1387,368,1
1388,369,1
1389,369,1
1390,369,1
1391,369,1
1391,370,1
1392,370,1
1393,370,1
1394,370,1
1395,371,1
1396,371,1
1397,372,1
1398,372,1
1399,372,1
1399,373,1
1400,373,1
1401,373,1
1402,374,1
1403,375,1
1404,375,1
1405,376,1
1406,377,1
1407,377,1
1407,378,1
1408,378,1
1409,379,1
1410,380,1
1411,380,1
1411,381,1
1412,381,1
1413,382,1
1413,383,1
1414,383,1
1415,384,1
1415,385,1
1416,385,1
1416,386,1
1417,387,1
1418,387,1
1418,388,1
1419,389,1
1420,390,1
1420,391,1
1421,391,1
1421,392,1
1422,393,1
1422,394,1
1423,395,1
1424,396,1
1424,397,1
1425,398,1
1426,399,1
1426,400,1
1427,401,1
1427,402,1
1428,403,1
1429,404,1
1429,405,1
1430,406,1
1430,407,1
1431,408,1
1431,409,1
1431,410,1
1432,410,1
1432,411,1
1433,412,1
1433,413,1
1433,414,1
1434,415,1
1434,416,1
1435,417,1
1435,418,1
1435,419,1
1436,420,1
1436,421,1
1437,422,1
1437,423,1
1438,424,1
1438,425,1
1438,426,1
1439,427,1
1439,428,1
1439,429,1
1440,430,1
1440,431,1
1440,432,1
1440,433,1
1441,434,1
1441,435,1
1441,436,1
1442,437,1
1442,438,1
1442,439,1
1443,440,1
1443,441,1
1443,442,1
1444,443,1
1444,444,1
1444,445,1
1444,446,1
1445,447,1
1445,448,1
1445,449,1
1446,450,1
1446,451,1
1446,452,1
1446,453,1
1446,454,1
1447,455,1
1447,456,1
1447,457,1
1447,458,1
1448,459,1
1448,460,1
1448,461,1
1448,462,1
1448,463,1
1448,464,1
1449,465,1
1449,466,1
1449,467,1
1449,468,1
1449,469,1
1449,470,1
1449,471,1
1449,472,1
1449,473,1
1449,474,1
1449,475,1
1449,476,1
1448,477,1
1448,478,1
1448,479,1
1448,480,1
1447,481,1
1447,482,1
1447,483,1
1446,484,1
1446,485,1
1445,485,1
1445,486,1
1444,487,1
1444,488,1
1443,488,1
1442,489,1
1441,490,1
1440,490,1
1440,491,1
1439,491,1
1438,492,1
1437,492,1
1436,492,1
1435,493,1
1434,493,1
1433,493,1
1432,493,1
1431,494,1
1430,494,1
1429,494,1
1428,494,1
1427,494,1
1426,494,1
1425,494,1
1424,494,1
1423,494,1
1422,494,1
1421,494,1
1420,495,1
1419,495,1
1418,495,1
1417,495,1
1416,495,1
1415,495,1
1414,495,1
1413,495,1
1412,495,1
1411,495,1
1410,495,1
1409,495,1
1408,495,1
1407,495,1
1406,495,1
1405,495,1
1404,495,1
1403,495,1
1402,495,1
1401,495,1
1400,495,1
1399,495,1
1398,495,1
1397,495,1
1396,495,1
1395,495,1
1394,495,1
1393,496,1
1392,496,1
1391,496,1
1390,496,1
1389,496,1
1388,496,1
1387,496,1
1386,496,1
1385,496,1
1384,497,1
1383,497,1
1382,497,1
1381,497,1
1380,497,1
1379,498,1
1378,498,1
1377,498,1
1376,498,1
1375,499,1
1374,499,1
1373,499,1
1372,499,1
1371,500,1
1370,500,1
1369,500,1
1368,501,1
1367,501,1
1366,502,1
1365,502,1
1364,502,1
1363,503,1
1362,503,1
1361,504,1
1360,504,1
1359,504,1
1358,505,1
1357,506,1
1356,506,1
1355,507,1
1354,507,1
1353,508,1
1352,508,1
1351,509,1
1350,510,1
1349,510,1
1348,511,1
1347,511,1
1346,512,1
1345,513,1
1344,513,1
1343,514,1
1342,515,1
1341,515,1
1341,516,1
1340,516,1
1339,517,1
1338,518,1
1337,518,1
1337,519,1
1336,519,1
1335,520,1
1334,521,1
1333,522,1
1332,523,1
1331,523,1
1330,524,1
1330,525,1
1329,525,1
1328,526,1
1328,527,1
1327,527,1
1326,528,1
1326,529,1
1325,530,1
1324,530,1
1324,531,1
1323,532,1
1322,532,1
1322,533,1
1321,534,1
1320,535,1
1320,536,1
1319,536,1
1319,537,1
1318,538,1
1317,539,1
1316,540,1
1316,541,1
1315,542,1
1314,543,1
1313,544,1
1313,545,1
1312,546,1
1312,547,1
1311,548,1
1311,549,1
1310,550,1
1310,551,1
1309,552,1
1309,553,1
1308,554,1
1308,555,1
1307,556,1
1307,557,1
1307,558,1
1306,559,1
1306,560,1
1306,561,1
1305,562,1
1305,563,1
1305,564,1
1304,565,1
1304,566,1
1304,567,1
1304,568,1
1304,569,1
1303,570,1
1303,571,1
1303,572,1
1303,573,1
1303,574,1
1303,575,1
1303,576,1
1302,577,1
1302,578,1
1302,579,1
1302,580,1
1302,581,1
1302,582,1
1302,583,1
1302,584,1
1302,585,1
1302,586,1
1302,587,1
1302,588,1
1303,589,1
1303,590,1
1303,591,1
1303,592,1
1303,593,1
1303,594,1
1304,595,1
1304,596,1
1304,597,1
1304,598,1
1304,599,1
1305,599,1
1305,600,1
1305,601,1
1306,602,1
1306,603,1
1306,604,1
1307,604,1
1307,605,1
1307,606,1
1308,607,1
1308,608,1
1309,609,1
1309,610,1
1310,611,1
1311,612,1
1311,613,1
1312,613,1
1312,614,1
1313,614,1
1313,615,1
1314,616,1
1315,617,1
1315,618,1
1316,619,1
1316,620,1
1317,621,1
1317,622,1
1318,622,1
1318,623,1
1319,624,1
1319,625,1
1320,625,1
1321,626,1
1322,627,1
1322,628,1
1323,628,1
1324,629,1
1325,630,1
1326,630,1
1327,631,1
1328,631,1
1329,632,1
1330,632,1
1331,632,1
1332,633,1
1333,633,1
1334,633,1
1335,633,1
1336,633,1
1337,633,1
1338,632,1
1339,632,1
1340,631,1
1341,631,1
1341,630,1
1342,630,1
1342,629,1
1343,629,1
1343,628,1
1346,628,0
