360,458,1
359,458,1
358,459,1
357,459,1
356,460,1
355,460,1
354,460,1
353,461,1
352,461,1
351,462,1
350,462,1
349,463,1
348,463,1
347,464,1
346,464,1
345,465,1
344,465,1
343,466,1
342,467,1
341,467,1
340,468,1
339,468,1
338,469,1
337,470,1
336,470,1
335,471,1
334,472,1
333,473,1
332,473,1
331,474,1
330,474,1
329,475,1
328,476,1
327,476,1
326,477,1
325,478,1
324,478,1
323,479,1
322,480,1
321,480,1
320,481,1
319,482,1
318,482,1
318,483,1
317,483,1
316,484,1
315,485,1
314,485,1
313,486,1
312,487,1
311,487,1
311,488,1
310,489,1
309,489,1
308,490,1
307,491,1
306,492,1
305,493,1
304,493,1
303,494,1
303,495,1
302,495,1
301,496,1
300,497,1
299,498,1
298,499,1
297,500,1
296,501,1
295,502,1
294,502,1
294,503,1
293,504,1
292,505,1
291,506,1
290,507,1
289,508,1
288,509,1
288,510,1
287,510,1
286,511,1
286,512,1
285,513,1
284,513,1
284,514,1
283,515,1
282,516,1
282,517,1
281,517,1
281,518,1
280,519,1
280,520,1
279,520,1
279,521,1
278,522,1
277,523,1
277,524,1
276,525,1
276,526,1
275,527,1
275,528,1
274,529,1
274,530,1
273,531,1
273,532,1
272,533,1
272,534,1
272,535,1
271,536,1
271,537,1
271,538,1
270,538,1
270,539,1
270,540,1
270,541,1
269,542,1
269,543,1
269,544,1
269,545,1
269,546,1
269,547,1
269,548,1
269,549,1
269,550,1
269,551,1
268,552,1
269,553,1
269,554,1
269,555,1
269,556,1
269,557,1
269,558,1
269,559,1
269,560,1
269,561,1
269,562,1
270,563,1
270,564,1
270,565,1
271,566,1
271,567,1
271,568,1
272,569,1
272,570,1
272,571,1
273,571,1
273,572,1
274,573,1
274,574,1
274,575,1
275,576,1
275,577,1
276,577,1
277,578,1
277,579,1
278,580,1
278,581,1
279,581,1
279,582,1
280,583,1
281,584,1
282,585,1
283,586,1
284,587,1
285,588,1
286,588,1
286,589,1
287,590,1
288,590,1
289,591,1
290,592,1
291,593,1
292,593,1
293,594,1
294,594,1
294,595,1
295,595,1
296,596,1
297,596,1
298,597,1
299,597,1
300,598,1
301,598,1
301,599,1
302,599,1
303,599,1
304,600,1
305,600,1
306,601,1
307,601,1
308,601,1
309,602,1
310,602,1
311,602,1
312,603,1
313,603,1
314,603,1
315,603,1
315,604,1
316,604,1
317,604,1
318,604,1
319,604,1
320,605,1
321,605,1
322,605,1
323,605,1
324,605,1
325,605,1
326,605,1
327,606,1
328,606,1
329,606,1
330,606,1
331,606,1
332,606,1
333,606,1
334,606,1
335,606,1
336,606,1
337,606,1
338,606,1
339,606,1
340,605,1
341,605,1
342,605,1
343,605,1
344,605,1
345,605,1
346,605,1
347,604,1
348,604,1
349,604,1
350,604,1
351,603,1
352,603,1
353,603,1
354,603,1
355,602,1
356,602,1
357,601,1
358,601,1
359,601,1
360,600,1
361,600,1
362,599,1
363,599,1
364,598,1
365,598,1
365,597,1
366,597,1
367,597,1
367,596,1
368,596,1
368,595,1
369,595,1
370,594,1
371,594,1
371,593,1
372,593,1
373,592,1
374,592,1
374,591,1
375,591,1
376,591,1
376,592,1
376,593,1
376,594,1
376,595,1
376,596,1
375,597,1
375,598,1
375,599,1
375,600,1
375,601,1
375,602,1
375,603,1
374,604,1
374,605,1
374,606,1
374,607,1
374,608,1
374,609,1
374,610,1
374,611,1
374,612,1
374,613,1
374,614,1
374,615,1
374,616,1
374,617,1
374,618,1
374,619,1
374,620,1
374,621,1
374,622,1
374,623,1
375,624,1
375,625,1
375,626,1
375,627,1
375,628,1
375,629,1
375,630,1
376,631,1
376,632,1
376,633,1
376,634,1
376,635,1
377,636,1
377,637,1
377,638,1
377,639,1
378,640,1
378,641,1
378,642,1
378,643,1
379,644,1
379,645,1
379,646,1
379,647,1
380,648,1
380,649,1
380,650,1
380,651,1
381,652,1
381,653,1
381,654,1
382,655,1
382,656,1
382,657,1
382,658,1
383,659,1
383,660,1
383,661,1
384,662,1
384,663,1
384,664,1
385,665,1
385,666,1
385,667,1
386,668,1
386,669,1
386,670,1
387,671,1
387,672,1
387,673,1
388,674,1
388,675,1
388,676,1
389,677,1
389,678,1
389,679,1
390,680,1
390,681,1
391,682,1
391,683,1
391,684,1
392,685,1
393,686,1
404,494,0
425,333,1
425,332,1
425,331,1
425,330,1
425,329,1
424,328,1
424,327,1
424,326,1
424,325,1
424,324,1
423,323,1
423,322,1
423,321,1
423,320,1
422,319,1
422,318,1
422,317,1
422,316,1
421,315,1
421,314,1
420,313,1
420,312,1
420,311,1
419,310,1
419,309,1
418,308,1
418,307,1
417,306,1
417,305,1
416,304,1
416,303,1
415,302,1
415,301,1
414,300,1
414,299,1
413,298,1
413,297,1
412,296,1
412,295,1
411,294,1
410,293,1
410,292,1
409,291,1
408,290,1
408,289,1
407,288,1
407,287,1
406,286,1
405,285,1
405,284,1
404,283,1
403,282,1
402,281,1
401,280,1
401,279,1
400,278,1
399,277,1
398,276,1
397,275,1
396,274,1
396,273,1
395,273,1
394,272,1
393,271,1
393,270,1
392,270,1
391,269,1
390,268,1
389,268,1
389,267,1
388,266,1
387,266,1
386,265,1
385,264,1
384,263,1
383,263,1
382,262,1
381,262,1
380,261,1
379,261,1
379,260,1
378,260,1
377,259,1
376,259,1
375,258,1
374,258,1
373,257,1
372,256,1
371,256,1
370,256,1
369,255,1
368,255,1
367,255,1
366,254,1
365,254,1
364,253,1
363,253,1
362,253,1
361,253,1
360,253,1
359,252,1
358,252,1
357,252,1
356,252,1
355,252,1
354,252,1
353,252,1
352,252,1
351,252,1
350,252,1
349,253,1
348,253,1
347,253,1
346,253,1
345,254,1
344,254,1
343,254,1
343,255,1
342,255,1
342,256,1
341,256,1
341,257,1
341,258,1
340,258,1
340,259,1
341,259,1
341,260,1
341,261,1
342,262,1
342,263,1
343,263,1
344,264,1
344,265,1
345,265,1
346,265,1
346,266,1
347,266,1
348,267,1
349,267,1
349,268,1
350,268,1
350,269,1
351,269,1
352,269,1
353,270,1
354,270,1
355,271,1
356,271,1
357,271,1
358,271,1
359,272,1
360,272,1
361,272,1
362,272,1
363,272,1
364,273,1
365,273,1
366,273,1
367,273,1
368,273,1
369,274,1
370,274,1
371,274,1
372,274,1
373,274,1
374,275,1
375,275,1
376,275,1
377,275,1
525,399,0
687,510,1
687,511,1
687,512,1
687,513,1
687,514,1
687,515,1
687,516,1
687,517,1
687,518,1
687,519,1
687,520,1
687,521,1
687,522,1
687,523,1
687,524,1
688,525,1
688,526,1
688,527,1
688,528,1
688,529,1
688,530,1
688,531,1
688,532,1
688,533,1
688,534,1
688,535,1
688,536,1
688,537,1
688,538,1
688,539,1
688,540,1
688,541,1
688,542,1
688,543,1
688,544,1
688,545,1
688,546,1
688,547,1
688,548,1
688,549,1
688,550,1
688,551,1
688,552,1
688,553,1
688,554,1
688,555,1
688,556,1
688,557,1
688,558,1
688,559,1
688,560,1
688,561,1
688,562,1
688,563,1
688,564,1
688,565,1
688,566,1
688,567,1
688,568,1
688,569,1
688,570,1
688,571,1
688,572,1
688,573,1
688,574,1
688,575,1
688,576,1
688,577,1
688,578,1
688,579,1
688,580,1
688,579,1
688,578,1
688,577,1
688,576,1
688,575,1
687,574,1
687,573,1
687,572,1
687,571,1
687,570,1
687,569,1
687,568,1
687,567,1
687,566,1
687,565,1
687,564,1
687,563,1
687,562,1
687,561,1
686,560,1
686,559,1
686,558,1
686,557,1
686,556,1
686,555,1
686,554,1
686,553,1
685,552,1
685,551,1
685,550,1
685,549,1
685,548,1
685,547,1
685,546,1
684,545,1
684,544,1
684,543,1
684,542,1
684,541,1
683,541,1
683,540,1
683,539,1
683,538,1
683,537,1
682,536,1
682,535,1
682,534,1
682,533,1
681,532,1
681,531,1
681,530,1
681,529,1
680,528,1
680,527,1
680,526,1
679,525,1
679,524,1
678,523,1
678,522,1
678,521,1
677,520,1
677,519,1
676,518,1
676,517,1
676,516,1
675,515,1
675,514,1
674,513,1
674,512,1
673,511,1
673,510,1
672,510,1
672,509,1
671,508,1
671,507,1
670,506,1
670,505,1
669,505,1
669,504,1
668,503,1
668,502,1
667,501,1
666,500,1
666,499,1
665,498,1
664,497,1
664,496,1
663,495,1
662,494,1
661,493,1
660,492,1
659,491,1
658,490,1
657,489,1
656,488,1
655,487,1
654,486,1
653,485,1
652,484,1
651,484,1
650,483,1
649,482,1
648,481,1
647,481,1
646,480,1
645,479,1
644,479,1
643,478,1
642,478,1
641,477,1
640,477,1
639,476,1
638,476,1
637,476,1
636,475,1
635,474,1
634,474,1
633,474,1
632,473,1
631,473,1
630,473,1
629,472,1
628,472,1
627,472,1
626,471,1
625,471,1
624,471,1
623,471,1
622,471,1
621,471,1
620,470,1
619,470,1
618,470,1
617,470,1
616,470,1
615,470,1
614,470,1
613,470,1
612,470,1
611,470,1
610,470,1
609,470,1
608,470,1
607,470,1
606,470,1
605,470,1
604,470,1
603,470,1
602,470,1
601,471,1
600,471,1
599,471,1
598,471,1
597,471,1
596,471,1
595,472,1
594,472,1
593,472,1
592,473,1
591,473,1
590,473,1
589,474,1
588,474,1
587,475,1
586,475,1
585,475,1
584,476,1
583,477,1
582,477,1
581,478,1
580,478,1
580,479,1
579,479,1
578,480,1
577,481,1
576,481,1
575,482,1
575,483,1
574,483,1
573,484,1
572,485,1
572,486,1
571,486,1
571,487,1
570,487,1
569,488,1
569,489,1
568,490,1
568,491,1
567,492,1
566,493,1
566,494,1
565,495,1
565,496,1
564,497,1
564,498,1
564,499,1
563,499,1
563,500,1
563,501,1
563,502,1
563,503,1
562,504,1
562,505,1
562,506,1
562,507,1
562,508,1
562,509,1
562,510,1
562,511,1
562,512,1
562,513,1
562,514,1
562,515,1
562,516,1
562,517,1
563,518,1
563,519,1
563,520,1
564,521,1
564,522,1
565,523,1
565,524,1
566,525,1
566,526,1
567,526,1
567,527,1
568,527,1
568,528,1
569,529,1
570,530,1
571,530,1
571,531,1
572,532,1
573,532,1
573,533,1
574,533,1
575,534,1
576,534,1
577,535,1
578,535,1
578,536,1
579,536,1
580,536,1
581,537,1
582,537,1
583,538,1
584,538,1
585,538,1
586,538,1
587,538,1
588,539,1
589,539,1
590,539,1
591,539,1
592,539,1
593,539,1
594,539,1
595,539,1
596,539,1
597,539,1
598,539,1
599,539,1
600,539,1
601,538,1
602,538,1
603,538,1
604,538,1
605,537,1
606,537,1
607,537,1
608,536,1
609,536,1
610,535,1
611,535,1
612,535,1
613,535,1
614,534,1
615,534,1
616,534,1
617,534,1
618,533,1
619,533,1
620,532,1
621,532,1
622,531,1
623,531,1
624,530,1
625,529,1
626,528,1
627,527,1
628,527,1
628,526,1
629,525,1
629,524,1
630,523,1
631,522,1
631,521,1
631,520,1
632,519,1
632,518,1
632,517,1
633,516,1
633,515,1
624,530,0
612,537,1
613,538,1
614,538,1
614,539,1
615,539,1
616,540,1
617,540,1
617,541,1
618,541,1
619,542,1
620,543,1
704,519,0
792,494,1
792,495,1
792,496,1
792,497,1
792,498,1
792,499,1
792,500,1
792,501,1
792,502,1
792,503,1
792,504,1
792,505,1
792,506,1
792,507,1
792,508,1
792,509,1
792,510,1
792,511,1
792,512,1
792,513,1
792,514,1
792,515,1
792,516,1
792,517,1
792,518,1
792,519,1
792,520,1
792,521,1
792,522,1
793,523,1
793,524,1
793,525,1
793,526,1
793,527,1
793,528,1
793,529,1
793,530,1
793,531,1
793,532,1
793,533,1
793,534,1
793,535,1
793,536,1
793,537,1
793,538,1
793,539,1
793,540,1
794,541,1
794,542,1
794,543,1
794,544,1
795,545,1
795,546,1
795,547,1
796,547,1
797,547,1
802,444,0
812,369,1
812,368,1
812,367,1
812,366,1
812,365,1
812,364,1
812,363,1
812,362,1
812,361,1
812,360,1
812,359,1
812,358,1
812,357,1
812,356,1
812,355,1
812,354,1
811,353,1
811,352,1
811,351,1
811,350,1
811,349,1
811,348,1
811,347,1
811,346,1
810,345,1
810,344,1
810,343,1
810,342,1
810,341,1
810,340,1
809,339,1
809,338,1
809,337,1
809,336,1
809,335,1
809,334,1
808,333,1
808,332,1
808,331,1
808,330,1
808,329,1
808,328,1
807,327,1
807,326,1
807,325,1
807,324,1
807,323,1
806,322,1
806,321,1
806,320,1
806,319,1
805,318,1
805,317,1
805,316,1
805,315,1
804,315,1
804,314,1
804,313,1
804,312,1
803,311,1
803,310,1
803,309,1
802,308,1
802,307,1
802,306,1
801,305,1
801,304,1
801,303,1
800,302,1
800,301,1
800,300,1
799,299,1
799,298,1
799,297,1
798,296,1
798,295,1
797,294,1
797,293,1
797,292,1
796,291,1
796,290,1
795,289,1
795,288,1
794,287,1
794,286,1
793,285,1
792,284,1
792,283,1
791,282,1
791,281,1
790,280,1
790,279,1
789,278,1
788,277,1
788,276,1
787,275,1
787,274,1
786,273,1
785,272,1
785,271,1
784,271,1
783,270,1
783,269,1
782,268,1
782,267,1
781,266,1
780,265,1
779,264,1
779,263,1
778,263,1
777,262,1
777,261,1
776,260,1
775,259,1
774,259,1
774,258,1
773,257,1
772,256,1
771,256,1
771,255,1
770,254,1
769,253,1
768,253,1
767,252,1
767,251,1
766,251,1
765,250,1
764,249,1
763,249,1
762,248,1
761,247,1
760,246,1
759,246,1
758,245,1
757,245,1
756,244,1
755,243,1
754,243,1
753,243,1
752,242,1
751,241,1
750,241,1
749,240,1
748,240,1
747,240,1
746,239,1
745,239,1
744,239,1
743,239,1
742,238,1
741,238,1
740,238,1
739,238,1
738,238,1
737,237,1
736,237,1
735,237,1
734,237,1
733,237,1
732,237,1
731,237,1
730,238,1
729,238,1
728,238,1
727,238,1
726,238,1
726,239,1
725,239,1
724,239,1
724,240,1
723,240,1
722,241,1
722,242,1
721,242,1
721,243,1
720,243,1
720,244,1
720,245,1
720,246,1
719,246,1
719,247,1
720,247,1
720,248,1
720,249,1
720,250,1
721,251,1
721,252,1
722,253,1
722,254,1
723,254,1
723,255,1
724,255,1
724,256,1
725,256,1
725,257,1
725,258,1
726,259,1
727,260,1
728,261,1
729,262,1
730,262,1
731,263,1
732,263,1
732,264,1
733,264,1
734,264,1
735,265,1
736,265,1
737,265,1
738,266,1
739,266,1
740,266,1
741,267,1
742,267,1
743,267,1
744,267,1
745,268,1
746,268,1
747,268,1
748,268,1
749,269,1
750,269,1
926,365,0
1117,450,1
1117,451,1
1117,452,1
1117,453,1
1117,454,1
1117,455,1
1117,456,1
1117,457,1
1117,458,1
1117,459,1
1117,460,1
1117,461,1
1117,462,1
1117,463,1
1117,464,1
1117,465,1
1117,466,1
1117,467,1
1117,468,1
1117,469,1
1117,470,1
1117,471,1
1117,472,1
1116,473,1
1116,474,1
1115,474,1
1115,475,1
1114,475,1
1113,475,1
1112,475,1
1112,474,1
1111,474,1
1110,473,1
1109,472,1
1108,472,1
1108,471,1
1107,471,1
1107,470,1
1106,469,1
1105,468,1
1104,468,1
1104,467,1
1103,467,1
1103,466,1
1102,466,1
1102,465,1
1101,464,1
1100,464,1
1100,463,1
1099,463,1
1098,462,1
1097,461,1
1096,461,1
1096,460,1
1095,460,1
1094,459,1
1093,459,1
1092,458,1
1091,458,1
1090,457,1
1089,457,1
1088,456,1
1087,456,1
1086,456,1
1085,455,1
1084,455,1
1083,455,1
1082,454,1
1081,454,1
1080,454,1
1079,454,1
1078,453,1
1077,453,1
1076,453,1
1075,453,1
1074,453,1
1073,453,1
1072,453,1
1072,452,1
1071,452,1
1070,452,1
1069,452,1
1068,452,1
1067,452,1
1066,452,1
1065,452,1
1064,452,1
1063,452,1
1062,452,1
1061,451,1
1060,451,1
1059,451,1
1058,451,1
1057,451,1
1056,451,1
1055,451,1
1054,451,1
1053,451,1
1052,451,1
1051,450,1
1050,450,1
1049,450,1
1048,450,1
1047,450,1
1046,450,1
1045,450,1
1044,449,1
1043,449,1
1042,449,1
1041,449,1
1040,448,1
1039,448,1
1038,448,1
1037,448,1
1036,448,1
1035,447,1
1034,447,1
1033,447,1
1032,446,1
1031,446,1
1030,446,1
1029,446,1
1028,446,1
1027,445,1
1026,445,1
1025,445,1
1024,444,1
1023,444,1
1022,444,1
1021,444,1
1020,444,1
1019,443,1
1018,443,1
1017,443,1
1016,442,1
1015,442,1
1014,442,1
1013,442,1
1012,442,1
1011,442,1
1010,441,1
1009,441,1
1008,441,1
1007,441,1
1006,441,1
1005,441,1
1004,441,1
1003,441,1
1002,441,1
1001,441,1
1000,441,1
999,441,1
998,441,1
997,441,1
996,441,1
995,441,1
994,441,1
993,441,1
992,441,1
991,441,1
990,441,1
989,442,1
988,442,1
987,442,1
986,442,1
985,442,1
984,443,1
983,443,1
982,443,1
981,444,1
980,444,1
979,444,1
978,445,1
977,445,1
976,446,1
975,446,1
974,447,1
973,447,1
972,448,1
971,448,1
970,449,1
969,449,1
968,450,1
967,450,1
966,451,1
965,451,1
965,452,1
964,452,1
963,453,1
962,454,1
961,454,1
960,455,1
960,456,1
959,456,1
958,457,1
957,458,1
956,458,1
956,459,1
955,460,1
954,460,1
953,461,1
953,462,1
952,462,1
951,463,1
951,464,1
950,465,1
949,465,1
949,466,1
948,467,1
948,468,1
947,469,1
946,470,1
945,471,1
945,472,1
944,473,1
944,474,1
943,475,1
942,476,1
942,477,1
942,478,1
941,479,1
941,480,1
940,481,1
940,482,1
939,483,1
939,484,1
939,485,1
939,486,1
939,487,1
938,488,1
938,489,1
938,490,1
938,491,1
938,492,1
938,493,1
938,494,1
938,495,1
938,496,1
938,497,1
938,498,1
938,499,1
938,500,1
939,501,1
939,502,1
939,503,1
939,504,1
939,505,1
940,505,1
940,506,1
940,507,1
941,508,1
941,509,1
941,510,1
942,511,1
942,512,1
943,513,1
943,514,1
944,515,1
945,516,1
945,517,1
946,518,1
947,518,1
947,519,1
948,520,1
948,521,1
949,521,1
950,522,1
951,523,1
952,524,1
953,524,1
953,525,1
954,525,1
955,526,1
956,526,1
956,527,1
957,527,1
958,528,1
959,528,1
960,529,1
961,529,1
961,530,1
962,530,1
963,531,1
964,531,1
965,531,1
966,532,1
967,532,1
968,532,1
969,533,1
970,533,1
970,534,1
971,534,1
972,534,1
973,535,1
974,535,1
975,535,1
976,536,1
977,536,1
978,536,1
979,537,1
980,537,1
981,537,1
982,537,1
983,537,1
984,537,1
985,537,1
986,537,1
987,538,1
988,538,1
989,538,1
990,538,1
991,538,1
992,538,1
993,538,1
994,538,1
995,538,1
996,538,1
997,538,1
998,538,1
999,538,1
1000,538,1
1086,506,0
1187,463,1
1187,464,1
1187,465,1
1187,466,1
1187,467,1
1187,468,1
1186,469,1
1186,470,1
1186,471,1
1186,472,1
1186,473,1
1186,474,1
1186,475,1
1187,475,1
1188,474,1
1188,473,1
1189,472,1
1189,471,1
1189,470,1
1190,469,1
1190,468,1
1191,467,1
1191,466,1
1191,465,1
1192,464,1
1192,463,1
1192,462,1
1193,461,1
1193,460,1
1193,459,1
1193,458,1
1194,457,1
1194,456,1
1194,455,1
1194,454,1
1194,453,1
1195,452,1
1195,451,1
1195,450,1
1195,449,1
1195,448,1
1196,447,1
1196,446,1
1196,445,1
1196,444,1
1196,443,1
1196,442,1
1197,441,1
1197,440,1
1197,439,1
1197,438,1
1197,437,1
1197,436,1
1197,435,1
1198,434,1
1198,433,1
1198,432,1
1198,431,1
1198,430,1
1198,429,1
1198,428,1
1198,427,1
1198,426,1
1199,425,1
1199,424,1
1199,423,1
1199,422,1
1199,421,1
1199,420,1
1199,419,1
1199,418,1
1199,417,1
1200,416,1
1200,415,1
1200,414,1
1200,413,1
1200,412,1
1200,411,1
1200,410,1
1200,409,1
1200,408,1
1200,407,1
1200,406,1
1200,405,1
1200,404,1
1200,403,1
1201,402,1
1201,401,1
1201,400,1
1201,399,1
1201,398,1
1201,397,1
1201,396,1
1201,395,1
1201,394,1
1201,393,1
1201,392,1
1201,391,1
1201,390,1
1201,389,1
1201,388,1
1201,387,1
1201,386,1
1201,385,1
1201,384,1
1201,383,1
1201,382,1
1201,381,1
1201,380,1
1201,379,1
1201,378,1
1201,377,1
1201,376,1
1201,375,1
1201,374,1
1201,373,1
1201,372,1
1201,371,1
1201,370,1
1201,369,1
1201,368,1
1201,367,1
1201,366,1
1201,365,1
1201,364,1
1201,363,1
1201,362,1
1201,361,1
1200,360,1
1200,359,1
1200,358,1
1200,357,1
1200,356,1
1200,355,1
1200,354,1
1200,353,1
1200,352,1
1200,351,1
1199,350,1
1199,349,1
1199,348,1
1199,347,1
1199,346,1
1199,345,1
1199,344,1
1198,343,1
1198,342,1
1198,341,1
1198,340,1
1198,339,1
1198,338,1
1197,337,1
1197,336,1
1197,335,1
1197,334,1
1197,333,1
1196,332,1
1196,331,1
1196,330,1
1196,329,1
1196,328,1
1195,327,1
1195,326,1
1195,325,1
1195,324,1
1194,323,1
1194,322,1
1194,321,1
1194,320,1
1193,319,1
1193,318,1
1193,317,1
1192,316,1
1192,315,1
1192,314,1
1191,313,1
1191,312,1
1191,311,1
1190,310,1
1190,309,1
1189,308,1
1189,307,1
1189,306,1
1188,305,1
1188,304,1
1187,303,1
1187,302,1
1186,301,1
1186,300,1
1185,299,1
1185,298,1
1184,297,1
1184,296,1
1183,295,1
1183,294,1
1182,293,1
1182,292,1
1181,292,1
1181,291,1
1180,290,1
1180,289,1
1179,288,1
1178,287,1
1178,286,1
1177,285,1
1176,284,1
1176,283,1
1175,283,1
1174,282,1
1174,281,1
1173,280,1
1172,279,1
1172,278,1
1171,277,1
1170,277,1
1169,276,1
1169,275,1
1168,274,1
1167,274,1
1166,273,1
1166,272,1
1165,271,1
1164,271,1
1163,270,1
1162,269,1
1162,268,1
1161,268,1
1160,267,1
1159,266,1
1158,266,1
1157,265,1
1156,265,1
1155,264,1
1155,263,1
1154,263,1
1153,262,1
1152,262,1
1151,261,1
1150,261,1
1149,260,1
1148,260,1
1147,259,1
1146,259,1
1145,258,1
1144,258,1
1143,257,1
1142,257,1
1141,256,1
1140,256,1
1139,256,1
1138,256,1
1137,255,1
1136,255,1
1135,255,1
1134,254,1
1133,254,1
1132,254,1
1131,254,1
1130,254,1
1129,254,1
1128,253,1
1127,253,1
1126,253,1
1125,253,1
1124,253,1
1123,253,1
1122,253,1
1121,253,1
1120,253,1
1119,253,1
1118,253,1
1117,253,1
1116,253,1
1115,253,1
1114,254,1
1113,254,1
1112,254,1
1111,254,1
1110,254,1
1109,254,1
1109,255,1
1108,255,1
1107,255,1
1106,255,1
1105,256,1
1104,256,1
1103,256,1
1102,257,1
1101,257,1
1100,258,1
1099,258,1
1098,259,1
1097,259,1
1096,259,1
1096,260,1
1095,260,1
1094,261,1
1093,261,1
1093,262,1
1092,262,1
1091,263,1
1090,264,1
1089,265,1
1088,265,1
1088,266,1
1087,267,1
1086,268,1
1085,268,1
1085,269,1
1084,270,1
1084,271,1
1083,271,1
1083,272,1
1082,273,1
1081,274,1
1081,275,1
1080,276,1
1080,277,1
1079,278,1
1079,279,1
1078,280,1
1078,281,1
1078,282,1
1077,283,1
1077,284,1
1077,285,1
1077,286,1
1076,287,1
1076,288,1
1076,289,1
1076,290,1
1076,291,1
1075,292,1
1075,293,1
1075,294,1
1075,295,1
1075,296,1
1075,297,1
1075,298,1
1075,299,1
1075,300,1
1075,301,1
1076,302,1
1076,303,1
1076,304,1
1076,305,1
1076,306,1
1077,307,1
1077,308,1
1077,309,1
1078,310,1
1078,311,1
1078,312,1
1078,313,1
1079,314,1
1080,315,1
1080,316,1
1080,317,1
1081,318,1
1081,319,1
1082,320,1
1082,321,1
1082,322,1
1083,323,1
1083,324,1
1083,325,1
1084,325,1
1084,326,1
1085,327,1
1086,328,1
1087,329,1
1088,330,1
1089,331,1
1090,332,1
1091,333,1
1092,333,1
1093,334,1
1093,335,1
1094,335,1
1095,336,1
1096,336,1
1097,337,1
1098,337,1
1099,337,1
1100,338,1
1251,365,0
1400,406,1
1401,406,1
1402,405,1
1403,405,1
1404,405,1
1405,404,1
1406,404,1
1407,404,1
1408,403,1
1409,403,1
1409,402,1
1410,402,1
1411,401,1
1412,401,1
1413,400,1
1414,400,1
1415,400,1
1416,400,1
1417,400,1
1418,400,1
1418,401,1
1419,401,1
1419,402,1
1420,402,1
1420,403,1
1421,404,1
1421,405,1
1422,406,1
1423,406,1
1423,407,1
1424,407,1
1424,408,1
1425,409,1
1425,410,1
1426,410,1
1426,411,1
1426,412,1
1426,413,1
1427,414,1
1427,415,1
1427,416,1
1427,417,1
1428,418,1
1428,419,1
1428,420,1
1428,421,1
1428,422,1
1428,423,1
1428,424,1
1428,425,1
1428,426,1
1428,427,1
1428,428,1
1428,429,1
1428,430,1
1428,431,1
1428,432,1
1427,433,1
1427,434,1
1427,435,1
1427,436,1
1427,437,1
1427,438,1
1427,439,1
1427,440,1
1427,441,1
1427,442,1
1427,443,1
1427,444,1
1427,445,1
1426,446,1
1426,447,1
1426,448,1
1426,449,1
1426,450,1
1426,451,1
1426,452,1
1426,453,1
1426,454,1
1426,455,1
1425,456,1
1425,457,1
1425,458,1
1425,459,1
1425,460,1
1425,461,1
1425,462,1
1425,463,1
1425,464,1
1425,465,1
1425,466,1
1425,467,1
1425,468,1
1425,469,1
1425,470,1
1425,471,1
1425,472,1
1425,473,1
1425,474,1
1425,475,1
1425,476,1
1425,477,1
1425,478,1
1425,479,1
1425,480,1
1425,481,1
1425,482,1
1425,483,1
1425,484,1
1425,485,1
1425,486,1
1425,487,1
1425,488,1
1425,489,1
1425,490,1
1425,491,1
1425,492,1
1426,492,1
1426,493,1
1426,494,1
1426,495,1
1427,496,1
1427,497,1
1428,498,1
1428,499,1
1429,500,1
1430,501,1
1431,501,1
1432,502,1
1433,502,1
1471,471,0
1517,437,1
1517,438,1
1517,439,1
1517,440,1
1517,441,1
1517,442,1
1517,443,1
1517,444,1
1517,445,1
1517,446,1
1516,447,1
1516,448,1
1516,449,1
1516,450,1
1516,451,1
1516,452,1
1516,453,1
1516,454,1
1516,455,1
1516,456,1
1516,457,1
1516,458,1
1515,459,1
1515,460,1
1515,461,1
1515,462,1
1515,463,1
1515,464,1
1515,465,1
1515,466,1
1515,467,1
1515,468,1
1514,469,1
1514,470,1
1514,471,1
1514,472,1
1514,473,1
1514,474,1
1514,475,1
1514,476,1
1514,477,1
1514,478,1
1513,479,1
1513,480,1
1513,481,1
1513,482,1
1513,483,1
1513,484,1
1513,485,1
1512,486,1
1512,487,1
1512,488,1
1512,489,1
1512,490,1
1512,491,1
1512,492,1
1511,493,1
1511,494,1
1511,495,1
1511,496,1
1510,497,1
1510,498,1
1510,499,1
1510,500,1
1509,501,1
1509,502,1
1509,503,1
1509,504,1
1509,505,1
1508,506,1
1508,507,1
1508,508,1
1508,509,1
1508,510,1
1507,511,1
1507,512,1
1507,513,1
1507,514,1
1506,515,1
1506,516,1
1505,517,1
1505,518,1
1504,519,1
1504,520,1
1503,521,1
1502,522,1
1501,522,1
1500,523,1
1499,523,1
1498,523,1
1497,522,1
873,403,0
223,292,1
224,292,1
225,292,1
226,292,1
227,292,1
228,292,1
229,292,1
230,292,1
231,292,1
232,292,1
233,292,1
234,292,1
235,292,1
236,292,1
237,292,1
238,292,1
239,292,1
240,292,1
241,292,1
242,292,1
243,292,1
244,292,1
245,292,1
246,292,1
247,292,1
248,292,1
249,292,1
250,292,1
251,292,1
252,292,1
253,292,1
254,292,1
255,292,1
256,292,1
257,292,1
258,292,1
259,292,1
260,292,1
261,292,1
262,292,1
263,292,1
264,292,1
265,292,1
266,292,1
267,292,1
268,292,1
269,292,1
270,292,1
271,292,1
272,292,1
273,292,1
274,292,1
275,292,1
276,292,1
277,292,1
278,291,1
279,291,1
280,291,1
281,291,1
282,291,1
283,291,1
284,291,1
285,291,1
286,291,1
287,291,1
288,291,1
289,291,1
290,291,1
291,291,1
292,291,1
293,291,1
294,291,1
295,291,1
296,291,1
297,291,1
298,291,1
299,291,1
300,291,1
301,291,1
302,291,1
303,291,1
304,291,1
305,291,1
306,291,1
307,291,1
308,291,1
309,290,1
310,290,1
311,290,1
312,290,1
313,290,1
314,290,1
315,290,1
316,290,1
317,290,1
318,290,1
319,290,1
320,290,1
321,290,1
322,290,1
323,290,1
324,290,1
325,290,1
326,290,1
327,290,1
328,290,1
329,290,1
330,290,1
331,290,1
332,290,1
333,290,1
334,290,1
335,290,1
336,290,1
337,290,1
338,290,1
339,290,1
340,290,1
341,290,1
342,290,1
343,290,1
344,290,1
345,290,1
346,290,1
347,290,1
348,290,1
349,290,1
350,290,1
351,290,1
352,290,1
353,290,1
354,290,1
355,290,1
356,290,1
357,290,1
358,290,1
359,290,1
360,290,1
361,290,1
362,290,1
363,290,1
364,290,1
365,290,1
366,290,1
367,290,1
368,290,1
369,290,1
370,290,1
371,290,1
372,290,1
373,290,1
374,290,1
375,290,1
376,290,1
377,290,1
378,290,1
379,290,1
380,290,1
381,290,1
382,290,1
383,290,1
384,290,1
385,290,1
386,290,1
387,290,1
388,290,1
389,290,1
390,290,1
391,290,1
392,290,1
393,290,1
394,290,1
395,290,1
396,290,1
397,290,1
398,290,1
399,290,1
400,290,1
401,290,1
402,290,1
403,290,1
404,290,1
405,289,1
406,289,1
407,289,1
408,289,1
409,289,1
410,289,1
411,289,1
412,289,1
413,289,1
414,289,1
415,289,1
416,289,1
417,289,1
418,289,1
419,289,1
420,289,1
421,289,1
422,289,1
423,289,1
424,289,1
425,289,1
426,289,1
427,289,1
428,289,1
429,289,1
430,289,1
431,289,1
432,289,1
433,289,1
434,289,1
435,289,1
436,288,1
437,288,1
438,288,1
439,288,1
440,288,1
441,288,1
442,288,1
443,288,1
444,288,1
445,288,1
446,288,1
447,288,1
448,288,1
449,288,1
450,288,1
451,288,1
452,288,1
453,288,1
454,288,1
455,288,1
456,288,1
457,288,1
458,288,1
459,288,1
460,288,1
461,288,1
462,288,1
463,288,1
464,288,1
465,288,1
466,288,1
467,288,1
468,288,1
469,288,1
470,288,1
471,288,1
472,288,1
473,288,1
474,288,1
475,288,1
476,288,1
477,288,1
478,288,1
479,288,1
480,288,1
481,288,1
482,288,1
483,288,1
484,288,1
485,288,1
486,288,1
487,288,1
488,288,1
489,288,1
490,288,1
491,288,1
492,288,1
493,288,1
494,288,1
495,288,1
496,288,1
497,288,1
498,288,1
499,288,1
500,288,1
501,288,1
502,288,1
503,288,1
504,288,1
505,288,1
506,288,1
507,288,1
508,288,1
509,288,1
510,288,1
511,288,1
512,288,1
513,288,1
514,288,1
515,288,1
516,288,1
517,288,1
518,288,1
519,288,1
520,288,1
521,288,1
522,288,1
523,288,1
524,288,1
525,288,1
526,288,1
527,288,1
528,288,1
529,288,1
530,288,1
531,288,1
532,288,1
533,288,1
534,288,1
535,288,1
536,288,1
537,288,1
538,288,1
539,288,1
540,288,1
541,288,1
542,288,1
543,288,1
544,288,1
545,288,1
546,288,1
547,288,1
548,288,1
549,288,1
550,288,1
551,288,1
552,288,1
553,288,1
554,288,1
555,288,1
556,288,1
557,288,1
558,288,1
559,288,1
560,288,1
561,288,1
562,288,1
563,288,1
564,288,1
565,288,1
566,288,1
567,288,1
568,288,1
569,288,1
570,288,1
571,288,1
572,288,1
573,288,1
574,288,1
575,288,1
576,288,1
577,288,1
578,288,1
579,288,1
580,288,1
581,288,1
582,288,1
583,288,1
584,288,1
585,288,1
586,288,1
587,287,1
588,287,1
589,287,1
590,287,1
591,287,1
592,287,1
593,287,1
594,287,1
595,287,1
596,287,1
597,287,1
598,287,1
599,287,1
600,287,1
601,287,1
602,287,1
603,287,1
604,287,1
605,287,1
606,287,1
607,287,1
608,287,1
609,287,1
610,287,1
611,287,1
612,287,1
613,287,1
614,287,1
615,287,1
616,287,1
617,287,1
618,287,1
619,287,1
620,287,1
621,287,1
622,287,1
623,287,1
624,287,1
625,287,1
626,287,1
627,287,1
628,287,1
629,287,1
630,287,1
631,287,1
632,287,1
633,287,1
634,287,1
635,287,1
636,287,1
637,287,1
638,287,1
639,287,1
640,287,1
641,287,1
642,287,1
643,287,1
644,287,1
645,287,1
646,287,1
647,287,1
648,287,1
649,287,1
650,287,1
651,287,1
652,287,1
653,287,1
654,287,1
655,287,1
656,287,1
657,287,1
658,287,1
659,287,1
660,287,1
661,287,1
662,287,1
663,287,1
664,287,1
665,287,1
666,287,1
667,287,1
668,287,1
669,287,1
670,287,1
671,287,1
672,287,1
673,286,1
674,286,1
675,286,1
676,286,1
677,286,1
678,286,1
679,286,1
680,286,1
681,286,1
682,286,1
683,286,1
684,286,1
685,286,1
686,286,1
687,286,1
688,286,1
689,286,1
690,286,1
691,286,1
692,286,1
693,286,1
694,286,1
695,286,1
696,286,1
697,286,1
698,286,1
699,286,1
700,286,1
701,286,1
702,286,1
703,285,1
704,285,1
705,285,1
706,285,1
707,285,1
708,285,1
709,285,1
710,285,1
711,285,1
712,285,1
713,285,1
714,285,1
715,285,1
716,285,1
717,285,1
718,285,1
719,285,1
720,285,1
721,285,1
722,285,1
723,285,1
724,285,1
725,285,1
726,285,1
727,285,1
728,285,1
729,285,1
730,285,1
731,285,1
732,285,1
733,285,1
734,285,1
735,285,1
736,285,1
737,285,1
738,285,1
739,285,1
740,285,1
741,285,1
742,285,1
743,285,1
744,285,1
745,285,1
746,285,1
747,285,1
748,285,1
749,285,1
750,285,1
751,285,1
752,285,1
753,285,1
754,285,1
755,285,1
756,285,1
757,285,1
758,285,1
759,285,1
760,285,1
761,285,1
762,285,1
763,285,1
764,285,1
765,285,1
766,285,1
767,285,1
768,285,1
769,285,1
770,285,1
771,285,1
772,285,1
773,285,1
774,285,1
775,285,1
776,285,1
777,285,1
778,285,1
779,285,1
780,285,1
781,285,1
782,285,1
783,285,1
784,285,1
785,285,1
786,285,1
787,285,1
788,285,1
789,285,1
790,284,1
791,284,1
792,284,1
793,284,1
794,284,1
795,284,1
796,284,1
797,284,1
798,284,1
799,284,1
800,284,1
801,284,1
802,284,1
803,284,1
804,284,1
805,284,1
806,284,1
807,284,1
808,284,1
809,284,1
810,284,1
811,284,1
812,284,1
813,284,1
814,284,1
815,284,1
816,284,1
817,284,1
818,284,1
819,284,1
820,284,1
821,283,1
822,283,1
823,283,1
824,283,1
825,283,1
826,283,1
827,283,1
828,283,1
829,283,1
830,283,1
831,283,1
832,283,1
833,283,1
834,283,1
835,283,1
836,283,1
837,283,1
838,283,1
839,283,1
840,283,1
841,283,1
842,283,1
843,283,1
844,283,1
845,283,1
846,283,1
847,283,1
848,283,1
849,283,1
850,283,1
851,283,1
852,283,1
853,283,1
854,283,1
855,283,1
856,283,1
857,283,1
858,283,1
859,283,1
860,283,1
861,283,1
862,283,1
863,283,1
864,283,1
865,283,1
866,283,1
867,283,1
868,283,1
869,283,1
870,283,1
871,283,1
872,283,1
873,283,1
874,283,1
875,283,1
876,283,1
877,283,1
878,283,1
879,283,1
880,283,1
881,283,1
882,283,1
883,283,1
884,283,1
885,283,1
886,283,1
887,283,1
888,283,1
889,283,1
890,283,1
891,283,1
892,283,1
893,283,1
894,283,1
895,283,1
896,283,1
897,283,1
898,283,1
899,283,1
900,283,1
901,283,1
902,283,1
903,283,1
904,283,1
905,283,1
906,283,1
907,283,1
908,283,1
909,283,1
910,283,1
911,283,1
912,283,1
913,283,1
914,283,1
915,283,1
916,283,1
917,283,1
918,283,1
919,283,1
920,283,1
921,283,1
922,283,1
923,282,1
924,282,1
925,282,1
926,282,1
927,282,1
928,282,1
929,282,1
930,282,1
931,282,1
932,282,1
933,282,1
934,282,1
935,282,1
936,282,1
937,282,1
938,282,1
939,282,1
940,282,1
941,282,1
942,282,1
943,282,1
944,282,1
945,282,1
946,282,1
947,282,1
948,282,1
949,282,1
950,282,1
951,282,1
952,282,1
953,281,1
954,281,1
955,281,1
956,281,1
957,281,1
958,281,1
959,281,1
960,281,1
961,281,1
962,281,1
963,281,1
964,281,1
965,281,1
966,281,1
967,281,1
968,281,1
969,281,1
970,281,1
971,281,1
972,281,1
973,281,1
974,281,1
975,281,1
976,281,1
977,281,1
978,281,1
979,281,1
980,281,1
981,281,1
982,281,1
983,281,1
984,281,1
985,281,1
986,281,1
987,281,1
988,281,1
989,281,1
990,281,1
991,281,1
992,281,1
993,281,1
994,281,1
995,281,1
996,281,1
997,281,1
998,281,1
999,281,1
1000,281,1
1001,281,1
1002,281,1
1003,281,1
1004,281,1
1005,281,1
1006,281,1
1007,281,1
1008,281,1
1009,281,1
1010,281,1
1011,281,1
1012,281,1
1013,281,1
1014,281,1
1015,281,1
1016,281,1
1017,281,1
1018,281,1
1019,281,1
1020,281,1
1021,281,1
1022,281,1
1023,281,1
1024,281,1
1025,281,1
1026,281,1
1027,281,1
1028,281,1
1029,281,1
1030,281,1
1031,281,1
1032,281,1
1033,281,1
1034,281,1
1035,281,1
1036,281,1
1037,281,1
1038,281,1
1039,281,1
1040,281,1
1041,281,1
1042,281,1
1043,281,1
1044,281,1
1045,281,1
1046,281,1
1047,281,1
1048,281,1
1049,281,1
1050,281,1
1051,281,1
1052,281,1
1053,281,1
1054,281,1
1055,281,1
1056,281,1
1057,281,1
1058,281,1
1059,281,1
1060,281,1
1061,281,1
1062,281,1
1063,281,1
1064,281,1
1065,281,1
1066,281,1
1067,281,1
1068,281,1
1069,280,1
1070,280,1
1071,280,1
1072,280,1
1073,280,1
1074,280,1
1075,280,1
1076,280,1
1077,280,1
1078,280,1
1079,280,1
1080,280,1
1081,280,1
1082,280,1
1083,280,1
1084,280,1
1085,280,1
1086,280,1
1087,280,1
1088,280,1
1089,280,1
1090,280,1
1091,280,1
1092,280,1
1093,280,1
1094,280,1
1095,280,1
1096,280,1
1097,280,1
1098,280,1
1099,280,1
1100,279,1
1101,279,1
1102,279,1
1103,279,1
1104,279,1
1105,279,1
1106,279,1
1107,279,1
1108,279,1
1109,279,1
1110,279,1
1111,279,1
1112,279,1
1113,279,1
1114,279,1
1115,279,1
1116,279,1
1117,279,1
1118,279,1
1119,279,1
1120,279,1
1121,279,1
1122,279,1
1123,279,1
1124,279,1
1125,279,1
1126,279,1
1127,279,1
1128,279,1
1129,279,1
1130,279,1
1131,279,1
1132,279,1
1133,279,1
1134,279,1
1135,279,1
1136,279,1
1137,279,1
1138,279,1
1139,279,1
1140,279,1
1141,279,1
1142,279,1
1143,279,1
1144,279,1
1145,279,1
1146,279,1
1147,279,1
1148,279,1
1149,279,1
1150,279,1
1151,279,1
1152,279,1
1153,279,1
1154,279,1
1155,279,1
1156,279,1
1157,279,1
1158,279,1
1159,279,1
1160,279,1
1161,279,1
1162,279,1
1163,279,1
1164,279,1
1165,279,1
1166,279,1
1167,279,1
1168,279,1
1169,279,1
1170,279,1
1171,279,1
1172,279,1
1173,279,1
1174,279,1
1175,279,1
1176,279,1
1177,279,1
1178,279,1
1179,279,1
1180,279,1
1181,279,1
1182,279,1
1183,279,1
1184,279,1
1185,279,1
1186,279,1
1187,279,1
1188,279,1
1189,279,1
1190,279,1
1191,279,1
1192,279,1
1193,279,1
1194,279,1
1195,279,1
1196,279,1
1197,279,1
1198,279,1
1199,279,1
1200,279,1
1201,279,1
1202,279,1
1203,279,1
1204,279,1
1205,279,1
1206,279,1
1207,279,1
1208,279,1
1209,279,1
1210,279,1
1211,279,1
1212,279,1
1213,279,1
1214,279,1
1215,279,1
1216,279,1
1217,279,1
1218,279,1
1219,279,1
1220,279,1
1221,279,1
1222,279,1
1223,279,1
1224,279,1
1225,279,1
1226,279,1
1227,279,1
1228,279,1
1229,279,1
1230,279,1
1231,279,1
1232,279,1
1233,279,1
1234,279,1
1235,279,1
1236,279,1
1237,279,1
1238,279,1
1239,279,1
1240,279,1
1241,279,1
1242,279,1
1243,279,1
1244,279,1
1245,279,1
1246,279,1
1247,279,1
1248,279,1
1249,279,1
1250,279,1
1251,279,1
1252,279,1
1253,279,1
1254,279,1
1255,279,1
1256,279,1
1257,279,1
1258,279,1
1259,279,1
1260,279,1
1261,279,1
1262,279,1
1263,279,1
1264,279,1
1265,279,1
1266,279,1
1267,279,1
1268,279,1
1269,279,1
1270,279,1
1271,279,1
1272,279,1
1273,279,1
1274,279,1
1275,279,1
1276,279,1
1277,279,1
1278,279,1
1279,279,1
1280,279,1
1281,279,1
1282,279,1
1283,279,1
1284,279,1
1285,279,1
1286,279,1
1287,279,1
1288,279,1
1289,279,1
1290,279,1
1291,279,1
1292,279,1
1293,279,1
1294,279,1
1295,279,1
1296,279,1
1297,279,1
1298,279,1
1299,279,1
1300,279,1
1301,279,1
1302,279,1
1303,279,1
1304,279,1
1305,279,1
1306,279,1
1307,279,1
1308,279,1
1309,278,1
1310,278,1
1311,278,1
1312,278,1
1313,278,1
1314,278,1
1315,278,1
1316,278,1
1317,278,1
1318,278,1
1319,278,1
1320,278,1
1321,278,1
1322,278,1
1323,278,1
1324,278,1
1325,278,1
1326,278,1
1327,278,1
1328,278,1
1329,278,1
1330,278,1
1331,278,1
1332,278,1
1333,278,1
1334,278,1
1335,278,1
1336,278,1
1337,278,1
1338,278,1
1339,278,1
1340,277,1
1341,277,1
1342,277,1
1343,277,1
1344,277,1
1345,277,1
1346,277,1
1347,277,1
1348,277,1
1349,277,1
1350,277,1
1351,277,1
1352,277,1
1353,277,1
1354,277,1
1355,277,1
1356,277,1
1357,277,1
1358,277,1
1359,277,1
1360,277,1
1361,277,1
1362,277,1
1363,277,1
1364,277,1
1365,277,1
1366,277,1
1367,277,1
1368,277,1
1369,277,1
1370,277,1
1371,277,1
1372,277,1
1373,277,1
1374,277,1
1375,277,1
1376,277,1
1377,277,1
1378,277,1
1379,277,1
1380,277,1
1381,277,1
1382,277,1
1383,277,1
1384,277,1
1385,277,1
1386,277,1
1387,277,1
1388,277,1
1389,277,1
1390,277,1
1391,277,1
1392,277,1
1393,277,1
1394,277,1
1395,277,1
1396,277,1
1397,277,1
1398,277,1
1399,277,1
1400,277,1
1401,277,1
1402,277,1
1403,277,1
1404,277,1
1405,277,1
1406,277,1
1407,277,1
1408,277,1
1409,277,1
1410,277,1
1411,277,1
1412,277,1
1413,277,1
1414,277,1
1415,277,1
1416,277,1
1417,277,1
1418,277,1
1419,277,1
1420,277,1
1421,277,1
1422,277,1
1423,277,1
1424,277,1
1425,277,1
1426,277,1
1427,277,1
1428,277,1
1429,277,1
1430,277,1
1431,277,1
1432,277,1
1433,277,1
1434,277,1
1435,277,1
1436,277,1
1437,277,1
1438,277,1
1439,277,1
1440,277,1
1441,277,1
1442,277,1
1443,277,1
1444,277,1
1445,277,1
1446,277,1
1447,277,1
1448,277,1
1449,277,1
1450,277,1
1451,277,1
1452,277,1
1453,277,1
1454,277,1
1455,277,1
1456,277,1
1457,277,1
1458,277,1
1459,277,1
1460,277,1
1461,277,1
1462,277,1
1463,277,1
1464,277,1
1465,277,1
1466,277,1
1467,277,1
1468,277,1
1469,277,1
1470,277,1
1471,277,1
1472,277,1
1473,277,1
1474,277,1
1475,277,1
1476,277,1
1477,277,1
1478,277,1
1479,277,1
1480,277,1
1481,277,1
1482,277,1
1483,277,1
1484,277,1
1485,277,1
1486,277,1
1487,277,1
1488,277,1
1489,277,1
1490,277,1
1491,277,1
1492,277,1
1493,277,1
1494,277,1
1495,277,1
1496,277,1
1497,277,1
1498,277,1
1499,277,1
1500,277,1
1501,277,1
1502,277,1
1503,277,1
1504,277,1
1505,277,1
1506,277,1
1507,277,1
1508,277,1
1509,277,1
1510,277,1
1511,277,1
1512,277,1
1513,277,1
1514,277,1
1515,277,1
1516,277,1
1517,277,1
1518,277,1
1519,277,1
1520,277,1
1521,277,1
1522,277,1
1523,277,1
1524,277,1
1525,277,1
1526,277,1
1527,277,1
1528,277,1
1529,277,1
1530,277,1
1531,277,1
1532,277,1
1533,277,1
1534,277,1
1535,277,1
1536,277,1
1537,277,1
1538,277,1
1539,277,1
1540,277,1
1541,277,1
1542,277,1
1543,277,1
1544,277,1
1545,277,1
1546,277,1
1547,277,1
1548,277,1
1549,277,1
1550,277,1
1551,277,1
1552,277,1
1553,277,1
1554,277,1
1555,277,1
1556,277,1
1557,277,1
1558,277,1
1559,277,1
1560,277,1
1561,277,1
1562,277,1
1563,277,1
1564,277,1
1565,277,1
1566,277,1
1567,277,1
1568,277,1
1569,277,1
1570,277,1
1571,277,1
1572,277,1
1573,277,1
1574,277,1
1575,277,1
1576,277,1
1577,277,1
1578,277,1
1579,277,1
1580,277,1
1581,277,1
1582,277,1
1583,277,1
1584,277,1
1585,277,1
1586,277,1
1587,277,1
1588,277,1
1589,277,1
1590,277,1
1591,277,1
1592,277,1
1593,277,1
1594,277,1
1595,277,1
1596,277,1
1597,277,1
1598,277,1
1599,277,1
1600,277,1
1601,277,1
1602,277,1
1603,277,1
1604,277,1
1605,277,1
1606,277,1
1607,277,1
1608,277,1
1609,277,1
1610,277,1
1611,277,1
1612,277,1
1613,277,1
1614,277,1
1615,277,1
1616,277,1
1617,277,1
1618,277,1
1619,277,1
1620,277,1
1621,277,1
1622,277,1
1623,277,1
1624,277,1
1625,277,1
1626,277,1
1627,277,1
1628,277,1
1629,277,1
1630,277,1
1631,277,1
1632,277,1
1633,277,1
1634,277,1
1635,277,1
1636,277,1
1637,277,1
1638,277,1
1639,277,1
1640,277,1
1641,277,1
1642,277,1
1643,277,1
1644,277,1
1645,277,1
1646,277,1
1647,277,1
1648,277,1
1649,277,1
1650,277,1
1651,277,1
1652,277,1
1653,277,1
1654,277,1
1655,277,1
1656,277,1
1657,277,1
1658,277,1
1659,277,1
1660,277,1
1661,277,1
1662,277,1
1663,277,1
1664,277,1
1665,277,1
1666,277,1
1667,277,1
1668,277,1
1669,277,1
1670,277,1
1671,277,1
1672,277,1
1673,277,1
1674,277,1
1675,277,1
1676,277,1
1677,277,1
1678,277,1
1679,277,1
1680,277,1
1681,277,1
1682,277,1
1683,277,1
1684,277,1
1685,277,1
1686,277,1
1687,277,1
1688,277,1
1689,277,1
1690,277,1
1691,277,1
1692,277,1
1693,277,1
1694,277,1
1695,277,1
1696,277,1
1697,277,1
1698,277,1
1699,277,1
1700,277,1
1701,277,1
1702,277,1
1703,277,1
1704,277,1
1705,277,1
1706,277,1
1707,277,1
1708,277,1
1709,277,1
1710,277,1
1711,277,1
1712,277,1
1713,277,1
1714,277,1
1715,277,1
1716,277,1
1717,277,1
1718,277,1
1719,277,1
1720,277,1
1721,277,1
1722,277,1
1723,277,1
1724,277,1
1725,277,1
1726,277,1
1727,277,1
1728,277,1
1729,277,1
1730,277,1
1731,277,1
1732,277,1
1733,277,1
1734,277,1
1735,277,1
1736,277,1
1737,277,1
1738,277,1
1739,277,1
1740,277,1
1741,277,1
1742,277,1
1743,277,1
1744,277,1
1745,277,1
1746,277,1
1747,277,1
1748,277,1
1749,277,1
1750,277,1
1751,277,1
1752,277,1
1753,277,1
1754,277,1
1755,277,1
1756,277,1
1757,277,1
1758,277,1
1759,277,1
1760,277,1
1761,277,1
1762,277,1
1763,277,1
1764,277,1
1765,277,1
1766,277,1
1767,277,1
1768,277,1
1769,277,1
1770,277,1
1771,277,1
1772,277,1
1773,277,1
1774,277,1
1775,277,1
1776,277,1
1777,277,1
1778,277,1
1779,277,1
1780,277,1
1781,277,1
1782,277,1
1783,277,1
1784,277,1
1785,277,1
1786,277,1
1787,277,1
1788,277,1
1789,277,1
1790,277,1
1791,277,1
1792,277,1
1793,277,1
1794,277,1
1795,277,1
1796,277,1
1797,277,1
1798,277,1
1799,277,1
1800,277,1
1801,277,1
1802,277,1
1803,277,1
1804,277,1
1805,277,1
1806,277,1
1807,277,1
1808,277,1
1809,277,1
1810,277,1
1811,277,1
1812,277,1
1813,277,1
1814,277,1
1815,277,1
1816,277,1
1817,277,1
1818,277,1
1819,277,1
1820,277,1
1821,277,1
1822,277,1
1823,277,1
1824,277,1
1825,277,1
1826,277,1
1827,277,1
1828,277,1
1829,277,1
1830,277,1
1831,277,1
1832,277,1
1833,277,1
1834,277,1
1835,277,1
1836,277,1
1837,277,1
1838,277,1
1839,277,1
1840,277,1
1841,277,1
1842,277,1
1843,277,1
1844,277,1
1845,277,1
1846,277,1
1847,277,1
1848,277,1
1849,276,1
1850,276,1
1851,276,1
1852,276,1
1853,276,1
1854,276,1
1855,276,1
1856,276,1
1857,276,1
1858,276,1
1859,276,1
1860,276,1
1861,276,1
1862,276,1
1863,276,1
1864,276,1
1865,276,1
1866,276,1
1867,276,1
1868,276,1
1869,276,1
1870,276,1
1871,276,1
1872,276,1
1873,276,1
1874,276,1
1875,276,1
1876,276,1
1877,276,1
1878,276,1
1879,276,1
1880,275,1
1881,275,1
1882,275,1
1883,275,1
1884,275,1
1885,275,1
1886,275,1
1887,275,1
1888,275,1
1889,275,1
1890,275,1
1891,275,1
1892,275,1
1893,275,1
1894,275,1
1895,275,1
1896,275,1
1897,275,1
1898,275,1
1899,275,1
1900,275,1
1901,275,1
1902,275,1
1903,275,1
1904,275,1
1905,275,1
1906,275,1
1907,275,1
1908,275,1
1909,275,1
1910,275,1
1911,274,1
1912,274,1
1913,274,1
1914,274,1
1915,274,1
1916,274,1
1917,274,1
1918,273,1
1919,273,1
1920,273,1
1921,273,1
1921,273,0
