530,619,1
531,619,1
532,619,1
533,619,1
534,618,1
535,618,1
536,617,1
537,617,1
538,617,1
539,617,1
540,617,1
541,617,1
542,616,1
543,616,1
544,616,1
545,616,1
546,615,1
547,615,1
548,615,1
549,615,1
550,615,1
551,614,1
552,614,1
553,614,1
554,614,1
555,613,1
556,613,1
557,613,1
558,613,1
559,613,1
560,612,1
561,612,1
562,612,1
563,612,1
564,612,1
565,611,1
566,611,1
567,611,1
568,611,1
569,611,1
570,610,1
571,610,1
572,610,1
573,610,1
574,609,1
575,609,1
576,609,1
577,609,1
578,609,1
579,608,1
580,608,1
581,608,1
582,608,1
583,607,1
584,607,1
585,607,1
586,607,1
587,607,1
588,606,1
589,606,1
590,606,1
591,606,1
592,606,1
593,605,1
594,605,1
595,605,1
596,605,1
597,604,1
598,604,1
599,604,1
600,604,1
601,604,1
602,603,1
603,603,1
604,603,1
605,603,1
606,603,1
607,602,1
608,602,1
609,602,1
610,602,1
611,601,1
612,601,1
613,601,1
614,601,1
615,600,1
616,600,1
617,600,1
618,600,1
619,600,1
620,599,1
621,599,1
622,599,1
623,599,1
624,599,1
625,598,1
626,598,1
627,598,1
628,598,1
629,597,1
630,597,1
631,597,1
632,597,1
633,597,1
634,596,1
635,596,1
636,596,1
637,596,1
638,595,1
639,595,1
640,595,1
641,595,1
642,594,1
643,594,1
644,594,1
645,594,1
646,594,1
647,594,1
648,593,1
649,593,1
650,593,1
651,593,1
652,592,1
653,592,1
654,592,1
655,592,1
656,592,1
657,591,1
658,591,1
659,591,1
660,591,1
661,591,1
662,590,1
663,590,1
664,590,1
665,590,1
666,590,1
667,590,1
668,590,1
668,589,1
669,589,1
670,589,1
671,589,1
672,589,1
673,589,1
674,589,1
675,589,1
676,589,1
677,589,1
678,589,1
679,589,1
679,590,1
679,591,1
679,592,1
678,592,1
678,593,1
677,593,1
677,594,1
676,594,1
675,595,1
674,596,1
673,596,1
672,597,1
671,597,1
671,598,1
670,598,1
669,599,1
668,599,1
668,600,1
667,600,1
666,601,1
665,601,1
665,602,1
664,602,1
663,603,1
662,603,1
661,604,1
660,604,1
659,605,1
658,606,1
657,606,1
657,607,1
656,607,1
655,608,1
654,608,1
654,609,1
653,609,1
653,610,1
652,610,1
651,611,1
651,612,1
650,612,1
649,613,1
648,614,1
647,615,1
647,616,1
646,616,1
646,617,1
645,617,1
645,618,1
645,619,1
644,619,1
644,620,1
643,621,1
643,622,1
642,623,1
642,624,1
642,625,1
641,626,1
641,627,1
641,628,1
641,629,1
641,630,1
641,631,1
640,631,1
640,632,1
640,633,1
641,633,1
641,634,1
641,635,1
641,636,1
641,637,1
642,638,1
642,639,1
642,640,1
643,641,1
643,642,1
644,642,1
644,643,1
645,644,1
646,645,1
647,645,1
647,646,1
648,646,1
648,647,1
649,647,1
649,648,1
650,648,1
651,649,1
652,649,1
652,650,1
653,650,1
654,651,1
655,651,1
656,652,1
657,652,1
658,652,1
659,653,1
660,653,1
661,653,1
661,654,1
662,654,1
663,654,1
664,654,1
665,654,1
666,655,1
667,655,1
668,655,1
669,655,1
670,655,1
671,656,1
672,656,1
673,656,1
674,656,1
675,656,1
676,656,1
677,656,1
678,656,1
679,656,1
680,656,1
681,656,1
682,656,1
683,656,1
684,656,1
685,656,1
686,656,1
687,656,1
688,656,1
689,656,1
690,656,1
691,656,1
692,656,1
693,656,1
694,656,1
695,656,1
696,656,1
697,656,1
698,656,1
699,657,1
700,657,1
701,657,1
702,657,1
703,657,1
704,657,1
705,657,1
706,657,1
707,657,1
708,657,1
708,658,1
709,658,1
710,658,1
711,658,1
712,659,1
713,659,1
713,660,1
714,660,1
714,661,1
714,662,1
713,663,1
713,664,1
712,664,1
712,665,1
711,665,1
711,666,1
710,666,1
710,667,1
709,667,1
709,668,1
708,668,1
708,669,1
707,669,1
707,670,1
706,670,1
705,671,1
704,672,1
703,673,1
702,673,1
702,674,1
701,674,1
701,675,1
700,675,1
699,676,1
698,676,1
698,677,1
697,677,1
696,678,1
695,679,1
694,679,1
693,680,1
692,680,1
692,681,1
691,681,1
690,682,1
690,683,1
689,683,1
688,684,1
687,684,1
687,685,1
686,685,1
685,686,1
684,687,1
683,687,1
683,688,1
682,688,1
682,689,1
681,689,1
680,690,1
680,691,1
679,691,1
678,692,1
677,693,1
676,693,1
676,694,1
675,695,1
674,696,1
673,696,1
673,697,1
672,698,1
671,699,1
671,700,1
670,700,1
670,701,1
669,701,1
669,702,1
668,703,1
667,704,1
667,705,1
666,706,1
666,707,1
665,707,1
665,708,1
665,709,1
664,709,1
664,710,1
664,711,1
663,712,1
663,713,1
663,714,1
662,714,1
662,715,1
662,716,1
662,717,1
662,718,1
662,719,1
662,720,1
662,721,1
662,722,1
662,723,1
662,724,1
662,725,1
663,726,1
663,727,1
664,728,1
664,729,1
665,729,1
665,730,1
666,731,1
667,732,1
668,733,1
669,734,1
670,734,1
670,735,1
671,735,1
672,736,1
673,736,1
674,737,1
675,737,1
676,737,1
677,738,1
678,738,1
679,738,1
680,739,1
681,739,1
682,739,1
683,739,1
684,739,1
685,739,1
686,740,1
687,740,1
688,740,1
689,740,1
690,740,1
691,740,1
692,740,1
693,740,1
694,740,1
695,740,1
696,740,1
697,740,1
698,740,1
699,740,1
700,740,1
701,740,1
702,739,1
703,739,1
704,739,1
705,739,1
706,739,1
707,739,1
708,739,1
709,739,1
710,739,1
711,738,1
712,738,1
713,738,1
714,738,1
715,738,1
716,738,1
717,737,1
718,737,1
719,737,1
720,737,1
721,737,1
722,736,1
723,736,1
724,736,1
725,736,1
726,735,1
727,735,1
728,735,1
729,735,1
730,735,1
731,734,1
732,734,1
733,734,1
734,734,1
735,733,1
736,733,1
737,733,1
738,733,1
739,732,1
740,732,1
741,732,1
742,732,1
743,731,1
744,731,1
745,730,1
746,730,1
747,730,1
748,730,1
749,729,1
750,729,1
751,729,1
752,728,1
753,728,1
754,728,1
755,728,1
756,727,1
757,727,1
758,727,1
758,726,1
759,726,1
760,726,1
761,725,1
762,725,1
763,725,1
764,725,1
765,724,1
766,724,1
767,724,1
768,723,1
769,723,1
770,723,1
771,722,1
772,722,1
773,721,1
774,721,1
775,721,1
776,720,1
777,720,1
778,720,1
779,719,1
780,719,1
781,719,1
782,718,1
783,718,1
784,718,1
784,717,1
785,717,1
786,717,1
787,716,1
788,716,1
789,716,1
790,715,1
791,715,1
792,715,1
793,714,1
794,714,1
795,714,1
795,713,1
796,713,1
797,712,1
798,712,1
799,712,1
800,711,1
801,711,1
802,711,1
803,710,1
804,710,1
805,709,1
806,709,1
807,709,1
808,708,1
809,708,1
810,707,1
811,707,1
812,707,1
813,706,1
814,706,1
815,705,1
816,705,1
817,705,1
818,704,1
819,704,1
820,703,1
821,703,1
822,703,1
823,702,1
824,702,1
825,701,1
826,701,1
827,700,1
828,700,1
829,700,1
830,699,1
831,699,1
832,698,1
833,698,1
834,698,1
835,697,1
836,697,1
836,696,1
837,696,1
838,696,1
839,695,1
840,695,1
841,694,1
842,694,1
843,693,1
844,693,1
845,693,1
846,692,1
847,691,1
848,691,1
849,691,1
850,690,1
851,690,1
852,689,1
853,689,1
854,688,1
855,688,1
856,688,1
857,687,1
858,687,1
859,686,1
860,686,1
861,686,1
862,685,1
863,684,1
864,684,1
865,683,1
866,683,1
867,683,1
868,682,1
869,682,1
870,681,1
871,681,1
872,680,1
873,680,1
874,679,1
875,679,1
876,678,1
877,678,1
878,677,1
879,677,1
879,676,1
880,676,1
881,675,1
882,675,1
883,674,1
883,673,1
884,673,1
884,672,1
885,672,1
886,672,1
887,671,1
903,687,0
933,672,1
933,673,1
933,674,1
934,675,1
934,676,1
934,677,1
935,678,1
935,679,1
935,680,1
935,681,1
935,682,1
936,683,1
936,684,1
936,685,1
936,686,1
937,687,1
937,688,1
938,689,1
938,690,1
938,691,1
938,692,1
938,693,1
939,694,1
939,695,1
939,696,1
939,697,1
940,698,1
940,699,1
940,700,1
941,701,1
941,702,1
941,703,1
941,704,1
942,705,1
942,706,1
942,707,1
942,708,1
943,709,1
943,710,1
943,711,1
943,712,1
944,713,1
944,714,1
944,715,1
944,716,1
945,717,1
945,718,1
945,719,1
945,720,1
946,721,1
946,722,1
946,723,1
947,724,1
947,725,1
947,726,1
947,727,1
948,728,1
948,729,1
948,730,1
948,731,1
949,732,1
949,733,1
949,734,1
950,734,1
950,735,1
950,736,1
950,737,1
951,738,1
951,739,1
951,740,1
951,741,1
952,742,1
952,743,1
952,744,1
953,744,1
953,745,1
953,746,1
953,747,1
954,748,1
954,749,1
954,750,1
954,751,1
955,752,1
955,753,1
955,754,1
956,755,1
956,756,1
956,757,1
957,758,1
957,759,1
957,760,1
958,761,1
958,762,1
958,763,1
958,764,1
959,765,1
959,766,1
959,767,1
960,768,1
960,769,1
960,770,1
961,771,1
961,772,1
962,773,1
962,774,1
963,775,1
963,776,1
963,777,1
964,777,1
964,778,1
965,779,1
965,780,1
966,780,1
967,780,1
967,781,1
968,781,1
969,781,1
970,781,1
1043,700,0
1116,616,1
1117,617,1
1118,618,1
1118,619,1
1119,620,1
1120,621,1
1120,622,1
1121,623,1
1122,624,1
1122,625,1
1122,626,1
1123,627,1
1124,628,1
1124,629,1
1124,630,1
1125,630,1
1125,631,1
1125,632,1
1126,633,1
1126,634,1
1126,635,1
1127,635,1
1127,636,1
1127,637,1
1128,638,1
1128,639,1
1128,640,1
1128,641,1
1129,642,1
1129,643,1
1129,644,1
1129,645,1
1130,646,1
1130,647,1
1130,648,1
1130,649,1
1130,650,1
1130,651,1
1130,652,1
1130,653,1
1131,654,1
1131,655,1
1131,656,1
1131,657,1
1131,658,1
1131,659,1
1132,659,1
1132,660,1
1132,661,1
1132,662,1
1132,663,1
1132,664,1
1133,665,1
1133,666,1
1133,667,1
1133,668,1
1133,669,1
1133,670,1
1133,671,1
1134,671,1
1134,672,1
1134,673,1
1134,674,1
1134,675,1
1134,676,1
1134,677,1
1135,677,1
1135,678,1
1135,679,1
1135,680,1
1135,681,1
1136,682,1
1136,683,1
1136,684,1
1137,684,1
1137,685,1
1138,685,1
1139,685,1
1139,684,1
1139,683,1
1140,683,1
1140,682,1
1141,681,1
1141,680,1
1142,679,1
1142,678,1
1142,677,1
1143,676,1
1143,675,1
1143,674,1
1144,674,1
1144,673,1
1144,672,1
1144,671,1
1145,671,1
1145,670,1
1145,669,1
1145,668,1
1146,667,1
1146,666,1
1146,665,1
1147,664,1
1147,663,1
1147,662,1
1148,661,1
1148,660,1
1148,659,1
1149,658,1
1149,657,1
1150,656,1
1150,655,1
1150,654,1
1151,653,1
1151,652,1
1151,651,1
1152,650,1
1152,649,1
1153,648,1
1153,647,1
1154,646,1
1154,645,1
1154,644,1
1155,643,1
1155,642,1
1155,641,1
1156,640,1
1157,639,1
1157,638,1
1157,637,1
1158,636,1
1158,635,1
1159,634,1
1160,633,1
1160,632,1
1160,631,1
1161,630,1
1161,629,1
1162,628,1
1163,627,1
1163,626,1
1164,625,1
1164,624,1
1165,623,1
1166,622,1
1166,621,1
1167,620,1
1167,619,1
1168,618,1
1169,617,1
1169,616,1
1170,615,1
1170,614,1
1171,614,1
1171,613,1
1172,612,1
1173,611,1
1174,610,1
1174,609,1
1175,608,1
1176,607,1
1177,606,1
1178,605,1
1179,604,1
1180,603,1
1180,602,1
1181,602,1
1182,601,1
1182,600,1
1183,600,1
1184,599,1
1185,598,1
1186,597,1
1187,597,1
1187,596,1
1188,596,1
1189,595,1
1190,595,1
1190,594,1
1191,594,1
1192,593,1
1193,593,1
1193,592,1
1194,592,1
1195,591,1
1196,591,1
1197,590,1
1198,590,1
1199,590,1
1199,589,1
1200,589,1
1201,589,1
1202,588,1
1203,588,1
1204,587,1
1205,587,1
1206,587,1
1207,587,1
1207,586,1
1208,586,1
1209,586,1
1210,586,1
1211,586,1
1212,586,1
1213,585,1
1214,585,1
1215,585,1
1216,585,1
1217,585,1
1218,585,1
1219,585,1
1220,585,1
1221,585,1
1222,585,1
1223,585,1
1224,585,1
1225,585,1
1226,585,1
1227,586,1
1228,586,1
1229,586,1
1230,586,1
1231,586,1
1232,587,1
1233,587,1
1234,587,1
1235,587,1
1236,588,1
1237,588,1
1238,589,1
1239,589,1
1240,589,1
1241,590,1
1242,590,1
1243,591,1
1244,591,1
1245,591,1
1245,592,1
1246,592,1
1247,593,1
1248,593,1
1249,594,1
1250,594,1
1251,595,1
1252,596,1
1253,596,1
1254,597,1
1255,598,1
1256,598,1
1257,599,1
1257,600,1
1258,600,1
1259,601,1
1260,602,1
1261,602,1
1261,603,1
1262,604,1
1263,604,1
1263,605,1
1264,605,1
1265,606,1
1265,607,1
1266,607,1
1267,608,1
1268,609,1
1269,610,1
1270,611,1
1271,612,1
1272,613,1
1273,614,1
1274,615,1
1274,616,1
1275,616,1
1276,617,1
1276,618,1
1277,619,1
1278,620,1
1279,621,1
1279,622,1
1280,622,1
1280,623,1
1281,624,1
1282,625,1
1283,626,1
1283,627,1
1284,628,1
1285,628,1
1285,629,1
1286,630,1
1286,631,1
1287,632,1
1288,633,1
1289,634,1
1289,635,1
1290,635,1
1290,636,1
1291,637,1
1291,638,1
1292,639,1
1293,640,1
1294,641,1
1294,642,1
1295,643,1
1295,644,1
1296,645,1
1297,646,1
1297,647,1
1298,648,1
1298,649,1
1299,650,1
1300,651,1
1300,652,1
1301,653,1
1301,654,1
1302,655,1
1303,656,1
1303,657,1
1304,658,1
1304,659,1
1305,660,1
1305,661,1
1306,662,1
1307,663,1
1307,664,1
1308,665,1
1308,666,1
1309,667,1
1309,668,1
1310,669,1
1311,670,1
1311,671,1
1312,672,1
1312,673,1
1312,674,1
1313,675,1
1313,676,1
1314,677,1
1315,678,1
1315,679,1
1316,680,1
1316,681,1
1316,682,1
1317,683,1
1317,684,1
1318,685,1
1318,686,1
1318,687,1
1319,687,1
1319,688,1
1320,689,1
1320,690,1
1321,691,1
1321,692,1
1321,693,1
1322,694,1
1322,695,1
1323,696,1
1323,697,1
1324,698,1
1324,699,1
1325,700,1
1325,701,1
1326,702,1
1326,703,1
1327,704,1
1327,705,1
1327,706,1
1328,706,1
1328,707,1
1329,708,1
1329,709,1
1329,710,1
1330,711,1
1330,712,1
1331,713,1
1331,714,1
1332,715,1
1332,716,1
1332,717,1
1333,718,1
1333,719,1
1334,720,1
1334,721,1
1334,722,1
1335,723,1
1335,724,1
1336,725,1
1336,726,1
1336,727,1
1337,727,1
1337,728,1
1337,729,1
1338,730,1
1338,731,1
1339,732,1
1340,732,1
1340,731,1
1340,730,1
1340,729,1
1340,728,1
1340,727,1
1340,726,1
1213,522,0
1105,307,1
1104,308,1
1103,308,1
1102,309,1
1102,310,1
1101,310,1
1100,311,1
1099,311,1
1099,312,1
1098,313,1
1097,313,1
1097,314,1
1096,315,1
1095,315,1
1095,316,1
1094,317,1
1093,318,1
1093,319,1
1092,320,1
1091,321,1
1091,322,1
1090,323,1
1090,324,1
1089,325,1
1089,326,1
1089,327,1
1088,328,1
1088,329,1
1088,330,1
1088,331,1
1087,332,1
1087,333,1
1087,334,1
1087,335,1
1087,336,1
1087,337,1
1087,338,1
1087,339,1
1088,340,1
1088,341,1
1087,342,1
1087,343,1
1087,344,1
1087,345,1
1087,346,1
1087,347,1
1087,348,1
1087,349,1
1087,350,1
1087,351,1
1087,352,1
1087,353,1
1087,354,1
1087,355,1
1087,356,1
1087,357,1
1087,358,1
1087,359,1
1087,360,1
1088,361,1
1088,362,1
1088,363,1
1088,364,1
1089,365,1
1089,366,1
1089,367,1
1090,368,1
1090,369,1
1090,370,1
1091,371,1
1091,372,1
1092,373,1
1092,374,1
1092,375,1
1093,376,1
1094,377,1
1094,378,1
1095,379,1
1095,380,1
1096,381,1
1096,382,1
1097,383,1
1098,384,1
1099,385,1
1099,386,1
1100,386,1
1100,387,1
1101,388,1
1101,389,1
1102,389,1
1103,390,1
1103,391,1
1104,391,1
1104,392,1
1105,393,1
1106,393,1
1106,394,1
1107,395,1
1108,396,1
1109,397,1
1110,398,1
1111,399,1
1112,400,1
1113,400,1
1113,401,1
1114,402,1
1115,402,1
1115,403,1
1116,403,1
1117,404,1
1117,405,1
1118,405,1
1119,406,1
1120,406,1
1120,407,1
1121,407,1
1122,408,1
1123,408,1
1123,409,1
1124,409,1
1125,410,1
1126,410,1
1127,411,1
1128,412,1
1129,412,1
1130,413,1
1131,413,1
1131,414,1
1132,414,1
1133,415,1
1134,415,1
1135,416,1
1136,416,1
1137,417,1
1138,417,1
1139,418,1
1140,418,1
1141,418,1
1141,419,1
1142,419,1
1143,420,1
1144,420,1
1145,420,1
1146,421,1
1147,421,1
1148,422,1
1149,422,1
1150,422,1
1151,423,1
1152,423,1
1153,423,1
1153,424,1
1154,424,1
1155,424,1
1156,424,1
1157,425,1
1158,425,1
1159,425,1
1160,426,1
1161,426,1
1162,426,1
1163,427,1
1164,427,1
1165,427,1
1166,427,1
1167,428,1
1168,428,1
1169,428,1
1170,428,1
1171,429,1
1172,429,1
1173,429,1
1174,429,1
1175,430,1
1176,430,1
1177,430,1
1178,430,1
1179,430,1
1180,431,1
1181,431,1
1182,431,1
1183,431,1
1184,432,1
1185,432,1
1186,432,1
1187,432,1
1188,432,1
1189,432,1
1190,433,1
1191,433,1
1192,433,1
1193,433,1
1194,433,1
1195,433,1
1196,434,1
1197,434,1
1198,434,1
1199,434,1
1200,434,1
1201,434,1
1202,435,1
1203,435,1
1204,435,1
1205,435,1
1206,435,1
1207,435,1
1208,435,1
1209,436,1
1210,436,1
1211,436,1
1212,436,1
1213,436,1
1214,436,1
1215,436,1
1216,436,1
1217,437,1
1218,437,1
1219,437,1
1220,437,1
1221,437,1
1222,437,1
1223,437,1
1224,437,1
1225,437,1
1226,437,1
1227,437,1
1228,438,1
1229,438,1
1230,438,1
1231,438,1
1232,438,1
1233,438,1
1234,438,1
1235,438,1
1236,438,1
1237,438,1
1238,438,1
1239,438,1
1240,438,1
1241,438,1
1242,439,1
1243,439,1
1244,439,1
1245,439,1
1246,439,1
1247,439,1
1248,439,1
1249,439,1
1250,439,1
1251,439,1
1252,439,1
1253,439,1
1254,439,1
1255,439,1
1256,439,1
1257,439,1
1258,440,1
1259,440,1
1260,440,1
1261,440,1
1262,440,1
1263,440,1
1264,440,1
1265,440,1
1266,440,1
1267,440,1
1268,440,1
1269,440,1
1270,440,1
1271,440,1
1272,440,1
1273,440,1
1274,440,1
1275,440,1
1276,440,1
1277,440,1
1278,440,1
1279,440,1
1280,440,1
1281,440,1
1282,440,1
1283,440,1
1284,440,1
1285,440,1
1286,440,1
1287,440,1
1288,440,1
1289,440,1
1290,440,1
1291,440,1
1292,440,1
1293,440,1
1294,440,1
1295,440,1
1388,523,0
1500,584,1
1500,585,1
1500,586,1
1500,587,1
1500,588,1
1500,589,1
1501,590,1
1501,591,1
1501,592,1
1501,593,1
1501,594,1
1501,595,1
1501,596,1
1501,597,1
1501,598,1
1501,599,1
1502,600,1
1502,601,1
1502,602,1
1502,603,1
1502,604,1
1502,605,1
1503,606,1
1503,607,1
1503,608,1
1503,609,1
1503,610,1
1503,611,1
1503,612,1
1503,613,1
1503,614,1
1503,615,1
1503,616,1
1503,617,1
1503,618,1
1503,619,1
1503,620,1
1503,621,1
1503,622,1
1503,623,1
1503,624,1
1503,625,1
1502,625,1
1502,626,1
1502,627,1
1502,628,1
1502,629,1
1502,630,1
1501,630,1
1501,631,1
1501,632,1
1501,633,1
1500,634,1
1500,635,1
1500,636,1
1499,636,1
1499,637,1
1499,638,1
1498,638,1
1498,639,1
1497,640,1
1497,641,1
1496,641,1
1495,642,1
1494,642,1
1494,643,1
1493,643,1
1492,644,1
1491,644,1
1490,644,1
1489,644,1
1488,645,1
1487,645,1
1486,645,1
1485,645,1
1484,645,1
1483,645,1
1482,644,1
1481,644,1
1480,644,1
1479,644,1
1478,644,1
1477,644,1
1477,643,1
1476,643,1
1475,643,1
1474,643,1
1473,642,1
1472,642,1
1471,642,1
1470,642,1
1470,641,1
1469,641,1
1468,641,1
1467,640,1
1466,640,1
1465,640,1
1465,639,1
1464,639,1
1463,639,1
1462,638,1
1461,638,1
1460,638,1
1460,637,1
1459,637,1
1458,637,1
1457,637,1
1456,636,1
1455,636,1
1454,636,1
1454,635,1
1453,635,1
1452,635,1
1451,635,1
1450,634,1
1449,634,1
1448,634,1
1447,634,1
1446,634,1
1446,633,1
1445,633,1
1444,633,1
1443,633,1
1442,632,1
1441,632,1
1440,632,1
1439,632,1
1438,632,1
1437,632,1
1436,631,1
1435,631,1
1434,631,1
1433,631,1
1432,631,1
1431,631,1
1430,631,1
1429,631,1
1428,631,1
1427,631,1
1426,631,1
1425,631,1
1424,631,1
1423,631,1
1422,631,1
1421,631,1
1420,631,1
1419,631,1
1418,631,1
1417,631,1
1416,631,1
1415,631,1
1414,631,1
1413,631,1
1412,631,1
1411,632,1
1410,632,1
1409,632,1
1408,632,1
1407,632,1
1406,633,1
1405,633,1
1404,633,1
1403,633,1
1402,634,1
1401,634,1
1400,634,1
1399,635,1
1398,635,1
1397,635,1
1396,636,1
1395,636,1
1394,637,1
1393,637,1
1392,637,1
1391,638,1
1390,638,1
1389,639,1
1388,639,1
1387,640,1
1386,641,1
1385,641,1
1384,642,1
1383,642,1
1383,643,1
1382,643,1
1381,644,1
1380,645,1
1379,646,1
1378,647,1
1377,648,1
1376,648,1
1376,649,1
1375,650,1
1375,651,1
1374,651,1
1374,652,1
1374,653,1
1373,654,1
1373,655,1
1373,656,1
1373,657,1
1373,658,1
1373,659,1
1374,660,1
1374,661,1
1375,661,1
1375,662,1
1376,663,1
1377,663,1
1377,664,1
1378,664,1
1379,665,1
1380,665,1
1381,665,1
1382,666,1
1383,666,1
1384,666,1
1385,666,1
1386,666,1
1387,666,1
1388,666,1
1389,666,1
1390,666,1
1391,666,1
1392,666,1
1393,666,1
1394,665,1
1395,665,1
1396,665,1
1397,665,1
1398,665,1
1399,664,1
1400,664,1
1401,664,1
1402,663,1
1403,663,1
1404,663,1
1405,662,1
1406,662,1
1407,662,1
1407,661,1
1408,661,1
1409,661,1
1410,660,1
1411,660,1
1411,659,1
1412,659,1
1413,658,1
1414,658,1
1415,658,1
1415,657,1
1416,657,1
1417,656,1
1418,656,1
1418,655,1
1419,655,1
1420,654,1
1421,654,1
1421,653,1
1422,653,1
1423,652,1
1424,652,1
1424,651,1
1425,651,1
1426,650,1
1427,649,1
1428,648,1
1429,648,1
1429,647,1
1430,647,1
1431,646,1
1432,645,1
1433,644,1
1434,643,1
1435,643,1
1435,642,1
1436,641,1
1437,641,1
1437,640,1
1438,639,1
1439,639,1
1439,638,1
1440,637,1
1441,636,1
1442,635,1
1443,634,1
1444,633,1
1445,632,1
1445,631,1
1446,631,1
1447,630,1
1447,629,1
1448,629,1
1448,628,1
1449,627,1
1450,626,1
1451,625,1
1451,624,1
1452,624,1
1452,623,1
1453,622,1
1453,621,1
1454,621,1
1455,620,1
1455,619,1
1456,618,1
1457,617,1
1457,616,1
1458,616,1
1458,615,1
1459,614,1
1459,613,1
1460,612,1
1460,611,1
1461,610,1
1461,609,1
1462,609,1
1462,608,1
1463,607,1
1463,606,1
1464,605,1
1465,604,1
1465,603,1
1465,602,1
1466,601,1
1467,600,1
1467,599,1
1467,598,1
1468,597,1
1469,596,1
1469,595,1
1470,594,1
1470,593,1
1471,592,1
1471,591,1
1472,590,1
1472,589,1
1473,589,1
1473,588,1
1473,587,1
1474,586,1
1474,585,1
1474,584,1
1475,584,1
1475,583,1
1475,582,1
1476,581,1
1476,580,1
1477,579,1
1477,578,1
1477,577,1
1477,576,1
1477,575,1
1478,574,1
1478,573,1
1478,572,1
1478,571,1
1479,570,1
1479,569,1
1479,568,1
1479,567,1
1479,566,1
1479,565,1
1479,564,1
1479,563,1
1479,562,1
1479,561,1
1479,560,1
1479,559,1
1479,558,1
1478,436,0
1463,305,1
1464,304,1
1464,303,1
1465,303,1
1465,302,1
1466,302,1
1467,302,1
1467,301,1
1468,300,1
1469,300,1
1470,299,1
1471,298,1
1472,298,1
1472,297,1
1473,297,1
1474,297,1
1475,296,1
1476,295,1
1477,295,1
1478,294,1
1479,294,1
1480,293,1
1481,293,1
1482,293,1
1482,292,1
1483,292,1
1484,292,1
1485,292,1
1486,292,1
1487,291,1
1488,291,1
1489,291,1
1490,291,1
1491,291,1
1492,292,1
1493,292,1
1494,292,1
1495,292,1
1496,292,1
1497,293,1
1498,293,1
1499,293,1
1500,293,1
1501,293,1
1502,293,1
1503,293,1
1504,293,1
1505,293,1
1506,293,1
1507,293,1
1508,293,1
1509,293,1
1510,294,1
1511,294,1
1512,294,1
1513,294,1
1514,295,1
1515,295,1
1516,295,1
1517,296,1
1518,296,1
1519,297,1
1520,297,1
1521,297,1
1522,298,1
1523,298,1
1524,299,1
1525,299,1
1526,300,1
1527,300,1
1528,301,1
1529,302,1
1530,302,1
1531,303,1
1532,304,1
1533,304,1
1534,305,1
1535,306,1
1536,307,1
1537,308,1
1538,308,1
1538,309,1
1539,309,1
1540,310,1
1540,311,1
1541,311,1
1542,312,1
1542,313,1
1543,313,1
1544,314,1
1544,315,1
1545,315,1
1546,316,1
1546,317,1
1547,317,1
1548,318,1
1548,319,1
1549,320,1
1550,321,1
1551,322,1
1552,323,1
1553,324,1
1553,325,1
1554,325,1
1554,326,1
1555,327,1
1555,328,1
1556,329,1
1557,329,1
1557,330,1
1558,331,1
1558,332,1
1559,332,1
1559,333,1
1560,334,1
1560,335,1
1561,336,1
1561,337,1
1562,337,1
1562,338,1
1563,339,1
1563,340,1
1564,341,1
1565,342,1
1565,343,1
1566,344,1
1566,345,1
1567,346,1
1567,347,1
1568,347,1
1568,348,1
1569,349,1
1569,350,1
1569,351,1
1570,352,1
1570,353,1
1571,354,1
1572,355,1
1572,356,1
1572,357,1
1573,358,1
1573,359,1
1574,360,1
1574,361,1
1575,362,1
1575,363,1
1576,364,1
1576,365,1
1576,366,1
1577,367,1
1577,368,1
1578,369,1
1578,370,1
1579,371,1
1579,372,1
1580,373,1
1580,374,1
1580,375,1
1581,376,1
1581,377,1
1581,378,1
1582,379,1
1582,380,1
1583,380,1
1583,381,1
1583,382,1
1584,383,1
1584,384,1
1584,385,1
1585,386,1
1585,387,1
1585,388,1
1586,389,1
1586,390,1
1586,391,1
1587,391,1
1587,392,1
1587,393,1
1588,394,1
1588,395,1
1588,396,1
1589,397,1
1589,398,1
1589,399,1
1590,400,1
1590,401,1
1591,402,1
1591,403,1
1591,404,1
1592,405,1
1592,406,1
1592,407,1
1593,408,1
1593,409,1
1594,410,1
1594,411,1
1594,412,1
1595,413,1
1595,414,1
1595,415,1
1596,416,1
1596,417,1
1596,418,1
1597,418,1
1597,419,1
1597,420,1
1598,421,1
1598,422,1
1598,423,1
1599,424,1
1599,425,1
1599,426,1
1600,426,1
1600,427,1
1600,428,1
1601,429,1
1601,430,1
1601,431,1
1602,432,1
1602,433,1
1602,434,1
1603,434,1
1603,435,1
1603,436,1
1604,437,1
1604,438,1
1604,439,1
1605,440,1
1605,441,1
1606,442,1
1606,443,1
1606,444,1
1607,445,1
1607,446,1
1607,447,1
1607,448,1
1608,449,1
1608,450,1
1609,451,1
1609,452,1
1609,453,1
1610,454,1
1610,455,1
1610,456,1
1611,457,1
1611,458,1
1611,459,1
1612,459,1
1612,460,1
1612,461,1
1613,462,1
1613,463,1
1613,464,1
1614,465,1
1614,466,1
1614,467,1
1614,468,1
1615,468,1
1615,469,1
1615,470,1
1616,471,1
1616,472,1
1616,473,1
1617,474,1
1617,475,1
1617,476,1
1618,477,1
1618,478,1
1619,479,1
1619,480,1
1619,481,1
1620,482,1
1620,483,1
1620,484,1
1621,485,1
1621,486,1
1622,487,1
1622,488,1
1622,489,1
1623,490,1
1623,491,1
1623,492,1
1623,493,1
1624,493,1
1624,494,1
1624,495,1
1625,496,1
1625,497,1
1625,498,1
1626,499,1
1626,500,1
1626,501,1
1627,502,1
1627,503,1
1627,504,1
1628,505,1
1628,506,1
1628,507,1
1629,508,1
1629,509,1
1629,510,1
1630,511,1
1630,512,1
1630,513,1
1631,514,1
1631,515,1
1631,516,1
1632,517,1
1632,518,1
1632,519,1
1633,520,1
1633,521,1
1633,522,1
1634,523,1
1634,524,1
1634,525,1
1635,526,1
1635,527,1
1635,528,1
1636,529,1
1636,530,1
1636,531,1
1637,532,1
1637,533,1
1637,534,1
1638,535,1
1638,536,1
1638,537,1
1639,538,1
1639,539,1
1639,540,1
1640,541,1
1640,542,1
1640,543,1
1641,544,1
1641,545,1
1641,546,1
1641,547,1
1642,548,1
1642,549,1
1642,550,1
1643,551,1
1643,552,1
1643,553,1
1644,554,1
1644,555,1
1644,556,1
1645,557,1
1645,558,1
1645,559,1
1646,560,1
1646,561,1
1646,562,1
1646,563,1
1647,564,1
1647,565,1
1647,566,1
1648,567,1
1648,568,1
1648,569,1
1648,570,1
1649,570,1
1649,571,1
1649,572,1
1650,573,1
1650,574,1
1650,575,1
1650,576,1
1651,577,1
1651,578,1
1651,579,1
1652,580,1
1652,581,1
1652,582,1
1652,583,1
1653,583,1
1653,584,1
1653,585,1
1654,586,1
1654,587,1
1654,588,1
1654,589,1
1655,590,1
1655,591,1
1655,592,1
1655,593,1
1656,594,1
1656,595,1
1656,596,1
1657,596,1
1657,597,1
1657,598,1
1657,599,1
1658,600,1
1658,601,1
1658,602,1
1658,603,1
1659,604,1
1659,605,1
1659,606,1
1660,607,1
1660,608,1
1660,609,1
1660,610,1
1661,611,1
1661,612,1
1661,613,1
1661,614,1
1662,614,1
1662,615,1
1662,616,1
1662,617,1
1663,618,1
1663,619,1
1663,620,1
1663,621,1
1664,622,1
1664,623,1
1664,624,1
1665,625,1
1665,626,1
1665,627,1
1665,628,1
1666,629,1
1666,630,1
1666,631,1
1666,632,1
1667,633,1
1667,634,1
1667,635,1
1668,636,1
1668,637,1
1668,638,1
1668,639,1
1669,640,1
1669,641,1
1669,642,1
1669,643,1
1670,644,1
1670,645,1
1670,646,1
1670,647,1
1671,647,1
1671,648,1
1671,649,1
1672,650,1
1672,651,1
1672,652,1
1672,653,1
1673,654,1
1673,655,1
1673,656,1
1673,657,1
1674,658,1
1674,659,1
1674,660,1
1674,661,1
1675,662,1
1675,663,1
1675,664,1
1675,665,1
1676,666,1
1676,667,1
1676,668,1
1677,669,1
1677,670,1
1677,671,1
1677,672,1
1678,673,1
1678,674,1
1678,675,1
1678,676,1
1679,677,1
1679,678,1
1680,679,1
1680,680,1
1680,681,1
1680,682,1
1681,683,1
1681,684,1
1681,685,1
1681,686,1
1682,687,1
1682,688,1
1683,688,1
1683,689,1
1684,690,1
1685,691,1
1685,692,1
1686,692,1
1686,693,1
1721,634,0
1767,572,1
1767,573,1
1767,574,1
1766,575,1
1766,576,1
1766,577,1
1765,578,1
1765,579,1
1765,580,1
1765,581,1
1765,582,1
1764,583,1
1764,584,1
1764,585,1
1764,586,1
1764,587,1
1764,588,1
1764,589,1
1764,590,1
1764,591,1
1764,592,1
1764,593,1
1764,594,1
1764,595,1
1764,596,1
1764,597,1
1764,598,1
1764,599,1
1764,600,1
1764,601,1
1765,602,1
1765,603,1
1765,604,1
1766,605,1
1766,606,1
1766,607,1
1766,608,1
1767,609,1
1767,610,1
1768,611,1
1768,612,1
1768,613,1
1769,614,1
1769,615,1
1770,616,1
1770,617,1
1770,618,1
1770,619,1
1771,620,1
1771,621,1
1771,622,1
1772,622,1
1772,623,1
1772,624,1
1773,625,1
1773,626,1
1773,627,1
1774,628,1
1774,629,1
1775,630,1
1775,631,1
1776,632,1
1776,633,1
1777,633,1
1777,634,1
1777,635,1
1778,636,1
1778,637,1
1779,638,1
1780,639,1
1780,640,1
1781,641,1
1782,642,1
1783,643,1
1783,644,1
1784,644,1
1784,645,1
1785,646,1
1785,647,1
1786,647,1
1787,648,1
1787,649,1
1788,650,1
1789,651,1
1790,652,1
1791,653,1
1792,654,1
1793,655,1
1794,656,1
1795,657,1
1796,657,1
1796,658,1
1797,659,1
1798,659,1
1798,660,1
1799,661,1
1800,661,1
1800,662,1
1801,662,1
1802,663,1
1803,664,1
1804,665,1
1805,665,1
1806,666,1
1807,667,1
1808,668,1
1809,669,1
1810,669,1
1811,670,1
1812,671,1
1813,671,1
1814,672,1
1815,673,1
1816,673,1
1817,674,1
1818,675,1
1819,675,1
1820,676,1
1821,676,1
1821,677,1
1822,677,1
1823,677,1
1824,678,1
1825,678,1
1825,679,1
1826,679,1
1827,679,1
1828,680,1
1829,680,1
1829,681,1
1830,681,1
1831,681,1
1832,682,1
1833,682,1
1834,683,1
1835,683,1
1836,683,1
1837,684,1
1838,684,1
1839,684,1
1840,685,1
1841,685,1
1842,685,1
1843,686,1
1844,686,1
1845,686,1
1846,687,1
1847,687,1
1848,687,1
1849,687,1
1850,687,1
1850,688,1
1851,688,1
1852,688,1
1853,688,1
1854,689,1
1855,689,1
1856,689,1
1857,689,1
1858,690,1
1859,690,1
1860,690,1
1861,690,1
1862,690,1
1863,690,1
1864,691,1
1865,691,1
1866,691,1
1867,691,1
1868,691,1
1869,692,1
1870,692,1
1871,692,1
1872,692,1
1873,692,1
1874,692,1
1875,692,1
1876,692,1
1877,692,1
1878,693,1
1879,693,1
1880,693,1
1881,693,1
1882,693,1
1883,693,1
1884,693,1
1885,693,1
1886,693,1
1887,693,1
1888,693,1
1889,693,1
1890,693,1
1891,693,1
1892,693,1
1893,693,1
1894,693,1
1895,693,1
1896,693,1
1897,693,1
1898,693,1
1899,693,1
1900,693,1
1901,693,1
1902,693,1
1903,693,1
1904,693,1
1905,693,1
1906,693,1
1907,693,1
1908,693,1
1909,693,1
1910,693,1
1911,693,1
1912,693,1
1913,693,1
1914,692,1
1915,692,1
1916,692,1
1917,692,1
1918,692,1
1919,692,1
1920,692,1
1921,692,1
1922,692,1
1923,692,1
1924,691,1
1925,691,1
1926,691,1
1927,691,1
1928,691,1
1929,690,1
1930,690,1
1931,690,1
1932,690,1
1933,689,1
1934,689,1
1935,689,1
1936,688,1
1937,688,1
1938,688,1
1939,687,1
1940,687,1
1941,686,1
1942,686,1
1942,685,1
1943,685,1
1944,684,1
1945,684,1
1946,684,1
1946,683,1
1947,683,1
1948,683,1
1949,682,1
1950,682,1
1951,682,1
1952,681,1
1953,681,1
1954,680,1
1955,680,1
1956,679,1
1957,678,1
1958,678,1
1958,677,1
1959,677,1
1959,676,1
1960,676,1
1960,675,1
1960,674,1
1960,673,1
1960,672,1
1960,671,1
1960,670,1
1959,670,1
1959,669,1
1958,668,1
1957,668,1
1956,667,1
1955,666,1
1954,666,1
1953,665,1
1952,665,1
1951,665,1
1950,664,1
1604,597,0
1226,521,1
1227,521,1
1228,521,1
1229,521,1
1230,520,1
1231,520,1
1232,520,1
1233,520,1
1234,520,1
1235,520,1
1236,519,1
1237,519,1
1238,519,1
1239,519,1
1240,518,1
1241,518,1
1242,518,1
1243,518,1
1244,518,1
1245,518,1
1246,517,1
1247,517,1
1248,517,1
1249,517,1
1250,517,1
1251,517,1
1252,516,1
1253,516,1
1254,516,1
1255,516,1
1256,516,1
1257,516,1
1258,515,1
1259,515,1
1260,515,1
1261,515,1
1262,515,1
1263,515,1
1264,514,1
1265,514,1
1266,514,1
1267,514,1
1268,514,1
1269,514,1
1270,513,1
1271,513,1
1272,513,1
1273,513,1
1274,513,1
1275,513,1
1276,512,1
1277,512,1
1278,512,1
1279,512,1
1280,512,1
1281,512,1
1282,511,1
1283,511,1
1284,511,1
1285,511,1
1286,511,1
1287,511,1
1288,511,1
1288,510,1
1289,510,1
1290,510,1
1291,510,1
1292,510,1
1293,510,1
1294,510,1
1295,509,1
1296,509,1
1297,509,1
1298,509,1
1299,509,1
1300,509,1
1301,508,1
1302,508,1
1303,508,1
1304,508,1
1305,508,1
1306,508,1
1307,508,1
1308,507,1
1309,507,1
1310,507,1
1311,507,1
1312,507,1
1313,507,1
1314,506,1
1315,506,1
1316,506,1
1317,506,1
1318,506,1
1319,506,1
1320,506,1
1321,505,1
1322,505,1
1323,505,1
1324,505,1
1325,505,1
1326,505,1
1327,504,1
1328,504,1
1329,504,1
1330,504,1
1331,504,1
1332,504,1
1333,504,1
1334,504,1
1334,503,1
1335,503,1
1336,503,1
1337,503,1
1338,503,1
1339,503,1
1340,503,1
1341,503,1
1342,502,1
1343,502,1
1344,502,1
1345,502,1
1346,502,1
1347,502,1
1348,502,1
1349,501,1
1350,501,1
1351,501,1
1352,501,1
1353,501,1
1354,501,1
1355,501,1
1356,500,1
1357,500,1
1358,500,1
1359,500,1
1360,500,1
1361,500,1
1362,500,1
1363,499,1
1364,499,1
1365,499,1
1366,499,1
1367,499,1
1368,499,1
1369,499,1
1370,498,1
1371,498,1
1372,498,1
1373,498,1
1374,498,1
1375,498,1
1376,498,1
1377,498,1
1378,497,1
1379,497,1
1380,497,1
1381,497,1
1382,497,1
1383,497,1
1384,497,1
1385,497,1
1386,496,1
1387,496,1
1388,496,1
1389,496,1
1390,496,1
1391,496,1
1392,496,1
1393,496,1
1394,495,1
1395,495,1
1396,495,1
1397,495,1
1398,495,1
1399,495,1
1400,495,1
1401,495,1
1402,495,1
1403,495,1
1404,494,1
1405,494,1
1406,494,1
1407,494,1
1408,494,1
1409,494,1
1410,494,1
1411,493,1
1412,493,1
1413,493,1
1414,493,1
1415,493,1
1416,493,1
1417,493,1
1418,493,1
1419,493,1
1420,492,1
1421,492,1
1422,492,1
1423,492,1
1424,492,1
1425,492,1
1426,492,1
1427,492,1
1428,492,1
1429,491,1
1430,491,1
1431,491,1
1432,491,1
1433,491,1
1434,491,1
1435,491,1
1436,491,1
1437,491,1
1438,491,1
1439,490,1
1440,490,1
1441,490,1
1442,490,1
1443,490,1
1444,490,1
1445,490,1
1446,490,1
1447,490,1
1448,489,1
1449,489,1
1450,489,1
1451,489,1
1452,489,1
1453,489,1
1454,489,1
1455,489,1
1456,489,1
1457,489,1
1458,489,1
1459,488,1
1460,488,1
1461,488,1
1462,488,1
1463,488,1
1464,488,1
1465,488,1
1466,488,1
1467,488,1
1468,488,1
1469,487,1
1470,487,1
1471,487,1
1472,487,1
1473,487,1
1474,487,1
1475,487,1
1476,487,1
1477,487,1
1478,487,1
1479,487,1
1480,486,1
1481,486,1
1482,486,1
1483,486,1
1484,486,1
1485,486,1
1486,486,1
1487,486,1
1488,486,1
1489,485,1
1490,485,1
1491,485,1
1492,485,1
1493,485,1
1494,485,1
1495,485,1
1496,485,1
1497,485,1
1498,485,1
1499,485,1
1500,484,1
1501,484,1
1502,484,1
1503,484,1
1504,484,1
1505,484,1
1506,484,1
1507,484,1
1508,484,1
1509,484,1
1510,483,1
1511,483,1
1512,483,1
1513,483,1
1514,483,1
1515,483,1
1516,483,1
1517,483,1
1518,483,1
1519,483,1
1520,483,1
1521,483,1
1522,482,1
1523,482,1
1524,482,1
1525,482,1
1526,482,1
1527,482,1
1528,482,1
1529,482,1
1530,482,1
1531,482,1
1532,482,1
1533,482,1
1534,481,1
1535,481,1
1536,481,1
1537,481,1
1538,481,1
1539,481,1
1540,481,1
1541,481,1
1542,481,1
1543,481,1
1544,481,1
1545,480,1
1546,480,1
1547,480,1
1548,480,1
1549,480,1
1550,480,1
1551,480,1
1552,480,1
1553,480,1
1554,480,1
1555,480,1
1556,479,1
1557,479,1
1558,479,1
1559,479,1
1560,479,1
1561,479,1
1562,479,1
1563,479,1
1564,479,1
1565,478,1
1566,478,1
1567,478,1
1568,478,1
1569,478,1
1570,478,1
1571,478,1
1572,478,1
1573,478,1
1574,478,1
1575,478,1
1576,478,1
1577,478,1
1577,477,1
1578,477,1
1579,477,1
1580,477,1
1581,477,1
1582,477,1
1583,477,1
1584,477,1
1585,477,1
1586,477,1
1587,477,1
1588,476,1
1589,476,1
1590,476,1
1591,476,1
1592,476,1
1593,476,1
1594,476,1
1595,476,1
1596,476,1
1597,476,1
1598,476,1
1599,475,1
1600,475,1
1601,475,1
1602,475,1
1603,475,1
1604,475,1
1605,475,1
1606,475,1
1607,475,1
1608,475,1
1609,475,1
1610,474,1
1611,474,1
1612,474,1
1613,474,1
1614,474,1
1615,474,1
1616,474,1
1617,474,1
1618,474,1
1619,474,1
1620,474,1
1621,473,1
1622,473,1
1623,473,1
1624,473,1
1625,473,1
1626,473,1
1627,473,1
1628,473,1
1629,473,1
1630,473,1
1631,473,1
1632,473,1
1633,472,1
1634,472,1
1635,472,1
1636,472,1
1637,472,1
1638,472,1
1639,472,1
1640,472,1
1641,471,1
1642,471,1
1643,471,1
1644,471,1
1645,471,1
1646,471,1
1647,471,1
1648,471,1
1649,471,1
1650,471,1
1651,471,1
1652,471,1
1653,470,1
1654,470,1
1655,470,1
1656,470,1
1657,470,1
1658,470,1
1659,470,1
1660,470,1
1661,470,1
1662,470,1
1663,469,1
1664,469,1
1665,469,1
1666,469,1
1667,469,1
1668,469,1
1669,469,1
1670,469,1
1671,469,1
1672,469,1
1673,469,1
1674,468,1
1675,468,1
1676,468,1
1677,468,1
1678,468,1
1679,468,1
1680,468,1
1681,468,1
1682,468,1
1683,468,1
1684,468,1
1685,467,1
1686,467,1
1687,467,1
1688,467,1
1689,467,1
1690,467,1
1691,467,1
1692,467,1
1693,467,1
1694,467,1
1695,466,1
1696,466,1
1697,466,1
1698,466,1
1699,466,1
1700,466,1
1701,466,1
1702,466,1
1703,466,1
1704,466,1
1705,466,1
1706,465,1
1707,465,1
1708,465,1
1709,465,1
1710,465,1
1711,465,1
1712,465,1
1713,465,1
1714,465,1
1715,464,1
1716,464,1
1717,464,1
1718,464,1
1719,464,1
1720,464,1
1721,464,1
1722,464,1
1723,464,1
1724,464,1
1725,464,1
1726,464,1
1726,463,1
1727,463,1
1728,463,1
1729,463,1
1730,463,1
1731,463,1
1732,463,1
1733,463,1
1734,463,1
1735,463,1
1736,463,1
1737,462,1
1738,462,1
1739,462,1
1740,462,1
1741,462,1
1742,462,1
1743,462,1
1744,462,1
1745,462,1
1746,462,1
1747,462,1
1748,461,1
1749,461,1
1750,461,1
1751,461,1
1752,461,1
1753,461,1
1754,461,1
1755,461,1
1756,461,1
1757,461,1
1758,460,1
1759,460,1
1760,460,1
1761,460,1
1762,460,1
1763,460,1
1764,460,1
1765,460,1
1766,460,1
1767,460,1
1768,459,1
1769,459,1
1770,459,1
1771,459,1
1772,459,1
1773,459,1
1774,459,1
1775,459,1
1776,459,1
1777,458,1
1778,458,1
1779,458,1
1780,458,1
1781,458,1
1782,458,1
1783,458,1
1784,458,1
1785,458,1
1786,457,1
1787,457,1
1788,457,1
1789,457,1
1790,457,1
1791,457,1
1792,457,1
1793,457,1
1794,457,1
1795,456,1
1796,456,1
1797,456,1
1798,456,1
1799,456,1
1800,456,1
1801,456,1
1802,456,1
1803,456,1
1804,456,1
1805,455,1
1806,455,1
1807,455,1
1808,455,1
1809,455,1
1810,455,1
1811,455,1
1812,455,1
1813,455,1
1814,455,1
1815,454,1
1816,454,1
1817,454,1
1818,454,1
1819,454,1
1820,454,1
1821,454,1
1822,454,1
1823,454,1
1824,454,1
1825,453,1
1826,453,1
1827,453,1
1828,453,1
1829,453,1
1830,453,1
1831,453,1
1832,453,1
1833,453,1
1834,452,1
1835,452,1
1836,452,1
1837,452,1
1838,452,1
1839,452,1
1840,452,1
1841,452,1
1842,452,1
1843,451,1
1844,451,1
1845,451,1
1846,451,1
1847,451,1
1848,451,1
1849,451,1
1850,451,1
1851,451,1
1852,450,1
1853,450,1
1854,450,1
1855,450,1
1856,450,1
1857,450,1
1858,450,1
1859,450,1
1859,449,1
1860,449,1
1861,449,1
1862,449,1
1863,449,1
1864,449,1
1865,449,1
1866,449,1
1867,449,1
1868,449,1
1869,448,1
1870,448,1
1871,448,1
1872,448,1
1873,448,1
1874,448,1
1875,448,1
1876,448,1
1877,447,1
1878,447,1
1879,447,1
1880,447,1
1881,447,1
1882,447,1
1883,447,1
1884,447,1
1885,447,1
1886,447,1
1887,446,1
1888,446,1
1889,446,1
1890,446,1
1891,446,1
1892,446,1
1893,446,1
1894,446,1
1895,445,1
1896,445,1
1897,445,1
1898,445,1
1899,445,1
1900,445,1
1901,445,1
1902,445,1
1903,444,1
1904,444,1
1905,444,1
1906,444,1
1907,444,1
1908,444,1
1909,444,1
1910,444,1
1911,444,1
1912,443,1
1913,443,1
1914,443,1
1915,443,1
1916,443,1
1917,443,1
1918,443,1
1919,442,1
1920,442,1
1921,442,1
1922,442,1
1923,442,1
1924,442,1
1925,442,1
1926,442,1
1927,442,1
1928,441,1
1929,441,1
1930,441,1
1931,441,1
1932,441,1
1933,441,1
1934,441,1
1935,440,1
1936,440,1
1937,440,1
1938,440,1
1939,440,1
1940,440,1
1941,440,1
1942,440,1
1943,440,1
1944,439,1
1945,439,1
1946,439,1
1947,439,1
1948,439,1
1949,439,1
1950,439,1
1951,439,1
1952,438,1
1953,438,1
1954,438,1
1955,438,1
1956,438,1
1957,438,1
1958,438,1
1959,438,1
1960,437,1
1961,437,1
1962,437,1
1963,437,1
1964,437,1
1965,437,1
1966,437,1
1967,437,1
1968,436,1
1969,436,1
1970,436,1
1971,436,1
1972,436,1
1973,436,1
1974,436,1
1975,436,1
1975,435,1
1976,435,1
1977,435,1
1978,435,1
1979,435,1
1980,435,1
1981,435,1
1982,434,1
1983,434,1
1984,434,1
1985,434,1
1986,434,1
1987,434,1
1988,434,1
1989,434,1
1990,433,1
1991,433,1
1992,433,1
1993,433,1
1994,433,1
1995,433,1
1996,432,1
1997,432,1
1998,432,1
1999,432,1
2000,432,1
2001,432,1
2002,432,1
2003,432,1
2004,431,1
2005,431,1
2006,431,1
2007,431,1
2008,431,1
2009,431,1
2010,431,1
2011,431,1
2012,430,1
2013,430,1
2014,430,1
2015,430,1
2016,430,1
2017,430,1
2018,429,1
2019,429,1
2020,429,1
2021,429,1
2022,429,1
2023,429,1
2024,429,1
2025,429,1
2026,428,1
2027,428,1
2028,428,1
2029,428,1
2030,428,1
2031,427,1
2032,427,1
2033,427,1
2034,427,1
2035,427,1
2036,427,1
2037,427,1
2038,427,1
2039,426,1
2040,426,1
2041,426,1
2042,426,1
2043,426,1
2044,426,1
2045,425,1
2046,425,1
2047,425,1
2048,425,1
2049,425,1
2050,425,1
2051,425,1
2052,425,1
2053,424,1
2054,424,1
2055,424,1
2056,424,1
2057,424,1
2058,424,1
2059,423,1
2060,423,1
2061,423,1
2062,423,1
2063,423,1
2064,423,1
2065,423,1
2066,422,1
2067,422,1
2068,422,1
2069,422,1
2070,422,1
2071,422,1
2072,421,1
2073,421,1
2074,421,1
2075,421,1
2076,421,1
2077,421,1
2078,421,1
2079,420,1
2080,420,1
2081,420,1
2082,420,1
2083,420,1
2084,420,1
2085,419,1
2086,419,1
2087,419,1
2088,419,1
2089,419,1
2090,419,1
2091,419,1
2092,418,1
2093,418,1
2094,418,1
2095,418,1
2096,418,1
2097,418,1
2098,418,1
2099,417,1
2100,417,1
2101,417,1
2102,417,1
2103,417,1
2104,417,1
2105,417,1
2106,417,1
2107,416,1
2108,416,1
2109,416,1
2110,416,1
2111,416,1
2112,416,1
2113,415,1
2114,415,1
2115,415,1
2116,415,1
2117,415,1
2118,415,1
2119,415,1
2120,414,1
2121,414,1
2122,414,1
2123,414,1
2124,414,1
2125,414,1
2126,414,1
2126,413,1
2127,413,1
2128,413,1
2129,413,1
2130,413,1
2131,413,1
2132,413,1
2133,413,1
2134,412,1
2135,412,1
2136,412,1
2137,412,1
2138,412,1
2139,412,1
2140,412,1
2141,411,1
2142,411,1
2143,411,1
2144,411,1
2145,411,1
2146,411,1
2147,410,1
2148,410,1
2149,410,1
2150,410,1
2151,410,1
2152,410,1
2153,410,1
2154,410,1
2155,409,1
2156,409,1
2157,409,1
2158,409,1
2159,409,1
2160,409,1
2161,409,1
2162,409,1
2162,408,1
2163,408,1
2164,408,1
2165,408,1
2166,408,1
2167,408,1
2168,408,1
2169,407,1
2170,407,1
2171,407,1
2172,407,1
2173,407,1
2174,407,1
2175,407,1
2176,407,1
2177,406,1
2178,406,1
2179,406,1
2180,406,1
2181,406,1
2182,406,1
2183,406,1
2184,406,1
2185,406,1
2186,405,1
2187,405,1
2188,405,1
2189,405,1
2190,405,1
2191,405,1
2192,405,1
2191,405,1
1664,674,0
1151,921,1
1151,922,1
1151,923,1
1151,924,1
1152,925,1
1152,926,1
1152,927,1
1152,928,1
1152,929,1
1153,930,1
1153,931,1
1154,932,1
1154,933,1
1154,934,1
1154,935,1
1154,936,1
1155,937,1
1155,938,1
1155,939,1
1156,940,1
1156,941,1
1156,942,1
1156,943,1
1156,944,1
1157,945,1
1157,946,1
1157,947,1
1158,948,1
1158,949,1
1158,950,1
1158,951,1
1158,952,1
1159,953,1
1159,954,1
1159,955,1
1159,956,1
1160,957,1
1160,958,1
1160,959,1
1160,960,1
1160,961,1
1160,962,1
1161,963,1
1161,964,1
1161,965,1
1161,966,1
1161,967,1
1161,968,1
1161,969,1
1161,970,1
1161,971,1
1161,972,1
1161,973,1
1161,974,1
1161,975,1
1161,976,1
1161,977,1
1161,978,1
1160,979,1
1160,980,1
1160,981,1
1159,982,1
1159,983,1
1158,984,1
1157,985,1
1156,986,1
1155,986,1
1155,987,1
1154,987,1
1153,987,1
1152,987,1
1151,987,1
1150,987,1
1149,987,1
1148,987,1
1147,987,1
1146,987,1
1145,987,1
1144,987,1
1144,986,1
1143,986,1
1142,986,1
1141,986,1
1140,985,1
1139,985,1
1138,985,1
1137,984,1
1136,984,1
1135,983,1
1134,983,1
1133,982,1
1132,982,1
1131,981,1
1130,981,1
1129,980,1
1128,980,1
1127,979,1
1126,978,1
1125,978,1
1124,978,1
1123,977,1
1122,976,1
1121,976,1
1120,975,1
1119,975,1
1118,974,1
1117,974,1
1116,973,1
1115,973,1
1114,973,1
1114,972,1
1113,972,1
1112,971,1
1111,971,1
1110,971,1
1109,970,1
1108,970,1
1107,969,1
1106,969,1
1105,969,1
1104,968,1
1103,968,1
1102,967,1
1101,967,1
1100,967,1
1099,966,1
1098,966,1
1097,965,1
1096,965,1
1095,965,1
1094,964,1
1093,964,1
1092,964,1
1091,964,1
1090,963,1
1089,963,1
1088,963,1
1087,962,1
1086,962,1
1085,962,1
1084,962,1
1083,961,1
1082,961,1
1081,961,1
1080,961,1
1079,961,1
1078,961,1
1077,960,1
1076,960,1
1075,960,1
1074,960,1
1073,960,1
1072,960,1
1071,959,1
1070,959,1
1069,959,1
1068,959,1
1067,959,1
1066,959,1
1065,959,1
1064,959,1
1063,959,1
1062,959,1
1061,959,1
1060,959,1
1059,959,1
1058,959,1
1057,959,1
1056,959,1
1055,959,1
1054,959,1
1053,959,1
1052,959,1
1051,959,1
1050,959,1
1049,959,1
1048,959,1
1047,959,1
1046,959,1
1045,959,1
1044,959,1
1043,960,1
1042,960,1
1041,960,1
1040,960,1
1039,960,1
1038,960,1
1037,961,1
1036,961,1
1035,961,1
1034,961,1
1033,961,1
1033,962,1
1032,962,1
1031,962,1
1030,962,1
1029,963,1
1028,963,1
1027,963,1
1026,964,1
1025,964,1
1024,965,1
1023,965,1
1023,966,1
1022,966,1
1021,966,1
1021,967,1
1020,967,1
1020,968,1
1019,968,1
1019,969,1
1018,969,1
1018,970,1
1018,971,1
1018,972,1
1018,973,1
1019,974,1
1020,974,1
1020,975,1
1021,975,1
1021,976,1
1022,976,1
1023,976,1
1024,977,1
1025,977,1
1026,977,1
1027,977,1
1027,978,1
1028,978,1
1029,978,1
1030,978,1
1031,978,1
1032,978,1
1033,978,1
1034,979,1
1035,979,1
1036,979,1
1037,979,1
1038,979,1
1039,979,1
1040,979,1
1041,979,1
1042,979,1
1043,979,1
1044,979,1
1045,979,1
1046,979,1
1047,979,1
1048,978,1
1049,978,1
1050,978,1
1051,978,1
1052,978,1
1053,978,1
1054,978,1
1055,978,1
1056,978,1
1057,977,1
1058,977,1
1059,977,1
1060,977,1
1061,977,1
1062,977,1
1063,977,1
1064,976,1
1065,976,1
1066,976,1
1067,976,1
1068,976,1
1069,976,1
1070,975,1
1071,975,1
1072,975,1
1073,975,1
1074,975,1
1075,975,1
1075,974,1
1076,974,1
1077,974,1
1078,974,1
1079,974,1
1080,973,1
1081,973,1
1082,973,1
1083,973,1
1084,973,1
1085,972,1
1086,972,1
1087,972,1
1088,972,1
1089,972,1
1089,971,1
1090,971,1
1091,971,1
1092,971,1
1093,970,1
1094,970,1
1095,970,1
1096,970,1
1097,970,1
1098,969,1
1099,969,1
1100,969,1
1101,968,1
1102,968,1
1103,968,1
1104,968,1
1105,967,1
1106,967,1
1107,967,1
1108,967,1
1109,966,1
1110,966,1
1111,966,1
1112,966,1
1113,965,1
1114,965,1
1115,965,1
1116,965,1
1117,965,1
1118,964,1
1119,964,1
1120,964,1
1121,963,1
1122,963,1
1123,963,1
1124,963,1
1125,963,1
1126,962,1
1127,962,1
1128,962,1
1129,961,1
1130,961,1
1131,961,1
1132,961,1
1133,960,1
1134,960,1
1135,960,1
1136,960,1
1136,959,1
1137,959,1
1138,959,1
1139,959,1
1140,958,1
1141,958,1
1142,958,1
1143,958,1
1144,958,1
1145,957,1
1146,957,1
1147,957,1
1148,957,1
1149,956,1
1150,956,1
1151,956,1
1152,956,1
1153,955,1
1154,955,1
1155,955,1
1156,955,1
1157,955,1
1158,954,1
1159,954,1
1160,954,1
1161,953,1
1162,953,1
1163,953,1
1164,953,1
1165,953,1
1166,952,1
1167,952,1
1168,952,1
1169,952,1
1170,952,1
1171,951,1
1172,951,1
1173,951,1
1174,951,1
1175,951,1
1176,950,1
1177,950,1
1178,950,1
1179,950,1
1180,949,1
1181,949,1
1182,949,1
1183,949,1
1184,949,1
1185,948,1
1186,948,1
1187,948,1
1188,948,1
1189,948,1
1190,947,1
1191,947,1
1192,947,1
1193,947,1
1194,947,1
1195,946,1
1196,946,1
1197,946,1
1198,946,1
1199,946,1
1200,946,1
1201,945,1
1202,945,1
1203,945,1
1204,945,1
1205,945,1
1206,945,1
1207,945,1
1208,944,1
1209,944,1
1210,944,1
1211,944,1
1212,944,1
1213,944,1
1214,943,1
1215,943,1
1216,943,1
1217,943,1
1218,943,1
1219,943,1
1220,943,1
1221,943,1
1222,943,1
1223,943,1
1224,942,1
1225,942,1
1226,942,1
1227,942,1
1228,942,1
1229,942,1
1230,942,1
1231,942,1
1232,942,1
1233,942,1
1234,942,1
1235,942,1
1236,942,1
1237,941,1
1238,941,1
1239,941,1
1240,941,1
1241,941,1
1242,941,1
1243,941,1
1244,941,1
1245,941,1
1246,941,1
1247,941,1
1248,941,1
1249,941,1
1250,941,1
1251,941,1
1252,941,1
1253,941,1
1254,941,1
1255,942,1
1256,942,1
1257,942,1
1258,942,1
1259,942,1
1260,942,1
1261,942,1
1262,942,1
1263,942,1
1264,942,1
1265,942,1
1266,943,1
1267,943,1
1268,943,1
1269,943,1
1270,943,1
1271,943,1
1272,944,1
1273,944,1
1274,944,1
1275,944,1
1276,944,1
1277,945,1
1278,945,1
1279,945,1
1280,945,1
1281,946,1
1282,946,1
1283,946,1
1284,947,1
1285,947,1
1286,947,1
1287,948,1
1288,948,1
1289,948,1
1289,949,1
1290,949,1
1291,949,1
1292,950,1
1293,950,1
1294,951,1
1295,951,1
1296,951,1
1297,952,1
1298,953,1
1299,953,1
1300,953,1
1300,954,1
1301,954,1
1302,955,1
1303,955,1
1303,956,1
1304,956,1
1305,957,1
1306,958,1
1307,958,1
1308,959,1
1309,960,1
1310,960,1
1310,961,1
1311,962,1
1312,962,1
1312,963,1
1313,963,1
1314,964,1
1314,965,1
1315,965,1
1316,966,1
1317,967,1
1318,968,1
1319,969,1
1319,970,1
1320,970,1
1320,971,1
1321,972,1
1322,972,1
1322,973,1
1323,974,1
1323,975,1
1324,975,1
1324,976,1
1325,977,1
1325,978,1
1326,978,1
1326,979,1
1327,980,1
1327,981,1
1328,982,1
1328,983,1
1329,984,1
1329,985,1
1330,986,1
1330,987,1
1330,988,1
1331,989,1
1331,990,1
1332,991,1
1332,992,1
1332,993,1
1333,994,1
1333,995,1
1333,996,1
1333,997,1
1334,998,1
1334,999,1
1334,1000,1
1334,1001,1
1334,1002,1
1334,1003,1
1335,1004,1
1335,1005,1
1335,1006,1
1335,1007,1
1335,1008,1
1336,1009,1
1336,1010,1
1336,1011,1
1336,1012,1
1336,1013,1
1337,1014,1
1337,1015,1
1337,1016,1
1337,1017,1
1337,1018,1
1337,1019,1
1337,1020,1
1337,1021,1
1337,1022,1
1337,1023,1
1337,1024,1
1337,1025,1
1337,1026,1
1337,1027,1
1337,1028,1
1336,1029,1
1336,1030,1
1336,1031,1
1336,1032,1
1335,1033,1
1335,1034,1
1335,1035,1
1334,1036,1
1334,1037,1
1333,1037,1
1333,1038,1
1333,1039,1
1332,1040,1
1331,1041,1
1331,1042,1
1331,1043,1
1330,1043,1
1330,1044,1
1329,1045,1
1329,1046,1
1328,1046,1
1261,1061,0
1167,1084,1
1168,1084,1
1169,1084,1
1170,1085,1
1171,1085,1
1172,1085,1
1173,1086,1
1174,1086,1
1175,1086,1
1176,1087,1
1177,1087,1
1178,1088,1
1179,1088,1
1180,1089,1
1181,1089,1
1182,1090,1
1182,1091,1
1183,1091,1
1184,1092,1
1185,1093,1
1186,1094,1
1186,1095,1
1187,1095,1
1187,1096,1
1188,1097,1
1188,1098,1
1188,1099,1
1188,1100,1
1189,1101,1
1189,1102,1
1189,1103,1
1189,1104,1
1189,1105,1
1189,1106,1
1189,1107,1
1188,1108,1
1188,1109,1
1188,1110,1
1188,1111,1
1188,1112,1
1188,1113,1
1188,1114,1
1188,1115,1
1188,1116,1
1188,1117,1
1188,1118,1
1188,1119,1
1188,1120,1
1188,1121,1
1188,1122,1
1188,1123,1
1188,1124,1
1188,1125,1
1187,1126,1
1187,1127,1
1187,1128,1
1187,1129,1
1186,1129,1
1186,1130,1
1186,1131,1
1186,1132,1
1185,1132,1
1185,1133,1
1185,1134,1
1184,1135,1
1184,1136,1
1183,1137,1
1183,1138,1
1182,1138,1
1182,1139,1
1182,1140,1
1181,1141,1
1180,1142,1
1180,1143,1
1179,1143,1
1179,1144,1
1178,1145,1
1177,1146,1
1176,1147,1
1175,1148,1
1175,1149,1
1174,1149,1
1174,1150,1
1173,1151,1
1172,1151,1
1172,1152,1
1171,1152,1
1171,1153,1
1170,1154,1
1169,1154,1
1169,1155,1
1168,1155,1
1167,1156,1
1167,1157,1
1166,1157,1
1166,1158,1
1165,1158,1
1164,1159,1
1163,1160,1
1162,1160,1
1162,1161,1
1161,1162,1
1160,1162,1
1160,1163,1
1159,1163,1
1158,1164,1
1157,1164,1
1157,1165,1
1156,1165,1
1155,1166,1
1154,1167,1
1153,1167,1
1152,1168,1
1151,1169,1
1150,1169,1
1149,1170,1
1148,1170,1
1147,1171,1
1146,1171,1
1145,1172,1
1144,1173,1
1143,1173,1
1142,1173,1
1141,1174,1
1140,1174,1
1140,1175,1
1139,1175,1
1138,1175,1
1137,1176,1
1136,1176,1
1135,1177,1
1134,1177,1
1133,1178,1
1132,1178,1
1131,1178,1
1131,1179,1
1130,1179,1
1129,1179,1
1128,1180,1
1127,1180,1
1126,1180,1
1125,1181,1
1124,1182,1
1123,1182,1
1122,1182,1
1121,1183,1
1120,1183,1
1119,1183,1
1118,1183,1
1118,1184,1
1117,1184,1
1116,1184,1
1115,1185,1
1114,1185,1
1113,1185,1
1112,1186,1
1111,1186,1
1110,1186,1
1109,1187,1
1108,1187,1
1107,1187,1
1106,1188,1
1105,1188,1
1104,1188,1
1103,1189,1
1102,1189,1
1101,1189,1
1100,1189,1
1099,1190,1
1098,1190,1
1097,1190,1
1096,1190,1
1095,1191,1
1094,1191,1
1093,1192,1
1092,1192,1
1091,1192,1
1090,1192,1
1089,1193,1
1088,1193,1
1087,1193,1
1086,1193,1
1085,1193,1
1084,1194,1
1083,1194,1
1082,1194,1
1081,1194,1
1080,1195,1
1079,1195,1
1078,1195,1
1077,1195,1
1076,1196,1
1075,1196,1
1074,1196,1
1073,1196,1
1072,1197,1
1071,1197,1
1070,1197,1
1069,1197,1
1068,1197,1
1067,1198,1
1066,1198,1
1065,1198,1
1064,1198,1
1063,1198,1
1062,1199,1
1061,1199,1
1060,1199,1
1059,1199,1
1058,1199,1
1057,1200,1
1056,1200,1
1055,1200,1
1054,1200,1
1053,1200,1
1052,1200,1
1051,1201,1
1050,1201,1
1049,1201,1
1048,1201,1
1047,1201,1
1046,1201,1
1045,1202,1
1044,1202,1
1043,1202,1
1042,1202,1
1041,1202,1
1040,1202,1
1039,1203,1
1038,1203,1
1037,1203,1
1036,1203,1
1035,1203,1
1034,1203,1
1033,1203,1
1032,1203,1
1031,1204,1
1030,1204,1
1029,1204,1
1028,1204,1
1027,1204,1
1026,1204,1
1025,1204,1
1024,1204,1
1023,1204,1
1022,1205,1
1021,1205,1
1020,1205,1
1019,1205,1
1018,1205,1
1017,1205,1
1016,1205,1
1015,1205,1
1014,1205,1
1013,1205,1
1012,1205,1
1011,1205,1
1010,1205,1
1009,1205,1
1008,1205,1
1007,1205,1
1006,1205,1
1005,1205,1
1004,1205,1
1003,1205,1
1002,1205,1
1001,1205,1
1000,1205,1
999,1205,1
998,1205,1
997,1205,1
996,1205,1
995,1205,1
994,1205,1
993,1205,1
992,1205,1
991,1205,1
990,1205,1
989,1205,1
988,1205,1
987,1205,1
986,1205,1
985,1205,1
984,1205,1
983,1204,1
982,1204,1
981,1204,1
980,1204,1
979,1204,1
978,1204,1
977,1204,1
976,1204,1
975,1204,1
974,1203,1
973,1203,1
972,1203,1
971,1203,1
970,1203,1
969,1203,1
968,1202,1
967,1202,1
966,1202,1
965,1202,1
964,1202,1
963,1202,1
962,1201,1
961,1201,1
960,1201,1
959,1201,1
958,1200,1
957,1200,1
956,1200,1
955,1200,1
954,1200,1
953,1199,1
952,1199,1
951,1199,1
950,1198,1
949,1198,1
948,1198,1
948,1197,1
947,1197,1
946,1197,1
945,1196,1
944,1196,1
943,1196,1
943,1195,1
942,1195,1
941,1195,1
940,1194,1
939,1193,1
938,1193,1
937,1192,1
936,1192,1
935,1191,1
934,1190,1
933,1190,1
933,1189,1
932,1189,1
932,1188,1
931,1188,1
930,1187,1
929,1186,1
928,1186,1
927,1185,1
926,1185,1
925,1184,1
924,1184,1
923,1183,1
922,1183,1
922,1182,1
921,1182,1
920,1181,1
919,1180,1
918,1180,1
918,1179,1
917,1179,1
916,1178,1
916,1177,1
915,1177,1
915,1176,1
914,1175,1
913,1174,1
913,1173,1
912,1172,1
912,1171,1
912,1170,1
911,1169,1
911,1168,1
911,1167,1
911,1166,1
911,1165,1
911,1164,1
911,1163,1
912,1162,1
913,1161,1
913,1160,1
913,1159,1
913,1158,1
914,1157,1
914,1156,1
1177,1056,0
1433,916,1
1433,917,1
1433,918,1
1434,919,1
1434,920,1
1435,921,1
1435,922,1
1435,923,1
1436,923,1
1436,924,1
1437,925,1
1437,926,1
1437,927,1
1437,928,1
1438,928,1
1438,929,1
1438,930,1
1438,931,1
1439,932,1
1439,933,1
1439,934,1
1439,935,1
1439,936,1
1440,936,1
1440,937,1
1440,938,1
1440,939,1
1440,940,1
1440,941,1
1440,942,1
1440,943,1
1440,944,1
1440,945,1
1440,946,1
1440,947,1
1440,948,1
1440,949,1
1440,950,1
1440,951,1
1440,952,1
1440,953,1
1441,954,1
1441,955,1
1441,956,1
1441,957,1
1441,958,1
1442,958,1
1442,959,1
1442,960,1
1442,961,1
1443,962,1
1443,963,1
1443,964,1
1444,965,1
1444,966,1
1445,966,1
1445,967,1
1446,967,1
1447,967,1
1447,966,1
1448,966,1
1449,965,1
1450,964,1
1450,963,1
1451,963,1
1451,962,1
1452,961,1
1452,960,1
1453,960,1
1453,959,1
1454,958,1
1454,957,1
1455,956,1
1455,955,1
1456,955,1
1456,954,1
1457,953,1
1457,952,1
1458,952,1
1458,951,1
1458,950,1
1459,949,1
1460,948,1
1460,947,1
1461,946,1
1461,945,1
1461,944,1
1462,944,1
1462,943,1
1463,942,1
1463,941,1
1464,940,1
1464,939,1
1465,938,1
1465,937,1
1466,936,1
1466,935,1
1467,934,1
1467,933,1
1468,933,1
1468,932,1
1469,931,1
1469,930,1
1470,929,1
1471,928,1
1471,927,1
1472,926,1
1472,925,1
1473,925,1
1473,924,1
1474,923,1
1475,922,1
1475,921,1
1476,921,1
1476,920,1
1477,919,1
1477,918,1
1478,918,1
1478,917,1
1479,916,1
1480,915,1
1481,914,1
1481,913,1
1482,912,1
1483,911,1
1484,910,1
1485,909,1
1486,908,1
1486,907,1
1487,907,1
1488,906,1
1488,905,1
1489,905,1
1489,904,1
1490,903,1
1491,903,1
1491,902,1
1492,901,1
1493,901,1
1493,900,1
1494,900,1
1495,899,1
1495,898,1
1496,898,1
1497,897,1
1498,896,1
1499,895,1
1500,895,1
1500,894,1
1501,894,1
1502,893,1
1503,893,1
1503,892,1
1504,891,1
1505,891,1
1506,890,1
1507,890,1
1508,889,1
1509,889,1
1509,888,1
1510,888,1
1511,887,1
1512,887,1
1513,886,1
1514,885,1
1515,885,1
1516,885,1
1517,884,1
1518,884,1
1519,883,1
1520,883,1
1521,883,1
1522,882,1
1523,882,1
1524,881,1
1525,881,1
1526,881,1
1527,881,1
1528,880,1
1529,880,1
1530,880,1
1531,880,1
1532,880,1
1533,879,1
1534,879,1
1535,879,1
1536,879,1
1537,879,1
1538,879,1
1539,879,1
1540,879,1
1541,879,1
1542,879,1
1543,879,1
1544,879,1
1545,879,1
1546,879,1
1547,879,1
1548,879,1
1549,879,1
1550,879,1
1551,879,1
1552,880,1
1553,880,1
1554,880,1
1555,880,1
1556,880,1
1556,881,1
1557,881,1
1558,881,1
1559,881,1
1560,882,1
1561,882,1
1562,882,1
1563,883,1
1564,883,1
1565,883,1
1565,884,1
1566,884,1
1567,884,1
1568,885,1
1569,886,1
1570,886,1
1571,886,1
1572,887,1
1573,888,1
1574,888,1
1574,889,1
1575,889,1
1576,890,1
1577,890,1
1577,891,1
1578,891,1
1579,892,1
1580,892,1
1580,893,1
1581,894,1
1582,894,1
1582,895,1
1583,895,1
1584,896,1
1584,897,1
1585,897,1
1586,898,1
1586,899,1
1587,899,1
1588,900,1
1588,901,1
1589,901,1
1589,902,1
1590,903,1
1591,904,1
1592,905,1
1593,906,1
1593,907,1
1594,907,1
1594,908,1
1595,909,1
1595,910,1
1596,910,1
1597,911,1
1597,912,1
1598,913,1
1598,914,1
1599,914,1
1599,915,1
1600,916,1
1600,917,1
1601,918,1
1601,919,1
1602,919,1
1602,920,1
1603,921,1
1603,922,1
1604,923,1
1604,924,1
1605,924,1
1605,925,1
1606,926,1
1606,927,1
1606,928,1
1607,929,1
1607,930,1
1608,930,1
1608,931,1
1609,932,1
1609,933,1
1609,934,1
1610,935,1
1610,936,1
1611,937,1
1612,938,1
1612,939,1
1612,940,1
1613,941,1
1613,942,1
1613,943,1
1614,944,1
1614,945,1
1615,946,1
1615,947,1
1615,948,1
1616,949,1
1616,950,1
1616,951,1
1617,952,1
1617,953,1
1617,954,1
1618,955,1
1618,956,1
1619,957,1
1619,958,1
1619,959,1
1619,960,1
1620,961,1
1620,962,1
1620,963,1
1621,964,1
1621,965,1
1621,966,1
1621,967,1
1622,968,1
1622,969,1
1622,970,1
1623,971,1
1623,972,1
1623,973,1
1623,974,1
1623,975,1
1624,976,1
1624,977,1
1624,978,1
1624,979,1
1624,980,1
1625,981,1
1625,982,1
1625,983,1
1625,984,1
1625,985,1
1626,986,1
1626,987,1
1626,988,1
1626,989,1
1626,990,1
1626,991,1
1626,992,1
1627,993,1
1627,994,1
1627,995,1
1627,996,1
1627,997,1
1627,998,1
1627,999,1
1627,1000,1
1628,1001,1
1628,1002,1
1628,1003,1
1628,1004,1
1628,1005,1
1628,1006,1
1628,1007,1
1628,1008,1
1628,1009,1
1628,1010,1
1628,1011,1
1628,1012,1
1628,1013,1
1628,1014,1
1629,1014,1
1629,1015,1
1629,1016,1
1629,1017,1
1629,1018,1
1629,1019,1
1629,1020,1
1629,1021,1
1629,1022,1
1629,1023,1
1629,1024,1
1629,1025,1
1629,1026,1
1629,1027,1
1629,1028,1
1629,1029,1
1629,1030,1
1629,1031,1
1629,1032,1
1629,1033,1
1629,1034,1
1629,1035,1
1628,1035,1
1628,1036,1
1628,1037,1
1627,1036,1
1627,1035,1
1627,1034,1
1626,1033,1
1626,1032,1
1626,1031,1
1626,1030,1
1626,1029,1
1626,1028,1
1671,987,0
1709,923,1
1709,924,1
1709,925,1
1709,926,1
1710,927,1
1710,928,1
1711,929,1
1711,930,1
1711,931,1
1711,932,1
1711,933,1
1711,934,1
1712,935,1
1712,936,1
1712,937,1
1712,938,1
1712,939,1
1712,940,1
1712,941,1
1712,942,1
1713,943,1
1713,944,1
1713,945,1
1713,946,1
1713,947,1
1713,948,1
1713,949,1
1713,950,1
1713,951,1
1713,952,1
1713,953,1
1714,954,1
1714,955,1
1714,956,1
1714,957,1
1714,958,1
1714,959,1
1714,960,1
1715,960,1
1715,961,1
1715,962,1
1715,963,1
1715,964,1
1715,965,1
1715,966,1
1715,967,1
1715,968,1
1716,969,1
1716,970,1
1716,971,1
1716,972,1
1716,973,1
1716,974,1
1716,975,1
1716,976,1
1717,977,1
1717,978,1
1717,979,1
1717,980,1
1717,981,1
1717,982,1
1718,983,1
1718,984,1
1718,985,1
1718,986,1
1718,987,1
1718,988,1
1718,989,1
1718,990,1
1718,991,1
1719,992,1
1719,993,1
1719,994,1
1719,995,1
1719,996,1
1719,997,1
1719,998,1
1720,999,1
1720,1000,1
1720,1001,1
1720,1002,1
1720,1003,1
1720,1004,1
1721,1005,1
1721,1006,1
1721,1007,1
1721,1008,1
1721,1009,1
1721,1010,1
1722,1011,1
1722,1012,1
1722,1013,1
1722,1014,1
1723,1015,1
1723,1016,1
1724,1017,1
1725,1018,1
1726,1018,1
1727,1019,1
1728,1019,1
1797,933,0
1872,844,1
1872,845,1
1872,846,1
1872,847,1
1873,848,1
1873,849,1
1873,850,1
1873,851,1
1873,852,1
1873,853,1
1873,854,1
1873,855,1
1874,856,1
1874,857,1
1874,858,1
1874,859,1
1874,860,1
1874,861,1
1874,862,1
1874,863,1
1874,864,1
1874,865,1
1874,866,1
1874,867,1
1874,868,1
1873,869,1
1873,870,1
1873,871,1
1873,872,1
1873,873,1
1873,874,1
1873,875,1
1872,876,1
1872,877,1
1872,878,1
1871,879,1
1871,880,1
1871,881,1
1870,882,1
1870,883,1
1870,884,1
1869,885,1
1869,886,1
1869,887,1
1868,887,1
1868,888,1
1868,889,1
1868,890,1
1867,891,1
1867,892,1
1867,893,1
1867,894,1
1866,895,1
1866,896,1
1866,897,1
1865,898,1
1865,899,1
1864,900,1
1864,901,1
1864,902,1
1863,903,1
1863,904,1
1863,905,1
1862,906,1
1862,907,1
1862,908,1
1861,909,1
1860,910,1
1860,911,1
1860,912,1
1859,913,1
1859,914,1
1858,915,1
1858,916,1
1857,917,1
1857,918,1
1857,919,1
1856,919,1
1856,920,1
1855,921,1
1855,922,1
1854,923,1
1854,924,1
1853,925,1
1853,926,1
1853,927,1
1852,927,1
1852,928,1
1851,929,1
1851,930,1
1850,931,1
1850,932,1
1849,933,1
1849,934,1
1848,934,1
1848,935,1
1847,936,1
1847,937,1
1847,938,1
1846,939,1
1846,940,1
1845,941,1
1844,942,1
1844,943,1
1843,944,1
1843,945,1
1843,946,1
1842,947,1
1841,948,1
1841,949,1
1840,950,1
1840,951,1
1840,952,1
1839,953,1
1839,954,1
1839,955,1
1838,955,1
1838,956,1
1838,957,1
1837,958,1
1837,959,1
1837,960,1
1836,961,1
1836,962,1
1835,963,1
1835,964,1
1835,965,1
1835,966,1
1834,967,1
1834,968,1
1834,969,1
1833,970,1
1833,971,1
1833,972,1
1833,973,1
1833,974,1
1833,975,1
1833,976,1
1832,977,1
1832,978,1
1832,979,1
1832,980,1
1832,981,1
1832,982,1
1832,983,1
1832,984,1
1832,985,1
1833,986,1
1833,987,1
1833,988,1
1833,989,1
1833,990,1
1833,991,1
1834,992,1
1834,993,1
1834,994,1
1835,995,1
1835,996,1
1835,997,1
1836,997,1
1836,998,1
1836,999,1
1837,999,1
1837,1000,1
1837,1001,1
1838,1001,1
1838,1002,1
1839,1003,1
1840,1004,1
1840,1005,1
1841,1006,1
1842,1007,1
1843,1007,1
1843,1008,1
1844,1009,1
1845,1010,1
1846,1011,1
1847,1011,1
1847,1012,1
1848,1012,1
1849,1013,1
1850,1014,1
1851,1014,1
1851,1015,1
1852,1015,1
1853,1016,1
1854,1016,1
1854,1017,1
1855,1017,1
1856,1017,1
1857,1018,1
1858,1018,1
1858,1019,1
1859,1019,1
1860,1019,1
1861,1020,1
1862,1020,1
1863,1020,1
1863,1021,1
1864,1021,1
1865,1021,1
1866,1022,1
1867,1022,1
1868,1022,1
1869,1023,1
1870,1023,1
1871,1023,1
1872,1024,1
1873,1024,1
1874,1024,1
1875,1024,1
1876,1025,1
1877,1025,1
1878,1025,1
1879,1026,1
1880,1026,1
1881,1026,1
1882,1026,1
1883,1027,1
1884,1027,1
1885,1027,1
1886,1027,1
1887,1028,1
1888,1028,1
1889,1028,1
1890,1028,1
1891,1028,1
1891,1029,1
1892,1029,1
1893,1029,1
1894,1029,1
1895,1029,1
1896,1030,1
1897,1030,1
1898,1030,1
1899,1030,1
1900,1030,1
1901,1030,1
1902,1031,1
1903,1031,1
1904,1031,1
1905,1031,1
1906,1031,1
1907,1031,1
1908,1032,1
1909,1032,1
1910,1032,1
1911,1032,1
1912,1032,1
1913,1033,1
1914,1033,1
1915,1033,1
1916,1033,1
1917,1033,1
1918,1033,1
1919,1034,1
1920,1034,1
1921,1034,1
1922,1034,1
1923,1034,1
1924,1034,1
1925,1035,1
1926,1035,1
1927,1035,1
1928,1035,1
1929,1035,1
1930,1035,1
1931,1035,1
1932,1036,1
1933,1036,1
1934,1036,1
1935,1036,1
1936,1036,1
1937,1036,1
1938,1036,1
1939,1037,1
1940,1037,1
1941,1037,1
1942,1037,1
1943,1037,1
1944,1037,1
1945,1038,1
1946,1038,1
1947,1038,1
1948,1038,1
1949,1038,1
1950,1038,1
1951,1038,1
1952,1039,1
1953,1039,1
1954,1039,1
1955,1039,1
1956,1039,1
1957,1039,1
1958,1039,1
1959,1039,1
1960,1040,1
1961,1040,1
1962,1040,1
1963,1040,1
1964,1040,1
1965,1040,1
1966,1040,1
1967,1040,1
1968,1041,1
1969,1041,1
1970,1041,1
1971,1041,1
1972,1041,1
1973,1041,1
1974,1041,1
1975,1042,1
1976,1042,1
1977,1042,1
1978,1042,1
1979,1042,1
1980,1042,1
1981,1042,1
1982,1042,1
1983,1043,1
1984,1043,1
1985,1043,1
1986,1043,1
1987,1043,1
1988,1043,1
1989,1043,1
1990,1043,1
1991,1043,1
1992,1044,1
1993,1044,1
1994,1044,1
1995,1044,1
1996,1044,1
1997,1044,1
1998,1044,1
1999,1044,1
2000,1044,1
2001,1044,1
2002,1045,1
2003,1045,1
2004,1045,1
2005,1045,1
2006,1045,1
2007,1045,1
2008,1045,1
2009,1045,1
2010,1045,1
2011,1045,1
2012,1046,1
2013,1046,1
2014,1046,1
2015,1046,1
2016,1046,1
2017,1046,1
2018,1046,1
2019,1046,1
2020,1046,1
2021,1046,1
2022,1046,1
2023,1046,1
2024,1046,1
2025,1047,1
2026,1047,1
2027,1047,1
2028,1047,1
2029,1047,1
2030,1047,1
2031,1047,1
2032,1047,1
2033,1047,1
2034,1047,1
2035,1047,1
2036,1047,1
2037,1047,1
2038,1048,1
2039,1048,1
2040,1048,1
2041,1048,1
2042,1048,1
2043,1048,1
2044,1048,1
2045,1048,1
2046,1048,1
2047,1048,1
2048,1048,1
2049,1048,1
2050,1048,1
2051,1049,1
2052,1049,1
2053,1049,1
2054,1049,1
2055,1049,1
2056,1049,1
2057,1049,1
2058,1049,1
2059,1049,1
2060,1049,1
2061,1049,1
2062,1049,1
2063,1049,1
2064,1049,1
2065,1049,1
2066,1049,1
2067,1049,1
2068,1049,1
2069,1050,1
2070,1050,1
2071,1050,1
2072,1050,1
2073,1050,1
2074,1050,1
2075,1050,1
2076,1050,1
2077,1050,1
2078,1050,1
2079,1050,1
2080,1050,1
2081,1050,1
2082,1050,1
2083,1050,1
2084,1050,1
2085,1050,1
2086,1050,1
2087,1050,1
2088,1050,1
2089,1050,1
2090,1050,1
2091,1050,1
2092,1050,1
2093,1050,1
2094,1050,1
2095,1050,1
2096,1050,1
2097,1050,1
2098,1050,1
2099,1051,1
2100,1051,1
2101,1051,1
2102,1051,1
2103,1051,1
2104,1051,1
2105,1051,1
2106,1051,1
2107,1051,1
2108,1051,1
2109,1051,1
2110,1051,1
2111,1051,1
2112,1051,1
2113,1051,1
2114,1051,1
2115,1051,1
2116,1051,1
2117,1051,1
2118,1051,1
2119,1051,1
2120,1051,1
2121,1052,1
2122,1052,1
2123,1052,1
2124,1052,1
2125,1052,1
2126,1052,1
2127,1052,1
2128,1052,1
2129,1052,1
2130,1052,1
2131,1052,1
2132,1052,1
2133,1052,1
2134,1052,1
2135,1052,1
2136,1052,1
2137,1052,1
2138,1052,1
2139,1052,1
2140,1052,1
2141,1052,1
2142,1052,1
2143,1052,1
2144,1052,1
2145,1052,1
2146,1052,1
2147,1052,1
2148,1052,1
2149,1052,1
2150,1052,1
2151,1052,1
2152,1052,1
2153,1052,1
2154,1052,1
2155,1052,1
2156,1052,1
2157,1052,1
2158,1052,1
2159,1052,1
2160,1052,1
2161,1052,1
2162,1052,1
2163,1052,1
2164,1052,1
2165,1052,1
2166,1052,1
2167,1052,1
2168,1052,1
2169,1052,1
2170,1052,1
2171,1052,1
2172,1052,1
2173,1052,1
2174,1052,1
2175,1052,1
2176,1052,1
2177,1052,1
2178,1052,1
2179,1052,1
2180,1052,1
2181,1052,1
2182,1052,1
2183,1052,1
2184,1052,1
2185,1052,1
2186,1052,1
2187,1052,1
2188,1052,1
2189,1052,1
2190,1052,1
2191,1052,1
2192,1052,1
2193,1052,1
2194,1052,1
2195,1052,1
2196,1052,1
2197,1052,1
2198,1052,1
2199,1052,1
2200,1051,1
2201,1051,1
2202,1051,1
2203,1051,1
2204,1051,1
2205,1051,1
2206,1051,1
2207,1051,1
2208,1051,1
2209,1050,1
2210,1050,1
2211,1050,1
2212,1050,1
2213,1050,1
2214,1050,1
2215,1050,1
2216,1049,1
2217,1049,1
2218,1049,1
2219,1049,1
2220,1049,1
2221,1049,1
2222,1048,1
2223,1048,1
2224,1048,1
2225,1048,1
2226,1048,1
2227,1047,1
2228,1047,1
2229,1047,1
2230,1047,1
2231,1047,1
2232,1046,1
2233,1046,1
2234,1046,1
2235,1045,1
2236,1045,1
2237,1045,1
2238,1045,1
2239,1044,1
2240,1044,1
2241,1043,1
2242,1043,1
2243,1043,1
2243,1042,1
2244,1042,1
2245,1042,1
2245,1041,1
2246,1041,1
2247,1041,1
2247,1040,1
2248,1040,1
2249,1039,1
2250,1039,1
2250,1038,1
2251,1038,1
2252,1037,1
2253,1036,1
2254,1035,1
2254,1034,1
2255,1034,1
2256,1034,1
2256,1033,1
2257,1033,1
2258,1032,1
2259,1032,1
2259,1031,1
2260,1031,1
2260,1030,1
2261,1030,1
2262,1029,1
2263,1029,1
2263,1028,1
2264,1028,1
2264,1027,1
2265,1027,1
2265,1026,1
2265,1025,1
2266,1024,1
2266,1023,1
2266,1022,1
2266,1021,1
2265,1021,1
2265,1020,1
2264,1019,1
2264,1018,1
2263,1018,1
2263,1017,1
2262,1017,1
2261,1017,1
2260,1016,1
2259,1015,1
2258,1015,1
2257,1015,1
2256,1014,1
2255,1014,1
2254,1014,1
2253,1014,1
2252,1013,1
1854,923,0
1421,826,1
1422,826,1
1423,826,1
1424,826,1
1425,825,1
1426,825,1
1427,824,1
1428,824,1
1429,824,1
1430,824,1
1431,824,1
1432,824,1
1433,823,1
1434,823,1
1435,823,1
1436,823,1
1437,823,1
1438,823,1
1439,822,1
1440,822,1
1441,822,1
1442,822,1
1443,822,1
1444,822,1
1445,822,1
1446,821,1
1447,821,1
1448,821,1
1449,821,1
1450,821,1
1451,820,1
1452,820,1
1453,820,1
1454,820,1
1455,820,1
1456,820,1
1457,819,1
1458,819,1
1459,819,1
1460,819,1
1461,819,1
1462,819,1
1463,818,1
1464,818,1
1465,818,1
1466,818,1
1467,818,1
1468,818,1
1469,817,1
1470,817,1
1471,817,1
1472,817,1
1473,817,1
1474,817,1
1475,816,1
1476,816,1
1477,816,1
1478,816,1
1479,816,1
1480,816,1
1481,815,1
1482,815,1
1483,815,1
1484,815,1
1485,815,1
1486,814,1
1487,814,1
1488,814,1
1489,814,1
1490,814,1
1491,814,1
1492,814,1
1493,813,1
1494,813,1
1495,813,1
1496,813,1
1497,813,1
1498,813,1
1499,812,1
1500,812,1
1501,812,1
1502,812,1
1503,812,1
1504,812,1
1505,811,1
1506,811,1
1507,811,1
1508,811,1
1509,811,1
1510,811,1
1511,810,1
1512,810,1
1513,810,1
1514,810,1
1515,810,1
1516,810,1
1517,809,1
1518,809,1
1519,809,1
1520,809,1
1521,809,1
1522,809,1
1523,808,1
1524,808,1
1525,808,1
1526,808,1
1527,808,1
1528,808,1
1529,807,1
1530,807,1
1531,807,1
1532,807,1
1533,807,1
1534,807,1
1535,807,1
1536,806,1
1537,806,1
1538,806,1
1539,806,1
1540,806,1
1541,806,1
1542,805,1
1543,805,1
1544,805,1
1545,805,1
1546,805,1
1547,805,1
1548,804,1
1549,804,1
1550,804,1
1551,804,1
1552,804,1
1553,804,1
1554,803,1
1555,803,1
1556,803,1
1557,803,1
1558,803,1
1559,803,1
1560,803,1
1561,802,1
1562,802,1
1563,802,1
1564,802,1
1565,802,1
1566,802,1
1567,801,1
1568,801,1
1569,801,1
1570,801,1
1571,801,1
1572,801,1
1573,801,1
1574,800,1
1575,800,1
1576,800,1
1577,800,1
1578,800,1
1579,799,1
1580,799,1
1581,799,1
1582,799,1
1583,799,1
1584,799,1
1585,799,1
1586,798,1
1587,798,1
1588,798,1
1589,798,1
1590,798,1
1591,798,1
1592,797,1
1593,797,1
1594,797,1
1595,797,1
1596,797,1
1597,797,1
1598,797,1
1599,796,1
1600,796,1
1601,796,1
1602,796,1
1603,796,1
1604,796,1
1605,795,1
1606,795,1
1607,795,1
1608,795,1
1609,795,1
1610,795,1
1611,794,1
1612,794,1
1613,794,1
1614,794,1
1615,794,1
1616,794,1
1617,794,1
1618,793,1
1619,793,1
1620,793,1
1621,793,1
1622,793,1
1623,793,1
1624,792,1
1625,792,1
1626,792,1
1627,792,1
1628,792,1
1629,792,1
1630,792,1
1631,792,1
1632,791,1
1633,791,1
1634,791,1
1635,791,1
1636,791,1
1637,790,1
1638,790,1
1639,790,1
1640,790,1
1641,790,1
1642,790,1
1643,790,1
1644,789,1
1645,789,1
1646,789,1
1647,789,1
1648,789,1
1649,789,1
1650,789,1
1651,789,1
1652,788,1
1653,788,1
1654,788,1
1655,788,1
1656,788,1
1657,788,1
1658,787,1
1659,787,1
1660,787,1
1661,787,1
1662,787,1
1663,787,1
1664,787,1
1665,786,1
1666,786,1
1667,786,1
1668,786,1
1669,786,1
1670,786,1
1671,785,1
1672,785,1
1673,785,1
1674,785,1
1675,785,1
1676,785,1
1677,785,1
1678,785,1
1679,784,1
1680,784,1
1681,784,1
1682,784,1
1683,784,1
1684,784,1
1685,784,1
1686,783,1
1687,783,1
1688,783,1
1689,783,1
1690,783,1
1691,783,1
1692,783,1
1693,783,1
1694,782,1
1695,782,1
1696,782,1
1697,782,1
1698,782,1
1699,782,1
1700,782,1
1701,782,1
1702,781,1
1703,781,1
1704,781,1
1705,781,1
1706,781,1
1707,781,1
1708,781,1
1709,781,1
1710,780,1
1711,780,1
1712,780,1
1713,780,1
1714,780,1
1715,780,1
1716,780,1
1717,779,1
1718,779,1
1719,779,1
1720,779,1
1721,779,1
1722,779,1
1723,779,1
1724,779,1
1725,778,1
1726,778,1
1727,778,1
1728,778,1
1729,778,1
1730,778,1
1731,778,1
1732,777,1
1733,777,1
1734,777,1
1735,777,1
1736,777,1
1737,777,1
1738,777,1
1739,776,1
1740,776,1
1741,776,1
1742,776,1
1743,776,1
1744,776,1
1745,776,1
1746,776,1
1747,776,1
1748,775,1
1749,775,1
1750,775,1
1751,775,1
1752,775,1
1753,775,1
1754,775,1
1755,775,1
1756,775,1
1757,774,1
1758,774,1
1759,774,1
1760,774,1
1761,774,1
1762,774,1
1763,774,1
1764,774,1
1765,773,1
1766,773,1
1767,773,1
1768,773,1
1769,773,1
1770,773,1
1771,773,1
1772,772,1
1773,772,1
1774,772,1
1775,772,1
1776,772,1
1777,772,1
1778,772,1
1779,772,1
1780,771,1
1781,771,1
1782,771,1
1783,771,1
1784,771,1
1785,771,1
1786,771,1
1787,770,1
1788,770,1
1789,770,1
1790,770,1
1791,770,1
1792,770,1
1793,770,1
1794,770,1
1795,770,1
1796,769,1
1797,769,1
1798,769,1
1799,769,1
1800,769,1
1801,769,1
1802,769,1
1803,769,1
1804,768,1
1805,768,1
1806,768,1
1807,768,1
1808,768,1
1809,768,1
1810,768,1
1811,768,1
1812,768,1
1813,767,1
1814,767,1
1815,767,1
1816,767,1
1817,767,1
1818,767,1
1819,767,1
1820,767,1
1821,767,1
1822,766,1
1823,766,1
1824,766,1
1825,766,1
1826,766,1
1827,766,1
1828,766,1
1829,766,1
1830,765,1
1831,765,1
1832,765,1
1833,765,1
1834,765,1
1835,765,1
1836,765,1
1837,765,1
1838,765,1
1839,764,1
1840,764,1
1841,764,1
1842,764,1
1843,764,1
1844,764,1
1845,764,1
1846,763,1
1847,763,1
1848,763,1
1849,763,1
1850,763,1
1851,763,1
1852,763,1
1853,763,1
1854,763,1
1855,762,1
1856,762,1
1857,762,1
1858,762,1
1859,762,1
1860,762,1
1861,762,1
1862,762,1
1863,762,1
1864,761,1
1865,761,1
1866,761,1
1867,761,1
1868,761,1
1869,761,1
1870,761,1
1871,761,1
1872,761,1
1873,761,1
1874,760,1
1875,760,1
1876,760,1
1877,760,1
1878,760,1
1879,760,1
1880,760,1
1881,760,1
1882,760,1
1883,760,1
1884,759,1
1885,759,1
1886,759,1
1887,759,1
1888,759,1
1889,759,1
1890,759,1
1891,758,1
1892,758,1
1893,758,1
1894,758,1
1895,758,1
1896,758,1
1897,758,1
1898,758,1
1899,758,1
1900,757,1
1901,757,1
1902,757,1
1903,757,1
1904,757,1
1905,757,1
1906,757,1
1907,757,1
1908,756,1
1909,756,1
1910,756,1
1911,756,1
1912,756,1
1913,756,1
1914,756,1
1915,756,1
1916,756,1
1917,756,1
1918,755,1
1919,755,1
1920,755,1
1921,755,1
1922,755,1
1923,755,1
1924,755,1
1925,755,1
1926,755,1
1927,755,1
1928,754,1
1929,754,1
1930,754,1
1931,754,1
1932,754,1
1933,754,1
1934,754,1
1935,754,1
1936,754,1
1937,754,1
1938,753,1
1939,753,1
1940,753,1
1941,753,1
1942,753,1
1943,753,1
1944,753,1
1945,753,1
1946,753,1
1947,753,1
1948,752,1
1949,752,1
1950,752,1
1951,752,1
1952,752,1
1953,752,1
1954,752,1
1955,752,1
1956,752,1
1957,752,1
1958,751,1
1959,751,1
1960,751,1
1961,751,1
1962,751,1
1963,751,1
1964,751,1
1965,751,1
1966,751,1
1967,751,1
1968,751,1
1969,750,1
1970,750,1
1971,750,1
1972,750,1
1973,750,1
1974,750,1
1975,750,1
1976,750,1
1977,750,1
1978,750,1
1979,750,1
1980,750,1
1981,750,1
1982,749,1
1983,749,1
1984,749,1
1985,749,1
1986,749,1
1987,749,1
1988,749,1
1989,749,1
1990,749,1
1991,749,1
1992,748,1
1993,748,1
1994,748,1
1995,748,1
1996,748,1
1997,748,1
1998,748,1
1999,748,1
2000,748,1
2001,748,1
2002,748,1
2003,748,1
2004,747,1
2005,747,1
2006,747,1
2007,747,1
2008,747,1
2009,747,1
2010,747,1
2011,747,1
2012,747,1
2013,747,1
2014,747,1
2015,747,1
2016,746,1
2017,746,1
2018,746,1
2019,746,1
2020,746,1
2021,746,1
2022,746,1
2023,746,1
2024,746,1
2025,746,1
2026,746,1
2027,746,1
2028,745,1
2029,745,1
2030,745,1
2031,745,1
2032,745,1
2033,745,1
2034,745,1
2035,745,1
2036,745,1
2037,745,1
2038,745,1
2039,745,1
2040,745,1
2041,744,1
2042,744,1
2043,744,1
2044,744,1
2045,744,1
2046,744,1
2047,744,1
2048,744,1
2049,744,1
2050,744,1
2051,744,1
2052,744,1
2053,743,1
2054,743,1
2055,743,1
2056,743,1
2057,743,1
2058,743,1
2059,743,1
2060,743,1
2061,743,1
2062,743,1
2063,743,1
2064,743,1
2065,743,1
2066,742,1
2067,742,1
2068,742,1
2069,742,1
2070,742,1
2071,742,1
2072,742,1
2073,742,1
2074,742,1
2075,742,1
2076,742,1
2077,742,1
2078,742,1
2079,742,1
2080,742,1
2081,742,1
2082,742,1
2083,741,1
2084,741,1
2085,741,1
2086,741,1
2087,741,1
2088,741,1
2089,741,1
2090,741,1
2091,741,1
2092,741,1
2093,741,1
2094,741,1
2095,740,1
2096,740,1
2097,740,1
2098,740,1
2099,740,1
2100,740,1
2101,740,1
2102,740,1
2103,740,1
2104,740,1
2105,740,1
2106,740,1
2107,740,1
2108,740,1
2109,740,1
2110,740,1
2111,739,1
2112,739,1
2113,739,1
2114,739,1
2115,739,1
2116,739,1
2117,739,1
2118,739,1
2119,739,1
2120,739,1
2121,739,1
2122,739,1
2123,739,1
2124,739,1
2125,739,1
2126,739,1
2127,738,1
2128,738,1
2129,738,1
2130,738,1
2131,738,1
2132,738,1
2133,738,1
2134,738,1
2135,738,1
2136,738,1
2137,738,1
2138,738,1
2139,738,1
2140,738,1
2141,738,1
2142,737,1
2143,737,1
2144,737,1
2145,737,1
2146,737,1
2147,737,1
2148,737,1
2149,737,1
2150,737,1
2151,737,1
2152,737,1
2153,737,1
2154,737,1
2155,737,1
2156,737,1
2157,737,1
2158,737,1
2159,737,1
2160,736,1
2161,736,1
2162,736,1
2163,736,1
2164,736,1
2165,736,1
2166,736,1
2167,736,1
2168,736,1
2169,736,1
2170,736,1
2171,736,1
2172,736,1
2173,736,1
2174,736,1
2175,736,1
2176,736,1
2177,736,1
2178,736,1
2179,736,1
2180,735,1
2181,735,1
2182,735,1
2183,735,1
2184,735,1
2185,735,1
2186,735,1
2187,735,1
2188,735,1
2189,735,1
2190,735,1
2191,735,1
2192,735,1
2193,735,1
2194,735,1
2195,735,1
2196,735,1
2197,735,1
2198,735,1
2199,735,1
2200,735,1
2201,735,1
2202,734,1
2203,734,1
2204,734,1
2205,734,1
2206,734,1
2207,734,1
2208,734,1
2209,734,1
2210,734,1
2211,734,1
2212,734,1
2213,734,1
2214,734,1
2215,734,1
2216,734,1
2217,734,1
2218,734,1
2219,734,1
2220,734,1
2221,734,1
2222,734,1
2223,734,1
2224,734,1
2225,734,1
2226,734,1
2227,734,1
2228,734,1
2229,734,1
2230,734,1
2231,734,1
2232,734,1
2233,734,1
2234,733,1
2235,733,1
2236,733,1
2237,733,1
2238,733,1
2239,733,1
2240,733,1
2241,733,1
2242,733,1
2243,733,1
2244,733,1
2245,733,1
2246,733,1
2247,733,1
2248,733,1
2249,733,1
2250,733,1
2251,733,1
2252,732,1
2253,732,1
2254,732,1
2255,732,1
2256,732,1
2257,732,1
2258,732,1
2259,732,1
2260,732,1
2261,732,1
2262,732,1
2263,732,1
2264,732,1
2265,732,1
2266,732,1
2267,732,1
2268,732,1
2269,732,1
2270,732,1
2271,732,1
2272,732,1
2273,732,1
2274,732,1
2275,732,1
2276,731,1
2277,731,1
2278,731,1
2279,731,1
2280,731,1
2281,731,1
2282,731,1
2283,731,1
2284,731,1
2285,731,1
2286,731,1
2287,731,1
2288,731,1
2289,731,1
2290,731,1
2291,731,1
2292,731,1
2293,731,1
2294,731,1
2295,731,1
2296,731,1
2297,731,1
2298,731,1
2299,730,1
2300,730,1
2301,730,1
2302,730,1
2303,730,1
2304,730,1
2305,730,1
2306,730,1
2307,730,1
2308,730,1
2309,730,1
2310,730,1
2311,730,1
2312,730,1
2313,730,1
2314,729,1
2315,729,1
2316,729,1
2317,729,1
2318,729,1
2319,729,1
2320,729,1
2321,729,1
2322,729,1
2323,729,1
2324,729,1
2325,729,1
2326,729,1
2327,729,1
2328,729,1
2329,729,1
2330,729,1
2331,729,1
2332,729,1
2333,729,1
2334,729,1
2335,729,1
2336,729,1
2337,728,1
2338,728,1
2339,728,1
2340,728,1
2341,728,1
2342,728,1
2343,728,1
2344,728,1
2345,728,1
2346,727,1
2347,727,1
2348,727,1
2349,727,1
2350,727,1
2351,727,1
2352,727,1
2353,726,1
2354,726,1
2355,726,1
2356,726,1
2357,726,1
2358,726,1
2358,726,0
