267,486,1
268,486,1
269,486,1
270,485,1
271,485,1
272,485,1
273,485,1
274,484,1
275,484,1
276,484,1
277,483,1
278,483,1
279,483,1
280,482,1
281,482,1
282,482,1
283,481,1
284,481,1
285,481,1
286,481,1
287,480,1
288,480,1
289,480,1
290,479,1
291,479,1
292,479,1
293,479,1
294,478,1
295,478,1
296,478,1
297,478,1
298,478,1
298,477,1
299,477,1
300,477,1
301,477,1
302,477,1
303,477,1
304,477,1
305,477,1
306,477,1
307,478,1
307,479,1
307,480,1
306,480,1
306,481,1
306,482,1
305,482,1
305,483,1
304,483,1
304,484,1
303,485,1
303,486,1
302,486,1
302,487,1
301,487,1
300,488,1
300,489,1
299,489,1
299,490,1
298,491,1
297,491,1
297,492,1
296,493,1
295,494,1
295,495,1
294,496,1
293,497,1
293,498,1
292,499,1
292,500,1
291,501,1
291,502,1
291,503,1
290,503,1
290,504,1
290,505,1
290,506,1
289,506,1
289,507,1
289,508,1
289,509,1
289,510,1
289,511,1
289,512,1
289,513,1
289,514,1
290,515,1
290,516,1
290,517,1
290,518,1
291,518,1
291,519,1
292,520,1
293,521,1
293,522,1
294,522,1
294,523,1
295,523,1
296,524,1
297,524,1
297,525,1
298,525,1
299,525,1
299,526,1
300,526,1
301,526,1
301,527,1
302,527,1
303,527,1
304,527,1
305,528,1
306,528,1
307,528,1
308,528,1
309,529,1
310,529,1
311,529,1
312,529,1
313,529,1
314,529,1
315,529,1
316,529,1
317,529,1
318,529,1
319,529,1
320,529,1
321,530,1
322,530,1
323,530,1
324,530,1
325,530,1
326,530,1
327,530,1
328,530,1
329,530,1
330,530,1
331,530,1
331,531,1
332,531,1
333,531,1
334,531,1
335,531,1
335,532,1
336,532,1
337,532,1
337,533,1
338,533,1
339,534,1
340,535,1
340,536,1
341,536,1
341,537,1
341,538,1
342,538,1
342,539,1
342,540,1
342,541,1
342,542,1
342,543,1
342,544,1
342,545,1
342,546,1
342,547,1
342,548,1
342,549,1
342,550,1
342,551,1
342,552,1
342,553,1
342,554,1
342,555,1
342,556,1
342,557,1
343,557,1
343,558,1
343,559,1
343,560,1
344,561,1
344,562,1
345,562,1
345,563,1
346,564,1
347,565,1
348,566,1
349,567,1
350,568,1
351,568,1
352,569,1
353,569,1
354,569,1
355,570,1
356,570,1
357,570,1
358,570,1
359,571,1
360,571,1
361,571,1
362,571,1
363,571,1
364,571,1
365,571,1
366,571,1
367,571,1
368,571,1
369,571,1
370,570,1
371,570,1
372,570,1
373,570,1
374,570,1
375,570,1
376,569,1
377,569,1
378,569,1
379,569,1
380,568,1
381,568,1
382,568,1
383,568,1
384,567,1
385,567,1
386,567,1
387,566,1
388,566,1
389,565,1
390,565,1
391,564,1
392,564,1
393,563,1
394,563,1
395,563,1
396,562,1
397,562,1
398,561,1
399,561,1
400,560,1
401,559,1
402,559,1
403,558,1
404,557,1
405,557,1
406,556,1
407,556,1
408,555,1
409,555,1
409,554,1
410,553,1
411,553,1
412,552,1
413,552,1
414,551,1
415,550,1
416,550,1
416,549,1
417,548,1
418,548,1
419,547,1
420,546,1
421,545,1
422,545,1
422,544,1
423,543,1
424,542,1
425,542,1
425,541,1
426,540,1
427,539,1
428,538,1
429,538,1
429,537,1
430,536,1
431,535,1
431,534,1
432,534,1
433,533,1
433,532,1
434,531,1
435,530,1
435,529,1
436,529,1
437,528,1
437,527,1
438,526,1
438,525,1
439,524,1
440,524,1
440,523,1
441,522,1
441,521,1
442,520,1
442,519,1
443,518,1
443,517,1
444,517,1
444,516,1
445,515,1
445,514,1
446,513,1
446,512,1
447,511,1
447,510,1
448,509,1
449,508,1
449,507,1
450,507,1
450,506,1
451,506,1
451,505,1
452,504,1
453,503,1
454,503,1
454,502,1
455,502,1
456,502,1
456,501,1
457,501,1
458,501,1
459,501,1
459,502,1
460,502,1
461,502,1
462,503,1
463,504,1
464,505,1
465,506,1
466,507,1
467,508,1
467,509,1
468,510,1
468,511,1
469,512,1
469,513,1
470,513,1
470,514,1
471,515,1
471,516,1
472,517,1
472,518,1
473,519,1
473,520,1
474,521,1
474,522,1
475,522,1
475,523,1
476,524,1
476,525,1
477,526,1
477,527,1
478,528,1
479,529,1
479,530,1
480,531,1
480,532,1
481,532,1
481,533,1
482,534,1
482,535,1
483,536,1
484,536,1
484,537,1
485,538,1
485,539,1
486,539,1
486,540,1
487,541,1
488,542,1
488,543,1
489,544,1
490,545,1
491,546,1
492,547,1
492,548,1
493,548,1
493,549,1
494,550,1
495,550,1
495,551,1
496,551,1
496,552,1
497,553,1
498,553,1
498,554,1
499,554,1
499,555,1
500,555,1
501,556,1
502,557,1
503,557,1
503,558,1
504,558,1
505,558,1
506,559,1
507,559,1
508,559,1
509,559,1
510,559,1
511,559,1
512,559,1
513,560,1
514,560,1
515,560,1
516,560,1
517,560,1
518,560,1
519,559,1
520,559,1
520,558,1
521,557,1
521,556,1
521,555,1
522,554,1
522,553,1
522,552,1
523,551,1
523,550,1
523,549,1
523,548,1
541,538,0
561,508,1
561,509,1
561,510,1
562,511,1
562,512,1
562,513,1
562,514,1
562,515,1
563,516,1
563,517,1
564,516,1
564,515,1
565,514,1
565,513,1
565,512,1
566,511,1
566,510,1
567,510,1
567,509,1
567,508,1
568,508,1
568,507,1
568,506,1
569,505,1
569,504,1
569,503,1
570,502,1
570,501,1
570,500,1
571,499,1
571,498,1
571,497,1
571,496,1
572,495,1
572,494,1
573,493,1
573,492,1
573,491,1
573,490,1
574,489,1
574,488,1
575,487,1
575,486,1
575,485,1
576,484,1
577,483,1
577,482,1
577,481,1
578,480,1
578,479,1
579,479,1
579,478,1
579,477,1
580,476,1
580,475,1
581,475,1
581,474,1
582,473,1
582,472,1
583,472,1
583,471,1
584,470,1
585,469,1
586,468,1
587,467,1
588,466,1
589,466,1
589,465,1
590,465,1
591,464,1
592,463,1
593,463,1
594,463,1
594,462,1
595,462,1
596,462,1
597,461,1
598,461,1
599,461,1
600,461,1
601,461,1
602,461,1
603,461,1
604,461,1
605,461,1
606,461,1
607,461,1
608,461,1
609,461,1
609,462,1
610,462,1
611,462,1
612,462,1
613,463,1
614,464,1
615,464,1
616,465,1
617,465,1
618,466,1
619,467,1
620,467,1
620,468,1
621,468,1
622,469,1
623,469,1
623,470,1
624,471,1
625,471,1
625,472,1
626,473,1
627,474,1
628,475,1
629,476,1
629,477,1
630,477,1
631,478,1
631,479,1
632,480,1
633,481,1
633,482,1
634,482,1
634,483,1
635,484,1
636,485,1
636,486,1
637,487,1
638,488,1
639,489,1
639,490,1
640,491,1
641,492,1
641,493,1
642,493,1
643,494,1
643,495,1
644,496,1
644,497,1
645,498,1
646,499,1
646,500,1
647,501,1
648,502,1
649,503,1
649,504,1
650,505,1
650,506,1
651,507,1
652,507,1
652,508,1
653,509,1
653,510,1
654,511,1
655,512,1
655,513,1
656,514,1
657,515,1
658,516,1
659,517,1
659,518,1
660,519,1
661,519,1
661,520,1
662,521,1
663,521,1
663,522,1
664,523,1
665,524,1
666,524,1
667,525,1
667,526,1
668,527,1
669,528,1
670,529,1
671,530,1
671,531,1
672,531,1
673,532,1
674,533,1
675,533,1
676,533,1
676,534,1
677,533,1
677,532,1
677,531,1
677,530,1
677,529,1
677,528,1
677,527,1
593,448,0
506,352,1
506,353,1
506,354,1
506,355,1
506,356,1
506,357,1
507,358,1
507,359,1
508,360,1
508,361,1
509,361,1
510,362,1
510,363,1
511,363,1
512,364,1
513,364,1
514,365,1
515,366,1
516,366,1
517,367,1
518,367,1
519,367,1
520,368,1
521,368,1
522,368,1
523,369,1
524,370,1
525,370,1
526,371,1
527,371,1
528,371,1
529,372,1
530,373,1
531,373,1
532,373,1
533,374,1
534,374,1
535,374,1
536,374,1
537,375,1
538,375,1
539,375,1
540,375,1
541,376,1
542,376,1
543,376,1
544,376,1
545,376,1
546,377,1
547,377,1
548,377,1
549,377,1
550,377,1
551,377,1
552,378,1
553,378,1
554,378,1
555,378,1
556,378,1
557,378,1
558,378,1
559,378,1
560,379,1
561,379,1
562,379,1
563,379,1
564,379,1
565,379,1
566,379,1
567,379,1
568,379,1
569,379,1
570,379,1
571,380,1
572,380,1
573,380,1
574,380,1
575,380,1
576,380,1
577,380,1
578,380,1
579,380,1
580,380,1
581,380,1
582,380,1
583,380,1
584,380,1
585,380,1
586,380,1
587,380,1
588,380,1
589,380,1
590,380,1
591,379,1
592,379,1
593,379,1
594,379,1
595,379,1
596,379,1
597,379,1
598,379,1
599,379,1
600,379,1
601,379,1
602,379,1
603,379,1
604,379,1
605,379,1
606,379,1
607,379,1
608,378,1
609,378,1
610,378,1
611,378,1
612,378,1
613,378,1
614,378,1
615,378,1
616,378,1
617,377,1
618,377,1
619,377,1
620,377,1
621,377,1
622,377,1
623,376,1
624,376,1
625,376,1
626,376,1
696,410,0
774,429,1
774,430,1
775,431,1
775,432,1
776,433,1
776,434,1
776,435,1
777,436,1
777,437,1
777,438,1
778,439,1
778,440,1
778,441,1
778,442,1
779,443,1
779,444,1
779,445,1
779,446,1
780,447,1
781,448,1
781,449,1
781,450,1
782,451,1
782,452,1
782,453,1
782,454,1
782,455,1
782,456,1
782,457,1
782,458,1
782,459,1
782,460,1
782,461,1
781,462,1
780,463,1
779,464,1
778,464,1
777,464,1
776,464,1
775,464,1
774,464,1
773,464,1
772,464,1
771,464,1
770,464,1
769,464,1
768,464,1
767,464,1
766,464,1
765,464,1
764,464,1
763,464,1
762,464,1
761,464,1
760,464,1
759,464,1
758,464,1
757,464,1
756,464,1
756,465,1
755,465,1
754,465,1
754,466,1
755,466,1
756,465,1
757,465,1
757,466,1
758,466,1
759,466,1
760,466,1
761,465,1
762,465,1
763,465,1
764,464,1
765,463,1
766,462,1
767,461,1
767,460,1
768,459,1
768,458,1
768,457,1
769,456,1
769,455,1
770,454,1
770,453,1
753,372,0
729,286,1
730,285,1
731,284,1
732,283,1
733,283,1
734,282,1
735,282,1
736,281,1
737,281,1
738,281,1
739,281,1
740,281,1
741,281,1
742,281,1
743,282,1
744,282,1
745,282,1
746,283,1
747,283,1
748,284,1
749,284,1
750,285,1
751,285,1
752,286,1
753,286,1
754,287,1
755,287,1
756,287,1
757,288,1
758,288,1
759,289,1
760,289,1
761,290,1
762,290,1
762,291,1
763,291,1
764,292,1
765,292,1
766,293,1
767,294,1
768,295,1
769,295,1
770,296,1
771,297,1
772,298,1
773,298,1
773,299,1
774,300,1
775,300,1
776,301,1
776,302,1
777,302,1
778,303,1
779,304,1
780,305,1
781,305,1
781,306,1
782,307,1
783,307,1
784,308,1
784,309,1
785,309,1
786,310,1
786,311,1
787,311,1
788,312,1
788,313,1
789,313,1
790,314,1
791,315,1
791,316,1
792,316,1
793,317,1
793,318,1
794,318,1
795,319,1
795,320,1
796,320,1
797,321,1
797,322,1
798,323,1
799,323,1
799,324,1
800,325,1
801,326,1
802,327,1
803,328,1
804,329,1
805,330,1
806,331,1
806,332,1
807,333,1
808,333,1
808,334,1
809,335,1
810,336,1
811,337,1
811,338,1
812,339,1
813,340,1
814,341,1
815,342,1
815,343,1
816,343,1
817,344,1
817,345,1
818,346,1
819,347,1
820,348,1
820,349,1
821,350,1
822,350,1
822,351,1
823,352,1
824,353,1
824,354,1
825,354,1
826,355,1
826,356,1
827,357,1
827,358,1
828,358,1
829,359,1
829,360,1
830,361,1
831,362,1
832,363,1
832,364,1
833,365,1
834,366,1
835,367,1
835,368,1
836,369,1
837,370,1
838,371,1
838,372,1
839,373,1
840,373,1
840,374,1
841,375,1
841,376,1
842,376,1
843,377,1
843,378,1
844,379,1
844,380,1
845,380,1
846,381,1
846,382,1
847,383,1
847,384,1
848,384,1
848,385,1
849,386,1
850,387,1
850,388,1
851,388,1
851,389,1
852,390,1
853,391,1
854,392,1
854,393,1
855,394,1
855,395,1
856,395,1
857,396,1
857,397,1
858,398,1
858,399,1
859,399,1
859,400,1
860,401,1
861,402,1
861,403,1
862,403,1
862,404,1
863,405,1
863,406,1
864,407,1
865,407,1
865,408,1
866,409,1
866,410,1
867,411,1
868,412,1
869,413,1
869,414,1
870,415,1
870,416,1
871,416,1
872,417,1
872,418,1
873,419,1
873,420,1
874,420,1
874,421,1
875,422,1
875,423,1
876,424,1
877,425,1
878,426,1
878,427,1
879,428,1
880,429,1
880,430,1
881,431,1
882,432,1
882,433,1
883,433,1
883,434,1
884,435,1
884,436,1
885,437,1
886,438,1
887,439,1
887,440,1
888,441,1
889,442,1
889,443,1
890,444,1
891,445,1
892,446,1
892,447,1
893,448,1
894,449,1
894,450,1
895,451,1
896,452,1
897,453,1
897,454,1
898,454,1
898,455,1
899,456,1
899,457,1
900,457,1
900,458,1
901,458,1
901,459,1
902,460,1
902,461,1
903,461,1
904,462,1
904,463,1
905,464,1
906,465,1
906,466,1
907,466,1
907,467,1
908,468,1
909,469,1
909,470,1
910,470,1
910,471,1
911,471,1
911,470,1
911,469,1
911,468,1
935,428,0
962,377,1
962,378,1
962,379,1
962,380,1
963,381,1
963,382,1
963,383,1
963,384,1
963,385,1
963,386,1
962,387,1
962,388,1
962,389,1
961,390,1
961,391,1
960,392,1
960,393,1
959,394,1
959,395,1
959,396,1
958,397,1
958,398,1
958,399,1
958,400,1
958,401,1
958,402,1
958,403,1
958,404,1
958,405,1
957,406,1
957,407,1
957,408,1
957,409,1
957,410,1
957,411,1
957,412,1
957,413,1
957,414,1
957,415,1
957,416,1
957,417,1
957,418,1
958,419,1
958,420,1
958,421,1
958,422,1
959,422,1
959,423,1
959,424,1
960,425,1
960,426,1
961,426,1
961,427,1
962,428,1
963,429,1
964,429,1
964,430,1
965,431,1
966,432,1
967,432,1
967,433,1
968,433,1
969,433,1
969,434,1
970,434,1
971,435,1
972,435,1
973,436,1
974,436,1
975,436,1
975,437,1
976,437,1
977,437,1
978,438,1
979,438,1
980,438,1
981,439,1
982,439,1
983,439,1
984,439,1
985,440,1
986,440,1
987,440,1
988,440,1
989,440,1
990,440,1
990,441,1
991,441,1
992,441,1
993,441,1
994,441,1
995,441,1
996,442,1
997,442,1
998,442,1
999,442,1
1000,442,1
1001,442,1
1002,442,1
1003,442,1
1004,442,1
1005,443,1
1006,443,1
1007,443,1
1008,443,1
1009,443,1
1010,443,1
1011,443,1
1012,443,1
1013,443,1
1014,443,1
1015,443,1
1016,444,1
1017,444,1
1018,444,1
1019,444,1
1020,444,1
1021,444,1
1022,444,1
1023,444,1
1024,444,1
1025,444,1
1026,444,1
1027,444,1
1028,444,1
1029,444,1
1030,444,1
1031,444,1
1032,444,1
1033,444,1
1034,444,1
1035,444,1
1036,444,1
1037,444,1
1036,444,1
1035,444,1
1034,443,1
1033,443,1
1032,443,1
1031,442,1
1030,442,1
1029,442,1
829,432,0
608,423,1
609,423,1
610,422,1
611,422,1
612,422,1
613,421,1
614,421,1
615,421,1
616,420,1
617,420,1
618,420,1
619,419,1
620,419,1
621,419,1
622,419,1
623,418,1
624,418,1
625,418,1
626,417,1
627,417,1
628,417,1
629,417,1
630,416,1
631,416,1
632,416,1
633,415,1
634,415,1
635,415,1
636,414,1
637,414,1
638,414,1
639,414,1
640,414,1
641,413,1
642,413,1
643,413,1
643,412,1
644,412,1
645,412,1
646,412,1
647,412,1
648,411,1
649,411,1
650,411,1
651,411,1
652,410,1
653,410,1
654,409,1
655,409,1
656,409,1
657,409,1
658,409,1
659,408,1
660,408,1
661,408,1
662,408,1
663,407,1
664,407,1
665,407,1
666,407,1
667,406,1
668,406,1
669,406,1
670,406,1
671,405,1
672,405,1
673,404,1
674,404,1
675,404,1
676,404,1
677,403,1
678,403,1
679,403,1
680,403,1
681,402,1
682,402,1
683,402,1
684,402,1
685,401,1
686,401,1
687,401,1
688,401,1
689,400,1
690,400,1
691,400,1
692,400,1
693,399,1
694,399,1
695,399,1
696,399,1
697,398,1
698,398,1
699,398,1
700,397,1
701,397,1
702,397,1
703,397,1
704,396,1
705,396,1
706,396,1
707,395,1
708,395,1
709,395,1
710,395,1
711,394,1
712,394,1
713,394,1
714,394,1
715,393,1
716,393,1
717,393,1
718,393,1
719,392,1
720,392,1
721,392,1
722,392,1
723,391,1
724,391,1
725,391,1
726,391,1
727,390,1
728,390,1
729,390,1
730,390,1
731,389,1
732,389,1
733,389,1
734,389,1
735,388,1
736,388,1
737,388,1
738,388,1
739,387,1
740,387,1
741,387,1
742,387,1
743,386,1
744,386,1
745,386,1
746,385,1
747,385,1
748,385,1
749,385,1
750,385,1
751,384,1
752,384,1
753,384,1
754,384,1
755,383,1
756,383,1
757,383,1
758,383,1
759,382,1
760,382,1
761,382,1
762,382,1
763,381,1
764,381,1
765,381,1
766,381,1
767,380,1
768,380,1
769,380,1
770,380,1
771,379,1
772,379,1
773,379,1
774,379,1
775,378,1
776,378,1
777,378,1
778,377,1
779,377,1
780,377,1
781,377,1
782,377,1
783,376,1
784,376,1
785,376,1
786,376,1
787,375,1
788,375,1
789,375,1
790,375,1
791,374,1
792,374,1
793,374,1
794,373,1
795,373,1
796,373,1
797,373,1
798,372,1
799,372,1
800,372,1
801,372,1
802,371,1
803,371,1
804,371,1
805,371,1
806,371,1
807,370,1
808,370,1
809,370,1
810,369,1
811,369,1
812,369,1
813,369,1
814,368,1
815,368,1
816,368,1
817,368,1
818,367,1
819,367,1
820,367,1
821,367,1
822,367,1
823,366,1
824,366,1
825,366,1
826,366,1
827,365,1
828,365,1
829,365,1
830,365,1
830,364,1
831,364,1
832,364,1
833,364,1
834,364,1
835,363,1
836,363,1
837,363,1
838,363,1
839,362,1
840,362,1
841,362,1
842,362,1
843,361,1
844,361,1
845,361,1
846,361,1
847,361,1
848,360,1
849,360,1
850,360,1
851,360,1
852,359,1
853,359,1
854,359,1
855,358,1
856,358,1
857,358,1
858,358,1
859,358,1
860,357,1
861,357,1
862,357,1
863,357,1
864,356,1
865,356,1
866,356,1
867,356,1
868,355,1
869,355,1
870,355,1
871,355,1
872,355,1
873,354,1
874,354,1
875,354,1
876,354,1
876,353,1
877,353,1
878,353,1
879,353,1
880,353,1
881,352,1
882,352,1
883,352,1
884,352,1
885,351,1
886,351,1
887,351,1
888,351,1
889,351,1
890,350,1
891,350,1
892,350,1
893,349,1
894,349,1
895,349,1
896,349,1
897,349,1
898,348,1
899,348,1
900,348,1
901,348,1
902,347,1
903,347,1
904,347,1
905,347,1
906,347,1
907,346,1
908,346,1
909,346,1
910,346,1
911,346,1
912,345,1
913,345,1
914,345,1
915,344,1
916,344,1
917,344,1
918,344,1
919,344,1
920,343,1
921,343,1
922,343,1
923,343,1
924,343,1
925,342,1
926,342,1
927,342,1
928,342,1
929,342,1
930,341,1
931,341,1
932,341,1
933,341,1
934,341,1
935,340,1
936,340,1
937,340,1
938,340,1
939,340,1
940,340,1
941,339,1
942,339,1
943,339,1
944,339,1
945,339,1
946,338,1
947,338,1
948,338,1
949,338,1
950,337,1
951,337,1
952,337,1
953,337,1
954,337,1
955,336,1
956,336,1
957,336,1
958,336,1
959,336,1
960,336,1
961,335,1
962,335,1
963,335,1
964,335,1
965,335,1
966,335,1
967,334,1
968,334,1
969,334,1
970,334,1
971,333,1
972,333,1
973,333,1
974,333,1
975,333,1
976,333,1
977,332,1
978,332,1
979,332,1
980,332,1
981,332,1
982,332,1
983,331,1
984,331,1
985,331,1
986,331,1
987,331,1
988,330,1
989,330,1
990,330,1
991,330,1
992,330,1
993,330,1
994,329,1
995,329,1
996,329,1
997,329,1
998,329,1
999,329,1
1000,329,1
1001,328,1
1002,328,1
1003,328,1
1004,328,1
1005,328,1
1006,328,1
1006,327,1
1007,327,1
1008,327,1
1009,327,1
1010,327,1
1011,327,1
1012,327,1
1013,326,1
1014,326,1
1015,326,1
1016,326,1
1017,326,1
1018,326,1
1019,325,1
1020,325,1
1021,325,1
1022,325,1
1023,325,1
1024,325,1
1025,324,1
1026,324,1
1027,324,1
1028,324,1
1029,324,1
1030,324,1
1031,324,1
1032,324,1
1033,323,1
1034,323,1
1035,323,1
1036,323,1
1037,323,1
1038,323,1
1039,323,1
1039,322,1
1040,322,1
1041,322,1
1042,322,1
1043,322,1
1042,323,1
1041,323,1
896,510,0
750,688,1
751,688,1
751,689,1
752,690,1
753,690,1
753,691,1
754,692,1
754,693,1
755,694,1
756,695,1
756,696,1
756,697,1
755,697,1
754,697,1
753,696,1
752,696,1
751,696,1
750,696,1
749,696,1
748,696,1
747,696,1
746,696,1
745,696,1
744,696,1
744,695,1
743,695,1
742,695,1
741,695,1
740,694,1
739,694,1
738,694,1
737,693,1
736,693,1
735,693,1
734,692,1
733,692,1
732,692,1
731,691,1
730,691,1
729,691,1
728,691,1
727,690,1
726,690,1
725,689,1
724,689,1
723,689,1
722,689,1
721,688,1
720,688,1
719,688,1
718,688,1
717,688,1
717,687,1
716,687,1
715,687,1
714,687,1
713,686,1
712,686,1
711,686,1
710,686,1
709,686,1
708,685,1
707,685,1
706,685,1
705,685,1
704,685,1
703,685,1
702,684,1
701,684,1
700,684,1
699,684,1
698,684,1
697,684,1
696,684,1
695,684,1
694,684,1
693,684,1
692,683,1
691,683,1
690,683,1
689,683,1
688,683,1
687,683,1
686,684,1
685,684,1
684,684,1
683,684,1
682,684,1
681,684,1
680,684,1
679,684,1
678,685,1
677,685,1
676,685,1
675,685,1
675,686,1
674,686,1
673,687,1
673,688,1
674,688,1
674,689,1
675,689,1
676,689,1
677,690,1
678,690,1
679,690,1
680,690,1
681,690,1
682,690,1
683,690,1
684,690,1
685,690,1
686,690,1
687,690,1
688,690,1
689,690,1
690,690,1
691,690,1
692,690,1
693,690,1
694,690,1
695,690,1
696,690,1
697,690,1
698,689,1
699,689,1
700,689,1
701,689,1
702,689,1
703,689,1
704,689,1
704,688,1
705,688,1
706,688,1
707,688,1
708,688,1
709,687,1
710,687,1
711,687,1
712,687,1
713,687,1
714,686,1
715,686,1
716,686,1
717,686,1
718,686,1
719,685,1
720,685,1
721,684,1
722,684,1
723,684,1
724,684,1
725,683,1
726,683,1
727,683,1
728,683,1
729,682,1
730,682,1
731,682,1
732,681,1
733,681,1
734,680,1
735,680,1
736,680,1
737,679,1
738,679,1
739,679,1
740,678,1
741,678,1
742,678,1
743,677,1
744,677,1
745,677,1
746,676,1
747,676,1
748,675,1
749,675,1
750,674,1
751,674,1
752,674,1
753,673,1
754,673,1
755,673,1
756,672,1
757,672,1
758,671,1
759,671,1
760,671,1
761,670,1
762,670,1
763,669,1
764,669,1
765,669,1
765,668,1
766,668,1
767,667,1
768,667,1
769,667,1
770,666,1
771,666,1
772,666,1
773,665,1
774,665,1
775,665,1
776,664,1
777,664,1
778,663,1
779,663,1
780,663,1
781,662,1
782,662,1
783,662,1
784,662,1
785,661,1
786,661,1
787,661,1
788,660,1
789,660,1
790,660,1
791,659,1
792,659,1
793,659,1
794,659,1
795,659,1
796,658,1
797,658,1
798,658,1
799,658,1
800,658,1
801,658,1
802,657,1
803,657,1
804,657,1
805,657,1
806,657,1
807,657,1
808,657,1
809,657,1
810,657,1
811,657,1
812,657,1
813,657,1
814,657,1
815,657,1
816,658,1
817,658,1
818,658,1
819,658,1
820,658,1
821,658,1
822,658,1
823,659,1
824,659,1
825,659,1
826,660,1
827,660,1
828,660,1
829,660,1
830,661,1
831,661,1
832,661,1
833,662,1
834,662,1
835,663,1
836,663,1
837,664,1
838,664,1
839,665,1
840,665,1
841,666,1
842,667,1
843,667,1
844,668,1
845,668,1
846,669,1
846,670,1
847,670,1
848,671,1
849,671,1
849,672,1
850,673,1
851,673,1
852,674,1
852,675,1
853,675,1
854,676,1
854,677,1
855,677,1
856,678,1
856,679,1
857,680,1
858,680,1
858,681,1
859,682,1
860,683,1
861,684,1
862,685,1
863,686,1
863,687,1
864,688,1
865,689,1
866,690,1
866,691,1
867,692,1
868,693,1
868,694,1
869,695,1
870,696,1
870,697,1
870,698,1
871,699,1
871,700,1
871,701,1
872,702,1
872,703,1
873,704,1
873,705,1
850,706,0
821,712,1
822,712,1
823,712,1
824,713,1
825,713,1
826,713,1
827,714,1
828,714,1
829,715,1
830,716,1
831,717,1
832,718,1
832,719,1
833,720,1
833,721,1
833,722,1
833,723,1
834,723,1
834,724,1
834,725,1
834,726,1
833,727,1
833,728,1
833,729,1
833,730,1
833,731,1
833,732,1
833,733,1
833,734,1
833,735,1
833,736,1
833,737,1
833,738,1
833,739,1
833,740,1
832,741,1
832,742,1
831,743,1
831,744,1
831,745,1
830,745,1
830,746,1
829,747,1
829,748,1
828,749,1
827,750,1
827,751,1
826,752,1
825,753,1
825,754,1
824,754,1
823,755,1
823,756,1
822,756,1
821,757,1
821,758,1
820,758,1
820,759,1
819,760,1
818,760,1
817,761,1
817,762,1
816,762,1
815,763,1
815,764,1
814,764,1
813,765,1
812,765,1
812,766,1
811,767,1
810,767,1
809,768,1
808,768,1
808,769,1
807,769,1
806,770,1
805,770,1
804,771,1
803,771,1
802,772,1
801,772,1
801,773,1
800,773,1
799,774,1
798,774,1
797,774,1
796,775,1
795,775,1
794,775,1
793,776,1
792,776,1
791,776,1
790,777,1
789,777,1
788,777,1
787,778,1
786,778,1
785,778,1
784,778,1
783,779,1
782,779,1
781,779,1
780,779,1
779,779,1
778,780,1
777,780,1
776,780,1
775,780,1
774,780,1
773,780,1
772,781,1
771,781,1
770,781,1
769,781,1
768,781,1
767,781,1
766,781,1
765,781,1
764,781,1
763,781,1
762,781,1
761,781,1
760,780,1
759,780,1
758,780,1
757,780,1
756,780,1
755,780,1
754,779,1
753,779,1
752,779,1
752,778,1
751,778,1
750,778,1
749,778,1
748,778,1
747,778,1
747,777,1
746,777,1
745,777,1
744,777,1
743,776,1
742,776,1
741,775,1
740,775,1
739,774,1
738,773,1
737,772,1
737,771,1
736,770,1
736,769,1
736,768,1
736,767,1
736,766,1
736,765,1
736,764,1
838,717,0
929,652,1
930,653,1
931,654,1
932,655,1
933,656,1
933,657,1
934,657,1
935,658,1
935,659,1
936,659,1
937,659,1
937,658,1
938,657,1
938,656,1
938,655,1
938,654,1
939,653,1
939,652,1
939,651,1
940,651,1
940,650,1
941,649,1
941,648,1
942,647,1
942,646,1
942,645,1
943,644,1
943,643,1
943,642,1
944,641,1
944,640,1
944,639,1
944,638,1
945,637,1
945,636,1
946,635,1
946,634,1
946,633,1
947,632,1
947,631,1
948,630,1
948,629,1
948,628,1
949,627,1
949,626,1
950,626,1
950,625,1
951,624,1
951,623,1
952,622,1
953,621,1
953,620,1
954,620,1
954,619,1
955,618,1
956,617,1
957,616,1
958,615,1
959,614,1
960,613,1
961,612,1
962,612,1
963,611,1
964,610,1
965,610,1
966,610,1
966,609,1
967,609,1
968,609,1
969,608,1
970,608,1
971,607,1
972,607,1
973,607,1
974,607,1
975,607,1
976,607,1
977,606,1
978,606,1
979,606,1
980,606,1
981,606,1
982,606,1
983,606,1
984,607,1
985,607,1
986,607,1
987,607,1
988,607,1
989,607,1
990,607,1
990,608,1
991,608,1
992,608,1
993,609,1
994,609,1
995,609,1
996,610,1
997,610,1
998,611,1
999,611,1
1000,612,1
1001,612,1
1001,613,1
1002,613,1
1003,614,1
1004,614,1
1004,615,1
1005,615,1
1006,616,1
1007,616,1
1008,617,1
1008,618,1
1009,618,1
1010,619,1
1011,619,1
1011,620,1
1012,621,1
1013,621,1
1013,622,1
1014,623,1
1015,623,1
1015,624,1
1016,625,1
1017,625,1
1017,626,1
1018,627,1
1019,627,1
1019,628,1
1020,629,1
1021,629,1
1021,630,1
1022,630,1
1023,631,1
1023,632,1
1024,632,1
1025,633,1
1025,634,1
1026,634,1
1026,635,1
1027,636,1
1028,636,1
1028,637,1
1029,638,1
1030,638,1
1030,639,1
1031,640,1
1032,640,1
1032,641,1
1033,641,1
1033,642,1
1034,642,1
1035,643,1
1036,643,1
1036,644,1
1037,644,1
1038,644,1
1039,644,1
1040,644,1
1041,644,1
1042,644,1
1043,644,1
1044,644,1
1045,644,1
1046,644,1
1046,643,1
1047,643,1
1047,642,1
1047,641,1
1047,640,1
1047,639,1
1047,638,1
1047,637,1
1047,636,1
1047,635,1
1047,634,1
1047,633,1
1047,632,1
1047,631,1
1047,630,1
1047,629,1
1075,634,0
1095,617,1
1096,617,1
1096,618,1
1097,619,1
1097,620,1
1098,620,1
1099,621,1
1099,622,1
1100,623,1
1100,624,1
1101,624,1
1101,625,1
1102,626,1
1103,627,1
1104,628,1
1105,629,1
1106,630,1
1107,630,1
1108,631,1
1109,632,1
1110,632,1
1110,633,1
1111,633,1
1111,634,1
1112,634,1
1112,635,1
1113,635,1
1114,635,1
1114,636,1
1115,636,1
1116,636,1
1117,635,1
1117,634,1
1118,633,1
1118,632,1
1118,631,1
1118,630,1
1154,603,0
1188,561,1
1189,562,1
1190,562,1
1190,563,1
1191,563,1
1192,564,1
1192,565,1
1193,565,1
1193,566,1
1194,567,1
1194,568,1
1195,569,1
1195,570,1
1195,571,1
1195,572,1
1195,573,1
1195,574,1
1195,575,1
1195,576,1
1194,577,1
1194,578,1
1193,579,1
1193,580,1
1193,581,1
1192,581,1
1192,582,1
1192,583,1
1192,584,1
1192,585,1
1191,586,1
1191,587,1
1191,588,1
1191,589,1
1190,589,1
1190,590,1
1190,591,1
1189,592,1
1188,593,1
1188,594,1
1188,595,1
1187,596,1
1186,597,1
1186,598,1
1185,599,1
1184,600,1
1184,601,1
1184,602,1
1183,602,1
1183,603,1
1182,604,1
1182,605,1
1181,606,1
1181,607,1
1180,608,1
1180,609,1
1180,610,1
1180,611,1
1179,612,1
1179,613,1
1179,614,1
1179,615,1
1180,615,1
1180,616,1
1180,617,1
1180,618,1
1181,619,1
1181,620,1
1182,621,1
1183,622,1
1184,623,1
1185,624,1
1186,624,1
1187,625,1
1188,625,1
1189,626,1
1190,626,1
1191,626,1
1192,627,1
1193,627,1
1194,627,1
1195,627,1
1196,628,1
1197,628,1
1198,628,1
1199,628,1
1200,628,1
1201,628,1
1202,628,1
1203,628,1
1204,629,1
1205,629,1
1206,629,1
1207,629,1
1208,629,1
1209,629,1
1210,629,1
1211,629,1
1212,629,1
1213,629,1
1214,629,1
1215,630,1
1216,630,1
1217,630,1
1218,630,1
1219,630,1
1220,630,1
1221,630,1
1222,630,1
1223,630,1
1224,630,1
1225,630,1
1226,630,1
1227,630,1
1228,630,1
1229,631,1
1230,631,1
1231,631,1
1232,631,1
1233,631,1
1234,631,1
1235,631,1
1236,631,1
1237,631,1
1238,631,1
1239,631,1
1240,631,1
1241,631,1
1242,631,1
1243,631,1
1244,632,1
1245,632,1
1246,632,1
1247,632,1
1248,632,1
1249,632,1
1250,632,1
1251,632,1
1252,632,1
1253,632,1
1254,632,1
1255,632,1
1256,632,1
1257,632,1
1258,632,1
1259,632,1
1260,632,1
1261,632,1
1262,633,1
1263,633,1
1264,633,1
1265,633,1
1266,633,1
1267,633,1
1268,633,1
1269,633,1
1270,633,1
1271,633,1
1272,633,1
1273,633,1
1274,633,1
1275,633,1
1276,633,1
1277,633,1
1278,633,1
1279,633,1
1280,633,1
1281,633,1
1282,634,1
1283,634,1
1284,634,1
1285,634,1
1286,634,1
1287,634,1
1288,634,1
1289,634,1
1290,634,1
1291,634,1
1292,634,1
1293,634,1
1294,634,1
1295,634,1
1296,634,1
1297,634,1
1298,634,1
1299,634,1
1300,634,1
1301,634,1
1302,634,1
1303,635,1
1304,635,1
1305,635,1
1306,635,1
1307,635,1
1308,635,1
1309,635,1
1310,635,1
1311,635,1
1312,635,1
1313,635,1
1314,635,1
1315,635,1
1316,635,1
1317,635,1
1318,635,1
1319,635,1
1320,635,1
1321,635,1
1322,635,1
1323,635,1
1324,635,1
1325,635,1
1326,636,1
1327,636,1
1328,636,1
1329,636,1
1330,636,1
1331,636,1
1332,636,1
1333,636,1
1334,636,1
1335,636,1
1336,636,1
1337,636,1
1338,636,1
1339,636,1
1340,636,1
1341,636,1
1342,636,1
1343,636,1
1344,636,1
1345,636,1
1346,636,1
1347,636,1
1348,636,1
1349,636,1
1350,636,1
1351,636,1
1352,636,1
1353,636,1
1354,636,1
1355,636,1
1356,636,1
1357,636,1
1358,636,1
1359,636,1
1360,636,1
1361,636,1
1362,636,1
1363,636,1
1364,636,1
1365,636,1
1366,636,1
1367,636,1
1368,635,1
1369,635,1
1370,635,1
1371,635,1
1372,635,1
1373,635,1
1374,634,1
1375,634,1
1375,633,1
1375,632,1
1374,632,1
1373,631,1
1372,630,1
1371,630,1
1370,630,1
1369,630,1
1368,629,1
1367,629,1
1366,629,1
1365,629,1
1364,629,1
1363,629,1
1362,629,1
1361,628,1
1360,628,1
1359,628,1
1358,628,1
1357,628,1
1356,627,1
1355,627,1
1354,627,1
1353,627,1
1111,618,0
845,611,1
846,611,1
847,610,1
848,610,1
849,610,1
850,609,1
851,609,1
852,609,1
853,609,1
854,608,1
855,608,1
856,608,1
857,607,1
858,607,1
859,607,1
860,607,1
861,606,1
862,606,1
863,606,1
864,606,1
865,605,1
866,605,1
867,605,1
867,604,1
868,604,1
869,604,1
870,604,1
871,603,1
872,603,1
873,603,1
874,603,1
875,602,1
876,602,1
877,602,1
878,601,1
879,601,1
880,601,1
881,601,1
882,600,1
883,600,1
884,600,1
885,600,1
886,599,1
887,599,1
888,599,1
889,598,1
890,598,1
891,598,1
892,598,1
893,597,1
894,597,1
895,597,1
896,597,1
897,596,1
898,596,1
899,596,1
900,595,1
901,595,1
902,595,1
903,595,1
904,594,1
905,594,1
906,594,1
907,594,1
908,593,1
909,593,1
910,593,1
911,592,1
912,592,1
913,592,1
914,592,1
915,591,1
916,591,1
917,591,1
918,591,1
919,591,1
920,590,1
921,590,1
922,589,1
923,589,1
924,589,1
925,589,1
926,589,1
927,588,1
928,588,1
929,588,1
930,588,1
931,587,1
932,587,1
933,587,1
934,587,1
935,586,1
936,586,1
937,586,1
938,585,1
939,585,1
940,585,1
941,585,1
942,584,1
943,584,1
944,584,1
945,584,1
946,583,1
947,583,1
948,583,1
949,583,1
950,582,1
951,582,1
952,582,1
953,582,1
954,581,1
955,581,1
956,581,1
957,580,1
958,580,1
959,580,1
960,580,1
961,580,1
962,579,1
963,579,1
964,579,1
965,579,1
966,578,1
967,578,1
968,578,1
969,578,1
970,577,1
971,577,1
972,577,1
973,577,1
974,576,1
975,576,1
976,576,1
977,575,1
978,575,1
979,575,1
980,575,1
981,574,1
982,574,1
983,574,1
984,574,1
985,573,1
986,573,1
987,573,1
988,573,1
989,573,1
990,572,1
991,572,1
992,572,1
993,571,1
994,571,1
995,571,1
996,571,1
997,571,1
998,570,1
999,570,1
1000,570,1
1001,570,1
1002,569,1
1003,569,1
1004,569,1
1005,569,1
1006,568,1
1007,568,1
1008,568,1
1009,568,1
1010,567,1
1011,567,1
1012,567,1
1013,567,1
1014,567,1
1014,566,1
1015,566,1
1016,566,1
1017,566,1
1018,565,1
1019,565,1
1020,565,1
1021,565,1
1022,564,1
1023,564,1
1024,564,1
1025,564,1
1026,564,1
1027,563,1
1028,563,1
1029,563,1
1030,563,1
1031,562,1
1032,562,1
1033,562,1
1034,562,1
1035,561,1
1036,561,1
1037,561,1
1038,561,1
1039,561,1
1040,560,1
1041,560,1
1042,560,1
1043,559,1
1044,559,1
1045,559,1
1046,559,1
1047,558,1
1048,558,1
1049,558,1
1050,558,1
1051,558,1
1052,557,1
1053,557,1
1054,557,1
1055,557,1
1056,556,1
1057,556,1
1058,556,1
1059,556,1
1060,556,1
1061,555,1
1062,555,1
1063,555,1
1064,555,1
1065,554,1
1066,554,1
1067,554,1
1068,554,1
1069,553,1
1070,553,1
1071,553,1
1072,553,1
1073,553,1
1074,552,1
1075,552,1
1076,552,1
1077,552,1
1078,551,1
1079,551,1
1080,551,1
1081,550,1
1082,550,1
1083,550,1
1084,550,1
1085,549,1
1086,549,1
1087,549,1
1088,549,1
1089,549,1
1090,548,1
1091,548,1
1092,548,1
1093,548,1
1094,547,1
1095,547,1
1096,547,1
1097,547,1
1098,547,1
1099,546,1
1100,546,1
1101,546,1
1102,546,1
1103,545,1
1104,545,1
1105,545,1
1106,545,1
1107,544,1
1108,544,1
1109,544,1
1110,544,1
1111,544,1
1112,543,1
1113,543,1
1114,543,1
1115,543,1
1116,542,1
1117,542,1
1118,542,1
1119,542,1
1120,542,1
1121,541,1
1122,541,1
1123,541,1
1124,541,1
1125,540,1
1126,540,1
1127,540,1
1128,540,1
1129,540,1
1130,539,1
1131,539,1
1132,539,1
1133,539,1
1134,538,1
1135,538,1
1136,538,1
1137,538,1
1138,538,1
1139,537,1
1140,537,1
1141,537,1
1142,537,1
1143,537,1
1144,536,1
1145,536,1
1146,536,1
1147,536,1
1148,536,1
1149,535,1
1150,535,1
1151,535,1
1152,535,1
1153,534,1
1154,534,1
1155,534,1
1156,534,1
1157,534,1
1158,533,1
1159,533,1
1160,533,1
1161,533,1
1162,532,1
1163,532,1
1164,532,1
1165,532,1
1166,532,1
1167,531,1
1168,531,1
1169,531,1
1170,531,1
1171,531,1
1172,530,1
1173,530,1
1174,530,1
1175,530,1
1176,530,1
1177,529,1
1178,529,1
1179,529,1
1180,529,1
1181,529,1
1182,528,1
1183,528,1
1184,528,1
1185,528,1
1186,528,1
1187,527,1
1188,527,1
1189,527,1
1190,527,1
1191,527,1
1192,526,1
1193,526,1
1194,526,1
1195,526,1
1196,526,1
1197,525,1
1198,525,1
1199,525,1
1200,525,1
1201,525,1
1202,524,1
1203,524,1
1204,524,1
1205,524,1
1206,524,1
1207,523,1
1208,523,1
1209,523,1
1210,523,1
1211,523,1
1212,522,1
1213,522,1
1214,522,1
1215,522,1
1216,521,1
1217,521,1
1218,521,1
1219,521,1
1220,521,1
1221,520,1
1222,520,1
1223,520,1
1224,520,1
1225,520,1
1226,519,1
1227,519,1
1228,519,1
1229,519,1
1230,519,1
1231,519,1
1232,518,1
1233,518,1
1234,518,1
1235,518,1
1236,517,1
1237,517,1
1238,517,1
1239,517,1
1240,517,1
1241,516,1
1242,516,1
1243,516,1
1244,516,1
1245,516,1
1246,516,1
1247,515,1
1248,515,1
1249,515,1
1250,515,1
1251,515,1
1252,514,1
1253,514,1
1254,514,1
1255,514,1
1256,513,1
1257,513,1
1258,513,1
1259,513,1
1260,513,1
1261,512,1
1262,512,1
1263,512,1
1264,512,1
1265,512,1
1266,512,1
1267,511,1
1268,511,1
1269,511,1
1270,511,1
1271,511,1
1272,510,1
1273,510,1
1274,510,1
1275,510,1
1276,509,1
1277,509,1
1278,509,1
1279,509,1
1280,509,1
1281,509,1
1282,508,1
1283,508,1
1284,508,1
1285,508,1
1286,508,1
1287,508,1
1288,507,1
1289,507,1
1290,507,1
1291,507,1
1292,507,1
1293,506,1
1294,506,1
1295,506,1
1296,506,1
1297,506,1
1298,505,1
1299,505,1
1300,505,1
1301,505,1
1302,505,1
1303,504,1
1304,504,1
1305,504,1
1306,504,1
1307,504,1
1308,503,1
1309,503,1
1310,503,1
1311,503,1
1312,503,1
1313,502,1
1314,502,1
1315,502,1
1316,502,1
1317,502,1
1318,501,1
1319,501,1
1320,501,1
1321,501,1
1322,501,1
1323,500,1
1324,500,1
1325,500,1
1326,500,1
1327,499,1
1328,499,1
1329,499,1
1330,499,1
1331,498,1
1332,498,1
1333,498,1
1334,498,1
1335,497,1
1336,497,1
1337,497,1
1338,496,1
1339,496,1
1340,496,1
1340,495,1
1339,495,1
1338,495,1
1337,495,1
1336,495,1
1335,495,1
1334,496,1
1333,497,0
