460,271,1
460,272,1
461,273,1
461,274,1
461,275,1
462,276,1
462,277,1
461,277,1
461,276,1
460,276,1
459,276,1
459,275,1
458,275,1
457,275,1
456,275,1
455,275,1
454,274,1
453,274,1
452,273,1
451,273,1
450,273,1
449,272,1
448,272,1
447,272,1
446,271,1
445,271,1
444,271,1
443,271,1
442,271,1
441,270,1
440,270,1
439,270,1
438,270,1
437,270,1
436,270,1
435,270,1
434,270,1
433,270,1
432,270,1
431,270,1
430,270,1
429,270,1
428,270,1
427,270,1
426,270,1
425,271,1
424,271,1
423,271,1
422,271,1
421,272,1
420,272,1
419,272,1
418,272,1
417,273,1
416,273,1
415,274,1
414,274,1
413,275,1
412,275,1
411,276,1
410,277,1
409,277,1
408,278,1
407,278,1
407,279,1
406,279,1
405,280,1
404,281,1
403,281,1
403,282,1
402,283,1
401,283,1
400,284,1
400,285,1
399,286,1
398,287,1
397,288,1
396,289,1
396,290,1
395,291,1
394,292,1
393,293,1
393,294,1
392,295,1
392,296,1
391,297,1
391,298,1
390,298,1
390,299,1
389,300,1
389,301,1
388,302,1
388,303,1
387,304,1
387,305,1
387,306,1
386,307,1
386,308,1
386,309,1
385,310,1
385,311,1
385,312,1
384,313,1
384,314,1
384,315,1
384,316,1
383,317,1
383,318,1
383,319,1
383,320,1
383,321,1
383,322,1
383,323,1
383,324,1
383,325,1
382,326,1
382,327,1
382,328,1
382,329,1
382,330,1
383,331,1
383,332,1
383,333,1
383,334,1
383,335,1
383,336,1
383,337,1
383,338,1
384,339,1
384,340,1
384,341,1
384,342,1
385,343,1
385,344,1
385,345,1
386,346,1
386,347,1
386,348,1
387,349,1
387,350,1
388,351,1
388,352,1
389,353,1
390,354,1
390,355,1
391,356,1
392,357,1
392,358,1
393,358,1
394,359,1
394,360,1
395,361,1
396,361,1
397,362,1
398,363,1
399,364,1
400,364,1
400,365,1
401,365,1
402,366,1
403,366,1
404,366,1
405,367,1
406,367,1
407,368,1
408,368,1
409,368,1
410,369,1
411,369,1
412,369,1
413,369,1
414,370,1
415,370,1
416,370,1
417,370,1
418,371,1
419,371,1
420,371,1
421,371,1
422,372,1
423,372,1
424,372,1
425,373,1
426,373,1
427,373,1
427,374,1
428,374,1
429,375,1
430,375,1
430,376,1
431,376,1
432,377,1
433,377,1
433,378,1
434,378,1
435,379,1
435,380,1
436,380,1
436,381,1
437,382,1
437,383,1
438,384,1
439,385,1
439,386,1
440,387,1
440,388,1
441,389,1
441,390,1
441,391,1
442,391,1
442,392,1
442,393,1
442,394,1
443,395,1
443,396,1
443,397,1
444,398,1
444,399,1
444,400,1
444,401,1
444,402,1
445,403,1
445,404,1
445,405,1
445,406,1
445,407,1
446,408,1
446,409,1
446,410,1
446,411,1
446,412,1
447,413,1
447,414,1
447,415,1
447,416,1
447,417,1
447,418,1
447,419,1
447,420,1
446,420,1
446,421,0
387,385,0
429,202,1
429,201,1
429,200,1
429,199,1
429,198,1
428,197,1
428,196,1
428,195,1
427,194,1
427,193,1
426,192,1
426,191,1
425,190,1
424,189,1
424,188,1
423,188,1
422,187,1
422,186,1
421,185,1
420,184,1
420,183,1
419,182,1
418,181,1
418,180,1
417,180,1
416,179,1
415,178,1
414,177,1
414,176,1
413,176,1
412,175,1
411,174,1
410,173,1
409,172,1
408,172,1
407,171,1
406,170,1
405,170,1
404,169,1
404,168,1
403,168,1
402,167,1
401,166,1
400,166,1
399,165,1
398,165,1
397,164,1
396,164,1
395,163,1
395,162,1
394,162,1
393,162,1
392,161,1
391,161,1
390,160,1
389,160,1
388,159,1
387,159,1
386,159,1
385,158,1
384,158,1
383,158,1
382,157,1
381,157,1
380,157,1
379,156,1
378,156,1
377,156,1
376,156,1
375,156,1
374,156,1
373,155,1
372,155,1
371,155,1
370,155,1
369,155,1
368,155,1
367,155,1
366,155,1
365,155,1
364,155,1
363,155,1
362,155,1
361,155,1
360,155,1
359,155,1
358,156,1
357,156,1
356,156,1
355,156,1
354,156,1
353,157,1
352,157,1
351,158,1
350,158,1
349,158,1
348,159,1
347,159,1
346,160,1
345,160,1
344,161,1
343,161,1
343,162,1
342,162,1
341,163,1
340,163,1
339,164,1
338,165,1
337,166,1
336,166,1
336,167,1
335,168,1
334,168,1
334,169,1
333,170,1
332,171,1
331,172,1
330,173,1
330,174,1
329,174,1
329,175,1
328,176,1
328,177,1
327,178,1
327,179,1
326,179,1
326,180,1
326,181,1
325,182,1
325,183,1
325,184,1
324,185,1
324,186,1
324,187,1
323,188,1
323,189,1
323,190,1
322,191,1
322,192,1
322,193,1
322,194,1
322,195,1
322,196,1
322,197,1
323,198,1
323,199,1
324,200,1
324,201,1
307,243,0
291,284,1
291,285,1
291,286,1
291,287,1
291,288,1
291,289,1
291,290,1
291,291,1
291,292,1
291,293,1
291,294,1
291,295,1
291,296,1
291,297,1
292,298,1
292,299,1
292,300,1
292,301,1
292,302,1
292,303,1
292,304,1
292,305,1
292,306,1
292,307,1
292,308,1
292,309,1
293,310,1
293,311,1
293,312,1
293,313,1
293,314,1
293,315,1
293,316,1
293,317,1
293,318,1
293,319,1
294,320,1
294,321,1
294,322,1
294,323,1
294,324,1
294,325,1
294,326,1
294,327,1
295,328,1
295,329,1
295,330,1
295,331,1
295,332,1
295,333,1
295,334,1
295,335,1
296,336,1
296,337,1
296,338,1
296,339,1
296,340,1
296,341,1
296,342,1
296,343,1
296,344,1
297,345,1
297,346,1
297,347,1
297,348,1
297,349,1
297,350,1
297,351,1
297,352,1
297,353,1
297,354,1
298,355,1
298,356,1
298,357,1
298,358,1
298,359,1
298,360,1
298,361,1
298,362,1
298,363,1
298,364,1
298,365,1
298,366,1
299,367,1
299,368,1
299,369,1
299,370,1
299,371,1
299,372,1
299,373,1
299,374,1
299,375,1
299,376,1
300,377,1
300,378,1
300,379,1
300,380,1
300,381,1
300,382,1
300,383,1
301,384,1
301,385,1
301,386,1
301,387,1
301,388,1
301,389,1
302,390,1
302,391,1
302,392,1
302,393,1
303,394,1
303,395,1
303,396,1
304,397,1
304,398,1
304,399,1
305,400,1
306,401,1
306,402,1
307,403,1
308,404,1
308,405,1
309,405,1
309,406,1
309,407,1
310,407,1
310,408,1
311,408,1
312,408,1
312,409,1
313,409,1
314,408,1
315,408,1
316,408,1
317,407,1
318,406,1
413,331,0
513,246,1
513,247,1
514,247,1
514,248,1
514,249,1
515,250,1
515,251,1
515,252,1
514,253,1
514,254,1
514,255,1
514,256,1
514,257,1
513,258,1
513,259,1
513,260,1
513,261,1
513,262,1
512,263,1
512,264,1
512,265,1
512,266,1
512,267,1
511,268,1
511,269,1
511,270,1
511,271,1
510,272,1
510,273,1
510,274,1
510,275,1
509,276,1
509,277,1
509,278,1
509,279,1
508,280,1
508,281,1
508,282,1
508,283,1
507,284,1
507,285,1
507,286,1
507,287,1
507,288,1
506,289,1
506,290,1
506,291,1
506,292,1
506,293,1
505,293,1
505,294,1
505,295,1
505,296,1
505,297,1
505,298,1
504,299,1
504,300,1
504,301,1
504,302,1
504,303,1
504,304,1
504,305,1
504,306,1
503,307,1
503,308,1
503,309,1
503,310,1
503,311,1
503,312,1
503,313,1
503,314,1
504,315,1
504,316,1
504,317,1
504,318,1
504,319,1
504,320,1
505,321,1
505,322,1
505,323,1
505,324,1
505,325,1
506,326,1
506,327,1
506,328,1
507,328,1
507,329,1
507,330,1
508,331,1
508,332,1
509,332,1
509,333,1
510,334,1
510,335,1
511,335,1
511,336,1
512,337,1
513,337,1
513,338,1
514,339,1
515,339,1
515,340,1
516,340,1
517,341,1
518,342,1
519,343,1
520,343,1
521,343,1
521,344,1
522,344,1
523,345,1
524,345,1
525,345,1
526,345,1
527,346,1
528,346,1
529,346,1
530,346,1
531,347,1
532,347,1
533,347,1
534,347,1
535,347,1
536,347,1
537,347,1
538,347,1
539,347,1
540,346,1
541,346,1
542,346,1
543,346,1
544,346,1
545,346,1
546,345,1
547,345,1
548,344,1
549,344,1
550,344,1
551,343,1
552,343,1
553,342,1
554,342,1
555,342,1
555,341,1
556,340,1
557,340,1
558,339,1
559,339,1
560,338,1
561,338,1
561,337,1
562,336,1
563,336,1
564,335,1
564,334,1
565,333,1
566,333,1
566,332,1
567,331,1
568,331,1
569,330,1
569,329,1
570,328,1
571,327,1
572,326,1
572,325,1
573,324,1
574,323,1
574,322,1
575,322,1
575,321,1
576,320,1
576,319,1
577,318,1
577,317,1
578,316,1
578,315,1
579,314,1
579,313,1
579,312,1
580,312,1
580,311,1
580,310,1
581,309,1
581,308,1
581,307,1
582,306,1
582,305,1
583,304,1
583,303,1
583,302,1
584,301,1
584,300,1
584,299,1
585,298,1
585,297,1
586,296,1
586,295,1
587,295,1
587,294,1
588,294,1
589,294,1
589,295,1
590,295,1
590,296,1
590,297,1
591,298,1
591,299,1
591,300,1
591,301,1
591,302,1
591,303,1
592,304,1
592,305,1
592,306,1
592,307,1
592,308,1
592,309,1
592,310,1
592,311,1
592,312,1
592,313,1
592,314,1
593,315,1
593,316,1
593,317,1
593,318,1
593,319,1
593,320,1
593,321,1
593,322,1
593,323,1
594,324,1
594,325,1
594,326,1
594,327,1
594,328,1
594,329,1
595,330,1
595,331,1
595,332,1
595,333,1
595,334,1
596,335,1
596,336,1
596,337,1
596,338,1
596,339,1
597,340,1
597,341,1
597,342,1
597,343,1
597,344,1
598,345,1
598,346,1
598,347,1
599,348,1
599,349,1
599,350,1
600,351,1
600,352,1
600,353,1
601,353,1
601,354,1
601,355,1
602,356,1
602,357,1
602,358,1
603,359,1
603,360,1
604,360,1
604,361,1
605,362,1
605,363,1
606,363,1
607,364,1
608,364,1
609,364,1
610,364,1
647,323,0
688,278,1
688,279,1
688,280,1
689,281,1
689,282,1
689,283,1
689,284,1
689,285,1
689,286,1
690,287,1
690,288,1
690,289,1
690,290,1
690,291,1
691,292,1
691,293,1
691,294,1
691,295,1
692,296,1
692,297,1
692,298,1
692,299,1
693,300,1
693,301,1
693,302,1
693,303,1
694,304,1
694,305,1
694,306,1
694,307,1
695,308,1
695,309,1
695,310,1
696,311,1
696,312,1
696,313,1
696,314,1
697,315,1
697,316,1
697,317,1
697,318,1
698,319,1
698,320,1
698,321,1
698,322,1
699,323,1
699,324,1
699,325,1
699,326,1
700,327,1
700,328,1
700,329,1
700,330,1
701,331,1
701,332,1
701,333,1
701,334,1
702,335,1
702,336,1
702,337,1
702,338,1
703,339,1
703,340,1
703,341,1
704,342,1
704,343,1
704,344,1
704,345,1
704,346,1
704,347,1
704,348,1
705,348,1
705,349,1
705,350,1
705,351,1
705,352,1
706,353,1
706,354,1
706,355,1
706,356,1
705,357,1
704,357,1
703,357,1
702,356,1
702,356,0
645,175,0
839,264,1
839,265,1
839,266,1
840,267,1
840,268,1
840,269,1
840,270,1
841,271,1
841,272,1
841,273,1
841,274,1
841,275,1
841,276,1
841,277,1
841,278,1
841,279,1
841,280,1
841,281,1
841,282,1
841,283,1
841,284,1
841,285,1
841,286,1
841,287,1
841,288,1
841,289,1
841,290,1
841,291,1
840,292,1
840,293,1
840,294,1
840,295,1
840,296,1
840,297,1
840,298,1
839,299,1
839,300,1
839,301,1
839,302,1
838,303,1
838,304,1
838,305,1
838,306,1
837,306,1
837,307,1
837,308,1
836,309,1
836,310,1
836,311,1
835,312,1
835,313,1
835,314,1
834,315,1
834,316,1
833,317,1
833,318,1
833,319,1
832,320,1
831,321,1
831,322,1
830,323,1
829,324,1
829,325,1
828,326,1
828,327,1
827,327,1
827,328,1
826,329,1
825,330,1
825,331,1
824,331,1
823,332,1
823,333,1
822,334,1
821,334,1
821,335,1
820,336,1
819,336,1
818,337,1
818,338,1
817,338,1
816,339,1
815,339,1
815,340,1
814,341,1
813,341,1
812,342,1
811,342,1
810,342,1
810,343,1
809,343,1
808,344,1
807,344,1
806,344,1
805,345,1
804,345,1
803,345,1
803,346,1
802,346,1
801,346,1
800,346,1
799,346,1
798,347,1
797,347,1
796,347,1
795,347,1
794,347,1
793,347,1
792,347,1
791,347,1
790,347,1
789,347,1
788,347,1
787,347,1
786,346,1
785,346,1
784,346,1
783,346,1
782,345,1
781,345,1
780,344,1
779,344,1
778,343,1
777,343,1
776,342,1
775,341,1
774,340,1
773,339,1
772,338,1
771,337,1
771,336,1
770,335,1
770,334,1
770,333,1
770,332,1
770,331,1
769,330,1
770,329,1
770,328,1
770,327,1
770,326,1
770,325,1
771,324,1
771,323,1
772,322,1
772,321,1
773,321,1
773,320,1
774,319,1
775,319,1
775,318,1
776,318,1
777,317,1
778,317,1
778,316,1
779,316,1
780,315,1
781,315,1
782,315,1
783,314,1
784,314,1
785,314,1
786,313,1
787,313,1
788,313,1
789,313,1
790,313,1
791,313,1
792,313,1
793,313,1
794,313,1
795,313,1
796,313,1
797,313,1
798,313,1
799,314,1
800,314,1
801,314,1
802,314,1
803,314,1
804,315,1
805,315,1
806,315,1
807,315,1
808,316,1
809,316,1
810,316,1
811,316,1
812,317,1
813,317,1
814,317,1
815,318,1
816,318,1
817,319,1
818,319,1
819,319,1
820,320,1
821,320,1
822,320,1
823,321,1
824,321,1
825,322,1
826,322,1
827,322,1
828,323,1
829,324,1
830,324,1
831,324,1
832,325,1
833,325,1
834,326,1
835,326,1
836,327,1
837,327,1
838,328,1
839,328,1
840,329,1
841,329,1
842,330,1
843,330,1
844,330,1
845,331,1
846,331,1
846,332,1
847,332,1
848,333,1
849,333,1
850,334,1
851,334,1
852,335,1
853,335,1
854,336,1
855,336,1
856,336,1
857,337,1
858,337,1
877,314,0
902,287,1
902,288,1
903,289,1
903,290,1
903,291,1
903,292,1
904,293,1
904,294,1
904,295,1
905,296,1
905,297,1
906,298,1
906,299,1
906,300,1
906,301,1
907,302,1
907,303,1
907,304,1
908,305,1
908,306,1
908,307,1
908,308,1
909,309,1
909,310,1
909,311,1
909,312,1
910,313,1
910,314,1
910,315,1
910,316,1
910,317,1
911,318,1
911,319,1
911,320,1
911,321,1
912,322,1
912,323,1
912,324,1
912,325,1
912,326,1
913,327,1
913,328,1
913,329,1
913,330,1
914,331,1
914,332,1
914,333,1
914,334,1
914,335,1
915,336,1
915,337,1
915,338,1
915,339,1
916,340,1
916,341,1
916,342,1
916,343,1
917,344,1
917,345,1
917,346,1
917,347,1
917,348,1
918,349,1
918,350,1
918,351,1
918,352,1
919,353,1
919,354,1
919,355,1
920,356,1
901,362,0
888,381,1
887,380,1
886,379,1
885,378,1
885,377,1
884,376,1
884,375,1
883,374,1
883,373,1
883,372,1
883,371,1
884,370,1
884,369,1
885,368,1
885,367,1
885,366,1
886,365,1
886,364,1
886,363,1
887,363,1
887,362,1
888,361,1
889,360,1
890,359,1
891,359,1
892,358,1
893,357,1
894,357,1
895,356,1
896,356,1
897,356,1
898,356,1
898,355,1
899,355,1
900,355,1
901,355,1
902,355,1
903,354,1
904,354,1
905,354,1
906,354,1
907,354,1
908,354,1
909,354,1
910,354,1
911,354,1
912,354,1
913,354,1
914,354,1
915,354,1
916,354,1
917,354,1
918,354,1
919,355,1
920,355,1
921,355,1
922,355,1
923,355,1
924,355,1
925,356,1
926,356,1
927,356,1
928,356,1
929,356,1
930,357,1
931,357,1
932,357,1
933,357,1
934,358,1
935,358,1
936,358,1
937,358,1
938,358,1
939,359,1
940,359,1
941,359,1
942,360,1
943,360,1
944,360,1
945,360,1
946,361,1
947,361,1
948,361,1
949,361,1
950,362,1
951,362,1
952,362,1
953,362,1
954,363,1
955,363,1
956,363,1
957,363,1
958,364,1
959,364,1
960,364,1
961,364,1
962,364,1
963,365,1
964,365,1
965,365,1
966,365,1
967,366,1
968,366,1
969,366,1
970,366,1
971,366,1
972,367,1
973,367,1
974,367,1
975,367,1
976,367,1
976,368,1
977,368,1
978,368,1
978,367,1
977,367,1
976,366,1
724,279,0
464,190,1
465,190,1
466,190,1
467,190,1
468,190,1
469,190,1
470,190,1
471,190,1
472,191,1
473,191,1
474,191,1
475,191,1
476,191,1
477,191,1
478,191,1
479,191,1
480,191,1
481,191,1
482,191,1
483,191,1
484,191,1
485,191,1
486,191,1
487,191,1
488,191,1
489,191,1
490,191,1
491,191,1
492,191,1
493,191,1
494,191,1
495,191,1
496,191,1
497,191,1
498,191,1
499,192,1
500,192,1
501,192,1
502,192,1
503,192,1
504,192,1
505,192,1
506,192,1
507,192,1
508,192,1
509,192,1
510,192,1
511,192,1
512,192,1
513,192,1
514,192,1
515,192,1
516,192,1
517,192,1
518,192,1
519,192,1
520,192,1
521,192,1
522,192,1
523,192,1
524,193,1
525,193,1
526,193,1
527,193,1
528,193,1
529,193,1
530,193,1
531,193,1
532,193,1
533,193,1
534,193,1
535,193,1
536,193,1
537,193,1
538,193,1
539,193,1
540,193,1
541,194,1
542,194,1
543,194,1
544,194,1
545,194,1
546,194,1
547,194,1
548,194,1
549,194,1
550,194,1
551,194,1
552,195,1
553,195,1
554,195,1
555,195,1
556,195,1
557,195,1
558,195,1
559,195,1
560,195,1
561,195,1
562,196,1
563,196,1
564,196,1
565,196,1
566,196,1
567,196,1
568,196,1
569,196,1
570,196,1
571,196,1
572,196,1
573,197,1
574,197,1
575,197,1
576,197,1
577,197,1
578,197,1
579,197,1
580,197,1
581,197,1
582,197,1
583,197,1
584,197,1
585,197,1
586,197,1
587,197,1
588,198,1
589,198,1
590,198,1
591,198,1
592,198,1
593,198,1
594,198,1
595,198,1
596,198,1
597,198,1
598,198,1
599,198,1
600,198,1
601,198,1
602,198,1
603,198,1
604,199,1
605,199,1
606,199,1
607,199,1
608,199,1
609,199,1
610,199,1
611,199,1
612,199,1
613,199,1
614,199,1
615,199,1
616,199,1
617,199,1
618,199,1
619,199,1
620,199,1
621,200,1
622,200,1
623,200,1
624,200,1
625,200,1
626,200,1
627,200,1
628,200,1
629,200,1
630,200,1
631,200,1
632,200,1
633,200,1
634,200,1
635,200,1
636,200,1
637,200,1
638,200,1
639,200,1
640,200,1
641,200,1
642,200,1
643,200,1
644,200,1
645,200,1
646,201,1
647,201,1
648,201,1
649,201,1
650,201,1
651,201,1
652,201,1
653,201,1
654,201,1
655,201,1
656,201,1
657,201,1
658,201,1
659,201,1
660,201,1
661,201,1
662,201,1
663,201,1
664,201,1
665,201,1
666,201,1
667,201,1
668,201,1
669,201,1
670,201,1
671,201,1
672,201,1
673,201,1
674,201,1
675,202,1
676,202,1
677,202,1
678,202,1
679,202,1
680,202,1
681,202,1
682,202,1
683,202,1
684,202,1
685,202,1
686,202,1
687,202,1
688,202,1
689,202,1
690,202,1
691,202,1
692,202,1
693,202,1
694,202,1
695,202,1
696,202,1
697,202,1
698,202,1
699,202,1
700,202,1
701,202,1
702,203,1
703,203,1
704,203,1
705,203,1
706,203,1
707,203,1
708,203,1
709,203,1
710,203,1
711,203,1
712,203,1
713,203,1
714,203,1
715,203,1
716,203,1
717,203,1
718,203,1
719,203,1
720,203,1
721,203,1
722,203,1
723,203,1
724,203,1
725,203,1
726,204,1
727,204,1
728,204,1
729,204,1
730,204,1
731,204,1
732,204,1
733,204,1
734,204,1
735,204,1
736,204,1
737,204,1
738,204,1
739,204,1
740,204,1
741,204,1
742,205,1
743,205,1
744,205,1
745,205,1
746,205,1
747,205,1
748,205,1
749,205,1
750,205,1
751,205,1
752,205,1
753,205,1
754,205,1
755,205,1
756,206,1
757,206,1
758,206,1
759,206,1
760,206,1
761,206,1
762,206,1
763,206,1
764,206,1
765,206,1
766,206,1
767,206,1
768,206,1
769,206,1
770,206,1
771,206,1
772,207,1
773,207,1
774,207,1
775,207,1
776,207,1
777,207,1
778,207,1
779,207,1
780,207,1
781,207,1
782,207,1
783,207,1
784,207,1
785,207,1
786,207,1
787,207,1
788,207,1
789,207,1
790,207,1
791,208,1
792,208,1
793,208,1
794,208,1
795,208,1
796,208,1
797,208,1
798,208,1
799,208,1
800,208,1
801,208,1
802,208,1
803,208,1
804,208,1
805,208,1
806,208,1
807,208,1
808,208,1
809,209,1
810,209,1
811,209,1
812,209,1
813,209,1
814,209,1
815,209,1
816,209,1
817,209,1
818,209,1
819,209,1
820,209,1
821,209,1
822,209,1
823,209,1
824,209,1
825,209,1
826,210,1
827,210,1
828,210,1
829,210,1
830,210,1
831,210,1
832,210,1
833,210,1
834,210,1
835,210,1
836,210,1
837,210,1
838,210,1
839,210,1
840,210,1
841,210,1
842,211,1
843,211,1
844,211,1
845,211,1
846,211,1
847,211,1
848,211,1
849,211,1
850,211,1
851,211,1
852,211,1
853,211,1
854,211,1
855,211,1
856,211,1
857,211,1
858,211,1
859,212,1
860,212,1
861,212,1
862,212,1
863,212,1
864,212,1
865,212,1
866,212,1
867,212,1
868,212,1
869,212,1
870,212,1
871,212,1
872,212,1
873,212,1
874,212,1
875,213,1
876,213,1
877,213,1
878,213,1
879,213,1
880,213,1
881,213,1
882,213,1
883,213,1
884,213,1
885,213,1
886,213,1
887,213,1
888,213,1
889,213,1
890,213,1
891,214,1
892,214,1
893,214,1
894,214,1
895,214,1
896,214,1
897,214,1
898,214,1
899,214,1
900,214,1
901,214,1
902,214,1
903,214,1
904,214,1
905,214,1
906,215,1
907,215,1
908,215,1
909,215,1
910,215,1
911,215,1
912,215,1
913,215,1
914,215,1
915,215,1
916,215,1
917,215,1
918,215,1
919,215,1
920,215,1
921,215,1
922,215,1
923,215,1
924,215,1
925,216,1
926,216,1
927,216,1
928,216,1
929,216,1
930,216,1
931,216,1
932,216,1
933,216,1
934,216,1
935,216,1
936,216,1
937,216,1
938,216,1
939,216,1
940,216,1
941,216,1
942,216,1
943,216,1
944,216,1
945,216,1
946,216,1
946,216,0
