325,272,1
326,273,1
326,274,1
326,273,1
325,273,1
325,272,1
324,272,1
324,271,1
323,270,1
322,269,1
321,268,1
320,268,1
320,267,1
319,267,1
318,266,1
318,265,1
317,265,1
316,264,1
315,263,1
314,263,1
314,262,1
313,262,1
312,261,1
311,261,1
310,260,1
309,260,1
308,259,1
307,259,1
306,258,1
305,257,1
304,257,1
303,257,1
302,256,1
301,256,1
300,256,1
299,255,1
298,255,1
297,255,1
296,254,1
295,254,1
294,254,1
293,254,1
292,254,1
291,254,1
291,253,1
290,253,1
289,253,1
288,253,1
287,253,1
286,253,1
285,253,1
284,253,1
283,254,1
282,254,1
281,254,1
280,254,1
279,254,1
278,254,1
277,255,1
276,255,1
275,255,1
274,255,1
273,256,1
272,256,1
271,257,1
270,257,1
269,257,1
268,258,1
267,258,1
266,258,1
265,259,1
264,259,1
263,260,1
262,261,1
261,261,1
260,261,1
259,262,1
258,263,1
257,264,1
256,264,1
255,265,1
254,265,1
253,266,1
253,267,1
252,267,1
251,268,1
250,269,1
249,270,1
248,271,1
248,272,1
247,272,1
246,273,1
246,274,1
245,275,1
244,275,1
244,276,1
243,277,1
243,278,1
242,279,1
241,280,1
240,281,1
240,282,1
240,283,1
239,284,1
239,285,1
238,286,1
238,287,1
237,288,1
237,289,1
237,290,1
237,291,1
236,292,1
236,293,1
236,294,1
236,295,1
236,296,1
236,297,1
235,298,1
235,299,1
235,300,1
235,301,1
235,302,1
235,303,1
235,304,1
235,305,1
235,306,1
236,306,1
236,307,1
236,308,1
236,309,1
236,310,1
236,311,1
236,312,1
237,313,1
237,314,1
237,315,1
237,316,1
238,317,1
238,318,1
238,319,1
239,320,1
239,321,1
240,321,1
240,322,1
240,323,1
241,324,1
241,325,1
242,326,1
242,327,1
243,328,1
244,329,1
245,330,1
245,331,1
246,332,1
246,333,1
247,333,1
248,334,1
248,335,1
249,336,1
250,337,1
251,338,1
252,339,1
253,340,1
254,341,1
255,342,1
256,342,1
257,343,1
257,344,1
258,344,1
259,345,1
260,345,1
261,346,1
262,346,1
262,347,1
263,348,1
264,348,1
265,349,1
266,349,1
267,350,1
268,350,1
269,350,1
269,351,1
270,351,1
271,352,1
272,352,1
273,352,1
274,353,1
275,353,1
276,353,1
277,353,1
277,354,1
278,354,1
279,354,1
280,354,1
281,355,1
282,355,1
283,355,1
284,355,1
285,355,1
286,355,1
287,355,1
288,355,1
289,355,1
290,355,1
291,355,1
292,355,1
293,355,1
294,355,1
295,354,1
296,354,1
297,354,1
298,354,1
299,354,1
300,354,1
301,353,1
302,353,1
303,353,1
304,353,1
305,353,1
306,353,1
307,353,1
308,353,1
309,353,1
310,354,1
311,354,1
312,354,1
312,355,1
313,355,1
314,355,1
314,356,1
315,356,1
315,357,1
316,357,1
316,358,1
317,359,1
317,360,1
318,361,1
319,362,1
319,363,1
319,364,1
319,365,1
319,366,1
320,366,1
320,367,1
320,368,1
320,369,1
320,370,1
321,371,1
321,372,1
321,373,1
321,374,1
322,375,1
322,376,1
322,377,1
322,378,1
322,379,1
323,380,1
323,381,1
323,382,1
323,383,1
323,384,1
324,385,1
324,386,1
324,387,1
324,388,1
324,389,1
324,390,1
325,391,1
325,392,1
325,393,1
325,394,1
325,395,1
325,396,1
324,396,1
324,396,0
256,366,0
277,205,1
277,204,1
277,203,1
276,202,1
276,201,1
275,200,1
275,199,1
274,198,1
273,198,1
273,197,1
272,196,1
271,195,1
270,195,1
270,194,1
269,193,1
268,192,1
267,192,1
267,191,1
266,190,1
265,190,1
264,189,1
263,189,1
262,188,1
261,187,1
260,186,1
259,186,1
258,185,1
257,185,1
256,184,1
255,184,1
254,183,1
253,183,1
252,183,1
252,182,1
251,182,1
250,181,1
249,181,1
248,181,1
247,180,1
246,180,1
245,180,1
245,179,1
244,179,1
243,179,1
242,178,1
241,178,1
240,178,1
239,178,1
238,177,1
237,177,1
236,177,1
235,176,1
234,176,1
233,176,1
232,176,1
231,176,1
230,176,1
229,176,1
228,176,1
228,175,1
227,175,1
226,175,1
225,175,1
224,175,1
223,175,1
222,175,1
221,175,1
220,175,1
219,176,1
218,176,1
217,176,1
216,176,1
215,176,1
214,176,1
213,176,1
212,176,1
211,177,1
210,177,1
209,177,1
208,177,1
207,178,1
206,178,1
205,178,1
204,179,1
203,179,1
202,179,1
201,179,1
201,180,1
200,180,1
199,180,1
198,181,1
197,181,1
196,181,1
196,182,1
195,182,1
194,183,1
193,183,1
192,183,1
191,184,1
190,185,1
189,185,1
188,186,1
187,186,1
187,187,1
186,188,1
185,188,1
184,189,1
183,190,1
182,190,1
181,191,1
181,192,1
180,192,1
179,193,1
179,194,1
178,194,1
177,195,1
177,196,1
176,196,1
176,197,1
175,198,1
174,199,1
173,200,1
173,201,1
172,202,1
171,203,1
170,204,1
170,205,1
169,206,1
169,207,1
168,208,1
168,209,1
167,210,1
167,211,1
166,211,1
166,212,1
166,213,1
165,214,1
165,215,1
164,216,1
164,217,1
164,218,1
163,218,1
163,219,1
163,220,1
163,221,1
162,222,1
162,223,1
162,224,1
162,225,1
162,226,1
161,227,1
161,228,1
161,229,1
161,230,1
161,231,1
160,232,1
160,233,1
160,234,1
160,235,1
160,236,1
160,237,1
160,238,1
160,239,1
160,240,1
159,241,1
159,242,1
159,243,1
159,244,1
159,245,1
159,246,1
159,247,1
159,248,1
159,249,1
159,250,1
159,251,1
158,252,1
158,253,1
158,254,1
158,255,1
158,256,1
158,257,1
158,258,1
158,259,1
158,260,1
158,261,1
158,262,1
158,263,1
158,264,1
158,265,1
158,266,1
158,267,1
158,268,1
158,269,1
158,270,1
158,271,1
158,272,1
158,273,1
158,274,1
158,275,1
158,276,1
158,277,1
158,278,1
158,279,1
158,280,1
158,281,1
158,282,1
158,283,1
158,284,1
158,285,1
158,286,1
158,287,1
158,288,1
158,289,1
158,290,1
159,291,1
159,292,1
159,293,1
159,294,1
159,295,1
159,296,1
159,297,1
159,298,1
159,299,1
159,300,1
159,301,1
159,302,1
159,303,1
159,304,1
159,305,1
159,306,1
159,307,1
160,308,1
160,309,1
160,310,1
160,311,1
160,312,1
160,313,1
160,314,1
160,315,1
160,316,1
160,317,1
160,318,1
160,319,1
161,320,1
161,321,1
161,322,1
161,323,1
161,324,1
161,325,1
161,326,1
161,327,1
161,328,1
161,329,1
161,330,1
161,331,1
161,332,1
161,333,1
161,334,1
161,335,1
161,336,1
161,337,1
161,338,1
161,339,1
162,339,1
162,340,1
162,341,1
162,342,1
162,343,1
162,344,1
162,345,1
162,346,1
162,347,1
162,348,1
162,349,1
163,350,1
163,351,1
163,352,1
163,353,1
163,354,1
163,355,1
163,356,1
163,357,1
164,358,1
164,359,1
164,360,1
164,361,1
164,362,1
164,363,1
164,364,1
164,365,1
165,366,1
165,367,1
165,368,1
165,369,1
165,370,1
165,371,1
166,372,1
166,373,1
166,374,1
166,375,1
166,376,1
167,376,1
167,377,1
167,378,1
167,379,1
168,380,1
168,381,1
168,382,1
169,383,1
170,384,1
171,384,1
172,384,1
278,314,0
384,242,1
385,242,1
386,243,1
387,244,1
387,245,1
388,245,1
388,246,1
388,247,1
388,248,1
388,249,1
388,250,1
388,251,1
388,252,1
388,253,1
388,254,1
388,255,1
388,256,1
388,257,1
388,258,1
388,259,1
387,260,1
387,261,1
387,262,1
387,263,1
387,264,1
386,265,1
386,266,1
386,267,1
386,268,1
386,269,1
385,270,1
385,271,1
385,272,1
385,273,1
385,274,1
384,275,1
384,276,1
384,277,1
384,278,1
384,279,1
384,280,1
384,281,1
384,282,1
384,283,1
383,283,1
383,284,1
383,285,1
383,286,1
383,287,1
383,288,1
383,289,1
383,290,1
383,291,1
383,292,1
383,293,1
383,294,1
383,295,1
383,296,1
383,297,1
383,298,1
383,299,1
383,300,1
383,301,1
383,302,1
383,303,1
384,303,1
384,304,1
384,305,1
384,306,1
384,307,1
385,308,1
385,309,1
385,310,1
386,311,1
386,312,1
387,313,1
387,314,1
388,315,1
388,316,1
389,316,1
390,317,1
390,318,1
391,319,1
392,320,1
393,320,1
393,321,1
394,322,1
395,322,1
396,323,1
397,323,1
398,324,1
399,324,1
399,325,1
400,325,1
401,325,1
402,325,1
403,326,1
404,326,1
405,326,1
406,326,1
407,326,1
408,326,1
409,326,1
410,326,1
411,326,1
412,326,1
413,326,1
414,325,1
415,325,1
416,325,1
417,324,1
418,324,1
419,324,1
420,323,1
421,322,1
422,322,1
423,321,1
424,321,1
424,320,1
425,320,1
426,319,1
427,318,1
428,317,1
429,316,1
430,315,1
431,314,1
431,313,1
432,313,1
433,312,1
433,311,1
434,310,1
435,309,1
435,308,1
436,307,1
436,306,1
436,305,1
437,304,1
438,303,1
438,302,1
438,301,1
439,300,1
439,299,1
439,298,1
440,297,1
440,296,1
440,295,1
440,294,1
441,293,1
441,292,1
441,291,1
441,290,1
441,289,1
442,288,1
442,287,1
442,286,1
442,285,1
442,284,1
442,283,1
442,282,1
442,281,1
443,280,1
443,279,1
443,278,1
443,277,1
443,276,1
443,275,1
443,274,1
443,273,1
443,272,1
443,271,1
443,270,1
442,270,1
442,269,1
442,270,1
442,271,1
443,272,1
443,273,1
443,274,1
443,275,1
443,276,1
443,277,1
443,278,1
443,279,1
444,280,1
444,281,1
444,282,1
444,283,1
444,284,1
445,285,1
445,286,1
445,287,1
445,288,1
445,289,1
445,290,1
446,291,1
446,292,1
446,293,1
446,294,1
447,294,1
447,295,1
447,296,1
447,297,1
447,298,1
448,299,1
448,300,1
448,301,1
448,302,1
449,303,1
449,304,1
449,305,1
449,306,1
450,306,1
450,307,1
450,308,1
450,309,1
451,310,1
451,311,1
451,312,1
451,313,1
452,314,1
452,315,1
452,316,1
453,317,1
453,318,1
453,319,1
454,320,1
454,321,1
455,322,1
455,323,1
455,324,1
456,325,1
456,326,1
457,327,1
458,328,1
458,329,1
459,330,1
459,331,1
459,332,1
460,333,1
461,334,1
461,335,1
462,336,1
463,337,1
464,338,1
465,339,1
466,339,1
493,313,0
523,284,1
523,285,1
524,286,1
524,287,1
524,288,1
524,289,1
525,290,1
525,291,1
525,292,1
526,293,1
526,294,1
526,295,1
526,296,1
527,297,1
527,298,1
527,299,1
527,300,1
528,301,1
528,302,1
528,303,1
528,304,1
529,305,1
529,306,1
529,307,1
529,308,1
530,309,1
530,310,1
530,311,1
530,312,1
530,313,1
530,314,1
531,315,1
531,316,1
531,317,1
532,318,1
532,319,1
532,320,1
532,321,1
532,322,1
532,323,1
533,324,1
533,325,1
533,326,1
533,327,1
533,328,1
534,328,1
534,329,1
534,330,1
534,331,1
534,332,1
534,333,1
534,334,1
534,335,1
534,336,1
534,337,1
534,338,1
534,339,1
534,340,1
534,341,1
534,342,1
534,343,1
534,344,1
534,345,1
533,345,1
532,345,1
532,344,1
532,344,0
489,198,0
654,294,1
654,295,1
655,296,1
655,297,1
655,298,1
655,299,1
655,300,1
655,301,1
655,302,1
655,303,1
655,304,1
654,305,1
654,306,1
654,307,1
654,308,1
654,309,1
653,310,1
653,311,1
653,312,1
653,313,1
652,314,1
652,315,1
651,316,1
651,317,1
650,318,1
650,319,1
649,320,1
649,321,1
648,322,1
648,323,1
647,324,1
646,325,1
645,326,1
644,327,1
644,328,1
643,329,1
642,330,1
642,331,1
641,331,1
640,332,1
640,333,1
639,333,1
638,334,1
637,335,1
636,335,1
636,336,1
635,336,1
634,337,1
633,337,1
632,337,1
632,338,1
631,338,1
630,339,1
629,339,1
628,339,1
627,339,1
627,340,1
626,340,1
625,340,1
624,340,1
623,340,1
622,340,1
621,340,1
620,340,1
619,340,1
618,340,1
617,339,1
617,338,1
618,338,1
619,337,1
620,337,1
621,336,1
622,336,1
623,336,1
624,336,1
625,336,1
626,336,1
627,336,1
628,336,1
629,336,1
630,336,1
631,336,1
632,336,1
633,336,1
634,336,1
635,336,1
636,337,1
637,337,1
638,337,1
639,337,1
640,337,1
641,338,1
642,338,1
643,338,1
644,338,1
645,338,1
646,339,1
647,339,1
648,339,1
649,339,1
650,340,1
651,340,1
652,340,1
653,341,1
654,341,1
655,341,1
656,341,1
657,341,1
658,342,1
659,342,1
660,342,1
661,342,1
661,343,1
662,343,1
663,343,1
664,344,1
665,344,1
666,344,1
667,344,1
668,345,1
669,345,1
670,345,1
671,345,1
672,345,1
689,331,0
709,312,1
709,313,1
710,314,1
710,315,1
710,316,1
711,317,1
711,318,1
712,319,1
712,320,1
712,321,1
713,322,1
713,323,1
714,324,1
714,325,1
714,326,1
715,327,1
715,328,1
715,329,1
716,330,1
716,331,1
717,332,1
717,333,1
717,334,1
717,335,1
718,336,1
718,337,1
718,338,1
719,339,1
719,340,1
720,341,1
720,342,1
720,343,1
721,344,1
721,345,1
721,346,1
722,347,1
722,348,1
722,349,1
722,350,1
723,350,1
723,351,1
723,352,1
724,353,1
724,354,1
724,355,1
725,356,1
725,357,1
725,358,1
725,359,1
725,360,1
726,361,1
749,368,0
768,378,1
769,378,1
770,379,1
771,379,1
772,379,1
773,380,1
774,380,1
775,380,1
776,380,1
777,381,1
778,381,1
779,381,1
780,381,1
781,381,1
782,382,1
783,382,1
784,382,1
785,382,1
786,383,1
787,383,1
788,383,1
789,383,1
790,383,1
791,384,1
792,384,1
793,384,1
794,384,1
795,384,1
796,385,1
797,385,1
798,385,1
799,385,1
800,385,1
801,385,1
802,386,1
803,386,1
804,386,1
805,386,1
806,386,1
807,386,1
808,386,1
809,386,1
810,386,1
811,386,1
812,386,1
813,386,1
814,386,1
815,386,1
815,385,1
815,384,1
814,384,1
813,383,1
584,296,0
348,207,1
349,207,1
350,207,1
351,207,1
352,207,1
353,207,1
354,207,1
355,207,1
356,207,1
357,207,1
358,207,1
359,207,1
360,207,1
361,207,1
361,206,1
362,206,1
363,206,1
364,206,1
365,206,1
366,206,1
367,206,1
368,206,1
369,206,1
370,206,1
371,206,1
372,206,1
373,206,1
374,206,1
375,206,1
376,206,1
377,206,1
378,206,1
379,206,1
380,206,1
381,206,1
382,206,1
383,206,1
384,206,1
385,206,1
386,206,1
387,206,1
388,206,1
389,206,1
390,206,1
391,206,1
392,206,1
393,206,1
394,206,1
395,206,1
396,206,1
397,206,1
398,206,1
399,206,1
400,206,1
401,206,1
402,206,1
403,206,1
404,206,1
405,206,1
406,206,1
407,206,1
408,206,1
409,206,1
410,206,1
411,206,1
412,206,1
413,206,1
414,206,1
415,206,1
416,206,1
417,206,1
418,206,1
419,206,1
420,206,1
421,206,1
422,206,1
423,206,1
424,206,1
425,206,1
426,206,1
427,206,1
428,206,1
429,206,1
430,206,1
431,206,1
432,206,1
433,206,1
434,206,1
435,206,1
436,206,1
437,206,1
438,206,1
439,206,1
440,206,1
441,206,1
442,206,1
443,206,1
444,206,1
445,206,1
446,206,1
447,206,1
448,206,1
449,206,1
450,206,1
451,206,1
452,206,1
453,206,1
454,206,1
455,206,1
456,206,1
457,206,1
458,206,1
459,206,1
460,206,1
461,206,1
462,206,1
463,206,1
464,206,1
465,206,1
466,206,1
467,206,1
468,206,1
469,206,1
470,206,1
471,207,1
472,207,1
473,207,1
474,207,1
475,207,1
476,207,1
477,207,1
478,207,1
479,207,1
480,207,1
481,207,1
482,207,1
483,207,1
484,207,1
485,208,1
486,208,1
487,208,1
488,208,1
489,208,1
490,208,1
491,208,1
492,208,1
493,208,1
494,208,1
495,208,1
496,208,1
497,208,1
498,208,1
499,208,1
500,208,1
501,209,1
502,209,1
503,209,1
504,209,1
505,209,1
506,209,1
507,209,1
508,209,1
509,209,1
510,209,1
511,209,1
512,209,1
513,209,1
514,209,1
515,209,1
516,209,1
517,210,1
518,210,1
519,210,1
520,210,1
521,210,1
522,210,1
523,210,1
524,210,1
525,210,1
526,210,1
527,210,1
528,210,1
529,210,1
530,211,1
531,211,1
532,211,1
533,211,1
534,211,1
535,211,1
536,211,1
537,211,1
538,211,1
539,211,1
540,211,1
541,212,1
542,212,1
543,212,1
544,212,1
545,212,1
546,212,1
547,212,1
548,212,1
549,212,1
550,212,1
551,213,1
552,213,1
553,213,1
554,213,1
555,213,1
556,213,1
557,213,1
558,213,1
559,213,1
560,213,1
561,214,1
562,214,1
563,214,1
564,214,1
565,214,1
566,214,1
567,214,1
568,214,1
569,214,1
570,215,1
571,215,1
572,215,1
573,215,1
574,215,1
575,215,1
576,215,1
577,215,1
578,216,1
579,216,1
580,216,1
581,216,1
582,216,1
583,216,1
584,216,1
585,216,1
586,216,1
587,216,1
588,217,1
589,217,1
590,217,1
591,217,1
592,217,1
593,217,1
594,217,1
595,217,1
596,217,1
597,217,1
598,217,1
599,217,1
600,217,1
601,218,1
602,218,1
603,218,1
604,218,1
605,218,1
606,218,1
607,218,1
608,218,1
609,218,1
610,218,1
611,219,1
612,219,1
613,219,1
614,219,1
615,219,1
616,219,1
617,219,1
618,219,1
619,220,1
620,220,1
621,220,1
622,220,1
623,220,1
624,220,1
625,220,1
626,220,1
627,221,1
628,221,1
629,221,1
630,221,1
631,221,1
632,221,1
633,221,1
634,221,1
635,222,1
636,222,1
637,222,1
638,222,1
639,222,1
640,222,1
641,222,1
642,223,1
643,223,1
644,223,1
645,223,1
646,223,1
647,223,1
648,223,1
649,223,1
650,223,1
650,224,1
651,224,1
652,224,1
653,224,1
654,224,1
655,224,1
656,224,1
657,224,1
658,225,1
659,225,1
660,225,1
661,225,1
662,225,1
663,225,1
664,225,1
665,226,1
666,226,1
667,226,1
668,226,1
669,226,1
670,226,1
671,226,1
672,226,1
673,227,1
674,227,1
675,227,1
676,227,1
677,227,1
678,227,1
679,227,1
680,227,1
681,227,1
682,227,1
683,228,1
684,228,1
685,228,1
686,228,1
687,228,1
688,228,1
689,228,1
690,228,1
691,228,1
692,228,1
693,228,1
694,228,1
694,229,1
695,229,1
696,229,1
697,229,1
698,229,1
699,229,1
700,229,1
701,229,1
702,229,1
703,229,1
704,229,1
705,230,1
706,230,1
707,230,1
708,230,1
709,230,1
710,230,1
711,230,1
712,230,1
713,231,1
714,231,1
715,231,1
716,231,1
717,231,1
718,231,1
719,231,1
720,231,1
721,232,1
722,232,1
723,232,1
724,232,1
725,232,1
726,232,1
727,232,1
728,232,1
729,233,1
730,233,1
731,233,1
732,233,1
733,233,1
734,233,1
735,233,1
736,233,1
737,233,1
738,234,1
739,234,1
740,234,1
741,234,1
742,234,1
743,234,1
744,234,1
745,234,1
746,235,1
747,235,1
748,235,1
749,235,1
750,235,1
751,235,1
752,235,1
753,235,1
754,236,1
755,236,1
756,236,1
757,236,1
758,236,1
759,236,1
760,236,1
761,236,1
762,236,1
763,237,1
764,237,1
765,237,1
766,237,1
767,237,1
768,237,1
769,237,1
770,237,1
771,237,1
772,237,1
772,238,1
773,238,1
774,238,1
775,238,1
776,238,1
777,238,1
778,238,1
779,238,1
780,238,1
781,238,1
782,238,1
783,239,1
784,239,1
785,239,1
786,239,1
787,239,1
788,239,1
789,239,1
790,239,1
791,239,1
792,239,1
793,239,1
794,239,1
795,239,1
796,239,1
797,239,1
798,239,1
799,239,1
800,239,1
801,239,1
802,239,1
803,240,1
804,240,1
805,240,1
806,240,1
807,240,1
808,240,1
809,240,1
810,240,1
811,240,1
812,240,1
813,240,1
814,240,1
815,240,1
816,241,1
817,241,1
818,241,1
819,241,1
820,241,1
821,241,1
822,241,1
822,241,0
