500,411,1
500,412,1
500,413,1
500,414,1
501,415,1
501,416,1
501,417,1
500,417,1
499,417,1
498,417,1
498,416,1
497,416,1
496,415,1
495,415,1
494,415,1
493,414,1
492,414,1
491,414,1
490,414,1
489,414,1
488,413,1
487,413,1
486,412,1
485,412,1
484,412,1
483,411,1
482,411,1
481,411,1
481,410,1
480,410,1
479,410,1
478,410,1
477,409,1
476,409,1
475,409,1
474,409,1
473,408,1
472,408,1
471,408,1
470,408,1
469,408,1
468,408,1
467,407,1
466,407,1
465,407,1
464,407,1
463,407,1
462,407,1
461,407,1
460,407,1
459,407,1
458,407,1
457,407,1
456,407,1
455,407,1
454,407,1
453,407,1
452,407,1
451,407,1
450,407,1
449,407,1
448,407,1
447,407,1
446,407,1
445,407,1
444,408,1
443,408,1
442,408,1
441,408,1
440,408,1
439,409,1
438,409,1
437,409,1
436,410,1
435,410,1
434,410,1
433,410,1
432,411,1
431,411,1
430,411,1
429,412,1
428,412,1
427,413,1
426,413,1
425,414,1
424,414,1
423,415,1
422,415,1
421,416,1
420,416,1
419,417,1
418,418,1
417,418,1
416,419,1
415,419,1
414,420,1
413,421,1
412,421,1
411,422,1
410,423,1
409,424,1
408,424,1
407,425,1
406,426,1
405,427,1
404,428,1
403,428,1
402,429,1
402,430,1
401,430,1
400,431,1
400,432,1
399,433,1
398,433,1
398,434,1
397,435,1
396,436,1
395,436,1
395,437,1
394,438,1
393,438,1
393,439,1
392,440,1
392,441,1
391,442,1
390,442,1
390,443,1
389,444,1
389,445,1
388,445,1
388,446,1
387,447,1
387,448,1
386,449,1
385,450,1
385,451,1
384,452,1
384,453,1
383,454,1
382,455,1
382,456,1
382,457,1
381,458,1
381,459,1
380,460,1
380,461,1
379,462,1
379,463,1
379,464,1
379,465,1
378,466,1
378,467,1
378,468,1
378,469,1
377,469,1
377,470,1
377,471,1
377,472,1
377,473,1
376,474,1
376,475,1
376,476,1
376,477,1
376,478,1
376,479,1
376,480,1
376,481,1
376,482,1
376,483,1
376,484,1
376,485,1
376,486,1
376,487,1
376,488,1
376,489,1
376,490,1
376,491,1
376,492,1
376,493,1
376,494,1
377,495,1
377,496,1
377,497,1
377,498,1
378,499,1
378,500,1
378,501,1
379,502,1
379,503,1
379,504,1
380,505,1
380,506,1
380,507,1
381,508,1
381,509,1
382,510,1
383,511,1
383,512,1
384,513,1
384,514,1
385,515,1
386,516,1
386,517,1
387,518,1
388,519,1
389,520,1
389,521,1
390,521,1
391,522,1
391,523,1
392,523,1
393,524,1
394,524,1
394,525,1
395,526,1
396,526,1
397,527,1
398,528,1
399,528,1
400,529,1
401,529,1
402,530,1
403,530,1
404,531,1
405,531,1
406,531,1
407,532,1
408,532,1
409,533,1
410,533,1
411,533,1
412,534,1
413,534,1
414,534,1
415,534,1
416,534,1
417,535,1
418,535,1
419,535,1
420,535,1
421,535,1
422,536,1
423,536,1
424,536,1
425,536,1
426,537,1
427,537,1
428,537,1
429,537,1
430,537,1
431,537,1
432,538,1
433,538,1
434,538,1
435,538,1
436,539,1
437,539,1
438,539,1
439,540,1
440,540,1
441,541,1
442,541,1
443,542,1
444,542,1
445,543,1
446,544,1
447,544,1
447,545,1
448,546,1
449,547,1
450,547,1
450,548,1
451,549,1
452,550,1
452,551,1
452,552,1
453,552,1
453,553,1
454,554,1
454,555,1
454,556,1
455,556,1
455,557,1
455,558,1
456,559,1
456,560,1
456,561,1
456,562,1
457,563,1
457,564,1
457,565,1
458,566,1
458,567,1
458,568,1
458,569,1
459,570,1
459,571,1
459,572,1
459,573,1
459,574,1
459,575,1
460,576,1
460,577,1
460,578,1
460,579,1
460,580,1
461,581,1
461,582,1
461,583,1
461,584,1
461,585,1
461,586,1
462,587,1
462,588,1
462,589,1
462,590,1
462,591,1
463,592,1
463,593,1
463,594,1
463,595,1
464,596,1
464,597,1
464,598,1
464,599,1
464,600,1
465,601,1
465,602,1
465,603,1
465,604,1
465,605,1
465,606,1
466,607,1
466,608,1
466,609,1
467,610,1
467,611,1
467,612,1
467,613,1
467,614,1
468,614,1
468,615,1
468,616,1
468,617,1
467,617,1
466,617,1
413,601,0
352,585,1
353,585,1
354,586,1
354,587,1
355,587,1
355,588,1
356,589,1
357,589,1
357,590,1
358,590,1
359,591,1
360,591,1
361,591,1
362,592,1
363,592,1
364,593,1
365,593,1
366,593,1
367,593,1
368,594,1
369,594,1
370,594,1
371,594,1
372,594,1
373,595,1
374,595,1
375,595,1
376,595,1
377,595,1
378,595,1
379,595,1
380,595,1
381,595,1
382,595,1
383,595,1
384,595,1
385,595,1
386,595,1
387,595,1
388,595,1
389,594,1
390,594,1
391,594,1
392,593,1
393,593,1
394,593,1
395,592,1
396,592,1
397,591,1
398,591,1
398,590,1
399,590,1
399,589,1
400,588,1
400,587,1
401,587,1
401,586,1
401,585,1
401,584,1
401,583,1
401,582,1
401,581,1
401,580,1
401,579,1
401,578,1
401,577,1
400,576,1
399,575,1
399,574,1
398,574,1
397,573,1
396,572,1
395,572,1
394,571,1
393,571,1
392,570,1
391,570,1
390,570,1
389,570,1
422,442,0
446,321,1
446,320,1
446,319,1
446,318,1
446,317,1
446,316,1
446,315,1
446,314,1
446,313,1
446,312,1
446,311,1
445,310,1
445,309,1
445,308,1
445,307,1
444,306,1
444,305,1
443,304,1
443,303,1
442,302,1
442,301,1
442,300,1
441,299,1
440,298,1
440,297,1
440,296,1
439,295,1
439,294,1
438,293,1
438,292,1
437,291,1
437,290,1
436,289,1
435,288,1
435,287,1
434,286,1
433,285,1
432,284,1
432,283,1
431,282,1
430,281,1
429,280,1
429,279,1
428,279,1
427,278,1
427,277,1
426,276,1
425,276,1
425,275,1
424,274,1
423,274,1
423,273,1
422,272,1
421,272,1
420,271,1
420,270,1
419,270,1
418,269,1
418,268,1
417,268,1
416,267,1
415,266,1
414,265,1
413,265,1
412,264,1
412,263,1
411,263,1
410,262,1
409,262,1
408,261,1
407,260,1
406,260,1
405,259,1
404,259,1
403,258,1
402,258,1
402,257,1
401,257,1
400,256,1
399,256,1
398,255,1
397,255,1
396,255,1
395,254,1
394,253,1
393,253,1
392,253,1
391,252,1
390,252,1
389,251,1
388,251,1
387,251,1
386,250,1
385,250,1
384,250,1
383,250,1
382,249,1
381,249,1
380,249,1
379,249,1
378,248,1
377,248,1
376,248,1
375,248,1
374,247,1
373,247,1
372,247,1
371,247,1
370,247,1
369,247,1
368,246,1
367,246,1
366,246,1
365,246,1
364,246,1
363,246,1
362,246,1
361,246,1
360,246,1
359,246,1
358,246,1
357,246,1
356,246,1
355,246,1
354,246,1
353,246,1
352,246,1
351,246,1
350,246,1
349,246,1
348,246,1
347,246,1
346,246,1
345,247,1
344,247,1
343,247,1
342,247,1
341,247,1
340,247,1
339,247,1
339,248,1
338,248,1
337,248,1
336,248,1
335,249,1
334,249,1
333,249,1
332,249,1
331,250,1
330,250,1
329,250,1
328,250,1
327,251,1
326,251,1
325,251,1
324,252,1
323,252,1
322,252,1
321,253,1
320,253,1
319,254,1
318,254,1
317,255,1
316,255,1
315,256,1
314,256,1
313,257,1
312,257,1
311,258,1
310,258,1
309,258,1
309,259,1
308,260,1
307,260,1
306,261,1
305,261,1
304,262,1
303,263,1
302,263,1
301,264,1
300,264,1
300,265,1
299,266,1
298,266,1
297,267,1
296,268,1
295,269,1
294,270,1
293,271,1
292,272,1
291,273,1
290,274,1
289,275,1
288,276,1
288,277,1
287,277,1
287,278,1
286,279,1
285,280,1
284,281,1
284,282,1
283,283,1
282,284,1
282,285,1
281,285,1
281,286,1
280,287,1
280,288,1
279,289,1
279,290,1
278,291,1
278,292,1
277,293,1
277,294,1
276,294,1
276,295,1
275,296,1
275,297,1
274,298,1
274,299,1
274,300,1
273,301,1
273,302,1
272,303,1
272,304,1
272,305,1
271,306,1
271,307,1
271,308,1
270,309,1
270,310,1
270,311,1
269,312,1
269,313,1
269,314,1
268,315,1
268,316,1
268,317,1
268,318,1
267,319,1
267,320,1
267,321,1
267,322,1
266,323,1
266,324,1
266,325,1
266,326,1
265,327,1
265,328,1
265,329,1
265,330,1
265,331,1
265,332,1
264,333,1
264,334,1
264,335,1
264,336,1
264,337,1
264,338,1
263,339,1
263,340,1
263,341,1
263,342,1
263,343,1
263,344,1
263,345,1
262,346,1
262,347,1
262,348,1
262,349,1
262,350,1
262,351,1
262,352,1
262,353,1
261,354,1
261,355,1
261,356,1
261,357,1
261,358,1
261,359,1
261,360,1
261,361,1
261,362,1
261,363,1
260,364,1
260,365,1
260,366,1
260,367,1
260,368,1
260,369,1
260,370,1
260,371,1
260,372,1
260,373,1
260,374,1
260,375,1
259,376,1
259,377,1
259,378,1
259,379,1
259,380,1
259,381,1
259,382,1
259,383,1
259,384,1
259,385,1
259,386,1
259,387,1
259,388,1
259,389,1
259,390,1
259,391,1
258,392,1
258,393,1
258,394,1
258,395,1
258,396,1
258,397,1
258,398,1
258,399,1
258,400,1
258,401,1
258,402,1
258,403,1
258,404,1
258,405,1
258,406,1
258,407,1
258,408,1
258,409,1
258,410,1
258,411,1
258,412,1
258,413,1
258,414,1
258,415,1
258,416,1
258,417,1
258,418,1
258,419,1
258,420,1
258,421,1
258,422,1
258,423,1
258,424,1
258,425,1
258,426,1
258,427,1
258,428,1
258,429,1
257,430,1
257,431,1
257,432,1
257,433,1
257,434,1
257,435,1
257,436,1
257,437,1
257,438,1
257,439,1
257,440,1
257,441,1
257,442,1
257,443,1
257,444,1
257,445,1
257,446,1
257,447,1
257,448,1
257,449,1
257,450,1
256,451,1
256,452,1
256,453,1
256,454,1
256,455,1
256,456,1
256,457,1
256,458,1
256,459,1
256,460,1
256,461,1
256,462,1
256,463,1
256,464,1
256,465,1
256,466,1
256,467,1
256,468,1
256,469,1
256,470,1
256,471,1
256,472,1
256,473,1
256,474,1
256,475,1
256,476,1
256,477,1
256,478,1
256,479,1
256,480,1
256,481,1
256,482,1
256,483,1
256,484,1
256,485,1
256,486,1
256,487,1
256,488,1
256,489,1
256,490,1
256,491,1
256,492,1
256,493,1
256,494,1
256,495,1
256,496,1
256,497,1
256,498,1
256,499,1
256,500,1
256,501,1
256,502,1
256,503,1
256,504,1
256,505,1
256,506,1
256,507,1
256,508,1
256,509,1
256,510,1
256,511,1
256,512,1
256,513,1
256,514,1
256,515,1
256,516,1
256,517,1
256,518,1
256,519,1
256,520,1
256,521,1
256,522,1
256,523,1
256,524,1
256,525,1
256,526,1
256,527,1
256,528,1
256,529,1
256,530,1
256,531,1
256,532,1
256,533,1
256,534,1
256,535,1
256,536,1
257,536,1
257,537,1
257,538,1
257,539,1
257,540,1
257,541,1
257,542,1
257,543,1
257,544,1
257,545,1
257,546,1
257,547,1
257,548,1
257,549,1
257,550,1
257,551,1
257,552,1
257,553,1
258,554,1
258,555,1
258,556,1
258,557,1
258,558,1
258,559,1
259,560,1
259,561,1
259,562,1
260,562,1
260,563,1
260,564,1
260,565,1
260,566,1
260,567,1
260,568,1
261,569,1
261,570,1
261,571,1
261,572,1
262,572,1
262,573,1
262,574,1
263,575,1
264,576,1
265,576,1
266,576,1
267,576,1
268,576,1
269,576,1
420,467,0
568,361,1
569,361,1
570,361,1
571,361,1
572,361,1
573,361,1
574,361,1
575,361,1
576,361,1
577,361,1
578,361,1
579,362,1
580,362,1
581,362,1
582,363,1
583,364,1
584,364,1
584,365,1
585,366,1
586,367,1
587,368,1
588,369,1
589,370,1
590,371,1
591,372,1
591,373,1
592,374,1
592,375,1
593,376,1
593,377,1
593,378,1
594,378,1
594,379,1
594,380,1
595,381,1
595,382,1
595,383,1
595,384,1
595,385,1
595,386,1
595,387,1
595,388,1
595,389,1
595,390,1
595,391,1
595,392,1
595,393,1
595,394,1
595,395,1
595,396,1
595,397,1
594,398,1
594,399,1
594,400,1
594,401,1
594,402,1
594,403,1
593,404,1
593,405,1
593,406,1
593,407,1
592,408,1
592,409,1
592,410,1
591,411,1
591,412,1
591,413,1
590,414,1
590,415,1
590,416,1
589,417,1
589,418,1
589,419,1
588,420,1
588,421,1
588,422,1
587,423,1
587,424,1
587,425,1
586,426,1
586,427,1
586,428,1
585,429,1
585,430,1
585,431,1
584,432,1
584,433,1
584,434,1
584,435,1
584,436,1
583,436,1
583,437,1
583,438,1
583,439,1
583,440,1
582,441,1
582,442,1
582,443,1
582,444,1
582,445,1
582,446,1
582,447,1
582,448,1
582,449,1
582,450,1
582,451,1
582,452,1
582,453,1
582,454,1
583,455,1
583,456,1
583,457,1
583,458,1
583,459,1
584,460,1
584,461,1
584,462,1
585,462,1
585,463,1
585,464,1
586,465,1
586,466,1
587,466,1
587,467,1
588,468,1
589,469,1
589,470,1
590,470,1
590,471,1
591,472,1
592,472,1
592,473,1
593,473,1
594,474,1
595,475,1
596,475,1
597,475,1
597,476,1
598,476,1
599,476,1
600,477,1
601,477,1
602,477,1
603,477,1
604,477,1
605,478,1
606,478,1
607,478,1
608,478,1
609,478,1
610,477,1
611,477,1
612,477,1
613,477,1
614,477,1
615,477,1
616,476,1
617,476,1
618,476,1
619,475,1
620,475,1
621,474,1
622,474,1
623,473,1
624,473,1
625,472,1
626,471,1
627,471,1
628,470,1
629,469,1
630,468,1
631,467,1
632,467,1
632,466,1
633,465,1
634,465,1
634,464,1
635,463,1
636,463,1
636,462,1
637,461,1
638,460,1
638,459,1
639,459,1
640,458,1
640,457,1
641,456,1
641,455,1
642,455,1
642,454,1
643,453,1
644,452,1
644,451,1
645,450,1
645,449,1
646,448,1
647,447,1
647,446,1
647,445,1
648,444,1
648,443,1
649,442,1
649,441,1
649,440,1
650,440,1
650,439,1
650,438,1
651,437,1
651,436,1
651,435,1
652,434,1
652,433,1
652,432,1
653,431,1
653,430,1
653,429,1
654,428,1
654,427,1
654,426,1
655,426,1
655,425,1
655,424,1
656,423,1
656,422,1
657,422,1
658,422,1
658,423,1
659,423,1
659,424,1
659,425,1
659,426,1
660,427,1
660,428,1
660,429,1
660,430,1
660,431,1
660,432,1
660,433,1
661,434,1
661,435,1
661,436,1
661,437,1
661,438,1
661,439,1
661,440,1
661,441,1
661,442,1
661,443,1
661,444,1
662,445,1
662,446,1
662,447,1
662,448,1
662,449,1
662,450,1
662,451,1
662,452,1
662,453,1
662,454,1
662,455,1
663,456,1
663,457,1
663,458,1
663,459,1
663,460,1
663,461,1
663,462,1
663,463,1
663,464,1
663,465,1
664,466,1
664,467,1
664,468,1
664,469,1
664,470,1
664,471,1
664,472,1
664,473,1
665,474,1
665,475,1
665,476,1
665,477,1
665,478,1
665,479,1
666,480,1
666,481,1
666,482,1
666,483,1
666,484,1
667,485,1
667,486,1
667,487,1
667,488,1
667,489,1
668,490,1
668,491,1
668,492,1
668,493,1
668,494,1
669,495,1
669,496,1
669,497,1
670,498,1
670,499,1
670,500,1
671,500,1
672,501,1
673,501,1
720,463,0
770,423,1
770,424,1
770,425,1
770,426,1
771,427,1
771,428,1
771,429,1
771,430,1
772,431,1
772,432,1
772,433,1
772,434,1
772,435,1
772,436,1
773,437,1
773,438,1
773,439,1
773,440,1
773,441,1
773,442,1
773,443,1
774,444,1
774,445,1
774,446,1
774,447,1
774,448,1
774,449,1
775,450,1
775,451,1
775,452,1
775,453,1
775,454,1
775,455,1
775,456,1
776,457,1
776,458,1
776,459,1
776,460,1
776,461,1
776,462,1
776,463,1
777,464,1
777,465,1
777,466,1
777,467,1
777,468,1
777,469,1
777,470,1
777,471,1
778,472,1
778,473,1
778,474,1
778,475,1
778,476,1
778,477,1
779,478,1
779,479,1
779,480,1
779,481,1
779,482,1
779,483,1
779,484,1
779,485,1
779,486,1
780,487,1
780,488,1
780,489,1
780,490,1
780,491,1
780,492,1
781,493,1
781,494,1
781,495,1
781,496,1
781,497,1
781,498,1
781,499,1
781,500,1
780,501,1
780,500,1
779,500,1
779,499,0
717,289,0
925,401,1
925,402,1
926,403,1
926,404,1
927,405,1
927,406,1
927,407,1
927,408,1
928,409,1
928,410,1
928,411,1
928,412,1
928,413,1
929,414,1
929,415,1
929,416,1
929,417,1
929,418,1
929,419,1
929,420,1
929,421,1
929,422,1
929,423,1
929,424,1
929,425,1
929,426,1
929,427,1
929,428,1
929,429,1
929,430,1
929,431,1
929,432,1
929,433,1
929,434,1
928,435,1
928,436,1
928,437,1
928,438,1
928,439,1
928,440,1
927,441,1
927,442,1
927,443,1
927,444,1
926,445,1
926,446,1
926,447,1
925,448,1
925,449,1
925,450,1
925,451,1
924,452,1
924,453,1
923,453,1
923,454,1
923,455,1
922,456,1
922,457,1
922,458,1
921,459,1
921,460,1
920,460,1
920,461,1
919,462,1
919,463,1
919,464,1
918,464,1
918,465,1
917,466,1
917,467,1
916,468,1
915,469,1
915,470,1
914,471,1
913,472,1
912,473,1
912,474,1
911,474,1
910,475,1
910,476,1
909,477,1
908,477,1
908,478,1
907,478,1
906,479,1
905,480,1
904,481,1
903,482,1
902,483,1
901,483,1
900,484,1
899,485,1
898,485,1
897,486,1
896,486,1
895,487,1
894,487,1
893,488,1
892,488,1
891,488,1
891,489,1
890,489,1
889,489,1
888,490,1
887,490,1
886,490,1
885,490,1
884,491,1
883,491,1
882,491,1
881,491,1
880,491,1
879,491,1
878,492,1
877,492,1
876,492,1
875,492,1
874,492,1
873,491,1
872,491,1
871,491,1
870,491,1
869,491,1
868,490,1
867,490,1
866,490,1
866,489,1
865,489,1
864,488,1
863,488,1
863,487,1
862,486,1
861,486,1
861,485,1
861,484,1
861,483,1
860,483,1
860,482,1
861,482,1
861,481,1
861,480,1
861,479,1
862,479,1
862,478,1
863,478,1
863,477,1
864,477,1
864,476,1
865,476,1
866,476,1
866,475,1
867,475,1
868,475,1
868,474,1
869,474,1
870,474,1
871,474,1
872,474,1
873,473,1
874,473,1
875,473,1
876,473,1
877,473,1
878,473,1
879,473,1
880,473,1
881,473,1
882,473,1
883,474,1
884,474,1
885,474,1
886,474,1
887,474,1
888,474,1
889,475,1
890,475,1
891,475,1
892,475,1
893,476,1
894,476,1
895,476,1
896,476,1
897,476,1
898,477,1
899,477,1
900,477,1
900,478,1
901,478,1
902,478,1
903,479,1
904,479,1
905,479,1
906,479,1
907,480,1
908,480,1
909,480,1
910,481,1
911,481,1
912,482,1
913,482,1
914,482,1
915,483,1
916,483,1
917,484,1
918,484,1
919,484,1
920,485,1
921,485,1
922,486,1
923,486,1
924,487,1
925,487,1
926,487,1
927,488,1
928,488,1
929,488,1
930,489,1
931,489,1
932,490,1
933,490,1
934,491,1
935,491,1
936,491,1
937,492,1
938,492,1
939,492,1
940,493,1
941,493,1
942,494,1
943,494,1
944,494,1
945,494,1
946,495,1
947,495,1
948,495,1
949,496,1
950,496,1
951,497,1
952,497,1
953,497,1
954,498,1
955,498,1
956,498,1
957,499,1
958,499,1
959,499,1
960,499,1
961,500,1
962,500,1
963,500,1
964,500,1
965,500,1
966,500,1
967,500,1
968,500,1
989,471,0
1020,432,1
1020,433,1
1020,434,1
1020,435,1
1020,436,1
1020,437,1
1020,438,1
1020,439,1
1020,440,1
1020,441,1
1021,442,1
1021,443,1
1021,444,1
1021,445,1
1021,446,1
1022,447,1
1022,448,1
1022,449,1
1022,450,1
1022,451,1
1023,452,1
1023,453,1
1023,454,1
1023,455,1
1023,456,1
1024,457,1
1024,458,1
1024,459,1
1024,460,1
1024,461,1
1025,462,1
1025,463,1
1025,464,1
1026,465,1
1026,466,1
1026,467,1
1026,468,1
1026,469,1
1027,470,1
1027,471,1
1027,472,1
1027,473,1
1028,474,1
1028,475,1
1028,476,1
1028,477,1
1028,478,1
1029,479,1
1029,480,1
1029,481,1
1029,482,1
1030,483,1
1030,484,1
1030,485,1
1030,486,1
1031,487,1
1031,488,1
1031,489,1
1031,490,1
1032,491,1
1032,492,1
1032,493,1
1032,494,1
1032,495,1
1033,496,1
1033,497,1
1033,498,1
1033,499,1
1032,499,1
1031,500,1
1021,520,0
1020,549,1
1019,549,1
1018,549,1
1017,549,1
1016,549,1
1015,549,1
1014,549,1
1013,549,1
1012,549,1
1011,548,1
1010,548,1
1009,547,1
1008,547,1
1008,546,1
1007,546,1
1006,545,1
1005,544,1
1005,543,1
1004,542,1
1004,541,1
1003,540,1
1002,539,1
1002,538,1
1001,537,1
1001,536,1
1000,535,1
1000,534,1
1000,533,1
1000,532,1
1000,531,1
1000,530,1
1000,529,1
1000,528,1
1001,527,1
1001,526,1
1001,525,1
1002,524,1
1002,523,1
1003,523,1
1003,522,1
1004,521,1
1005,520,1
1006,519,1
1007,518,1
1008,517,1
1009,517,1
1009,516,1
1010,516,1
1011,515,1
1012,515,1
1013,514,1
1014,514,1
1015,513,1
1016,513,1
1017,513,1
1018,513,1
1019,512,1
1020,512,1
1021,512,1
1022,512,1
1023,512,1
1024,511,1
1025,511,1
1026,511,1
1027,511,1
1028,511,1
1029,511,1
1030,511,1
1031,510,1
1032,510,1
1033,510,1
1034,510,1
1035,510,1
1036,510,1
1037,510,1
1038,510,1
1039,510,1
1040,510,1
1041,510,1
1042,510,1
1043,510,1
1044,510,1
1045,510,1
1046,510,1
1047,510,1
1048,510,1
1049,510,1
1050,510,1
1051,510,1
1052,510,1
1053,510,1
1054,510,1
1055,511,1
1056,511,1
1057,511,1
1058,511,1
1059,511,1
1060,511,1
1061,511,1
1062,511,1
1063,511,1
1064,511,1
1065,511,1
1066,511,1
1067,511,1
1068,512,1
1069,512,1
1070,512,1
1071,512,1
1072,512,1
1073,512,1
1074,512,1
1075,512,1
1076,512,1
1077,512,1
1078,512,1
1079,513,1
1080,513,1
1081,513,1
1082,513,1
1083,513,1
1084,513,1
1085,513,1
1086,513,1
1087,513,1
1088,513,1
1089,514,1
1090,514,1
1091,514,1
1092,514,1
1093,514,1
1094,514,1
1095,514,1
1096,514,1
1097,514,1
1098,514,1
1099,515,1
1100,515,1
1101,515,1
1102,515,1
1103,515,1
1104,515,1
1105,515,1
1106,515,1
1107,515,1
1108,515,1
1109,515,1
1110,516,1
1111,516,1
1112,516,1
1113,516,1
1114,516,1
1115,516,1
1116,516,1
1117,516,1
1118,516,1
1119,516,1
1120,516,1
1121,516,1
1122,516,1
1123,516,1
1124,516,1
1125,516,1
1126,516,1
1127,516,1
1128,516,1
1128,515,1
1127,514,1
1126,514,1
1125,514,1
1124,514,1
1124,513,1
819,411,0
501,307,1
502,307,1
503,307,1
504,307,1
505,307,1
506,307,1
507,307,1
508,307,1
509,307,1
510,306,1
511,306,1
512,306,1
513,306,1
514,306,1
515,306,1
516,306,1
517,306,1
518,306,1
519,306,1
520,306,1
521,306,1
522,306,1
523,306,1
524,306,1
525,306,1
526,306,1
527,306,1
528,306,1
529,306,1
530,306,1
531,306,1
532,306,1
533,306,1
534,306,1
535,306,1
536,306,1
537,306,1
538,306,1
539,306,1
540,306,1
541,306,1
542,306,1
543,306,1
544,306,1
545,306,1
546,306,1
547,306,1
548,306,1
549,306,1
550,306,1
551,306,1
552,306,1
553,306,1
554,306,1
555,306,1
556,306,1
557,306,1
558,306,1
559,306,1
560,306,1
561,306,1
562,306,1
563,306,1
564,306,1
565,306,1
566,306,1
567,306,1
568,306,1
569,306,1
570,306,1
571,306,1
572,306,1
573,306,1
574,306,1
575,306,1
576,306,1
577,306,1
578,306,1
579,306,1
580,306,1
581,306,1
582,306,1
583,306,1
584,306,1
585,306,1
586,306,1
587,306,1
588,306,1
589,306,1
590,306,1
591,306,1
592,306,1
593,306,1
594,306,1
595,306,1
596,306,1
597,306,1
598,306,1
599,306,1
600,306,1
601,306,1
602,306,1
603,306,1
604,306,1
605,306,1
606,306,1
607,306,1
608,306,1
609,306,1
610,306,1
611,306,1
612,306,1
613,306,1
614,306,1
615,306,1
616,306,1
617,306,1
618,306,1
619,306,1
620,306,1
621,306,1
622,306,1
623,306,1
624,306,1
625,306,1
626,306,1
627,306,1
628,306,1
629,306,1
630,306,1
631,306,1
632,306,1
633,306,1
634,306,1
635,306,1
636,306,1
637,306,1
638,306,1
639,306,1
640,306,1
641,306,1
642,306,1
643,306,1
644,306,1
645,306,1
646,306,1
647,306,1
648,306,1
649,306,1
650,306,1
651,306,1
652,306,1
653,306,1
654,306,1
655,306,1
656,306,1
657,306,1
658,306,1
659,307,1
660,307,1
661,307,1
662,307,1
663,307,1
664,307,1
665,307,1
666,307,1
667,307,1
668,307,1
669,307,1
670,307,1
671,307,1
672,307,1
673,307,1
674,307,1
675,307,1
676,307,1
677,307,1
678,307,1
679,307,1
680,307,1
681,307,1
682,307,1
683,307,1
684,307,1
685,307,1
686,307,1
687,307,1
688,307,1
689,307,1
690,307,1
691,307,1
692,307,1
693,307,1
694,307,1
695,307,1
696,308,1
697,308,1
698,308,1
699,308,1
700,308,1
701,308,1
702,308,1
703,308,1
704,308,1
705,308,1
706,308,1
707,308,1
708,308,1
709,308,1
710,308,1
711,308,1
712,308,1
713,308,1
714,308,1
715,308,1
716,309,1
717,309,1
718,309,1
719,309,1
720,309,1
721,309,1
722,309,1
723,309,1
724,309,1
725,309,1
726,309,1
727,309,1
728,309,1
729,309,1
730,309,1
731,309,1
732,309,1
733,309,1
734,310,1
735,310,1
736,310,1
737,310,1
738,310,1
739,310,1
740,310,1
741,310,1
742,310,1
743,310,1
744,310,1
745,310,1
746,310,1
747,310,1
748,310,1
749,310,1
750,310,1
751,310,1
752,311,1
753,311,1
754,311,1
755,311,1
756,311,1
757,311,1
758,311,1
759,311,1
760,311,1
761,311,1
762,311,1
763,311,1
764,311,1
765,311,1
766,311,1
767,311,1
768,312,1
769,312,1
770,312,1
771,312,1
772,312,1
773,312,1
774,312,1
775,312,1
776,312,1
777,312,1
778,312,1
779,312,1
780,312,1
781,312,1
782,312,1
783,312,1
784,312,1
785,313,1
786,313,1
787,313,1
788,313,1
789,313,1
790,313,1
791,313,1
792,313,1
793,313,1
794,313,1
795,313,1
796,313,1
797,313,1
798,313,1
799,313,1
800,313,1
801,313,1
802,313,1
803,314,1
804,314,1
805,314,1
806,314,1
807,314,1
808,314,1
809,314,1
810,314,1
811,314,1
812,314,1
813,314,1
814,314,1
815,314,1
816,314,1
817,314,1
818,314,1
819,314,1
820,314,1
821,314,1
822,314,1
823,314,1
824,314,1
825,315,1
826,315,1
827,315,1
828,315,1
829,315,1
830,315,1
831,315,1
832,315,1
833,315,1
834,315,1
835,315,1
836,315,1
837,315,1
838,315,1
839,315,1
840,316,1
841,316,1
842,316,1
843,316,1
844,316,1
845,316,1
846,316,1
847,316,1
848,316,1
849,316,1
850,316,1
851,316,1
852,316,1
853,316,1
854,317,1
855,317,1
856,317,1
857,317,1
858,317,1
859,317,1
860,317,1
861,317,1
862,317,1
863,317,1
864,317,1
865,317,1
866,317,1
867,318,1
868,318,1
869,318,1
870,318,1
871,318,1
872,318,1
873,318,1
874,318,1
875,318,1
876,318,1
877,318,1
878,318,1
879,318,1
880,319,1
881,319,1
882,319,1
883,319,1
884,319,1
885,319,1
886,319,1
887,319,1
888,319,1
889,319,1
890,319,1
891,319,1
892,320,1
893,320,1
894,320,1
895,320,1
896,320,1
897,320,1
898,320,1
899,320,1
900,320,1
901,320,1
902,320,1
903,320,1
904,320,1
905,321,1
906,321,1
907,321,1
908,321,1
909,321,1
910,321,1
911,321,1
912,321,1
913,321,1
914,321,1
915,321,1
916,321,1
917,321,1
918,322,1
919,322,1
920,322,1
921,322,1
922,322,1
923,322,1
924,322,1
925,322,1
926,322,1
927,322,1
928,322,1
929,322,1
930,322,1
931,322,1
932,322,1
933,323,1
934,323,1
935,323,1
936,323,1
937,323,1
938,323,1
939,323,1
940,323,1
941,323,1
942,323,1
943,323,1
944,323,1
945,323,1
946,323,1
947,323,1
948,323,1
949,323,1
950,323,1
951,323,1
952,324,1
953,324,1
954,324,1
955,324,1
956,324,1
957,324,1
958,324,1
959,324,1
960,324,1
961,324,1
962,324,1
963,324,1
964,324,1
965,324,1
966,324,1
967,324,1
968,324,1
969,324,1
970,324,1
971,324,1
972,324,1
973,324,1
974,324,1
975,324,1
976,324,1
977,324,1
978,324,1
979,324,1
980,324,1
981,324,1
982,324,1
983,324,1
984,324,1
985,324,1
986,324,1
987,324,1
988,324,1
989,324,1
990,324,1
991,324,1
992,324,1
993,324,1
994,324,1
995,324,1
996,325,1
997,325,1
998,325,1
999,325,1
1000,325,1
1001,325,1
1002,325,1
1003,325,1
1004,325,1
1005,325,1
1006,325,1
1007,325,1
1008,325,1
1009,325,1
1010,325,1
1011,325,1
1012,325,1
1013,325,1
1014,325,1
1015,325,1
1016,325,1
1017,325,1
1018,325,1
1019,325,1
1020,325,1
1021,325,1
1022,325,1
1023,325,1
1024,325,1
1025,325,1
1026,325,1
1027,325,1
1028,325,1
1029,325,1
1030,325,1
1031,325,1
1032,325,1
1033,325,1
1034,325,1
1035,325,1
1036,325,1
1037,325,1
1038,325,1
1039,325,1
1040,325,1
1041,325,1
1042,325,1
1043,325,1
1044,325,1
1045,325,1
1046,325,1
1047,325,1
1048,325,1
1049,325,1
1050,325,1
1051,325,1
1052,325,1
1053,325,1
1054,325,1
1055,325,1
1056,325,1
1057,326,1
1058,326,1
1059,326,1
1060,326,1
1061,326,1
1062,326,1
1063,326,1
1064,326,1
1065,326,1
1066,326,1
1067,326,1
1068,326,1
1069,326,1
1070,326,1
1071,326,1
1072,326,1
1073,326,1
1074,326,1
1075,326,1
1076,326,1
1077,326,1
1078,327,1
1079,327,1
1080,327,1
1081,327,1
1082,327,1
1083,327,1
1084,327,1
1085,327,1
1086,327,1
1087,327,1
1088,327,1
1089,327,1
1090,327,1
1091,327,1
1092,327,1
1093,327,1
1094,327,1
1095,327,1
1096,327,1
1097,327,1
1098,327,1
1099,327,1
1100,327,1
1101,327,1
1102,327,1
1103,327,1
1104,327,1
1105,327,1
1106,327,1
1107,327,1
1108,328,1
1107,328,1
1106,328,1
1106,328,0
